-10	-0.149025	1.47963e-05	-0.150441	0.000140846	-0.149025	1.47963e-05	-0.150441	0.000140846	
-9.98	-0.149472	1.52384e-05	-0.150899	0.00014279	-0.149472	1.52384e-05	-0.150899	0.00014279	
-9.96	-0.149923	1.56932e-05	-0.15136	0.000144765	-0.149923	1.56932e-05	-0.15136	0.000144765	
-9.94	-0.150376	1.61609e-05	-0.151824	0.000146772	-0.150376	1.61609e-05	-0.151824	0.000146772	
-9.92	-0.150832	1.66419e-05	-0.15229	0.000148811	-0.150832	1.66419e-05	-0.15229	0.000148811	
-9.9	-0.151291	1.71366e-05	-0.152759	0.000150882	-0.151291	1.71366e-05	-0.152759	0.000150882	
-9.88	-0.151752	1.76455e-05	-0.153232	0.000152987	-0.151752	1.76455e-05	-0.153232	0.000152987	
-9.86	-0.152217	1.8169e-05	-0.153707	0.000155125	-0.152217	1.8169e-05	-0.153707	0.000155125	
-9.84	-0.152684	1.87074e-05	-0.154185	0.000157298	-0.152684	1.87074e-05	-0.154185	0.000157298	
-9.82	-0.153154	1.92613e-05	-0.154666	0.000159506	-0.153154	1.92613e-05	-0.154666	0.000159506	
-9.8	-0.153627	1.98312e-05	-0.155151	0.00016175	-0.153627	1.98312e-05	-0.155151	0.00016175	
-9.78	-0.154103	2.04174e-05	-0.155638	0.00016403	-0.154103	2.04174e-05	-0.155638	0.00016403	
-9.76	-0.154582	2.10205e-05	-0.156128	0.000166347	-0.154582	2.10205e-05	-0.156128	0.000166347	
-9.74	-0.155064	2.1641e-05	-0.156622	0.000168702	-0.155064	2.1641e-05	-0.156622	0.000168702	
-9.72	-0.155549	2.22794e-05	-0.157118	0.000171096	-0.155549	2.22794e-05	-0.157118	0.000171096	
-9.7	-0.156037	2.29363e-05	-0.157618	0.000173528	-0.156037	2.29363e-05	-0.157618	0.000173528	
-9.68	-0.156529	2.36123e-05	-0.158121	0.000176001	-0.156529	2.36123e-05	-0.158121	0.000176001	
-9.66	-0.157023	2.43079e-05	-0.158627	0.000178514	-0.157023	2.43079e-05	-0.158627	0.000178514	
-9.64	-0.15752	2.50237e-05	-0.159137	0.000181068	-0.15752	2.50237e-05	-0.159137	0.000181068	
-9.62	-0.158021	2.57604e-05	-0.15965	0.000183665	-0.158021	2.57604e-05	-0.15965	0.000183665	
-9.6	-0.158525	2.65185e-05	-0.160166	0.000186305	-0.158525	2.65185e-05	-0.160166	0.000186305	
-9.58	-0.159032	2.72988e-05	-0.160685	0.000188989	-0.159032	2.72988e-05	-0.160685	0.000188989	
-9.56	-0.159543	2.81019e-05	-0.161208	0.000191717	-0.159543	2.81019e-05	-0.161208	0.000191717	
-9.54	-0.160056	2.89285e-05	-0.161735	0.000194491	-0.160056	2.89285e-05	-0.161735	0.000194491	
-9.52	-0.160573	2.97794e-05	-0.162264	0.000197311	-0.160573	2.97794e-05	-0.162264	0.000197311	
-9.5	-0.161094	3.06554e-05	-0.162798	0.000200178	-0.161094	3.06554e-05	-0.162798	0.000200178	
-9.48	-0.161618	3.15571e-05	-0.163335	0.000203094	-0.161618	3.15571e-05	-0.163335	0.000203094	
-9.46	-0.162145	3.24854e-05	-0.163875	0.000206059	-0.162145	3.24854e-05	-0.163875	0.000206059	
-9.44	-0.162676	3.34412e-05	-0.164419	0.000209073	-0.162676	3.34412e-05	-0.164419	0.000209073	
-9.42	-0.16321	3.44252e-05	-0.164967	0.000212139	-0.16321	3.44252e-05	-0.164967	0.000212139	
-9.4	-0.163748	3.54384e-05	-0.165518	0.000215257	-0.163748	3.54384e-05	-0.165518	0.000215257	
-9.38	-0.164289	3.64817e-05	-0.166073	0.000218428	-0.164289	3.64817e-05	-0.166073	0.000218428	
-9.36	-0.164834	3.7556e-05	-0.166632	0.000221653	-0.164834	3.7556e-05	-0.166632	0.000221653	
-9.34	-0.165383	3.86624e-05	-0.167194	0.000224933	-0.165383	3.86624e-05	-0.167194	0.000224933	
-9.32	-0.165935	3.98018e-05	-0.167761	0.000228269	-0.165935	3.98018e-05	-0.167761	0.000228269	
-9.3	-0.166491	4.09752e-05	-0.168331	0.000231662	-0.166491	4.09752e-05	-0.168331	0.000231662	
-9.28	-0.167051	4.21838e-05	-0.168905	0.000235114	-0.167051	4.21838e-05	-0.168905	0.000235114	
-9.26	-0.167615	4.34287e-05	-0.169483	0.000238625	-0.167615	4.34287e-05	-0.169483	0.000238625	
-9.24	-0.168182	4.4711e-05	-0.170065	0.000242198	-0.168182	4.4711e-05	-0.170065	0.000242198	
-9.22	-0.168754	4.60319e-05	-0.170651	0.000245832	-0.168754	4.60319e-05	-0.170651	0.000245832	
-9.2	-0.169329	4.73927e-05	-0.171241	0.000249529	-0.169329	4.73927e-05	-0.171241	0.000249529	
-9.18	-0.169909	4.87946e-05	-0.171836	0.00025329	-0.169909	4.87946e-05	-0.171836	0.00025329	
-9.16	-0.170492	5.02389e-05	-0.172434	0.000257118	-0.170492	5.02389e-05	-0.172434	0.000257118	
-9.14	-0.171079	5.17271e-05	-0.173037	0.000261012	-0.171079	5.17271e-05	-0.173037	0.000261012	
-9.12	-0.171671	5.32605e-05	-0.173644	0.000264975	-0.171671	5.32605e-05	-0.173644	0.000264975	
-9.1	-0.172266	5.48405e-05	-0.174255	0.000269007	-0.172266	5.48405e-05	-0.174255	0.000269007	
-9.08	-0.172866	5.64688e-05	-0.17487	0.00027311	-0.172866	5.64688e-05	-0.17487	0.00027311	
-9.06	-0.17347	5.81469e-05	-0.17549	0.000277286	-0.17347	5.81469e-05	-0.17549	0.000277286	
-9.04	-0.174078	5.98763e-05	-0.176115	0.000281537	-0.174078	5.98763e-05	-0.176115	0.000281537	
-9.02	-0.174691	6.16587e-05	-0.176744	0.000285862	-0.174691	6.16587e-05	-0.176744	0.000285862	
-9	-0.175308	6.3496e-05	-0.177377	0.000290265	-0.175308	6.3496e-05	-0.177377	0.000290265	
-8.98	-0.175929	6.53898e-05	-0.178015	0.000294746	-0.175929	6.53898e-05	-0.178015	0.000294746	
-8.96	-0.176555	6.7342e-05	-0.178657	0.000299308	-0.176555	6.7342e-05	-0.178657	0.000299308	
-8.94	-0.177185	6.93545e-05	-0.179305	0.000303951	-0.177185	6.93545e-05	-0.179305	0.000303951	
-8.92	-0.17782	7.14294e-05	-0.179956	0.000308678	-0.17782	7.14294e-05	-0.179956	0.000308678	
-8.9	-0.178459	7.35686e-05	-0.180613	0.00031349	-0.178459	7.35686e-05	-0.180613	0.00031349	
-8.88	-0.179104	7.57743e-05	-0.181275	0.000318389	-0.179104	7.57743e-05	-0.181275	0.000318389	
-8.86	-0.179752	7.80486e-05	-0.181941	0.000323378	-0.179752	7.80486e-05	-0.181941	0.000323378	
-8.84	-0.180406	8.03939e-05	-0.182612	0.000328456	-0.180406	8.03939e-05	-0.182612	0.000328456	
-8.82	-0.181064	8.28125e-05	-0.183289	0.000333628	-0.181064	8.28125e-05	-0.183289	0.000333628	
-8.8	-0.181728	8.53068e-05	-0.18397	0.000338893	-0.181728	8.53068e-05	-0.18397	0.000338893	
-8.78	-0.182396	8.78793e-05	-0.184657	0.000344256	-0.182396	8.78793e-05	-0.184657	0.000344256	
-8.76	-0.183069	9.05327e-05	-0.185348	0.000349716	-0.183069	9.05327e-05	-0.185348	0.000349716	
-8.74	-0.183747	9.32696e-05	-0.186045	0.000355278	-0.183747	9.32696e-05	-0.186045	0.000355278	
-8.72	-0.18443	9.60928e-05	-0.186747	0.000360942	-0.18443	9.60928e-05	-0.186747	0.000360942	
-8.7	-0.185119	9.90053e-05	-0.187455	0.00036671	-0.185119	9.90053e-05	-0.187455	0.00036671	
-8.68	-0.185812	0.00010201	-0.188168	0.000372586	-0.185812	0.00010201	-0.188168	0.000372586	
-8.66	-0.186511	0.00010511	-0.188886	0.000378571	-0.186511	0.00010511	-0.188886	0.000378571	
-8.64	-0.187215	0.000108308	-0.18961	0.000384668	-0.187215	0.000108308	-0.18961	0.000384668	
-8.62	-0.187925	0.000111608	-0.190339	0.000390878	-0.187925	0.000111608	-0.190339	0.000390878	
-8.6	-0.18864	0.000115014	-0.191075	0.000397205	-0.18864	0.000115014	-0.191075	0.000397205	
-8.58	-0.18936	0.000118528	-0.191815	0.000403651	-0.18936	0.000118528	-0.191815	0.000403651	
-8.56	-0.190087	0.000122155	-0.192562	0.000410218	-0.190087	0.000122155	-0.192562	0.000410218	
-8.54	-0.190818	0.000125898	-0.193315	0.00041691	-0.190818	0.000125898	-0.193315	0.00041691	
-8.52	-0.191556	0.000129761	-0.194073	0.000423728	-0.191556	0.000129761	-0.194073	0.000423728	
-8.5	-0.192299	0.000133748	-0.194837	0.000430676	-0.192299	0.000133748	-0.194837	0.000430676	
-8.48	-0.193048	0.000137864	-0.195608	0.000437756	-0.193048	0.000137864	-0.195608	0.000437756	
-8.46	-0.193803	0.000142113	-0.196384	0.000444971	-0.193803	0.000142113	-0.196384	0.000444971	
-8.44	-0.194564	0.000146499	-0.197167	0.000452324	-0.194564	0.000146499	-0.197167	0.000452324	
-8.42	-0.195331	0.000151027	-0.197956	0.000459818	-0.195331	0.000151027	-0.197956	0.000459818	
-8.4	-0.196104	0.000155702	-0.198752	0.000467457	-0.196104	0.000155702	-0.198752	0.000467457	
-8.38	-0.196883	0.000160528	-0.199554	0.000475242	-0.196883	0.000160528	-0.199554	0.000475242	
-8.36	-0.197669	0.000165512	-0.200362	0.000483179	-0.197669	0.000165512	-0.200362	0.000483179	
-8.34	-0.19846	0.000170659	-0.201177	0.000491269	-0.19846	0.000170659	-0.201177	0.000491269	
-8.32	-0.199259	0.000175973	-0.201999	0.000499516	-0.199259	0.000175973	-0.201999	0.000499516	
-8.3	-0.200063	0.000181461	-0.202827	0.000507925	-0.200063	0.000181461	-0.202827	0.000507925	
-8.28	-0.200875	0.000187129	-0.203662	0.000516497	-0.200875	0.000187129	-0.203662	0.000516497	
-8.26	-0.201693	0.000192982	-0.204505	0.000525238	-0.201693	0.000192982	-0.204505	0.000525238	
-8.24	-0.202518	0.000199028	-0.205354	0.000534151	-0.202518	0.000199028	-0.205354	0.000534151	
-8.22	-0.203349	0.000205272	-0.20621	0.000543239	-0.203349	0.000205272	-0.20621	0.000543239	
-8.2	-0.204188	0.000211722	-0.207074	0.000552506	-0.204188	0.000211722	-0.207074	0.000552506	
-8.18	-0.205033	0.000218385	-0.207945	0.000561957	-0.205033	0.000218385	-0.207945	0.000561957	
-8.16	-0.205886	0.000225268	-0.208823	0.000571596	-0.205886	0.000225268	-0.208823	0.000571596	
-8.14	-0.206746	0.000232378	-0.209708	0.000581427	-0.206746	0.000232378	-0.209708	0.000581427	
-8.12	-0.207613	0.000239723	-0.210601	0.000591454	-0.207613	0.000239723	-0.210601	0.000591454	
-8.1	-0.208487	0.000247312	-0.211502	0.000601682	-0.208487	0.000247312	-0.211502	0.000601682	
-8.08	-0.209369	0.000255152	-0.212411	0.000612115	-0.209369	0.000255152	-0.212411	0.000612115	
-8.06	-0.210258	0.000263253	-0.213327	0.000622758	-0.210258	0.000263253	-0.213327	0.000622758	
-8.04	-0.211155	0.000271622	-0.214252	0.000633616	-0.211155	0.000271622	-0.214252	0.000633616	
-8.02	-0.21206	0.000280271	-0.215184	0.000644693	-0.21206	0.000280271	-0.215184	0.000644693	
-8	-0.212972	0.000289207	-0.216125	0.000655996	-0.212972	0.000289207	-0.216125	0.000655996	
-7.98	-0.213893	0.00029844	-0.217074	0.000667528	-0.213893	0.00029844	-0.217074	0.000667528	
-7.96	-0.214821	0.000307982	-0.218031	0.000679296	-0.214821	0.000307982	-0.218031	0.000679296	
-7.94	-0.215758	0.000317842	-0.218997	0.000691304	-0.215758	0.000317842	-0.218997	0.000691304	
-7.92	-0.216703	0.000328032	-0.219971	0.000703558	-0.216703	0.000328032	-0.219971	0.000703558	
-7.9	-0.217656	0.000338562	-0.220954	0.000716065	-0.217656	0.000338562	-0.220954	0.000716065	
-7.88	-0.218617	0.000349443	-0.221946	0.00072883	-0.218617	0.000349443	-0.221946	0.00072883	
-7.86	-0.219588	0.000360689	-0.222947	0.000741858	-0.219588	0.000360689	-0.222947	0.000741858	
-7.84	-0.220567	0.000372311	-0.223957	0.000755156	-0.220567	0.000372311	-0.223957	0.000755156	
-7.82	-0.221554	0.000384322	-0.224977	0.000768731	-0.221554	0.000384322	-0.224977	0.000768731	
-7.8	-0.222551	0.000396735	-0.226005	0.000782589	-0.222551	0.000396735	-0.226005	0.000782589	
-7.78	-0.223557	0.000409564	-0.227043	0.000796737	-0.223557	0.000409564	-0.227043	0.000796737	
-7.76	-0.224571	0.000422822	-0.228091	0.000811181	-0.224571	0.000422822	-0.228091	0.000811181	
-7.74	-0.225595	0.000436524	-0.229148	0.000825929	-0.225595	0.000436524	-0.229148	0.000825929	
-7.72	-0.226629	0.000450685	-0.230215	0.000840988	-0.226629	0.000450685	-0.230215	0.000840988	
-7.7	-0.227672	0.000465319	-0.231292	0.000856364	-0.227672	0.000465319	-0.231292	0.000856364	
-7.68	-0.228725	0.000480444	-0.23238	0.000872067	-0.228725	0.000480444	-0.23238	0.000872067	
-7.66	-0.229787	0.000496074	-0.233477	0.000888103	-0.229787	0.000496074	-0.233477	0.000888103	
-7.64	-0.230859	0.000512226	-0.234585	0.000904481	-0.230859	0.000512226	-0.234585	0.000904481	
-7.62	-0.231942	0.000528918	-0.235704	0.000921209	-0.231942	0.000528918	-0.235704	0.000921209	
-7.6	-0.233034	0.000546167	-0.236833	0.000938295	-0.233034	0.000546167	-0.236833	0.000938295	
-7.58	-0.234137	0.000563992	-0.237973	0.000955748	-0.234137	0.000563992	-0.237973	0.000955748	
-7.56	-0.23525	0.00058241	-0.239124	0.000973577	-0.23525	0.00058241	-0.239124	0.000973577	
-7.54	-0.236374	0.000601441	-0.240287	0.000991791	-0.236374	0.000601441	-0.240287	0.000991791	
-7.52	-0.237509	0.000621104	-0.24146	0.0010104	-0.237509	0.000621104	-0.24146	0.0010104	
-7.5	-0.238655	0.00064142	-0.242646	0.00102941	-0.238655	0.00064142	-0.242646	0.00102941	
-7.48	-0.239811	0.000662409	-0.243843	0.00104884	-0.239811	0.000662409	-0.243843	0.00104884	
-7.46	-0.240979	0.000684093	-0.245051	0.00106869	-0.240979	0.000684093	-0.245051	0.00106869	
-7.44	-0.242158	0.000706493	-0.246272	0.00108898	-0.242158	0.000706493	-0.246272	0.00108898	
-7.42	-0.243349	0.00072963	-0.247505	0.00110971	-0.243349	0.00072963	-0.247505	0.00110971	
-7.4	-0.244551	0.000753529	-0.248751	0.00113089	-0.244551	0.000753529	-0.248751	0.00113089	
-7.38	-0.245766	0.000778212	-0.250009	0.00115255	-0.245766	0.000778212	-0.250009	0.00115255	
-7.36	-0.246992	0.000803702	-0.25128	0.00117468	-0.246992	0.000803702	-0.25128	0.00117468	
-7.34	-0.24823	0.000830025	-0.252563	0.00119731	-0.24823	0.000830025	-0.252563	0.00119731	
-7.32	-0.249481	0.000857204	-0.25386	0.00122044	-0.249481	0.000857204	-0.25386	0.00122044	
-7.3	-0.250744	0.000885266	-0.255171	0.00124409	-0.250744	0.000885266	-0.255171	0.00124409	
-7.28	-0.25202	0.000914234	-0.256495	0.00126826	-0.25202	0.000914234	-0.256495	0.00126826	
-7.26	-0.253309	0.000944137	-0.257832	0.00129298	-0.253309	0.000944137	-0.257832	0.00129298	
-7.24	-0.254611	0.000975	-0.259184	0.00131825	-0.254611	0.000975	-0.259184	0.00131825	
-7.22	-0.255926	0.00100685	-0.26055	0.0013441	-0.255926	0.00100685	-0.26055	0.0013441	
-7.2	-0.257255	0.00103972	-0.26193	0.00137053	-0.257255	0.00103972	-0.26193	0.00137053	
-7.18	-0.258597	0.00107363	-0.263325	0.00139756	-0.258597	0.00107363	-0.263325	0.00139756	
-7.16	-0.259953	0.0011086	-0.264735	0.0014252	-0.259953	0.0011086	-0.264735	0.0014252	
-7.14	-0.261323	0.00114468	-0.26616	0.00145348	-0.261323	0.00114468	-0.26616	0.00145348	
-7.12	-0.262708	0.00118189	-0.267601	0.0014824	-0.262708	0.00118189	-0.267601	0.0014824	
-7.1	-0.264106	0.00122026	-0.269057	0.00151199	-0.264106	0.00122026	-0.269057	0.00151199	
-7.08	-0.26552	0.00125981	-0.270529	0.00154225	-0.26552	0.00125981	-0.270529	0.00154225	
-7.06	-0.266948	0.00130058	-0.272017	0.00157322	-0.266948	0.00130058	-0.272017	0.00157322	
-7.04	-0.268391	0.0013426	-0.273522	0.0016049	-0.268391	0.0013426	-0.273522	0.0016049	
-7.02	-0.26985	0.0013859	-0.275043	0.00163732	-0.26985	0.0013859	-0.275043	0.00163732	
-7	-0.271324	0.0014305	-0.276581	0.00167049	-0.271324	0.0014305	-0.276581	0.00167049	
-6.98	-0.272814	0.00147644	-0.278137	0.00170443	-0.272814	0.00147644	-0.278137	0.00170443	
-6.96	-0.27432	0.00152375	-0.27971	0.00173917	-0.27432	0.00152375	-0.27971	0.00173917	
-6.94	-0.275842	0.00157246	-0.2813	0.00177473	-0.275842	0.00157246	-0.2813	0.00177473	
-6.92	-0.277381	0.0016226	-0.282909	0.00181112	-0.277381	0.0016226	-0.282909	0.00181112	
-6.9	-0.278936	0.0016742	-0.284537	0.00184837	-0.278936	0.0016742	-0.284537	0.00184837	
-6.88	-0.280508	0.00172728	-0.286183	0.0018865	-0.280508	0.00172728	-0.286183	0.0018865	
-6.86	-0.282098	0.00178189	-0.287848	0.00192553	-0.282098	0.00178189	-0.287848	0.00192553	
-6.84	-0.283705	0.00183804	-0.289533	0.00196549	-0.283705	0.00183804	-0.289533	0.00196549	
-6.82	-0.28533	0.00189577	-0.291237	0.00200641	-0.28533	0.00189577	-0.291237	0.00200641	
-6.8	-0.286972	0.00195511	-0.292961	0.0020483	-0.286972	0.00195511	-0.292961	0.0020483	
-6.78	-0.288634	0.00201608	-0.294706	0.0020912	-0.288634	0.00201608	-0.294706	0.0020912	
-6.76	-0.290313	0.00207872	-0.296472	0.00213513	-0.290313	0.00207872	-0.296472	0.00213513	
-6.74	-0.292012	0.00214304	-0.298259	0.00218013	-0.292012	0.00214304	-0.298259	0.00218013	
-6.72	-0.29373	0.00220908	-0.300067	0.0022262	-0.29373	0.00220908	-0.300067	0.0022262	
-6.7	-0.295467	0.00227687	-0.301898	0.0022734	-0.295467	0.00227687	-0.301898	0.0022734	
-6.68	-0.297224	0.00234641	-0.30375	0.00232175	-0.297224	0.00234641	-0.30375	0.00232175	
-6.66	-0.299001	0.00241776	-0.305626	0.00237127	-0.299001	0.00241776	-0.305626	0.00237127	
-6.64	-0.300799	0.00249091	-0.307524	0.002422	-0.300799	0.00249091	-0.307524	0.002422	
-6.62	-0.302618	0.0025659	-0.309446	0.00247398	-0.302618	0.0025659	-0.309446	0.00247398	
-6.6	-0.304457	0.00264276	-0.311392	0.00252724	-0.304457	0.00264276	-0.311392	0.00252724	
-6.58	-0.306318	0.00272149	-0.313363	0.00258181	-0.306318	0.00272149	-0.313363	0.00258181	
-6.56	-0.308201	0.00280212	-0.315359	0.00263773	-0.308201	0.00280212	-0.315359	0.00263773	
-6.54	-0.310107	0.00288467	-0.31738	0.00269504	-0.310107	0.00288467	-0.31738	0.00269504	
-6.52	-0.312034	0.00296915	-0.319426	0.00275377	-0.312034	0.00296915	-0.319426	0.00275377	
-6.5	-0.313985	0.00305559	-0.3215	0.00281397	-0.313985	0.00305559	-0.3215	0.00281397	
-6.48	-0.31596	0.00314399	-0.3236	0.00287567	-0.31596	0.00314399	-0.3236	0.00287567	
-6.46	-0.317958	0.00323437	-0.325727	0.00293892	-0.317958	0.00323437	-0.325727	0.00293892	
-6.44	-0.31998	0.00332674	-0.327883	0.00300376	-0.31998	0.00332674	-0.327883	0.00300376	
-6.42	-0.322027	0.00342112	-0.330067	0.00307024	-0.322027	0.00342112	-0.330067	0.00307024	
-6.4	-0.324099	0.00351752	-0.33228	0.00313839	-0.324099	0.00351752	-0.33228	0.00313839	
-6.38	-0.326196	0.00361594	-0.334522	0.00320828	-0.326196	0.00361594	-0.334522	0.00320828	
-6.36	-0.32832	0.0037164	-0.336795	0.00327994	-0.32832	0.0037164	-0.336795	0.00327994	
-6.34	-0.33047	0.00381889	-0.339099	0.00335344	-0.33047	0.00381889	-0.339099	0.00335344	
-6.32	-0.332647	0.00392344	-0.341434	0.00342881	-0.332647	0.00392344	-0.341434	0.00342881	
-6.3	-0.334852	0.00403004	-0.343801	0.00350612	-0.334852	0.00403004	-0.343801	0.00350612	
-6.28	-0.337085	0.0041387	-0.346201	0.00358541	-0.337085	0.0041387	-0.346201	0.00358541	
-6.26	-0.339347	0.00424943	-0.348634	0.00366676	-0.339347	0.00424943	-0.348634	0.00366676	
-6.24	-0.341637	0.00436222	-0.351102	0.00375021	-0.341637	0.00436222	-0.351102	0.00375021	
-6.22	-0.343958	0.00447709	-0.353604	0.00383582	-0.343958	0.00447709	-0.353604	0.00383582	
-6.2	-0.346309	0.00459403	-0.356142	0.00392366	-0.346309	0.00459403	-0.356142	0.00392366	
-6.18	-0.348691	0.00471305	-0.358716	0.0040138	-0.348691	0.00471305	-0.358716	0.0040138	
-6.16	-0.351104	0.00483415	-0.361327	0.0041063	-0.351104	0.00483415	-0.361327	0.0041063	
-6.14	-0.35355	0.00495733	-0.363976	0.00420122	-0.35355	0.00495733	-0.363976	0.00420122	
-6.12	-0.356029	0.0050826	-0.366664	0.00429865	-0.356029	0.0050826	-0.366664	0.00429865	
-6.1	-0.358542	0.00520996	-0.369391	0.00439866	-0.358542	0.00520996	-0.369391	0.00439866	
-6.08	-0.361089	0.00533942	-0.372159	0.00450131	-0.361089	0.00533942	-0.372159	0.00450131	
-6.06	-0.363671	0.00547098	-0.374968	0.00460669	-0.363671	0.00547098	-0.374968	0.00460669	
-6.04	-0.366289	0.00560464	-0.37782	0.00471488	-0.366289	0.00560464	-0.37782	0.00471488	
-6.02	-0.368944	0.00574042	-0.380714	0.00482597	-0.368944	0.00574042	-0.380714	0.00482597	
-6	-0.371637	0.00587831	-0.383653	0.00494003	-0.371637	0.00587831	-0.383653	0.00494003	
-5.98	-0.374368	0.00601834	-0.386637	0.00505717	-0.374368	0.00601834	-0.386637	0.00505717	
-5.96	-0.377138	0.00616052	-0.389667	0.00517747	-0.377138	0.00616052	-0.389667	0.00517747	
-5.94	-0.379949	0.00630485	-0.392744	0.00530103	-0.379949	0.00630485	-0.392744	0.00530103	
-5.92	-0.3828	0.00645135	-0.39587	0.00542794	-0.3828	0.00645135	-0.39587	0.00542794	
-5.9	-0.385694	0.00660005	-0.399046	0.00555832	-0.385694	0.00660005	-0.399046	0.00555832	
-5.88	-0.388631	0.00675096	-0.402272	0.00569226	-0.388631	0.00675096	-0.402272	0.00569226	
-5.86	-0.391612	0.00690411	-0.40555	0.00582988	-0.391612	0.00690411	-0.40555	0.00582988	
-5.84	-0.394638	0.00705952	-0.408881	0.00597128	-0.394638	0.00705952	-0.408881	0.00597128	
-5.82	-0.397711	0.00721723	-0.412266	0.00611659	-0.397711	0.00721723	-0.412266	0.00611659	
-5.8	-0.400831	0.00737726	-0.415708	0.00626594	-0.400831	0.00737726	-0.415708	0.00626594	
-5.78	-0.404	0.00753967	-0.419206	0.00641943	-0.404	0.00753967	-0.419206	0.00641943	
-5.76	-0.407218	0.00770448	-0.422763	0.00657721	-0.407218	0.00770448	-0.422763	0.00657721	
-5.74	-0.410488	0.00787175	-0.426381	0.00673941	-0.410488	0.00787175	-0.426381	0.00673941	
-5.72	-0.41381	0.00804152	-0.430059	0.00690617	-0.41381	0.00804152	-0.430059	0.00690617	
-5.7	-0.417185	0.00821386	-0.433801	0.00707764	-0.417185	0.00821386	-0.433801	0.00707764	
-5.68	-0.420616	0.00838881	-0.437608	0.00725397	-0.420616	0.00838881	-0.437608	0.00725397	
-5.66	-0.424104	0.00856645	-0.441481	0.0074353	-0.424104	0.00856645	-0.441481	0.0074353	
-5.64	-0.427649	0.00874685	-0.445422	0.00762182	-0.427649	0.00874685	-0.445422	0.00762182	
-5.62	-0.431254	0.00893009	-0.449434	0.00781368	-0.431254	0.00893009	-0.449434	0.00781368	
-5.6	-0.43492	0.00911623	-0.453517	0.00801105	-0.43492	0.00911623	-0.453517	0.00801105	
-5.58	-0.438649	0.00930539	-0.457674	0.00821413	-0.438649	0.00930539	-0.457674	0.00821413	
-5.56	-0.442443	0.00949764	-0.461907	0.0084231	-0.442443	0.00949764	-0.461907	0.0084231	
-5.54	-0.446303	0.00969309	-0.466218	0.00863815	-0.446303	0.00969309	-0.466218	0.00863815	
-5.52	-0.45023	0.00989185	-0.470609	0.00885949	-0.45023	0.00989185	-0.470609	0.00885949	
-5.5	-0.454228	0.010094	-0.475082	0.00908733	-0.454228	0.010094	-0.475082	0.00908733	
-5.48	-0.458297	0.0102998	-0.47964	0.0093219	-0.458297	0.0102998	-0.47964	0.0093219	
-5.46	-0.462441	0.0105092	-0.484285	0.00956342	-0.462441	0.0105092	-0.484285	0.00956342	
-5.44	-0.46666	0.0107224	-0.489019	0.00981213	-0.46666	0.0107224	-0.489019	0.00981213	
-5.42	-0.470958	0.0109396	-0.493846	0.0100683	-0.470958	0.0109396	-0.493846	0.0100683	
-5.4	-0.475336	0.0111609	-0.498767	0.0103321	-0.475336	0.0111609	-0.498767	0.0103321	
-5.38	-0.479797	0.0113865	-0.503786	0.0106039	-0.479797	0.0113865	-0.503786	0.0106039	
-5.36	-0.484343	0.0116165	-0.508906	0.010884	-0.484343	0.0116165	-0.508906	0.010884	
-5.34	-0.488976	0.0118512	-0.514129	0.0111726	-0.488976	0.0118512	-0.514129	0.0111726	
-5.32	-0.4937	0.0120907	-0.519459	0.0114701	-0.4937	0.0120907	-0.519459	0.0114701	
-5.3	-0.498517	0.0123353	-0.524899	0.0117768	-0.498517	0.0123353	-0.524899	0.0117768	
-5.28	-0.50343	0.0125851	-0.530453	0.0120929	-0.50343	0.0125851	-0.530453	0.0120929	
-5.26	-0.508441	0.0128405	-0.536123	0.012419	-0.508441	0.0128405	-0.536123	0.012419	
-5.24	-0.513554	0.0131015	-0.541915	0.0127552	-0.513554	0.0131015	-0.541915	0.0127552	
-5.22	-0.518772	0.0133685	-0.547831	0.0131021	-0.518772	0.0133685	-0.547831	0.0131021	
-5.2	-0.524099	0.0136418	-0.553877	0.01346	-0.524099	0.0136418	-0.553877	0.01346	
-5.18	-0.529537	0.0139217	-0.560055	0.0138293	-0.529537	0.0139217	-0.560055	0.0138293	
-5.16	-0.53509	0.0142083	-0.566371	0.0142105	-0.53509	0.0142083	-0.566371	0.0142105	
-5.14	-0.540763	0.0145021	-0.572828	0.0146041	-0.540763	0.0145021	-0.572828	0.0146041	
-5.12	-0.546558	0.0148034	-0.579433	0.0150105	-0.546558	0.0148034	-0.579433	0.0150105	
-5.1	-0.55248	0.0151125	-0.58619	0.0154302	-0.55248	0.0151125	-0.58619	0.0154302	
-5.08	-0.558534	0.0154299	-0.593105	0.0158638	-0.558534	0.0154299	-0.593105	0.0158638	
-5.06	-0.564723	0.0157558	-0.600182	0.0163119	-0.564723	0.0157558	-0.600182	0.0163119	
-5.04	-0.571052	0.0160907	-0.607428	0.016775	-0.571052	0.0160907	-0.607428	0.016775	
-5.02	-0.577526	0.016435	-0.614849	0.0172538	-0.577526	0.016435	-0.614849	0.0172538	
-5	-0.584151	0.0167892	-0.622452	0.0177489	-0.584151	0.0167892	-0.622452	0.0177489	
-4.98	-0.59093	0.0171538	-0.630242	0.018261	-0.59093	0.0171538	-0.630242	0.018261	
-4.96	-0.597871	0.0175292	-0.638228	0.018791	-0.597871	0.0175292	-0.638228	0.018791	
-4.94	-0.604978	0.0179161	-0.646416	0.0193394	-0.604978	0.0179161	-0.646416	0.0193394	
-4.92	-0.612259	0.018315	-0.654815	0.0199073	-0.612259	0.018315	-0.654815	0.0199073	
-4.9	-0.619718	0.0187265	-0.663433	0.0204953	-0.619718	0.0187265	-0.663433	0.0204953	
-4.88	-0.627363	0.0191512	-0.672277	0.0211046	-0.627363	0.0191512	-0.672277	0.0211046	
-4.86	-0.635201	0.0195898	-0.681359	0.021736	-0.635201	0.0195898	-0.681359	0.021736	
-4.84	-0.64324	0.0200431	-0.690686	0.0223905	-0.64324	0.0200431	-0.690686	0.0223905	
-4.82	-0.651486	0.0205117	-0.70027	0.0230694	-0.651486	0.0205117	-0.70027	0.0230694	
-4.8	-0.659948	0.0209967	-0.710121	0.0237737	-0.659948	0.0209967	-0.710121	0.0237737	
-4.78	-0.668635	0.0214986	-0.720251	0.0245048	-0.668635	0.0214986	-0.720251	0.0245048	
-4.76	-0.677556	0.0220186	-0.730671	0.0252638	-0.677556	0.0220186	-0.730671	0.0252638	
-4.74	-0.686721	0.0225576	-0.741395	0.0260524	-0.686721	0.0225576	-0.741395	0.0260524	
-4.72	-0.696138	0.0231167	-0.752435	0.0268719	-0.696138	0.0231167	-0.752435	0.0268719	
-4.7	-0.70582	0.0236969	-0.763806	0.027724	-0.70582	0.0236969	-0.763806	0.027724	
-4.68	-0.715777	0.0242994	-0.775524	0.0286104	-0.715777	0.0242994	-0.775524	0.0286104	
-4.66	-0.726021	0.0249256	-0.787604	0.0295331	-0.726021	0.0249256	-0.787604	0.0295331	
-4.64	-0.736565	0.0255768	-0.800063	0.0304939	-0.736565	0.0255768	-0.800063	0.0304939	
-4.62	-0.747422	0.0262545	-0.812921	0.031495	-0.747422	0.0262545	-0.812921	0.031495	
-4.6	-0.758606	0.0269602	-0.826196	0.0325387	-0.758606	0.0269602	-0.826196	0.0325387	
-4.58	-0.770131	0.0276956	-0.839909	0.0336275	-0.770131	0.0276956	-0.839909	0.0336275	
-4.56	-0.782015	0.0284626	-0.854082	0.0347641	-0.782015	0.0284626	-0.854082	0.0347641	
-4.54	-0.794274	0.029263	-0.868739	0.0359513	-0.794274	0.029263	-0.868739	0.0359513	
-4.52	-0.806925	0.0300991	-0.883905	0.0371923	-0.806925	0.0300991	-0.883905	0.0371923	
-4.5	-0.819989	0.0309731	-0.899608	0.0384903	-0.819989	0.0309731	-0.899608	0.0384903	
-4.48	-0.833484	0.0318873	-0.915876	0.0398491	-0.833484	0.0318873	-0.915876	0.0398491	
-4.46	-0.847434	0.0328446	-0.932741	0.0412727	-0.847434	0.0328446	-0.932741	0.0412727	
-4.44	-0.861861	0.0338477	-0.950237	0.0427653	-0.861861	0.0338477	-0.950237	0.0427653	
-4.42	-0.87679	0.0348999	-0.968399	0.0443317	-0.87679	0.0348999	-0.968399	0.0443317	
-4.4	-0.892247	0.0360043	-0.987268	0.0459769	-0.892247	0.0360043	-0.987268	0.0459769	
-4.38	-0.908262	0.0371649	-1.00688	0.0477067	-0.908262	0.0371649	-1.00688	0.0477067	
-4.36	-0.924865	0.0383856	-1.02729	0.049527	-0.924865	0.0383856	-1.02729	0.049527	
-4.34	-0.942089	0.0396707	-1.04854	0.0514448	-0.942089	0.0396707	-1.04854	0.0514448	
-4.32	-0.959969	0.0410251	-1.07069	0.0534673	-0.959969	0.0410251	-1.07069	0.0534673	
-4.3	-0.978543	0.042454	-1.0938	0.0556028	-0.978543	0.042454	-1.0938	0.0556028	
-4.28	-0.997852	0.0439633	-1.11792	0.0578603	-0.997852	0.0439633	-1.11792	0.0578603	
-4.26	-1.01794	0.0455591	-1.14312	0.0602497	-1.01794	0.0455591	-1.14312	0.0602497	
-4.24	-1.03886	0.0472487	-1.16949	0.0627822	-1.03886	0.0472487	-1.16949	0.0627822	
-4.22	-1.06066	0.0490395	-1.19711	0.0654701	-1.06066	0.0490395	-1.19711	0.0654701	
-4.2	-1.08339	0.0509402	-1.22606	0.0683272	-1.08339	0.0509402	-1.22606	0.0683272	
-4.18	-1.10712	0.0529602	-1.25645	0.0713687	-1.10712	0.0529602	-1.25645	0.0713687	
-4.16	-1.13192	0.05511	-1.28838	0.074612	-1.13192	0.05511	-1.28838	0.074612	
-4.14	-1.15786	0.0574013	-1.32197	0.0780765	-1.15786	0.0574013	-1.32197	0.0780765	
-4.12	-1.18501	0.059847	-1.35737	0.0817839	-1.18501	0.059847	-1.35737	0.0817839	
-4.1	-1.21347	0.062462	-1.39472	0.0857592	-1.21347	0.062462	-1.39472	0.0857592	
-4.08	-1.24334	0.0652624	-1.43418	0.0900305	-1.24334	0.0652624	-1.43418	0.0900305	
-4.06	-1.27471	0.0682667	-1.47595	0.0946297	-1.27471	0.0682667	-1.47595	0.0946297	
-4.04	-1.30771	0.0714958	-1.52022	0.0995937	-1.30771	0.0714958	-1.52022	0.0995937	
-4.02	-1.34246	0.0749732	-1.56724	0.104965	-1.34246	0.0749732	-1.56724	0.104965	
-4	-1.37912	0.0787256	-1.61726	0.110791	-1.37912	0.0787256	-1.61726	0.110791	
-3.98	-1.41783	0.0827836	-1.67059	0.11713	-1.41783	0.0827836	-1.67059	0.11713	
-3.96	-1.45878	0.0871821	-1.72756	0.124048	-1.45878	0.0871821	-1.72756	0.124048	
-3.94	-1.50216	0.0919611	-1.78856	0.13162	-1.50216	0.0919611	-1.78856	0.13162	
-3.92	-1.54821	0.0971669	-1.85403	0.139939	-1.54821	0.0971669	-1.85403	0.139939	
-3.9	-1.59716	0.102853	-1.92449	0.149112	-1.59716	0.102853	-1.92449	0.149112	
-3.88	-1.64931	0.109082	-2.00052	0.159268	-1.64931	0.109082	-2.00052	0.159268	
-3.86	-1.70498	0.115926	-2.08282	0.170562	-1.70498	0.115926	-2.08282	0.170562	
-3.84	-1.76453	0.123471	-2.17219	0.183181	-1.76453	0.123471	-2.17219	0.183181	
-3.82	-1.82839	0.131818	-2.26958	0.197353	-1.82839	0.131818	-2.26958	0.197353	
-3.8	-1.89703	0.141088	-2.37613	0.21336	-1.89703	0.141088	-2.37613	0.21336	
-3.78	-1.97101	0.151423	-2.49318	0.231553	-1.97101	0.151423	-2.49318	0.231553	
-3.76	-2.05099	0.162999	-2.62236	0.252371	-2.05099	0.162999	-2.62236	0.252371	
-3.74	-2.1377	0.176023	-2.76566	0.276375	-2.1377	0.176023	-2.76566	0.276375	
-3.72	-2.23205	0.190755	-2.92552	0.304286	-2.23205	0.190755	-2.92552	0.304286	
-3.7	-2.33508	0.207511	-3.10498	0.337046	-2.33508	0.207511	-3.10498	0.337046	
-3.68	-2.44802	0.226685	-3.30784	0.375909	-2.44802	0.226685	-3.30784	0.375909	
-3.66	-2.57239	0.248775	-3.53898	0.422566	-2.57239	0.248775	-3.53898	0.422566	
-3.64	-2.70999	0.274414	-3.8047	0.479355	-2.70999	0.274414	-3.8047	0.479355	
-3.62	-2.86303	0.304414	-4.11333	0.549575	-2.86303	0.304414	-4.11333	0.549575	
-3.6	-3.03423	0.339838	-4.47606	0.638015	-3.03423	0.339838	-4.47606	0.638015	
-3.58	-3.227	0.382096	-4.90824	0.751838	-3.227	0.382096	-4.90824	0.751838	
-3.56	-3.44562	0.433087	-5.4316	0.902169	-3.44562	0.433087	-5.4316	0.902169	
-3.54	-3.69559	0.495418	-6.07766	1.10704	-3.69559	0.495418	-6.07766	1.10704	
-3.52	-3.98404	0.572754	-6.89389	1.39728	-3.98404	0.572754	-6.89389	1.39728	
-3.5	-4.32038	0.67036	-7.95448	1.82913	-4.32038	0.67036	-7.95448	1.82913	
-3.48	-4.71728	0.796032	-9.3804	2.51395	-4.71728	0.796032	-9.3804	2.51395	
-3.46	-5.19208	0.961684	-11.3755	3.69666	-5.19208	0.961684	-11.3755	3.69666	
-3.44	-5.76914	1.18624	-14.2755	5.99406	-5.76914	1.18624	-14.2755	5.99406	
-3.42	-6.48329	1.50114	-18.4092	11.2343	-6.48329	1.50114	-18.4092	11.2343	
-3.4	-7.38534	1.96154	-21.1561	25.137	-7.38534	1.96154	-21.1561	25.137	
-3.38	-8.54979	2.67059	0.783656	44.6232	-8.54979	2.67059	0.783656	44.6232	
-3.36	-10.0812	3.83666	23.2209	24.4793	-10.0812	3.83666	23.2209	24.4793	
-3.34	-12.0905	5.91816	19.6473	10.0079	-12.0905	5.91816	19.6473	10.0079	
-3.32	-14.4619	9.99432	14.9638	4.86531	-14.4619	9.99432	14.9638	4.86531	
-3.3	-15.3799	18.3268	11.7893	2.73943	-15.3799	18.3268	11.7893	2.73943	
-3.28	-6.59179	30.1142	9.64732	1.70173	-6.59179	30.1142	9.64732	1.70173	
-3.26	11.2822	27.2147	8.13557	1.1299	11.2822	27.2147	8.13557	1.1299	
-3.24	16.0903	15.1528	7.02102	0.785973	16.0903	15.1528	7.02102	0.785973	
-3.22	14.149	8.20813	6.16886	0.565216	14.149	8.20813	6.16886	0.565216	
-3.2	11.7017	4.87347	5.49772	0.416281	11.7017	4.87347	5.49772	0.416281	
-3.18	9.75965	3.15367	4.95622	0.311784	9.75965	3.15367	4.95622	0.311784	
-3.16	8.29787	2.18049	4.51049	0.236115	8.29787	2.18049	4.51049	0.236115	
-3.14	7.18706	1.58497	4.1374	0.179886	7.18706	1.58497	4.1374	0.179886	
-3.12	6.32445	1.19717	3.82066	0.137194	6.32445	1.19717	3.82066	0.137194	
-3.1	5.63935	0.931882	3.54848	0.104188	5.63935	0.931882	3.54848	0.104188	
-3.08	5.08402	0.743056	3.31212	0.0782714	5.08402	0.743056	3.31212	0.0782714	
-3.06	4.62575	0.604234	3.10499	0.0576508	4.62575	0.604234	3.10499	0.0576508	
-3.04	4.24168	0.499397	2.92199	0.0410544	4.24168	0.499397	2.92199	0.0410544	
-3.02	3.91546	0.418417	2.75915	0.0275628	3.91546	0.418417	2.75915	0.0275628	
-3	3.63511	0.354651	2.61333	0.0164991	3.63511	0.354651	2.61333	0.0164991	
-2.98	3.39172	0.303601	2.48199	0.00735674	3.39172	0.303601	2.48199	0.00735674	
-2.96	3.1785	0.26214	2.3631	-0.000248728	3.1785	0.26214	2.3631	-0.000248728	
-2.94	2.99022	0.228038	2.25495	-0.00661299	2.99022	0.228038	2.25495	-0.00661299	
-2.92	2.82279	0.199675	2.15617	-0.0119661	2.82279	0.199675	2.15617	-0.0119661	
-2.9	2.67295	0.175849	2.06558	-0.0164891	2.67295	0.175849	2.06558	-0.0164891	
-2.88	2.53807	0.155656	1.98221	-0.0203254	2.53807	0.155656	1.98221	-0.0203254	
-2.86	2.41605	0.138404	1.90523	-0.0235904	2.41605	0.138404	1.90523	-0.0235904	
-2.84	2.30513	0.123558	1.83393	-0.0263769	2.30513	0.123558	1.83393	-0.0263769	
-2.82	2.20387	0.110697	1.76771	-0.0287606	2.20387	0.110697	1.76771	-0.0287606	
-2.8	2.11107	0.0994891	1.70604	-0.0308035	2.11107	0.0994891	1.70604	-0.0308035	
-2.78	2.02571	0.0896672	1.64847	-0.0325568	2.02571	0.0896672	1.64847	-0.0325568	
-2.76	1.94693	0.0810161	1.5946	-0.0340628	1.94693	0.0810161	1.5946	-0.0340628	
-2.74	1.87401	0.0733604	1.54409	-0.0353569	1.87401	0.0733604	1.54409	-0.0353569	
-2.72	1.80632	0.066556	1.49663	-0.0364689	1.80632	0.066556	1.49663	-0.0364689	
-2.7	1.74331	0.0604837	1.45196	-0.0374237	1.74331	0.0604837	1.45196	-0.0374237	
-2.68	1.68452	0.0550444	1.40984	-0.0382425	1.68452	0.0550444	1.40984	-0.0382425	
-2.66	1.62953	0.0501547	1.37004	-0.0389434	1.62953	0.0501547	1.37004	-0.0389434	
-2.64	1.57799	0.0457448	1.3324	-0.0395417	1.57799	0.0457448	1.3324	-0.0395417	
-2.62	1.52959	0.0417552	1.29673	-0.0400505	1.52959	0.0417552	1.29673	-0.0400505	
-2.6	1.48405	0.0381352	1.26288	-0.0404812	1.48405	0.0381352	1.26288	-0.0404812	
-2.58	1.44112	0.0348417	1.23072	-0.0408435	1.44112	0.0348417	1.23072	-0.0408435	
-2.56	1.40058	0.0318375	1.20013	-0.0411459	1.40058	0.0318375	1.20013	-0.0411459	
-2.54	1.36224	0.0290903	1.17099	-0.0413957	1.36224	0.0290903	1.17099	-0.0413957	
-2.52	1.32592	0.0265723	1.1432	-0.0415993	1.32592	0.0265723	1.1432	-0.0415993	
-2.5	1.29148	0.0242594	1.11667	-0.0417624	1.29148	0.0242594	1.11667	-0.0417624	
-2.48	1.25876	0.0221302	1.09131	-0.0418896	1.25876	0.0221302	1.09131	-0.0418896	
-2.46	1.22764	0.0201664	1.06706	-0.0419854	1.22764	0.0201664	1.06706	-0.0419854	
-2.44	1.19801	0.0183515	1.04383	-0.0420535	1.19801	0.0183515	1.04383	-0.0420535	
-2.42	1.16976	0.0166712	1.02157	-0.0420971	1.16976	0.0166712	1.02157	-0.0420971	
-2.4	1.14279	0.0151129	1.00021	-0.0421193	1.14279	0.0151129	1.00021	-0.0421193	
-2.38	1.11703	0.013665	0.979705	-0.0421226	1.11703	0.013665	0.979705	-0.0421226	
-2.36	1.09239	0.0123178	0.960002	-0.0421093	1.09239	0.0123178	0.960002	-0.0421093	
-2.34	1.0688	0.0110622	0.941053	-0.0420815	1.0688	0.0110622	0.941053	-0.0420815	
-2.32	1.0462	0.00989011	0.922817	-0.0420409	1.0462	0.00989011	0.922817	-0.0420409	
-2.3	1.02452	0.0087945	0.905254	-0.0419891	1.02452	0.0087945	0.905254	-0.0419891	
-2.28	1.00371	0.00776888	0.888326	-0.0419277	1.00371	0.00776888	0.888326	-0.0419277	
-2.26	0.983712	0.00680745	0.872001	-0.0418579	0.983712	0.00680745	0.872001	-0.0418579	
-2.24	0.964486	0.00590497	0.856247	-0.0417808	0.964486	0.00590497	0.856247	-0.0417808	
-2.22	0.945987	0.00505673	0.841033	-0.0416975	0.945987	0.00505673	0.841033	-0.0416975	
-2.2	0.928172	0.00425843	0.826333	-0.041609	0.928172	0.00425843	0.826333	-0.041609	
-2.18	0.911005	0.00350618	0.812121	-0.041516	0.911005	0.00350618	0.812121	-0.041516	
-2.16	0.894452	0.00279645	0.798373	-0.0414193	0.894452	0.00279645	0.798373	-0.0414193	
-2.14	0.878478	0.002126	0.785066	-0.0413197	0.878478	0.002126	0.785066	-0.0413197	
-2.12	0.863055	0.00149189	0.772179	-0.0412176	0.863055	0.00149189	0.772179	-0.0412176	
-2.1	0.848154	0.000891437	0.759693	-0.0411138	0.848154	0.000891437	0.759693	-0.0411138	
-2.08	0.833749	0.000322161	0.74759	-0.0410086	0.833749	0.000322161	0.74759	-0.0410086	
-2.06	0.819816	-0.000218204	0.735851	-0.0409026	0.819816	-0.000218204	0.735851	-0.0409026	
-2.04	0.806331	-0.000731743	0.724461	-0.0407962	0.806331	-0.000731743	0.724461	-0.0407962	
-2.02	0.793272	-0.00122038	0.713404	-0.0406897	0.793272	-0.00122038	0.713404	-0.0406897	
-2	0.780621	-0.00168589	0.702666	-0.0405836	0.780621	-0.00168589	0.702666	-0.0405836	
-1.98	0.768358	-0.00212992	0.692233	-0.0404781	0.768358	-0.00212992	0.692233	-0.0404781	
-1.96	0.756465	-0.00255399	0.682092	-0.0403735	0.756465	-0.00255399	0.682092	-0.0403735	
-1.94	0.744926	-0.00295952	0.672232	-0.0402702	0.744926	-0.00295952	0.672232	-0.0402702	
-1.92	0.733725	-0.00334783	0.662639	-0.0401683	0.733725	-0.00334783	0.662639	-0.0401683	
-1.9	0.722847	-0.00372014	0.653305	-0.0400681	0.722847	-0.00372014	0.653305	-0.0400681	
-1.88	0.712278	-0.00407761	0.644218	-0.0399698	0.712278	-0.00407761	0.644218	-0.0399698	
-1.86	0.702005	-0.00442133	0.635369	-0.0398737	0.702005	-0.00442133	0.635369	-0.0398737	
-1.84	0.692015	-0.0047523	0.626748	-0.0397798	0.692015	-0.0047523	0.626748	-0.0397798	
-1.82	0.682298	-0.00507149	0.618347	-0.0396885	0.682298	-0.00507149	0.618347	-0.0396885	
-1.8	0.672842	-0.0053798	0.610157	-0.0395999	0.672842	-0.0053798	0.610157	-0.0395999	
-1.78	0.663636	-0.00567809	0.60217	-0.039514	0.663636	-0.00567809	0.60217	-0.039514	
-1.76	0.65467	-0.00596718	0.59438	-0.0394312	0.65467	-0.00596718	0.59438	-0.0394312	
-1.74	0.645936	-0.00624785	0.586778	-0.0393515	0.645936	-0.00624785	0.586778	-0.0393515	
-1.72	0.637423	-0.00652086	0.579358	-0.0392751	0.637423	-0.00652086	0.579358	-0.0392751	
-1.7	0.629124	-0.00678692	0.572114	-0.0392021	0.629124	-0.00678692	0.572114	-0.0392021	
-1.68	0.621031	-0.00704673	0.565039	-0.0391327	0.621031	-0.00704673	0.565039	-0.0391327	
-1.66	0.613135	-0.00730097	0.558128	-0.0390669	0.613135	-0.00730097	0.558128	-0.0390669	
-1.64	0.60543	-0.0075503	0.551374	-0.039005	0.60543	-0.0075503	0.551374	-0.039005	
-1.62	0.597909	-0.00779537	0.544773	-0.0389469	0.597909	-0.00779537	0.544773	-0.0389469	
-1.6	0.590565	-0.00803682	0.53832	-0.038893	0.590565	-0.00803682	0.53832	-0.038893	
-1.58	0.583392	-0.00827528	0.532009	-0.0388432	0.583392	-0.00827528	0.532009	-0.0388432	
-1.56	0.576383	-0.00851139	0.525835	-0.0387977	0.576383	-0.00851139	0.525835	-0.0387977	
-1.54	0.569534	-0.00874576	0.519795	-0.0387567	0.569534	-0.00874576	0.519795	-0.0387567	
-1.52	0.562838	-0.00897905	0.513884	-0.0387202	0.562838	-0.00897905	0.513884	-0.0387202	
-1.5	0.556291	-0.00921189	0.508099	-0.0386884	0.556291	-0.00921189	0.508099	-0.0386884	
-1.48	0.549887	-0.00944493	0.502434	-0.0386614	0.549887	-0.00944493	0.502434	-0.0386614	
-1.46	0.543623	-0.00967886	0.496886	-0.0386393	0.543623	-0.00967886	0.496886	-0.0386393	
-1.44	0.537492	-0.00991436	0.491453	-0.0386223	0.537492	-0.00991436	0.491453	-0.0386223	
-1.42	0.531492	-0.0101522	0.486129	-0.0386105	0.531492	-0.0101522	0.486129	-0.0386105	
-1.4	0.525618	-0.010393	0.480913	-0.038604	0.525618	-0.010393	0.480913	-0.038604	
-1.38	0.519866	-0.0106376	0.4758	-0.0386029	0.519866	-0.0106376	0.4758	-0.0386029	
-1.36	0.514232	-0.0108869	0.470789	-0.0386075	0.514232	-0.0108869	0.470789	-0.0386075	
-1.34	0.508714	-0.0111417	0.465875	-0.0386178	0.508714	-0.0111417	0.465875	-0.0386178	
-1.32	0.503307	-0.0114029	0.461056	-0.038634	0.503307	-0.0114029	0.461056	-0.038634	
-1.3	0.498008	-0.0116716	0.45633	-0.0386562	0.498008	-0.0116716	0.45633	-0.0386562	
-1.28	0.492815	-0.0119487	0.451693	-0.0386846	0.492815	-0.0119487	0.451693	-0.0386846	
-1.26	0.487725	-0.0122354	0.447144	-0.0387194	0.487725	-0.0122354	0.447144	-0.0387194	
-1.24	0.482734	-0.0125329	0.442679	-0.0387607	0.482734	-0.0125329	0.442679	-0.0387607	
-1.22	0.477842	-0.0128426	0.438297	-0.0388087	0.477842	-0.0128426	0.438297	-0.0388087	
-1.2	0.473044	-0.0131658	0.433996	-0.0388635	0.473044	-0.0131658	0.433996	-0.0388635	
-1.18	0.468341	-0.0135042	0.429773	-0.0389254	0.468341	-0.0135042	0.429773	-0.0389254	
-1.16	0.463729	-0.0138595	0.425626	-0.0389945	0.463729	-0.0138595	0.425626	-0.0389945	
-1.14	0.459208	-0.0142334	0.421553	-0.039071	0.459208	-0.0142334	0.421553	-0.039071	
-1.12	0.454776	-0.0146281	0.417553	-0.0391551	0.454776	-0.0146281	0.417553	-0.0391551	
-1.1	0.450432	-0.0150457	0.413623	-0.039247	0.450432	-0.0150457	0.413623	-0.039247	
-1.08	0.446177	-0.0154888	0.409762	-0.0393469	0.446177	-0.0154888	0.409762	-0.0393469	
-1.06	0.442009	-0.0159598	0.405968	-0.0394551	0.442009	-0.0159598	0.405968	-0.0394551	
-1.04	0.43793	-0.0164617	0.40224	-0.0395717	0.43793	-0.0164617	0.40224	-0.0395717	
-1.02	0.433942	-0.0169976	0.398576	-0.039697	0.433942	-0.0169976	0.398576	-0.039697	
-1	0.430045	-0.0175709	0.394974	-0.0398313	0.430045	-0.0175709	0.394974	-0.0398313	
-0.98	0.426244	-0.018185	0.391434	-0.0399747	0.426244	-0.018185	0.391434	-0.0399747	
-0.96	0.422542	-0.0188437	0.387953	-0.0401275	0.422542	-0.0188437	0.387953	-0.0401275	
-0.94	0.418946	-0.0195507	0.384531	-0.04029	0.418946	-0.0195507	0.384531	-0.04029	
-0.92	0.415462	-0.0203096	0.381165	-0.0404624	0.415462	-0.0203096	0.381165	-0.0404624	
-0.9	0.4121	-0.0211238	0.377856	-0.0406451	0.4121	-0.0211238	0.377856	-0.0406451	
-0.88	0.408872	-0.0219956	0.374602	-0.0408382	0.408872	-0.0219956	0.374602	-0.0408382	
-0.86	0.405793	-0.0229263	0.371402	-0.0410422	0.405793	-0.0229263	0.371402	-0.0410422	
-0.84	0.402882	-0.0239148	0.368254	-0.0412574	0.402882	-0.0239148	0.368254	-0.0412574	
-0.82	0.400161	-0.0249565	0.365158	-0.041484	0.400161	-0.0249565	0.365158	-0.041484	
-0.8	0.397656	-0.0260417	0.362114	-0.0417224	0.397656	-0.0260417	0.362114	-0.0417224	
-0.78	0.395397	-0.027153	0.359119	-0.041973	0.395397	-0.027153	0.359119	-0.041973	
-0.76	0.393418	-0.0282627	0.356174	-0.042236	0.393418	-0.0282627	0.356174	-0.042236	
-0.74	0.391751	-0.0293289	0.353278	-0.042512	0.391751	-0.0293289	0.353278	-0.042512	
-0.72	0.390424	-0.0302927	0.35043	-0.0428013	0.390424	-0.0302927	0.35043	-0.0428013	
-0.7	0.389454	-0.0310752	0.34763	-0.0431044	0.389454	-0.0310752	0.34763	-0.0431044	
-0.68	0.388834	-0.0315793	0.344876	-0.0434216	0.388834	-0.0315793	0.344876	-0.0434216	
-0.66	0.388522	-0.0316952	0.34217	-0.0437534	0.388522	-0.0316952	0.34217	-0.0437534	
-0.64	0.388432	-0.0313156	0.339509	-0.0441004	0.388432	-0.0313156	0.339509	-0.0441004	
-0.62	0.388428	-0.0303583	0.336895	-0.044463	0.388428	-0.0303583	0.336895	-0.044463	
-0.6	0.388335	-0.0287921	0.334326	-0.0448418	0.388335	-0.0287921	0.334326	-0.0448418	
-0.58	0.387964	-0.0266571	0.331803	-0.0452374	0.387964	-0.0266571	0.331803	-0.0452374	
-0.56	0.387151	-0.0240677	0.329326	-0.0456503	0.387151	-0.0240677	0.329326	-0.0456503	
-0.54	0.385791	-0.0211938	0.326895	-0.0460813	0.385791	-0.0211938	0.326895	-0.0460813	
-0.52	0.383852	-0.0182249	0.32451	-0.0465309	0.383852	-0.0182249	0.32451	-0.0465309	
-0.5	0.381375	-0.0153341	0.322171	-0.047	0.381375	-0.0153341	0.322171	-0.047	
-0.48	0.378451	-0.0126524	0.319878	-0.0474892	0.378451	-0.0126524	0.319878	-0.0474892	
-0.46	0.37519	-0.0102598	0.317633	-0.0479994	0.37519	-0.0102598	0.317633	-0.0479994	
-0.44	0.371706	-0.00819005	0.315436	-0.0485315	0.371706	-0.00819005	0.315436	-0.0485315	
-0.42	0.368097	-0.00644237	0.313287	-0.0490864	0.368097	-0.00644237	0.313287	-0.0490864	
-0.4	0.364439	-0.00499425	0.311187	-0.049665	0.364439	-0.00499425	0.311187	-0.049665	
-0.38	0.36079	-0.0038121	0.309138	-0.0502684	0.36079	-0.0038121	0.309138	-0.0502684	
-0.36	0.35719	-0.00285871	0.307141	-0.0508977	0.35719	-0.00285871	0.307141	-0.0508977	
-0.34	0.353662	-0.00209781	0.305197	-0.0515542	0.353662	-0.00209781	0.305197	-0.0515542	
-0.32	0.350223	-0.00149645	0.303307	-0.0522391	0.350223	-0.00149645	0.303307	-0.0522391	
-0.3	0.346879	-0.00102595	0.301474	-0.052954	0.346879	-0.00102595	0.301474	-0.052954	
-0.28	0.343632	-0.00066204	0.299699	-0.0537003	0.343632	-0.00066204	0.299699	-0.0537003	
-0.26	0.340482	-0.00038454	0.297984	-0.0544799	0.340482	-0.00038454	0.297984	-0.0544799	
-0.24	0.337426	-0.000176864	0.296333	-0.0552948	0.337426	-0.000176864	0.296333	-0.0552948	
-0.22	0.334459	-2.54833e-05	0.294746	-0.0561472	0.334459	-2.54833e-05	0.294746	-0.0561472	
-0.2	0.331578	8.0589e-05	0.293227	-0.0570398	0.331578	8.0589e-05	0.293227	-0.0570398	
-0.18	0.328777	0.00015026	0.291779	-0.0579756	0.328777	0.00015026	0.291779	-0.0579756	
-0.16	0.326052	0.000190751	0.290403	-0.0589584	0.326052	0.000190751	0.290403	-0.0589584	
-0.14	0.323398	0.000207918	0.289103	-0.0599927	0.323398	0.000207918	0.289103	-0.0599927	
-0.12	0.32081	0.000206532	0.28788	-0.0610841	0.32081	0.000206532	0.28788	-0.0610841	
-0.1	0.318285	0.000190492	0.286734	-0.0622396	0.318285	0.000190492	0.286734	-0.0622396	
-0.08	0.31582	0.000163003	0.285663	-0.0634678	0.31582	0.000163003	0.285663	-0.0634678	
-0.06	0.31341	0.000126731	0.284662	-0.0647791	0.31341	0.000126731	0.284662	-0.0647791	
-0.04	0.311052	8.39144e-05	0.283716	-0.0661852	0.311052	8.39144e-05	0.283716	-0.0661852	
-0.02	0.308745	3.64651e-05	0.282801	-0.0676973	0.308745	3.64651e-05	0.282801	-0.0676973	
0	0.306485	-1.39469e-05	0.281875	-0.0693198	0.306485	-1.39469e-05	0.281875	-0.0693198	
0.02	0.304271	-6.58273e-05	0.280868	-0.0710361	0.304271	-6.58273e-05	0.280868	-0.0710361	
0.04	0.3021	-0.000117801	0.279693	-0.0727795	0.3021	-0.000117801	0.279693	-0.0727795	
0.06	0.299972	-0.000168572	0.278272	-0.0743926	0.299972	-0.000168572	0.278272	-0.0743926	
0.08	0.297886	-0.000216901	0.276635	-0.0756178	0.297886	-0.000216901	0.276635	-0.0756178	
0.1	0.295842	-0.000261629	0.275033	-0.0762097	0.295842	-0.000261629	0.275033	-0.0762097	
0.12	0.293841	-0.000301768	0.273876	-0.0761629	0.293841	-0.000301768	0.273876	-0.0761629	
0.14	0.291883	-0.000336734	0.273448	-0.0757697	0.291883	-0.000336734	0.273448	-0.0757697	
0.16	0.289974	-0.000366843	0.273736	-0.0753768	0.289974	-0.000366843	0.273736	-0.0753768	
0.18	0.288117	-0.000394277	0.274552	-0.0751642	0.288117	-0.000394277	0.274552	-0.0751642	
0.2	0.286318	-0.000424722	0.275709	-0.0751458	0.286318	-0.000424722	0.275709	-0.0751458	
0.22	0.284585	-0.000469684	0.277093	-0.0752579	0.284585	-0.000469684	0.277093	-0.0752579	
0.24	0.282918	-0.000548351	0.278645	-0.0754208	0.282918	-0.000548351	0.278645	-0.0754208	
0.26	0.281307	-0.000685496	0.280342	-0.0755623	0.281307	-0.000685496	0.280342	-0.0755623	
0.28	0.27972	-0.000900621	0.282173	-0.0756219	0.27972	-0.000900621	0.282173	-0.0756219	
0.3	0.278116	-0.00119072	0.284135	-0.0755494	0.278116	-0.00119072	0.284135	-0.0755494	
0.32	0.276461	-0.00152392	0.286221	-0.0753015	0.276461	-0.00152392	0.286221	-0.0753015	
0.34	0.274751	-0.00185681	0.288421	-0.0748405	0.274751	-0.00185681	0.288421	-0.0748405	
0.36	0.273005	-0.0021585	0.290721	-0.0741331	0.273005	-0.0021585	0.290721	-0.0741331	
0.38	0.271251	-0.00241876	0.2931	-0.0731499	0.271251	-0.00241876	0.2931	-0.0731499	
0.4	0.269509	-0.00264136	0.295533	-0.0718662	0.269509	-0.00264136	0.295533	-0.0718662	
0.42	0.26779	-0.00283532	0.297988	-0.070262	0.26779	-0.00283532	0.297988	-0.070262	
0.44	0.2661	-0.00300968	0.300429	-0.0683232	0.2661	-0.00300968	0.300429	-0.0683232	
0.46	0.264441	-0.00317173	0.302817	-0.0660426	0.264441	-0.00317173	0.302817	-0.0660426	
0.48	0.262811	-0.00332683	0.305111	-0.0634204	0.262811	-0.00332683	0.305111	-0.0634204	
0.5	0.26121	-0.00347874	0.307267	-0.0604648	0.26121	-0.00347874	0.307267	-0.0604648	
0.52	0.259636	-0.00363014	0.309243	-0.0571921	0.259636	-0.00363014	0.309243	-0.0571921	
0.54	0.258087	-0.00378288	0.311002	-0.0536268	0.258087	-0.00378288	0.311002	-0.0536268	
0.56	0.256564	-0.00393832	0.312507	-0.0498005	0.256564	-0.00393832	0.312507	-0.0498005	
0.58	0.255064	-0.00409743	0.31373	-0.0457511	0.255064	-0.00409743	0.31373	-0.0457511	
0.6	0.253588	-0.00426097	0.314651	-0.041521	0.253588	-0.00426097	0.314651	-0.041521	
0.62	0.252133	-0.00442953	0.315256	-0.0371558	0.252133	-0.00442953	0.315256	-0.0371558	
0.64	0.250701	-0.0046036	0.315539	-0.0327023	0.250701	-0.0046036	0.315539	-0.0327023	
0.66	0.24929	-0.00478356	0.315504	-0.0282067	0.24929	-0.00478356	0.315504	-0.0282067	
0.68	0.247901	-0.00496977	0.315162	-0.023713	0.247901	-0.00496977	0.315162	-0.023713	
0.7	0.246533	-0.00516252	0.314529	-0.019262	0.246533	-0.00516252	0.314529	-0.019262	
0.72	0.245187	-0.00536205	0.313628	-0.0148897	0.245187	-0.00536205	0.313628	-0.0148897	
0.74	0.243862	-0.00556857	0.312486	-0.0106274	0.243862	-0.00556857	0.312486	-0.0106274	
0.76	0.242559	-0.00578225	0.311132	-0.00650081	0.242559	-0.00578225	0.311132	-0.00650081	
0.78	0.241277	-0.0060032	0.309597	-0.0025306	0.241277	-0.0060032	0.309597	-0.0025306	
0.8	0.240019	-0.0062315	0.307914	0.0012677	0.240019	-0.0062315	0.307914	0.0012677	
0.82	0.238783	-0.00646714	0.306113	0.00488305	0.238783	-0.00646714	0.306113	0.00488305	
0.84	0.237571	-0.00671006	0.304224	0.00830836	0.237571	-0.00671006	0.304224	0.00830836	
0.86	0.236383	-0.00696011	0.302275	0.0115398	0.236383	-0.00696011	0.302275	0.0115398	
0.88	0.23522	-0.00721703	0.300293	0.0145762	0.23522	-0.00721703	0.300293	0.0145762	
0.9	0.234083	-0.00748049	0.298301	0.0174185	0.234083	-0.00748049	0.298301	0.0174185	
0.92	0.232972	-0.00774998	0.29632	0.0200687	0.232972	-0.00774998	0.29632	0.0200687	
0.94	0.231889	-0.00802489	0.294369	0.0225302	0.231889	-0.00802489	0.294369	0.0225302	
0.96	0.230835	-0.00830444	0.292462	0.0248065	0.230835	-0.00830444	0.292462	0.0248065	
0.98	0.229809	-0.00858767	0.290614	0.0269013	0.229809	-0.00858767	0.290614	0.0269013	
1	0.228815	-0.00887343	0.288834	0.0288184	0.228815	-0.00887343	0.288834	0.0288184	
1.02	0.227851	-0.0091604	0.287131	0.0305611	0.227851	-0.0091604	0.287131	0.0305611	
1.04	0.22692	-0.009447	0.28551	0.0321324	0.22692	-0.009447	0.28551	0.0321324	
1.06	0.226021	-0.00973149	0.283975	0.0335348	0.226021	-0.00973149	0.283975	0.0335348	
1.08	0.225156	-0.0100119	0.282526	0.0347705	0.225156	-0.0100119	0.282526	0.0347705	
1.1	0.224324	-0.010286	0.281163	0.0358413	0.224324	-0.010286	0.281163	0.0358413	
1.12	0.223527	-0.0105515	0.279883	0.0367491	0.223527	-0.0105515	0.279883	0.0367491	
1.14	0.222763	-0.0108058	0.278681	0.0374957	0.222763	-0.0108058	0.278681	0.0374957	
1.16	0.222032	-0.0110463	0.277549	0.0380831	0.222032	-0.0110463	0.277549	0.0380831	
1.18	0.221334	-0.0112702	0.276482	0.0385137	0.221334	-0.0112702	0.276482	0.0385137	
1.2	0.220667	-0.0114749	0.275469	0.0387908	0.220667	-0.0114749	0.275469	0.0387908	
1.22	0.22003	-0.0116577	0.2745	0.0389183	0.22003	-0.0116577	0.2745	0.0389183	
1.24	0.219421	-0.011816	0.273565	0.0389011	0.219421	-0.011816	0.273565	0.0389011	
1.26	0.218837	-0.0119475	0.272653	0.0387453	0.218837	-0.0119475	0.272653	0.0387453	
1.28	0.218275	-0.0120502	0.271753	0.0384579	0.218275	-0.0120502	0.271753	0.0384579	
1.3	0.217732	-0.0121223	0.270854	0.0380472	0.217732	-0.0121223	0.270854	0.0380472	
1.32	0.217205	-0.0121625	0.269947	0.0375225	0.217205	-0.0121625	0.269947	0.0375225	
1.34	0.21669	-0.0121702	0.269021	0.0368938	0.21669	-0.0121702	0.269021	0.0368938	
1.36	0.216184	-0.012145	0.26807	0.0361719	0.216184	-0.012145	0.26807	0.0361719	
1.38	0.215683	-0.0120871	0.267086	0.0353683	0.215683	-0.0120871	0.267086	0.0353683	
1.4	0.215182	-0.0119973	0.266064	0.0344945	0.215182	-0.0119973	0.266064	0.0344945	
1.42	0.21468	-0.0118768	0.265	0.0335621	0.21468	-0.0118768	0.265	0.0335621	
1.44	0.214172	-0.0117274	0.263891	0.0325825	0.214172	-0.0117274	0.263891	0.0325825	
1.46	0.213656	-0.0115511	0.262736	0.0315668	0.213656	-0.0115511	0.262736	0.0315668	
1.48	0.213129	-0.0113503	0.261535	0.0305254	0.213129	-0.0113503	0.261535	0.0305254	
1.5	0.212589	-0.0111276	0.260289	0.029468	0.212589	-0.0111276	0.260289	0.029468	
1.52	0.212034	-0.0108859	0.258999	0.0284035	0.212034	-0.0108859	0.258999	0.0284035	
1.54	0.211464	-0.0106278	0.257668	0.0273398	0.211464	-0.0106278	0.257668	0.0273398	
1.56	0.210877	-0.0103563	0.256299	0.0262839	0.210877	-0.0103563	0.256299	0.0262839	
1.58	0.210273	-0.0100742	0.254897	0.0252418	0.210273	-0.0100742	0.254897	0.0252418	
1.6	0.209652	-0.00978403	0.253464	0.0242188	0.209652	-0.00978403	0.253464	0.0242188	
1.62	0.209015	-0.00948843	0.252006	0.0232189	0.209015	-0.00948843	0.252006	0.0232189	
1.64	0.208361	-0.00918965	0.250525	0.0222457	0.208361	-0.00918965	0.250525	0.0222457	
1.66	0.207692	-0.00888979	0.249027	0.0213019	0.207692	-0.00888979	0.249027	0.0213019	
1.68	0.207009	-0.0085907	0.247514	0.0203894	0.207009	-0.0085907	0.247514	0.0203894	
1.7	0.206312	-0.00829404	0.245992	0.0195096	0.206312	-0.00829404	0.245992	0.0195096	
1.72	0.205602	-0.0080012	0.244463	0.0186633	0.205602	-0.0080012	0.244463	0.0186633	
1.74	0.204882	-0.00771338	0.24293	0.0178511	0.204882	-0.00771338	0.24293	0.0178511	
1.76	0.204152	-0.00743158	0.241398	0.017073	0.204152	-0.00743158	0.241398	0.017073	
1.78	0.203413	-0.00715659	0.239867	0.0163286	0.203413	-0.00715659	0.239867	0.0163286	
1.8	0.202666	-0.00688905	0.238342	0.0156176	0.202666	-0.00688905	0.238342	0.0156176	
1.82	0.201913	-0.00662943	0.236824	0.0149391	0.201913	-0.00662943	0.236824	0.0149391	
1.84	0.201155	-0.00637809	0.235314	0.0142922	0.201155	-0.00637809	0.235314	0.0142922	
1.86	0.200393	-0.00613524	0.233816	0.0136761	0.200393	-0.00613524	0.233816	0.0136761	
1.88	0.199627	-0.00590102	0.23233	0.0130896	0.199627	-0.00590102	0.23233	0.0130896	
1.9	0.198859	-0.00567546	0.230857	0.0125315	0.198859	-0.00567546	0.230857	0.0125315	
1.92	0.19809	-0.00545854	0.229399	0.0120006	0.19809	-0.00545854	0.229399	0.0120006	
1.94	0.19732	-0.00525015	0.227956	0.0114958	0.19732	-0.00525015	0.227956	0.0114958	
1.96	0.196549	-0.00505016	0.22653	0.0110159	0.196549	-0.00505016	0.22653	0.0110159	
1.98	0.19578	-0.00485839	0.22512	0.0105597	0.19578	-0.00485839	0.22512	0.0105597	
2	0.195012	-0.00467463	0.223728	0.010126	0.195012	-0.00467463	0.223728	0.010126	
2.02	0.194245	-0.00449865	0.222353	0.00971368	0.194245	-0.00449865	0.222353	0.00971368	
2.04	0.193481	-0.00433019	0.220997	0.00932164	0.193481	-0.00433019	0.220997	0.00932164	
2.06	0.192719	-0.00416899	0.219658	0.00894882	0.192719	-0.00416899	0.219658	0.00894882	
2.08	0.191961	-0.00401479	0.218338	0.0085942	0.191961	-0.00401479	0.218338	0.0085942	
2.1	0.191206	-0.00386732	0.217035	0.00825681	0.191206	-0.00386732	0.217035	0.00825681	
2.12	0.190454	-0.00372629	0.215751	0.00793572	0.190454	-0.00372629	0.215751	0.00793572	
2.14	0.189706	-0.00359144	0.214485	0.00763004	0.189706	-0.00359144	0.214485	0.00763004	
2.16	0.188963	-0.0034625	0.213237	0.00733893	0.188963	-0.0034625	0.213237	0.00733893	
2.18	0.188224	-0.00333922	0.212007	0.0070616	0.188224	-0.00333922	0.212007	0.0070616	
2.2	0.187489	-0.00322132	0.210795	0.0067973	0.187489	-0.00322132	0.210795	0.0067973	
2.22	0.186759	-0.00310858	0.2096	0.00654529	0.186759	-0.00310858	0.2096	0.00654529	
2.24	0.186034	-0.00300074	0.208421	0.00630493	0.186034	-0.00300074	0.208421	0.00630493	
2.26	0.185313	-0.00289759	0.20726	0.00607556	0.185313	-0.00289759	0.20726	0.00607556	
2.28	0.184597	-0.00279889	0.206116	0.00585658	0.184597	-0.00279889	0.206116	0.00585658	
2.3	0.183887	-0.00270443	0.204988	0.00564744	0.183887	-0.00270443	0.204988	0.00564744	
2.32	0.183181	-0.00261401	0.203876	0.0054476	0.183181	-0.00261401	0.203876	0.0054476	
2.34	0.182481	-0.00252744	0.202779	0.00525656	0.182481	-0.00252744	0.202779	0.00525656	
2.36	0.181785	-0.00244453	0.201699	0.00507385	0.181785	-0.00244453	0.201699	0.00507385	
2.38	0.181095	-0.00236511	0.200633	0.00489902	0.181095	-0.00236511	0.200633	0.00489902	
2.4	0.18041	-0.002289	0.199582	0.00473165	0.18041	-0.002289	0.199582	0.00473165	
2.42	0.17973	-0.00221604	0.198546	0.00457136	0.17973	-0.00221604	0.198546	0.00457136	
2.44	0.179055	-0.00214609	0.197524	0.00441777	0.179055	-0.00214609	0.197524	0.00441777	
2.46	0.178385	-0.002079	0.196516	0.00427053	0.178385	-0.002079	0.196516	0.00427053	
2.48	0.17772	-0.00201463	0.195522	0.00412931	0.17772	-0.00201463	0.195522	0.00412931	
2.5	0.17706	-0.00195285	0.194541	0.00399381	0.17706	-0.00195285	0.194541	0.00399381	
2.52	0.176406	-0.00189354	0.193573	0.00386374	0.176406	-0.00189354	0.193573	0.00386374	
2.54	0.175756	-0.00183658	0.192618	0.00373882	0.175756	-0.00183658	0.192618	0.00373882	
2.56	0.175111	-0.00178186	0.191675	0.0036188	0.175111	-0.00178186	0.191675	0.0036188	
2.58	0.174471	-0.00172928	0.190745	0.00350342	0.174471	-0.00172928	0.190745	0.00350342	
2.6	0.173837	-0.00167872	0.189827	0.00339247	0.173837	-0.00167872	0.189827	0.00339247	
2.62	0.173207	-0.00163011	0.188921	0.00328572	0.173207	-0.00163011	0.188921	0.00328572	
2.64	0.172581	-0.00158335	0.188026	0.00318297	0.172581	-0.00158335	0.188026	0.00318297	
2.66	0.171961	-0.00153835	0.187142	0.00308404	0.171961	-0.00153835	0.187142	0.00308404	
2.68	0.171345	-0.00149504	0.186269	0.00298873	0.171345	-0.00149504	0.186269	0.00298873	
2.7	0.170734	-0.00145334	0.185407	0.00289688	0.170734	-0.00145334	0.185407	0.00289688	
2.72	0.170128	-0.00141317	0.184556	0.00280833	0.170128	-0.00141317	0.184556	0.00280833	
2.74	0.169526	-0.00137446	0.183715	0.00272292	0.169526	-0.00137446	0.183715	0.00272292	
2.76	0.168928	-0.00133716	0.182884	0.00264051	0.168928	-0.00133716	0.182884	0.00264051	
2.78	0.168336	-0.0013012	0.182063	0.00256096	0.168336	-0.0013012	0.182063	0.00256096	
2.8	0.167747	-0.00126652	0.181251	0.00248415	0.167747	-0.00126652	0.181251	0.00248415	
2.82	0.167163	-0.00123306	0.180449	0.00240995	0.167163	-0.00123306	0.180449	0.00240995	
2.84	0.166583	-0.00120077	0.179656	0.00233824	0.166583	-0.00120077	0.179656	0.00233824	
2.86	0.166008	-0.00116961	0.178873	0.00226892	0.166008	-0.00116961	0.178873	0.00226892	
2.88	0.165437	-0.00113951	0.178098	0.00220188	0.165437	-0.00113951	0.178098	0.00220188	
2.9	0.16487	-0.00111045	0.177332	0.00213703	0.16487	-0.00111045	0.177332	0.00213703	
2.92	0.164307	-0.00108237	0.176574	0.00207427	0.164307	-0.00108237	0.176574	0.00207427	
2.94	0.163749	-0.00105523	0.175825	0.00201351	0.163749	-0.00105523	0.175825	0.00201351	
2.96	0.163194	-0.001029	0.175084	0.00195467	0.163194	-0.001029	0.175084	0.00195467	
2.98	0.162643	-0.00100364	0.174351	0.00189768	0.162643	-0.00100364	0.174351	0.00189768	
3	0.162097	-0.000979105	0.173625	0.00184245	0.162097	-0.000979105	0.173625	0.00184245	
3.02	0.161554	-0.000955371	0.172908	0.00178891	0.161554	-0.000955371	0.172908	0.00178891	
3.04	0.161015	-0.000932404	0.172198	0.001737	0.161015	-0.000932404	0.172198	0.001737	
3.06	0.16048	-0.000910172	0.171495	0.00168665	0.16048	-0.000910172	0.171495	0.00168665	
3.08	0.159949	-0.000888646	0.1708	0.0016378	0.159949	-0.000888646	0.1708	0.0016378	
3.1	0.159421	-0.0008678	0.170112	0.00159039	0.159421	-0.0008678	0.170112	0.00159039	
3.12	0.158898	-0.000847606	0.169431	0.00154437	0.158898	-0.000847606	0.169431	0.00154437	
3.14	0.158378	-0.000828039	0.168757	0.00149969	0.158378	-0.000828039	0.168757	0.00149969	
3.16	0.157861	-0.000809075	0.168089	0.00145628	0.157861	-0.000809075	0.168089	0.00145628	
3.18	0.157348	-0.000790691	0.167428	0.00141412	0.157348	-0.000790691	0.167428	0.00141412	
3.2	0.156839	-0.000772865	0.166773	0.00137314	0.156839	-0.000772865	0.166773	0.00137314	
3.22	0.156333	-0.000755577	0.166125	0.00133331	0.156333	-0.000755577	0.166125	0.00133331	
3.24	0.155831	-0.000738805	0.165483	0.00129459	0.155831	-0.000738805	0.165483	0.00129459	
3.26	0.155332	-0.000722532	0.164848	0.00125694	0.155332	-0.000722532	0.164848	0.00125694	
3.28	0.154836	-0.000706738	0.164218	0.00122031	0.154836	-0.000706738	0.164218	0.00122031	
3.3	0.154344	-0.000691407	0.163594	0.00118468	0.154344	-0.000691407	0.163594	0.00118468	
3.32	0.153855	-0.000676521	0.162976	0.00115001	0.153855	-0.000676521	0.162976	0.00115001	
3.34	0.153369	-0.000662064	0.162364	0.00111627	0.153369	-0.000662064	0.162364	0.00111627	
3.36	0.152887	-0.000648022	0.161757	0.00108342	0.152887	-0.000648022	0.161757	0.00108342	
3.38	0.152408	-0.000634379	0.161156	0.00105145	0.152408	-0.000634379	0.161156	0.00105145	
3.4	0.151932	-0.000621121	0.16056	0.00102031	0.151932	-0.000621121	0.16056	0.00102031	
3.42	0.151459	-0.000608236	0.15997	0.000989978	0.151459	-0.000608236	0.15997	0.000989978	
3.44	0.150989	-0.000595709	0.159384	0.000960437	0.150989	-0.000595709	0.159384	0.000960437	
3.46	0.150522	-0.000583529	0.158804	0.000931658	0.150522	-0.000583529	0.158804	0.000931658	
3.48	0.150059	-0.000571684	0.158229	0.000903617	0.150059	-0.000571684	0.158229	0.000903617	
3.5	0.149598	-0.000560162	0.15766	0.000876291	0.149598	-0.000560162	0.15766	0.000876291	
3.52	0.14914	-0.000548953	0.157094	0.00084966	0.14914	-0.000548953	0.157094	0.00084966	
3.54	0.148685	-0.000538046	0.156534	0.000823703	0.148685	-0.000538046	0.156534	0.000823703	
3.56	0.148234	-0.00052743	0.155979	0.0007984	0.148234	-0.00052743	0.155979	0.0007984	
3.58	0.147785	-0.000517097	0.155428	0.000773732	0.147785	-0.000517097	0.155428	0.000773732	
3.6	0.147338	-0.000507037	0.154882	0.000749681	0.147338	-0.000507037	0.154882	0.000749681	
3.62	0.146895	-0.000497241	0.15434	0.00072623	0.146895	-0.000497241	0.15434	0.00072623	
3.64	0.146455	-0.0004877	0.153803	0.000703363	0.146455	-0.0004877	0.153803	0.000703363	
3.66	0.146017	-0.000478406	0.15327	0.000681062	0.146017	-0.000478406	0.15327	0.000681062	
3.68	0.145582	-0.000469352	0.152742	0.000659314	0.145582	-0.000469352	0.152742	0.000659314	
3.7	0.14515	-0.000460529	0.152218	0.000638104	0.14515	-0.000460529	0.152218	0.000638104	
3.72	0.14472	-0.00045193	0.151698	0.000617417	0.14472	-0.00045193	0.151698	0.000617417	
3.74	0.144293	-0.000443549	0.151182	0.000597239	0.144293	-0.000443549	0.151182	0.000597239	
3.76	0.143869	-0.000435378	0.15067	0.000577559	0.143869	-0.000435378	0.15067	0.000577559	
3.78	0.143447	-0.000427411	0.150163	0.000558363	0.143447	-0.000427411	0.150163	0.000558363	
3.8	0.143028	-0.000419642	0.149659	0.00053964	0.143028	-0.000419642	0.149659	0.00053964	
3.82	0.142611	-0.000412064	0.149159	0.000521378	0.142611	-0.000412064	0.149159	0.000521378	
3.84	0.142197	-0.000404671	0.148663	0.000503565	0.142197	-0.000404671	0.148663	0.000503565	
3.86	0.141785	-0.000397459	0.148171	0.000486191	0.141785	-0.000397459	0.148171	0.000486191	
3.88	0.141376	-0.00039042	0.147683	0.000469246	0.141376	-0.00039042	0.147683	0.000469246	
3.9	0.14097	-0.000383551	0.147198	0.00045272	0.14097	-0.000383551	0.147198	0.00045272	
3.92	0.140565	-0.000376847	0.146717	0.000436603	0.140565	-0.000376847	0.146717	0.000436603	
3.94	0.140163	-0.000370301	0.146239	0.000420885	0.140163	-0.000370301	0.146239	0.000420885	
3.96	0.139764	-0.00036391	0.145765	0.000405558	0.139764	-0.00036391	0.145765	0.000405558	
3.98	0.139367	-0.000357669	0.145295	0.000390613	0.139367	-0.000357669	0.145295	0.000390613	
4	0.138972	-0.000351574	0.144828	0.000376042	0.138972	-0.000351574	0.144828	0.000376042	
4.02	0.13858	-0.00034562	0.144365	0.000361835	0.13858	-0.00034562	0.144365	0.000361835	
4.04	0.138189	-0.000339803	0.143905	0.000347987	0.138189	-0.000339803	0.143905	0.000347987	
4.06	0.137802	-0.000334119	0.143448	0.000334487	0.137802	-0.000334119	0.143448	0.000334487	
4.08	0.137416	-0.000328565	0.142994	0.000321331	0.137416	-0.000328565	0.142994	0.000321331	
4.1	0.137032	-0.000323136	0.142544	0.000308509	0.137032	-0.000323136	0.142544	0.000308509	
4.12	0.136651	-0.00031783	0.142097	0.000296014	0.136651	-0.00031783	0.142097	0.000296014	
4.14	0.136272	-0.000312642	0.141653	0.000283841	0.136272	-0.000312642	0.141653	0.000283841	
4.16	0.135895	-0.000307569	0.141212	0.000271982	0.135895	-0.000307569	0.141212	0.000271982	
4.18	0.135521	-0.000302609	0.140775	0.000260431	0.135521	-0.000302609	0.140775	0.000260431	
4.2	0.135148	-0.000297757	0.14034	0.000249182	0.135148	-0.000297757	0.14034	0.000249182	
4.22	0.134778	-0.000293012	0.139908	0.000238227	0.134778	-0.000293012	0.139908	0.000238227	
4.24	0.134409	-0.000288369	0.13948	0.000227562	0.134409	-0.000288369	0.13948	0.000227562	
4.26	0.134043	-0.000283827	0.139054	0.00021718	0.134043	-0.000283827	0.139054	0.00021718	
4.28	0.133679	-0.000279381	0.138631	0.000207075	0.133679	-0.000279381	0.138631	0.000207075	
4.3	0.133316	-0.000275031	0.138212	0.000197242	0.133316	-0.000275031	0.138212	0.000197242	
4.32	0.132956	-0.000270772	0.137795	0.000187676	0.132956	-0.000270772	0.137795	0.000187676	
4.34	0.132598	-0.000266603	0.13738	0.00017837	0.132598	-0.000266603	0.13738	0.00017837	
4.36	0.132242	-0.000262522	0.136969	0.000169319	0.132242	-0.000262522	0.136969	0.000169319	
4.38	0.131888	-0.000258525	0.13656	0.000160519	0.131888	-0.000258525	0.13656	0.000160519	
4.4	0.131535	-0.00025461	0.136154	0.000151963	0.131535	-0.00025461	0.136154	0.000151963	
4.42	0.131185	-0.000250776	0.135751	0.000143648	0.131185	-0.000250776	0.135751	0.000143648	
4.44	0.130836	-0.00024702	0.13535	0.000135568	0.130836	-0.00024702	0.13535	0.000135568	
4.46	0.13049	-0.000243341	0.134952	0.000127718	0.13049	-0.000243341	0.134952	0.000127718	
4.48	0.130145	-0.000239735	0.134557	0.000120093	0.130145	-0.000239735	0.134557	0.000120093	
4.5	0.129802	-0.000236201	0.134164	0.000112689	0.129802	-0.000236201	0.134164	0.000112689	
4.52	0.129461	-0.000232738	0.133774	0.000105502	0.129461	-0.000232738	0.133774	0.000105502	
4.54	0.129122	-0.000229343	0.133386	9.85257e-05	0.129122	-0.000229343	0.133386	9.85257e-05	
4.56	0.128785	-0.000226015	0.133001	9.17566e-05	0.128785	-0.000226015	0.133001	9.17566e-05	
4.58	0.128449	-0.000222751	0.132618	8.51903e-05	0.128449	-0.000222751	0.132618	8.51903e-05	
4.6	0.128116	-0.000219551	0.132238	7.88224e-05	0.128116	-0.000219551	0.132238	7.88224e-05	
4.62	0.127784	-0.000216412	0.13186	7.26485e-05	0.127784	-0.000216412	0.13186	7.26485e-05	
4.64	0.127453	-0.000213333	0.131485	6.66646e-05	0.127453	-0.000213333	0.131485	6.66646e-05	
4.66	0.127125	-0.000210313	0.131112	6.08663e-05	0.127125	-0.000210313	0.131112	6.08663e-05	
4.68	0.126798	-0.00020735	0.130741	5.52498e-05	0.126798	-0.00020735	0.130741	5.52498e-05	
4.7	0.126473	-0.000204442	0.130372	4.98108e-05	0.126473	-0.000204442	0.130372	4.98108e-05	
4.72	0.12615	-0.000201588	0.130006	4.45456e-05	0.12615	-0.000201588	0.130006	4.45456e-05	
4.74	0.125828	-0.000198787	0.129642	3.94501e-05	0.125828	-0.000198787	0.129642	3.94501e-05	
4.76	0.125508	-0.000196037	0.129281	3.45205e-05	0.125508	-0.000196037	0.129281	3.45205e-05	
4.78	0.12519	-0.000193338	0.128921	2.97531e-05	0.12519	-0.000193338	0.128921	2.97531e-05	
4.8	0.124873	-0.000190687	0.128564	2.5144e-05	0.124873	-0.000190687	0.128564	2.5144e-05	
4.82	0.124558	-0.000188083	0.128209	2.06897e-05	0.124558	-0.000188083	0.128209	2.06897e-05	
4.84	0.124245	-0.000185527	0.127856	1.63865e-05	0.124245	-0.000185527	0.127856	1.63865e-05	
4.86	0.123933	-0.000183015	0.127505	1.22308e-05	0.123933	-0.000183015	0.127505	1.22308e-05	
4.88	0.123623	-0.000180548	0.127157	8.21906e-06	0.123623	-0.000180548	0.127157	8.21906e-06	
4.9	0.123314	-0.000178123	0.12681	4.34791e-06	0.123314	-0.000178123	0.12681	4.34791e-06	
4.92	0.123007	-0.000175741	0.126466	6.13898e-07	0.123007	-0.000175741	0.126466	6.13898e-07	
4.94	0.122702	-0.000173399	0.126123	-2.98633e-06	0.122702	-0.000173399	0.126123	-2.98633e-06	
4.96	0.122398	-0.000171097	0.125783	-6.45609e-06	0.122398	-0.000171097	0.125783	-6.45609e-06	
4.98	0.122095	-0.000168835	0.125445	-9.79862e-06	0.122095	-0.000168835	0.125445	-9.79862e-06	
5	0.121794	-0.00016661	0.125108	-1.30171e-05	0.121794	-0.00016661	0.125108	-1.30171e-05	
5.02	0.121495	-0.000164423	0.124774	-1.61147e-05	0.121495	-0.000164423	0.124774	-1.61147e-05	
5.04	0.121197	-0.000162271	0.124442	-1.90946e-05	0.121197	-0.000162271	0.124442	-1.90946e-05	
5.06	0.120901	-0.000160155	0.124111	-2.19597e-05	0.120901	-0.000160155	0.124111	-2.19597e-05	
5.08	0.120606	-0.000158073	0.123783	-2.4713e-05	0.120606	-0.000158073	0.123783	-2.4713e-05	
5.1	0.120312	-0.000156025	0.123456	-2.73575e-05	0.120312	-0.000156025	0.123456	-2.73575e-05	
5.12	0.12002	-0.00015401	0.123132	-2.98961e-05	0.12002	-0.00015401	0.123132	-2.98961e-05	
5.14	0.11973	-0.000152027	0.122809	-3.23316e-05	0.11973	-0.000152027	0.122809	-3.23316e-05	
5.16	0.119441	-0.000150075	0.122488	-3.46667e-05	0.119441	-0.000150075	0.122488	-3.46667e-05	
5.18	0.119153	-0.000148154	0.122169	-3.69043e-05	0.119153	-0.000148154	0.122169	-3.69043e-05	
5.2	0.118866	-0.000146262	0.121852	-3.90471e-05	0.118866	-0.000146262	0.121852	-3.90471e-05	
5.22	0.118582	-0.0001444	0.121536	-4.10975e-05	0.118582	-0.0001444	0.121536	-4.10975e-05	
5.24	0.118298	-0.000142565	0.121222	-4.30583e-05	0.118298	-0.000142565	0.121222	-4.30583e-05	
5.26	0.118016	-0.000140759	0.120911	-4.49319e-05	0.118016	-0.000140759	0.120911	-4.49319e-05	
5.28	0.117735	-0.00013898	0.1206	-4.67209e-05	0.117735	-0.00013898	0.1206	-4.67209e-05	
5.3	0.117456	-0.000137227	0.120292	-4.84277e-05	0.117456	-0.000137227	0.120292	-4.84277e-05	
5.32	0.117177	-0.0001355	0.119985	-5.00546e-05	0.117177	-0.0001355	0.119985	-5.00546e-05	
5.34	0.116901	-0.000133799	0.11968	-5.16041e-05	0.116901	-0.000133799	0.11968	-5.16041e-05	
5.36	0.116625	-0.000132122	0.119377	-5.30783e-05	0.116625	-0.000132122	0.119377	-5.30783e-05	
5.38	0.116351	-0.000130469	0.119076	-5.44795e-05	0.116351	-0.000130469	0.119076	-5.44795e-05	
5.4	0.116078	-0.00012884	0.118776	-5.581e-05	0.116078	-0.00012884	0.118776	-5.581e-05	
5.42	0.115807	-0.000127233	0.118477	-5.70718e-05	0.115807	-0.000127233	0.118477	-5.70718e-05	
5.44	0.115536	-0.00012565	0.118181	-5.82671e-05	0.115536	-0.00012565	0.118181	-5.82671e-05	
5.46	0.115268	-0.000124088	0.117886	-5.93979e-05	0.115268	-0.000124088	0.117886	-5.93979e-05	
5.48	0.115	-0.000122548	0.117592	-6.04662e-05	0.115	-0.000122548	0.117592	-6.04662e-05	
5.5	0.114733	-0.000121029	0.1173	-6.1474e-05	0.114733	-0.000121029	0.1173	-6.1474e-05	
5.52	0.114468	-0.00011953	0.11701	-6.24231e-05	0.114468	-0.00011953	0.11701	-6.24231e-05	
5.54	0.114204	-0.000118051	0.116722	-6.33156e-05	0.114204	-0.000118051	0.116722	-6.33156e-05	
5.56	0.113942	-0.000116593	0.116434	-6.41531e-05	0.113942	-0.000116593	0.116434	-6.41531e-05	
5.58	0.11368	-0.000115153	0.116149	-6.49375e-05	0.11368	-0.000115153	0.116149	-6.49375e-05	
5.6	0.11342	-0.000113732	0.115865	-6.56705e-05	0.11342	-0.000113732	0.115865	-6.56705e-05	
5.62	0.113161	-0.00011233	0.115582	-6.63539e-05	0.113161	-0.00011233	0.115582	-6.63539e-05	
5.64	0.112903	-0.000110945	0.115301	-6.69892e-05	0.112903	-0.000110945	0.115301	-6.69892e-05	
5.66	0.112646	-0.000109578	0.115022	-6.7578e-05	0.112646	-0.000109578	0.115022	-6.7578e-05	
5.68	0.112391	-0.000108229	0.114744	-6.81221e-05	0.112391	-0.000108229	0.114744	-6.81221e-05	
5.7	0.112136	-0.000106896	0.114467	-6.86228e-05	0.112136	-0.000106896	0.114467	-6.86228e-05	
5.72	0.111883	-0.00010558	0.114192	-6.90817e-05	0.111883	-0.00010558	0.114192	-6.90817e-05	
5.74	0.111631	-0.00010428	0.113918	-6.95002e-05	0.111631	-0.00010428	0.113918	-6.95002e-05	
5.76	0.11138	-0.000102996	0.113646	-6.98798e-05	0.11138	-0.000102996	0.113646	-6.98798e-05	
5.78	0.111131	-0.000101727	0.113375	-7.02219e-05	0.111131	-0.000101727	0.113375	-7.02219e-05	
5.8	0.110882	-0.000100474	0.113105	-7.05277e-05	0.110882	-0.000100474	0.113105	-7.05277e-05	
5.82	0.110635	-9.92357e-05	0.112837	-7.07986e-05	0.110635	-9.92357e-05	0.112837	-7.07986e-05	
5.84	0.110388	-9.80118e-05	0.11257	-7.10358e-05	0.110388	-9.80118e-05	0.11257	-7.10358e-05	
5.86	0.110143	-9.68023e-05	0.112305	-7.12407e-05	0.110143	-9.68023e-05	0.112305	-7.12407e-05	
5.88	0.109899	-9.56069e-05	0.112041	-7.14143e-05	0.109899	-9.56069e-05	0.112041	-7.14143e-05	
5.9	0.109656	-9.44252e-05	0.111778	-7.15579e-05	0.109656	-9.44252e-05	0.111778	-7.15579e-05	
5.92	0.109414	-9.3257e-05	0.111517	-7.16727e-05	0.109414	-9.3257e-05	0.111517	-7.16727e-05	
5.94	0.109173	-9.2102e-05	0.111257	-7.17596e-05	0.109173	-9.2102e-05	0.111257	-7.17596e-05	
5.96	0.108933	-9.09601e-05	0.110998	-7.18198e-05	0.108933	-9.09601e-05	0.110998	-7.18198e-05	
5.98	0.108695	-8.98309e-05	0.110741	-7.18544e-05	0.108695	-8.98309e-05	0.110741	-7.18544e-05	
6	0.108457	-8.87142e-05	0.110485	-7.18642e-05	0.108457	-8.87142e-05	0.110485	-7.18642e-05	
6.02	0.10822	-8.76099e-05	0.11023	-7.18504e-05	0.10822	-8.76099e-05	0.11023	-7.18504e-05	
6.04	0.107985	-8.65175e-05	0.109976	-7.18139e-05	0.107985	-8.65175e-05	0.109976	-7.18139e-05	
6.06	0.10775	-8.54371e-05	0.109724	-7.17555e-05	0.10775	-8.54371e-05	0.109724	-7.17555e-05	
6.08	0.107517	-8.43683e-05	0.109473	-7.16762e-05	0.107517	-8.43683e-05	0.109473	-7.16762e-05	
6.1	0.107284	-8.3311e-05	0.109223	-7.15769e-05	0.107284	-8.3311e-05	0.109223	-7.15769e-05	
6.12	0.107053	-8.22649e-05	0.108974	-7.14584e-05	0.107053	-8.22649e-05	0.108974	-7.14584e-05	
6.14	0.106822	-8.12299e-05	0.108727	-7.13215e-05	0.106822	-8.12299e-05	0.108727	-7.13215e-05	
6.16	0.106593	-8.02057e-05	0.108481	-7.1167e-05	0.106593	-8.02057e-05	0.108481	-7.1167e-05	
6.18	0.106364	-7.91923e-05	0.108236	-7.09957e-05	0.106364	-7.91923e-05	0.108236	-7.09957e-05	
6.2	0.106137	-7.81895e-05	0.107992	-7.08083e-05	0.106137	-7.81895e-05	0.107992	-7.08083e-05	
6.22	0.10591	-7.7197e-05	0.107749	-7.06055e-05	0.10591	-7.7197e-05	0.107749	-7.06055e-05	
6.24	0.105685	-7.62147e-05	0.107508	-7.03881e-05	0.105685	-7.62147e-05	0.107508	-7.03881e-05	
6.26	0.10546	-7.52424e-05	0.107268	-7.01567e-05	0.10546	-7.52424e-05	0.107268	-7.01567e-05	
6.28	0.105237	-7.42801e-05	0.107028	-6.99119e-05	0.105237	-7.42801e-05	0.107028	-6.99119e-05	
6.3	0.105014	-7.33276e-05	0.10679	-6.96544e-05	0.105014	-7.33276e-05	0.10679	-6.96544e-05	
6.32	0.104793	-7.23847e-05	0.106554	-6.93849e-05	0.104793	-7.23847e-05	0.106554	-6.93849e-05	
6.34	0.104572	-7.14512e-05	0.106318	-6.91038e-05	0.104572	-7.14512e-05	0.106318	-6.91038e-05	
6.36	0.104352	-7.05272e-05	0.106083	-6.88118e-05	0.104352	-7.05272e-05	0.106083	-6.88118e-05	
6.38	0.104133	-6.96123e-05	0.10585	-6.85094e-05	0.104133	-6.96123e-05	0.10585	-6.85094e-05	
6.4	0.103915	-6.87066e-05	0.105617	-6.81972e-05	0.103915	-6.87066e-05	0.105617	-6.81972e-05	
6.42	0.103698	-6.78099e-05	0.105386	-6.78756e-05	0.103698	-6.78099e-05	0.105386	-6.78756e-05	
6.44	0.103482	-6.69221e-05	0.105156	-6.75452e-05	0.103482	-6.69221e-05	0.105156	-6.75452e-05	
6.46	0.103267	-6.6043e-05	0.104926	-6.72065e-05	0.103267	-6.6043e-05	0.104926	-6.72065e-05	
6.48	0.103053	-6.51726e-05	0.104698	-6.68598e-05	0.103053	-6.51726e-05	0.104698	-6.68598e-05	
6.5	0.102839	-6.43108e-05	0.104471	-6.65057e-05	0.102839	-6.43108e-05	0.104471	-6.65057e-05	
6.52	0.102627	-6.34575e-05	0.104245	-6.61447e-05	0.102627	-6.34575e-05	0.104245	-6.61447e-05	
6.54	0.102415	-6.26125e-05	0.10402	-6.5777e-05	0.102415	-6.26125e-05	0.10402	-6.5777e-05	
6.56	0.102205	-6.17759e-05	0.103796	-6.54031e-05	0.102205	-6.17759e-05	0.103796	-6.54031e-05	
6.58	0.101995	-6.09474e-05	0.103573	-6.50235e-05	0.101995	-6.09474e-05	0.103573	-6.50235e-05	
6.6	0.101786	-6.0127e-05	0.103351	-6.46384e-05	0.101786	-6.0127e-05	0.103351	-6.46384e-05	
6.62	0.101578	-5.93147e-05	0.103131	-6.42482e-05	0.101578	-5.93147e-05	0.103131	-6.42482e-05	
6.64	0.101371	-5.85104e-05	0.102911	-6.38534e-05	0.101371	-5.85104e-05	0.102911	-6.38534e-05	
6.66	0.101164	-5.77139e-05	0.102692	-6.34541e-05	0.101164	-5.77139e-05	0.102692	-6.34541e-05	
6.68	0.100959	-5.69252e-05	0.102474	-6.30508e-05	0.100959	-5.69252e-05	0.102474	-6.30508e-05	
6.7	0.100754	-5.61443e-05	0.102257	-6.26438e-05	0.100754	-5.61443e-05	0.102257	-6.26438e-05	
6.72	0.10055	-5.5371e-05	0.102041	-6.22333e-05	0.10055	-5.5371e-05	0.102041	-6.22333e-05	
6.74	0.100347	-5.46054e-05	0.101826	-6.18197e-05	0.100347	-5.46054e-05	0.101826	-6.18197e-05	
6.76	0.100145	-5.38473e-05	0.101612	-6.14031e-05	0.100145	-5.38473e-05	0.101612	-6.14031e-05	
6.78	0.0999437	-5.30967e-05	0.101399	-6.0984e-05	0.0999437	-5.30967e-05	0.101399	-6.0984e-05	
6.8	0.0997432	-5.23535e-05	0.101187	-6.05625e-05	0.0997432	-5.23535e-05	0.101187	-6.05625e-05	
6.82	0.0995434	-5.16177e-05	0.100976	-6.01389e-05	0.0995434	-5.16177e-05	0.100976	-6.01389e-05	
6.84	0.0993445	-5.08891e-05	0.100765	-5.97135e-05	0.0993445	-5.08891e-05	0.100765	-5.97135e-05	
6.86	0.0991464	-5.01679e-05	0.100556	-5.92864e-05	0.0991464	-5.01679e-05	0.100556	-5.92864e-05	
6.88	0.0989491	-4.94539e-05	0.100348	-5.88578e-05	0.0989491	-4.94539e-05	0.100348	-5.88578e-05	
6.9	0.0987526	-4.8747e-05	0.10014	-5.84281e-05	0.0987526	-4.8747e-05	0.10014	-5.84281e-05	
6.92	0.0985568	-4.80473e-05	0.0999335	-5.79973e-05	0.0985568	-4.80473e-05	0.0999335	-5.79973e-05	
6.94	0.0983619	-4.73546e-05	0.0997278	-5.75657e-05	0.0983619	-4.73546e-05	0.0997278	-5.75657e-05	
6.96	0.0981677	-4.6669e-05	0.099523	-5.71335e-05	0.0981677	-4.6669e-05	0.099523	-5.71335e-05	
6.98	0.0979743	-4.59904e-05	0.0993191	-5.67008e-05	0.0979743	-4.59904e-05	0.0993191	-5.67008e-05	
7	0.0977817	-4.53187e-05	0.0991161	-5.62679e-05	0.0977817	-4.53187e-05	0.0991161	-5.62679e-05	
7.02	0.0975898	-4.46539e-05	0.0989139	-5.58348e-05	0.0975898	-4.46539e-05	0.0989139	-5.58348e-05	
7.04	0.0973987	-4.3996e-05	0.0987126	-5.54018e-05	0.0973987	-4.3996e-05	0.0987126	-5.54018e-05	
7.06	0.0972084	-4.33449e-05	0.0985122	-5.49689e-05	0.0972084	-4.33449e-05	0.0985122	-5.49689e-05	
7.08	0.0970188	-4.27006e-05	0.0983126	-5.45364e-05	0.0970188	-4.27006e-05	0.0983126	-5.45364e-05	
7.1	0.0968299	-4.2063e-05	0.0981139	-5.41043e-05	0.0968299	-4.2063e-05	0.0981139	-5.41043e-05	
7.12	0.0966418	-4.14322e-05	0.097916	-5.36728e-05	0.0966418	-4.14322e-05	0.097916	-5.36728e-05	
7.14	0.0964545	-4.08081e-05	0.097719	-5.32421e-05	0.0964545	-4.08081e-05	0.097719	-5.32421e-05	
7.16	0.0962678	-4.01906e-05	0.0975228	-5.28122e-05	0.0962678	-4.01906e-05	0.0975228	-5.28122e-05	
7.18	0.0960819	-3.95797e-05	0.0973274	-5.23832e-05	0.0960819	-3.95797e-05	0.0973274	-5.23832e-05	
7.2	0.0958968	-3.89754e-05	0.0971329	-5.19553e-05	0.0958968	-3.89754e-05	0.0971329	-5.19553e-05	
7.22	0.0957123	-3.83777e-05	0.0969391	-5.15286e-05	0.0957123	-3.83777e-05	0.0969391	-5.15286e-05	
7.24	0.0955286	-3.77865e-05	0.0967462	-5.11031e-05	0.0955286	-3.77865e-05	0.0967462	-5.11031e-05	
7.26	0.0953455	-3.72018e-05	0.0965541	-5.0679e-05	0.0953455	-3.72018e-05	0.0965541	-5.0679e-05	
7.28	0.0951632	-3.66235e-05	0.0963628	-5.02564e-05	0.0951632	-3.66235e-05	0.0963628	-5.02564e-05	
7.3	0.0949816	-3.60517e-05	0.0961722	-4.98353e-05	0.0949816	-3.60517e-05	0.0961722	-4.98353e-05	
7.32	0.0948007	-3.54863e-05	0.0959825	-4.94158e-05	0.0948007	-3.54863e-05	0.0959825	-4.94158e-05	
7.34	0.0946205	-3.49272e-05	0.0957935	-4.8998e-05	0.0946205	-3.49272e-05	0.0957935	-4.8998e-05	
7.36	0.0944409	-3.43745e-05	0.0956053	-4.8582e-05	0.0944409	-3.43745e-05	0.0956053	-4.8582e-05	
7.38	0.0942621	-3.38281e-05	0.0954179	-4.81678e-05	0.0942621	-3.38281e-05	0.0954179	-4.81678e-05	
7.4	0.0940839	-3.32879e-05	0.0952313	-4.77555e-05	0.0940839	-3.32879e-05	0.0952313	-4.77555e-05	
7.42	0.0939065	-3.2754e-05	0.0950454	-4.73452e-05	0.0939065	-3.2754e-05	0.0950454	-4.73452e-05	
7.44	0.0937297	-3.22263e-05	0.0948603	-4.69369e-05	0.0937297	-3.22263e-05	0.0948603	-4.69369e-05	
7.46	0.0935535	-3.17049e-05	0.0946759	-4.65307e-05	0.0935535	-3.17049e-05	0.0946759	-4.65307e-05	
7.48	0.0933781	-3.11895e-05	0.0944923	-4.61266e-05	0.0933781	-3.11895e-05	0.0944923	-4.61266e-05	
7.5	0.0932033	-3.06803e-05	0.0943095	-4.57247e-05	0.0932033	-3.06803e-05	0.0943095	-4.57247e-05	
7.52	0.0930291	-3.01772e-05	0.0941273	-4.5325e-05	0.0930291	-3.01772e-05	0.0941273	-4.5325e-05	
7.54	0.0928556	-2.96801e-05	0.0939459	-4.49276e-05	0.0928556	-2.96801e-05	0.0939459	-4.49276e-05	
7.56	0.0926828	-2.91891e-05	0.0937652	-4.45325e-05	0.0926828	-2.91891e-05	0.0937652	-4.45325e-05	
7.58	0.0925106	-2.87041e-05	0.0935853	-4.41397e-05	0.0925106	-2.87041e-05	0.0935853	-4.41397e-05	
7.6	0.0923391	-2.8225e-05	0.0934061	-4.37494e-05	0.0923391	-2.8225e-05	0.0934061	-4.37494e-05	
7.62	0.0921682	-2.77519e-05	0.0932276	-4.33614e-05	0.0921682	-2.77519e-05	0.0932276	-4.33614e-05	
7.64	0.0919979	-2.72846e-05	0.0930498	-4.29759e-05	0.0919979	-2.72846e-05	0.0930498	-4.29759e-05	
7.66	0.0918283	-2.68233e-05	0.0928727	-4.25929e-05	0.0918283	-2.68233e-05	0.0928727	-4.25929e-05	
7.68	0.0916593	-2.63678e-05	0.0926963	-4.22123e-05	0.0916593	-2.63678e-05	0.0926963	-4.22123e-05	
7.7	0.091491	-2.5918e-05	0.0925206	-4.18343e-05	0.091491	-2.5918e-05	0.0925206	-4.18343e-05	
7.72	0.0913232	-2.54741e-05	0.0923456	-4.14589e-05	0.0913232	-2.54741e-05	0.0923456	-4.14589e-05	
7.74	0.0911561	-2.50359e-05	0.0921713	-4.1086e-05	0.0911561	-2.50359e-05	0.0921713	-4.1086e-05	
7.76	0.0909896	-2.46033e-05	0.0919976	-4.07157e-05	0.0909896	-2.46033e-05	0.0919976	-4.07157e-05	
7.78	0.0908237	-2.41765e-05	0.0918247	-4.0348e-05	0.0908237	-2.41765e-05	0.0918247	-4.0348e-05	
7.8	0.0906584	-2.37552e-05	0.0916524	-3.9983e-05	0.0906584	-2.37552e-05	0.0916524	-3.9983e-05	
7.82	0.0904937	-2.33396e-05	0.0914808	-3.96206e-05	0.0904937	-2.33396e-05	0.0914808	-3.96206e-05	
7.84	0.0903297	-2.29295e-05	0.0913098	-3.92608e-05	0.0903297	-2.29295e-05	0.0913098	-3.92608e-05	
7.86	0.0901662	-2.25249e-05	0.0911396	-3.89036e-05	0.0901662	-2.25249e-05	0.0911396	-3.89036e-05	
7.88	0.0900033	-2.21258e-05	0.09097	-3.85492e-05	0.0900033	-2.21258e-05	0.09097	-3.85492e-05	
7.9	0.089841	-2.17322e-05	0.090801	-3.81974e-05	0.089841	-2.17322e-05	0.090801	-3.81974e-05	
7.92	0.0896793	-2.13439e-05	0.0906327	-3.78483e-05	0.0896793	-2.13439e-05	0.0906327	-3.78483e-05	
7.94	0.0895182	-2.0961e-05	0.090465	-3.75019e-05	0.0895182	-2.0961e-05	0.090465	-3.75019e-05	
7.96	0.0893577	-2.05834e-05	0.090298	-3.71581e-05	0.0893577	-2.05834e-05	0.090298	-3.71581e-05	
7.98	0.0891978	-2.02111e-05	0.0901316	-3.68171e-05	0.0891978	-2.02111e-05	0.0901316	-3.68171e-05	
8	0.0890384	-1.98441e-05	0.0899659	-3.64787e-05	0.0890384	-1.98441e-05	0.0899659	-3.64787e-05	
8.02	0.0888796	-1.94822e-05	0.0898008	-3.61431e-05	0.0888796	-1.94822e-05	0.0898008	-3.61431e-05	
8.04	0.0887214	-1.91255e-05	0.0896363	-3.58101e-05	0.0887214	-1.91255e-05	0.0896363	-3.58101e-05	
8.06	0.0885637	-1.8774e-05	0.0894724	-3.54799e-05	0.0885637	-1.8774e-05	0.0894724	-3.54799e-05	
8.08	0.0884066	-1.84275e-05	0.0893092	-3.51523e-05	0.0884066	-1.84275e-05	0.0893092	-3.51523e-05	
8.1	0.0882501	-1.8086e-05	0.0891465	-3.48274e-05	0.0882501	-1.8086e-05	0.0891465	-3.48274e-05	
8.12	0.0880941	-1.77495e-05	0.0889845	-3.45052e-05	0.0880941	-1.77495e-05	0.0889845	-3.45052e-05	
8.14	0.0879387	-1.7418e-05	0.0888231	-3.41856e-05	0.0879387	-1.7418e-05	0.0888231	-3.41856e-05	
8.16	0.0877838	-1.70914e-05	0.0886623	-3.38688e-05	0.0877838	-1.70914e-05	0.0886623	-3.38688e-05	
8.18	0.0876295	-1.67696e-05	0.0885021	-3.35546e-05	0.0876295	-1.67696e-05	0.0885021	-3.35546e-05	
8.2	0.0874757	-1.64527e-05	0.0883425	-3.32431e-05	0.0874757	-1.64527e-05	0.0883425	-3.32431e-05	
8.22	0.0873225	-1.61405e-05	0.0881835	-3.29342e-05	0.0873225	-1.61405e-05	0.0881835	-3.29342e-05	
8.24	0.0871698	-1.5833e-05	0.0880251	-3.26279e-05	0.0871698	-1.5833e-05	0.0880251	-3.26279e-05	
8.26	0.0870176	-1.55303e-05	0.0878672	-3.23243e-05	0.0870176	-1.55303e-05	0.0878672	-3.23243e-05	
8.28	0.086866	-1.52321e-05	0.08771	-3.20233e-05	0.086866	-1.52321e-05	0.08771	-3.20233e-05	
8.3	0.0867149	-1.49386e-05	0.0875533	-3.17249e-05	0.0867149	-1.49386e-05	0.0875533	-3.17249e-05	
8.32	0.0865644	-1.46496e-05	0.0873973	-3.14292e-05	0.0865644	-1.46496e-05	0.0873973	-3.14292e-05	
8.34	0.0864143	-1.43651e-05	0.0872417	-3.1136e-05	0.0864143	-1.43651e-05	0.0872417	-3.1136e-05	
8.36	0.0862648	-1.40851e-05	0.0870868	-3.08454e-05	0.0862648	-1.40851e-05	0.0870868	-3.08454e-05	
8.38	0.0861158	-1.38094e-05	0.0869324	-3.05574e-05	0.0861158	-1.38094e-05	0.0869324	-3.05574e-05	
8.4	0.0859673	-1.35381e-05	0.0867786	-3.02719e-05	0.0859673	-1.35381e-05	0.0867786	-3.02719e-05	
8.42	0.0858194	-1.32712e-05	0.0866254	-2.9989e-05	0.0858194	-1.32712e-05	0.0866254	-2.9989e-05	
8.44	0.0856719	-1.30085e-05	0.0864727	-2.97086e-05	0.0856719	-1.30085e-05	0.0864727	-2.97086e-05	
8.46	0.085525	-1.275e-05	0.0863205	-2.94307e-05	0.085525	-1.275e-05	0.0863205	-2.94307e-05	
8.48	0.0853786	-1.24957e-05	0.0861689	-2.91553e-05	0.0853786	-1.24957e-05	0.0861689	-2.91553e-05	
8.5	0.0852326	-1.22455e-05	0.0860179	-2.88824e-05	0.0852326	-1.22455e-05	0.0860179	-2.88824e-05	
8.52	0.0850872	-1.19994e-05	0.0858674	-2.8612e-05	0.0850872	-1.19994e-05	0.0858674	-2.8612e-05	
8.54	0.0849423	-1.17573e-05	0.0857175	-2.83441e-05	0.0849423	-1.17573e-05	0.0857175	-2.83441e-05	
8.56	0.0847978	-1.15193e-05	0.0855681	-2.80785e-05	0.0847978	-1.15193e-05	0.0855681	-2.80785e-05	
8.58	0.0846539	-1.12851e-05	0.0854192	-2.78155e-05	0.0846539	-1.12851e-05	0.0854192	-2.78155e-05	
8.6	0.0845104	-1.10549e-05	0.0852708	-2.75548e-05	0.0845104	-1.10549e-05	0.0852708	-2.75548e-05	
8.62	0.0843675	-1.08285e-05	0.085123	-2.72965e-05	0.0843675	-1.08285e-05	0.085123	-2.72965e-05	
8.64	0.084225	-1.06058e-05	0.0849757	-2.70406e-05	0.084225	-1.06058e-05	0.0849757	-2.70406e-05	
8.66	0.084083	-1.0387e-05	0.084829	-2.67871e-05	0.084083	-1.0387e-05	0.084829	-2.67871e-05	
8.68	0.0839415	-1.01718e-05	0.0846827	-2.6536e-05	0.0839415	-1.01718e-05	0.0846827	-2.6536e-05	
8.7	0.0838005	-9.9603e-06	0.084537	-2.62871e-05	0.0838005	-9.9603e-06	0.084537	-2.62871e-05	
8.72	0.0836599	-9.7524e-06	0.0843918	-2.60406e-05	0.0836599	-9.7524e-06	0.0843918	-2.60406e-05	
8.74	0.0835198	-9.54807e-06	0.0842471	-2.57964e-05	0.0835198	-9.54807e-06	0.0842471	-2.57964e-05	
8.76	0.0833802	-9.34725e-06	0.0841029	-2.55545e-05	0.0833802	-9.34725e-06	0.0841029	-2.55545e-05	
8.78	0.083241	-9.14991e-06	0.0839592	-2.53148e-05	0.083241	-9.14991e-06	0.0839592	-2.53148e-05	
8.8	0.0831024	-8.95599e-06	0.0838161	-2.50774e-05	0.0831024	-8.95599e-06	0.0838161	-2.50774e-05	
8.82	0.0829642	-8.76545e-06	0.0836734	-2.48422e-05	0.0829642	-8.76545e-06	0.0836734	-2.48422e-05	
8.84	0.0828264	-8.57824e-06	0.0835312	-2.46093e-05	0.0828264	-8.57824e-06	0.0835312	-2.46093e-05	
8.86	0.0826891	-8.39431e-06	0.0833895	-2.43785e-05	0.0826891	-8.39431e-06	0.0833895	-2.43785e-05	
8.88	0.0825523	-8.21364e-06	0.0832483	-2.41499e-05	0.0825523	-8.21364e-06	0.0832483	-2.41499e-05	
8.9	0.0824159	-8.03616e-06	0.0831076	-2.39235e-05	0.0824159	-8.03616e-06	0.0831076	-2.39235e-05	
8.92	0.0822799	-7.86183e-06	0.0829674	-2.36993e-05	0.0822799	-7.86183e-06	0.0829674	-2.36993e-05	
8.94	0.0821444	-7.69061e-06	0.0828277	-2.34772e-05	0.0821444	-7.69061e-06	0.0828277	-2.34772e-05	
8.96	0.0820094	-7.52246e-06	0.0826885	-2.32572e-05	0.0820094	-7.52246e-06	0.0826885	-2.32572e-05	
8.98	0.0818748	-7.35732e-06	0.0825497	-2.30393e-05	0.0818748	-7.35732e-06	0.0825497	-2.30393e-05	
9	0.0817407	-7.19517e-06	0.0824114	-2.28234e-05	0.0817407	-7.19517e-06	0.0824114	-2.28234e-05	
9.02	0.081607	-7.03594e-06	0.0822736	-2.26097e-05	0.081607	-7.03594e-06	0.0822736	-2.26097e-05	
9.04	0.0814737	-6.87961e-06	0.0821363	-2.23979e-05	0.0814737	-6.87961e-06	0.0821363	-2.23979e-05	
9.06	0.0813409	-6.72613e-06	0.0819994	-2.21882e-05	0.0813409	-6.72613e-06	0.0819994	-2.21882e-05	
9.08	0.0812085	-6.57545e-06	0.081863	-2.19806e-05	0.0812085	-6.57545e-06	0.081863	-2.19806e-05	
9.1	0.0810765	-6.42754e-06	0.0817271	-2.17749e-05	0.0810765	-6.42754e-06	0.0817271	-2.17749e-05	
9.12	0.080945	-6.28235e-06	0.0815916	-2.15712e-05	0.080945	-6.28235e-06	0.0815916	-2.15712e-05	
9.14	0.0808138	-6.13984e-06	0.0814566	-2.13694e-05	0.0808138	-6.13984e-06	0.0814566	-2.13694e-05	
9.16	0.0806832	-5.99997e-06	0.081322	-2.11696e-05	0.0806832	-5.99997e-06	0.081322	-2.11696e-05	
9.18	0.0805529	-5.8627e-06	0.0811879	-2.09718e-05	0.0805529	-5.8627e-06	0.0811879	-2.09718e-05	
9.2	0.0804231	-5.72799e-06	0.0810543	-2.07758e-05	0.0804231	-5.72799e-06	0.0810543	-2.07758e-05	
9.22	0.0802936	-5.5958e-06	0.0809211	-2.05817e-05	0.0802936	-5.5958e-06	0.0809211	-2.05817e-05	
9.24	0.0801646	-5.46609e-06	0.0807883	-2.03895e-05	0.0801646	-5.46609e-06	0.0807883	-2.03895e-05	
9.26	0.0800361	-5.33882e-06	0.080656	-2.01992e-05	0.0800361	-5.33882e-06	0.080656	-2.01992e-05	
9.28	0.0799079	-5.21396e-06	0.0805241	-2.00107e-05	0.0799079	-5.21396e-06	0.0805241	-2.00107e-05	
9.3	0.0797801	-5.09145e-06	0.0803927	-1.9824e-05	0.0797801	-5.09145e-06	0.0803927	-1.9824e-05	
9.32	0.0796528	-4.97128e-06	0.0802617	-1.96392e-05	0.0796528	-4.97128e-06	0.0802617	-1.96392e-05	
9.34	0.0795258	-4.85339e-06	0.0801312	-1.94561e-05	0.0795258	-4.85339e-06	0.0801312	-1.94561e-05	
9.36	0.0793993	-4.73776e-06	0.0800011	-1.92748e-05	0.0793993	-4.73776e-06	0.0800011	-1.92748e-05	
9.38	0.0792731	-4.62434e-06	0.0798714	-1.90953e-05	0.0792731	-4.62434e-06	0.0798714	-1.90953e-05	
9.4	0.0791474	-4.51309e-06	0.0797421	-1.89175e-05	0.0791474	-4.51309e-06	0.0797421	-1.89175e-05	
9.42	0.0790221	-4.404e-06	0.0796133	-1.87414e-05	0.0790221	-4.404e-06	0.0796133	-1.87414e-05	
9.44	0.0788971	-4.297e-06	0.0794849	-1.85671e-05	0.0788971	-4.297e-06	0.0794849	-1.85671e-05	
9.46	0.0787726	-4.19209e-06	0.0793569	-1.83944e-05	0.0787726	-4.19209e-06	0.0793569	-1.83944e-05	
9.48	0.0786484	-4.08921e-06	0.0792294	-1.82235e-05	0.0786484	-4.08921e-06	0.0792294	-1.82235e-05	
9.5	0.0785247	-3.98833e-06	0.0791022	-1.80542e-05	0.0785247	-3.98833e-06	0.0791022	-1.80542e-05	
9.52	0.0784013	-3.88942e-06	0.0789755	-1.78865e-05	0.0784013	-3.88942e-06	0.0789755	-1.78865e-05	
9.54	0.0782783	-3.79245e-06	0.0788492	-1.77205e-05	0.0782783	-3.79245e-06	0.0788492	-1.77205e-05	
9.56	0.0781557	-3.69739e-06	0.0787233	-1.75561e-05	0.0781557	-3.69739e-06	0.0787233	-1.75561e-05	
9.58	0.0780335	-3.60419e-06	0.0785978	-1.73933e-05	0.0780335	-3.60419e-06	0.0785978	-1.73933e-05	
9.6	0.0779117	-3.51284e-06	0.0784728	-1.72321e-05	0.0779117	-3.51284e-06	0.0784728	-1.72321e-05	
9.62	0.0777903	-3.42329e-06	0.0783481	-1.70724e-05	0.0777903	-3.42329e-06	0.0783481	-1.70724e-05	
9.64	0.0776692	-3.33552e-06	0.0782238	-1.69144e-05	0.0776692	-3.33552e-06	0.0782238	-1.69144e-05	
9.66	0.0775485	-3.24949e-06	0.0781	-1.67578e-05	0.0775485	-3.24949e-06	0.0781	-1.67578e-05	
9.68	0.0774282	-3.16518e-06	0.0779765	-1.66028e-05	0.0774282	-3.16518e-06	0.0779765	-1.66028e-05	
9.7	0.0773082	-3.08255e-06	0.0778534	-1.64493e-05	0.0773082	-3.08255e-06	0.0778534	-1.64493e-05	
9.72	0.0771887	-3.00158e-06	0.0777308	-1.62973e-05	0.0771887	-3.00158e-06	0.0777308	-1.62973e-05	
9.74	0.0770695	-2.92224e-06	0.0776085	-1.61468e-05	0.0770695	-2.92224e-06	0.0776085	-1.61468e-05	
9.76	0.0769507	-2.84449e-06	0.0774866	-1.59977e-05	0.0769507	-2.84449e-06	0.0774866	-1.59977e-05	
9.78	0.0768322	-2.76831e-06	0.0773651	-1.58501e-05	0.0768322	-2.76831e-06	0.0773651	-1.58501e-05	
9.8	0.0767141	-2.69368e-06	0.077244	-1.5704e-05	0.0767141	-2.69368e-06	0.077244	-1.5704e-05	
9.82	0.0765964	-2.62055e-06	0.0771233	-1.55592e-05	0.0765964	-2.62055e-06	0.0771233	-1.55592e-05	
9.84	0.076479	-2.54892e-06	0.0770029	-1.54159e-05	0.076479	-2.54892e-06	0.0770029	-1.54159e-05	
9.86	0.076362	-2.47874e-06	0.076883	-1.5274e-05	0.076362	-2.47874e-06	0.076883	-1.5274e-05	
9.88	0.0762453	-2.41e-06	0.0767634	-1.51334e-05	0.0762453	-2.41e-06	0.0767634	-1.51334e-05	
9.9	0.076129	-2.34266e-06	0.0766442	-1.49943e-05	0.076129	-2.34266e-06	0.0766442	-1.49943e-05	
9.92	0.0760131	-2.27671e-06	0.0765254	-1.48565e-05	0.0760131	-2.27671e-06	0.0765254	-1.48565e-05	
9.94	0.0758975	-2.21211e-06	0.076407	-1.472e-05	0.0758975	-2.21211e-06	0.076407	-1.472e-05	
9.96	0.0757823	-2.14884e-06	0.0762889	-1.45849e-05	0.0757823	-2.14884e-06	0.0762889	-1.45849e-05	
9.98	0.0756674	-2.08689e-06	0.0761712	-1.44511e-05	0.0756674	-2.08689e-06	0.0761712	-1.44511e-05	
