-10	-0.132546	0.00167679	-0.0879619	-0.00106605	-0.132546	0.00167679	-0.0879619	-0.00106605	
-9.98	-0.133023	0.00171113	-0.0879902	-0.0010454	-0.133023	0.00171113	-0.0879902	-0.0010454	
-9.96	-0.133504	0.00174625	-0.0880163	-0.0010235	-0.133504	0.00174625	-0.0880163	-0.0010235	
-9.94	-0.13399	0.00178216	-0.0880401	-0.0010003	-0.13399	0.00178216	-0.0880401	-0.0010003	
-9.92	-0.13448	0.00181889	-0.0880618	-0.000975743	-0.13448	0.00181889	-0.0880618	-0.000975743	
-9.9	-0.134974	0.00185646	-0.0880811	-0.000949772	-0.134974	0.00185646	-0.0880811	-0.000949772	
-9.88	-0.135472	0.00189489	-0.088098	-0.00092233	-0.135472	0.00189489	-0.088098	-0.00092233	
-9.86	-0.135976	0.00193419	-0.0881125	-0.000893358	-0.135976	0.00193419	-0.0881125	-0.000893358	
-9.84	-0.136483	0.0019744	-0.0881245	-0.000862794	-0.136483	0.0019744	-0.0881245	-0.000862794	
-9.82	-0.136996	0.00201554	-0.088134	-0.000830573	-0.136996	0.00201554	-0.088134	-0.000830573	
-9.8	-0.137513	0.00205763	-0.0881409	-0.000796627	-0.137513	0.00205763	-0.0881409	-0.000796627	
-9.78	-0.138034	0.0021007	-0.0881452	-0.000760887	-0.138034	0.0021007	-0.0881452	-0.000760887	
-9.76	-0.138561	0.00214476	-0.0881468	-0.00072328	-0.138561	0.00214476	-0.0881468	-0.00072328	
-9.74	-0.139092	0.00218985	-0.0881456	-0.000683731	-0.139092	0.00218985	-0.0881456	-0.000683731	
-9.72	-0.139629	0.002236	-0.0881416	-0.000642162	-0.139629	0.002236	-0.0881416	-0.000642162	
-9.7	-0.14017	0.00228323	-0.0881348	-0.000598491	-0.14017	0.00228323	-0.0881348	-0.000598491	
-9.68	-0.140717	0.00233157	-0.0881251	-0.000552635	-0.140717	0.00233157	-0.0881251	-0.000552635	
-9.66	-0.141269	0.00238105	-0.0881123	-0.000504506	-0.141269	0.00238105	-0.0881123	-0.000504506	
-9.64	-0.141826	0.0024317	-0.0880965	-0.000454012	-0.141826	0.0024317	-0.0880965	-0.000454012	
-9.62	-0.142388	0.00248355	-0.0880777	-0.00040106	-0.142388	0.00248355	-0.0880777	-0.00040106	
-9.6	-0.142956	0.00253664	-0.0880556	-0.000345551	-0.142956	0.00253664	-0.0880556	-0.000345551	
-9.58	-0.14353	0.00259099	-0.0880304	-0.000287384	-0.14353	0.00259099	-0.0880304	-0.000287384	
-9.56	-0.144109	0.00264664	-0.0880019	-0.000226453	-0.144109	0.00264664	-0.0880019	-0.000226453	
-9.54	-0.144693	0.00270363	-0.08797	-0.000162649	-0.144693	0.00270363	-0.08797	-0.000162649	
-9.52	-0.145284	0.00276199	-0.0879348	-9.58585e-05	-0.145284	0.00276199	-0.0879348	-9.58585e-05	
-9.5	-0.14588	0.00282176	-0.0878961	-2.59634e-05	-0.14588	0.00282176	-0.0878961	-2.59634e-05	
-9.48	-0.146482	0.00288298	-0.0878538	4.71586e-05	-0.146482	0.00288298	-0.0878538	4.71586e-05	
-9.46	-0.147091	0.00294569	-0.087808	0.000123634	-0.147091	0.00294569	-0.087808	0.000123634	
-9.44	-0.147705	0.00300992	-0.0877586	0.000203595	-0.147705	0.00300992	-0.0877586	0.000203595	
-9.42	-0.148326	0.00307573	-0.0877055	0.000287176	-0.148326	0.00307573	-0.0877055	0.000287176	
-9.4	-0.148953	0.00314315	-0.0876487	0.00037452	-0.148953	0.00314315	-0.0876487	0.00037452	
-9.38	-0.149586	0.00321223	-0.087588	0.000465773	-0.149586	0.00321223	-0.087588	0.000465773	
-9.36	-0.150226	0.00328302	-0.0875236	0.000561087	-0.150226	0.00328302	-0.0875236	0.000561087	
-9.34	-0.150873	0.00335556	-0.0874552	0.000660618	-0.150873	0.00335556	-0.0874552	0.000660618	
-9.32	-0.151526	0.0034299	-0.0873828	0.000764529	-0.151526	0.0034299	-0.0873828	0.000764529	
-9.3	-0.152186	0.00350609	-0.0873064	0.000872989	-0.152186	0.00350609	-0.0873064	0.000872989	
-9.28	-0.152853	0.00358419	-0.087226	0.000986172	-0.152853	0.00358419	-0.087226	0.000986172	
-9.26	-0.153528	0.00366425	-0.0871415	0.00110426	-0.153528	0.00366425	-0.0871415	0.00110426	
-9.24	-0.154209	0.00374633	-0.0870528	0.00122743	-0.154209	0.00374633	-0.0870528	0.00122743	
-9.22	-0.154898	0.00383048	-0.0869599	0.00135589	-0.154898	0.00383048	-0.0869599	0.00135589	
-9.2	-0.155594	0.00391677	-0.0868629	0.00148984	-0.155594	0.00391677	-0.0868629	0.00148984	
-9.18	-0.156297	0.00400524	-0.0867615	0.00162947	-0.156297	0.00400524	-0.0867615	0.00162947	
-9.16	-0.157009	0.00409598	-0.0866559	0.001775	-0.157009	0.00409598	-0.0866559	0.001775	
-9.14	-0.157728	0.00418904	-0.0865459	0.00192666	-0.157728	0.00418904	-0.0865459	0.00192666	
-9.12	-0.158455	0.00428449	-0.0864316	0.00208466	-0.158455	0.00428449	-0.0864316	0.00208466	
-9.1	-0.15919	0.0043824	-0.0863129	0.00224925	-0.15919	0.0043824	-0.0863129	0.00224925	
-9.08	-0.159934	0.00448285	-0.0861899	0.00242066	-0.159934	0.00448285	-0.0861899	0.00242066	
-9.06	-0.160685	0.0045859	-0.0860624	0.00259914	-0.160685	0.0045859	-0.0860624	0.00259914	
-9.04	-0.161446	0.00469164	-0.0859306	0.00278496	-0.161446	0.00469164	-0.0859306	0.00278496	
-9.02	-0.162214	0.00480014	-0.0857944	0.00297837	-0.162214	0.00480014	-0.0857944	0.00297837	
-9	-0.162992	0.00491149	-0.0856537	0.00317965	-0.162992	0.00491149	-0.0856537	0.00317965	
-8.98	-0.163778	0.00502578	-0.0855088	0.00338907	-0.163778	0.00502578	-0.0855088	0.00338907	
-8.96	-0.164574	0.00514308	-0.0853595	0.00360692	-0.164574	0.00514308	-0.0853595	0.00360692	
-8.94	-0.165379	0.0052635	-0.0852059	0.00383351	-0.165379	0.0052635	-0.0852059	0.00383351	
-8.92	-0.166193	0.00538713	-0.085048	0.00406912	-0.166193	0.00538713	-0.085048	0.00406912	
-8.9	-0.167017	0.00551406	-0.0848859	0.00431408	-0.167017	0.00551406	-0.0848859	0.00431408	
-8.88	-0.167851	0.00564439	-0.0847196	0.00456869	-0.167851	0.00564439	-0.0847196	0.00456869	
-8.86	-0.168694	0.00577823	-0.0845493	0.00483329	-0.168694	0.00577823	-0.0845493	0.00483329	
-8.84	-0.169548	0.00591569	-0.084375	0.00510821	-0.169548	0.00591569	-0.084375	0.00510821	
-8.82	-0.170412	0.00605688	-0.0841967	0.00539378	-0.170412	0.00605688	-0.0841967	0.00539378	
-8.8	-0.171286	0.00620192	-0.0840147	0.00569036	-0.171286	0.00620192	-0.0840147	0.00569036	
-8.78	-0.172171	0.00635092	-0.083829	0.00599829	-0.172171	0.00635092	-0.083829	0.00599829	
-8.76	-0.173066	0.00650401	-0.0836398	0.00631795	-0.173066	0.00650401	-0.0836398	0.00631795	
-8.74	-0.173973	0.00666132	-0.0834471	0.00664968	-0.173973	0.00666132	-0.0834471	0.00664968	
-8.72	-0.174891	0.00682298	-0.0832513	0.00699388	-0.174891	0.00682298	-0.0832513	0.00699388	
-8.7	-0.175821	0.00698913	-0.0830524	0.0073509	-0.175821	0.00698913	-0.0830524	0.0073509	
-8.68	-0.176762	0.00715992	-0.0828506	0.00772114	-0.176762	0.00715992	-0.0828506	0.00772114	
-8.66	-0.177715	0.00733548	-0.0826463	0.00810497	-0.177715	0.00733548	-0.0826463	0.00810497	
-8.64	-0.17868	0.00751598	-0.0824396	0.0085028	-0.17868	0.00751598	-0.0824396	0.0085028	
-8.62	-0.179657	0.00770157	-0.0822307	0.008915	-0.179657	0.00770157	-0.0822307	0.008915	
-8.6	-0.180647	0.00789242	-0.08202	0.00934197	-0.180647	0.00789242	-0.08202	0.00934197	
-8.58	-0.18165	0.00808869	-0.0818078	0.0097841	-0.18165	0.00808869	-0.0818078	0.0097841	
-8.56	-0.182666	0.00829058	-0.0815943	0.0102418	-0.182666	0.00829058	-0.0815943	0.0102418	
-8.54	-0.183695	0.00849826	-0.08138	0.0107154	-0.183695	0.00849826	-0.08138	0.0107154	
-8.52	-0.184737	0.00871192	-0.0811651	0.0112054	-0.184737	0.00871192	-0.0811651	0.0112054	
-8.5	-0.185793	0.00893176	-0.0809502	0.0117121	-0.185793	0.00893176	-0.0809502	0.0117121	
-8.48	-0.186864	0.00915799	-0.0807355	0.0122359	-0.186864	0.00915799	-0.0807355	0.0122359	
-8.46	-0.187948	0.00939082	-0.0805216	0.0127772	-0.187948	0.00939082	-0.0805216	0.0127772	
-8.44	-0.189047	0.00963047	-0.0803089	0.0133363	-0.189047	0.00963047	-0.0803089	0.0133363	
-8.42	-0.190161	0.00987718	-0.0800979	0.0139137	-0.190161	0.00987718	-0.0800979	0.0139137	
-8.4	-0.19129	0.0101312	-0.0798892	0.0145095	-0.19129	0.0101312	-0.0798892	0.0145095	
-8.38	-0.192435	0.0103927	-0.0796833	0.0151243	-0.192435	0.0103927	-0.0796833	0.0151243	
-8.36	-0.193595	0.010662	-0.0794807	0.0157582	-0.193595	0.010662	-0.0794807	0.0157582	
-8.34	-0.194772	0.0109394	-0.0792821	0.0164117	-0.194772	0.0109394	-0.0792821	0.0164117	
-8.32	-0.195965	0.0112252	-0.0790882	0.0170849	-0.195965	0.0112252	-0.0790882	0.0170849	
-8.3	-0.197174	0.0115196	-0.0788995	0.0177781	-0.197174	0.0115196	-0.0788995	0.0177781	
-8.28	-0.198401	0.0118229	-0.0787167	0.0184916	-0.198401	0.0118229	-0.0787167	0.0184916	
-8.26	-0.199645	0.0121355	-0.0785407	0.0192256	-0.199645	0.0121355	-0.0785407	0.0192256	
-8.24	-0.200906	0.0124576	-0.078372	0.0199802	-0.200906	0.0124576	-0.078372	0.0199802	
-8.22	-0.202186	0.0127896	-0.0782116	0.0207556	-0.202186	0.0127896	-0.0782116	0.0207556	
-8.2	-0.203484	0.013132	-0.0780601	0.021552	-0.203484	0.013132	-0.0780601	0.021552	
-8.18	-0.204801	0.0134849	-0.0779183	0.0223693	-0.204801	0.0134849	-0.0779183	0.0223693	
-8.16	-0.206137	0.0138489	-0.0777872	0.0232077	-0.206137	0.0138489	-0.0777872	0.0232077	
-8.14	-0.207493	0.0142243	-0.0776675	0.0240672	-0.207493	0.0142243	-0.0776675	0.0240672	
-8.12	-0.208868	0.0146115	-0.0775601	0.0249476	-0.208868	0.0146115	-0.0775601	0.0249476	
-8.1	-0.210264	0.015011	-0.077466	0.025849	-0.210264	0.015011	-0.077466	0.025849	
-8.08	-0.211681	0.0154231	-0.0773858	0.0267712	-0.211681	0.0154231	-0.0773858	0.0267712	
-8.06	-0.213119	0.0158485	-0.0773207	0.0277139	-0.213119	0.0158485	-0.0773207	0.0277139	
-8.04	-0.214579	0.0162875	-0.0772714	0.0286771	-0.214579	0.0162875	-0.0772714	0.0286771	
-8.02	-0.216061	0.0167407	-0.077239	0.0296604	-0.216061	0.0167407	-0.077239	0.0296604	
-8	-0.217565	0.0172086	-0.0772242	0.0306635	-0.217565	0.0172086	-0.0772242	0.0306635	
-7.98	-0.219092	0.0176917	-0.077228	0.031686	-0.219092	0.0176917	-0.077228	0.031686	
-7.96	-0.220643	0.0181907	-0.0772513	0.0327274	-0.220643	0.0181907	-0.0772513	0.0327274	
-7.94	-0.222217	0.0187061	-0.0772949	0.0337873	-0.222217	0.0187061	-0.0772949	0.0337873	
-7.92	-0.223816	0.0192385	-0.0773598	0.0348651	-0.223816	0.0192385	-0.0773598	0.0348651	
-7.9	-0.22544	0.0197887	-0.0774468	0.0359602	-0.22544	0.0197887	-0.0774468	0.0359602	
-7.88	-0.22709	0.0203572	-0.0775566	0.037072	-0.22709	0.0203572	-0.0775566	0.037072	
-7.86	-0.228765	0.0209449	-0.0776902	0.0381997	-0.228765	0.0209449	-0.0776902	0.0381997	
-7.84	-0.230467	0.0215524	-0.0778482	0.0393425	-0.230467	0.0215524	-0.0778482	0.0393425	
-7.82	-0.232196	0.0221805	-0.0780313	0.0404997	-0.232196	0.0221805	-0.0780313	0.0404997	
-7.8	-0.233952	0.0228301	-0.0782404	0.0416703	-0.233952	0.0228301	-0.0782404	0.0416703	
-7.78	-0.235736	0.0235019	-0.0784759	0.0428535	-0.235736	0.0235019	-0.0784759	0.0428535	
-7.76	-0.23755	0.0241969	-0.0787385	0.0440483	-0.23755	0.0241969	-0.0787385	0.0440483	
-7.74	-0.239392	0.0249161	-0.0790287	0.0452537	-0.239392	0.0249161	-0.0790287	0.0452537	
-7.72	-0.241265	0.0256602	-0.079347	0.0464686	-0.241265	0.0256602	-0.079347	0.0464686	
-7.7	-0.243167	0.0264305	-0.0796938	0.0476919	-0.243167	0.0264305	-0.0796938	0.0476919	
-7.68	-0.245101	0.0272279	-0.0800694	0.0489227	-0.245101	0.0272279	-0.0800694	0.0489227	
-7.66	-0.247067	0.0280535	-0.0804741	0.0501596	-0.247067	0.0280535	-0.0804741	0.0501596	
-7.64	-0.249065	0.0289086	-0.0809083	0.0514017	-0.249065	0.0289086	-0.0809083	0.0514017	
-7.62	-0.251096	0.0297942	-0.0813719	0.0526476	-0.251096	0.0297942	-0.0813719	0.0526476	
-7.6	-0.25316	0.0307117	-0.0818651	0.0538963	-0.25316	0.0307117	-0.0818651	0.0538963	
-7.58	-0.255258	0.0316625	-0.0823878	0.0551465	-0.255258	0.0316625	-0.0823878	0.0551465	
-7.56	-0.257392	0.0326478	-0.0829401	0.056397	-0.257392	0.0326478	-0.0829401	0.056397	
-7.54	-0.259561	0.0336692	-0.0835217	0.0576468	-0.259561	0.0336692	-0.0835217	0.0576468	
-7.52	-0.261766	0.0347281	-0.0841325	0.0588945	-0.261766	0.0347281	-0.0841325	0.0588945	
-7.5	-0.264007	0.0358263	-0.0847722	0.0601391	-0.264007	0.0358263	-0.0847722	0.0601391	
-7.48	-0.266287	0.0369652	-0.0854403	0.0613794	-0.266287	0.0369652	-0.0854403	0.0613794	
-7.46	-0.268604	0.0381468	-0.0861365	0.0626144	-0.268604	0.0381468	-0.0861365	0.0626144	
-7.44	-0.27096	0.0393728	-0.0868603	0.0638428	-0.27096	0.0393728	-0.0868603	0.0638428	
-7.42	-0.273356	0.0406452	-0.0876112	0.0650638	-0.273356	0.0406452	-0.0876112	0.0650638	
-7.4	-0.275791	0.0419659	-0.0883884	0.0662763	-0.275791	0.0419659	-0.0883884	0.0662763	
-7.38	-0.278267	0.0433371	-0.0891914	0.0674793	-0.278267	0.0433371	-0.0891914	0.0674793	
-7.36	-0.280785	0.044761	-0.0900193	0.0686719	-0.280785	0.044761	-0.0900193	0.0686719	
-7.34	-0.283344	0.04624	-0.0908715	0.0698533	-0.283344	0.04624	-0.0908715	0.0698533	
-7.32	-0.285946	0.0477764	-0.0917471	0.0710227	-0.285946	0.0477764	-0.0917471	0.0710227	
-7.3	-0.28859	0.0493728	-0.0926452	0.0721792	-0.28859	0.0493728	-0.0926452	0.0721792	
-7.28	-0.291278	0.051032	-0.0935649	0.0733223	-0.291278	0.051032	-0.0935649	0.0733223	
-7.26	-0.29401	0.0527566	-0.0945053	0.0744514	-0.29401	0.0527566	-0.0945053	0.0744514	
-7.24	-0.296787	0.0545498	-0.0954654	0.0755657	-0.296787	0.0545498	-0.0954654	0.0755657	
-7.22	-0.299608	0.0564144	-0.0964443	0.0766649	-0.299608	0.0564144	-0.0964443	0.0766649	
-7.2	-0.302475	0.0583539	-0.0974409	0.0777485	-0.302475	0.0583539	-0.0974409	0.0777485	
-7.18	-0.305387	0.0603716	-0.0984541	0.078816	-0.305387	0.0603716	-0.0984541	0.078816	
-7.16	-0.308345	0.062471	-0.0994831	0.0798673	-0.308345	0.062471	-0.0994831	0.0798673	
-7.14	-0.311349	0.064656	-0.100527	0.080902	-0.311349	0.064656	-0.100527	0.080902	
-7.12	-0.314399	0.0669304	-0.101584	0.08192	-0.314399	0.0669304	-0.101584	0.08192	
-7.1	-0.317494	0.0692983	-0.102654	0.0829211	-0.317494	0.0692983	-0.102654	0.0829211	
-7.08	-0.320636	0.0717641	-0.103735	0.0839052	-0.320636	0.0717641	-0.103735	0.0839052	
-7.06	-0.323823	0.0743322	-0.104827	0.0848724	-0.323823	0.0743322	-0.104827	0.0848724	
-7.04	-0.327055	0.0770074	-0.105928	0.0858226	-0.327055	0.0770074	-0.105928	0.0858226	
-7.02	-0.330332	0.0797947	-0.107038	0.086756	-0.330332	0.0797947	-0.107038	0.086756	
-7	-0.333653	0.0826992	-0.108156	0.0876727	-0.333653	0.0826992	-0.108156	0.0876727	
-6.98	-0.337017	0.0857264	-0.10928	0.0885729	-0.337017	0.0857264	-0.10928	0.0885729	
-6.96	-0.340423	0.0888818	-0.11041	0.0894568	-0.340423	0.0888818	-0.11041	0.0894568	
-6.94	-0.34387	0.0921716	-0.111545	0.0903247	-0.34387	0.0921716	-0.111545	0.0903247	
-6.92	-0.347355	0.0956017	-0.112683	0.0911769	-0.347355	0.0956017	-0.112683	0.0911769	
-6.9	-0.350878	0.0991788	-0.113825	0.0920137	-0.350878	0.0991788	-0.113825	0.0920137	
-6.88	-0.354436	0.102909	-0.114969	0.0928356	-0.354436	0.102909	-0.114969	0.0928356	
-6.86	-0.358027	0.106801	-0.116115	0.0936429	-0.358027	0.106801	-0.116115	0.0936429	
-6.84	-0.361647	0.11086	-0.117262	0.0944361	-0.361647	0.11086	-0.117262	0.0944361	
-6.82	-0.365294	0.115095	-0.118408	0.0952156	-0.365294	0.115095	-0.118408	0.0952156	
-6.8	-0.368963	0.119513	-0.119555	0.095982	-0.368963	0.119513	-0.119555	0.095982	
-6.78	-0.37265	0.124123	-0.120699	0.0967357	-0.37265	0.124123	-0.120699	0.0967357	
-6.76	-0.376351	0.128932	-0.121843	0.0974773	-0.376351	0.128932	-0.121843	0.0974773	
-6.74	-0.38006	0.133951	-0.122983	0.0982072	-0.38006	0.133951	-0.122983	0.0982072	
-6.72	-0.383771	0.139187	-0.124121	0.0989262	-0.383771	0.139187	-0.124121	0.0989262	
-6.7	-0.387478	0.144649	-0.125255	0.0996346	-0.387478	0.144649	-0.125255	0.0996346	
-6.68	-0.391172	0.150348	-0.126386	0.100333	-0.391172	0.150348	-0.126386	0.100333	
-6.66	-0.394845	0.156293	-0.127511	0.101022	-0.394845	0.156293	-0.127511	0.101022	
-6.64	-0.398488	0.162494	-0.128633	0.101703	-0.398488	0.162494	-0.128633	0.101703	
-6.62	-0.402091	0.16896	-0.129748	0.102375	-0.402091	0.16896	-0.129748	0.102375	
-6.6	-0.405643	0.175701	-0.130859	0.10304	-0.405643	0.175701	-0.130859	0.10304	
-6.58	-0.40913	0.182728	-0.131963	0.103697	-0.40913	0.182728	-0.131963	0.103697	
-6.56	-0.412539	0.19005	-0.133061	0.104349	-0.412539	0.19005	-0.133061	0.104349	
-6.54	-0.415856	0.197677	-0.134153	0.104994	-0.415856	0.197677	-0.134153	0.104994	
-6.52	-0.419063	0.205618	-0.135238	0.105634	-0.419063	0.205618	-0.135238	0.105634	
-6.5	-0.422143	0.213882	-0.136315	0.10627	-0.422143	0.213882	-0.136315	0.10627	
-6.48	-0.425077	0.222479	-0.137386	0.106901	-0.425077	0.222479	-0.137386	0.106901	
-6.46	-0.427842	0.231415	-0.138449	0.107529	-0.427842	0.231415	-0.138449	0.107529	
-6.44	-0.430418	0.240699	-0.139504	0.108154	-0.430418	0.240699	-0.139504	0.108154	
-6.42	-0.432779	0.250335	-0.140551	0.108777	-0.432779	0.250335	-0.140551	0.108777	
-6.4	-0.434898	0.260329	-0.14159	0.109397	-0.434898	0.260329	-0.14159	0.109397	
-6.38	-0.436749	0.270684	-0.142621	0.110016	-0.436749	0.270684	-0.142621	0.110016	
-6.36	-0.438301	0.281402	-0.143644	0.110635	-0.438301	0.281402	-0.143644	0.110635	
-6.34	-0.439522	0.292482	-0.144659	0.111253	-0.439522	0.292482	-0.144659	0.111253	
-6.32	-0.440379	0.303922	-0.145664	0.111871	-0.440379	0.303922	-0.145664	0.111871	
-6.3	-0.440838	0.315717	-0.146662	0.11249	-0.440838	0.315717	-0.146662	0.11249	
-6.28	-0.440861	0.327858	-0.14765	0.11311	-0.440861	0.327858	-0.14765	0.11311	
-6.26	-0.440412	0.340333	-0.14863	0.113731	-0.440412	0.340333	-0.14863	0.113731	
-6.24	-0.43945	0.353128	-0.1496	0.114355	-0.43945	0.353128	-0.1496	0.114355	
-6.22	-0.437938	0.366223	-0.150562	0.114981	-0.437938	0.366223	-0.150562	0.114981	
-6.2	-0.435834	0.379595	-0.151515	0.11561	-0.435834	0.379595	-0.151515	0.11561	
-6.18	-0.4331	0.393216	-0.152458	0.116243	-0.4331	0.393216	-0.152458	0.116243	
-6.16	-0.429696	0.407053	-0.153393	0.116879	-0.429696	0.407053	-0.153393	0.116879	
-6.14	-0.425583	0.421069	-0.154318	0.11752	-0.425583	0.421069	-0.154318	0.11752	
-6.12	-0.420726	0.435219	-0.155235	0.118165	-0.420726	0.435219	-0.155235	0.118165	
-6.1	-0.415092	0.449456	-0.156141	0.118816	-0.415092	0.449456	-0.156141	0.118816	
-6.08	-0.408649	0.463726	-0.157039	0.119472	-0.408649	0.463726	-0.157039	0.119472	
-6.06	-0.401372	0.47797	-0.157927	0.120133	-0.401372	0.47797	-0.157927	0.120133	
-6.04	-0.393239	0.492125	-0.158806	0.120801	-0.393239	0.492125	-0.158806	0.120801	
-6.02	-0.384235	0.506123	-0.159675	0.121475	-0.384235	0.506123	-0.159675	0.121475	
-6	-0.374351	0.519891	-0.160535	0.122156	-0.374351	0.519891	-0.160535	0.122156	
-5.98	-0.363586	0.533356	-0.161385	0.122845	-0.363586	0.533356	-0.161385	0.122845	
-5.96	-0.351946	0.54644	-0.162226	0.123541	-0.351946	0.54644	-0.162226	0.123541	
-5.94	-0.339446	0.559066	-0.163057	0.124244	-0.339446	0.559066	-0.163057	0.124244	
-5.92	-0.32611	0.571155	-0.163878	0.124956	-0.32611	0.571155	-0.163878	0.124956	
-5.9	-0.311972	0.582631	-0.164689	0.125677	-0.311972	0.582631	-0.164689	0.125677	
-5.88	-0.297072	0.593419	-0.165491	0.126406	-0.297072	0.593419	-0.165491	0.126406	
-5.86	-0.281463	0.603449	-0.166283	0.127144	-0.281463	0.603449	-0.166283	0.127144	
-5.84	-0.265203	0.612656	-0.167064	0.127892	-0.265203	0.612656	-0.167064	0.127892	
-5.82	-0.24836	0.620981	-0.167836	0.128649	-0.24836	0.620981	-0.167836	0.128649	
-5.8	-0.231007	0.628373	-0.168597	0.129416	-0.231007	0.628373	-0.168597	0.129416	
-5.78	-0.213225	0.63479	-0.169349	0.130193	-0.213225	0.63479	-0.169349	0.130193	
-5.76	-0.195098	0.640196	-0.170089	0.130981	-0.195098	0.640196	-0.170089	0.130981	
-5.74	-0.176713	0.64457	-0.17082	0.131779	-0.176713	0.64457	-0.17082	0.131779	
-5.72	-0.15816	0.647898	-0.17154	0.132588	-0.15816	0.647898	-0.17154	0.132588	
-5.7	-0.139527	0.650175	-0.172249	0.133408	-0.139527	0.650175	-0.172249	0.133408	
-5.68	-0.120904	0.65141	-0.172947	0.13424	-0.120904	0.65141	-0.172947	0.13424	
-5.66	-0.102376	0.651618	-0.173634	0.135083	-0.102376	0.651618	-0.173634	0.135083	
-5.64	-0.0840259	0.650825	-0.17431	0.135938	-0.0840259	0.650825	-0.17431	0.135938	
-5.62	-0.0659297	0.649065	-0.174975	0.136804	-0.0659297	0.649065	-0.174975	0.136804	
-5.6	-0.0481594	0.646378	-0.175629	0.137683	-0.0481594	0.646378	-0.175629	0.137683	
-5.58	-0.0307798	0.642811	-0.176271	0.138574	-0.0307798	0.642811	-0.176271	0.138574	
-5.56	-0.0138487	0.638418	-0.176901	0.139478	-0.0138487	0.638418	-0.176901	0.139478	
-5.54	0.00258333	0.633253	-0.17752	0.140394	0.00258333	0.633253	-0.17752	0.140394	
-5.52	0.0184735	0.627378	-0.178126	0.141323	0.0184735	0.627378	-0.178126	0.141323	
-5.5	0.0337864	0.620851	-0.17872	0.142266	0.0337864	0.620851	-0.17872	0.142266	
-5.48	0.0484939	0.613736	-0.179301	0.143221	0.0484939	0.613736	-0.179301	0.143221	
-5.46	0.0625752	0.606094	-0.179869	0.144189	0.0625752	0.606094	-0.179869	0.144189	
-5.44	0.0760159	0.597987	-0.180425	0.145171	0.0760159	0.597987	-0.180425	0.145171	
-5.42	0.0888078	0.589472	-0.180967	0.146167	0.0888078	0.589472	-0.180967	0.146167	
-5.4	0.100948	0.580608	-0.181496	0.147176	0.100948	0.580608	-0.181496	0.147176	
-5.38	0.11244	0.571449	-0.182011	0.148199	0.11244	0.571449	-0.182011	0.148199	
-5.36	0.123289	0.562046	-0.182512	0.149236	0.123289	0.562046	-0.182512	0.149236	
-5.34	0.133507	0.552449	-0.182999	0.150287	0.133507	0.552449	-0.182999	0.150287	
-5.32	0.143107	0.542701	-0.183471	0.151352	0.143107	0.542701	-0.183471	0.151352	
-5.3	0.152107	0.532845	-0.183928	0.152431	0.152107	0.532845	-0.183928	0.152431	
-5.28	0.160525	0.522917	-0.18437	0.153524	0.160525	0.522917	-0.18437	0.153524	
-5.26	0.168382	0.512953	-0.184796	0.154631	0.168382	0.512953	-0.184796	0.154631	
-5.24	0.175699	0.502984	-0.185207	0.155753	0.175699	0.502984	-0.185207	0.155753	
-5.22	0.1825	0.493037	-0.185601	0.156889	0.1825	0.493037	-0.185601	0.156889	
-5.2	0.188809	0.483137	-0.185979	0.15804	0.188809	0.483137	-0.185979	0.15804	
-5.18	0.194648	0.473306	-0.18634	0.159204	0.194648	0.473306	-0.18634	0.159204	
-5.16	0.200042	0.463563	-0.186683	0.160384	0.200042	0.463563	-0.186683	0.160384	
-5.14	0.205014	0.453924	-0.187009	0.161577	0.205014	0.453924	-0.187009	0.161577	
-5.12	0.209588	0.444403	-0.187317	0.162785	0.209588	0.444403	-0.187317	0.162785	
-5.1	0.213786	0.435012	-0.187606	0.164007	0.213786	0.435012	-0.187606	0.164007	
-5.08	0.217631	0.42576	-0.187877	0.165244	0.217631	0.42576	-0.187877	0.165244	
-5.06	0.221144	0.416657	-0.188128	0.166495	0.221144	0.416657	-0.188128	0.166495	
-5.04	0.224344	0.407708	-0.188359	0.16776	0.224344	0.407708	-0.188359	0.16776	
-5.02	0.227254	0.398919	-0.18857	0.169039	0.227254	0.398919	-0.18857	0.169039	
-5	0.22989	0.390292	-0.188761	0.170332	0.22989	0.390292	-0.188761	0.170332	
-4.98	0.232271	0.381831	-0.18893	0.171638	0.232271	0.381831	-0.18893	0.171638	
-4.96	0.234415	0.373537	-0.189078	0.172959	0.234415	0.373537	-0.189078	0.172959	
-4.94	0.236337	0.365411	-0.189204	0.174293	0.236337	0.365411	-0.189204	0.174293	
-4.92	0.238053	0.357453	-0.189307	0.17564	0.238053	0.357453	-0.189307	0.17564	
-4.9	0.239578	0.349661	-0.189387	0.177001	0.239578	0.349661	-0.189387	0.177001	
-4.88	0.240924	0.342034	-0.189443	0.178375	0.240924	0.342034	-0.189443	0.178375	
-4.86	0.242106	0.334571	-0.189476	0.179761	0.242106	0.334571	-0.189476	0.179761	
-4.84	0.243134	0.327269	-0.189484	0.181161	0.243134	0.327269	-0.189484	0.181161	
-4.82	0.24402	0.320125	-0.189467	0.182572	0.24402	0.320125	-0.189467	0.182572	
-4.8	0.244775	0.313136	-0.189424	0.183995	0.244775	0.313136	-0.189424	0.183995	
-4.78	0.245408	0.306299	-0.189355	0.185431	0.245408	0.306299	-0.189355	0.185431	
-4.76	0.245929	0.299611	-0.189259	0.186877	0.245929	0.299611	-0.189259	0.186877	
-4.74	0.246347	0.293067	-0.189136	0.188335	0.246347	0.293067	-0.189136	0.188335	
-4.72	0.246669	0.286665	-0.188985	0.189803	0.246669	0.286665	-0.188985	0.189803	
-4.7	0.246904	0.280399	-0.188806	0.191282	0.246904	0.280399	-0.188806	0.191282	
-4.68	0.247057	0.274267	-0.188597	0.192771	0.247057	0.274267	-0.188597	0.192771	
-4.66	0.247135	0.268264	-0.18836	0.194269	0.247135	0.268264	-0.18836	0.194269	
-4.64	0.247145	0.262387	-0.188092	0.195776	0.247145	0.262387	-0.188092	0.195776	
-4.62	0.247091	0.256631	-0.187793	0.197292	0.247091	0.256631	-0.187793	0.197292	
-4.6	0.24698	0.250992	-0.187464	0.198816	0.24698	0.250992	-0.187464	0.198816	
-4.58	0.246816	0.245467	-0.187102	0.200347	0.246816	0.245467	-0.187102	0.200347	
-4.56	0.246602	0.240052	-0.186708	0.201886	0.246602	0.240052	-0.186708	0.201886	
-4.54	0.246345	0.234742	-0.186282	0.203431	0.246345	0.234742	-0.186282	0.203431	
-4.52	0.246046	0.229535	-0.185821	0.204981	0.246046	0.229535	-0.185821	0.204981	
-4.5	0.24571	0.224426	-0.185327	0.206537	0.24571	0.224426	-0.185327	0.206537	
-4.48	0.24534	0.219412	-0.184799	0.208097	0.24534	0.219412	-0.184799	0.208097	
-4.46	0.244938	0.214489	-0.184235	0.209661	0.244938	0.214489	-0.184235	0.209661	
-4.44	0.244508	0.209655	-0.183635	0.211228	0.244508	0.209655	-0.183635	0.211228	
-4.42	0.244053	0.204905	-0.183	0.212798	0.244053	0.204905	-0.183	0.212798	
-4.4	0.243573	0.200236	-0.182328	0.214369	0.243573	0.200236	-0.182328	0.214369	
-4.38	0.243072	0.195645	-0.181618	0.21594	0.243072	0.195645	-0.181618	0.21594	
-4.36	0.242551	0.191129	-0.180871	0.217512	0.242551	0.191129	-0.180871	0.217512	
-4.34	0.242012	0.186686	-0.180086	0.219082	0.242012	0.186686	-0.180086	0.219082	
-4.32	0.241456	0.182311	-0.179262	0.220651	0.241456	0.182311	-0.179262	0.220651	
-4.3	0.240886	0.178003	-0.178399	0.222217	0.240886	0.178003	-0.178399	0.222217	
-4.28	0.240302	0.173758	-0.177496	0.223779	0.240302	0.173758	-0.177496	0.223779	
-4.26	0.239705	0.169574	-0.176554	0.225337	0.239705	0.169574	-0.176554	0.225337	
-4.24	0.239097	0.165448	-0.175571	0.226888	0.239097	0.165448	-0.175571	0.226888	
-4.22	0.238479	0.161379	-0.174548	0.228433	0.238479	0.161379	-0.174548	0.228433	
-4.2	0.237851	0.157362	-0.173483	0.22997	0.237851	0.157362	-0.173483	0.22997	
-4.18	0.237214	0.153397	-0.172378	0.231498	0.237214	0.153397	-0.172378	0.231498	
-4.16	0.236569	0.149481	-0.17123	0.233016	0.236569	0.149481	-0.17123	0.233016	
-4.14	0.235916	0.145611	-0.170041	0.234522	0.235916	0.145611	-0.170041	0.234522	
-4.12	0.235255	0.141786	-0.168809	0.236017	0.235255	0.141786	-0.168809	0.236017	
-4.1	0.234588	0.138003	-0.167535	0.237497	0.234588	0.138003	-0.167535	0.237497	
-4.08	0.233915	0.134261	-0.166218	0.238962	0.233915	0.134261	-0.166218	0.238962	
-4.06	0.233235	0.130558	-0.164859	0.240412	0.233235	0.130558	-0.164859	0.240412	
-4.04	0.232549	0.126892	-0.163456	0.241843	0.232549	0.126892	-0.163456	0.241843	
-4.02	0.231858	0.123262	-0.162011	0.243256	0.231858	0.123262	-0.162011	0.243256	
-4	0.231161	0.119664	-0.160523	0.244649	0.231161	0.119664	-0.160523	0.244649	
-3.98	0.230458	0.116099	-0.158991	0.246021	0.230458	0.116099	-0.158991	0.246021	
-3.96	0.22975	0.112565	-0.157417	0.247369	0.22975	0.112565	-0.157417	0.247369	
-3.94	0.229036	0.109059	-0.155799	0.248693	0.229036	0.109059	-0.155799	0.248693	
-3.92	0.228317	0.105581	-0.154139	0.249992	0.228317	0.105581	-0.154139	0.249992	
-3.9	0.227592	0.102129	-0.152436	0.251263	0.227592	0.102129	-0.152436	0.251263	
-3.88	0.226861	0.0987014	-0.150691	0.252506	0.226861	0.0987014	-0.150691	0.252506	
-3.86	0.226124	0.0952979	-0.148903	0.253718	0.226124	0.0952979	-0.148903	0.253718	
-3.84	0.22538	0.0919169	-0.147074	0.254899	0.22538	0.0919169	-0.147074	0.254899	
-3.82	0.224631	0.0885571	-0.145203	0.256047	0.224631	0.0885571	-0.145203	0.256047	
-3.8	0.223875	0.0852175	-0.14329	0.257161	0.223875	0.0852175	-0.14329	0.257161	
-3.78	0.223112	0.0818971	-0.141337	0.258238	0.223112	0.0818971	-0.141337	0.258238	
-3.76	0.222341	0.0785948	-0.139344	0.259278	0.222341	0.0785948	-0.139344	0.259278	
-3.74	0.221564	0.0753098	-0.13731	0.260278	0.221564	0.0753098	-0.13731	0.260278	
-3.72	0.220779	0.072041	-0.135238	0.261238	0.220779	0.072041	-0.135238	0.261238	
-3.7	0.219985	0.0687876	-0.133127	0.262156	0.219985	0.0687876	-0.133127	0.262156	
-3.68	0.219184	0.0655488	-0.130978	0.26303	0.219184	0.0655488	-0.130978	0.26303	
-3.66	0.218373	0.0623239	-0.128792	0.263859	0.218373	0.0623239	-0.128792	0.263859	
-3.64	0.217554	0.0591121	-0.12657	0.264641	0.217554	0.0591121	-0.12657	0.264641	
-3.62	0.216725	0.0559126	-0.124313	0.265375	0.216725	0.0559126	-0.124313	0.265375	
-3.6	0.215887	0.0527249	-0.122021	0.266059	0.215887	0.0527249	-0.122021	0.266059	
-3.58	0.215038	0.0495483	-0.119695	0.266691	0.215038	0.0495483	-0.119695	0.266691	
-3.56	0.214179	0.0463823	-0.117337	0.267271	0.214179	0.0463823	-0.117337	0.267271	
-3.54	0.213309	0.0432262	-0.114948	0.267797	0.213309	0.0432262	-0.114948	0.267797	
-3.52	0.212427	0.0400795	-0.112528	0.268267	0.212427	0.0400795	-0.112528	0.268267	
-3.5	0.211534	0.0369419	-0.110079	0.268679	0.211534	0.0369419	-0.110079	0.268679	
-3.48	0.210629	0.0338127	-0.107603	0.269034	0.210629	0.0338127	-0.107603	0.269034	
-3.46	0.209711	0.0306917	-0.1051	0.269328	0.209711	0.0306917	-0.1051	0.269328	
-3.44	0.208781	0.0275783	-0.102571	0.269561	0.208781	0.0275783	-0.102571	0.269561	
-3.42	0.207837	0.0244724	-0.100019	0.269731	0.207837	0.0244724	-0.100019	0.269731	
-3.4	0.20688	0.0213734	-0.097445	0.269837	0.20688	0.0213734	-0.097445	0.269837	
-3.38	0.205908	0.0182812	-0.09485	0.269878	0.205908	0.0182812	-0.09485	0.269878	
-3.36	0.204922	0.0151954	-0.0922357	0.269852	0.204922	0.0151954	-0.0922357	0.269852	
-3.34	0.203922	0.0121158	-0.0896039	0.269759	0.203922	0.0121158	-0.0896039	0.269759	
-3.32	0.202906	0.00904215	-0.0869562	0.269597	0.202906	0.00904215	-0.0869562	0.269597	
-3.3	0.201875	0.00597427	-0.0842943	0.269364	0.201875	0.00597427	-0.0842943	0.269364	
-3.28	0.200828	0.00291198	-0.08162	0.269061	0.200828	0.00291198	-0.08162	0.269061	
-3.26	0.199765	-0.000144888	-0.0789352	0.268685	0.199765	-0.000144888	-0.0789352	0.268685	
-3.24	0.198685	-0.00319647	-0.0762416	0.268237	0.198685	-0.00319647	-0.0762416	0.268237	
-3.22	0.197589	-0.00624287	-0.0735413	0.267714	0.197589	-0.00624287	-0.0735413	0.267714	
-3.2	0.196475	-0.0092842	-0.0708361	0.267116	0.196475	-0.0092842	-0.0708361	0.267116	
-3.18	0.195344	-0.0123205	-0.068128	0.266442	0.195344	-0.0123205	-0.068128	0.266442	
-3.16	0.194195	-0.0153519	-0.0654191	0.265691	0.194195	-0.0153519	-0.0654191	0.265691	
-3.14	0.193028	-0.0183784	-0.0627114	0.264863	0.193028	-0.0183784	-0.0627114	0.264863	
-3.12	0.191842	-0.0214	-0.0600071	0.263957	0.191842	-0.0214	-0.0600071	0.263957	
-3.1	0.190638	-0.0244167	-0.0573083	0.262972	0.190638	-0.0244167	-0.0573083	0.262972	
-3.08	0.189415	-0.0274286	-0.0546172	0.261908	0.189415	-0.0274286	-0.0546172	0.261908	
-3.06	0.188173	-0.0304356	-0.0519359	0.260764	0.188173	-0.0304356	-0.0519359	0.260764	
-3.04	0.186911	-0.0334377	-0.0492667	0.259539	0.186911	-0.0334377	-0.0492667	0.259539	
-3.02	0.18563	-0.0364348	-0.0466119	0.258234	0.18563	-0.0364348	-0.0466119	0.258234	
-3	0.184329	-0.0394269	-0.0439738	0.256847	0.184329	-0.0394269	-0.0439738	0.256847	
-2.98	0.183009	-0.042414	-0.0413546	0.25538	0.183009	-0.042414	-0.0413546	0.25538	
-2.96	0.181668	-0.0453959	-0.0387568	0.25383	0.181668	-0.0453959	-0.0387568	0.25383	
-2.94	0.180306	-0.0483726	-0.0361825	0.2522	0.180306	-0.0483726	-0.0361825	0.2522	
-2.92	0.178924	-0.0513439	-0.0336343	0.250487	0.178924	-0.0513439	-0.0336343	0.250487	
-2.9	0.177522	-0.0543099	-0.0311145	0.248693	0.177522	-0.0543099	-0.0311145	0.248693	
-2.88	0.176099	-0.0572704	-0.0286254	0.246816	0.176099	-0.0572704	-0.0286254	0.246816	
-2.86	0.174655	-0.0602253	-0.0261695	0.244859	0.174655	-0.0602253	-0.0261695	0.244859	
-2.84	0.17319	-0.0631744	-0.0237491	0.24282	0.17319	-0.0631744	-0.0237491	0.24282	
-2.82	0.171704	-0.0661177	-0.0213667	0.2407	0.171704	-0.0661177	-0.0213667	0.2407	
-2.8	0.170197	-0.0690551	-0.0190247	0.2385	0.170197	-0.0690551	-0.0190247	0.2385	
-2.78	0.168668	-0.0719864	-0.0167255	0.236219	0.168668	-0.0719864	-0.0167255	0.236219	
-2.76	0.167119	-0.0749115	-0.0144714	0.233858	0.167119	-0.0749115	-0.0144714	0.233858	
-2.74	0.165549	-0.0778304	-0.0122648	0.231419	0.165549	-0.0778304	-0.0122648	0.231419	
-2.72	0.163957	-0.0807428	-0.0101082	0.2289	0.163957	-0.0807428	-0.0101082	0.2289	
-2.7	0.162344	-0.0836488	-0.00800394	0.226304	0.162344	-0.0836488	-0.00800394	0.226304	
-2.68	0.16071	-0.0865481	-0.00595428	0.223631	0.16071	-0.0865481	-0.00595428	0.223631	
-2.66	0.159055	-0.0894406	-0.0039616	0.220882	0.159055	-0.0894406	-0.0039616	0.220882	
-2.64	0.157379	-0.0923264	-0.00202819	0.218057	0.157379	-0.0923264	-0.00202819	0.218057	
-2.62	0.155682	-0.0952051	-0.000156338	0.215158	0.155682	-0.0952051	-0.000156338	0.215158	
-2.6	0.153964	-0.0980769	0.0016517	0.212186	0.153964	-0.0980769	0.0016517	0.212186	
-2.58	0.152226	-0.100942	0.0033937	0.209141	0.152226	-0.100942	0.0033937	0.209141	
-2.56	0.150466	-0.103799	0.00506748	0.206026	0.150466	-0.103799	0.00506748	0.206026	
-2.54	0.148687	-0.106649	0.00667089	0.202841	0.148687	-0.106649	0.00667089	0.202841	
-2.52	0.146887	-0.109492	0.0082018	0.199587	0.146887	-0.109492	0.0082018	0.199587	
-2.5	0.145067	-0.112328	0.00965815	0.196267	0.145067	-0.112328	0.00965815	0.196267	
-2.48	0.143227	-0.115156	0.0110379	0.192881	0.143227	-0.115156	0.0110379	0.192881	
-2.46	0.141367	-0.117977	0.0123391	0.18943	0.141367	-0.117977	0.0123391	0.18943	
-2.44	0.139487	-0.120791	0.0135598	0.185917	0.139487	-0.120791	0.0135598	0.185917	
-2.42	0.137589	-0.123597	0.0146982	0.182343	0.137589	-0.123597	0.0146982	0.182343	
-2.4	0.135671	-0.126396	0.0157523	0.17871	0.135671	-0.126396	0.0157523	0.17871	
-2.38	0.133734	-0.129187	0.0167205	0.175018	0.133734	-0.129187	0.0167205	0.175018	
-2.36	0.131779	-0.131971	0.0176011	0.171271	0.131779	-0.131971	0.0176011	0.171271	
-2.34	0.129806	-0.134748	0.0183923	0.16747	0.129806	-0.134748	0.0183923	0.16747	
-2.32	0.127814	-0.137518	0.0190927	0.163616	0.127814	-0.137518	0.0190927	0.163616	
-2.3	0.125805	-0.140281	0.0197007	0.159711	0.125805	-0.140281	0.0197007	0.159711	
-2.28	0.123779	-0.143038	0.0202149	0.155757	0.123779	-0.143038	0.0202149	0.155757	
-2.26	0.121736	-0.145788	0.0206338	0.151757	0.121736	-0.145788	0.0206338	0.151757	
-2.24	0.119676	-0.148531	0.0209563	0.147711	0.119676	-0.148531	0.0209563	0.147711	
-2.22	0.117601	-0.151268	0.0211811	0.143622	0.117601	-0.151268	0.0211811	0.143622	
-2.2	0.115509	-0.153999	0.0213069	0.139492	0.115509	-0.153999	0.0213069	0.139492	
-2.18	0.113402	-0.156725	0.0213328	0.135323	0.113402	-0.156725	0.0213328	0.135323	
-2.16	0.11128	-0.159445	0.0212578	0.131116	0.11128	-0.159445	0.0212578	0.131116	
-2.14	0.109143	-0.16216	0.0210808	0.126874	0.109143	-0.16216	0.0210808	0.126874	
-2.12	0.106992	-0.164871	0.0208012	0.122598	0.106992	-0.164871	0.0208012	0.122598	
-2.1	0.104828	-0.167577	0.0204179	0.118291	0.104828	-0.167577	0.0204179	0.118291	
-2.08	0.102651	-0.17028	0.0199305	0.113954	0.102651	-0.17028	0.0199305	0.113954	
-2.06	0.100461	-0.17298	0.0193383	0.109589	0.100461	-0.17298	0.0193383	0.109589	
-2.04	0.0982585	-0.175676	0.0186407	0.105198	0.0982585	-0.175676	0.0186407	0.105198	
-2.02	0.0960447	-0.178371	0.0178372	0.100783	0.0960447	-0.178371	0.0178372	0.100783	
-2	0.0938199	-0.181064	0.0169275	0.0963455	0.0938199	-0.181064	0.0169275	0.0963455	
-1.98	0.0915845	-0.183756	0.0159113	0.0918875	0.0915845	-0.183756	0.0159113	0.0918875	
-1.96	0.0893392	-0.186449	0.0147883	0.0874105	0.0893392	-0.186449	0.0147883	0.0874105	
-1.94	0.0870846	-0.189141	0.0135583	0.0829162	0.0870846	-0.189141	0.0135583	0.0829162	
-1.92	0.0848213	-0.191836	0.0122212	0.0784062	0.0848213	-0.191836	0.0122212	0.0784062	
-1.9	0.0825498	-0.194533	0.010777	0.073882	0.0825498	-0.194533	0.010777	0.073882	
-1.88	0.0802709	-0.197233	0.00922581	0.0693451	0.0802709	-0.197233	0.00922581	0.0693451	
-1.86	0.0779852	-0.199937	0.00756761	0.0647968	0.0779852	-0.199937	0.00756761	0.0647968	
-1.84	0.0756934	-0.202647	0.0058026	0.0602384	0.0756934	-0.202647	0.0058026	0.0602384	
-1.82	0.0733962	-0.205364	0.00393099	0.0556712	0.0733962	-0.205364	0.00393099	0.0556712	
-1.8	0.0710944	-0.208088	0.00195306	0.0510963	0.0710944	-0.208088	0.00195306	0.0510963	
-1.78	0.0687887	-0.210822	-0.000130867	0.0465146	0.0687887	-0.210822	-0.000130867	0.0465146	
-1.76	0.0664799	-0.213566	-0.00232041	0.0419272	0.0664799	-0.213566	-0.00232041	0.0419272	
-1.74	0.0641688	-0.216322	-0.00461516	0.0373347	0.0641688	-0.216322	-0.00461516	0.0373347	
-1.72	0.0618564	-0.219092	-0.00701463	0.032738	0.0618564	-0.219092	-0.00701463	0.032738	
-1.7	0.0595433	-0.221877	-0.00951832	0.0281377	0.0595433	-0.221877	-0.00951832	0.0281377	
-1.68	0.0572307	-0.224679	-0.0121257	0.0235341	0.0572307	-0.224679	-0.0121257	0.0235341	
-1.66	0.0549195	-0.227501	-0.0148361	0.0189275	0.0549195	-0.227501	-0.0148361	0.0189275	
-1.64	0.0526106	-0.230343	-0.0176491	0.0143183	0.0526106	-0.230343	-0.0176491	0.0143183	
-1.62	0.0503052	-0.233209	-0.0205639	0.00970639	0.0503052	-0.233209	-0.0205639	0.00970639	
-1.6	0.0480044	-0.236101	-0.0235798	0.00509172	0.0480044	-0.236101	-0.0235798	0.00509172	
-1.58	0.0457093	-0.23902	-0.0266963	0.000474015	0.0457093	-0.23902	-0.0266963	0.000474015	
-1.56	0.0434212	-0.24197	-0.0299126	-0.00414713	0.0434212	-0.24197	-0.0299126	-0.00414713	
-1.54	0.0411415	-0.244954	-0.033228	-0.00877229	0.0411415	-0.244954	-0.033228	-0.00877229	
-1.52	0.0388716	-0.247974	-0.0366418	-0.0134022	0.0388716	-0.247974	-0.0366418	-0.0134022	
-1.5	0.0366129	-0.251034	-0.0401532	-0.0180379	0.0366129	-0.251034	-0.0401532	-0.0180379	
-1.48	0.0343672	-0.254136	-0.0437616	-0.0226804	0.0343672	-0.254136	-0.0437616	-0.0226804	
-1.46	0.0321361	-0.257286	-0.0474662	-0.027331	0.0321361	-0.257286	-0.0474662	-0.027331	
-1.44	0.0299216	-0.260486	-0.0512662	-0.0319913	0.0299216	-0.260486	-0.0512662	-0.0319913	
-1.42	0.0277257	-0.26374	-0.055161	-0.036663	0.0277257	-0.26374	-0.055161	-0.036663	
-1.4	0.0255507	-0.267054	-0.0591498	-0.0413481	0.0255507	-0.267054	-0.0591498	-0.0413481	
-1.38	0.0233989	-0.270432	-0.063232	-0.0460487	0.0233989	-0.270432	-0.063232	-0.0460487	
-1.36	0.021273	-0.273878	-0.0674067	-0.0507672	0.021273	-0.273878	-0.0674067	-0.0507672	
-1.34	0.0191759	-0.277399	-0.0716733	-0.0555063	0.0191759	-0.277399	-0.0716733	-0.0555063	
-1.32	0.0171108	-0.281	-0.0760312	-0.0602689	0.0171108	-0.281	-0.0760312	-0.0602689	
-1.3	0.0150813	-0.284688	-0.0804795	-0.0650582	0.0150813	-0.284688	-0.0804795	-0.0650582	
-1.28	0.0130913	-0.288469	-0.0850178	-0.0698776	0.0130913	-0.288469	-0.0850178	-0.0698776	
-1.26	0.0111451	-0.29235	-0.0896451	-0.0747309	0.0111451	-0.29235	-0.0896451	-0.0747309	
-1.24	0.00924773	-0.29634	-0.094361	-0.0796223	0.00924773	-0.29634	-0.094361	-0.0796223	
-1.22	0.00740455	-0.300448	-0.0991646	-0.0845559	0.00740455	-0.300448	-0.0991646	-0.0845559	
-1.2	0.00562174	-0.304681	-0.104055	-0.0895367	0.00562174	-0.304681	-0.104055	-0.0895367	
-1.18	0.00390625	-0.30905	-0.109032	-0.0945696	0.00390625	-0.30905	-0.109032	-0.0945696	
-1.16	0.00226593	-0.313567	-0.114095	-0.0996602	0.00226593	-0.313567	-0.114095	-0.0996602	
-1.14	0.000709688	-0.318242	-0.119243	-0.104814	0.000709688	-0.318242	-0.119243	-0.104814	
-1.12	-0.000752316	-0.323088	-0.124474	-0.110038	-0.000752316	-0.323088	-0.124474	-0.110038	
-1.1	-0.00210848	-0.328118	-0.129789	-0.115339	-0.00210848	-0.328118	-0.129789	-0.115339	
-1.08	-0.00334549	-0.333349	-0.135186	-0.120723	-0.00334549	-0.333349	-0.135186	-0.120723	
-1.06	-0.00444805	-0.338795	-0.140663	-0.126198	-0.00444805	-0.338795	-0.140663	-0.126198	
-1.04	-0.00539849	-0.344475	-0.146221	-0.131773	-0.00539849	-0.344475	-0.146221	-0.131773	
-1.02	-0.00617635	-0.350407	-0.151857	-0.137456	-0.00617635	-0.350407	-0.151857	-0.137456	
-1	-0.00675784	-0.356612	-0.157569	-0.143257	-0.00675784	-0.356612	-0.157569	-0.143257	
-0.98	-0.00711526	-0.363113	-0.163357	-0.149186	-0.00711526	-0.363113	-0.163357	-0.149186	
-0.96	-0.00721617	-0.369932	-0.169218	-0.155253	-0.00721617	-0.369932	-0.169218	-0.155253	
-0.94	-0.0070225	-0.377096	-0.175149	-0.16147	-0.0070225	-0.377096	-0.175149	-0.16147	
-0.92	-0.00648939	-0.384633	-0.181148	-0.167849	-0.00648939	-0.384633	-0.181148	-0.167849	
-0.9	-0.00556383	-0.392572	-0.187212	-0.174402	-0.00556383	-0.392572	-0.187212	-0.174402	
-0.88	-0.00418294	-0.400943	-0.193336	-0.181144	-0.00418294	-0.400943	-0.193336	-0.181144	
-0.86	-0.00227191	-0.409778	-0.199518	-0.188089	-0.00227191	-0.409778	-0.199518	-0.188089	
-0.84	0.000258551	-0.419108	-0.205751	-0.195252	0.000258551	-0.419108	-0.205751	-0.195252	
-0.82	0.00351528	-0.428963	-0.212029	-0.202651	0.00351528	-0.428963	-0.212029	-0.202651	
-0.8	0.00762644	-0.43937	-0.218348	-0.210303	0.00762644	-0.43937	-0.218348	-0.210303	
-0.78	0.012746	-0.45035	-0.224697	-0.218227	0.012746	-0.45035	-0.224697	-0.218227	
-0.76	0.0190591	-0.461912	-0.231069	-0.226442	0.0190591	-0.461912	-0.231069	-0.226442	
-0.74	0.0267881	-0.474047	-0.237453	-0.23497	0.0267881	-0.474047	-0.237453	-0.23497	
-0.72	0.0361997	-0.486719	-0.243837	-0.243834	0.0361997	-0.486719	-0.243837	-0.243834	
-0.7	0.0476116	-0.499849	-0.250208	-0.253055	0.0476116	-0.499849	-0.250208	-0.253055	
-0.68	0.0613988	-0.513296	-0.256548	-0.262661	0.0613988	-0.513296	-0.256548	-0.262661	
-0.66	0.0779972	-0.526827	-0.262841	-0.272676	0.0779972	-0.526827	-0.262841	-0.272676	
-0.64	0.0978994	-0.540076	-0.269064	-0.283129	0.0978994	-0.540076	-0.269064	-0.283129	
-0.62	0.121639	-0.552495	-0.275194	-0.294048	0.121639	-0.552495	-0.275194	-0.294048	
-0.6	0.149748	-0.563286	-0.281202	-0.305462	0.149748	-0.563286	-0.281202	-0.305462	
-0.58	0.182681	-0.57133	-0.287056	-0.317403	0.182681	-0.57133	-0.287056	-0.317403	
-0.56	0.220674	-0.575124	-0.292721	-0.329903	0.220674	-0.575124	-0.292721	-0.329903	
-0.54	0.263535	-0.572767	-0.298154	-0.342993	0.263535	-0.572767	-0.298154	-0.342993	
-0.52	0.310359	-0.562044	-0.303307	-0.356705	0.310359	-0.562044	-0.303307	-0.356705	
-0.5	0.359224	-0.540715	-0.308128	-0.371073	0.359224	-0.540715	-0.308128	-0.371073	
-0.48	0.407	-0.507039	-0.312553	-0.386127	0.407	-0.507039	-0.312553	-0.386127	
-0.46	0.449491	-0.460509	-0.316515	-0.401895	0.449491	-0.460509	-0.316515	-0.401895	
-0.44	0.482085	-0.402536	-0.319936	-0.418406	0.482085	-0.402536	-0.319936	-0.418406	
-0.42	0.500879	-0.336658	-0.322727	-0.435682	0.500879	-0.336658	-0.322727	-0.435682	
-0.4	0.50384	-0.267973	-0.324792	-0.453739	0.50384	-0.267973	-0.324792	-0.453739	
-0.38	0.49139	-0.201894	-0.326021	-0.472588	0.49139	-0.201894	-0.326021	-0.472588	
-0.36	0.466105	-0.142832	-0.326296	-0.492231	0.466105	-0.142832	-0.326296	-0.492231	
-0.34	0.431745	-0.093419	-0.325485	-0.512654	0.431745	-0.093419	-0.325485	-0.512654	
-0.32	0.392191	-0.0544565	-0.323447	-0.533833	0.392191	-0.0544565	-0.323447	-0.533833	
-0.3	0.350715	-0.0253786	-0.320029	-0.555724	0.350715	-0.0253786	-0.320029	-0.555724	
-0.28	0.309682	-0.0048507	-0.31507	-0.578261	0.309682	-0.0048507	-0.31507	-0.578261	
-0.26	0.270582	0.0087311	-0.308404	-0.601354	0.270582	0.0087311	-0.308404	-0.601354	
-0.24	0.234212	0.0169255	-0.29986	-0.624883	0.234212	0.0169255	-0.29986	-0.624883	
-0.22	0.200885	0.021092	-0.289269	-0.648695	0.200885	0.021092	-0.289269	-0.648695	
-0.2	0.170608	0.0223434	-0.276471	-0.672602	0.170608	0.0223434	-0.276471	-0.672602	
-0.18	0.143214	0.0215557	-0.261321	-0.696378	0.143214	0.0215557	-0.261321	-0.696378	
-0.16	0.118451	0.019402	-0.2437	-0.719757	0.118451	0.019402	-0.2437	-0.719757	
-0.14	0.0960307	0.0163925	-0.223522	-0.742435	0.0960307	0.0163925	-0.223522	-0.742435	
-0.12	0.0756653	0.012912	-0.200749	-0.764074	0.0756653	0.012912	-0.200749	-0.764074	
-0.1	0.0570787	0.0092516	-0.175403	-0.784305	0.0570787	0.0092516	-0.175403	-0.784305	
-0.08	0.0400156	0.00563427	-0.147574	-0.802743	0.0400156	0.00563427	-0.147574	-0.802743	
-0.06	0.0242424	0.00223471	-0.117428	-0.818991	0.0242424	0.00223471	-0.117428	-0.818991	
-0.04	0.00954559	-0.000804857	-0.0852173	-0.832659	0.00954559	-0.000804857	-0.0852173	-0.832659	
-0.02	-0.00427187	-0.00336226	-0.0512728	-0.843382	-0.00427187	-0.00336226	-0.0512728	-0.843382	
0	-0.0173953	-0.00532523	-0.0160015	-0.850832	-0.0173953	-0.00532523	-0.0160015	-0.850832	
0.02	-0.030004	-0.00658253	0.0201301	-0.854744	-0.030004	-0.00658253	0.0201301	-0.854744	
0.04	-0.042279	-0.00701577	0.0566155	-0.854927	-0.042279	-0.00701577	0.0566155	-0.854927	
0.06	-0.0544111	-0.00649097	0.0929313	-0.851286	-0.0544111	-0.00649097	0.0929313	-0.851286	
0.08	-0.0666136	-0.00484908	0.12856	-0.843831	-0.0666136	-0.00484908	0.12856	-0.843831	
0.1	-0.0791386	-0.00189471	0.163012	-0.832681	-0.0791386	-0.00189471	0.163012	-0.832681	
0.12	-0.0923018	0.00261834	0.195841	-0.818061	-0.0923018	0.00261834	0.195841	-0.818061	
0.14	-0.106521	0.00900577	0.226659	-0.800283	-0.106521	0.00900577	0.226659	-0.800283	
0.16	-0.122376	0.0176773	0.255148	-0.779729	-0.122376	0.0176773	0.255148	-0.779729	
0.18	-0.140717	0.0291671	0.281064	-0.756825	-0.140717	0.0291671	0.281064	-0.756825	
0.2	-0.162845	0.0441664	0.304243	-0.73202	-0.162845	0.0441664	0.304243	-0.73202	
0.22	-0.190858	0.0635368	0.324598	-0.70576	-0.190858	0.0635368	0.324598	-0.70576	
0.24	-0.228302	0.0882251	0.342115	-0.678473	-0.228302	0.0882251	0.342115	-0.678473	
0.26	-0.281498	0.118791	0.35684	-0.650557	-0.281498	0.118791	0.35684	-0.650557	
0.28	-0.362148	0.153486	0.368875	-0.622366	-0.362148	0.153486	0.368875	-0.622366	
0.3	-0.491643	0.180982	0.378358	-0.594211	-0.491643	0.180982	0.378358	-0.594211	
0.32	-0.699581	0.155404	0.385459	-0.566354	-0.699581	0.155404	0.385459	-0.566354	
0.34	-0.957313	-0.049594	0.390368	-0.539009	-0.957313	-0.049594	0.390368	-0.539009	
0.36	-0.997265	-0.480758	0.393282	-0.512347	-0.997265	-0.480758	0.393282	-0.512347	
0.38	-0.712194	-0.756288	0.394401	-0.486497	-0.712194	-0.756288	0.394401	-0.486497	
0.4	-0.445134	-0.769153	0.393921	-0.461554	-0.445134	-0.769153	0.393921	-0.461554	
0.42	-0.29569	-0.701683	0.39203	-0.43758	-0.29569	-0.701683	0.39203	-0.43758	
0.44	-0.218517	-0.633295	0.388905	-0.414612	-0.218517	-0.633295	0.388905	-0.414612	
0.46	-0.177651	-0.578654	0.384711	-0.392666	-0.177651	-0.578654	0.384711	-0.392666	
0.48	-0.155232	-0.536994	0.379597	-0.371739	-0.155232	-0.536994	0.379597	-0.371739	
0.5	-0.142692	-0.505335	0.373699	-0.351816	-0.142692	-0.505335	0.373699	-0.351816	
0.52	-0.135739	-0.481083	0.367139	-0.33287	-0.135739	-0.481083	0.367139	-0.33287	
0.54	-0.132101	-0.462325	0.360026	-0.314868	-0.132101	-0.462325	0.360026	-0.314868	
0.56	-0.130506	-0.447697	0.352456	-0.29777	-0.130506	-0.447697	0.352456	-0.29777	
0.58	-0.130213	-0.436229	0.344513	-0.281533	-0.130213	-0.436229	0.344513	-0.281533	
0.6	-0.130765	-0.427219	0.33627	-0.266111	-0.130765	-0.427219	0.33627	-0.266111	
0.62	-0.131877	-0.420153	0.327793	-0.251458	-0.131877	-0.420153	0.327793	-0.251458	
0.64	-0.133362	-0.41465	0.319137	-0.237528	-0.133362	-0.41465	0.319137	-0.237528	
0.66	-0.135095	-0.41042	0.31035	-0.224274	-0.135095	-0.41042	0.31035	-0.224274	
0.68	-0.136991	-0.407239	0.301474	-0.211652	-0.136991	-0.407239	0.301474	-0.211652	
0.7	-0.138991	-0.404936	0.292543	-0.199617	-0.138991	-0.404936	0.292543	-0.199617	
0.72	-0.141052	-0.403372	0.283589	-0.188129	-0.141052	-0.403372	0.283589	-0.188129	
0.74	-0.143145	-0.402439	0.274637	-0.177146	-0.143145	-0.402439	0.274637	-0.177146	
0.76	-0.145246	-0.402049	0.265709	-0.166632	-0.145246	-0.402049	0.265709	-0.166632	
0.78	-0.147341	-0.40213	0.256824	-0.156549	-0.147341	-0.40213	0.256824	-0.156549	
0.8	-0.149417	-0.402624	0.247998	-0.146864	-0.149417	-0.402624	0.247998	-0.146864	
0.82	-0.151464	-0.403482	0.239244	-0.137545	-0.151464	-0.403482	0.239244	-0.137545	
0.84	-0.153475	-0.404662	0.230573	-0.128561	-0.153475	-0.404662	0.230573	-0.128561	
0.86	-0.155445	-0.406132	0.221994	-0.119883	-0.155445	-0.406132	0.221994	-0.119883	
0.88	-0.15737	-0.407862	0.213516	-0.111486	-0.15737	-0.407862	0.213516	-0.111486	
0.9	-0.159245	-0.409827	0.205145	-0.103343	-0.159245	-0.409827	0.205145	-0.103343	
0.92	-0.161069	-0.412007	0.196886	-0.0954323	-0.161069	-0.412007	0.196886	-0.0954323	
0.94	-0.162838	-0.414384	0.188745	-0.0877307	-0.162838	-0.414384	0.188745	-0.0877307	
0.96	-0.164551	-0.416942	0.180725	-0.080218	-0.164551	-0.416942	0.180725	-0.080218	
0.98	-0.166206	-0.419668	0.172829	-0.0728749	-0.166206	-0.419668	0.172829	-0.0728749	
1	-0.167801	-0.42255	0.165061	-0.0656833	-0.167801	-0.42255	0.165061	-0.0656833	
1.02	-0.169335	-0.425577	0.157423	-0.0586263	-0.169335	-0.425577	0.157423	-0.0586263	
1.04	-0.170807	-0.42874	0.149917	-0.0516881	-0.170807	-0.42874	0.149917	-0.0516881	
1.06	-0.172214	-0.432031	0.142545	-0.044854	-0.172214	-0.432031	0.142545	-0.044854	
1.08	-0.173556	-0.435443	0.13531	-0.0381102	-0.173556	-0.435443	0.13531	-0.0381102	
1.1	-0.174831	-0.43897	0.128213	-0.0314438	-0.174831	-0.43897	0.128213	-0.0314438	
1.12	-0.176038	-0.442605	0.121255	-0.0248427	-0.176038	-0.442605	0.121255	-0.0248427	
1.14	-0.177176	-0.446343	0.114439	-0.0182958	-0.177176	-0.446343	0.114439	-0.0182958	
1.16	-0.178244	-0.45018	0.107767	-0.0117927	-0.178244	-0.45018	0.107767	-0.0117927	
1.18	-0.179239	-0.45411	0.10124	-0.00532363	-0.179239	-0.45411	0.10124	-0.00532363	
1.2	-0.18016	-0.45813	0.0948615	0.00112034	-0.18016	-0.45813	0.0948615	0.00112034	
1.22	-0.181007	-0.462236	0.0886325	0.0075475	-0.181007	-0.462236	0.0886325	0.0075475	
1.24	-0.181776	-0.466424	0.0825557	0.0139655	-0.181776	-0.466424	0.0825557	0.0139655	
1.26	-0.182468	-0.470691	0.0766336	0.0203813	-0.182468	-0.470691	0.0766336	0.0203813	
1.28	-0.18308	-0.475033	0.0708691	0.0268013	-0.18308	-0.475033	0.0708691	0.0268013	
1.3	-0.183611	-0.479447	0.0652648	0.0332312	-0.183611	-0.479447	0.0652648	0.0332312	
1.32	-0.184058	-0.483931	0.059824	0.0396763	-0.184058	-0.483931	0.059824	0.0396763	
1.34	-0.184421	-0.48848	0.0545497	0.0461411	-0.184421	-0.48848	0.0545497	0.0461411	
1.36	-0.184697	-0.493093	0.0494453	0.0526296	-0.184697	-0.493093	0.0494453	0.0526296	
1.38	-0.184885	-0.497765	0.0445145	0.0591452	-0.184885	-0.497765	0.0445145	0.0591452	
1.4	-0.184982	-0.502495	0.039761	0.0656908	-0.184982	-0.502495	0.039761	0.0656908	
1.42	-0.184988	-0.507279	0.0351885	0.0722687	-0.184988	-0.507279	0.0351885	0.0722687	
1.44	-0.184899	-0.512114	0.0308012	0.0788805	-0.184899	-0.512114	0.0308012	0.0788805	
1.46	-0.184715	-0.516998	0.0266032	0.0855275	-0.184715	-0.516998	0.0266032	0.0855275	
1.48	-0.184433	-0.521926	0.0225986	0.09221	-0.184433	-0.521926	0.0225986	0.09221	
1.5	-0.184052	-0.526897	0.0187917	0.0989281	-0.184052	-0.526897	0.0187917	0.0989281	
1.52	-0.18357	-0.531907	0.015187	0.105681	-0.18357	-0.531907	0.015187	0.105681	
1.54	-0.182984	-0.536952	0.0117888	0.112468	-0.182984	-0.536952	0.0117888	0.112468	
1.56	-0.182293	-0.54203	0.0086015	0.119287	-0.182293	-0.54203	0.0086015	0.119287	
1.58	-0.181496	-0.547137	0.00562939	0.126135	-0.181496	-0.547137	0.00562939	0.126135	
1.6	-0.18059	-0.552269	0.00287677	0.13301	-0.18059	-0.552269	0.00287677	0.13301	
1.62	-0.179574	-0.557423	0.000347802	0.139908	-0.179574	-0.557423	0.000347802	0.139908	
1.64	-0.178446	-0.562595	-0.0019535	0.146824	-0.178446	-0.562595	-0.0019535	0.146824	
1.66	-0.177204	-0.567781	-0.00402329	0.153755	-0.177204	-0.567781	-0.00402329	0.153755	
1.68	-0.175847	-0.572978	-0.00585798	0.160695	-0.175847	-0.572978	-0.00585798	0.160695	
1.7	-0.174374	-0.57818	-0.0074542	0.167638	-0.174374	-0.57818	-0.0074542	0.167638	
1.72	-0.172784	-0.583385	-0.00880894	0.174578	-0.172784	-0.583385	-0.00880894	0.174578	
1.74	-0.171074	-0.588588	-0.00991951	0.181508	-0.171074	-0.588588	-0.00991951	0.181508	
1.76	-0.169244	-0.593785	-0.0107836	0.188421	-0.169244	-0.593785	-0.0107836	0.188421	
1.78	-0.167293	-0.59897	-0.0113995	0.195308	-0.167293	-0.59897	-0.0113995	0.195308	
1.8	-0.165221	-0.604139	-0.0117657	0.202163	-0.165221	-0.604139	-0.0117657	0.202163	
1.82	-0.163025	-0.609289	-0.0118813	0.208975	-0.163025	-0.609289	-0.0118813	0.208975	
1.84	-0.160707	-0.614413	-0.0117462	0.215737	-0.160707	-0.614413	-0.0117462	0.215737	
1.86	-0.158264	-0.619507	-0.0113607	0.222439	-0.158264	-0.619507	-0.0113607	0.222439	
1.88	-0.155698	-0.624565	-0.0107255	0.229072	-0.155698	-0.624565	-0.0107255	0.229072	
1.9	-0.153008	-0.629584	-0.00984233	0.235626	-0.153008	-0.629584	-0.00984233	0.235626	
1.92	-0.150194	-0.634557	-0.00871337	0.242092	-0.150194	-0.634557	-0.00871337	0.242092	
1.94	-0.147257	-0.63948	-0.00734155	0.248459	-0.147257	-0.63948	-0.00734155	0.248459	
1.96	-0.144197	-0.644347	-0.00573045	0.254719	-0.144197	-0.644347	-0.00573045	0.254719	
1.98	-0.141015	-0.649153	-0.00388438	0.260861	-0.141015	-0.649153	-0.00388438	0.260861	
2	-0.137713	-0.653892	-0.00180834	0.266875	-0.137713	-0.653892	-0.00180834	0.266875	
2.02	-0.13429	-0.65856	0.000491985	0.272753	-0.13429	-0.65856	0.000491985	0.272753	
2.04	-0.130749	-0.66315	0.00301023	0.278486	-0.130749	-0.66315	0.00301023	0.278486	
2.06	-0.127092	-0.667657	0.00573939	0.284063	-0.127092	-0.667657	0.00573939	0.284063	
2.08	-0.12332	-0.672077	0.0086718	0.289477	-0.12332	-0.672077	0.0086718	0.289477	
2.1	-0.119436	-0.676403	0.0117992	0.294721	-0.119436	-0.676403	0.0117992	0.294721	
2.12	-0.115442	-0.68063	0.0151129	0.299785	-0.115442	-0.68063	0.0151129	0.299785	
2.14	-0.11134	-0.684754	0.0186034	0.304665	-0.11134	-0.684754	0.0186034	0.304665	
2.16	-0.107135	-0.688768	0.0222611	0.309352	-0.107135	-0.688768	0.0222611	0.309352	
2.18	-0.102829	-0.692669	0.0260757	0.313841	-0.102829	-0.692669	0.0260757	0.313841	
2.2	-0.0984258	-0.69645	0.0300367	0.318127	-0.0984258	-0.69645	0.0300367	0.318127	
2.22	-0.0939288	-0.700108	0.0341333	0.322206	-0.0939288	-0.700108	0.0341333	0.322206	
2.24	-0.0893423	-0.703637	0.0383544	0.326074	-0.0893423	-0.703637	0.0383544	0.326074	
2.26	-0.0846704	-0.707034	0.0426887	0.329728	-0.0846704	-0.707034	0.0426887	0.329728	
2.28	-0.0799177	-0.710293	0.0471249	0.333166	-0.0799177	-0.710293	0.0471249	0.333166	
2.3	-0.0750887	-0.713411	0.0516517	0.336386	-0.0750887	-0.713411	0.0516517	0.336386	
2.32	-0.0701884	-0.716383	0.0562575	0.339387	-0.0701884	-0.716383	0.0562575	0.339387	
2.34	-0.065222	-0.719206	0.0609313	0.342169	-0.065222	-0.719206	0.0609313	0.342169	
2.36	-0.0601945	-0.721877	0.0656617	0.344733	-0.0601945	-0.721877	0.0656617	0.344733	
2.38	-0.0551116	-0.724393	0.0704379	0.347081	-0.0551116	-0.724393	0.0704379	0.347081	
2.4	-0.0499789	-0.72675	0.0752492	0.349213	-0.0499789	-0.72675	0.0752492	0.349213	
2.42	-0.044802	-0.728945	0.0800851	0.351133	-0.044802	-0.728945	0.0800851	0.351133	
2.44	-0.0395869	-0.730977	0.0849357	0.352844	-0.0395869	-0.730977	0.0849357	0.352844	
2.46	-0.0343396	-0.732843	0.0897911	0.354349	-0.0343396	-0.732843	0.0897911	0.354349	
2.48	-0.0290661	-0.734541	0.0946421	0.355653	-0.0290661	-0.734541	0.0946421	0.355653	
2.5	-0.0237727	-0.736071	0.0994799	0.35676	-0.0237727	-0.736071	0.0994799	0.35676	
2.52	-0.0184656	-0.73743	0.104296	0.357676	-0.0184656	-0.73743	0.104296	0.357676	
2.54	-0.013151	-0.738618	0.109083	0.358405	-0.013151	-0.738618	0.109083	0.358405	
2.56	-0.00783529	-0.739634	0.113833	0.358954	-0.00783529	-0.739634	0.113833	0.358954	
2.58	-0.00252464	-0.740478	0.11854	0.359329	-0.00252464	-0.740478	0.11854	0.359329	
2.6	0.00277464	-0.74115	0.123196	0.359536	0.00277464	-0.74115	0.123196	0.359536	
2.62	0.00805631	-0.741651	0.127797	0.359581	0.00805631	-0.741651	0.127797	0.359581	
2.64	0.0133142	-0.741981	0.132336	0.359471	0.0133142	-0.741981	0.132336	0.359471	
2.66	0.0185422	-0.742141	0.13681	0.359212	0.0185422	-0.742141	0.13681	0.359212	
2.68	0.0237344	-0.742132	0.141214	0.358813	0.0237344	-0.742132	0.141214	0.358813	
2.7	0.0288848	-0.741956	0.145544	0.358278	0.0288848	-0.741956	0.145544	0.358278	
2.72	0.0339876	-0.741614	0.149797	0.357616	0.0339876	-0.741614	0.149797	0.357616	
2.74	0.0390373	-0.74111	0.153969	0.356833	0.0390373	-0.74111	0.153969	0.356833	
2.76	0.0440284	-0.740444	0.15806	0.355935	0.0440284	-0.740444	0.15806	0.355935	
2.78	0.0489554	-0.73962	0.162066	0.354929	0.0489554	-0.73962	0.162066	0.354929	
2.8	0.0538135	-0.738641	0.165986	0.353822	0.0538135	-0.738641	0.165986	0.353822	
2.82	0.0585975	-0.737509	0.169819	0.352621	0.0585975	-0.737509	0.169819	0.352621	
2.84	0.0633028	-0.736228	0.173565	0.35133	0.0633028	-0.736228	0.173565	0.35133	
2.86	0.0679248	-0.734801	0.177222	0.349957	0.0679248	-0.734801	0.177222	0.349957	
2.88	0.0724593	-0.733232	0.18079	0.348506	0.0724593	-0.733232	0.18079	0.348506	
2.9	0.0769022	-0.731524	0.184271	0.346985	0.0769022	-0.731524	0.184271	0.346985	
2.92	0.0812496	-0.729681	0.187663	0.345397	0.0812496	-0.729681	0.187663	0.345397	
2.94	0.0854979	-0.727708	0.190968	0.343749	0.0854979	-0.727708	0.190968	0.343749	
2.96	0.0896439	-0.725608	0.194187	0.342046	0.0896439	-0.725608	0.194187	0.342046	
2.98	0.0936843	-0.723386	0.197321	0.340292	0.0936843	-0.723386	0.197321	0.340292	
3	0.0976162	-0.721046	0.200371	0.338491	0.0976162	-0.721046	0.200371	0.338491	
3.02	0.101437	-0.718592	0.203338	0.336648	0.101437	-0.718592	0.203338	0.336648	
3.04	0.105145	-0.716028	0.206224	0.334768	0.105145	-0.716028	0.206224	0.334768	
3.06	0.108736	-0.71336	0.20903	0.332853	0.108736	-0.71336	0.20903	0.332853	
3.08	0.112211	-0.710591	0.21176	0.330908	0.112211	-0.710591	0.21176	0.330908	
3.1	0.115566	-0.707726	0.214414	0.328936	0.115566	-0.707726	0.214414	0.328936	
3.12	0.1188	-0.704769	0.216994	0.32694	0.1188	-0.704769	0.216994	0.32694	
3.14	0.121912	-0.701725	0.219503	0.324924	0.121912	-0.701725	0.219503	0.324924	
3.16	0.124902	-0.698597	0.221943	0.322889	0.124902	-0.698597	0.221943	0.322889	
3.18	0.127767	-0.695392	0.224315	0.320839	0.127767	-0.695392	0.224315	0.320839	
3.2	0.130509	-0.692112	0.226623	0.318775	0.130509	-0.692112	0.226623	0.318775	
3.22	0.133125	-0.688762	0.228868	0.316701	0.133125	-0.688762	0.228868	0.316701	
3.24	0.135616	-0.685345	0.231052	0.314618	0.135616	-0.685345	0.231052	0.314618	
3.26	0.137983	-0.681867	0.233178	0.312527	0.137983	-0.681867	0.233178	0.312527	
3.28	0.140224	-0.678331	0.235248	0.310431	0.140224	-0.678331	0.235248	0.310431	
3.3	0.142341	-0.674741	0.237265	0.308331	0.142341	-0.674741	0.237265	0.308331	
3.32	0.144333	-0.6711	0.239229	0.306228	0.144333	-0.6711	0.239229	0.306228	
3.34	0.146202	-0.667412	0.241144	0.304124	0.146202	-0.667412	0.241144	0.304124	
3.36	0.147948	-0.663682	0.243012	0.302018	0.147948	-0.663682	0.243012	0.302018	
3.38	0.149572	-0.659911	0.244835	0.299913	0.149572	-0.659911	0.244835	0.299913	
3.4	0.151074	-0.656104	0.246614	0.297809	0.151074	-0.656104	0.246614	0.297809	
3.42	0.152457	-0.652264	0.248352	0.295707	0.152457	-0.652264	0.248352	0.295707	
3.44	0.153721	-0.648394	0.250051	0.293606	0.153721	-0.648394	0.250051	0.293606	
3.46	0.154867	-0.644496	0.251712	0.291508	0.154867	-0.644496	0.251712	0.291508	
3.48	0.155898	-0.640573	0.253338	0.289412	0.155898	-0.640573	0.253338	0.289412	
3.5	0.156813	-0.636629	0.25493	0.28732	0.156813	-0.636629	0.25493	0.28732	
3.52	0.157616	-0.632666	0.256489	0.28523	0.157616	-0.632666	0.256489	0.28523	
3.54	0.158307	-0.628685	0.258019	0.283142	0.158307	-0.628685	0.258019	0.283142	
3.56	0.158888	-0.62469	0.259519	0.281058	0.158888	-0.62469	0.259519	0.281058	
3.58	0.159361	-0.620683	0.260992	0.278975	0.159361	-0.620683	0.260992	0.278975	
3.6	0.159728	-0.616665	0.262438	0.276895	0.159728	-0.616665	0.262438	0.276895	
3.62	0.159991	-0.612638	0.26386	0.274817	0.159991	-0.612638	0.26386	0.274817	
3.64	0.16015	-0.608605	0.265259	0.27274	0.16015	-0.608605	0.265259	0.27274	
3.66	0.160209	-0.604567	0.266635	0.270663	0.160209	-0.604567	0.266635	0.270663	
3.68	0.160169	-0.600524	0.267991	0.268587	0.160169	-0.600524	0.267991	0.268587	
3.7	0.160033	-0.59648	0.269326	0.26651	0.160033	-0.59648	0.269326	0.26651	
3.72	0.159801	-0.592435	0.270641	0.264432	0.159801	-0.592435	0.270641	0.264432	
3.74	0.159476	-0.58839	0.271939	0.262353	0.159476	-0.58839	0.271939	0.262353	
3.76	0.159061	-0.584346	0.273219	0.260271	0.159061	-0.584346	0.273219	0.260271	
3.78	0.158556	-0.580305	0.274481	0.258185	0.158556	-0.580305	0.274481	0.258185	
3.8	0.157965	-0.576266	0.275728	0.256096	0.157965	-0.576266	0.275728	0.256096	
3.82	0.157288	-0.572232	0.276959	0.254002	0.157288	-0.572232	0.276959	0.254002	
3.84	0.156529	-0.568202	0.278174	0.251901	0.156529	-0.568202	0.278174	0.251901	
3.86	0.155688	-0.564177	0.279374	0.249794	0.155688	-0.564177	0.279374	0.249794	
3.88	0.154769	-0.560157	0.280559	0.24768	0.154769	-0.560157	0.280559	0.24768	
3.9	0.153773	-0.556144	0.28173	0.245557	0.153773	-0.556144	0.28173	0.245557	
3.92	0.152702	-0.552136	0.282886	0.243424	0.152702	-0.552136	0.282886	0.243424	
3.94	0.151559	-0.548135	0.284027	0.241282	0.151559	-0.548135	0.284027	0.241282	
3.96	0.150344	-0.544141	0.285154	0.239128	0.150344	-0.544141	0.285154	0.239128	
3.98	0.14906	-0.540153	0.286266	0.236962	0.14906	-0.540153	0.286266	0.236962	
4	0.14771	-0.536171	0.287363	0.234784	0.14771	-0.536171	0.287363	0.234784	
4.02	0.146295	-0.532196	0.288444	0.232592	0.146295	-0.532196	0.288444	0.232592	
4.04	0.144816	-0.528228	0.289509	0.230385	0.144816	-0.528228	0.289509	0.230385	
4.06	0.143277	-0.524265	0.290558	0.228163	0.143277	-0.524265	0.290558	0.228163	
4.08	0.141679	-0.520307	0.291589	0.225926	0.141679	-0.520307	0.291589	0.225926	
4.1	0.140023	-0.516356	0.292603	0.223672	0.140023	-0.516356	0.292603	0.223672	
4.12	0.138313	-0.512409	0.293599	0.2214	0.138313	-0.512409	0.293599	0.2214	
4.14	0.136549	-0.508466	0.294575	0.219111	0.136549	-0.508466	0.294575	0.219111	
4.16	0.134734	-0.504528	0.295531	0.216804	0.134734	-0.504528	0.295531	0.216804	
4.18	0.13287	-0.500593	0.296466	0.214478	0.13287	-0.500593	0.296466	0.214478	
4.2	0.130959	-0.496661	0.297379	0.212132	0.130959	-0.496661	0.297379	0.212132	
4.22	0.129002	-0.492731	0.298269	0.209768	0.129002	-0.492731	0.298269	0.209768	
4.24	0.127001	-0.488802	0.299135	0.207383	0.127001	-0.488802	0.299135	0.207383	
4.26	0.124959	-0.484875	0.299975	0.204979	0.124959	-0.484875	0.299975	0.204979	
4.28	0.122878	-0.480947	0.300789	0.202556	0.122878	-0.480947	0.300789	0.202556	
4.3	0.120759	-0.477019	0.301575	0.200112	0.120759	-0.477019	0.301575	0.200112	
4.32	0.118604	-0.47309	0.302333	0.197648	0.118604	-0.47309	0.302333	0.197648	
4.34	0.116415	-0.469159	0.30306	0.195165	0.116415	-0.469159	0.30306	0.195165	
4.36	0.114194	-0.465224	0.303756	0.192663	0.114194	-0.465224	0.303756	0.192663	
4.38	0.111944	-0.461286	0.304419	0.190141	0.111944	-0.461286	0.304419	0.190141	
4.4	0.109666	-0.457344	0.305048	0.187602	0.109666	-0.457344	0.305048	0.187602	
4.42	0.107362	-0.453396	0.305642	0.185044	0.107362	-0.453396	0.305642	0.185044	
4.44	0.105034	-0.449442	0.3062	0.182469	0.105034	-0.449442	0.3062	0.182469	
4.46	0.102685	-0.445481	0.30672	0.179878	0.102685	-0.445481	0.30672	0.179878	
4.48	0.100315	-0.441513	0.307201	0.177271	0.100315	-0.441513	0.307201	0.177271	
4.5	0.097928	-0.437536	0.307642	0.174649	0.097928	-0.437536	0.307642	0.174649	
4.52	0.0955251	-0.43355	0.308042	0.172014	0.0955251	-0.43355	0.308042	0.172014	
4.54	0.0931085	-0.429553	0.3084	0.169366	0.0931085	-0.429553	0.3084	0.169366	
4.56	0.0906803	-0.425547	0.308715	0.166707	0.0906803	-0.425547	0.308715	0.166707	
4.58	0.0882427	-0.421528	0.308985	0.164037	0.0882427	-0.421528	0.308985	0.164037	
4.6	0.0857977	-0.417498	0.30921	0.161359	0.0857977	-0.417498	0.30921	0.161359	
4.62	0.0833474	-0.413455	0.30939	0.158674	0.0833474	-0.413455	0.30939	0.158674	
4.64	0.080894	-0.409399	0.309523	0.155983	0.080894	-0.409399	0.309523	0.155983	
4.66	0.0784396	-0.405328	0.309608	0.153287	0.0784396	-0.405328	0.309608	0.153287	
4.68	0.0759864	-0.401244	0.309646	0.150589	0.0759864	-0.401244	0.309646	0.150589	
4.7	0.0735365	-0.397145	0.309635	0.14789	0.0735365	-0.397145	0.309635	0.14789	
4.72	0.0710921	-0.39303	0.309576	0.145191	0.0710921	-0.39303	0.309576	0.145191	
4.74	0.0686554	-0.3889	0.309467	0.142495	0.0686554	-0.3889	0.309467	0.142495	
4.76	0.0662286	-0.384755	0.30931	0.139803	0.0662286	-0.384755	0.30931	0.139803	
4.78	0.0638138	-0.380593	0.309103	0.137116	0.0638138	-0.380593	0.309103	0.137116	
4.8	0.0614133	-0.376415	0.308847	0.134437	0.0614133	-0.376415	0.308847	0.134437	
4.82	0.0590292	-0.372221	0.308542	0.131768	0.0590292	-0.372221	0.308542	0.131768	
4.84	0.0566637	-0.36801	0.308187	0.129109	0.0566637	-0.36801	0.308187	0.129109	
4.86	0.0543189	-0.363783	0.307784	0.126463	0.0543189	-0.363783	0.307784	0.126463	
4.88	0.0519971	-0.35954	0.307333	0.123832	0.0519971	-0.35954	0.307333	0.123832	
4.9	0.0497003	-0.355281	0.306834	0.121217	0.0497003	-0.355281	0.306834	0.121217	
4.92	0.0474308	-0.351006	0.306288	0.11862	0.0474308	-0.351006	0.306288	0.11862	
4.94	0.0451905	-0.346715	0.305696	0.116042	0.0451905	-0.346715	0.305696	0.116042	
4.96	0.0429816	-0.34241	0.305057	0.113486	0.0429816	-0.34241	0.305057	0.113486	
4.98	0.0408061	-0.338091	0.304374	0.110952	0.0408061	-0.338091	0.304374	0.110952	
5	0.0386661	-0.333757	0.303647	0.108443	0.0386661	-0.333757	0.303647	0.108443	
5.02	0.0365635	-0.329411	0.302877	0.105959	0.0365635	-0.329411	0.302877	0.105959	
5.04	0.0345003	-0.325052	0.302065	0.103501	0.0345003	-0.325052	0.302065	0.103501	
5.06	0.0324783	-0.320681	0.301212	0.101073	0.0324783	-0.320681	0.301212	0.101073	
5.08	0.0304993	-0.3163	0.30032	0.0986733	0.0304993	-0.3163	0.30032	0.0986733	
5.1	0.0285653	-0.31191	0.299389	0.0963046	0.0285653	-0.31191	0.299389	0.0963046	
5.12	0.0266778	-0.30751	0.298421	0.0939676	0.0266778	-0.30751	0.298421	0.0939676	
5.14	0.0248385	-0.303104	0.297418	0.0916634	0.0248385	-0.303104	0.297418	0.0916634	
5.16	0.0230491	-0.298691	0.29638	0.0893928	0.0230491	-0.298691	0.29638	0.0893928	
5.18	0.021311	-0.294273	0.295309	0.0871568	0.021311	-0.294273	0.295309	0.0871568	
5.2	0.0196257	-0.289852	0.294207	0.084956	0.0196257	-0.289852	0.294207	0.084956	
5.22	0.0179945	-0.285429	0.293074	0.0827913	0.0179945	-0.285429	0.293074	0.0827913	
5.24	0.0164188	-0.281005	0.291913	0.0806631	0.0164188	-0.281005	0.291913	0.0806631	
5.26	0.0148996	-0.276582	0.290724	0.0785721	0.0148996	-0.276582	0.290724	0.0785721	
5.28	0.0134381	-0.272162	0.28951	0.0765187	0.0134381	-0.272162	0.28951	0.0765187	
5.3	0.0120353	-0.267746	0.288271	0.0745033	0.0120353	-0.267746	0.288271	0.0745033	
5.32	0.0106922	-0.263336	0.28701	0.0725263	0.0106922	-0.263336	0.28701	0.0725263	
5.34	0.00940937	-0.258934	0.285727	0.0705878	0.00940937	-0.258934	0.285727	0.0705878	
5.36	0.00818768	-0.254541	0.284424	0.0686881	0.00818768	-0.254541	0.284424	0.0686881	
5.38	0.0070277	-0.25016	0.283102	0.0668272	0.0070277	-0.25016	0.283102	0.0668272	
5.4	0.00592992	-0.245792	0.281763	0.0650053	0.00592992	-0.245792	0.281763	0.0650053	
5.42	0.00489474	-0.241438	0.280408	0.0632222	0.00489474	-0.241438	0.280408	0.0632222	
5.44	0.00392243	-0.237102	0.279039	0.061478	0.00392243	-0.237102	0.279039	0.061478	
5.46	0.00301319	-0.232784	0.277657	0.0597725	0.00301319	-0.232784	0.277657	0.0597725	
5.48	0.00216708	-0.228487	0.276262	0.0581056	0.00216708	-0.228487	0.276262	0.0581056	
5.5	0.00138408	-0.224212	0.274857	0.0564769	0.00138408	-0.224212	0.274857	0.0564769	
5.52	0.000664048	-0.219962	0.273443	0.0548864	0.000664048	-0.219962	0.273443	0.0548864	
5.54	6.75628e-06	-0.215737	0.27202	0.0533335	6.75628e-06	-0.215737	0.27202	0.0533335	
5.56	-0.000588134	-0.211541	0.27059	0.051818	-0.000588134	-0.211541	0.27059	0.051818	
5.58	-0.00112106	-0.207374	0.269154	0.0503395	-0.00112106	-0.207374	0.269154	0.0503395	
5.6	-0.00159255	-0.203239	0.267713	0.0488976	-0.00159255	-0.203239	0.267713	0.0488976	
5.62	-0.00200322	-0.199137	0.266268	0.0474917	-0.00200322	-0.199137	0.266268	0.0474917	
5.64	-0.0023538	-0.19507	0.26482	0.0461215	-0.0023538	-0.19507	0.26482	0.0461215	
5.66	-0.00264508	-0.19104	0.26337	0.0447864	-0.00264508	-0.19104	0.26337	0.0447864	
5.68	-0.00287795	-0.187048	0.261919	0.0434859	-0.00287795	-0.187048	0.261919	0.0434859	
5.7	-0.00305337	-0.183095	0.260467	0.0422194	-0.00305337	-0.183095	0.260467	0.0422194	
5.72	-0.00317238	-0.179183	0.259016	0.0409864	-0.00317238	-0.179183	0.259016	0.0409864	
5.74	-0.00323609	-0.175315	0.257567	0.0397862	-0.00323609	-0.175315	0.257567	0.0397862	
5.76	-0.00324566	-0.17149	0.25612	0.0386183	-0.00324566	-0.17149	0.25612	0.0386183	
5.78	-0.00320235	-0.16771	0.254675	0.0374821	-0.00320235	-0.16771	0.254675	0.0374821	
5.8	-0.00310744	-0.163976	0.253234	0.036377	-0.00310744	-0.163976	0.253234	0.036377	
5.82	-0.00296228	-0.16029	0.251797	0.0353022	-0.00296228	-0.16029	0.251797	0.0353022	
5.84	-0.00276826	-0.156653	0.250365	0.0342573	-0.00276826	-0.156653	0.250365	0.0342573	
5.86	-0.00252682	-0.153065	0.248938	0.0332415	-0.00252682	-0.153065	0.248938	0.0332415	
5.88	-0.00223943	-0.149528	0.247516	0.0322542	-0.00223943	-0.149528	0.247516	0.0322542	
5.9	-0.00190759	-0.146042	0.246101	0.0312948	-0.00190759	-0.146042	0.246101	0.0312948	
5.92	-0.00153284	-0.142609	0.244693	0.0303626	-0.00153284	-0.142609	0.244693	0.0303626	
5.94	-0.00111674	-0.139228	0.243292	0.0294571	-0.00111674	-0.139228	0.243292	0.0294571	
5.96	-0.000660853	-0.1359	0.241899	0.0285775	-0.000660853	-0.1359	0.241899	0.0285775	
5.98	-0.000166778	-0.132627	0.240514	0.0277232	-0.000166778	-0.132627	0.240514	0.0277232	
6	0.000363889	-0.129408	0.239137	0.0268937	0.000363889	-0.129408	0.239137	0.0268937	
6.02	0.000929546	-0.126244	0.237769	0.0260883	0.000929546	-0.126244	0.237769	0.0260883	
6.04	0.00152858	-0.123135	0.236409	0.0253063	0.00152858	-0.123135	0.236409	0.0253063	
6.06	0.0021594	-0.120081	0.235059	0.0245473	0.0021594	-0.120081	0.235059	0.0245473	
6.08	0.00282041	-0.117083	0.233718	0.0238105	0.00282041	-0.117083	0.233718	0.0238105	
6.1	0.00351001	-0.11414	0.232387	0.0230954	0.00351001	-0.11414	0.232387	0.0230954	
6.12	0.00422664	-0.111254	0.231066	0.0224014	0.00422664	-0.111254	0.231066	0.0224014	
6.14	0.00496873	-0.108423	0.229755	0.021728	0.00496873	-0.108423	0.229755	0.021728	
6.16	0.00573475	-0.105647	0.228455	0.0210746	0.00573475	-0.105647	0.228455	0.0210746	
6.18	0.00652319	-0.102927	0.227164	0.0204406	0.00652319	-0.102927	0.227164	0.0204406	
6.2	0.00733256	-0.100263	0.225885	0.0198255	0.00733256	-0.100263	0.225885	0.0198255	
6.22	0.00816138	-0.0976528	0.224616	0.0192287	0.00816138	-0.0976528	0.224616	0.0192287	
6.24	0.00900822	-0.0950979	0.223357	0.0186498	0.00900822	-0.0950979	0.223357	0.0186498	
6.26	0.00987169	-0.0925972	0.22211	0.0180883	0.00987169	-0.0925972	0.22211	0.0180883	
6.28	0.0107504	-0.0901506	0.220873	0.0175436	0.0107504	-0.0901506	0.220873	0.0175436	
6.3	0.011643	-0.0877574	0.219647	0.0170152	0.011643	-0.0877574	0.219647	0.0170152	
6.32	0.0125482	-0.0854173	0.218433	0.0165028	0.0125482	-0.0854173	0.218433	0.0165028	
6.34	0.0134648	-0.0831297	0.217229	0.0160057	0.0134648	-0.0831297	0.217229	0.0160057	
6.36	0.0143915	-0.0808941	0.216037	0.0155236	0.0143915	-0.0808941	0.216037	0.0155236	
6.38	0.0153271	-0.0787098	0.214855	0.0150561	0.0153271	-0.0787098	0.214855	0.0150561	
6.4	0.0162704	-0.0765762	0.213685	0.0146027	0.0162704	-0.0765762	0.213685	0.0146027	
6.42	0.0172204	-0.0744928	0.212525	0.0141629	0.0172204	-0.0744928	0.212525	0.0141629	
6.44	0.018176	-0.0724587	0.211377	0.0137364	0.018176	-0.0724587	0.211377	0.0137364	
6.46	0.0191362	-0.0704734	0.210239	0.0133228	0.0191362	-0.0704734	0.210239	0.0133228	
6.48	0.0200998	-0.0685361	0.209113	0.0129217	0.0200998	-0.0685361	0.209113	0.0129217	
6.5	0.0210661	-0.066646	0.207997	0.0125327	0.0210661	-0.066646	0.207997	0.0125327	
6.52	0.0220341	-0.0648025	0.206893	0.0121554	0.0220341	-0.0648025	0.206893	0.0121554	
6.54	0.0230028	-0.0630047	0.205799	0.0117896	0.0230028	-0.0630047	0.205799	0.0117896	
6.56	0.0239715	-0.0612518	0.204716	0.0114347	0.0239715	-0.0612518	0.204716	0.0114347	
6.58	0.0249394	-0.0595431	0.203644	0.0110906	0.0249394	-0.0595431	0.203644	0.0110906	
6.6	0.0259057	-0.0578778	0.202582	0.0107569	0.0259057	-0.0578778	0.202582	0.0107569	
6.62	0.0268696	-0.0562551	0.201531	0.0104332	0.0268696	-0.0562551	0.201531	0.0104332	
6.64	0.0278305	-0.0546741	0.200491	0.0101193	0.0278305	-0.0546741	0.200491	0.0101193	
6.66	0.0287878	-0.0531341	0.199461	0.00981486	0.0287878	-0.0531341	0.199461	0.00981486	
6.68	0.0297407	-0.0516342	0.198441	0.00951958	0.0297407	-0.0516342	0.198441	0.00951958	
6.7	0.0306888	-0.0501736	0.197431	0.00923317	0.0306888	-0.0501736	0.197431	0.00923317	
6.72	0.0316315	-0.0487515	0.196432	0.00895538	0.0316315	-0.0487515	0.196432	0.00895538	
6.74	0.0325682	-0.0473671	0.195443	0.00868594	0.0325682	-0.0473671	0.195443	0.00868594	
6.76	0.0334985	-0.0460195	0.194464	0.00842458	0.0334985	-0.0460195	0.194464	0.00842458	
6.78	0.0344219	-0.044708	0.193494	0.00817106	0.0344219	-0.044708	0.193494	0.00817106	
6.8	0.035338	-0.0434318	0.192535	0.00792514	0.035338	-0.0434318	0.192535	0.00792514	
6.82	0.0362464	-0.04219	0.191585	0.00768659	0.0362464	-0.04219	0.191585	0.00768659	
6.84	0.0371466	-0.0409819	0.190644	0.00745517	0.0371466	-0.0409819	0.190644	0.00745517	
6.86	0.0380385	-0.0398068	0.189714	0.00723066	0.0380385	-0.0398068	0.189714	0.00723066	
6.88	0.0389216	-0.0386637	0.188792	0.00701286	0.0389216	-0.0386637	0.188792	0.00701286	
6.9	0.0397956	-0.037552	0.18788	0.00680155	0.0397956	-0.037552	0.18788	0.00680155	
6.92	0.0406604	-0.0364708	0.186977	0.00659654	0.0406604	-0.0364708	0.186977	0.00659654	
6.94	0.0415156	-0.0354196	0.186084	0.00639762	0.0415156	-0.0354196	0.186084	0.00639762	
6.96	0.0423609	-0.0343974	0.185199	0.00620462	0.0423609	-0.0343974	0.185199	0.00620462	
6.98	0.0431963	-0.0334037	0.184323	0.00601734	0.0431963	-0.0334037	0.184323	0.00601734	
7	0.0440215	-0.0324376	0.183456	0.00583562	0.0440215	-0.0324376	0.183456	0.00583562	
7.02	0.0448364	-0.0314986	0.182597	0.00565928	0.0448364	-0.0314986	0.182597	0.00565928	
7.04	0.0456408	-0.0305858	0.181748	0.00548815	0.0456408	-0.0305858	0.181748	0.00548815	
7.06	0.0464345	-0.0296987	0.180906	0.00532208	0.0464345	-0.0296987	0.180906	0.00532208	
7.08	0.0472175	-0.0288365	0.180073	0.00516091	0.0472175	-0.0288365	0.180073	0.00516091	
7.1	0.0479897	-0.0279986	0.179249	0.00500449	0.0479897	-0.0279986	0.179249	0.00500449	
7.12	0.048751	-0.0271844	0.178432	0.00485267	0.048751	-0.0271844	0.178432	0.00485267	
7.14	0.0495013	-0.0263932	0.177624	0.00470531	0.0495013	-0.0263932	0.177624	0.00470531	
7.16	0.0502405	-0.0256245	0.176823	0.00456228	0.0502405	-0.0256245	0.176823	0.00456228	
7.18	0.0509687	-0.0248776	0.17603	0.00442344	0.0509687	-0.0248776	0.17603	0.00442344	
7.2	0.0516857	-0.0241519	0.175246	0.00428866	0.0516857	-0.0241519	0.175246	0.00428866	
7.22	0.0523917	-0.0234469	0.174468	0.00415783	0.0523917	-0.0234469	0.174468	0.00415783	
7.24	0.0530865	-0.022762	0.173699	0.00403081	0.0530865	-0.022762	0.173699	0.00403081	
7.26	0.0537701	-0.0220967	0.172937	0.0039075	0.0537701	-0.0220967	0.172937	0.0039075	
7.28	0.0544427	-0.0214504	0.172182	0.00378778	0.0544427	-0.0214504	0.172182	0.00378778	
7.3	0.0551041	-0.0208226	0.171435	0.00367154	0.0551041	-0.0208226	0.171435	0.00367154	
7.32	0.0557545	-0.0202127	0.170694	0.00355867	0.0557545	-0.0202127	0.170694	0.00355867	
7.34	0.0563938	-0.0196204	0.169961	0.00344908	0.0563938	-0.0196204	0.169961	0.00344908	
7.36	0.0570222	-0.019045	0.169235	0.00334267	0.0570222	-0.019045	0.169235	0.00334267	
7.38	0.0576397	-0.0184862	0.168516	0.00323933	0.0576397	-0.0184862	0.168516	0.00323933	
7.4	0.0582462	-0.0179434	0.167804	0.00313898	0.0582462	-0.0179434	0.167804	0.00313898	
7.42	0.058842	-0.0174163	0.167098	0.00304152	0.058842	-0.0174163	0.167098	0.00304152	
7.44	0.059427	-0.0169042	0.166399	0.00294688	0.059427	-0.0169042	0.166399	0.00294688	
7.46	0.0600014	-0.016407	0.165707	0.00285495	0.0600014	-0.016407	0.165707	0.00285495	
7.48	0.0605652	-0.015924	0.165021	0.00276567	0.0605652	-0.015924	0.165021	0.00276567	
7.5	0.0611185	-0.015455	0.164341	0.00267896	0.0611185	-0.015455	0.164341	0.00267896	
7.52	0.0616614	-0.0149994	0.163668	0.00259472	0.0616614	-0.0149994	0.163668	0.00259472	
7.54	0.062194	-0.014557	0.163001	0.00251291	0.062194	-0.014557	0.163001	0.00251291	
7.56	0.0627164	-0.0141273	0.16234	0.00243343	0.0627164	-0.0141273	0.16234	0.00243343	
7.58	0.0632286	-0.0137101	0.161685	0.00235622	0.0632286	-0.0137101	0.161685	0.00235622	
7.6	0.0637309	-0.0133048	0.161036	0.00228122	0.0637309	-0.0133048	0.161036	0.00228122	
7.62	0.0642232	-0.0129113	0.160393	0.00220835	0.0642232	-0.0129113	0.160393	0.00220835	
7.64	0.0647058	-0.012529	0.159756	0.00213756	0.0647058	-0.012529	0.159756	0.00213756	
7.66	0.0651786	-0.0121578	0.159125	0.00206878	0.0651786	-0.0121578	0.159125	0.00206878	
7.68	0.0656419	-0.0117973	0.158499	0.00200196	0.0656419	-0.0117973	0.158499	0.00200196	
7.7	0.0660957	-0.0114472	0.157879	0.00193703	0.0660957	-0.0114472	0.157879	0.00193703	
7.72	0.0665401	-0.0111072	0.157265	0.00187394	0.0665401	-0.0111072	0.157265	0.00187394	
7.74	0.0669754	-0.010777	0.156656	0.00181264	0.0669754	-0.010777	0.156656	0.00181264	
7.76	0.0674014	-0.0104563	0.156052	0.00175307	0.0674014	-0.0104563	0.156052	0.00175307	
7.78	0.0678185	-0.0101448	0.155454	0.00169519	0.0678185	-0.0101448	0.155454	0.00169519	
7.8	0.0682267	-0.00984233	0.15486	0.00163894	0.0682267	-0.00984233	0.15486	0.00163894	
7.82	0.0686262	-0.00954854	0.154273	0.00158428	0.0686262	-0.00954854	0.154273	0.00158428	
7.84	0.069017	-0.0092632	0.15369	0.00153116	0.069017	-0.0092632	0.15369	0.00153116	
7.86	0.0693992	-0.00898608	0.153112	0.00147953	0.0693992	-0.00898608	0.153112	0.00147953	
7.88	0.0697731	-0.00871692	0.152539	0.00142936	0.0697731	-0.00871692	0.152539	0.00142936	
7.9	0.0701387	-0.00845551	0.151971	0.0013806	0.0701387	-0.00845551	0.151971	0.0013806	
7.92	0.0704961	-0.00820161	0.151408	0.0013332	0.0704961	-0.00820161	0.151408	0.0013332	
7.94	0.0708454	-0.007955	0.15085	0.00128714	0.0708454	-0.007955	0.15085	0.00128714	
7.96	0.0711868	-0.00771547	0.150296	0.00124237	0.0711868	-0.00771547	0.150296	0.00124237	
7.98	0.0715204	-0.00748282	0.149747	0.00119886	0.0715204	-0.00748282	0.149747	0.00119886	
8	0.0718463	-0.00725685	0.149203	0.00115656	0.0718463	-0.00725685	0.149203	0.00115656	
8.02	0.0721646	-0.00703736	0.148663	0.00111545	0.0721646	-0.00703736	0.148663	0.00111545	
8.04	0.0724754	-0.00682416	0.148128	0.00107548	0.0724754	-0.00682416	0.148128	0.00107548	
8.06	0.0727789	-0.00661707	0.147597	0.00103664	0.0727789	-0.00661707	0.147597	0.00103664	
8.08	0.0730751	-0.00641591	0.147071	0.000998877	0.0730751	-0.00641591	0.147071	0.000998877	
8.1	0.0733643	-0.00622051	0.146549	0.000962172	0.0733643	-0.00622051	0.146549	0.000962172	
8.12	0.0736464	-0.0060307	0.146031	0.000926491	0.0736464	-0.0060307	0.146031	0.000926491	
8.14	0.0739216	-0.00584633	0.145517	0.000891806	0.0739216	-0.00584633	0.145517	0.000891806	
8.16	0.07419	-0.00566722	0.145008	0.000858088	0.07419	-0.00566722	0.145008	0.000858088	
8.18	0.0744518	-0.00549323	0.144502	0.000825311	0.0744518	-0.00549323	0.144502	0.000825311	
8.2	0.074707	-0.00532421	0.144001	0.000793447	0.074707	-0.00532421	0.144001	0.000793447	
8.22	0.0749557	-0.00516002	0.143504	0.000762472	0.0749557	-0.00516002	0.143504	0.000762472	
8.24	0.0751981	-0.00500051	0.14301	0.000732359	0.0751981	-0.00500051	0.14301	0.000732359	
8.26	0.0754342	-0.00484556	0.142521	0.000703086	0.0754342	-0.00484556	0.142521	0.000703086	
8.28	0.0756642	-0.00469502	0.142035	0.000674627	0.0756642	-0.00469502	0.142035	0.000674627	
8.3	0.0758882	-0.00454877	0.141553	0.000646962	0.0758882	-0.00454877	0.141553	0.000646962	
8.32	0.0761062	-0.00440669	0.141075	0.000620067	0.0761062	-0.00440669	0.141075	0.000620067	
8.34	0.0763184	-0.00426865	0.140601	0.000593921	0.0763184	-0.00426865	0.140601	0.000593921	
8.36	0.0765248	-0.00413454	0.14013	0.000568504	0.0765248	-0.00413454	0.14013	0.000568504	
8.38	0.0767256	-0.00400425	0.139663	0.000543794	0.0767256	-0.00400425	0.139663	0.000543794	
8.4	0.0769209	-0.00387766	0.1392	0.000519773	0.0769209	-0.00387766	0.1392	0.000519773	
8.42	0.0771107	-0.00375467	0.13874	0.000496421	0.0771107	-0.00375467	0.13874	0.000496421	
8.44	0.0772952	-0.00363518	0.138283	0.000473721	0.0772952	-0.00363518	0.138283	0.000473721	
8.46	0.0774744	-0.00351908	0.137831	0.000451653	0.0774744	-0.00351908	0.137831	0.000451653	
8.48	0.0776485	-0.00340627	0.137381	0.000430201	0.0776485	-0.00340627	0.137381	0.000430201	
8.5	0.0778174	-0.00329667	0.136935	0.000409347	0.0778174	-0.00329667	0.136935	0.000409347	
8.52	0.0779814	-0.00319018	0.136492	0.000389076	0.0779814	-0.00319018	0.136492	0.000389076	
8.54	0.0781405	-0.00308671	0.136052	0.000369371	0.0781405	-0.00308671	0.136052	0.000369371	
8.56	0.0782948	-0.00298617	0.135616	0.000350217	0.0782948	-0.00298617	0.135616	0.000350217	
8.58	0.0784443	-0.00288849	0.135183	0.000331598	0.0784443	-0.00288849	0.135183	0.000331598	
8.6	0.0785893	-0.00279357	0.134753	0.000313501	0.0785893	-0.00279357	0.134753	0.000313501	
8.62	0.0787296	-0.00270134	0.134327	0.000295911	0.0787296	-0.00270134	0.134327	0.000295911	
8.64	0.0788655	-0.00261173	0.133903	0.000278814	0.0788655	-0.00261173	0.133903	0.000278814	
8.66	0.078997	-0.00252465	0.133482	0.000262196	0.078997	-0.00252465	0.133482	0.000262196	
8.68	0.0791241	-0.00244004	0.133065	0.000246046	0.0791241	-0.00244004	0.133065	0.000246046	
8.7	0.0792471	-0.00235783	0.13265	0.000230349	0.0792471	-0.00235783	0.13265	0.000230349	
8.72	0.0793658	-0.00227794	0.132239	0.000215095	0.0793658	-0.00227794	0.132239	0.000215095	
8.74	0.0794805	-0.00220032	0.13183	0.00020027	0.0794805	-0.00220032	0.13183	0.00020027	
8.76	0.0795912	-0.00212489	0.131424	0.000185864	0.0795912	-0.00212489	0.131424	0.000185864	
8.78	0.0796979	-0.0020516	0.131021	0.000171864	0.0796979	-0.0020516	0.131021	0.000171864	
8.8	0.0798008	-0.00198038	0.130621	0.000158261	0.0798008	-0.00198038	0.130621	0.000158261	
8.82	0.0798999	-0.00191118	0.130224	0.000145044	0.0798999	-0.00191118	0.130224	0.000145044	
8.84	0.0799952	-0.00184394	0.12983	0.000132201	0.0799952	-0.00184394	0.12983	0.000132201	
8.86	0.0800869	-0.0017786	0.129438	0.000119724	0.0800869	-0.0017786	0.129438	0.000119724	
8.88	0.080175	-0.00171511	0.129049	0.000107602	0.080175	-0.00171511	0.129049	0.000107602	
8.9	0.0802596	-0.00165342	0.128663	9.5826e-05	0.0802596	-0.00165342	0.128663	9.5826e-05	
8.92	0.0803407	-0.00159347	0.128279	8.43866e-05	0.0803407	-0.00159347	0.128279	8.43866e-05	
8.94	0.0804184	-0.00153523	0.127898	7.32748e-05	0.0804184	-0.00153523	0.127898	7.32748e-05	
8.96	0.0804928	-0.00147863	0.127519	6.2482e-05	0.0804928	-0.00147863	0.127519	6.2482e-05	
8.98	0.080564	-0.00142364	0.127143	5.19997e-05	0.080564	-0.00142364	0.127143	5.19997e-05	
9	0.0806319	-0.00137021	0.12677	4.18196e-05	0.0806319	-0.00137021	0.12677	4.18196e-05	
9.02	0.0806966	-0.0013183	0.126399	3.19338e-05	0.0806966	-0.0013183	0.126399	3.19338e-05	
9.04	0.0807583	-0.00126785	0.126031	2.23343e-05	0.0807583	-0.00126785	0.126031	2.23343e-05	
9.06	0.080817	-0.00121884	0.125665	1.30137e-05	0.080817	-0.00121884	0.125665	1.30137e-05	
9.08	0.0808726	-0.00117122	0.125301	3.96453e-06	0.0808726	-0.00117122	0.125301	3.96453e-06	
9.1	0.0809254	-0.00112496	0.12494	-4.82032e-06	0.0809254	-0.00112496	0.12494	-4.82032e-06	
9.12	0.0809753	-0.00108001	0.124581	-1.33479e-05	0.0809753	-0.00108001	0.124581	-1.33479e-05	
9.14	0.0810224	-0.00103633	0.124225	-2.16248e-05	0.0810224	-0.00103633	0.124225	-2.16248e-05	
9.16	0.0810667	-0.000993904	0.123871	-2.96579e-05	0.0810667	-0.000993904	0.123871	-2.96579e-05	
9.18	0.0811083	-0.000952683	0.123519	-3.74534e-05	0.0811083	-0.000952683	0.123519	-3.74534e-05	
9.2	0.0811473	-0.000912637	0.123169	-4.50177e-05	0.0811473	-0.000912637	0.123169	-4.50177e-05	
9.22	0.0811836	-0.000873734	0.122822	-5.23567e-05	0.0811836	-0.000873734	0.122822	-5.23567e-05	
9.24	0.0812174	-0.000835942	0.122477	-5.94765e-05	0.0812174	-0.000835942	0.122477	-5.94765e-05	
9.26	0.0812487	-0.000799229	0.122134	-6.63826e-05	0.0812487	-0.000799229	0.122134	-6.63826e-05	
9.28	0.0812776	-0.000763567	0.121794	-7.30809e-05	0.0812776	-0.000763567	0.121794	-7.30809e-05	
9.3	0.081304	-0.000728926	0.121455	-7.95766e-05	0.081304	-0.000728926	0.121455	-7.95766e-05	
9.32	0.081328	-0.000695277	0.121119	-8.58751e-05	0.081328	-0.000695277	0.121119	-8.58751e-05	
9.34	0.0813498	-0.000662595	0.120784	-9.19816e-05	0.0813498	-0.000662595	0.120784	-9.19816e-05	
9.36	0.0813693	-0.000630851	0.120452	-9.7901e-05	0.0813693	-0.000630851	0.120452	-9.7901e-05	
9.38	0.0813865	-0.00060002	0.120122	-0.000103638	0.0813865	-0.00060002	0.120122	-0.000103638	
9.4	0.0814015	-0.000570077	0.119794	-0.000109198	0.0814015	-0.000570077	0.119794	-0.000109198	
9.42	0.0814144	-0.000540997	0.119468	-0.000114585	0.0814144	-0.000540997	0.119468	-0.000114585	
9.44	0.0814252	-0.000512757	0.119144	-0.000119804	0.0814252	-0.000512757	0.119144	-0.000119804	
9.46	0.0814339	-0.000485334	0.118822	-0.000124859	0.0814339	-0.000485334	0.118822	-0.000124859	
9.48	0.0814406	-0.000458705	0.118502	-0.000129754	0.0814406	-0.000458705	0.118502	-0.000129754	
9.5	0.0814454	-0.000432849	0.118184	-0.000134494	0.0814454	-0.000432849	0.118184	-0.000134494	
9.52	0.0814481	-0.000407744	0.117868	-0.000139082	0.0814481	-0.000407744	0.117868	-0.000139082	
9.54	0.081449	-0.00038337	0.117554	-0.000143523	0.081449	-0.00038337	0.117554	-0.000143523	
9.56	0.081448	-0.000359707	0.117241	-0.000147821	0.081448	-0.000359707	0.117241	-0.000147821	
9.58	0.0814451	-0.000336735	0.116931	-0.000151978	0.0814451	-0.000336735	0.116931	-0.000151978	
9.6	0.0814404	-0.000314435	0.116622	-0.000155999	0.0814404	-0.000314435	0.116622	-0.000155999	
9.62	0.081434	-0.00029279	0.116316	-0.000159887	0.081434	-0.00029279	0.116316	-0.000159887	
9.64	0.0814259	-0.000271781	0.116011	-0.000163646	0.0814259	-0.000271781	0.116011	-0.000163646	
9.66	0.081416	-0.000251391	0.115707	-0.000167279	0.081416	-0.000251391	0.115707	-0.000167279	
9.68	0.0814045	-0.000231603	0.115406	-0.000170789	0.0814045	-0.000231603	0.115406	-0.000170789	
9.7	0.0813913	-0.000212401	0.115107	-0.00017418	0.0813913	-0.000212401	0.115107	-0.00017418	
9.72	0.0813766	-0.000193769	0.114809	-0.000177454	0.0813766	-0.000193769	0.114809	-0.000177454	
9.74	0.0813602	-0.000175691	0.114513	-0.000180615	0.0813602	-0.000175691	0.114513	-0.000180615	
9.76	0.0813424	-0.000158152	0.114218	-0.000183666	0.0813424	-0.000158152	0.114218	-0.000183666	
9.78	0.081323	-0.000141138	0.113925	-0.000186609	0.081323	-0.000141138	0.113925	-0.000186609	
9.8	0.0813022	-0.000124634	0.113634	-0.000189447	0.0813022	-0.000124634	0.113634	-0.000189447	
9.82	0.0812799	-0.000108626	0.113345	-0.000192183	0.0812799	-0.000108626	0.113345	-0.000192183	
9.84	0.0812562	-9.3102e-05	0.113057	-0.00019482	0.0812562	-9.3102e-05	0.113057	-0.00019482	
9.86	0.0812311	-7.80476e-05	0.112771	-0.00019736	0.0812311	-7.80476e-05	0.112771	-0.00019736	
9.88	0.0812046	-6.34503e-05	0.112487	-0.000199805	0.0812046	-6.34503e-05	0.112487	-0.000199805	
9.9	0.0811768	-4.92979e-05	0.112204	-0.000202159	0.0811768	-4.92979e-05	0.112204	-0.000202159	
9.92	0.0811477	-3.55782e-05	0.111923	-0.000204423	0.0811477	-3.55782e-05	0.111923	-0.000204423	
9.94	0.0811173	-2.22796e-05	0.111643	-0.0002066	0.0811173	-2.22796e-05	0.111643	-0.0002066	
9.96	0.0810856	-9.39059e-06	0.111365	-0.000208692	0.0810856	-9.39059e-06	0.111365	-0.000208692	
9.98	0.0810527	3.0998e-06	0.111089	-0.000210701	0.0810527	3.0998e-06	0.111089	-0.000210701	
