-10	-0.100251	4.80916e-13	-0.10102	-1.05413e-11	-0.100251	4.80916e-13	-0.10102	-1.05413e-11	
-9.98	-0.100453	4.88734e-13	-0.101226	-1.07808e-11	-0.100453	4.88734e-13	-0.101226	-1.07808e-11	
-9.96	-0.100656	4.96663e-13	-0.101434	-1.10242e-11	-0.100656	4.96663e-13	-0.101434	-1.10242e-11	
-9.94	-0.100859	5.04705e-13	-0.101642	-1.12714e-11	-0.100859	5.04705e-13	-0.101642	-1.12714e-11	
-9.92	-0.101064	5.12842e-13	-0.101851	-1.15224e-11	-0.101064	5.12842e-13	-0.101851	-1.15224e-11	
-9.9	-0.101269	5.21092e-13	-0.102061	-1.17775e-11	-0.101269	5.21092e-13	-0.102061	-1.17775e-11	
-9.88	-0.101475	5.29455e-13	-0.102272	-1.20364e-11	-0.101475	5.29455e-13	-0.102272	-1.20364e-11	
-9.86	-0.101682	5.37916e-13	-0.102484	-1.22994e-11	-0.101682	5.37916e-13	-0.102484	-1.22994e-11	
-9.84	-0.10189	5.46497e-13	-0.102697	-1.25664e-11	-0.10189	5.46497e-13	-0.102697	-1.25664e-11	
-9.82	-0.102098	5.55187e-13	-0.10291	-1.28374e-11	-0.102098	5.55187e-13	-0.10291	-1.28374e-11	
-9.8	-0.102308	5.63993e-13	-0.103125	-1.31126e-11	-0.102308	5.63993e-13	-0.103125	-1.31126e-11	
-9.78	-0.102518	5.72916e-13	-0.10334	-1.33918e-11	-0.102518	5.72916e-13	-0.10334	-1.33918e-11	
-9.76	-0.102729	5.81945e-13	-0.103557	-1.36753e-11	-0.102729	5.81945e-13	-0.103557	-1.36753e-11	
-9.74	-0.102941	5.91099e-13	-0.103774	-1.39629e-11	-0.102941	5.91099e-13	-0.103774	-1.39629e-11	
-9.72	-0.103154	6.00362e-13	-0.103992	-1.42548e-11	-0.103154	6.00362e-13	-0.103992	-1.42548e-11	
-9.7	-0.103368	6.09744e-13	-0.104211	-1.45509e-11	-0.103368	6.09744e-13	-0.104211	-1.45509e-11	
-9.68	-0.103583	6.19257e-13	-0.104431	-1.48513e-11	-0.103583	6.19257e-13	-0.104431	-1.48513e-11	
-9.66	-0.103798	6.28872e-13	-0.104652	-1.5156e-11	-0.103798	6.28872e-13	-0.104652	-1.5156e-11	
-9.64	-0.104015	6.3862e-13	-0.104874	-1.54651e-11	-0.104015	6.3862e-13	-0.104874	-1.54651e-11	
-9.62	-0.104232	6.485e-13	-0.105097	-1.57785e-11	-0.104232	6.485e-13	-0.105097	-1.57785e-11	
-9.6	-0.104451	6.58491e-13	-0.105321	-1.60963e-11	-0.104451	6.58491e-13	-0.105321	-1.60963e-11	
-9.58	-0.10467	6.68607e-13	-0.105546	-1.64185e-11	-0.10467	6.68607e-13	-0.105546	-1.64185e-11	
-9.56	-0.10489	6.78851e-13	-0.105772	-1.67451e-11	-0.10489	6.78851e-13	-0.105772	-1.67451e-11	
-9.54	-0.105111	6.89219e-13	-0.105998	-1.70762e-11	-0.105111	6.89219e-13	-0.105998	-1.70762e-11	
-9.52	-0.105333	6.9972e-13	-0.106226	-1.74117e-11	-0.105333	6.9972e-13	-0.106226	-1.74117e-11	
-9.5	-0.105556	7.10352e-13	-0.106455	-1.77517e-11	-0.105556	7.10352e-13	-0.106455	-1.77517e-11	
-9.48	-0.10578	7.21104e-13	-0.106685	-1.80962e-11	-0.10578	7.21104e-13	-0.106685	-1.80962e-11	
-9.46	-0.106005	7.31995e-13	-0.106915	-1.84451e-11	-0.106005	7.31995e-13	-0.106915	-1.84451e-11	
-9.44	-0.106231	7.43006e-13	-0.107147	-1.87986e-11	-0.106231	7.43006e-13	-0.107147	-1.87986e-11	
-9.42	-0.106458	7.54163e-13	-0.10738	-1.91566e-11	-0.106458	7.54163e-13	-0.10738	-1.91566e-11	
-9.4	-0.106686	7.65444e-13	-0.107614	-1.95191e-11	-0.106686	7.65444e-13	-0.107614	-1.95191e-11	
-9.38	-0.106914	7.76862e-13	-0.107849	-1.98861e-11	-0.106914	7.76862e-13	-0.107849	-1.98861e-11	
-9.36	-0.107144	7.88413e-13	-0.108085	-2.02577e-11	-0.107144	7.88413e-13	-0.108085	-2.02577e-11	
-9.34	-0.107375	8.00108e-13	-0.108321	-2.06337e-11	-0.107375	8.00108e-13	-0.108321	-2.06337e-11	
-9.32	-0.107607	8.11927e-13	-0.108559	-2.10142e-11	-0.107607	8.11927e-13	-0.108559	-2.10142e-11	
-9.3	-0.107839	8.2389e-13	-0.108799	-2.13992e-11	-0.107839	8.2389e-13	-0.108799	-2.13992e-11	
-9.28	-0.108073	8.35989e-13	-0.109039	-2.17887e-11	-0.108073	8.35989e-13	-0.109039	-2.17887e-11	
-9.26	-0.108308	8.48233e-13	-0.10928	-2.21826e-11	-0.108308	8.48233e-13	-0.10928	-2.21826e-11	
-9.24	-0.108544	8.60604e-13	-0.109522	-2.2581e-11	-0.108544	8.60604e-13	-0.109522	-2.2581e-11	
-9.22	-0.108781	8.73127e-13	-0.109765	-2.29837e-11	-0.108781	8.73127e-13	-0.109765	-2.29837e-11	
-9.2	-0.109018	8.85786e-13	-0.11001	-2.33908e-11	-0.109018	8.85786e-13	-0.11001	-2.33908e-11	
-9.18	-0.109257	8.98584e-13	-0.110255	-2.38023e-11	-0.109257	8.98584e-13	-0.110255	-2.38023e-11	
-9.16	-0.109497	9.11524e-13	-0.110502	-2.4218e-11	-0.109497	9.11524e-13	-0.110502	-2.4218e-11	
-9.14	-0.109738	9.24606e-13	-0.11075	-2.46381e-11	-0.109738	9.24606e-13	-0.11075	-2.46381e-11	
-9.12	-0.109981	9.37835e-13	-0.110999	-2.50622e-11	-0.109981	9.37835e-13	-0.110999	-2.50622e-11	
-9.1	-0.110224	9.51201e-13	-0.111249	-2.54906e-11	-0.110224	9.51201e-13	-0.111249	-2.54906e-11	
-9.08	-0.110468	9.64702e-13	-0.1115	-2.5923e-11	-0.110468	9.64702e-13	-0.1115	-2.5923e-11	
-9.06	-0.110713	9.7836e-13	-0.111752	-2.63595e-11	-0.110713	9.7836e-13	-0.111752	-2.63595e-11	
-9.04	-0.11096	9.92148e-13	-0.112006	-2.68e-11	-0.11096	9.92148e-13	-0.112006	-2.68e-11	
-9.02	-0.111207	1.00609e-12	-0.112261	-2.72442e-11	-0.111207	1.00609e-12	-0.112261	-2.72442e-11	
-9	-0.111456	1.02017e-12	-0.112516	-2.76923e-11	-0.111456	1.02017e-12	-0.112516	-2.76923e-11	
-8.98	-0.111706	1.03439e-12	-0.112774	-2.81441e-11	-0.111706	1.03439e-12	-0.112774	-2.81441e-11	
-8.96	-0.111957	1.04875e-12	-0.113032	-2.85995e-11	-0.111957	1.04875e-12	-0.113032	-2.85995e-11	
-8.94	-0.112209	1.06327e-12	-0.113291	-2.90583e-11	-0.112209	1.06327e-12	-0.113291	-2.90583e-11	
-8.92	-0.112462	1.07792e-12	-0.113552	-2.95206e-11	-0.112462	1.07792e-12	-0.113552	-2.95206e-11	
-8.9	-0.112716	1.09272e-12	-0.113814	-2.99861e-11	-0.112716	1.09272e-12	-0.113814	-2.99861e-11	
-8.88	-0.112972	1.10764e-12	-0.114077	-3.04548e-11	-0.112972	1.10764e-12	-0.114077	-3.04548e-11	
-8.86	-0.113228	1.12271e-12	-0.114341	-3.09264e-11	-0.113228	1.12271e-12	-0.114341	-3.09264e-11	
-8.84	-0.113486	1.13793e-12	-0.114607	-3.14009e-11	-0.113486	1.13793e-12	-0.114607	-3.14009e-11	
-8.82	-0.113745	1.15329e-12	-0.114873	-3.18781e-11	-0.113745	1.15329e-12	-0.114873	-3.18781e-11	
-8.8	-0.114005	1.16877e-12	-0.115141	-3.23578e-11	-0.114005	1.16877e-12	-0.115141	-3.23578e-11	
-8.78	-0.114267	1.18441e-12	-0.115411	-3.28398e-11	-0.114267	1.18441e-12	-0.115411	-3.28398e-11	
-8.76	-0.114529	1.20018e-12	-0.115681	-3.33241e-11	-0.114529	1.20018e-12	-0.115681	-3.33241e-11	
-8.74	-0.114793	1.21607e-12	-0.115953	-3.38102e-11	-0.114793	1.21607e-12	-0.115953	-3.38102e-11	
-8.72	-0.115058	1.23212e-12	-0.116227	-3.42981e-11	-0.115058	1.23212e-12	-0.116227	-3.42981e-11	
-8.7	-0.115324	1.24828e-12	-0.116501	-3.47876e-11	-0.115324	1.24828e-12	-0.116501	-3.47876e-11	
-8.68	-0.115592	1.26457e-12	-0.116777	-3.52783e-11	-0.115592	1.26457e-12	-0.116777	-3.52783e-11	
-8.66	-0.115861	1.28099e-12	-0.117054	-3.57701e-11	-0.115861	1.28099e-12	-0.117054	-3.57701e-11	
-8.64	-0.116131	1.29755e-12	-0.117333	-3.62626e-11	-0.116131	1.29755e-12	-0.117333	-3.62626e-11	
-8.62	-0.116402	1.31423e-12	-0.117612	-3.67557e-11	-0.116402	1.31423e-12	-0.117612	-3.67557e-11	
-8.6	-0.116675	1.33102e-12	-0.117894	-3.7249e-11	-0.116675	1.33102e-12	-0.117894	-3.7249e-11	
-8.58	-0.116948	1.34793e-12	-0.118176	-3.77422e-11	-0.116948	1.34793e-12	-0.118176	-3.77422e-11	
-8.56	-0.117224	1.36497e-12	-0.11846	-3.8235e-11	-0.117224	1.36497e-12	-0.11846	-3.8235e-11	
-8.54	-0.1175	1.38211e-12	-0.118746	-3.8727e-11	-0.1175	1.38211e-12	-0.118746	-3.8727e-11	
-8.52	-0.117778	1.39937e-12	-0.119032	-3.92179e-11	-0.117778	1.39937e-12	-0.119032	-3.92179e-11	
-8.5	-0.118057	1.41674e-12	-0.11932	-3.97073e-11	-0.118057	1.41674e-12	-0.11932	-3.97073e-11	
-8.48	-0.118337	1.43421e-12	-0.11961	-4.01949e-11	-0.118337	1.43421e-12	-0.11961	-4.01949e-11	
-8.46	-0.118619	1.45177e-12	-0.119901	-4.06802e-11	-0.118619	1.45177e-12	-0.119901	-4.06802e-11	
-8.44	-0.118902	1.46945e-12	-0.120193	-4.11627e-11	-0.118902	1.46945e-12	-0.120193	-4.11627e-11	
-8.42	-0.119186	1.48721e-12	-0.120487	-4.16422e-11	-0.119186	1.48721e-12	-0.120487	-4.16422e-11	
-8.4	-0.119472	1.50506e-12	-0.120783	-4.21179e-11	-0.119472	1.50506e-12	-0.120783	-4.21179e-11	
-8.38	-0.119759	1.52299e-12	-0.12108	-4.25896e-11	-0.119759	1.52299e-12	-0.12108	-4.25896e-11	
-8.36	-0.120048	1.54099e-12	-0.121378	-4.30565e-11	-0.120048	1.54099e-12	-0.121378	-4.30565e-11	
-8.34	-0.120338	1.55907e-12	-0.121678	-4.35183e-11	-0.120338	1.55907e-12	-0.121678	-4.35183e-11	
-8.32	-0.120629	1.57721e-12	-0.121979	-4.39743e-11	-0.120629	1.57721e-12	-0.121979	-4.39743e-11	
-8.3	-0.120922	1.59542e-12	-0.122282	-4.4424e-11	-0.120922	1.59542e-12	-0.122282	-4.4424e-11	
-8.28	-0.121216	1.61369e-12	-0.122586	-4.48667e-11	-0.121216	1.61369e-12	-0.122586	-4.48667e-11	
-8.26	-0.121512	1.632e-12	-0.122892	-4.53017e-11	-0.121512	1.632e-12	-0.122892	-4.53017e-11	
-8.24	-0.121809	1.65036e-12	-0.123199	-4.57285e-11	-0.121809	1.65036e-12	-0.123199	-4.57285e-11	
-8.22	-0.122108	1.66873e-12	-0.123509	-4.61462e-11	-0.122108	1.66873e-12	-0.123509	-4.61462e-11	
-8.2	-0.122408	1.68715e-12	-0.123819	-4.65542e-11	-0.122408	1.68715e-12	-0.123819	-4.65542e-11	
-8.18	-0.122709	1.70559e-12	-0.124131	-4.69517e-11	-0.122709	1.70559e-12	-0.124131	-4.69517e-11	
-8.16	-0.123012	1.72402e-12	-0.124445	-4.73378e-11	-0.123012	1.72402e-12	-0.124445	-4.73378e-11	
-8.14	-0.123317	1.74247e-12	-0.12476	-4.77118e-11	-0.123317	1.74247e-12	-0.12476	-4.77118e-11	
-8.12	-0.123623	1.7609e-12	-0.125078	-4.80727e-11	-0.123623	1.7609e-12	-0.125078	-4.80727e-11	
-8.1	-0.123931	1.77931e-12	-0.125396	-4.84197e-11	-0.123931	1.77931e-12	-0.125396	-4.84197e-11	
-8.08	-0.12424	1.7977e-12	-0.125717	-4.87518e-11	-0.12424	1.7977e-12	-0.125717	-4.87518e-11	
-8.06	-0.12455	1.81605e-12	-0.126039	-4.90679e-11	-0.12455	1.81605e-12	-0.126039	-4.90679e-11	
-8.04	-0.124863	1.83434e-12	-0.126362	-4.93672e-11	-0.124863	1.83434e-12	-0.126362	-4.93672e-11	
-8.02	-0.125176	1.85257e-12	-0.126688	-4.96485e-11	-0.125176	1.85257e-12	-0.126688	-4.96485e-11	
-8	-0.125492	1.87073e-12	-0.127015	-4.99107e-11	-0.125492	1.87073e-12	-0.127015	-4.99107e-11	
-7.98	-0.125809	1.88881e-12	-0.127343	-5.01526e-11	-0.125809	1.88881e-12	-0.127343	-5.01526e-11	
-7.96	-0.126127	1.90677e-12	-0.127674	-5.0373e-11	-0.126127	1.90677e-12	-0.127674	-5.0373e-11	
-7.94	-0.126448	1.92463e-12	-0.128006	-5.05706e-11	-0.126448	1.92463e-12	-0.128006	-5.05706e-11	
-7.92	-0.12677	1.94234e-12	-0.12834	-5.07443e-11	-0.12677	1.94234e-12	-0.12834	-5.07443e-11	
-7.9	-0.127093	1.95992e-12	-0.128676	-5.08925e-11	-0.127093	1.95992e-12	-0.128676	-5.08925e-11	
-7.88	-0.127418	1.97732e-12	-0.129014	-5.10139e-11	-0.127418	1.97732e-12	-0.129014	-5.10139e-11	
-7.86	-0.127745	1.99455e-12	-0.129353	-5.1107e-11	-0.127745	1.99455e-12	-0.129353	-5.1107e-11	
-7.84	-0.128074	2.01159e-12	-0.129694	-5.11702e-11	-0.128074	2.01159e-12	-0.129694	-5.11702e-11	
-7.82	-0.128404	2.02839e-12	-0.130038	-5.1202e-11	-0.128404	2.02839e-12	-0.130038	-5.1202e-11	
-7.8	-0.128736	2.04499e-12	-0.130382	-5.12008e-11	-0.128736	2.04499e-12	-0.130382	-5.12008e-11	
-7.78	-0.12907	2.06131e-12	-0.130729	-5.11648e-11	-0.12907	2.06131e-12	-0.130729	-5.11648e-11	
-7.76	-0.129405	2.07735e-12	-0.131078	-5.10922e-11	-0.129405	2.07735e-12	-0.131078	-5.10922e-11	
-7.74	-0.129742	2.0931e-12	-0.131429	-5.09813e-11	-0.129742	2.0931e-12	-0.131429	-5.09813e-11	
-7.72	-0.130081	2.10851e-12	-0.131781	-5.083e-11	-0.130081	2.10851e-12	-0.131781	-5.083e-11	
-7.7	-0.130422	2.12361e-12	-0.132135	-5.06364e-11	-0.130422	2.12361e-12	-0.132135	-5.06364e-11	
-7.68	-0.130765	2.13831e-12	-0.132492	-5.03985e-11	-0.130765	2.13831e-12	-0.132492	-5.03985e-11	
-7.66	-0.131109	2.15262e-12	-0.13285	-5.0114e-11	-0.131109	2.15262e-12	-0.13285	-5.0114e-11	
-7.64	-0.131455	2.1665e-12	-0.13321	-4.97808e-11	-0.131455	2.1665e-12	-0.13321	-4.97808e-11	
-7.62	-0.131803	2.17994e-12	-0.133573	-4.93965e-11	-0.131803	2.17994e-12	-0.133573	-4.93965e-11	
-7.6	-0.132153	2.19288e-12	-0.133937	-4.89589e-11	-0.132153	2.19288e-12	-0.133937	-4.89589e-11	
-7.58	-0.132505	2.20531e-12	-0.134303	-4.84654e-11	-0.132505	2.20531e-12	-0.134303	-4.84654e-11	
-7.56	-0.132858	2.21721e-12	-0.134672	-4.79134e-11	-0.132858	2.21721e-12	-0.134672	-4.79134e-11	
-7.54	-0.133214	2.22853e-12	-0.135042	-4.73003e-11	-0.133214	2.22853e-12	-0.135042	-4.73003e-11	
-7.52	-0.133571	2.23922e-12	-0.135415	-4.66234e-11	-0.133571	2.23922e-12	-0.135415	-4.66234e-11	
-7.5	-0.133931	2.24927e-12	-0.135789	-4.58797e-11	-0.133931	2.24927e-12	-0.135789	-4.58797e-11	
-7.48	-0.134292	2.25862e-12	-0.136166	-4.50664e-11	-0.134292	2.25862e-12	-0.136166	-4.50664e-11	
-7.46	-0.134655	2.26726e-12	-0.136545	-4.41805e-11	-0.134655	2.26726e-12	-0.136545	-4.41805e-11	
-7.44	-0.135021	2.27512e-12	-0.136926	-4.32186e-11	-0.135021	2.27512e-12	-0.136926	-4.32186e-11	
-7.42	-0.135388	2.28217e-12	-0.137309	-4.21777e-11	-0.135388	2.28217e-12	-0.137309	-4.21777e-11	
-7.4	-0.135757	2.28837e-12	-0.137695	-4.10542e-11	-0.135757	2.28837e-12	-0.137695	-4.10542e-11	
-7.38	-0.136129	2.29369e-12	-0.138082	-3.98447e-11	-0.136129	2.29369e-12	-0.138082	-3.98447e-11	
-7.36	-0.136502	2.29805e-12	-0.138472	-3.85457e-11	-0.136502	2.29805e-12	-0.138472	-3.85457e-11	
-7.34	-0.136877	2.30141e-12	-0.138864	-3.71533e-11	-0.136877	2.30141e-12	-0.138864	-3.71533e-11	
-7.32	-0.137255	2.30371e-12	-0.139259	-3.56637e-11	-0.137255	2.30371e-12	-0.139259	-3.56637e-11	
-7.3	-0.137635	2.30493e-12	-0.139655	-3.40729e-11	-0.137635	2.30493e-12	-0.139655	-3.40729e-11	
-7.28	-0.138016	2.30499e-12	-0.140054	-3.23768e-11	-0.138016	2.30499e-12	-0.140054	-3.23768e-11	
-7.26	-0.1384	2.30382e-12	-0.140456	-3.05711e-11	-0.1384	2.30382e-12	-0.140456	-3.05711e-11	
-7.24	-0.138786	2.30139e-12	-0.140859	-2.86514e-11	-0.138786	2.30139e-12	-0.140859	-2.86514e-11	
-7.22	-0.139174	2.29761e-12	-0.141265	-2.66133e-11	-0.139174	2.29761e-12	-0.141265	-2.66133e-11	
-7.2	-0.139565	2.29244e-12	-0.141674	-2.44519e-11	-0.139565	2.29244e-12	-0.141674	-2.44519e-11	
-7.18	-0.139957	2.28579e-12	-0.142085	-2.21625e-11	-0.139957	2.28579e-12	-0.142085	-2.21625e-11	
-7.16	-0.140352	2.27761e-12	-0.142498	-1.97401e-11	-0.140352	2.27761e-12	-0.142498	-1.97401e-11	
-7.14	-0.140749	2.2678e-12	-0.142914	-1.71796e-11	-0.140749	2.2678e-12	-0.142914	-1.71796e-11	
-7.12	-0.141148	2.25632e-12	-0.143332	-1.44756e-11	-0.141148	2.25632e-12	-0.143332	-1.44756e-11	
-7.1	-0.14155	2.24307e-12	-0.143753	-1.16227e-11	-0.14155	2.24307e-12	-0.143753	-1.16227e-11	
-7.08	-0.141954	2.22796e-12	-0.144176	-8.61528e-12	-0.141954	2.22796e-12	-0.144176	-8.61528e-12	
-7.06	-0.14236	2.21093e-12	-0.144602	-5.44751e-12	-0.14236	2.21093e-12	-0.144602	-5.44751e-12	
-7.04	-0.142769	2.19188e-12	-0.14503	-2.11344e-12	-0.142769	2.19188e-12	-0.14503	-2.11344e-12	
-7.02	-0.14318	2.17072e-12	-0.145461	1.39306e-12	-0.14318	2.17072e-12	-0.145461	1.39306e-12	
-7	-0.143593	2.14736e-12	-0.145895	5.07829e-12	-0.143593	2.14736e-12	-0.145895	5.07829e-12	
-6.98	-0.144009	2.1217e-12	-0.146331	8.94882e-12	-0.144009	2.1217e-12	-0.146331	8.94882e-12	
-6.96	-0.144427	2.09362e-12	-0.14677	1.30113e-11	-0.144427	2.09362e-12	-0.14677	1.30113e-11	
-6.94	-0.144847	2.06303e-12	-0.147212	1.72726e-11	-0.144847	2.06303e-12	-0.147212	1.72726e-11	
-6.92	-0.145271	2.02983e-12	-0.147656	2.17398e-11	-0.145271	2.02983e-12	-0.147656	2.17398e-11	
-6.9	-0.145696	1.99391e-12	-0.148103	2.64201e-11	-0.145696	1.99391e-12	-0.148103	2.64201e-11	
-6.88	-0.146124	1.95512e-12	-0.148553	3.13209e-11	-0.146124	1.95512e-12	-0.148553	3.13209e-11	
-6.86	-0.146555	1.91337e-12	-0.149006	3.645e-11	-0.146555	1.91337e-12	-0.149006	3.645e-11	
-6.84	-0.146988	1.86854e-12	-0.149462	4.18152e-11	-0.146988	1.86854e-12	-0.149462	4.18152e-11	
-6.82	-0.147424	1.82045e-12	-0.14992	4.74244e-11	-0.147424	1.82045e-12	-0.14992	4.74244e-11	
-6.8	-0.147862	1.769e-12	-0.150381	5.32859e-11	-0.147862	1.769e-12	-0.150381	5.32859e-11	
-6.78	-0.148303	1.71407e-12	-0.150845	5.94083e-11	-0.148303	1.71407e-12	-0.150845	5.94083e-11	
-6.76	-0.148747	1.65548e-12	-0.151313	6.58e-11	-0.148747	1.65548e-12	-0.151313	6.58e-11	
-6.74	-0.149193	1.59308e-12	-0.151783	7.24699e-11	-0.149193	1.59308e-12	-0.151783	7.24699e-11	
-6.72	-0.149642	1.52673e-12	-0.152256	7.9427e-11	-0.149642	1.52673e-12	-0.152256	7.9427e-11	
-6.7	-0.150094	1.45627e-12	-0.152732	8.66806e-11	-0.150094	1.45627e-12	-0.152732	8.66806e-11	
-6.68	-0.150548	1.38153e-12	-0.153211	9.42401e-11	-0.150548	1.38153e-12	-0.153211	9.42401e-11	
-6.66	-0.151005	1.30229e-12	-0.153693	1.02115e-10	-0.151005	1.30229e-12	-0.153693	1.02115e-10	
-6.64	-0.151466	1.21845e-12	-0.154179	1.10315e-10	-0.151466	1.21845e-12	-0.154179	1.10315e-10	
-6.62	-0.151928	1.12977e-12	-0.154667	1.18851e-10	-0.151928	1.12977e-12	-0.154667	1.18851e-10	
-6.6	-0.152394	1.03608e-12	-0.155159	1.27732e-10	-0.152394	1.03608e-12	-0.155159	1.27732e-10	
-6.58	-0.152863	9.37173e-13	-0.155654	1.36968e-10	-0.152863	9.37173e-13	-0.155654	1.36968e-10	
-6.56	-0.153334	8.32829e-13	-0.156152	1.46571e-10	-0.153334	8.32829e-13	-0.156152	1.46571e-10	
-6.54	-0.153809	7.22834e-13	-0.156654	1.56551e-10	-0.153809	7.22834e-13	-0.156654	1.56551e-10	
-6.52	-0.154286	6.07028e-13	-0.157159	1.66919e-10	-0.154286	6.07028e-13	-0.157159	1.66919e-10	
-6.5	-0.154767	4.85103e-13	-0.157667	1.77685e-10	-0.154767	4.85103e-13	-0.157667	1.77685e-10	
-6.48	-0.15525	3.56848e-13	-0.158178	1.88862e-10	-0.15525	3.56848e-13	-0.158178	1.88862e-10	
-6.46	-0.155737	2.22042e-13	-0.158693	2.00459e-10	-0.155737	2.22042e-13	-0.158693	2.00459e-10	
-6.44	-0.156226	8.04199e-14	-0.159212	2.12488e-10	-0.156226	8.04199e-14	-0.159212	2.12488e-10	
-6.42	-0.156719	-6.8292e-14	-0.159734	2.24961e-10	-0.156719	-6.8292e-14	-0.159734	2.24961e-10	
-6.4	-0.157215	-2.24362e-13	-0.160259	2.37889e-10	-0.157215	-2.24362e-13	-0.160259	2.37889e-10	
-6.38	-0.157714	-3.8805e-13	-0.160788	2.51284e-10	-0.157714	-3.8805e-13	-0.160788	2.51284e-10	
-6.36	-0.158216	-5.59642e-13	-0.161321	2.65157e-10	-0.158216	-5.59642e-13	-0.161321	2.65157e-10	
-6.34	-0.158721	-7.3948e-13	-0.161857	2.79519e-10	-0.158721	-7.3948e-13	-0.161857	2.79519e-10	
-6.32	-0.15923	-9.27831e-13	-0.162397	2.94383e-10	-0.15923	-9.27831e-13	-0.162397	2.94383e-10	
-6.3	-0.159742	-1.12504e-12	-0.16294	3.09758e-10	-0.159742	-1.12504e-12	-0.16294	3.09758e-10	
-6.28	-0.160257	-1.3314e-12	-0.163488	3.25658e-10	-0.160257	-1.3314e-12	-0.163488	3.25658e-10	
-6.26	-0.160776	-1.54725e-12	-0.164039	3.42093e-10	-0.160776	-1.54725e-12	-0.164039	3.42093e-10	
-6.24	-0.161298	-1.773e-12	-0.164594	3.59074e-10	-0.161298	-1.773e-12	-0.164594	3.59074e-10	
-6.22	-0.161823	-2.00891e-12	-0.165152	3.76611e-10	-0.161823	-2.00891e-12	-0.165152	3.76611e-10	
-6.2	-0.162352	-2.25545e-12	-0.165715	3.94716e-10	-0.162352	-2.25545e-12	-0.165715	3.94716e-10	
-6.18	-0.162885	-2.51296e-12	-0.166282	4.13399e-10	-0.162885	-2.51296e-12	-0.166282	4.13399e-10	
-6.16	-0.163421	-2.7818e-12	-0.166853	4.32669e-10	-0.163421	-2.7818e-12	-0.166853	4.32669e-10	
-6.14	-0.16396	-3.06244e-12	-0.167427	4.52536e-10	-0.16396	-3.06244e-12	-0.167427	4.52536e-10	
-6.12	-0.164503	-3.35526e-12	-0.168006	4.73009e-10	-0.164503	-3.35526e-12	-0.168006	4.73009e-10	
-6.1	-0.16505	-3.66071e-12	-0.168589	4.94096e-10	-0.16505	-3.66071e-12	-0.168589	4.94096e-10	
-6.08	-0.1656	-3.9792e-12	-0.169176	5.15805e-10	-0.1656	-3.9792e-12	-0.169176	5.15805e-10	
-6.06	-0.166154	-4.31125e-12	-0.169768	5.38144e-10	-0.166154	-4.31125e-12	-0.169768	5.38144e-10	
-6.04	-0.166712	-4.65729e-12	-0.170363	5.61118e-10	-0.166712	-4.65729e-12	-0.170363	5.61118e-10	
-6.02	-0.167274	-5.01777e-12	-0.170963	5.84732e-10	-0.167274	-5.01777e-12	-0.170963	5.84732e-10	
-6	-0.167839	-5.39327e-12	-0.171568	6.08992e-10	-0.167839	-5.39327e-12	-0.171568	6.08992e-10	
-5.98	-0.168409	-5.78423e-12	-0.172176	6.33901e-10	-0.168409	-5.78423e-12	-0.172176	6.33901e-10	
-5.96	-0.168982	-6.19121e-12	-0.17279	6.59459e-10	-0.168982	-6.19121e-12	-0.17279	6.59459e-10	
-5.94	-0.169559	-6.61473e-12	-0.173407	6.85669e-10	-0.169559	-6.61473e-12	-0.173407	6.85669e-10	
-5.92	-0.17014	-7.05535e-12	-0.17403	7.12528e-10	-0.17014	-7.05535e-12	-0.17403	7.12528e-10	
-5.9	-0.170726	-7.51365e-12	-0.174657	7.40036e-10	-0.170726	-7.51365e-12	-0.174657	7.40036e-10	
-5.88	-0.171315	-7.9902e-12	-0.175288	7.68186e-10	-0.171315	-7.9902e-12	-0.175288	7.68186e-10	
-5.86	-0.171908	-8.48557e-12	-0.175925	7.96973e-10	-0.171908	-8.48557e-12	-0.175925	7.96973e-10	
-5.84	-0.172506	-9.00043e-12	-0.176566	8.26389e-10	-0.172506	-9.00043e-12	-0.176566	8.26389e-10	
-5.82	-0.173107	-9.53535e-12	-0.177212	8.56423e-10	-0.173107	-9.53535e-12	-0.177212	8.56423e-10	
-5.8	-0.173713	-1.0091e-11	-0.177863	8.8706e-10	-0.173713	-1.0091e-11	-0.177863	8.8706e-10	
-5.78	-0.174324	-1.0668e-11	-0.178519	9.18286e-10	-0.174324	-1.0668e-11	-0.178519	9.18286e-10	
-5.76	-0.174938	-1.1267e-11	-0.179179	9.5008e-10	-0.174938	-1.1267e-11	-0.179179	9.5008e-10	
-5.74	-0.175557	-1.18888e-11	-0.179845	9.82421e-10	-0.175557	-1.18888e-11	-0.179845	9.82421e-10	
-5.72	-0.176181	-1.25339e-11	-0.180516	1.01528e-09	-0.176181	-1.25339e-11	-0.180516	1.01528e-09	
-5.7	-0.176809	-1.32032e-11	-0.181193	1.04863e-09	-0.176809	-1.32032e-11	-0.181193	1.04863e-09	
-5.68	-0.177441	-1.38973e-11	-0.181874	1.08244e-09	-0.177441	-1.38973e-11	-0.181874	1.08244e-09	
-5.66	-0.178078	-1.46169e-11	-0.182561	1.11666e-09	-0.178078	-1.46169e-11	-0.182561	1.11666e-09	
-5.64	-0.17872	-1.53629e-11	-0.183253	1.15126e-09	-0.17872	-1.53629e-11	-0.183253	1.15126e-09	
-5.62	-0.179366	-1.61358e-11	-0.183951	1.18618e-09	-0.179366	-1.61358e-11	-0.183951	1.18618e-09	
-5.6	-0.180017	-1.69366e-11	-0.184654	1.22137e-09	-0.180017	-1.69366e-11	-0.184654	1.22137e-09	
-5.58	-0.180673	-1.7766e-11	-0.185363	1.25678e-09	-0.180673	-1.7766e-11	-0.185363	1.25678e-09	
-5.56	-0.181333	-1.86247e-11	-0.186077	1.29232e-09	-0.181333	-1.86247e-11	-0.186077	1.29232e-09	
-5.54	-0.181999	-1.95134e-11	-0.186798	1.32793e-09	-0.181999	-1.95134e-11	-0.186798	1.32793e-09	
-5.52	-0.182669	-2.04332e-11	-0.187524	1.36353e-09	-0.182669	-2.04332e-11	-0.187524	1.36353e-09	
-5.5	-0.183345	-2.13846e-11	-0.188255	1.39903e-09	-0.183345	-2.13846e-11	-0.188255	1.39903e-09	
-5.48	-0.184025	-2.23684e-11	-0.188993	1.43432e-09	-0.184025	-2.23684e-11	-0.188993	1.43432e-09	
-5.46	-0.184711	-2.33856e-11	-0.189737	1.46931e-09	-0.184711	-2.33856e-11	-0.189737	1.46931e-09	
-5.44	-0.185402	-2.44367e-11	-0.190487	1.50386e-09	-0.185402	-2.44367e-11	-0.190487	1.50386e-09	
-5.42	-0.186098	-2.55227e-11	-0.191243	1.53786e-09	-0.186098	-2.55227e-11	-0.191243	1.53786e-09	
-5.4	-0.186799	-2.66443e-11	-0.192005	1.57117e-09	-0.186799	-2.66443e-11	-0.192005	1.57117e-09	
-5.38	-0.187506	-2.78022e-11	-0.192774	1.60362e-09	-0.187506	-2.78022e-11	-0.192774	1.60362e-09	
-5.36	-0.188218	-2.89972e-11	-0.193549	1.63506e-09	-0.188218	-2.89972e-11	-0.193549	1.63506e-09	
-5.34	-0.188936	-3.023e-11	-0.194331	1.66531e-09	-0.188936	-3.023e-11	-0.194331	1.66531e-09	
-5.32	-0.189659	-3.15013e-11	-0.195119	1.69416e-09	-0.189659	-3.15013e-11	-0.195119	1.69416e-09	
-5.3	-0.190388	-3.28117e-11	-0.195914	1.72142e-09	-0.190388	-3.28117e-11	-0.195914	1.72142e-09	
-5.28	-0.191122	-3.4162e-11	-0.196716	1.74685e-09	-0.191122	-3.4162e-11	-0.196716	1.74685e-09	
-5.26	-0.191862	-3.55526e-11	-0.197524	1.77022e-09	-0.191862	-3.55526e-11	-0.197524	1.77022e-09	
-5.24	-0.192608	-3.69842e-11	-0.19834	1.79125e-09	-0.192608	-3.69842e-11	-0.19834	1.79125e-09	
-5.22	-0.19336	-3.84572e-11	-0.199162	1.80965e-09	-0.19336	-3.84572e-11	-0.199162	1.80965e-09	
-5.2	-0.194118	-3.99722e-11	-0.199992	1.82514e-09	-0.194118	-3.99722e-11	-0.199992	1.82514e-09	
-5.18	-0.194882	-4.15294e-11	-0.200828	1.83736e-09	-0.194882	-4.15294e-11	-0.200828	1.83736e-09	
-5.16	-0.195651	-4.31291e-11	-0.201673	1.84598e-09	-0.195651	-4.31291e-11	-0.201673	1.84598e-09	
-5.14	-0.196427	-4.47718e-11	-0.202524	1.85062e-09	-0.196427	-4.47718e-11	-0.202524	1.85062e-09	
-5.12	-0.19721	-4.64573e-11	-0.203383	1.85085e-09	-0.19721	-4.64573e-11	-0.203383	1.85085e-09	
-5.1	-0.197998	-4.81859e-11	-0.20425	1.84626e-09	-0.197998	-4.81859e-11	-0.20425	1.84626e-09	
-5.08	-0.198793	-4.99573e-11	-0.205125	1.83637e-09	-0.198793	-4.99573e-11	-0.205125	1.83637e-09	
-5.06	-0.199595	-5.17714e-11	-0.206007	1.82068e-09	-0.199595	-5.17714e-11	-0.206007	1.82068e-09	
-5.04	-0.200403	-5.36278e-11	-0.206897	1.79867e-09	-0.200403	-5.36278e-11	-0.206897	1.79867e-09	
-5.02	-0.201218	-5.5526e-11	-0.207796	1.76976e-09	-0.201218	-5.5526e-11	-0.207796	1.76976e-09	
-5	-0.202039	-5.74654e-11	-0.208703	1.73334e-09	-0.202039	-5.74654e-11	-0.208703	1.73334e-09	
-4.98	-0.202867	-5.9445e-11	-0.209617	1.68877e-09	-0.202867	-5.9445e-11	-0.209617	1.68877e-09	
-4.96	-0.203702	-6.14639e-11	-0.210541	1.63536e-09	-0.203702	-6.14639e-11	-0.210541	1.63536e-09	
-4.94	-0.204545	-6.35206e-11	-0.211473	1.57237e-09	-0.204545	-6.35206e-11	-0.211473	1.57237e-09	
-4.92	-0.205394	-6.56137e-11	-0.212413	1.49904e-09	-0.205394	-6.56137e-11	-0.212413	1.49904e-09	
-4.9	-0.20625	-6.77413e-11	-0.213363	1.41451e-09	-0.20625	-6.77413e-11	-0.213363	1.41451e-09	
-4.88	-0.207114	-6.99014e-11	-0.214321	1.31793e-09	-0.207114	-6.99014e-11	-0.214321	1.31793e-09	
-4.86	-0.207984	-7.20914e-11	-0.215289	1.20836e-09	-0.207984	-7.20914e-11	-0.215289	1.20836e-09	
-4.84	-0.208863	-7.43086e-11	-0.216265	1.0848e-09	-0.208863	-7.43086e-11	-0.216265	1.0848e-09	
-4.82	-0.209749	-7.65498e-11	-0.217251	9.46216e-10	-0.209749	-7.65498e-11	-0.217251	9.46216e-10	
-4.8	-0.210642	-7.88115e-11	-0.218247	7.91503e-10	-0.210642	-7.88115e-11	-0.218247	7.91503e-10	
-4.78	-0.211543	-8.10895e-11	-0.219252	6.19493e-10	-0.211543	-8.10895e-11	-0.219252	6.19493e-10	
-4.76	-0.212452	-8.33794e-11	-0.220266	4.28954e-10	-0.212452	-8.33794e-11	-0.220266	4.28954e-10	
-4.74	-0.213369	-8.5676e-11	-0.221291	2.18591e-10	-0.213369	-8.5676e-11	-0.221291	2.18591e-10	
-4.72	-0.214294	-8.79738e-11	-0.222326	-1.2963e-11	-0.214294	-8.79738e-11	-0.222326	-1.2963e-11	
-4.7	-0.215228	-9.02665e-11	-0.223371	-2.67142e-10	-0.215228	-9.02665e-11	-0.223371	-2.67142e-10	
-4.68	-0.216169	-9.25471e-11	-0.224427	-5.45452e-10	-0.216169	-9.25471e-11	-0.224427	-5.45452e-10	
-4.66	-0.217119	-9.4808e-11	-0.225493	-8.49472e-10	-0.217119	-9.4808e-11	-0.225493	-8.49472e-10	
-4.64	-0.218077	-9.70406e-11	-0.226569	-1.18085e-09	-0.218077	-9.70406e-11	-0.226569	-1.18085e-09	
-4.62	-0.219044	-9.92358e-11	-0.227657	-1.54132e-09	-0.219044	-9.92358e-11	-0.227657	-1.54132e-09	
-4.6	-0.22002	-1.01383e-10	-0.228756	-1.93268e-09	-0.22002	-1.01383e-10	-0.228756	-1.93268e-09	
-4.58	-0.221004	-1.03472e-10	-0.229866	-2.35681e-09	-0.221004	-1.03472e-10	-0.229866	-2.35681e-09	
-4.56	-0.221998	-1.05489e-10	-0.230987	-2.81564e-09	-0.221998	-1.05489e-10	-0.230987	-2.81564e-09	
-4.54	-0.223	-1.07422e-10	-0.23212	-3.3112e-09	-0.223	-1.07422e-10	-0.23212	-3.3112e-09	
-4.52	-0.224012	-1.09255e-10	-0.233265	-3.84557e-09	-0.224012	-1.09255e-10	-0.233265	-3.84557e-09	
-4.5	-0.225033	-1.10974e-10	-0.234422	-4.4209e-09	-0.225033	-1.10974e-10	-0.234422	-4.4209e-09	
-4.48	-0.226063	-1.12559e-10	-0.235591	-5.03941e-09	-0.226063	-1.12559e-10	-0.235591	-5.03941e-09	
-4.46	-0.227104	-1.13994e-10	-0.236772	-5.70336e-09	-0.227104	-1.13994e-10	-0.236772	-5.70336e-09	
-4.44	-0.228153	-1.15257e-10	-0.237966	-6.41505e-09	-0.228153	-1.15257e-10	-0.237966	-6.41505e-09	
-4.42	-0.229213	-1.16325e-10	-0.239173	-7.17684e-09	-0.229213	-1.16325e-10	-0.239173	-7.17684e-09	
-4.4	-0.230283	-1.17176e-10	-0.240393	-7.99109e-09	-0.230283	-1.17176e-10	-0.240393	-7.99109e-09	
-4.38	-0.231363	-1.17783e-10	-0.241626	-8.86018e-09	-0.231363	-1.17783e-10	-0.241626	-8.86018e-09	
-4.36	-0.232453	-1.18118e-10	-0.242873	-9.7865e-09	-0.232453	-1.18118e-10	-0.242873	-9.7865e-09	
-4.34	-0.233554	-1.1815e-10	-0.244134	-1.07724e-08	-0.233554	-1.1815e-10	-0.244134	-1.07724e-08	
-4.32	-0.234665	-1.17848e-10	-0.245408	-1.18202e-08	-0.234665	-1.17848e-10	-0.245408	-1.18202e-08	
-4.3	-0.235787	-1.17175e-10	-0.246697	-1.29321e-08	-0.235787	-1.17175e-10	-0.246697	-1.29321e-08	
-4.28	-0.23692	-1.16095e-10	-0.248	-1.41103e-08	-0.23692	-1.16095e-10	-0.248	-1.41103e-08	
-4.26	-0.238065	-1.14566e-10	-0.249318	-1.53567e-08	-0.238065	-1.14566e-10	-0.249318	-1.53567e-08	
-4.24	-0.23922	-1.12544e-10	-0.250651	-1.66732e-08	-0.23922	-1.12544e-10	-0.250651	-1.66732e-08	
-4.22	-0.240387	-1.09984e-10	-0.252	-1.80614e-08	-0.240387	-1.09984e-10	-0.252	-1.80614e-08	
-4.2	-0.241565	-1.06835e-10	-0.253364	-1.95226e-08	-0.241565	-1.06835e-10	-0.253364	-1.95226e-08	
-4.18	-0.242756	-1.03042e-10	-0.254743	-2.10577e-08	-0.242756	-1.03042e-10	-0.254743	-2.10577e-08	
-4.16	-0.243958	-9.85505e-11	-0.256139	-2.26675e-08	-0.243958	-9.85505e-11	-0.256139	-2.26675e-08	
-4.14	-0.245172	-9.32975e-11	-0.257552	-2.43518e-08	-0.245172	-9.32975e-11	-0.257552	-2.43518e-08	
-4.12	-0.246399	-8.72186e-11	-0.258981	-2.61104e-08	-0.246399	-8.72186e-11	-0.258981	-2.61104e-08	
-4.1	-0.247638	-8.02445e-11	-0.260427	-2.79421e-08	-0.247638	-8.02445e-11	-0.260427	-2.79421e-08	
-4.08	-0.24889	-7.23016e-11	-0.261891	-2.98449e-08	-0.24889	-7.23016e-11	-0.261891	-2.98449e-08	
-4.06	-0.250155	-6.33119e-11	-0.263373	-3.18161e-08	-0.250155	-6.33119e-11	-0.263373	-3.18161e-08	
-4.04	-0.251433	-5.31929e-11	-0.264873	-3.38517e-08	-0.251433	-5.31929e-11	-0.264873	-3.38517e-08	
-4.02	-0.252724	-4.18569e-11	-0.266391	-3.59467e-08	-0.252724	-4.18569e-11	-0.266391	-3.59467e-08	
-4	-0.254029	-2.9212e-11	-0.267928	-3.80946e-08	-0.254029	-2.9212e-11	-0.267928	-3.80946e-08	
-3.98	-0.255348	-1.51607e-11	-0.269484	-4.02875e-08	-0.255348	-1.51607e-11	-0.269484	-4.02875e-08	
-3.96	-0.256681	3.99016e-13	-0.27106	-4.25155e-08	-0.256681	3.99016e-13	-0.27106	-4.25155e-08	
-3.94	-0.258027	1.75744e-11	-0.272656	-4.47666e-08	-0.258027	1.75744e-11	-0.272656	-4.47666e-08	
-3.92	-0.259389	3.64776e-11	-0.274272	-4.70267e-08	-0.259389	3.64776e-11	-0.274272	-4.70267e-08	
-3.9	-0.260765	5.72258e-11	-0.27591	-4.9279e-08	-0.260765	5.72258e-11	-0.27591	-4.9279e-08	
-3.88	-0.262156	7.99409e-11	-0.277568	-5.15037e-08	-0.262156	7.99409e-11	-0.277568	-5.15037e-08	
-3.86	-0.263562	1.0475e-10	-0.279248	-5.36777e-08	-0.263562	1.0475e-10	-0.279248	-5.36777e-08	
-3.84	-0.264983	1.31782e-10	-0.280951	-5.57741e-08	-0.264983	1.31782e-10	-0.280951	-5.57741e-08	
-3.82	-0.266421	1.61174e-10	-0.282676	-5.77618e-08	-0.266421	1.61174e-10	-0.282676	-5.77618e-08	
-3.8	-0.267874	1.93063e-10	-0.284425	-5.96052e-08	-0.267874	1.93063e-10	-0.284425	-5.96052e-08	
-3.78	-0.269343	2.27591e-10	-0.286197	-6.12631e-08	-0.269343	2.27591e-10	-0.286197	-6.12631e-08	
-3.76	-0.270829	2.64901e-10	-0.287993	-6.2689e-08	-0.270829	2.64901e-10	-0.287993	-6.2689e-08	
-3.74	-0.272332	3.05138e-10	-0.289814	-6.38293e-08	-0.272332	3.05138e-10	-0.289814	-6.38293e-08	
-3.72	-0.273852	3.48446e-10	-0.291661	-6.46238e-08	-0.273852	3.48446e-10	-0.291661	-6.46238e-08	
-3.7	-0.275389	3.9497e-10	-0.293533	-6.5004e-08	-0.275389	3.9497e-10	-0.293533	-6.5004e-08	
-3.68	-0.276944	4.44852e-10	-0.295432	-6.48928e-08	-0.276944	4.44852e-10	-0.295432	-6.48928e-08	
-3.66	-0.278517	4.98228e-10	-0.297358	-6.42034e-08	-0.278517	4.98228e-10	-0.297358	-6.42034e-08	
-3.64	-0.280109	5.55231e-10	-0.299311	-6.28384e-08	-0.280109	5.55231e-10	-0.299311	-6.28384e-08	
-3.62	-0.281719	6.15984e-10	-0.301294	-6.0689e-08	-0.281719	6.15984e-10	-0.301294	-6.0689e-08	
-3.6	-0.283348	6.80599e-10	-0.303305	-5.76334e-08	-0.283348	6.80599e-10	-0.303305	-5.76334e-08	
-3.58	-0.284996	7.49175e-10	-0.305346	-5.35365e-08	-0.284996	7.49175e-10	-0.305346	-5.35365e-08	
-3.56	-0.286664	8.21793e-10	-0.307418	-4.82481e-08	-0.286664	8.21793e-10	-0.307418	-4.82481e-08	
-3.54	-0.288352	8.98515e-10	-0.30952	-4.1602e-08	-0.288352	8.98515e-10	-0.30952	-4.1602e-08	
-3.52	-0.29006	9.79377e-10	-0.311655	-3.34147e-08	-0.29006	9.79377e-10	-0.311655	-3.34147e-08	
-3.5	-0.29179	1.06438e-09	-0.313823	-2.34846e-08	-0.29179	1.06438e-09	-0.313823	-2.34846e-08	
-3.48	-0.29354	1.15351e-09	-0.316025	-1.15902e-08	-0.29354	1.15351e-09	-0.316025	-1.15902e-08	
-3.46	-0.295312	1.24669e-09	-0.318261	2.51017e-09	-0.295312	1.24669e-09	-0.318261	2.51017e-09	
-3.44	-0.297106	1.3438e-09	-0.320533	1.90797e-08	-0.297106	1.3438e-09	-0.320533	1.90797e-08	
-3.42	-0.298923	1.44468e-09	-0.322841	3.84038e-08	-0.298923	1.44468e-09	-0.322841	3.84038e-08	
-3.4	-0.300762	1.54909e-09	-0.325187	6.07904e-08	-0.300762	1.54909e-09	-0.325187	6.07904e-08	
-3.38	-0.302625	1.65675e-09	-0.327571	8.65697e-08	-0.302625	1.65675e-09	-0.327571	8.65697e-08	
-3.36	-0.304511	1.76727e-09	-0.329994	1.16094e-07	-0.304511	1.76727e-09	-0.329994	1.16094e-07	
-3.34	-0.306422	1.8802e-09	-0.332459	1.49738e-07	-0.306422	1.8802e-09	-0.332459	1.49738e-07	
-3.32	-0.308357	1.99497e-09	-0.334965	1.87893e-07	-0.308357	1.99497e-09	-0.334965	1.87893e-07	
-3.3	-0.310318	2.11091e-09	-0.337514	2.30968e-07	-0.310318	2.11091e-09	-0.337514	2.30968e-07	
-3.28	-0.312304	2.22725e-09	-0.340107	2.79384e-07	-0.312304	2.22725e-09	-0.340107	2.79384e-07	
-3.26	-0.314317	2.34306e-09	-0.342745	3.33565e-07	-0.314317	2.34306e-09	-0.342745	3.33565e-07	
-3.24	-0.316356	2.45728e-09	-0.345431	3.93936e-07	-0.316356	2.45728e-09	-0.345431	3.93936e-07	
-3.22	-0.318423	2.56871e-09	-0.348165	4.60906e-07	-0.318423	2.56871e-09	-0.348165	4.60906e-07	
-3.2	-0.320517	2.67595e-09	-0.350948	5.3486e-07	-0.320517	2.67595e-09	-0.350948	5.3486e-07	
-3.18	-0.322641	2.77744e-09	-0.353783	6.16134e-07	-0.322641	2.77744e-09	-0.353783	6.16134e-07	
-3.16	-0.324793	2.87141e-09	-0.35667	7.05001e-07	-0.324793	2.87141e-09	-0.35667	7.05001e-07	
-3.14	-0.326975	2.9559e-09	-0.359613	8.01637e-07	-0.326975	2.9559e-09	-0.359613	8.01637e-07	
-3.12	-0.329187	3.0287e-09	-0.362611	9.06089e-07	-0.329187	3.0287e-09	-0.362611	9.06089e-07	
-3.1	-0.33143	3.08739e-09	-0.365668	1.01823e-06	-0.33143	3.08739e-09	-0.365668	1.01823e-06	
-3.08	-0.333705	3.1293e-09	-0.368785	1.13771e-06	-0.333705	3.1293e-09	-0.368785	1.13771e-06	
-3.06	-0.336012	3.15148e-09	-0.371964	1.26389e-06	-0.336012	3.15148e-09	-0.371964	1.26389e-06	
-3.04	-0.338352	3.15074e-09	-0.375208	1.39575e-06	-0.338352	3.15074e-09	-0.375208	1.39575e-06	
-3.02	-0.340726	3.12358e-09	-0.378518	1.53183e-06	-0.340726	3.12358e-09	-0.378518	1.53183e-06	
-3	-0.343135	3.06625e-09	-0.381897	1.67008e-06	-0.343135	3.06625e-09	-0.381897	1.67008e-06	
-2.98	-0.345579	2.9747e-09	-0.385348	1.80774e-06	-0.345579	2.9747e-09	-0.385348	1.80774e-06	
-2.96	-0.348059	2.84459e-09	-0.388873	1.94118e-06	-0.348059	2.84459e-09	-0.388873	1.94118e-06	
-2.94	-0.350576	2.67129e-09	-0.392474	2.0657e-06	-0.350576	2.67129e-09	-0.392474	2.0657e-06	
-2.92	-0.353131	2.4499e-09	-0.396156	2.17531e-06	-0.353131	2.4499e-09	-0.396156	2.17531e-06	
-2.9	-0.355725	2.17524e-09	-0.399921	2.26247e-06	-0.355725	2.17524e-09	-0.399921	2.26247e-06	
-2.88	-0.358358	1.84189e-09	-0.403772	2.31779e-06	-0.358358	1.84189e-09	-0.403772	2.31779e-06	
-2.86	-0.361032	1.44418e-09	-0.407713	2.32964e-06	-0.361032	1.44418e-09	-0.407713	2.32964e-06	
-2.84	-0.363747	9.76246e-10	-0.411747	2.28381e-06	-0.363747	9.76246e-10	-0.411747	2.28381e-06	
-2.82	-0.366505	4.3205e-10	-0.415879	2.163e-06	-0.366505	4.3205e-10	-0.415879	2.163e-06	
-2.8	-0.369307	-1.94571e-10	-0.420113	1.94634e-06	-0.369307	-1.94571e-10	-0.420113	1.94634e-06	
-2.78	-0.372154	-9.09856e-10	-0.424453	1.60885e-06	-0.372154	-9.09856e-10	-0.424453	1.60885e-06	
-2.76	-0.375046	-1.72005e-09	-0.428904	1.12085e-06	-0.375046	-1.72005e-09	-0.428904	1.12085e-06	
-2.74	-0.377985	-2.63134e-09	-0.433471	4.47365e-07	-0.377985	-2.63134e-09	-0.433471	4.47365e-07	
-2.72	-0.380973	-3.64974e-09	-0.438159	-4.52434e-07	-0.380973	-3.64974e-09	-0.438159	-4.52434e-07	
-2.7	-0.38401	-4.78103e-09	-0.442976	-1.62572e-06	-0.38401	-4.78103e-09	-0.442976	-1.62572e-06	
-2.68	-0.387097	-6.03059e-09	-0.447926	-3.12637e-06	-0.387097	-6.03059e-09	-0.447926	-3.12637e-06	
-2.66	-0.390237	-7.40327e-09	-0.453017	-5.01493e-06	-0.390237	-7.40327e-09	-0.453017	-5.01493e-06	
-2.64	-0.39343	-8.90325e-09	-0.458255	-7.35831e-06	-0.39343	-8.90325e-09	-0.458255	-7.35831e-06	
-2.62	-0.396678	-1.05338e-08	-0.46365	-1.02286e-05	-0.396678	-1.05338e-08	-0.46365	-1.02286e-05	
-2.6	-0.399982	-1.22972e-08	-0.469209	-1.37007e-05	-0.399982	-1.22972e-08	-0.469209	-1.37007e-05	
-2.58	-0.403344	-1.41941e-08	-0.474941	-1.78489e-05	-0.403344	-1.41941e-08	-0.474941	-1.78489e-05	
-2.56	-0.406765	-1.6224e-08	-0.480858	-2.27404e-05	-0.406765	-1.6224e-08	-0.480858	-2.27404e-05	
-2.54	-0.410248	-1.83839e-08	-0.486969	-2.84264e-05	-0.410248	-1.83839e-08	-0.486969	-2.84264e-05	
-2.52	-0.413793	-2.06688e-08	-0.493287	-3.49278e-05	-0.413793	-2.06688e-08	-0.493287	-3.49278e-05	
-2.5	-0.417403	-2.30709e-08	-0.499824	-4.22153e-05	-0.417403	-2.30709e-08	-0.499824	-4.22153e-05	
-2.48	-0.42108	-2.55789e-08	-0.506597	-5.01802e-05	-0.42108	-2.55789e-08	-0.506597	-5.01802e-05	
-2.46	-0.424825	-2.81781e-08	-0.513619	-5.85934e-05	-0.424825	-2.81781e-08	-0.513619	-5.85934e-05	
-2.44	-0.42864	-3.0849e-08	-0.520909	-6.70487e-05	-0.42864	-3.0849e-08	-0.520909	-6.70487e-05	
-2.42	-0.432528	-3.3567e-08	-0.528488	-7.48835e-05	-0.432528	-3.3567e-08	-0.528488	-7.48835e-05	
-2.4	-0.436491	-3.63016e-08	-0.536376	-8.1072e-05	-0.436491	-3.63016e-08	-0.536376	-8.1072e-05	
-2.38	-0.44053	-3.90154e-08	-0.5446	-8.40821e-05	-0.44053	-3.90154e-08	-0.5446	-8.40821e-05	
-2.36	-0.44465	-4.1663e-08	-0.553187	-8.16855e-05	-0.44465	-4.1663e-08	-0.553187	-8.16855e-05	
-2.34	-0.448851	-4.41901e-08	-0.562172	-7.07147e-05	-0.448851	-4.41901e-08	-0.562172	-7.07147e-05	
-2.32	-0.453136	-4.65317e-08	-0.571594	-4.67592e-05	-0.453136	-4.65317e-08	-0.571594	-4.67592e-05	
-2.3	-0.457509	-4.86112e-08	-0.581498	-3.80645e-06	-0.457509	-4.86112e-08	-0.581498	-3.80645e-06	
-2.28	-0.461971	-5.03386e-08	-0.59194	6.61445e-05	-0.461971	-5.03386e-08	-0.59194	6.61445e-05	
-2.26	-0.466527	-5.16086e-08	-0.60299	0.000173416	-0.466527	-5.16086e-08	-0.60299	0.000173416	
-2.24	-0.471178	-5.22989e-08	-0.614735	0.000330747	-0.471178	-5.22989e-08	-0.614735	0.000330747	
-2.22	-0.475929	-5.22677e-08	-0.627287	0.000552745	-0.475929	-5.22677e-08	-0.627287	0.000552745	
-2.2	-0.480783	-5.1352e-08	-0.640792	0.000853864	-0.480783	-5.1352e-08	-0.640792	0.000853864	
-2.18	-0.485743	-4.93646e-08	-0.65545	0.00124324	-0.485743	-4.93646e-08	-0.65545	0.00124324	
-2.16	-0.490813	-4.60921e-08	-0.67153	0.00171307	-0.490813	-4.60921e-08	-0.67153	0.00171307	
-2.14	-0.495997	-4.1292e-08	-0.689405	0.002214	-0.495997	-4.1292e-08	-0.689405	0.002214	
-2.12	-0.501299	-3.46898e-08	-0.709593	0.00260529	-0.501299	-3.46898e-08	-0.709593	0.00260529	
-2.1	-0.506723	-2.59773e-08	-0.732792	0.00255742	-0.506723	-2.59773e-08	-0.732792	0.00255742	
-2.08	-0.512274	-1.48095e-08	-0.759904	0.00137153	-0.512274	-1.48095e-08	-0.759904	0.00137153	
-2.06	-0.517958	-8.03417e-10	-0.791938	-0.00232496	-0.517958	-8.03417e-10	-0.791938	-0.00232496	
-2.04	-0.523778	1.64633e-08	-0.829622	-0.010991	-0.523778	1.64633e-08	-0.829622	-0.010991	
-2.02	-0.52974	3.74522e-08	-0.87241	-0.0284215	-0.52974	3.74522e-08	-0.87241	-0.0284215	
-2	-0.53585	6.26625e-08	-0.916852	-0.0589833	-0.53585	6.26625e-08	-0.916852	-0.0589833	
-1.98	-0.542115	9.26271e-08	-0.955648	-0.104751	-0.542115	9.26271e-08	-0.955648	-0.104751	
-1.96	-0.548539	1.27906e-07	-0.98031	-0.161786	-0.548539	1.27906e-07	-0.98031	-0.161786	
-1.94	-0.55513	1.69073e-07	-0.987173	-0.220676	-0.55513	1.69073e-07	-0.987173	-0.220676	
-1.92	-0.561896	2.16704e-07	-0.9799	-0.272746	-0.561896	2.16704e-07	-0.9799	-0.272746	
-1.9	-0.568843	2.71344e-07	-0.965418	-0.31473	-0.568843	2.71344e-07	-0.965418	-0.31473	
-1.88	-0.575979	3.3348e-07	-0.949189	-0.347812	-0.575979	3.3348e-07	-0.949189	-0.347812	
-1.86	-0.583314	4.03491e-07	-0.933931	-0.374656	-0.583314	4.03491e-07	-0.933931	-0.374656	
-1.84	-0.590856	4.81579e-07	-0.920427	-0.397633	-0.590856	4.81579e-07	-0.920427	-0.397633	
-1.82	-0.598615	5.67686e-07	-0.908545	-0.418348	-0.598615	5.67686e-07	-0.908545	-0.418348	
-1.8	-0.606602	6.61375e-07	-0.897862	-0.437744	-0.606602	6.61375e-07	-0.897862	-0.437744	
-1.78	-0.614827	7.61678e-07	-0.887938	-0.456318	-0.614827	7.61678e-07	-0.887938	-0.456318	
-1.76	-0.623302	8.66893e-07	-0.878422	-0.474299	-0.623302	8.66893e-07	-0.878422	-0.474299	
-1.74	-0.632041	9.74326e-07	-0.869065	-0.491773	-0.632041	9.74326e-07	-0.869065	-0.491773	
-1.72	-0.641057	1.07995e-06	-0.859708	-0.508754	-0.641057	1.07995e-06	-0.859708	-0.508754	
-1.7	-0.650364	1.178e-06	-0.850265	-0.525226	-0.650364	1.178e-06	-0.850265	-0.525226	
-1.68	-0.659979	1.26037e-06	-0.840698	-0.541171	-0.659979	1.26037e-06	-0.840698	-0.541171	
-1.66	-0.669919	1.316e-06	-0.830998	-0.556573	-0.669919	1.316e-06	-0.830998	-0.556573	
-1.64	-0.680203	1.32999e-06	-0.82118	-0.571429	-0.680203	1.32999e-06	-0.82118	-0.571429	
-1.62	-0.690851	1.28252e-06	-0.811265	-0.585745	-0.690851	1.28252e-06	-0.811265	-0.585745	
-1.6	-0.701885	1.14763e-06	-0.801277	-0.599538	-0.701885	1.14763e-06	-0.801277	-0.599538	
-1.58	-0.71333	8.91668e-07	-0.791239	-0.61283	-0.71333	8.91668e-07	-0.791239	-0.61283	
-1.56	-0.725211	4.71568e-07	-0.78117	-0.625646	-0.725211	4.71568e-07	-0.78117	-0.625646	
-1.54	-0.737558	-1.67115e-07	-0.771088	-0.638015	-0.737558	-1.67115e-07	-0.771088	-0.638015	
-1.52	-0.750403	-1.09219e-06	-0.761003	-0.649965	-0.750403	-1.09219e-06	-0.761003	-0.649965	
-1.5	-0.76378	-2.38668e-06	-0.750923	-0.661524	-0.76378	-2.38668e-06	-0.750923	-0.661524	
-1.48	-0.77773	-4.14993e-06	-0.740853	-0.672717	-0.77773	-4.14993e-06	-0.740853	-0.672717	
-1.46	-0.792294	-6.49732e-06	-0.730795	-0.683567	-0.792294	-6.49732e-06	-0.730795	-0.683567	
-1.44	-0.807522	-9.55694e-06	-0.720749	-0.694095	-0.807522	-9.55694e-06	-0.720749	-0.694095	
-1.42	-0.823468	-1.34608e-05	-0.710715	-0.704319	-0.823468	-1.34608e-05	-0.710715	-0.704319	
-1.4	-0.840193	-1.8327e-05	-0.70069	-0.714256	-0.840193	-1.8327e-05	-0.70069	-0.714256	
-1.38	-0.857766	-2.42251e-05	-0.690673	-0.723919	-0.857766	-2.42251e-05	-0.690673	-0.723919	
-1.36	-0.876266	-3.11161e-05	-0.680663	-0.733321	-0.876266	-3.11161e-05	-0.680663	-0.733321	
-1.34	-0.895782	-3.87482e-05	-0.670656	-0.742472	-0.895782	-3.87482e-05	-0.670656	-0.742472	
-1.32	-0.91642	-4.64836e-05	-0.660652	-0.751381	-0.91642	-4.64836e-05	-0.660652	-0.751381	
-1.3	-0.938301	-5.30145e-05	-0.650649	-0.760058	-0.938301	-5.30145e-05	-0.650649	-0.760058	
-1.28	-0.961567	-5.5908e-05	-0.640646	-0.76851	-0.961567	-5.5908e-05	-0.640646	-0.76851	
-1.26	-0.986388	-5.08885e-05	-0.630643	-0.776743	-0.986388	-5.08885e-05	-0.630643	-0.776743	
-1.24	-1.01297	-3.07384e-05	-0.620639	-0.784764	-1.01297	-3.07384e-05	-0.620639	-0.784764	
-1.22	-1.04156	1.6324e-05	-0.610634	-0.792579	-1.04156	1.6324e-05	-0.610634	-0.792579	
-1.2	-1.07249	0.00010888	-0.600627	-0.800194	-1.07249	0.00010888	-0.600627	-0.800194	
-1.18	-1.10616	0.000274956	-0.590619	-0.807613	-1.10616	0.000274956	-0.590619	-0.807613	
-1.16	-1.14312	0.00055387	-0.58061	-0.814842	-1.14312	0.00055387	-0.58061	-0.814842	
-1.14	-1.18414	0.000992958	-0.5706	-0.821886	-1.18414	0.000992958	-0.5706	-0.821886	
-1.12	-1.23034	0.00162571	-0.56059	-0.828748	-1.23034	0.00162571	-0.56059	-0.828748	
-1.1	-1.28344	0.0023912	-0.550579	-0.835434	-1.28344	0.0023912	-0.550579	-0.835434	
-1.08	-1.34618	0.00287718	-0.540567	-0.841947	-1.34618	0.00287718	-0.540567	-0.841947	
-1.06	-1.42307	0.00154518	-0.530555	-0.848292	-1.42307	0.00154518	-0.530555	-0.848292	
-1.04	-1.52121	-0.00650014	-0.520544	-0.854471	-1.52121	-0.00650014	-0.520544	-0.854471	
-1.02	-1.64935	-0.035213	-0.510532	-0.86049	-1.64935	-0.035213	-0.510532	-0.86049	
-1	-1.80636	-0.11673	-0.50052	-0.866351	-1.80636	-0.11673	-0.50052	-0.866351	
-0.98	-1.94681	-0.289215	-0.490509	-0.872058	-1.94681	-0.289215	-0.490509	-0.872058	
-0.96	-1.9862	-0.519053	-0.480497	-0.877613	-1.9862	-0.519053	-0.480497	-0.877613	
-0.94	-1.92767	-0.703237	-0.470486	-0.883019	-1.92767	-0.703237	-0.470486	-0.883019	
-0.92	-1.85011	-0.815578	-0.460475	-0.88828	-1.85011	-0.815578	-0.460475	-0.88828	
-0.9	-1.79017	-0.890629	-0.450464	-0.893398	-1.79017	-0.890629	-0.450464	-0.893398	
-0.88	-1.74658	-0.954301	-0.440454	-0.898375	-1.74658	-0.954301	-0.440454	-0.898375	
-0.86	-1.71084	-1.01609	-0.430443	-0.903213	-1.71084	-1.01609	-0.430443	-0.903213	
-0.84	-1.67684	-1.0776	-0.420433	-0.907916	-1.67684	-1.0776	-0.420433	-0.907916	
-0.82	-1.64161	-1.13782	-0.410422	-0.912484	-1.64161	-1.13782	-0.410422	-0.912484	
-0.8	-1.60426	-1.19544	-0.400412	-0.916921	-1.60426	-1.19544	-0.400412	-0.916921	
-0.78	-1.56504	-1.24953	-0.390401	-0.921227	-1.56504	-1.24953	-0.390401	-0.921227	
-0.76	-1.5246	-1.29979	-0.380391	-0.925406	-1.5246	-1.29979	-0.380391	-0.925406	
-0.74	-1.48361	-1.34631	-0.37038	-0.929457	-1.48361	-1.34631	-0.37038	-0.929457	
-0.72	-1.44254	-1.38949	-0.36037	-0.933384	-1.44254	-1.38949	-0.36037	-0.933384	
-0.7	-1.40169	-1.42978	-0.350359	-0.937188	-1.40169	-1.42978	-0.350359	-0.937188	
-0.68	-1.36114	-1.46761	-0.340349	-0.940869	-1.36114	-1.46761	-0.340349	-0.940869	
-0.66	-1.32089	-1.50336	-0.330338	-0.94443	-1.32089	-1.50336	-0.330338	-0.94443	
-0.64	-1.28086	-1.53727	-0.320327	-0.947872	-1.28086	-1.53727	-0.320327	-0.947872	
-0.62	-1.24095	-1.56953	-0.310317	-0.951197	-1.24095	-1.56953	-0.310317	-0.951197	
-0.6	-1.20109	-1.60026	-0.300306	-0.954404	-1.20109	-1.60026	-0.300306	-0.954404	
-0.58	-1.16121	-1.62953	-0.290296	-0.957496	-1.16121	-1.62953	-0.290296	-0.957496	
-0.56	-1.1213	-1.65738	-0.280285	-0.960474	-1.1213	-1.65738	-0.280285	-0.960474	
-0.54	-1.08133	-1.68385	-0.270275	-0.963339	-1.08133	-1.68385	-0.270275	-0.963339	
-0.52	-1.0413	-1.70898	-0.260264	-0.966092	-1.0413	-1.70898	-0.260264	-0.966092	
-0.5	-1.00125	-1.73281	-0.250253	-0.968733	-1.00125	-1.73281	-0.250253	-0.968733	
-0.48	-0.961165	-1.75538	-0.240243	-0.971264	-0.961165	-1.75538	-0.240243	-0.971264	
-0.46	-0.921077	-1.77674	-0.230232	-0.973685	-0.921077	-1.77674	-0.230232	-0.973685	
-0.44	-0.880993	-1.79693	-0.220222	-0.975998	-0.880993	-1.79693	-0.220222	-0.975998	
-0.42	-0.840918	-1.816	-0.210211	-0.978203	-0.840918	-1.816	-0.210211	-0.978203	
-0.4	-0.800856	-1.834	-0.200201	-0.9803	-0.800856	-1.834	-0.200201	-0.9803	
-0.38	-0.760804	-1.85095	-0.19019	-0.982292	-0.760804	-1.85095	-0.19019	-0.982292	
-0.36	-0.720762	-1.86689	-0.18018	-0.984177	-0.720762	-1.86689	-0.18018	-0.984177	
-0.34	-0.680724	-1.88185	-0.170169	-0.985957	-0.680724	-1.88185	-0.170169	-0.985957	
-0.32	-0.640687	-1.89585	-0.160159	-0.987632	-0.640687	-1.89585	-0.160159	-0.987632	
-0.3	-0.60065	-1.90892	-0.150148	-0.989204	-0.60065	-1.90892	-0.150148	-0.989204	
-0.28	-0.560609	-1.92106	-0.140138	-0.990671	-0.560609	-1.92106	-0.140138	-0.990671	
-0.26	-0.520566	-1.9323	-0.130127	-0.992036	-0.520566	-1.9323	-0.130127	-0.992036	
-0.24	-0.480519	-1.94265	-0.120116	-0.993298	-0.480519	-1.94265	-0.120116	-0.993298	
-0.22	-0.440471	-1.95212	-0.110106	-0.994457	-0.440471	-1.95212	-0.110106	-0.994457	
-0.2	-0.400422	-1.96073	-0.100095	-0.995514	-0.400422	-1.96073	-0.100095	-0.995514	
-0.18	-0.360374	-1.96848	-0.0900849	-0.99647	-0.360374	-1.96848	-0.0900849	-0.99647	
-0.16	-0.320326	-1.97539	-0.0800744	-0.997324	-0.320326	-1.97539	-0.0800744	-0.997324	
-0.14	-0.280279	-1.98147	-0.0700639	-0.998078	-0.280279	-1.98147	-0.0700639	-0.998078	
-0.12	-0.240233	-1.98672	-0.0600534	-0.99873	-0.240233	-1.98672	-0.0600534	-0.99873	
-0.1	-0.200189	-1.99115	-0.0500429	-0.999282	-0.200189	-1.99115	-0.0500429	-0.999282	
-0.08	-0.160144	-1.99477	-0.0400324	-0.999733	-0.160144	-1.99477	-0.0400324	-0.999733	
-0.06	-0.120099	-1.99758	-0.0300219	-1.00008	-0.120099	-1.99758	-0.0300219	-1.00008	
-0.04	-0.0800539	-1.99959	-0.0200114	-1.00033	-0.0800539	-1.99959	-0.0200114	-1.00033	
-0.02	-0.040008	-2.00079	-0.0100008	-1.00048	-0.040008	-2.00079	-0.0100008	-1.00048	
0	3.8357e-05	-2.00119	9.66231e-06	-1.00053	3.8357e-05	-2.00119	9.66231e-06	-1.00053	
0.02	0.0400849	-2.00079	0.0100202	-1.00048	0.0400849	-2.00079	0.0100202	-1.00048	
0.04	0.0801312	-1.99959	0.0200307	-1.00033	0.0801312	-1.99959	0.0200307	-1.00033	
0.06	0.120177	-1.99758	0.0300412	-1.00008	0.120177	-1.99758	0.0300412	-1.00008	
0.08	0.160222	-1.99476	0.0400517	-0.999732	0.160222	-1.99476	0.0400517	-0.999732	
0.1	0.200267	-1.99114	0.0500622	-0.999281	0.200267	-1.99114	0.0500622	-0.999281	
0.12	0.240311	-1.98671	0.0600727	-0.998729	0.240311	-1.98671	0.0600727	-0.998729	
0.14	0.280356	-1.98146	0.0700832	-0.998076	0.280356	-1.98146	0.0700832	-0.998076	
0.16	0.320402	-1.97538	0.0800938	-0.997323	0.320402	-1.97538	0.0800938	-0.997323	
0.18	0.360448	-1.96847	0.0901043	-0.996468	0.360448	-1.96847	0.0901043	-0.996468	
0.2	0.400497	-1.96071	0.100115	-0.995513	0.400497	-1.96071	0.100115	-0.995513	
0.22	0.440546	-1.95211	0.110125	-0.994455	0.440546	-1.95211	0.110125	-0.994455	
0.24	0.480596	-1.94264	0.120136	-0.993295	0.480596	-1.94264	0.120136	-0.993295	
0.26	0.520645	-1.93229	0.130146	-0.992033	0.520645	-1.93229	0.130146	-0.992033	
0.28	0.560692	-1.92104	0.140157	-0.990669	0.560692	-1.92104	0.140157	-0.990669	
0.3	0.600735	-1.90889	0.150167	-0.989201	0.600735	-1.90889	0.150167	-0.989201	
0.32	0.640775	-1.89582	0.160178	-0.987629	0.640775	-1.89582	0.160178	-0.987629	
0.34	0.68081	-1.88181	0.170188	-0.985954	0.68081	-1.88181	0.170188	-0.985954	
0.36	0.720843	-1.86684	0.180199	-0.984173	0.720843	-1.86684	0.180199	-0.984173	
0.38	0.760877	-1.8509	0.190209	-0.982288	0.760877	-1.8509	0.190209	-0.982288	
0.4	0.800917	-1.83394	0.20022	-0.980296	0.800917	-1.83394	0.20022	-0.980296	
0.42	0.840968	-1.81596	0.210231	-0.978199	0.840968	-1.81596	0.210231	-0.978199	
0.44	0.881034	-1.7969	0.220241	-0.975994	0.881034	-1.7969	0.220241	-0.975994	
0.46	0.921116	-1.77672	0.230252	-0.973681	0.921116	-1.77672	0.230252	-0.973681	
0.48	0.961213	-1.75538	0.240262	-0.971259	0.961213	-1.75538	0.240262	-0.971259	
0.5	1.00132	-1.73283	0.250273	-0.968728	1.00132	-1.73283	0.250273	-0.968728	
0.52	1.04141	-1.70901	0.260283	-0.966086	1.04141	-1.70901	0.260283	-0.966086	
0.54	1.08148	-1.68387	0.270294	-0.963334	1.08148	-1.68387	0.270294	-0.963334	
0.56	1.1215	-1.65735	0.280304	-0.960469	1.1215	-1.65735	0.280304	-0.960469	
0.58	1.16145	-1.62943	0.290315	-0.95749	1.16145	-1.62943	0.290315	-0.95749	
0.6	1.20131	-1.60008	0.300325	-0.954398	1.20131	-1.60008	0.300325	-0.954398	
0.62	1.24112	-1.56924	0.310336	-0.95119	1.24112	-1.56924	0.310336	-0.95119	
0.64	1.28091	-1.5369	0.320346	-0.947866	1.28091	-1.5369	0.320346	-0.947866	
0.66	1.32076	-1.50297	0.330357	-0.944424	1.32076	-1.50297	0.330357	-0.944424	
0.68	1.3608	-1.46731	0.340367	-0.940862	1.3608	-1.46731	0.340367	-0.940862	
0.7	1.40117	-1.42969	0.350378	-0.937181	1.40117	-1.42969	0.350378	-0.937181	
0.72	1.44196	-1.38977	0.360389	-0.933377	1.44196	-1.38977	0.360389	-0.933377	
0.74	1.48318	-1.34703	0.370399	-0.929451	1.48318	-1.34703	0.370399	-0.929451	
0.76	1.52464	-1.30089	0.38041	-0.925399	1.52464	-1.30089	0.38041	-0.925399	
0.78	1.56586	-1.25076	0.390421	-0.921221	1.56586	-1.25076	0.390421	-0.921221	
0.8	1.60602	-1.19626	0.400432	-0.916914	1.60602	-1.19626	0.400432	-0.916914	
0.82	1.64412	-1.13755	0.410443	-0.912477	1.64412	-1.13755	0.410443	-0.912477	
0.84	1.67938	-1.07556	0.420454	-0.907908	1.67938	-1.07556	0.420454	-0.907908	
0.86	1.71206	-1.01212	0.430465	-0.903205	1.71206	-1.01212	0.430465	-0.903205	
0.88	1.74479	-0.949297	0.440476	-0.898365	1.74479	-0.949297	0.440476	-0.898365	
0.9	1.78421	-0.88723	0.450488	-0.893387	1.78421	-0.88723	0.450488	-0.893387	
0.92	1.84155	-0.818115	0.460499	-0.888267	1.84155	-0.818115	0.460499	-0.888267	
0.94	1.92388	-0.71397	0.47051	-0.883005	1.92388	-0.71397	0.47051	-0.883005	
0.96	1.99515	-0.528467	0.48052	-0.877596	1.99515	-0.528467	0.48052	-0.877596	
0.98	1.9578	-0.285101	0.490531	-0.872039	1.9578	-0.285101	0.490531	-0.872039	
1	1.80762	-0.108532	0.50054	-0.86633	1.80762	-0.108532	0.50054	-0.86633	
1.02	1.646	-0.0312768	0.510549	-0.860467	1.646	-0.0312768	0.510549	-0.860467	
1.04	1.51814	-0.00589672	0.520558	-0.854446	1.51814	-0.00589672	0.520558	-0.854446	
1.06	1.42127	0.000901131	0.530565	-0.848265	1.42127	0.000901131	0.530565	-0.848265	
1.08	1.34534	0.00203537	0.540571	-0.84192	1.34534	0.00203537	0.540571	-0.84192	
1.1	1.28314	0.00170483	0.550576	-0.835408	1.28314	0.00170483	0.550576	-0.835408	
1.12	1.2303	0.00115618	0.56058	-0.828726	1.2303	0.00115618	0.56058	-0.828726	
1.14	1.18421	0.000706632	0.570583	-0.82187	1.18421	0.000706632	0.570583	-0.82187	
1.16	1.14321	0.000398582	0.580586	-0.814835	1.14321	0.000398582	0.580586	-0.814835	
1.18	1.10624	0.000204986	0.590589	-0.807618	1.10624	0.000204986	0.590589	-0.807618	
1.2	1.07254	9.04126e-05	0.600593	-0.800215	1.07254	9.04126e-05	0.600593	-0.800215	
1.22	1.04159	2.64199e-05	0.610599	-0.792619	1.04159	2.64199e-05	0.610599	-0.792619	
1.24	1.01298	-6.73895e-06	0.620609	-0.784827	1.01298	-6.73895e-06	0.620609	-0.784827	
1.26	0.986379	-2.18622e-05	0.630624	-0.776831	0.986379	-2.18622e-05	0.630624	-0.776831	
1.28	0.961545	-2.69036e-05	0.640646	-0.768625	0.961545	-2.69036e-05	0.640646	-0.768625	
1.3	0.938271	-2.66488e-05	0.650677	-0.7602	0.938271	-2.66488e-05	0.650677	-0.7602	
1.32	0.916386	-2.38895e-05	0.660719	-0.751548	0.916386	-2.38895e-05	0.660719	-0.751548	
1.34	0.895745	-2.01949e-05	0.670775	-0.742657	0.895745	-2.01949e-05	0.670775	-0.742657	
1.36	0.876227	-1.64024e-05	0.680846	-0.733516	0.876227	-1.64024e-05	0.680846	-0.733516	
1.38	0.857727	-1.29222e-05	0.690934	-0.724111	0.857727	-1.29222e-05	0.690934	-0.724111	
1.4	0.840155	-9.922e-06	0.701038	-0.714425	0.840155	-9.922e-06	0.701038	-0.714425	
1.42	0.823431	-7.43846e-06	0.711157	-0.70444	0.823431	-7.43846e-06	0.711157	-0.70444	
1.44	0.807487	-5.4418e-06	0.721289	-0.694139	0.807487	-5.4418e-06	0.721289	-0.694139	
1.46	0.792261	-3.87302e-06	0.731426	-0.683498	0.792261	-3.87302e-06	0.731426	-0.683498	
1.48	0.777698	-2.66432e-06	0.741559	-0.672497	0.777698	-2.66432e-06	0.741559	-0.672497	
1.5	0.76375	-1.74975e-06	0.751676	-0.661114	0.76375	-1.74975e-06	0.751676	-0.661114	
1.52	0.750374	-1.07015e-06	0.761759	-0.649326	0.750374	-1.07015e-06	0.761759	-0.649326	
1.54	0.737531	-5.74917e-07	0.771787	-0.637116	0.737531	-5.74917e-07	0.771787	-0.637116	
1.56	0.725185	-2.22154e-07	0.781733	-0.624468	0.725185	-2.22154e-07	0.781733	-0.624468	
1.58	0.713305	2.20519e-08	0.791569	-0.611374	0.713305	2.20519e-08	0.791569	-0.611374	
1.6	0.701862	1.84671e-07	0.801265	-0.597836	0.701862	1.84671e-07	0.801265	-0.597836	
1.62	0.690829	2.86853e-07	0.810795	-0.583863	0.690829	2.86853e-07	0.810795	-0.583863	
1.64	0.680182	3.44976e-07	0.820138	-0.569481	0.680182	3.44976e-07	0.820138	-0.569481	
1.66	0.669899	3.71588e-07	0.829289	-0.554728	0.669899	3.71588e-07	0.829289	-0.554728	
1.68	0.65996	3.76194e-07	0.838267	-0.539653	0.65996	3.76194e-07	0.838267	-0.539653	
1.7	0.650345	3.65921e-07	0.847126	-0.524313	0.650345	3.65921e-07	0.847126	-0.524313	
1.72	0.641039	3.46046e-07	0.85597	-0.508766	0.641039	3.46046e-07	0.85597	-0.508766	
1.74	0.632024	3.20426e-07	0.864972	-0.493043	0.632024	3.20426e-07	0.864972	-0.493043	
1.76	0.623286	2.91835e-07	0.874388	-0.477128	0.623286	2.91835e-07	0.874388	-0.477128	
1.78	0.614811	2.62227e-07	0.884571	-0.4609	0.614811	2.62227e-07	0.884571	-0.4609	
1.8	0.606586	2.32946e-07	0.895971	-0.444054	0.606586	2.32946e-07	0.895971	-0.444054	
1.82	0.5986	2.04877e-07	0.909095	-0.425981	0.5986	2.04877e-07	0.909095	-0.425981	
1.84	0.590842	1.78574e-07	0.924377	-0.405615	0.590842	1.78574e-07	0.924377	-0.405615	
1.86	0.5833	1.54349e-07	0.941888	-0.38127	0.5833	1.54349e-07	0.941888	-0.38127	
1.88	0.575965	1.32343e-07	0.960774	-0.350642	0.575965	1.32343e-07	0.960774	-0.350642	
1.9	0.568829	1.12577e-07	0.978476	-0.311318	0.568829	1.12577e-07	0.978476	-0.311318	
1.92	0.561883	9.49896e-08	0.990253	-0.262208	0.561883	9.49896e-08	0.990253	-0.262208	
1.94	0.555118	7.94708e-08	0.990218	-0.205637	0.555118	7.94708e-08	0.990218	-0.205637	
1.96	0.548527	6.58771e-08	0.974537	-0.148084	0.548527	6.58771e-08	0.974537	-0.148084	
1.98	0.542102	5.40495e-08	0.944465	-0.0974789	0.542102	5.40495e-08	0.944465	-0.0974789	
2	0.535839	4.38228e-08	0.905699	-0.0588695	0.535839	4.38228e-08	0.905699	-0.0588695	
2.02	0.529729	3.50334e-08	0.864687	-0.0327388	0.529729	3.50334e-08	0.864687	-0.0327388	
2.04	0.523767	2.75241e-08	0.825824	-0.0166252	0.523767	2.75241e-08	0.825824	-0.0166252	
2.06	0.517947	2.11466e-08	0.791046	-0.00738448	0.517947	2.11466e-08	0.791046	-0.00738448	
2.08	0.512264	1.57638e-08	0.760678	-0.00241781	0.512264	1.57638e-08	0.760678	-0.00241781	
2.1	0.506713	1.12501e-08	0.734298	5.77087e-05	0.506713	1.12501e-08	0.734298	5.77087e-05	
2.12	0.501288	7.49202e-09	0.711264	0.00115056	0.501288	7.49202e-09	0.711264	0.00115056	
2.14	0.495987	4.38776e-09	0.690949	0.00151157	0.495987	4.38776e-09	0.690949	0.00151157	
2.16	0.490803	1.84655e-09	0.672824	0.00150867	0.490803	1.84655e-09	0.672824	0.00150867	
2.18	0.485733	-2.11951e-10	0.656466	0.00134333	0.485733	-2.11951e-10	0.656466	0.00134333	
2.2	0.480773	-1.85849e-09	0.64155	0.001122	0.480773	-1.85849e-09	0.64155	0.001122	
2.22	0.47592	-3.15507e-09	0.627824	0.000898021	0.47592	-3.15507e-09	0.627824	0.000898021	
2.24	0.471169	-4.15577e-09	0.615095	0.000695708	0.471169	-4.15577e-09	0.615095	0.000695708	
2.26	0.466518	-4.90761e-09	0.603213	0.000523966	0.466518	-4.90761e-09	0.603213	0.000523966	
2.28	0.461962	-5.45128e-09	0.59206	0.000383864	0.461962	-5.45128e-09	0.59206	0.000383864	
2.3	0.4575	-5.82189e-09	0.581543	0.000272809	0.4575	-5.82189e-09	0.581543	0.000272809	
2.32	0.453128	-6.04961e-09	0.571588	0.000186775	0.453128	-6.04961e-09	0.571588	0.000186775	
2.34	0.448842	-6.1603e-09	0.562132	0.000121461	0.448842	-6.1603e-09	0.562132	0.000121461	
2.36	0.444642	-6.176e-09	0.553125	7.28426e-05	0.444642	-6.176e-09	0.553125	7.28426e-05	
2.38	0.440523	-6.11549e-09	0.544526	3.73999e-05	0.440523	-6.11549e-09	0.544526	3.73999e-05	
2.4	0.436483	-5.99466e-09	0.536297	1.21813e-05	0.436483	-5.99466e-09	0.536297	1.21813e-05	
2.42	0.432521	-5.82692e-09	0.528408	-5.22249e-06	0.432521	-5.82692e-09	0.528408	-5.22249e-06	
2.44	0.428633	-5.62353e-09	0.520832	-1.67387e-05	0.428633	-5.62353e-09	0.520832	-1.67387e-05	
2.46	0.424817	-5.39392e-09	0.513546	-2.38855e-05	0.424817	-5.39392e-09	0.513546	-2.38855e-05	
2.48	0.421073	-5.14592e-09	0.506529	-2.78431e-05	0.421073	-5.14592e-09	0.506529	-2.78431e-05	
2.5	0.417396	-4.886e-09	0.499763	-2.95185e-05	0.417396	-4.886e-09	0.499763	-2.95185e-05	
2.52	0.413786	-4.61949e-09	0.493232	-2.96013e-05	0.413786	-4.61949e-09	0.493232	-2.96013e-05	
2.54	0.410241	-4.3507e-09	0.48692	-2.86097e-05	0.410241	-4.3507e-09	0.48692	-2.86097e-05	
2.56	0.406759	-4.08313e-09	0.480814	-2.69289e-05	0.406759	-4.08313e-09	0.480814	-2.69289e-05	
2.58	0.403337	-3.81955e-09	0.474903	-2.48409e-05	0.403337	-3.81955e-09	0.474903	-2.48409e-05	
2.6	0.399975	-3.56214e-09	0.469175	-2.25492e-05	0.399975	-3.56214e-09	0.469175	-2.25492e-05	
2.62	0.396671	-3.31259e-09	0.463621	-2.01973e-05	0.396671	-3.31259e-09	0.463621	-2.01973e-05	
2.64	0.393423	-3.07213e-09	0.45823	-1.78839e-05	0.393423	-3.07213e-09	0.45823	-1.78839e-05	
2.66	0.390231	-2.84168e-09	0.452995	-1.56743e-05	0.390231	-2.84168e-09	0.452995	-1.56743e-05	
2.68	0.387091	-2.62185e-09	0.447907	-1.3609e-05	0.387091	-2.62185e-09	0.447907	-1.3609e-05	
2.7	0.384004	-2.41301e-09	0.442959	-1.17107e-05	0.384004	-2.41301e-09	0.442959	-1.17107e-05	
2.72	0.380967	-2.21535e-09	0.438145	-9.98924e-06	0.380967	-2.21535e-09	0.438145	-9.98924e-06	
2.74	0.377979	-2.02889e-09	0.433458	-8.44559e-06	0.377979	-2.02889e-09	0.433458	-8.44559e-06	
2.76	0.37504	-1.85352e-09	0.428892	-7.07461e-06	0.37504	-1.85352e-09	0.428892	-7.07461e-06	
2.78	0.372148	-1.68904e-09	0.424443	-5.86726e-06	0.372148	-1.68904e-09	0.424443	-5.86726e-06	
2.8	0.369302	-1.53516e-09	0.420104	-4.81214e-06	0.369302	-1.53516e-09	0.420104	-4.81214e-06	
2.82	0.3665	-1.39154e-09	0.415871	-3.89661e-06	0.3665	-1.39154e-09	0.415871	-3.89661e-06	
2.84	0.363742	-1.25779e-09	0.41174	-3.10757e-06	0.363742	-1.25779e-09	0.41174	-3.10757e-06	
2.86	0.361027	-1.13351e-09	0.407706	-2.43208e-06	0.361027	-1.13351e-09	0.407706	-2.43208e-06	
2.88	0.358353	-1.01824e-09	0.403765	-1.85765e-06	0.358353	-1.01824e-09	0.403765	-1.85765e-06	
2.9	0.355719	-9.1154e-10	0.399915	-1.37253e-06	0.355719	-9.1154e-10	0.399915	-1.37253e-06	
2.92	0.353126	-8.12956e-10	0.39615	-9.65808e-07	0.353126	-8.12956e-10	0.39615	-9.65808e-07	
2.94	0.350571	-7.22036e-10	0.392469	-6.27513e-07	0.350571	-7.22036e-10	0.392469	-6.27513e-07	
2.96	0.348054	-6.38333e-10	0.388867	-3.48604e-07	0.348054	-6.38333e-10	0.388867	-3.48604e-07	
2.98	0.345574	-5.61409e-10	0.385343	-1.20963e-07	0.345574	-5.61409e-10	0.385343	-1.20963e-07	
3	0.34313	-4.9084e-10	0.381892	6.26473e-08	0.34313	-4.9084e-10	0.381892	6.26473e-08	
3.02	0.340721	-4.26214e-10	0.378513	2.08637e-07	0.340721	-4.26214e-10	0.378513	2.08637e-07	
3.04	0.338347	-3.67138e-10	0.375203	3.22654e-07	0.338347	-3.67138e-10	0.375203	3.22654e-07	
3.06	0.336007	-3.13234e-10	0.37196	4.09646e-07	0.336007	-3.13234e-10	0.37196	4.09646e-07	
3.08	0.3337	-2.64141e-10	0.36878	4.73928e-07	0.3337	-2.64141e-10	0.36878	4.73928e-07	
3.1	0.331425	-2.19517e-10	0.365664	5.19248e-07	0.331425	-2.19517e-10	0.365664	5.19248e-07	
3.12	0.329182	-1.79038e-10	0.362607	5.48845e-07	0.329182	-1.79038e-10	0.362607	5.48845e-07	
3.14	0.32697	-1.42399e-10	0.359608	5.6551e-07	0.32697	-1.42399e-10	0.359608	5.6551e-07	
3.16	0.324788	-1.0931e-10	0.356666	5.71636e-07	0.324788	-1.0931e-10	0.356666	5.71636e-07	
3.18	0.322636	-7.94999e-11	0.353778	5.69265e-07	0.322636	-7.94999e-11	0.353778	5.69265e-07	
3.2	0.320513	-5.27145e-11	0.350944	5.60135e-07	0.320513	-5.27145e-11	0.350944	5.60135e-07	
3.22	0.318419	-2.8715e-11	0.34816	5.45718e-07	0.318419	-2.8715e-11	0.34816	5.45718e-07	
3.24	0.316352	-7.27857e-12	0.345426	5.27254e-07	0.316352	-7.27857e-12	0.345426	5.27254e-07	
3.26	0.314313	1.18031e-11	0.342741	5.05782e-07	0.314313	1.18031e-11	0.342741	5.05782e-07	
3.28	0.3123	2.87242e-11	0.340102	4.82168e-07	0.3123	2.87242e-11	0.340102	4.82168e-07	
3.3	0.310314	4.36652e-11	0.337509	4.57131e-07	0.310314	4.36652e-11	0.337509	4.57131e-07	
3.32	0.308354	5.67943e-11	0.33496	4.3126e-07	0.308354	5.67943e-11	0.33496	4.3126e-07	
3.34	0.306418	6.82674e-11	0.332454	4.05036e-07	0.306418	6.82674e-11	0.332454	4.05036e-07	
3.36	0.304508	7.8229e-11	0.32999	3.78849e-07	0.304508	7.8229e-11	0.32999	3.78849e-07	
3.38	0.302621	8.68133e-11	0.327566	3.53008e-07	0.302621	8.68133e-11	0.327566	3.53008e-07	
3.4	0.300759	9.41442e-11	0.325182	3.27757e-07	0.300759	9.41442e-11	0.325182	3.27757e-07	
3.42	0.298919	1.00336e-10	0.322837	3.03282e-07	0.298919	1.00336e-10	0.322837	3.03282e-07	
3.44	0.297103	1.05496e-10	0.320529	2.79725e-07	0.297103	1.05496e-10	0.320529	2.79725e-07	
3.46	0.295309	1.0972e-10	0.318257	2.57186e-07	0.295309	1.0972e-10	0.318257	2.57186e-07	
3.48	0.293537	1.13099e-10	0.316021	2.35736e-07	0.293537	1.13099e-10	0.316021	2.35736e-07	
3.5	0.291786	1.15716e-10	0.313819	2.15415e-07	0.291786	1.15716e-10	0.313819	2.15415e-07	
3.52	0.290057	1.17647e-10	0.311651	1.96245e-07	0.290057	1.17647e-10	0.311651	1.96245e-07	
3.54	0.288349	1.18962e-10	0.309516	1.78229e-07	0.288349	1.18962e-10	0.309516	1.78229e-07	
3.56	0.286661	1.19725e-10	0.307414	1.61355e-07	0.286661	1.19725e-10	0.307414	1.61355e-07	
3.58	0.284993	1.19995e-10	0.305342	1.45603e-07	0.284993	1.19995e-10	0.305342	1.45603e-07	
3.6	0.283344	1.19827e-10	0.303301	1.30939e-07	0.283344	1.19827e-10	0.303301	1.30939e-07	
3.62	0.281715	1.1927e-10	0.30129	1.17329e-07	0.281715	1.1927e-10	0.30129	1.17329e-07	
3.64	0.280106	1.1837e-10	0.299308	1.04728e-07	0.280106	1.1837e-10	0.299308	1.04728e-07	
3.66	0.278514	1.17166e-10	0.297354	9.30918e-08	0.278514	1.17166e-10	0.297354	9.30918e-08	
3.68	0.276941	1.15698e-10	0.295428	8.23726e-08	0.276941	1.15698e-10	0.295428	8.23726e-08	
3.7	0.275386	1.13999e-10	0.293529	7.25215e-08	0.275386	1.13999e-10	0.293529	7.25215e-08	
3.72	0.273849	1.12101e-10	0.291657	6.34892e-08	0.273849	1.12101e-10	0.291657	6.34892e-08	
3.74	0.272329	1.10032e-10	0.289811	5.52268e-08	0.272329	1.10032e-10	0.289811	5.52268e-08	
3.76	0.270827	1.07819e-10	0.287989	4.7686e-08	0.270827	1.07819e-10	0.287989	4.7686e-08	
3.78	0.269341	1.05483e-10	0.286193	4.08198e-08	0.269341	1.05483e-10	0.286193	4.08198e-08	
3.8	0.267871	1.03047e-10	0.284421	3.45827e-08	0.267871	1.03047e-10	0.284421	3.45827e-08	
3.82	0.266418	1.0053e-10	0.282673	2.89306e-08	0.266418	1.0053e-10	0.282673	2.89306e-08	
3.84	0.264981	9.79491e-11	0.280948	2.38216e-08	0.264981	9.79491e-11	0.280948	2.38216e-08	
3.86	0.263559	9.53193e-11	0.279245	1.92155e-08	0.263559	9.53193e-11	0.279245	1.92155e-08	
3.88	0.262153	9.26549e-11	0.277565	1.50743e-08	0.262153	9.26549e-11	0.277565	1.50743e-08	
3.9	0.260762	8.99684e-11	0.275906	1.13618e-08	0.260762	8.99684e-11	0.275906	1.13618e-08	
3.92	0.259386	8.72709e-11	0.274269	8.04428e-09	0.259386	8.72709e-11	0.274269	8.04428e-09	
3.94	0.258025	8.45724e-11	0.272653	5.0896e-09	0.258025	8.45724e-11	0.272653	5.0896e-09	
3.96	0.256678	8.18817e-11	0.271057	2.46784e-09	0.256678	8.18817e-11	0.271057	2.46784e-09	
3.98	0.255345	7.92067e-11	0.269481	1.50948e-10	0.255345	7.92067e-11	0.269481	1.50948e-10	
4	0.254027	7.65542e-11	0.267925	-1.88724e-09	0.254027	7.65542e-11	0.267925	-1.88724e-09	
4.02	0.252722	7.39304e-11	0.266388	-3.6711e-09	0.252722	7.39304e-11	0.266388	-3.6711e-09	
4.04	0.25143	7.13405e-11	0.26487	-5.22331e-09	0.25143	7.13405e-11	0.26487	-5.22331e-09	
4.06	0.250152	6.8789e-11	0.26337	-6.56489e-09	0.250152	6.8789e-11	0.26337	-6.56489e-09	
4.08	0.248888	6.62801e-11	0.261888	-7.71534e-09	0.248888	6.62801e-11	0.261888	-7.71534e-09	
4.1	0.247636	6.3817e-11	0.260425	-8.69267e-09	0.247636	6.3817e-11	0.260425	-8.69267e-09	
4.12	0.246396	6.14025e-11	0.258978	-9.51353e-09	0.246396	6.14025e-11	0.258978	-9.51353e-09	
4.14	0.24517	5.90392e-11	0.257549	-1.01933e-08	0.24517	5.90392e-11	0.257549	-1.01933e-08	
4.16	0.243955	5.6729e-11	0.256137	-1.0746e-08	0.243955	5.6729e-11	0.256137	-1.0746e-08	
4.18	0.242753	5.44733e-11	0.254741	-1.11847e-08	0.242753	5.44733e-11	0.254741	-1.11847e-08	
4.2	0.241563	5.22735e-11	0.253361	-1.15212e-08	0.241563	5.22735e-11	0.253361	-1.15212e-08	
4.22	0.240385	5.01304e-11	0.251997	-1.17666e-08	0.240385	5.01304e-11	0.251997	-1.17666e-08	
4.24	0.239218	4.80448e-11	0.250649	-1.19309e-08	0.239218	4.80448e-11	0.250649	-1.19309e-08	
4.26	0.238062	4.60169e-11	0.249316	-1.2023e-08	0.238062	4.60169e-11	0.249316	-1.2023e-08	
4.28	0.236918	4.4047e-11	0.247998	-1.20515e-08	0.236918	4.4047e-11	0.247998	-1.20515e-08	
4.3	0.235785	4.2135e-11	0.246694	-1.20239e-08	0.235785	4.2135e-11	0.246694	-1.20239e-08	
4.32	0.234663	4.02806e-11	0.245406	-1.19471e-08	0.234663	4.02806e-11	0.245406	-1.19471e-08	
4.34	0.233552	3.84836e-11	0.244131	-1.18275e-08	0.233552	3.84836e-11	0.244131	-1.18275e-08	
4.36	0.232451	3.67433e-11	0.242871	-1.16706e-08	0.232451	3.67433e-11	0.242871	-1.16706e-08	
4.38	0.231361	3.50591e-11	0.241624	-1.14818e-08	0.231361	3.50591e-11	0.241624	-1.14818e-08	
4.4	0.230281	3.34305e-11	0.240391	-1.12657e-08	0.230281	3.34305e-11	0.240391	-1.12657e-08	
4.42	0.229211	3.18563e-11	0.239171	-1.10265e-08	0.229211	3.18563e-11	0.239171	-1.10265e-08	
4.44	0.228151	3.03359e-11	0.237964	-1.0768e-08	0.228151	3.03359e-11	0.237964	-1.0768e-08	
4.46	0.227102	2.88682e-11	0.23677	-1.04937e-08	0.227102	2.88682e-11	0.23677	-1.04937e-08	
4.48	0.226061	2.74521e-11	0.235588	-1.02065e-08	0.226061	2.74521e-11	0.235588	-1.02065e-08	
4.5	0.225031	2.60867e-11	0.234419	-9.90939e-09	0.225031	2.60867e-11	0.234419	-9.90939e-09	
4.52	0.22401	2.47707e-11	0.233263	-9.60467e-09	0.22401	2.47707e-11	0.233263	-9.60467e-09	
4.54	0.222998	2.35031e-11	0.232118	-9.29456e-09	0.222998	2.35031e-11	0.232118	-9.29456e-09	
4.56	0.221996	2.22826e-11	0.230985	-8.98102e-09	0.221996	2.22826e-11	0.230985	-8.98102e-09	
4.58	0.221002	2.11081e-11	0.229863	-8.66577e-09	0.221002	2.11081e-11	0.229863	-8.66577e-09	
4.6	0.220018	1.99784e-11	0.228753	-8.35033e-09	0.220018	1.99784e-11	0.228753	-8.35033e-09	
4.62	0.219042	1.88923e-11	0.227655	-8.03604e-09	0.219042	1.88923e-11	0.227655	-8.03604e-09	
4.64	0.218075	1.78485e-11	0.226567	-7.72406e-09	0.218075	1.78485e-11	0.226567	-7.72406e-09	
4.66	0.217117	1.68458e-11	0.22549	-7.41541e-09	0.217117	1.68458e-11	0.22549	-7.41541e-09	
4.68	0.216167	1.58831e-11	0.224424	-7.11098e-09	0.216167	1.58831e-11	0.224424	-7.11098e-09	
4.7	0.215226	1.49592e-11	0.223369	-6.8115e-09	0.215226	1.49592e-11	0.223369	-6.8115e-09	
4.72	0.214293	1.40728e-11	0.222324	-6.51764e-09	0.214293	1.40728e-11	0.222324	-6.51764e-09	
4.74	0.213368	1.32229e-11	0.221289	-6.22993e-09	0.213368	1.32229e-11	0.221289	-6.22993e-09	
4.76	0.212451	1.24082e-11	0.220264	-5.94881e-09	0.212451	1.24082e-11	0.220264	-5.94881e-09	
4.78	0.211542	1.16276e-11	0.21925	-5.67467e-09	0.211542	1.16276e-11	0.21925	-5.67467e-09	
4.8	0.21064	1.088e-11	0.218245	-5.40779e-09	0.21064	1.088e-11	0.218245	-5.40779e-09	
4.82	0.209747	1.01643e-11	0.217249	-5.14841e-09	0.209747	1.01643e-11	0.217249	-5.14841e-09	
4.84	0.208861	9.47945e-12	0.216263	-4.8967e-09	0.208861	9.47945e-12	0.216263	-4.8967e-09	
4.86	0.207983	8.82435e-12	0.215287	-4.65278e-09	0.207983	8.82435e-12	0.215287	-4.65278e-09	
4.88	0.207112	8.19801e-12	0.214319	-4.41672e-09	0.207112	8.19801e-12	0.214319	-4.41672e-09	
4.9	0.206248	7.59934e-12	0.213361	-4.18856e-09	0.206248	7.59934e-12	0.213361	-4.18856e-09	
4.92	0.205392	7.02745e-12	0.212412	-3.9683e-09	0.205392	7.02745e-12	0.212412	-3.9683e-09	
4.94	0.204543	6.48137e-12	0.211471	-3.75589e-09	0.204543	6.48137e-12	0.211471	-3.75589e-09	
4.96	0.203701	5.96013e-12	0.210539	-3.55129e-09	0.203701	5.96013e-12	0.210539	-3.55129e-09	
4.98	0.202866	5.46283e-12	0.209616	-3.3544e-09	0.202866	5.46283e-12	0.209616	-3.3544e-09	
5	0.202038	4.98861e-12	0.208701	-3.16511e-09	0.202038	4.98861e-12	0.208701	-3.16511e-09	
5.02	0.201216	4.53655e-12	0.207794	-2.98332e-09	0.201216	4.53655e-12	0.207794	-2.98332e-09	
5.04	0.200401	4.1059e-12	0.206896	-2.80887e-09	0.200401	4.1059e-12	0.206896	-2.80887e-09	
5.06	0.199593	3.69582e-12	0.206005	-2.64161e-09	0.199593	3.69582e-12	0.206005	-2.64161e-09	
5.08	0.198792	3.30545e-12	0.205123	-2.48139e-09	0.198792	3.30545e-12	0.205123	-2.48139e-09	
5.1	0.197997	2.9341e-12	0.204249	-2.32803e-09	0.197997	2.9341e-12	0.204249	-2.32803e-09	
5.12	0.197208	2.58105e-12	0.203382	-2.18135e-09	0.197208	2.58105e-12	0.203382	-2.18135e-09	
5.14	0.196426	2.24552e-12	0.202523	-2.04118e-09	0.196426	2.24552e-12	0.202523	-2.04118e-09	
5.16	0.19565	1.9269e-12	0.201671	-1.90732e-09	0.19565	1.9269e-12	0.201671	-1.90732e-09	
5.18	0.19488	1.6244e-12	0.200827	-1.77959e-09	0.19488	1.6244e-12	0.200827	-1.77959e-09	
5.2	0.194116	1.33749e-12	0.19999	-1.65779e-09	0.194116	1.33749e-12	0.19999	-1.65779e-09	
5.22	0.193358	1.06546e-12	0.19916	-1.54174e-09	0.193358	1.06546e-12	0.19916	-1.54174e-09	
5.24	0.192607	8.07756e-13	0.198338	-1.43124e-09	0.192607	8.07756e-13	0.198338	-1.43124e-09	
5.26	0.191861	5.63771e-13	0.197522	-1.3261e-09	0.191861	5.63771e-13	0.197522	-1.3261e-09	
5.28	0.191121	3.32944e-13	0.196714	-1.22613e-09	0.191121	3.32944e-13	0.196714	-1.22613e-09	
5.3	0.190386	1.14735e-13	0.195912	-1.13114e-09	0.190386	1.14735e-13	0.195912	-1.13114e-09	
5.32	0.189657	-9.13669e-14	0.195118	-1.04095e-09	0.189657	-9.13669e-14	0.195118	-1.04095e-09	
5.34	0.188934	-2.85922e-13	0.194329	-9.55386e-10	0.188934	-2.85922e-13	0.194329	-9.55386e-10	
5.36	0.188217	-4.69371e-13	0.193548	-8.74258e-10	0.188217	-4.69371e-13	0.193548	-8.74258e-10	
5.38	0.187505	-6.42203e-13	0.192773	-7.97394e-10	0.187505	-6.42203e-13	0.192773	-7.97394e-10	
5.4	0.186798	-8.04888e-13	0.192004	-7.24623e-10	0.186798	-8.04888e-13	0.192004	-7.24623e-10	
5.42	0.186097	-9.57827e-13	0.191242	-6.5578e-10	0.186097	-9.57827e-13	0.191242	-6.5578e-10	
5.44	0.1854	-1.10146e-12	0.190485	-5.90701e-10	0.1854	-1.10146e-12	0.190485	-5.90701e-10	
5.46	0.18471	-1.23619e-12	0.189736	-5.29228e-10	0.18471	-1.23619e-12	0.189736	-5.29228e-10	
5.48	0.184024	-1.36242e-12	0.188992	-4.71207e-10	0.184024	-1.36242e-12	0.188992	-4.71207e-10	
5.5	0.183344	-1.48053e-12	0.188254	-4.16489e-10	0.183344	-1.48053e-12	0.188254	-4.16489e-10	
5.52	0.182668	-1.59085e-12	0.187522	-3.64929e-10	0.182668	-1.59085e-12	0.187522	-3.64929e-10	
5.54	0.181998	-1.69375e-12	0.186796	-3.16386e-10	0.181998	-1.69375e-12	0.186796	-3.16386e-10	
5.56	0.181332	-1.78957e-12	0.186076	-2.70727e-10	0.181332	-1.78957e-12	0.186076	-2.70727e-10	
5.58	0.180671	-1.8786e-12	0.185362	-2.27818e-10	0.180671	-1.8786e-12	0.185362	-2.27818e-10	
5.6	0.180016	-1.9612e-12	0.184653	-1.87534e-10	0.180016	-1.9612e-12	0.184653	-1.87534e-10	
5.62	0.179365	-2.03763e-12	0.18395	-1.49752e-10	0.179365	-2.03763e-12	0.18395	-1.49752e-10	
5.64	0.178718	-2.10822e-12	0.183252	-1.14355e-10	0.178718	-2.10822e-12	0.183252	-1.14355e-10	
5.66	0.178077	-2.17316e-12	0.18256	-8.12283e-11	0.178077	-2.17316e-12	0.18256	-8.12283e-11	
5.68	0.17744	-2.23279e-12	0.181873	-5.02641e-11	0.17744	-2.23279e-12	0.181873	-5.02641e-11	
5.7	0.176807	-2.28732e-12	0.181191	-2.13567e-11	0.176807	-2.28732e-12	0.181191	-2.13567e-11	
5.72	0.176179	-2.33702e-12	0.180515	5.59473e-12	0.176179	-2.33702e-12	0.180515	5.59473e-12	
5.74	0.175556	-2.3821e-12	0.179844	3.06873e-11	0.175556	-2.3821e-12	0.179844	3.06873e-11	
5.76	0.174937	-2.42281e-12	0.179178	5.40139e-11	0.174937	-2.42281e-12	0.179178	5.40139e-11	
5.78	0.174322	-2.45934e-12	0.178517	7.56642e-11	0.174322	-2.45934e-12	0.178517	7.56642e-11	
5.8	0.173712	-2.49191e-12	0.177861	9.57237e-11	0.173712	-2.49191e-12	0.177861	9.57237e-11	
5.82	0.173106	-2.52073e-12	0.177211	1.14274e-10	0.173106	-2.52073e-12	0.177211	1.14274e-10	
5.84	0.172505	-2.54595e-12	0.176565	1.31395e-10	0.172505	-2.54595e-12	0.176565	1.31395e-10	
5.86	0.171907	-2.56779e-12	0.175923	1.47161e-10	0.171907	-2.56779e-12	0.175923	1.47161e-10	
5.88	0.171314	-2.58638e-12	0.175287	1.61645e-10	0.171314	-2.58638e-12	0.175287	1.61645e-10	
5.9	0.170724	-2.60194e-12	0.174656	1.74914e-10	0.170724	-2.60194e-12	0.174656	1.74914e-10	
5.92	0.170139	-2.61458e-12	0.174029	1.87036e-10	0.170139	-2.61458e-12	0.174029	1.87036e-10	
5.94	0.169558	-2.62449e-12	0.173406	1.98073e-10	0.169558	-2.62449e-12	0.173406	1.98073e-10	
5.96	0.168981	-2.63181e-12	0.172789	2.08085e-10	0.168981	-2.63181e-12	0.172789	2.08085e-10	
5.98	0.168408	-2.63665e-12	0.172175	2.17129e-10	0.168408	-2.63665e-12	0.172175	2.17129e-10	
6	0.167838	-2.63918e-12	0.171567	2.25261e-10	0.167838	-2.63918e-12	0.171567	2.25261e-10	
6.02	0.167273	-2.63953e-12	0.170962	2.32533e-10	0.167273	-2.63953e-12	0.170962	2.32533e-10	
6.04	0.166711	-2.63778e-12	0.170362	2.38994e-10	0.166711	-2.63778e-12	0.170362	2.38994e-10	
6.06	0.166153	-2.63409e-12	0.169767	2.44692e-10	0.166153	-2.63409e-12	0.169767	2.44692e-10	
6.08	0.165599	-2.62855e-12	0.169175	2.49672e-10	0.165599	-2.62855e-12	0.169175	2.49672e-10	
6.1	0.165049	-2.62126e-12	0.168588	2.53978e-10	0.165049	-2.62126e-12	0.168588	2.53978e-10	
6.12	0.164502	-2.61238e-12	0.168005	2.57649e-10	0.164502	-2.61238e-12	0.168005	2.57649e-10	
6.14	0.163959	-2.60194e-12	0.167426	2.60727e-10	0.163959	-2.60194e-12	0.167426	2.60727e-10	
6.16	0.16342	-2.59005e-12	0.166852	2.63246e-10	0.16342	-2.59005e-12	0.166852	2.63246e-10	
6.18	0.162884	-2.57682e-12	0.166281	2.65243e-10	0.162884	-2.57682e-12	0.166281	2.65243e-10	
6.2	0.162351	-2.56233e-12	0.165714	2.66752e-10	0.162351	-2.56233e-12	0.165714	2.66752e-10	
6.22	0.161822	-2.54664e-12	0.165151	2.67803e-10	0.161822	-2.54664e-12	0.165151	2.67803e-10	
6.24	0.161297	-2.52985e-12	0.164593	2.68428e-10	0.161297	-2.52985e-12	0.164593	2.68428e-10	
6.26	0.160775	-2.51203e-12	0.164038	2.68655e-10	0.160775	-2.51203e-12	0.164038	2.68655e-10	
6.28	0.160256	-2.49325e-12	0.163487	2.68511e-10	0.160256	-2.49325e-12	0.163487	2.68511e-10	
6.3	0.159741	-2.47356e-12	0.162939	2.68022e-10	0.159741	-2.47356e-12	0.162939	2.68022e-10	
6.32	0.159229	-2.45308e-12	0.162396	2.67213e-10	0.159229	-2.45308e-12	0.162396	2.67213e-10	
6.34	0.15872	-2.43181e-12	0.161856	2.66107e-10	0.15872	-2.43181e-12	0.161856	2.66107e-10	
6.36	0.158215	-2.40983e-12	0.16132	2.64725e-10	0.158215	-2.40983e-12	0.16132	2.64725e-10	
6.38	0.157713	-2.38721e-12	0.160787	2.6309e-10	0.157713	-2.38721e-12	0.160787	2.6309e-10	
6.4	0.157214	-2.36398e-12	0.160258	2.61219e-10	0.157214	-2.36398e-12	0.160258	2.61219e-10	
6.42	0.156718	-2.34021e-12	0.159733	2.59133e-10	0.156718	-2.34021e-12	0.159733	2.59133e-10	
6.44	0.156225	-2.31593e-12	0.159211	2.56848e-10	0.156225	-2.31593e-12	0.159211	2.56848e-10	
6.46	0.155736	-2.2912e-12	0.158692	2.54382e-10	0.155736	-2.2912e-12	0.158692	2.54382e-10	
6.48	0.155249	-2.26606e-12	0.158177	2.51749e-10	0.155249	-2.26606e-12	0.158177	2.51749e-10	
6.5	0.154766	-2.24057e-12	0.157666	2.48965e-10	0.154766	-2.24057e-12	0.157666	2.48965e-10	
6.52	0.154285	-2.21473e-12	0.157158	2.46045e-10	0.154285	-2.21473e-12	0.157158	2.46045e-10	
6.54	0.153808	-2.1886e-12	0.156653	2.43e-10	0.153808	-2.1886e-12	0.156653	2.43e-10	
6.56	0.153333	-2.16222e-12	0.156151	2.39843e-10	0.153333	-2.16222e-12	0.156151	2.39843e-10	
6.58	0.152862	-2.13561e-12	0.155653	2.36587e-10	0.152862	-2.13561e-12	0.155653	2.36587e-10	
6.6	0.152393	-2.10881e-12	0.155158	2.33242e-10	0.152393	-2.10881e-12	0.155158	2.33242e-10	
6.62	0.151928	-2.08186e-12	0.154667	2.29819e-10	0.151928	-2.08186e-12	0.154667	2.29819e-10	
6.64	0.151465	-2.05477e-12	0.154178	2.26327e-10	0.151465	-2.05477e-12	0.154178	2.26327e-10	
6.66	0.151005	-2.02758e-12	0.153693	2.22776e-10	0.151005	-2.02758e-12	0.153693	2.22776e-10	
6.68	0.150547	-2.00031e-12	0.15321	2.19173e-10	0.150547	-2.00031e-12	0.15321	2.19173e-10	
6.7	0.150093	-1.97298e-12	0.152731	2.15528e-10	0.150093	-1.97298e-12	0.152731	2.15528e-10	
6.72	0.149641	-1.94563e-12	0.152255	2.11848e-10	0.149641	-1.94563e-12	0.152255	2.11848e-10	
6.74	0.149192	-1.91828e-12	0.151782	2.0814e-10	0.149192	-1.91828e-12	0.151782	2.0814e-10	
6.76	0.148746	-1.89093e-12	0.151312	2.0441e-10	0.148746	-1.89093e-12	0.151312	2.0441e-10	
6.78	0.148302	-1.86361e-12	0.150845	2.00664e-10	0.148302	-1.86361e-12	0.150845	2.00664e-10	
6.8	0.147861	-1.83633e-12	0.15038	1.96909e-10	0.147861	-1.83633e-12	0.15038	1.96909e-10	
6.82	0.147423	-1.80913e-12	0.149919	1.9315e-10	0.147423	-1.80913e-12	0.149919	1.9315e-10	
6.84	0.146987	-1.78202e-12	0.149461	1.89392e-10	0.146987	-1.78202e-12	0.149461	1.89392e-10	
6.86	0.146554	-1.755e-12	0.149005	1.8564e-10	0.146554	-1.755e-12	0.149005	1.8564e-10	
6.88	0.146123	-1.7281e-12	0.148552	1.81897e-10	0.146123	-1.7281e-12	0.148552	1.81897e-10	
6.9	0.145695	-1.70131e-12	0.148103	1.78168e-10	0.145695	-1.70131e-12	0.148103	1.78168e-10	
6.92	0.14527	-1.67468e-12	0.147655	1.74456e-10	0.14527	-1.67468e-12	0.147655	1.74456e-10	
6.94	0.144847	-1.64819e-12	0.147211	1.70766e-10	0.144847	-1.64819e-12	0.147211	1.70766e-10	
6.96	0.144426	-1.62186e-12	0.146769	1.671e-10	0.144426	-1.62186e-12	0.146769	1.671e-10	
6.98	0.144008	-1.59571e-12	0.14633	1.63461e-10	0.144008	-1.59571e-12	0.14633	1.63461e-10	
7	0.143592	-1.56973e-12	0.145894	1.59852e-10	0.143592	-1.56973e-12	0.145894	1.59852e-10	
7.02	0.143179	-1.54395e-12	0.14546	1.56275e-10	0.143179	-1.54395e-12	0.14546	1.56275e-10	
7.04	0.142768	-1.51836e-12	0.145029	1.52733e-10	0.142768	-1.51836e-12	0.145029	1.52733e-10	
7.06	0.142359	-1.49298e-12	0.144601	1.49227e-10	0.142359	-1.49298e-12	0.144601	1.49227e-10	
7.08	0.141953	-1.46782e-12	0.144175	1.4576e-10	0.141953	-1.46782e-12	0.144175	1.4576e-10	
7.1	0.141549	-1.44286e-12	0.143752	1.42333e-10	0.141549	-1.44286e-12	0.143752	1.42333e-10	
7.12	0.141148	-1.41816e-12	0.143331	1.38948e-10	0.141148	-1.41816e-12	0.143331	1.38948e-10	
7.14	0.140748	-1.39367e-12	0.142913	1.35606e-10	0.140748	-1.39367e-12	0.142913	1.35606e-10	
7.16	0.140351	-1.3694e-12	0.142497	1.32308e-10	0.140351	-1.3694e-12	0.142497	1.32308e-10	
7.18	0.139957	-1.3454e-12	0.142084	1.29055e-10	0.139957	-1.3454e-12	0.142084	1.29055e-10	
7.2	0.139564	-1.32163e-12	0.141673	1.25849e-10	0.139564	-1.32163e-12	0.141673	1.25849e-10	
7.22	0.139174	-1.29814e-12	0.141265	1.2269e-10	0.139174	-1.29814e-12	0.141265	1.2269e-10	
7.24	0.138785	-1.27487e-12	0.140859	1.19579e-10	0.138785	-1.27487e-12	0.140859	1.19579e-10	
7.26	0.138399	-1.25187e-12	0.140455	1.16517e-10	0.138399	-1.25187e-12	0.140455	1.16517e-10	
7.28	0.138016	-1.22913e-12	0.140054	1.13503e-10	0.138016	-1.22913e-12	0.140054	1.13503e-10	
7.3	0.137634	-1.20664e-12	0.139655	1.10539e-10	0.137634	-1.20664e-12	0.139655	1.10539e-10	
7.32	0.137254	-1.18441e-12	0.139258	1.07624e-10	0.137254	-1.18441e-12	0.139258	1.07624e-10	
7.34	0.136877	-1.16245e-12	0.138864	1.0476e-10	0.136877	-1.16245e-12	0.138864	1.0476e-10	
7.36	0.136501	-1.14076e-12	0.138472	1.01945e-10	0.136501	-1.14076e-12	0.138472	1.01945e-10	
7.38	0.136128	-1.11933e-12	0.138082	9.91808e-11	0.136128	-1.11933e-12	0.138082	9.91808e-11	
7.4	0.135757	-1.09818e-12	0.137694	9.64668e-11	0.135757	-1.09818e-12	0.137694	9.64668e-11	
7.42	0.135387	-1.0773e-12	0.137309	9.38028e-11	0.135387	-1.0773e-12	0.137309	9.38028e-11	
7.44	0.13502	-1.05668e-12	0.136925	9.1189e-11	0.13502	-1.05668e-12	0.136925	9.1189e-11	
7.46	0.134655	-1.03632e-12	0.136544	8.8625e-11	0.134655	-1.03632e-12	0.136544	8.8625e-11	
7.48	0.134291	-1.01625e-12	0.136166	8.61108e-11	0.134291	-1.01625e-12	0.136166	8.61108e-11	
7.5	0.13393	-9.96429e-13	0.135789	8.3646e-11	0.13393	-9.96429e-13	0.135789	8.3646e-11	
7.52	0.133571	-9.76889e-13	0.135414	8.12304e-11	0.133571	-9.76889e-13	0.135414	8.12304e-11	
7.54	0.133213	-9.5761e-13	0.135042	7.88637e-11	0.133213	-9.5761e-13	0.135042	7.88637e-11	
7.56	0.132858	-9.386e-13	0.134671	7.65454e-11	0.132858	-9.386e-13	0.134671	7.65454e-11	
7.58	0.132504	-9.19856e-13	0.134303	7.42751e-11	0.132504	-9.19856e-13	0.134303	7.42751e-11	
7.6	0.132152	-9.01391e-13	0.133936	7.20524e-11	0.132152	-9.01391e-13	0.133936	7.20524e-11	
7.62	0.131802	-8.83182e-13	0.133572	6.98769e-11	0.131802	-8.83182e-13	0.133572	6.98769e-11	
7.64	0.131454	-8.65216e-13	0.13321	6.77482e-11	0.131454	-8.65216e-13	0.13321	6.77482e-11	
7.66	0.131108	-8.47541e-13	0.132849	6.56655e-11	0.131108	-8.47541e-13	0.132849	6.56655e-11	
7.68	0.130764	-8.30119e-13	0.132491	6.36285e-11	0.130764	-8.30119e-13	0.132491	6.36285e-11	
7.7	0.130421	-8.12946e-13	0.132135	6.16366e-11	0.130421	-8.12946e-13	0.132135	6.16366e-11	
7.72	0.130081	-7.96034e-13	0.13178	5.96892e-11	0.130081	-7.96034e-13	0.13178	5.96892e-11	
7.74	0.129742	-7.79389e-13	0.131428	5.77857e-11	0.129742	-7.79389e-13	0.131428	5.77857e-11	
7.76	0.129404	-7.62982e-13	0.131077	5.59256e-11	0.129404	-7.62982e-13	0.131077	5.59256e-11	
7.78	0.129069	-7.46828e-13	0.130729	5.41082e-11	0.129069	-7.46828e-13	0.130729	5.41082e-11	
7.8	0.128735	-7.30931e-13	0.130382	5.2333e-11	0.128735	-7.30931e-13	0.130382	5.2333e-11	
7.82	0.128403	-7.15274e-13	0.130037	5.05992e-11	0.128403	-7.15274e-13	0.130037	5.05992e-11	
7.84	0.128073	-6.99864e-13	0.129694	4.89063e-11	0.128073	-6.99864e-13	0.129694	4.89063e-11	
7.86	0.127745	-6.84704e-13	0.129353	4.72537e-11	0.127745	-6.84704e-13	0.129353	4.72537e-11	
7.88	0.127418	-6.6978e-13	0.129013	4.56406e-11	0.127418	-6.6978e-13	0.129013	4.56406e-11	
7.9	0.127092	-6.55086e-13	0.128676	4.40664e-11	0.127092	-6.55086e-13	0.128676	4.40664e-11	
7.92	0.126769	-6.40638e-13	0.12834	4.25306e-11	0.126769	-6.40638e-13	0.12834	4.25306e-11	
7.94	0.126447	-6.26426e-13	0.128006	4.10324e-11	0.126447	-6.26426e-13	0.128006	4.10324e-11	
7.96	0.126127	-6.12447e-13	0.127673	3.95712e-11	0.126127	-6.12447e-13	0.127673	3.95712e-11	
7.98	0.125808	-5.98674e-13	0.127343	3.81463e-11	0.125808	-5.98674e-13	0.127343	3.81463e-11	
8	0.125491	-5.8516e-13	0.127014	3.67572e-11	0.125491	-5.8516e-13	0.127014	3.67572e-11	
8.02	0.125176	-5.71847e-13	0.126687	3.5403e-11	0.125176	-5.71847e-13	0.126687	3.5403e-11	
8.04	0.124862	-5.58771e-13	0.126362	3.40833e-11	0.124862	-5.58771e-13	0.126362	3.40833e-11	
8.06	0.12455	-5.45904e-13	0.126038	3.27973e-11	0.12455	-5.45904e-13	0.126038	3.27973e-11	
8.08	0.124239	-5.33258e-13	0.125716	3.15444e-11	0.124239	-5.33258e-13	0.125716	3.15444e-11	
8.1	0.12393	-5.20823e-13	0.125396	3.0324e-11	0.12393	-5.20823e-13	0.125396	3.0324e-11	
8.12	0.123622	-5.08602e-13	0.125077	2.91354e-11	0.123622	-5.08602e-13	0.125077	2.91354e-11	
8.14	0.123316	-4.96584e-13	0.12476	2.7978e-11	0.123316	-4.96584e-13	0.12476	2.7978e-11	
8.16	0.123012	-4.84781e-13	0.124444	2.68513e-11	0.123012	-4.84781e-13	0.124444	2.68513e-11	
8.18	0.122709	-4.73172e-13	0.124131	2.57545e-11	0.122709	-4.73172e-13	0.124131	2.57545e-11	
8.2	0.122407	-4.61769e-13	0.123819	2.4687e-11	0.122407	-4.61769e-13	0.123819	2.4687e-11	
8.22	0.122107	-4.50565e-13	0.123508	2.36484e-11	0.122107	-4.50565e-13	0.123508	2.36484e-11	
8.24	0.121809	-4.3957e-13	0.123199	2.26379e-11	0.121809	-4.3957e-13	0.123199	2.26379e-11	
8.26	0.121511	-4.28751e-13	0.122891	2.16549e-11	0.121511	-4.28751e-13	0.122891	2.16549e-11	
8.28	0.121216	-4.18119e-13	0.122586	2.0699e-11	0.121216	-4.18119e-13	0.122586	2.0699e-11	
8.3	0.120922	-4.07688e-13	0.122281	1.97695e-11	0.120922	-4.07688e-13	0.122281	1.97695e-11	
8.32	0.120629	-3.97439e-13	0.121978	1.88658e-11	0.120629	-3.97439e-13	0.121978	1.88658e-11	
8.34	0.120337	-3.87374e-13	0.121677	1.79874e-11	0.120337	-3.87374e-13	0.121677	1.79874e-11	
8.36	0.120047	-3.77486e-13	0.121377	1.71337e-11	0.120047	-3.77486e-13	0.121377	1.71337e-11	
8.38	0.119759	-3.67777e-13	0.121079	1.63042e-11	0.119759	-3.67777e-13	0.121079	1.63042e-11	
8.4	0.119472	-3.58248e-13	0.120782	1.54984e-11	0.119472	-3.58248e-13	0.120782	1.54984e-11	
8.42	0.119186	-3.48884e-13	0.120487	1.47156e-11	0.119186	-3.48884e-13	0.120487	1.47156e-11	
8.44	0.118901	-3.39692e-13	0.120193	1.39555e-11	0.118901	-3.39692e-13	0.120193	1.39555e-11	
8.46	0.118618	-3.30673e-13	0.1199	1.32174e-11	0.118618	-3.30673e-13	0.1199	1.32174e-11	
8.48	0.118337	-3.21822e-13	0.119609	1.25009e-11	0.118337	-3.21822e-13	0.119609	1.25009e-11	
8.5	0.118056	-3.13129e-13	0.11932	1.18055e-11	0.118056	-3.13129e-13	0.11932	1.18055e-11	
8.52	0.117777	-3.04597e-13	0.119032	1.11307e-11	0.117777	-3.04597e-13	0.119032	1.11307e-11	
8.54	0.117499	-2.9623e-13	0.118745	1.0476e-11	0.117499	-2.9623e-13	0.118745	1.0476e-11	
8.56	0.117223	-2.88008e-13	0.11846	9.84095e-12	0.117223	-2.88008e-13	0.11846	9.84095e-12	
8.58	0.116948	-2.79952e-13	0.118176	9.22503e-12	0.116948	-2.79952e-13	0.118176	9.22503e-12	
8.6	0.116674	-2.72039e-13	0.117893	8.62784e-12	0.116674	-2.72039e-13	0.117893	8.62784e-12	
8.62	0.116401	-2.64286e-13	0.117612	8.04893e-12	0.116401	-2.64286e-13	0.117612	8.04893e-12	
8.64	0.11613	-2.56665e-13	0.117332	7.48789e-12	0.11613	-2.56665e-13	0.117332	7.48789e-12	
8.66	0.11586	-2.49186e-13	0.117054	6.9442e-12	0.11586	-2.49186e-13	0.117054	6.9442e-12	
8.68	0.115591	-2.41863e-13	0.116776	6.41749e-12	0.115591	-2.41863e-13	0.116776	6.41749e-12	
8.7	0.115324	-2.34671e-13	0.116501	5.90737e-12	0.115324	-2.34671e-13	0.116501	5.90737e-12	
8.72	0.115058	-2.27621e-13	0.116226	5.41339e-12	0.115058	-2.27621e-13	0.116226	5.41339e-12	
8.74	0.114793	-2.20702e-13	0.115953	4.93516e-12	0.114793	-2.20702e-13	0.115953	4.93516e-12	
8.76	0.114529	-2.13929e-13	0.115681	4.47233e-12	0.114529	-2.13929e-13	0.115681	4.47233e-12	
8.78	0.114266	-2.07285e-13	0.11541	4.02449e-12	0.114266	-2.07285e-13	0.11541	4.02449e-12	
8.8	0.114005	-2.00758e-13	0.115141	3.59121e-12	0.114005	-2.00758e-13	0.115141	3.59121e-12	
8.82	0.113745	-1.94368e-13	0.114873	3.1722e-12	0.113745	-1.94368e-13	0.114873	3.1722e-12	
8.84	0.113486	-1.88106e-13	0.114606	2.76704e-12	0.113486	-1.88106e-13	0.114606	2.76704e-12	
8.86	0.113228	-1.81954e-13	0.114341	2.37545e-12	0.113228	-1.81954e-13	0.114341	2.37545e-12	
8.88	0.112971	-1.75938e-13	0.114076	1.99696e-12	0.112971	-1.75938e-13	0.114076	1.99696e-12	
8.9	0.112716	-1.70025e-13	0.113813	1.63138e-12	0.112716	-1.70025e-13	0.113813	1.63138e-12	
8.92	0.112461	-1.64241e-13	0.113551	1.27832e-12	0.112461	-1.64241e-13	0.113551	1.27832e-12	
8.94	0.112208	-1.58571e-13	0.113291	9.37403e-13	0.112208	-1.58571e-13	0.113291	9.37403e-13	
8.96	0.111956	-1.53009e-13	0.113031	6.08384e-13	0.111956	-1.53009e-13	0.113031	6.08384e-13	
8.98	0.111705	-1.47569e-13	0.112773	2.90903e-13	0.111705	-1.47569e-13	0.112773	2.90903e-13	
9	0.111455	-1.42231e-13	0.112516	-1.52929e-14	0.111455	-1.42231e-13	0.112516	-1.52929e-14	
9.02	0.111207	-1.36995e-13	0.11226	-3.10577e-13	0.111207	-1.36995e-13	0.11226	-3.10577e-13	
9.04	0.110959	-1.31877e-13	0.112005	-5.95159e-13	0.110959	-1.31877e-13	0.112005	-5.95159e-13	
9.06	0.110713	-1.26856e-13	0.111752	-8.69405e-13	0.110713	-1.26856e-13	0.111752	-8.69405e-13	
9.08	0.110467	-1.21948e-13	0.1115	-1.1335e-12	0.110467	-1.21948e-13	0.1115	-1.1335e-12	
9.1	0.110223	-1.17135e-13	0.111248	-1.38779e-12	0.110223	-1.17135e-13	0.111248	-1.38779e-12	
9.12	0.10998	-1.1241e-13	0.110998	-1.63247e-12	0.10998	-1.1241e-13	0.110998	-1.63247e-12	
9.14	0.109738	-1.07799e-13	0.110749	-1.86789e-12	0.109738	-1.07799e-13	0.110749	-1.86789e-12	
9.16	0.109497	-1.03273e-13	0.110502	-2.09424e-12	0.109497	-1.03273e-13	0.110502	-2.09424e-12	
9.18	0.109257	-9.88394e-14	0.110255	-2.31178e-12	0.109257	-9.88394e-14	0.110255	-2.31178e-12	
9.2	0.109018	-9.45068e-14	0.110009	-2.52078e-12	0.109018	-9.45068e-14	0.110009	-2.52078e-12	
9.22	0.10878	-9.02577e-14	0.109765	-2.72143e-12	0.10878	-9.02577e-14	0.109765	-2.72143e-12	
9.24	0.108543	-8.61021e-14	0.109522	-2.91399e-12	0.108543	-8.61021e-14	0.109522	-2.91399e-12	
9.26	0.108307	-8.20313e-14	0.109279	-3.09867e-12	0.108307	-8.20313e-14	0.109279	-3.09867e-12	
9.28	0.108073	-7.80514e-14	0.109038	-3.2757e-12	0.108073	-7.80514e-14	0.109038	-3.2757e-12	
9.3	0.107839	-7.41555e-14	0.108798	-3.44532e-12	0.107839	-7.41555e-14	0.108798	-3.44532e-12	
9.32	0.107606	-7.03381e-14	0.108559	-3.60771e-12	0.107606	-7.03381e-14	0.108559	-3.60771e-12	
9.34	0.107374	-6.66065e-14	0.108321	-3.76309e-12	0.107374	-6.66065e-14	0.108321	-3.76309e-12	
9.36	0.107144	-6.29514e-14	0.108084	-3.91162e-12	0.107144	-6.29514e-14	0.108084	-3.91162e-12	
9.38	0.106914	-5.93786e-14	0.107848	-4.05353e-12	0.106914	-5.93786e-14	0.107848	-4.05353e-12	
9.4	0.106685	-5.58851e-14	0.107613	-4.18902e-12	0.106685	-5.58851e-14	0.107613	-4.18902e-12	
9.42	0.106457	-5.24595e-14	0.10738	-4.31827e-12	0.106457	-5.24595e-14	0.10738	-4.31827e-12	
9.44	0.10623	-4.91137e-14	0.107147	-4.44144e-12	0.10623	-4.91137e-14	0.107147	-4.44144e-12	
9.46	0.106005	-4.58499e-14	0.106915	-4.55874e-12	0.106005	-4.58499e-14	0.106915	-4.55874e-12	
9.48	0.10578	-4.26423e-14	0.106684	-4.67032e-12	0.10578	-4.26423e-14	0.106684	-4.67032e-12	
9.5	0.105556	-3.95178e-14	0.106455	-4.77634e-12	0.105556	-3.95178e-14	0.106455	-4.77634e-12	
9.52	0.105333	-3.64505e-14	0.106226	-4.87698e-12	0.105333	-3.64505e-14	0.106226	-4.87698e-12	
9.54	0.105111	-3.3462e-14	0.105998	-4.9724e-12	0.105111	-3.3462e-14	0.105998	-4.9724e-12	
9.56	0.10489	-3.05366e-14	0.105771	-5.06277e-12	0.10489	-3.05366e-14	0.105771	-5.06277e-12	
9.58	0.104669	-2.76715e-14	0.105545	-5.14818e-12	0.104669	-2.76715e-14	0.105545	-5.14818e-12	
9.6	0.10445	-2.48867e-14	0.105321	-5.22887e-12	0.10445	-2.48867e-14	0.105321	-5.22887e-12	
9.62	0.104232	-2.21506e-14	0.105097	-5.30492e-12	0.104232	-2.21506e-14	0.105097	-5.30492e-12	
9.64	0.104014	-1.94824e-14	0.104874	-5.37649e-12	0.104014	-1.94824e-14	0.104874	-5.37649e-12	
9.66	0.103798	-1.68767e-14	0.104652	-5.44372e-12	0.103798	-1.68767e-14	0.104652	-5.44372e-12	
9.68	0.103582	-1.43264e-14	0.104431	-5.50676e-12	0.103582	-1.43264e-14	0.104431	-5.50676e-12	
9.7	0.103368	-1.18394e-14	0.104211	-5.5657e-12	0.103368	-1.18394e-14	0.104211	-5.5657e-12	
9.72	0.103154	-9.40866e-15	0.103992	-5.62073e-12	0.103154	-9.40866e-15	0.103992	-5.62073e-12	
9.74	0.102941	-7.03519e-15	0.103774	-5.6719e-12	0.102941	-7.03519e-15	0.103774	-5.6719e-12	
9.76	0.102729	-4.71544e-15	0.103556	-5.71938e-12	0.102729	-4.71544e-15	0.103556	-5.71938e-12	
9.78	0.102518	-2.4482e-15	0.10334	-5.76325e-12	0.102518	-2.4482e-15	0.10334	-5.76325e-12	
9.8	0.102307	-2.38937e-16	0.103125	-5.80366e-12	0.102307	-2.38937e-16	0.103125	-5.80366e-12	
9.82	0.102098	1.91473e-15	0.10291	-5.84071e-12	0.102098	1.91473e-15	0.10291	-5.84071e-12	
9.84	0.101889	4.0198e-15	0.102696	-5.87453e-12	0.101889	4.0198e-15	0.102696	-5.87453e-12	
9.86	0.101681	6.0692e-15	0.102484	-5.9052e-12	0.101681	6.0692e-15	0.102484	-5.9052e-12	
9.88	0.101475	8.07609e-15	0.102272	-5.93283e-12	0.101475	8.07609e-15	0.102272	-5.93283e-12	
9.9	0.101269	1.00359e-14	0.102061	-5.9575e-12	0.101269	1.00359e-14	0.102061	-5.9575e-12	
9.92	0.101063	1.1942e-14	0.101851	-5.97933e-12	0.101063	1.1942e-14	0.101851	-5.97933e-12	
9.94	0.100859	1.38074e-14	0.101642	-5.99843e-12	0.100859	1.38074e-14	0.101642	-5.99843e-12	
9.96	0.100655	1.56243e-14	0.101433	-6.01486e-12	0.100655	1.56243e-14	0.101433	-6.01486e-12	
9.98	0.100453	1.73876e-14	0.101226	-6.02873e-12	0.100453	1.73876e-14	0.101226	-6.02873e-12	
