-10	-0.0260532	-0.000162973	-0.104131	0.000729864	-0.0260532	-0.000162973	-0.104131	0.000729864	
-9.98	-0.026112	-0.00016516	-0.104358	0.00074119	-0.026112	-0.00016516	-0.104358	0.00074119	
-9.96	-0.0261712	-0.000167378	-0.104585	0.000752656	-0.0261712	-0.000167378	-0.104585	0.000752656	
-9.94	-0.0262307	-0.000169628	-0.104813	0.000764262	-0.0262307	-0.000169628	-0.104813	0.000764262	
-9.92	-0.0262904	-0.000171911	-0.105043	0.000776012	-0.0262904	-0.000171911	-0.105043	0.000776012	
-9.9	-0.0263505	-0.000174227	-0.105273	0.000787905	-0.0263505	-0.000174227	-0.105273	0.000787905	
-9.88	-0.0264108	-0.000176576	-0.105504	0.000799945	-0.0264108	-0.000176576	-0.105504	0.000799945	
-9.86	-0.0264715	-0.000178959	-0.105737	0.000812133	-0.0264715	-0.000178959	-0.105737	0.000812133	
-9.84	-0.0265324	-0.000181377	-0.105971	0.000824471	-0.0265324	-0.000181377	-0.105971	0.000824471	
-9.82	-0.0265937	-0.000183831	-0.106206	0.00083696	-0.0265937	-0.000183831	-0.106206	0.00083696	
-9.8	-0.0266553	-0.00018632	-0.106442	0.000849603	-0.0266553	-0.00018632	-0.106442	0.000849603	
-9.78	-0.0267171	-0.000188845	-0.106679	0.000862401	-0.0267171	-0.000188845	-0.106679	0.000862401	
-9.76	-0.0267793	-0.000191408	-0.106917	0.000875357	-0.0267793	-0.000191408	-0.106917	0.000875357	
-9.74	-0.0268418	-0.000194008	-0.107156	0.000888471	-0.0268418	-0.000194008	-0.107156	0.000888471	
-9.72	-0.0269047	-0.000196647	-0.107397	0.000901748	-0.0269047	-0.000196647	-0.107397	0.000901748	
-9.7	-0.0269678	-0.000199324	-0.107639	0.000915187	-0.0269678	-0.000199324	-0.107639	0.000915187	
-9.68	-0.0270313	-0.000202042	-0.107881	0.000928792	-0.0270313	-0.000202042	-0.107881	0.000928792	
-9.66	-0.0270951	-0.000204799	-0.108125	0.000942564	-0.0270951	-0.000204799	-0.108125	0.000942564	
-9.64	-0.0271592	-0.000207598	-0.108371	0.000956506	-0.0271592	-0.000207598	-0.108371	0.000956506	
-9.62	-0.0272237	-0.000210438	-0.108617	0.000970619	-0.0272237	-0.000210438	-0.108617	0.000970619	
-9.6	-0.0272885	-0.000213321	-0.108865	0.000984907	-0.0272885	-0.000213321	-0.108865	0.000984907	
-9.58	-0.0273536	-0.000216247	-0.109113	0.00099937	-0.0273536	-0.000216247	-0.109113	0.00099937	
-9.56	-0.0274191	-0.000219217	-0.109363	0.00101401	-0.0274191	-0.000219217	-0.109363	0.00101401	
-9.54	-0.027485	-0.000222232	-0.109615	0.00102883	-0.027485	-0.000222232	-0.109615	0.00102883	
-9.52	-0.0275511	-0.000225292	-0.109867	0.00104384	-0.0275511	-0.000225292	-0.109867	0.00104384	
-9.5	-0.0276177	-0.000228398	-0.110121	0.00105903	-0.0276177	-0.000228398	-0.110121	0.00105903	
-9.48	-0.0276845	-0.000231551	-0.110376	0.00107441	-0.0276845	-0.000231551	-0.110376	0.00107441	
-9.46	-0.0277518	-0.000234753	-0.110632	0.00108998	-0.0277518	-0.000234753	-0.110632	0.00108998	
-9.44	-0.0278194	-0.000238003	-0.11089	0.00110574	-0.0278194	-0.000238003	-0.11089	0.00110574	
-9.42	-0.0278873	-0.000241302	-0.111149	0.00112169	-0.0278873	-0.000241302	-0.111149	0.00112169	
-9.4	-0.0279556	-0.000244653	-0.111409	0.00113785	-0.0279556	-0.000244653	-0.111409	0.00113785	
-9.38	-0.0280243	-0.000248054	-0.111671	0.0011542	-0.0280243	-0.000248054	-0.111671	0.0011542	
-9.36	-0.0280934	-0.000251508	-0.111934	0.00117076	-0.0280934	-0.000251508	-0.111934	0.00117076	
-9.34	-0.0281628	-0.000255015	-0.112198	0.00118752	-0.0281628	-0.000255015	-0.112198	0.00118752	
-9.32	-0.0282326	-0.000258576	-0.112463	0.00120449	-0.0282326	-0.000258576	-0.112463	0.00120449	
-9.3	-0.0283029	-0.000262193	-0.11273	0.00122167	-0.0283029	-0.000262193	-0.11273	0.00122167	
-9.28	-0.0283734	-0.000265865	-0.112999	0.00123907	-0.0283734	-0.000265865	-0.112999	0.00123907	
-9.26	-0.0284444	-0.000269595	-0.113268	0.00125668	-0.0284444	-0.000269595	-0.113268	0.00125668	
-9.24	-0.0285158	-0.000273383	-0.113539	0.00127451	-0.0285158	-0.000273383	-0.113539	0.00127451	
-9.22	-0.0285876	-0.00027723	-0.113812	0.00129256	-0.0285876	-0.00027723	-0.113812	0.00129256	
-9.2	-0.0286597	-0.000281138	-0.114086	0.00131084	-0.0286597	-0.000281138	-0.114086	0.00131084	
-9.18	-0.0287323	-0.000285107	-0.114361	0.00132935	-0.0287323	-0.000285107	-0.114361	0.00132935	
-9.16	-0.0288053	-0.000289138	-0.114638	0.00134809	-0.0288053	-0.000289138	-0.114638	0.00134809	
-9.14	-0.0288787	-0.000293234	-0.114916	0.00136707	-0.0288787	-0.000293234	-0.114916	0.00136707	
-9.12	-0.0289525	-0.000297394	-0.115195	0.00138628	-0.0289525	-0.000297394	-0.115195	0.00138628	
-9.1	-0.0290267	-0.00030162	-0.115476	0.00140573	-0.0290267	-0.00030162	-0.115476	0.00140573	
-9.08	-0.0291013	-0.000305914	-0.115759	0.00142543	-0.0291013	-0.000305914	-0.115759	0.00142543	
-9.06	-0.0291764	-0.000310277	-0.116043	0.00144538	-0.0291764	-0.000310277	-0.116043	0.00144538	
-9.04	-0.0292519	-0.000314709	-0.116329	0.00146558	-0.0292519	-0.000314709	-0.116329	0.00146558	
-9.02	-0.0293279	-0.000319212	-0.116616	0.00148603	-0.0293279	-0.000319212	-0.116616	0.00148603	
-9	-0.0294043	-0.000323788	-0.116905	0.00150674	-0.0294043	-0.000323788	-0.116905	0.00150674	
-8.98	-0.0294811	-0.000328438	-0.117195	0.00152771	-0.0294811	-0.000328438	-0.117195	0.00152771	
-8.96	-0.0295584	-0.000333163	-0.117487	0.00154895	-0.0295584	-0.000333163	-0.117487	0.00154895	
-8.94	-0.0296361	-0.000337965	-0.11778	0.00157046	-0.0296361	-0.000337965	-0.11778	0.00157046	
-8.92	-0.0297143	-0.000342845	-0.118075	0.00159225	-0.0297143	-0.000342845	-0.118075	0.00159225	
-8.9	-0.0297929	-0.000347805	-0.118371	0.0016143	-0.0297929	-0.000347805	-0.118371	0.0016143	
-8.88	-0.029872	-0.000352846	-0.11867	0.00163665	-0.029872	-0.000352846	-0.11867	0.00163665	
-8.86	-0.0299516	-0.000357969	-0.118969	0.00165927	-0.0299516	-0.000357969	-0.118969	0.00165927	
-8.84	-0.0300317	-0.000363178	-0.119271	0.00168219	-0.0300317	-0.000363178	-0.119271	0.00168219	
-8.82	-0.0301122	-0.000368472	-0.119574	0.00170539	-0.0301122	-0.000368472	-0.119574	0.00170539	
-8.8	-0.0301933	-0.000373854	-0.119879	0.0017289	-0.0301933	-0.000373854	-0.119879	0.0017289	
-8.78	-0.0302748	-0.000379325	-0.120185	0.00175271	-0.0302748	-0.000379325	-0.120185	0.00175271	
-8.76	-0.0303568	-0.000384887	-0.120493	0.00177682	-0.0303568	-0.000384887	-0.120493	0.00177682	
-8.74	-0.0304393	-0.000390542	-0.120803	0.00180125	-0.0304393	-0.000390542	-0.120803	0.00180125	
-8.72	-0.0305223	-0.000396292	-0.121115	0.00182599	-0.0305223	-0.000396292	-0.121115	0.00182599	
-8.7	-0.0306058	-0.000402139	-0.121428	0.00185105	-0.0306058	-0.000402139	-0.121428	0.00185105	
-8.68	-0.0306899	-0.000408084	-0.121743	0.00187644	-0.0306899	-0.000408084	-0.121743	0.00187644	
-8.66	-0.0307744	-0.00041413	-0.12206	0.00190215	-0.0307744	-0.00041413	-0.12206	0.00190215	
-8.64	-0.0308595	-0.000420278	-0.122379	0.0019282	-0.0308595	-0.000420278	-0.122379	0.0019282	
-8.62	-0.0309451	-0.000426531	-0.1227	0.00195459	-0.0309451	-0.000426531	-0.1227	0.00195459	
-8.6	-0.0310313	-0.00043289	-0.123022	0.00198132	-0.0310313	-0.00043289	-0.123022	0.00198132	
-8.58	-0.031118	-0.000439358	-0.123346	0.00200841	-0.031118	-0.000439358	-0.123346	0.00200841	
-8.56	-0.0312052	-0.000445937	-0.123672	0.00203584	-0.0312052	-0.000445937	-0.123672	0.00203584	
-8.54	-0.031293	-0.00045263	-0.124	0.00206364	-0.031293	-0.00045263	-0.124	0.00206364	
-8.52	-0.0313814	-0.000459438	-0.12433	0.00209181	-0.0313814	-0.000459438	-0.12433	0.00209181	
-8.5	-0.0314703	-0.000466364	-0.124662	0.00212034	-0.0314703	-0.000466364	-0.124662	0.00212034	
-8.48	-0.0315598	-0.00047341	-0.124996	0.00214925	-0.0315598	-0.00047341	-0.124996	0.00214925	
-8.46	-0.0316499	-0.00048058	-0.125331	0.00217855	-0.0316499	-0.00048058	-0.125331	0.00217855	
-8.44	-0.0317406	-0.000487874	-0.125669	0.00220823	-0.0317406	-0.000487874	-0.125669	0.00220823	
-8.42	-0.0318318	-0.000495297	-0.126009	0.00223831	-0.0318318	-0.000495297	-0.126009	0.00223831	
-8.4	-0.0319237	-0.00050285	-0.12635	0.00226879	-0.0319237	-0.00050285	-0.12635	0.00226879	
-8.38	-0.0320162	-0.000510536	-0.126694	0.00229968	-0.0320162	-0.000510536	-0.126694	0.00229968	
-8.36	-0.0321092	-0.000518359	-0.12704	0.00233098	-0.0321092	-0.000518359	-0.12704	0.00233098	
-8.34	-0.0322029	-0.000526321	-0.127387	0.0023627	-0.0322029	-0.000526321	-0.127387	0.0023627	
-8.32	-0.0322972	-0.000534425	-0.127737	0.00239484	-0.0322972	-0.000534425	-0.127737	0.00239484	
-8.3	-0.0323922	-0.000542674	-0.128089	0.00242742	-0.0323922	-0.000542674	-0.128089	0.00242742	
-8.28	-0.0324878	-0.00055107	-0.128443	0.00246044	-0.0324878	-0.00055107	-0.128443	0.00246044	
-8.26	-0.032584	-0.000559618	-0.128799	0.00249391	-0.032584	-0.000559618	-0.128799	0.00249391	
-8.24	-0.0326809	-0.000568321	-0.129158	0.00252783	-0.0326809	-0.000568321	-0.129158	0.00252783	
-8.22	-0.0327784	-0.000577181	-0.129518	0.00256221	-0.0327784	-0.000577181	-0.129518	0.00256221	
-8.2	-0.0328766	-0.000586203	-0.129881	0.00259706	-0.0328766	-0.000586203	-0.129881	0.00259706	
-8.18	-0.0329755	-0.000595389	-0.130246	0.00263239	-0.0329755	-0.000595389	-0.130246	0.00263239	
-8.16	-0.0330751	-0.000604744	-0.130613	0.00266821	-0.0330751	-0.000604744	-0.130613	0.00266821	
-8.14	-0.0331754	-0.000614271	-0.130983	0.00270451	-0.0331754	-0.000614271	-0.130983	0.00270451	
-8.12	-0.0332763	-0.000623973	-0.131355	0.00274132	-0.0332763	-0.000623973	-0.131355	0.00274132	
-8.1	-0.033378	-0.000633855	-0.131729	0.00277863	-0.033378	-0.000633855	-0.131729	0.00277863	
-8.08	-0.0334804	-0.000643921	-0.132105	0.00281646	-0.0334804	-0.000643921	-0.132105	0.00281646	
-8.06	-0.0335835	-0.000654175	-0.132484	0.00285481	-0.0335835	-0.000654175	-0.132484	0.00285481	
-8.04	-0.0336874	-0.00066462	-0.132865	0.0028937	-0.0336874	-0.00066462	-0.132865	0.0028937	
-8.02	-0.033792	-0.000675262	-0.133249	0.00293314	-0.033792	-0.000675262	-0.133249	0.00293314	
-8	-0.0338973	-0.000686104	-0.133635	0.00297312	-0.0338973	-0.000686104	-0.133635	0.00297312	
-7.98	-0.0340035	-0.000697151	-0.134023	0.00301367	-0.0340035	-0.000697151	-0.134023	0.00301367	
-7.96	-0.0341104	-0.000708409	-0.134414	0.00305479	-0.0341104	-0.000708409	-0.134414	0.00305479	
-7.94	-0.034218	-0.00071988	-0.134808	0.00309648	-0.034218	-0.00071988	-0.134808	0.00309648	
-7.92	-0.0343265	-0.000731572	-0.135204	0.00313877	-0.0343265	-0.000731572	-0.135204	0.00313877	
-7.9	-0.0344357	-0.000743488	-0.135602	0.00318166	-0.0344357	-0.000743488	-0.135602	0.00318166	
-7.88	-0.0345458	-0.000755633	-0.136003	0.00322516	-0.0345458	-0.000755633	-0.136003	0.00322516	
-7.86	-0.0346567	-0.000768014	-0.136407	0.00326928	-0.0346567	-0.000768014	-0.136407	0.00326928	
-7.84	-0.0347684	-0.000780635	-0.136813	0.00331403	-0.0347684	-0.000780635	-0.136813	0.00331403	
-7.82	-0.034881	-0.000793503	-0.137223	0.00335942	-0.034881	-0.000793503	-0.137223	0.00335942	
-7.8	-0.0349944	-0.000806622	-0.137634	0.00340547	-0.0349944	-0.000806622	-0.137634	0.00340547	
-7.78	-0.0351087	-0.000819999	-0.138049	0.00345219	-0.0351087	-0.000819999	-0.138049	0.00345219	
-7.76	-0.0352239	-0.000833641	-0.138466	0.00349958	-0.0352239	-0.000833641	-0.138466	0.00349958	
-7.74	-0.0353399	-0.000847552	-0.138886	0.00354766	-0.0353399	-0.000847552	-0.138886	0.00354766	
-7.72	-0.0354569	-0.000861741	-0.139309	0.00359644	-0.0354569	-0.000861741	-0.139309	0.00359644	
-7.7	-0.0355747	-0.000876212	-0.139734	0.00364593	-0.0355747	-0.000876212	-0.139734	0.00364593	
-7.68	-0.0356935	-0.000890974	-0.140163	0.00369615	-0.0356935	-0.000890974	-0.140163	0.00369615	
-7.66	-0.0358132	-0.000906034	-0.140594	0.00374711	-0.0358132	-0.000906034	-0.140594	0.00374711	
-7.64	-0.0359339	-0.000921397	-0.141029	0.00379882	-0.0359339	-0.000921397	-0.141029	0.00379882	
-7.62	-0.0360555	-0.000937073	-0.141466	0.0038513	-0.0360555	-0.000937073	-0.141466	0.0038513	
-7.6	-0.0361781	-0.000953068	-0.141906	0.00390456	-0.0361781	-0.000953068	-0.141906	0.00390456	
-7.58	-0.0363016	-0.000969391	-0.14235	0.00395861	-0.0363016	-0.000969391	-0.14235	0.00395861	
-7.56	-0.0364262	-0.000986049	-0.142796	0.00401347	-0.0364262	-0.000986049	-0.142796	0.00401347	
-7.54	-0.0365518	-0.00100305	-0.143246	0.00406916	-0.0365518	-0.00100305	-0.143246	0.00406916	
-7.52	-0.0366784	-0.00102041	-0.143698	0.00412568	-0.0366784	-0.00102041	-0.143698	0.00412568	
-7.5	-0.0368061	-0.00103812	-0.144154	0.00418306	-0.0368061	-0.00103812	-0.144154	0.00418306	
-7.48	-0.0369348	-0.00105621	-0.144613	0.0042413	-0.0369348	-0.00105621	-0.144613	0.0042413	
-7.46	-0.0370646	-0.00107468	-0.145075	0.00430043	-0.0370646	-0.00107468	-0.145075	0.00430043	
-7.44	-0.0371955	-0.00109353	-0.145541	0.00436047	-0.0371955	-0.00109353	-0.145541	0.00436047	
-7.42	-0.0373274	-0.00111279	-0.146009	0.00442142	-0.0373274	-0.00111279	-0.146009	0.00442142	
-7.4	-0.0374605	-0.00113246	-0.146482	0.00448331	-0.0374605	-0.00113246	-0.146482	0.00448331	
-7.38	-0.0375948	-0.00115255	-0.146957	0.00454615	-0.0375948	-0.00115255	-0.146957	0.00454615	
-7.36	-0.0377302	-0.00117306	-0.147436	0.00460997	-0.0377302	-0.00117306	-0.147436	0.00460997	
-7.34	-0.0378667	-0.00119403	-0.147918	0.00467477	-0.0378667	-0.00119403	-0.147918	0.00467477	
-7.32	-0.0380045	-0.00121544	-0.148404	0.00474059	-0.0380045	-0.00121544	-0.148404	0.00474059	
-7.3	-0.0381434	-0.00123733	-0.148894	0.00480744	-0.0381434	-0.00123733	-0.148894	0.00480744	
-7.28	-0.0382836	-0.00125969	-0.149387	0.00487533	-0.0382836	-0.00125969	-0.149387	0.00487533	
-7.26	-0.038425	-0.00128254	-0.149883	0.00494429	-0.038425	-0.00128254	-0.149883	0.00494429	
-7.24	-0.0385676	-0.0013059	-0.150384	0.00501435	-0.0385676	-0.0013059	-0.150384	0.00501435	
-7.22	-0.0387115	-0.00132978	-0.150888	0.00508551	-0.0387115	-0.00132978	-0.150888	0.00508551	
-7.2	-0.0388568	-0.00135419	-0.151395	0.00515781	-0.0388568	-0.00135419	-0.151395	0.00515781	
-7.18	-0.0390033	-0.00137915	-0.151907	0.00523127	-0.0390033	-0.00137915	-0.151907	0.00523127	
-7.16	-0.0391512	-0.00140467	-0.152422	0.0053059	-0.0391512	-0.00140467	-0.152422	0.0053059	
-7.14	-0.0393005	-0.00143077	-0.152942	0.00538173	-0.0393005	-0.00143077	-0.152942	0.00538173	
-7.12	-0.0394511	-0.00145746	-0.153465	0.00545879	-0.0394511	-0.00145746	-0.153465	0.00545879	
-7.1	-0.0396031	-0.00148476	-0.153992	0.0055371	-0.0396031	-0.00148476	-0.153992	0.0055371	
-7.08	-0.0397566	-0.00151269	-0.154523	0.00561669	-0.0397566	-0.00151269	-0.154523	0.00561669	
-7.06	-0.0399115	-0.00154127	-0.155058	0.00569757	-0.0399115	-0.00154127	-0.155058	0.00569757	
-7.04	-0.0400678	-0.00157051	-0.155598	0.00577978	-0.0400678	-0.00157051	-0.155598	0.00577978	
-7.02	-0.0402257	-0.00160043	-0.156141	0.00586335	-0.0402257	-0.00160043	-0.156141	0.00586335	
-7	-0.0403851	-0.00163105	-0.156689	0.0059483	-0.0403851	-0.00163105	-0.156689	0.0059483	
-6.98	-0.040546	-0.0016624	-0.157241	0.00603466	-0.040546	-0.0016624	-0.157241	0.00603466	
-6.96	-0.0407085	-0.00169449	-0.157798	0.00612246	-0.0407085	-0.00169449	-0.157798	0.00612246	
-6.94	-0.0408725	-0.00172735	-0.158359	0.00621173	-0.0408725	-0.00172735	-0.158359	0.00621173	
-6.92	-0.0410382	-0.00176099	-0.158924	0.0063025	-0.0410382	-0.00176099	-0.158924	0.0063025	
-6.9	-0.0412056	-0.00179545	-0.159494	0.0063948	-0.0412056	-0.00179545	-0.159494	0.0063948	
-6.88	-0.0413746	-0.00183074	-0.160068	0.00648866	-0.0413746	-0.00183074	-0.160068	0.00648866	
-6.86	-0.0415453	-0.00186689	-0.160647	0.00658412	-0.0415453	-0.00186689	-0.160647	0.00658412	
-6.84	-0.0417178	-0.00190392	-0.161231	0.00668121	-0.0417178	-0.00190392	-0.161231	0.00668121	
-6.82	-0.041892	-0.00194187	-0.161819	0.00677996	-0.041892	-0.00194187	-0.161819	0.00677996	
-6.8	-0.042068	-0.00198076	-0.162412	0.00688042	-0.042068	-0.00198076	-0.162412	0.00688042	
-6.78	-0.0422459	-0.00202062	-0.16301	0.00698261	-0.0422459	-0.00202062	-0.16301	0.00698261	
-6.76	-0.0424256	-0.00206148	-0.163613	0.00708657	-0.0424256	-0.00206148	-0.163613	0.00708657	
-6.74	-0.0426071	-0.00210337	-0.164221	0.00719235	-0.0426071	-0.00210337	-0.164221	0.00719235	
-6.72	-0.0427906	-0.00214632	-0.164834	0.00729998	-0.0427906	-0.00214632	-0.164834	0.00729998	
-6.7	-0.0429761	-0.00219037	-0.165452	0.0074095	-0.0429761	-0.00219037	-0.165452	0.0074095	
-6.68	-0.0431635	-0.00223555	-0.166075	0.00752095	-0.0431635	-0.00223555	-0.166075	0.00752095	
-6.66	-0.043353	-0.0022819	-0.166704	0.00763438	-0.043353	-0.0022819	-0.166704	0.00763438	
-6.64	-0.0435446	-0.00232945	-0.167338	0.00774983	-0.0435446	-0.00232945	-0.167338	0.00774983	
-6.62	-0.0437382	-0.00237824	-0.167977	0.00786735	-0.0437382	-0.00237824	-0.167977	0.00786735	
-6.6	-0.043934	-0.00242832	-0.168622	0.00798697	-0.043934	-0.00242832	-0.168622	0.00798697	
-6.58	-0.044132	-0.00247972	-0.169272	0.00810876	-0.044132	-0.00247972	-0.169272	0.00810876	
-6.56	-0.0443321	-0.0025325	-0.169928	0.00823275	-0.0443321	-0.0025325	-0.169928	0.00823275	
-6.54	-0.0445346	-0.00258669	-0.17059	0.008359	-0.0445346	-0.00258669	-0.17059	0.008359	
-6.52	-0.0447393	-0.00264234	-0.171257	0.00848755	-0.0447393	-0.00264234	-0.171257	0.00848755	
-6.5	-0.0449464	-0.0026995	-0.17193	0.00861847	-0.0449464	-0.0026995	-0.17193	0.00861847	
-6.48	-0.0451559	-0.00275822	-0.17261	0.0087518	-0.0451559	-0.00275822	-0.17261	0.0087518	
-6.46	-0.0453678	-0.00281857	-0.173295	0.0088876	-0.0453678	-0.00281857	-0.173295	0.0088876	
-6.44	-0.0455823	-0.00288058	-0.173986	0.00902593	-0.0455823	-0.00288058	-0.173986	0.00902593	
-6.42	-0.0457992	-0.00294432	-0.174684	0.00916685	-0.0457992	-0.00294432	-0.174684	0.00916685	
-6.4	-0.0460187	-0.00300985	-0.175387	0.00931042	-0.0460187	-0.00300985	-0.175387	0.00931042	
-6.38	-0.0462409	-0.00307724	-0.176098	0.00945669	-0.0462409	-0.00307724	-0.176098	0.00945669	
-6.36	-0.0464657	-0.00314654	-0.176814	0.00960574	-0.0464657	-0.00314654	-0.176814	0.00960574	
-6.34	-0.0466932	-0.00321783	-0.177537	0.00975762	-0.0466932	-0.00321783	-0.177537	0.00975762	
-6.32	-0.0469236	-0.00329117	-0.178267	0.00991242	-0.0469236	-0.00329117	-0.178267	0.00991242	
-6.3	-0.0471568	-0.00336665	-0.179004	0.0100702	-0.0471568	-0.00336665	-0.179004	0.0100702	
-6.28	-0.0473929	-0.00344434	-0.179747	0.010231	-0.0473929	-0.00344434	-0.179747	0.010231	
-6.26	-0.0476319	-0.00352432	-0.180498	0.0103949	-0.0476319	-0.00352432	-0.180498	0.0103949	
-6.24	-0.047874	-0.00360667	-0.181255	0.0105621	-0.047874	-0.00360667	-0.181255	0.0105621	
-6.22	-0.0481191	-0.00369149	-0.18202	0.0107325	-0.0481191	-0.00369149	-0.18202	0.0107325	
-6.2	-0.0483674	-0.00377886	-0.182792	0.0109063	-0.0483674	-0.00377886	-0.182792	0.0109063	
-6.18	-0.0486189	-0.00386889	-0.183571	0.0110835	-0.0486189	-0.00386889	-0.183571	0.0110835	
-6.16	-0.0488736	-0.00396167	-0.184358	0.0112642	-0.0488736	-0.00396167	-0.184358	0.0112642	
-6.14	-0.0491317	-0.00405731	-0.185152	0.0114485	-0.0491317	-0.00405731	-0.185152	0.0114485	
-6.12	-0.0493931	-0.00415592	-0.185954	0.0116366	-0.0493931	-0.00415592	-0.185954	0.0116366	
-6.1	-0.0496581	-0.00425762	-0.186764	0.0118284	-0.0496581	-0.00425762	-0.186764	0.0118284	
-6.08	-0.0499265	-0.00436253	-0.187582	0.0120242	-0.0499265	-0.00436253	-0.187582	0.0120242	
-6.06	-0.0501986	-0.00447077	-0.188408	0.0122239	-0.0501986	-0.00447077	-0.188408	0.0122239	
-6.04	-0.0504744	-0.00458248	-0.189242	0.0124277	-0.0504744	-0.00458248	-0.189242	0.0124277	
-6.02	-0.0507539	-0.0046978	-0.190085	0.0126357	-0.0507539	-0.0046978	-0.190085	0.0126357	
-6	-0.0510372	-0.00481688	-0.190936	0.0128481	-0.0510372	-0.00481688	-0.190936	0.0128481	
-5.98	-0.0513245	-0.00493987	-0.191795	0.0130648	-0.0513245	-0.00493987	-0.191795	0.0130648	
-5.96	-0.0516157	-0.00506693	-0.192664	0.0132861	-0.0516157	-0.00506693	-0.192664	0.0132861	
-5.94	-0.051911	-0.00519823	-0.193541	0.013512	-0.051911	-0.00519823	-0.193541	0.013512	
-5.92	-0.0522105	-0.00533394	-0.194427	0.0137427	-0.0522105	-0.00533394	-0.194427	0.0137427	
-5.9	-0.0525141	-0.00547427	-0.195323	0.0139783	-0.0525141	-0.00547427	-0.195323	0.0139783	
-5.88	-0.0528221	-0.00561939	-0.196227	0.014219	-0.0528221	-0.00561939	-0.196227	0.014219	
-5.86	-0.0531345	-0.00576953	-0.197141	0.0144648	-0.0531345	-0.00576953	-0.197141	0.0144648	
-5.84	-0.0534514	-0.0059249	-0.198065	0.0147159	-0.0534514	-0.0059249	-0.198065	0.0147159	
-5.82	-0.0537728	-0.00608572	-0.198999	0.0149725	-0.0537728	-0.00608572	-0.198999	0.0149725	
-5.8	-0.0540988	-0.00625223	-0.199943	0.0152346	-0.0540988	-0.00625223	-0.199943	0.0152346	
-5.78	-0.0544296	-0.0064247	-0.200896	0.0155026	-0.0544296	-0.0064247	-0.200896	0.0155026	
-5.76	-0.0547653	-0.00660339	-0.20186	0.0157764	-0.0547653	-0.00660339	-0.20186	0.0157764	
-5.74	-0.0551058	-0.00678858	-0.202835	0.0160563	-0.0551058	-0.00678858	-0.202835	0.0160563	
-5.72	-0.0554513	-0.00698056	-0.20382	0.0163425	-0.0554513	-0.00698056	-0.20382	0.0163425	
-5.7	-0.0558019	-0.00717965	-0.204816	0.0166351	-0.0558019	-0.00717965	-0.204816	0.0166351	
-5.68	-0.0561577	-0.00738619	-0.205823	0.0169342	-0.0561577	-0.00738619	-0.205823	0.0169342	
-5.66	-0.0565186	-0.00760051	-0.206841	0.0172402	-0.0565186	-0.00760051	-0.206841	0.0172402	
-5.64	-0.0568849	-0.00782299	-0.207871	0.0175532	-0.0568849	-0.00782299	-0.207871	0.0175532	
-5.62	-0.0572566	-0.00805402	-0.208912	0.0178733	-0.0572566	-0.00805402	-0.208912	0.0178733	
-5.6	-0.0576337	-0.008294	-0.209965	0.0182009	-0.0576337	-0.008294	-0.209965	0.0182009	
-5.58	-0.0580164	-0.00854337	-0.21103	0.018536	-0.0580164	-0.00854337	-0.21103	0.018536	
-5.56	-0.0584047	-0.00880259	-0.212107	0.018879	-0.0584047	-0.00880259	-0.212107	0.018879	
-5.54	-0.0587985	-0.00907214	-0.213197	0.01923	-0.0587985	-0.00907214	-0.213197	0.01923	
-5.52	-0.0591981	-0.00935254	-0.214299	0.0195894	-0.0591981	-0.00935254	-0.214299	0.0195894	
-5.5	-0.0596034	-0.00964432	-0.215414	0.0199573	-0.0596034	-0.00964432	-0.215414	0.0199573	
-5.48	-0.0600144	-0.00994806	-0.216543	0.020334	-0.0600144	-0.00994806	-0.216543	0.020334	
-5.46	-0.0604313	-0.0102644	-0.217684	0.0207197	-0.0604313	-0.0102644	-0.217684	0.0207197	
-5.44	-0.0608538	-0.0105939	-0.21884	0.0211148	-0.0608538	-0.0105939	-0.21884	0.0211148	
-5.42	-0.0612821	-0.0109373	-0.220009	0.0215195	-0.0612821	-0.0109373	-0.220009	0.0215195	
-5.4	-0.0617162	-0.0112953	-0.221193	0.0219342	-0.0617162	-0.0112953	-0.221193	0.0219342	
-5.38	-0.0621558	-0.0116687	-0.22239	0.0223591	-0.0621558	-0.0116687	-0.22239	0.0223591	
-5.36	-0.0626011	-0.0120582	-0.223603	0.0227945	-0.0626011	-0.0120582	-0.223603	0.0227945	
-5.34	-0.0630518	-0.0124648	-0.22483	0.0232408	-0.0630518	-0.0124648	-0.22483	0.0232408	
-5.32	-0.0635078	-0.0128893	-0.226073	0.0236984	-0.0635078	-0.0128893	-0.226073	0.0236984	
-5.3	-0.063969	-0.0133326	-0.227331	0.0241675	-0.063969	-0.0133326	-0.227331	0.0241675	
-5.28	-0.0644352	-0.0137959	-0.228605	0.0246486	-0.0644352	-0.0137959	-0.228605	0.0246486	
-5.26	-0.0649059	-0.0142802	-0.229896	0.025142	-0.0649059	-0.0142802	-0.229896	0.025142	
-5.24	-0.0653811	-0.0147865	-0.231202	0.0256481	-0.0653811	-0.0147865	-0.231202	0.0256481	
-5.22	-0.0658602	-0.0153161	-0.232526	0.0261674	-0.0658602	-0.0153161	-0.232526	0.0261674	
-5.2	-0.0663428	-0.0158703	-0.233866	0.0267003	-0.0663428	-0.0158703	-0.233866	0.0267003	
-5.18	-0.0668284	-0.0164503	-0.235224	0.0272472	-0.0668284	-0.0164503	-0.235224	0.0272472	
-5.16	-0.0673164	-0.0170576	-0.2366	0.0278087	-0.0673164	-0.0170576	-0.2366	0.0278087	
-5.14	-0.0678061	-0.0176937	-0.237994	0.0283851	-0.0678061	-0.0176937	-0.237994	0.0283851	
-5.12	-0.0682966	-0.01836	-0.239406	0.028977	-0.0682966	-0.01836	-0.239406	0.028977	
-5.1	-0.0687871	-0.0190583	-0.240837	0.0295849	-0.0687871	-0.0190583	-0.240837	0.0295849	
-5.08	-0.0692764	-0.0197902	-0.242288	0.0302094	-0.0692764	-0.0197902	-0.242288	0.0302094	
-5.06	-0.0697633	-0.0205574	-0.243758	0.0308511	-0.0697633	-0.0205574	-0.243758	0.0308511	
-5.04	-0.0702465	-0.0213619	-0.245248	0.0315105	-0.0702465	-0.0213619	-0.245248	0.0315105	
-5.02	-0.0707241	-0.0222056	-0.246759	0.0321883	-0.0707241	-0.0222056	-0.246759	0.0321883	
-5	-0.0711946	-0.0230903	-0.24829	0.032885	-0.0711946	-0.0230903	-0.24829	0.032885	
-4.98	-0.0716558	-0.0240183	-0.249843	0.0336015	-0.0716558	-0.0240183	-0.249843	0.0336015	
-4.96	-0.0721053	-0.0249914	-0.251418	0.0343384	-0.0721053	-0.0249914	-0.251418	0.0343384	
-4.94	-0.0725405	-0.0260118	-0.253015	0.0350964	-0.0725405	-0.0260118	-0.253015	0.0350964	
-4.92	-0.0729585	-0.0270817	-0.254634	0.0358763	-0.0729585	-0.0270817	-0.254634	0.0358763	
-4.9	-0.0733559	-0.0282031	-0.256277	0.036679	-0.0733559	-0.0282031	-0.256277	0.036679	
-4.88	-0.0737289	-0.029378	-0.257943	0.0375052	-0.0737289	-0.029378	-0.257943	0.0375052	
-4.86	-0.0740735	-0.0306085	-0.259634	0.0383558	-0.0740735	-0.0306085	-0.259634	0.0383558	
-4.84	-0.074385	-0.0318963	-0.261349	0.0392318	-0.074385	-0.0318963	-0.261349	0.0392318	
-4.82	-0.0746583	-0.033243	-0.263089	0.0401342	-0.0746583	-0.033243	-0.263089	0.0401342	
-4.8	-0.0748875	-0.0346502	-0.264855	0.0410638	-0.0748875	-0.0346502	-0.264855	0.0410638	
-4.78	-0.0750666	-0.0361187	-0.266648	0.0420219	-0.0750666	-0.0361187	-0.266648	0.0420219	
-4.76	-0.0751887	-0.0376492	-0.268467	0.0430094	-0.0751887	-0.0376492	-0.268467	0.0430094	
-4.74	-0.0752462	-0.0392419	-0.270314	0.0440276	-0.0752462	-0.0392419	-0.270314	0.0440276	
-4.72	-0.0752312	-0.0408962	-0.272188	0.0450777	-0.0752312	-0.0408962	-0.272188	0.0450777	
-4.7	-0.0751349	-0.0426107	-0.274092	0.0461609	-0.0751349	-0.0426107	-0.274092	0.0461609	
-4.68	-0.0749481	-0.0443831	-0.276024	0.0472786	-0.0749481	-0.0443831	-0.276024	0.0472786	
-4.66	-0.0746611	-0.0462101	-0.277987	0.0484321	-0.0746611	-0.0462101	-0.277987	0.0484321	
-4.64	-0.0742637	-0.048087	-0.279979	0.0496231	-0.0742637	-0.048087	-0.279979	0.0496231	
-4.62	-0.0737454	-0.0500076	-0.282004	0.0508529	-0.0737454	-0.0500076	-0.282004	0.0508529	
-4.6	-0.0730957	-0.0519643	-0.28406	0.0521233	-0.0730957	-0.0519643	-0.28406	0.0521233	
-4.58	-0.0723041	-0.0539474	-0.286148	0.0534359	-0.0723041	-0.0539474	-0.286148	0.0534359	
-4.56	-0.0713607	-0.0559455	-0.28827	0.0547925	-0.0713607	-0.0559455	-0.28827	0.0547925	
-4.54	-0.0702562	-0.0579451	-0.290425	0.0561951	-0.0702562	-0.0579451	-0.290425	0.0561951	
-4.52	-0.0689824	-0.0599304	-0.292616	0.0576457	-0.0689824	-0.0599304	-0.292616	0.0576457	
-4.5	-0.0675327	-0.0618838	-0.294841	0.0591463	-0.0675327	-0.0618838	-0.294841	0.0591463	
-4.48	-0.0659027	-0.0637857	-0.297103	0.0606991	-0.0659027	-0.0637857	-0.297103	0.0606991	
-4.46	-0.0640902	-0.0656146	-0.299402	0.0623065	-0.0640902	-0.0656146	-0.299402	0.0623065	
-4.44	-0.0620964	-0.0673478	-0.301738	0.063971	-0.0620964	-0.0673478	-0.301738	0.063971	
-4.42	-0.0599256	-0.0689616	-0.304113	0.0656952	-0.0599256	-0.0689616	-0.304113	0.0656952	
-4.4	-0.057586	-0.0704321	-0.306527	0.0674817	-0.057586	-0.0704321	-0.306527	0.0674817	
-4.38	-0.0550899	-0.0717357	-0.30898	0.0693336	-0.0550899	-0.0717357	-0.30898	0.0693336	
-4.36	-0.0524536	-0.0728501	-0.311475	0.0712539	-0.0524536	-0.0728501	-0.311475	0.0712539	
-4.34	-0.0496971	-0.0737551	-0.31401	0.0732458	-0.0496971	-0.0737551	-0.31401	0.0732458	
-4.32	-0.0468445	-0.0744333	-0.316588	0.0753128	-0.0468445	-0.0744333	-0.316588	0.0753128	
-4.3	-0.0439225	-0.0748711	-0.319209	0.0774586	-0.0439225	-0.0748711	-0.319209	0.0774586	
-4.28	-0.0409604	-0.0750592	-0.321874	0.0796869	-0.0409604	-0.0750592	-0.321874	0.0796869	
-4.26	-0.0379888	-0.074993	-0.324582	0.0820019	-0.0379888	-0.074993	-0.324582	0.0820019	
-4.24	-0.0350388	-0.074673	-0.327336	0.0844079	-0.0350388	-0.074673	-0.327336	0.0844079	
-4.22	-0.032141	-0.0741046	-0.330135	0.0869095	-0.032141	-0.0741046	-0.330135	0.0869095	
-4.2	-0.0293243	-0.0732981	-0.332981	0.0895117	-0.0293243	-0.0732981	-0.332981	0.0895117	
-4.18	-0.0266154	-0.0722681	-0.335873	0.0922196	-0.0266154	-0.0722681	-0.335873	0.0922196	
-4.16	-0.0240376	-0.0710325	-0.338812	0.0950387	-0.0240376	-0.0710325	-0.338812	0.0950387	
-4.14	-0.0216107	-0.0696125	-0.341799	0.097975	-0.0216107	-0.0696125	-0.341799	0.097975	
-4.12	-0.0193502	-0.0680309	-0.344834	0.101035	-0.0193502	-0.0680309	-0.344834	0.101035	
-4.1	-0.0172679	-0.066312	-0.347917	0.104224	-0.0172679	-0.066312	-0.347917	0.104224	
-4.08	-0.0153712	-0.0644801	-0.351048	0.107551	-0.0153712	-0.0644801	-0.351048	0.107551	
-4.06	-0.0136637	-0.0625592	-0.354227	0.111023	-0.0136637	-0.0625592	-0.354227	0.111023	
-4.04	-0.0121458	-0.0605725	-0.357454	0.114647	-0.0121458	-0.0605725	-0.357454	0.114647	
-4.02	-0.0108148	-0.0585415	-0.360728	0.118433	-0.0108148	-0.0585415	-0.360728	0.118433	
-4	-0.00966523	-0.0564858	-0.364048	0.122389	-0.00966523	-0.0564858	-0.364048	0.122389	
-3.98	-0.00869001	-0.0544233	-0.367414	0.126526	-0.00869001	-0.0544233	-0.367414	0.126526	
-3.96	-0.00788028	-0.0523694	-0.370825	0.130854	-0.00788028	-0.0523694	-0.370825	0.130854	
-3.94	-0.00722617	-0.0503375	-0.374278	0.135384	-0.00722617	-0.0503375	-0.374278	0.135384	
-3.92	-0.0067171	-0.0483389	-0.377771	0.140128	-0.0067171	-0.0483389	-0.377771	0.140128	
-3.9	-0.00634218	-0.0463828	-0.381302	0.145099	-0.00634218	-0.0463828	-0.381302	0.145099	
-3.88	-0.00609044	-0.0444768	-0.384867	0.15031	-0.00609044	-0.0444768	-0.384867	0.15031	
-3.86	-0.00595106	-0.0426267	-0.388464	0.155777	-0.00595106	-0.0426267	-0.388464	0.155777	
-3.84	-0.00591359	-0.0408367	-0.392086	0.161515	-0.00591359	-0.0408367	-0.392086	0.161515	
-3.82	-0.00596804	-0.03911	-0.395729	0.167541	-0.00596804	-0.03911	-0.395729	0.167541	
-3.8	-0.00610496	-0.0374485	-0.399385	0.173872	-0.00610496	-0.0374485	-0.399385	0.173872	
-3.78	-0.00631554	-0.0358531	-0.403048	0.180529	-0.00631554	-0.0358531	-0.403048	0.180529	
-3.76	-0.0065916	-0.0343242	-0.406709	0.187531	-0.0065916	-0.0343242	-0.406709	0.187531	
-3.74	-0.00692563	-0.0328613	-0.410355	0.194901	-0.00692563	-0.0328613	-0.410355	0.194901	
-3.72	-0.00731073	-0.0314636	-0.413975	0.202661	-0.00731073	-0.0314636	-0.413975	0.202661	
-3.7	-0.00774067	-0.0301296	-0.417555	0.210837	-0.00774067	-0.0301296	-0.417555	0.210837	
-3.68	-0.00820978	-0.0288578	-0.421078	0.219456	-0.00820978	-0.0288578	-0.421078	0.219456	
-3.66	-0.00871297	-0.0276463	-0.424523	0.228544	-0.00871297	-0.0276463	-0.424523	0.228544	
-3.64	-0.00924567	-0.0264931	-0.427867	0.238133	-0.00924567	-0.0264931	-0.427867	0.238133	
-3.62	-0.00980379	-0.025396	-0.431085	0.248254	-0.00980379	-0.025396	-0.431085	0.248254	
-3.6	-0.0103837	-0.0243528	-0.434145	0.258938	-0.0103837	-0.0243528	-0.434145	0.258938	
-3.58	-0.0109822	-0.0233612	-0.437012	0.270222	-0.0109822	-0.0233612	-0.437012	0.270222	
-3.56	-0.0115964	-0.022419	-0.439644	0.282141	-0.0115964	-0.022419	-0.439644	0.282141	
-3.54	-0.0122238	-0.0215241	-0.441995	0.294732	-0.0122238	-0.0215241	-0.441995	0.294732	
-3.52	-0.0128621	-0.0206741	-0.444008	0.308032	-0.0128621	-0.0206741	-0.444008	0.308032	
-3.5	-0.0135095	-0.019867	-0.445622	0.32208	-0.0135095	-0.019867	-0.445622	0.32208	
-3.48	-0.0141643	-0.0191007	-0.446764	0.336912	-0.0141643	-0.0191007	-0.446764	0.336912	
-3.46	-0.0148249	-0.0183733	-0.447352	0.352565	-0.0148249	-0.0183733	-0.447352	0.352565	
-3.44	-0.0154902	-0.0176828	-0.447289	0.369072	-0.0154902	-0.0176828	-0.447289	0.369072	
-3.42	-0.016159	-0.0170274	-0.44647	0.38646	-0.016159	-0.0170274	-0.44647	0.38646	
-3.4	-0.0168303	-0.0164054	-0.444772	0.404754	-0.0168303	-0.0164054	-0.444772	0.404754	
-3.38	-0.0175034	-0.0158152	-0.442056	0.423966	-0.0175034	-0.0158152	-0.442056	0.423966	
-3.36	-0.0181776	-0.0152551	-0.438169	0.444098	-0.0181776	-0.0152551	-0.438169	0.444098	
-3.34	-0.0188524	-0.0147236	-0.432938	0.465136	-0.0188524	-0.0147236	-0.432938	0.465136	
-3.32	-0.0195272	-0.0142195	-0.426173	0.487043	-0.0195272	-0.0142195	-0.426173	0.487043	
-3.3	-0.0202016	-0.0137413	-0.417666	0.509759	-0.0202016	-0.0137413	-0.417666	0.509759	
-3.28	-0.0208755	-0.0132877	-0.407195	0.533189	-0.0208755	-0.0132877	-0.407195	0.533189	
-3.26	-0.0215485	-0.0128577	-0.394523	0.557199	-0.0215485	-0.0128577	-0.394523	0.557199	
-3.24	-0.0222205	-0.0124501	-0.379408	0.581609	-0.0222205	-0.0124501	-0.379408	0.581609	
-3.22	-0.0228913	-0.0120638	-0.361607	0.606181	-0.0228913	-0.0120638	-0.361607	0.606181	
-3.2	-0.0235609	-0.0116978	-0.340888	0.630617	-0.0235609	-0.0116978	-0.340888	0.630617	
-3.18	-0.0242292	-0.0113513	-0.317043	0.65455	-0.0242292	-0.0113513	-0.317043	0.65455	
-3.16	-0.0248963	-0.0110234	-0.28991	0.677542	-0.0248963	-0.0110234	-0.28991	0.677542	
-3.14	-0.0255622	-0.0107131	-0.259385	0.699086	-0.0255622	-0.0107131	-0.259385	0.699086	
-3.12	-0.0262269	-0.0104199	-0.225455	0.718613	-0.0262269	-0.0104199	-0.225455	0.718613	
-3.1	-0.0268906	-0.0101429	-0.188214	0.735507	-0.0268906	-0.0101429	-0.188214	0.735507	
-3.08	-0.0275533	-0.0098815	-0.147889	0.749126	-0.0275533	-0.0098815	-0.147889	0.749126	
-3.06	-0.0282152	-0.00963505	-0.104852	0.758841	-0.0282152	-0.00963505	-0.104852	0.758841	
-3.04	-0.0288765	-0.00940296	-0.0596302	0.764068	-0.0288765	-0.00940296	-0.0596302	0.764068	
-3.02	-0.0295374	-0.00918469	-0.0128983	0.764319	-0.0295374	-0.00918469	-0.0128983	0.764319	
-3	-0.0301979	-0.00897971	0.0345427	0.759244	-0.0301979	-0.00897971	0.0345427	0.759244	
-2.98	-0.0308584	-0.00878755	0.0818021	0.748666	-0.0308584	-0.00878755	0.0818021	0.748666	
-2.96	-0.031519	-0.00860777	0.127949	0.73261	-0.031519	-0.00860777	0.127949	0.73261	
-2.94	-0.03218	-0.00843994	0.172068	0.711312	-0.03218	-0.00843994	0.172068	0.711312	
-2.92	-0.0328416	-0.00828368	0.213321	0.685205	-0.0328416	-0.00828368	0.213321	0.685205	
-2.9	-0.0335041	-0.00813863	0.250994	0.654891	-0.0335041	-0.00813863	0.250994	0.654891	
-2.88	-0.0341676	-0.00800446	0.284537	0.621096	-0.0341676	-0.00800446	0.284537	0.621096	
-2.86	-0.0348325	-0.00788086	0.313583	0.584619	-0.0348325	-0.00788086	0.313583	0.584619	
-2.84	-0.0354991	-0.00776754	0.337956	0.546282	-0.0354991	-0.00776754	0.337956	0.546282	
-2.82	-0.0361675	-0.00766425	0.357651	0.506873	-0.0361675	-0.00766425	0.357651	0.506873	
-2.8	-0.0368382	-0.00757075	0.372813	0.467119	-0.0368382	-0.00757075	0.372813	0.467119	
-2.78	-0.0375113	-0.00748682	0.383705	0.427653	-0.0375113	-0.00748682	0.383705	0.427653	
-2.76	-0.0381873	-0.00741227	0.390673	0.389003	-0.0381873	-0.00741227	0.390673	0.389003	
-2.74	-0.0388663	-0.00734692	0.394115	0.351584	-0.0388663	-0.00734692	0.394115	0.351584	
-2.72	-0.0395488	-0.0072906	0.39445	0.315709	-0.0395488	-0.0072906	0.39445	0.315709	
-2.7	-0.040235	-0.00724319	0.392101	0.281594	-0.040235	-0.00724319	0.392101	0.281594	
-2.68	-0.0409253	-0.00720457	0.387472	0.249372	-0.0409253	-0.00720457	0.387472	0.249372	
-2.66	-0.04162	-0.00717462	0.380941	0.219109	-0.04162	-0.00717462	0.380941	0.219109	
-2.64	-0.0423195	-0.00715326	0.372852	0.190816	-0.0423195	-0.00715326	0.372852	0.190816	
-2.62	-0.043024	-0.00714042	0.363511	0.164461	-0.043024	-0.00714042	0.363511	0.164461	
-2.6	-0.043734	-0.00713606	0.353186	0.139982	-0.043734	-0.00713606	0.353186	0.139982	
-2.58	-0.0444499	-0.00714013	0.342108	0.117297	-0.0444499	-0.00714013	0.342108	0.117297	
-2.56	-0.045172	-0.00715261	0.330474	0.0963084	-0.045172	-0.00715261	0.330474	0.0963084	
-2.54	-0.0459007	-0.0071735	0.318451	0.0769113	-0.0459007	-0.0071735	0.318451	0.0769113	
-2.52	-0.0466364	-0.00720282	0.306176	0.0589977	-0.0466364	-0.00720282	0.306176	0.0589977	
-2.5	-0.0473796	-0.0072406	0.293764	0.0424598	-0.0473796	-0.0072406	0.293764	0.0424598	
-2.48	-0.0481306	-0.00728688	0.281308	0.027192	-0.0481306	-0.00728688	0.281308	0.027192	
-2.46	-0.0488899	-0.00734172	0.268884	0.0130929	-0.0488899	-0.00734172	0.268884	0.0130929	
-2.44	-0.0496579	-0.00740522	0.256551	6.63246e-05	-0.0496579	-0.00740522	0.256551	6.63246e-05	
-2.42	-0.0504352	-0.00747746	0.244358	-0.0119782	-0.0504352	-0.00747746	0.244358	-0.0119782	
-2.4	-0.0512221	-0.00755858	0.23234	-0.0231249	-0.0512221	-0.00755858	0.23234	-0.0231249	
-2.38	-0.0520193	-0.0076487	0.220526	-0.033452	-0.0520193	-0.0076487	0.220526	-0.033452	
-2.36	-0.0528271	-0.00774798	0.208936	-0.0430316	-0.0528271	-0.00774798	0.208936	-0.0430316	
-2.34	-0.0536461	-0.00785661	0.197585	-0.0519301	-0.0536461	-0.00785661	0.197585	-0.0519301	
-2.32	-0.054477	-0.00797478	0.186481	-0.0602081	-0.054477	-0.00797478	0.186481	-0.0602081	
-2.3	-0.0553202	-0.00810272	0.175632	-0.0679214	-0.0553202	-0.00810272	0.175632	-0.0679214	
-2.28	-0.0561763	-0.00824067	0.165039	-0.0751208	-0.0561763	-0.00824067	0.165039	-0.0751208	
-2.26	-0.057046	-0.0083889	0.154702	-0.0818528	-0.057046	-0.0083889	0.154702	-0.0818528	
-2.24	-0.0579299	-0.00854772	0.14462	-0.0881596	-0.0579299	-0.00854772	0.14462	-0.0881596	
-2.22	-0.0588286	-0.00871745	0.134787	-0.0940798	-0.0588286	-0.00871745	0.134787	-0.0940798	
-2.2	-0.0597429	-0.00889844	0.125201	-0.0996486	-0.0597429	-0.00889844	0.125201	-0.0996486	
-2.18	-0.0606735	-0.0090911	0.115854	-0.104898	-0.0606735	-0.0090911	0.115854	-0.104898	
-2.16	-0.0616211	-0.00929583	0.10674	-0.109857	-0.0616211	-0.00929583	0.10674	-0.109857	
-2.14	-0.0625866	-0.00951311	0.0978516	-0.114554	-0.0625866	-0.00951311	0.0978516	-0.114554	
-2.12	-0.0635707	-0.00974343	0.0891824	-0.119011	-0.0635707	-0.00974343	0.0891824	-0.119011	
-2.1	-0.0645743	-0.00998733	0.0807243	-0.123251	-0.0645743	-0.00998733	0.0807243	-0.123251	
-2.08	-0.0655984	-0.0102454	0.0724698	-0.127296	-0.0655984	-0.0102454	0.0724698	-0.127296	
-2.06	-0.0666438	-0.0105183	0.0644112	-0.131162	-0.0666438	-0.0105183	0.0644112	-0.131162	
-2.04	-0.0677116	-0.0108067	0.0565409	-0.134869	-0.0677116	-0.0108067	0.0565409	-0.134869	
-2.02	-0.0688028	-0.0111114	0.0488514	-0.138431	-0.0688028	-0.0111114	0.0488514	-0.138431	
-2	-0.0699186	-0.0114331	0.0413354	-0.141862	-0.0699186	-0.0114331	0.0413354	-0.141862	
-1.98	-0.07106	-0.0117728	0.0339856	-0.145177	-0.07106	-0.0117728	0.0339856	-0.145177	
-1.96	-0.0722283	-0.0121314	0.0267952	-0.148388	-0.0722283	-0.0121314	0.0267952	-0.148388	
-1.94	-0.0734248	-0.0125099	0.0197573	-0.151506	-0.0734248	-0.0125099	0.0197573	-0.151506	
-1.92	-0.0746509	-0.0129096	0.0128654	-0.154541	-0.0746509	-0.0129096	0.0128654	-0.154541	
-1.9	-0.0759079	-0.0133315	0.0061133	-0.157504	-0.0759079	-0.0133315	0.0061133	-0.157504	
-1.88	-0.0771975	-0.0137772	-0.00050519	-0.160403	-0.0771975	-0.0137772	-0.00050519	-0.160403	
-1.86	-0.0785212	-0.014248	-0.00699585	-0.163248	-0.0785212	-0.014248	-0.00699585	-0.163248	
-1.84	-0.0798807	-0.0147455	-0.0133643	-0.166046	-0.0798807	-0.0147455	-0.0133643	-0.166046	
-1.82	-0.0812778	-0.0152714	-0.0196158	-0.168804	-0.0812778	-0.0152714	-0.0196158	-0.168804	
-1.8	-0.0827144	-0.0158277	-0.0257556	-0.17153	-0.0827144	-0.0158277	-0.0257556	-0.17153	
-1.78	-0.0841926	-0.0164165	-0.0317885	-0.174231	-0.0841926	-0.0164165	-0.0317885	-0.174231	
-1.76	-0.0857145	-0.0170401	-0.0377192	-0.176912	-0.0857145	-0.0170401	-0.0377192	-0.176912	
-1.74	-0.0872825	-0.0177008	-0.0435522	-0.179579	-0.0872825	-0.0177008	-0.0435522	-0.179579	
-1.72	-0.0888988	-0.0184016	-0.0492916	-0.182239	-0.0888988	-0.0184016	-0.0492916	-0.182239	
-1.7	-0.0905662	-0.0191454	-0.0549416	-0.184896	-0.0905662	-0.0191454	-0.0549416	-0.184896	
-1.68	-0.0922874	-0.0199356	-0.060506	-0.187557	-0.0922874	-0.0199356	-0.060506	-0.187557	
-1.66	-0.0940654	-0.0207759	-0.0659883	-0.190225	-0.0940654	-0.0207759	-0.0659883	-0.190225	
-1.64	-0.0959032	-0.0216703	-0.071392	-0.192905	-0.0959032	-0.0216703	-0.071392	-0.192905	
-1.62	-0.0978042	-0.0226235	-0.0767203	-0.195603	-0.0978042	-0.0226235	-0.0767203	-0.195603	
-1.6	-0.099772	-0.0236404	-0.0819764	-0.198323	-0.099772	-0.0236404	-0.0819764	-0.198323	
-1.58	-0.10181	-0.0247267	-0.087163	-0.201069	-0.10181	-0.0247267	-0.087163	-0.201069	
-1.56	-0.103923	-0.0258886	-0.0922829	-0.203846	-0.103923	-0.0258886	-0.0922829	-0.203846	
-1.54	-0.106115	-0.027133	-0.0973386	-0.206657	-0.106115	-0.027133	-0.0973386	-0.206657	
-1.52	-0.10839	-0.0284679	-0.102332	-0.209507	-0.10839	-0.0284679	-0.102332	-0.209507	
-1.5	-0.110754	-0.0299021	-0.107267	-0.212401	-0.110754	-0.0299021	-0.107267	-0.212401	
-1.48	-0.113211	-0.0314454	-0.112143	-0.215341	-0.113211	-0.0314454	-0.112143	-0.215341	
-1.46	-0.115767	-0.0331089	-0.116963	-0.218333	-0.115767	-0.0331089	-0.116963	-0.218333	
-1.44	-0.118428	-0.0349054	-0.12173	-0.22138	-0.118428	-0.0349054	-0.12173	-0.22138	
-1.42	-0.121199	-0.0368492	-0.126443	-0.224486	-0.121199	-0.0368492	-0.126443	-0.224486	
-1.4	-0.124087	-0.0389566	-0.131105	-0.227655	-0.124087	-0.0389566	-0.131105	-0.227655	
-1.38	-0.127098	-0.0412462	-0.135717	-0.230893	-0.127098	-0.0412462	-0.135717	-0.230893	
-1.36	-0.130239	-0.0437393	-0.14028	-0.234201	-0.130239	-0.0437393	-0.14028	-0.234201	
-1.34	-0.133516	-0.0464603	-0.144793	-0.237586	-0.133516	-0.0464603	-0.144793	-0.237586	
-1.32	-0.136936	-0.0494372	-0.149259	-0.24105	-0.136936	-0.0494372	-0.149259	-0.24105	
-1.3	-0.140504	-0.0527025	-0.153677	-0.244599	-0.140504	-0.0527025	-0.153677	-0.244599	
-1.28	-0.144225	-0.0562938	-0.158048	-0.248236	-0.144225	-0.0562938	-0.158048	-0.248236	
-1.26	-0.148104	-0.0602544	-0.16237	-0.251967	-0.148104	-0.0602544	-0.16237	-0.251967	
-1.24	-0.152143	-0.064635	-0.166646	-0.255795	-0.152143	-0.064635	-0.166646	-0.255795	
-1.22	-0.156339	-0.0694946	-0.170872	-0.259725	-0.156339	-0.0694946	-0.170872	-0.259725	
-1.2	-0.160688	-0.074902	-0.17505	-0.263763	-0.160688	-0.074902	-0.17505	-0.263763	
-1.18	-0.165178	-0.0809378	-0.179178	-0.267912	-0.165178	-0.0809378	-0.179178	-0.267912	
-1.16	-0.169788	-0.0876963	-0.183255	-0.272178	-0.169788	-0.0876963	-0.183255	-0.272178	
-1.14	-0.174486	-0.0952874	-0.187279	-0.276565	-0.174486	-0.0952874	-0.187279	-0.276565	
-1.12	-0.179221	-0.103839	-0.191248	-0.28108	-0.179221	-0.103839	-0.191248	-0.28108	
-1.1	-0.183919	-0.113501	-0.195161	-0.285727	-0.183919	-0.113501	-0.195161	-0.285727	
-1.08	-0.18847	-0.124443	-0.199014	-0.290512	-0.18847	-0.124443	-0.199014	-0.290512	
-1.06	-0.192719	-0.136857	-0.202806	-0.295441	-0.192719	-0.136857	-0.202806	-0.295441	
-1.04	-0.196447	-0.150956	-0.206532	-0.300518	-0.196447	-0.150956	-0.206532	-0.300518	
-1.02	-0.199347	-0.166962	-0.21019	-0.305751	-0.199347	-0.166962	-0.21019	-0.305751	
-1	-0.200997	-0.185093	-0.213775	-0.311145	-0.200997	-0.185093	-0.213775	-0.311145	
-0.98	-0.200828	-0.205524	-0.217283	-0.316707	-0.200828	-0.205524	-0.217283	-0.316707	
-0.96	-0.198092	-0.228339	-0.220708	-0.322442	-0.198092	-0.228339	-0.220708	-0.322442	
-0.94	-0.191839	-0.253429	-0.224046	-0.328358	-0.191839	-0.253429	-0.224046	-0.328358	
-0.92	-0.180935	-0.280374	-0.227291	-0.334461	-0.180935	-0.280374	-0.227291	-0.334461	
-0.9	-0.164146	-0.308264	-0.230435	-0.340758	-0.164146	-0.308264	-0.230435	-0.340758	
-0.88	-0.140347	-0.335547	-0.233472	-0.347257	-0.140347	-0.335547	-0.233472	-0.347257	
-0.86	-0.108883	-0.359946	-0.236394	-0.353963	-0.108883	-0.359946	-0.236394	-0.353963	
-0.84	-0.0700429	-0.378621	-0.239192	-0.360884	-0.0700429	-0.378621	-0.239192	-0.360884	
-0.82	-0.0254716	-0.388673	-0.241857	-0.368028	-0.0254716	-0.388673	-0.241857	-0.368028	
-0.8	0.021774	-0.387958	-0.244379	-0.375403	0.021774	-0.387958	-0.244379	-0.375403	
-0.78	0.0677556	-0.375887	-0.246746	-0.383015	0.0677556	-0.375887	-0.246746	-0.383015	
-0.76	0.108653	-0.353734	-0.248948	-0.390873	0.108653	-0.353734	-0.248948	-0.390873	
-0.74	0.141751	-0.32424	-0.250971	-0.398983	0.141751	-0.32424	-0.250971	-0.398983	
-0.72	0.165915	-0.290729	-0.252802	-0.407355	0.165915	-0.290729	-0.252802	-0.407355	
-0.7	0.181446	-0.25624	-0.254426	-0.415994	0.181446	-0.25624	-0.254426	-0.415994	
-0.68	0.18956	-0.223033	-0.255828	-0.42491	0.18956	-0.223033	-0.255828	-0.42491	
-0.66	0.191838	-0.192485	-0.256991	-0.434109	0.191838	-0.192485	-0.256991	-0.434109	
-0.64	0.189834	-0.165237	-0.257898	-0.443599	0.189834	-0.165237	-0.257898	-0.443599	
-0.62	0.184875	-0.141423	-0.258529	-0.453386	0.184875	-0.141423	-0.258529	-0.453386	
-0.6	0.177999	-0.120878	-0.258866	-0.463478	0.177999	-0.120878	-0.258866	-0.463478	
-0.58	0.169973	-0.103289	-0.258889	-0.473881	0.169973	-0.103289	-0.258889	-0.473881	
-0.56	0.161341	-0.0882928	-0.258576	-0.484602	0.161341	-0.0882928	-0.258576	-0.484602	
-0.54	0.152475	-0.0755252	-0.257907	-0.495644	0.152475	-0.0755252	-0.257907	-0.495644	
-0.52	0.143619	-0.0646533	-0.256861	-0.507014	0.143619	-0.0646533	-0.256861	-0.507014	
-0.5	0.134931	-0.0553837	-0.255415	-0.518713	0.134931	-0.0553837	-0.255415	-0.518713	
-0.48	0.126504	-0.0474644	-0.253552	-0.530745	0.126504	-0.0474644	-0.253552	-0.530745	
-0.46	0.118391	-0.0406827	-0.251251	-0.543108	0.118391	-0.0406827	-0.251251	-0.543108	
-0.44	0.110615	-0.0348604	-0.248498	-0.555799	0.110615	-0.0348604	-0.248498	-0.555799	
-0.42	0.103182	-0.029849	-0.245278	-0.56881	0.103182	-0.029849	-0.245278	-0.56881	
-0.4	0.0960849	-0.0255249	-0.241584	-0.582127	0.0960849	-0.0255249	-0.241584	-0.582127	
-0.38	0.0893097	-0.0217856	-0.237412	-0.595728	0.0893097	-0.0217856	-0.237412	-0.595728	
-0.36	0.0828379	-0.0185455	-0.232762	-0.609578	0.0828379	-0.0185455	-0.232762	-0.609578	
-0.34	0.0766488	-0.0157333	-0.227638	-0.623626	0.0766488	-0.0157333	-0.227638	-0.623626	
-0.32	0.0707209	-0.0132896	-0.222047	-0.637798	0.0707209	-0.0132896	-0.222047	-0.637798	
-0.3	0.0650324	-0.0111645	-0.215987	-0.651999	0.0650324	-0.0111645	-0.215987	-0.651999	
-0.28	0.0595621	-0.0093161	-0.209443	-0.666103	0.0595621	-0.0093161	-0.209443	-0.666103	
-0.26	0.0542894	-0.00770932	-0.202374	-0.679961	0.0542894	-0.00770932	-0.202374	-0.679961	
-0.24	0.049195	-0.00631449	-0.1947	-0.693411	0.049195	-0.00631449	-0.1947	-0.693411	
-0.22	0.0442604	-0.0051066	-0.186295	-0.706297	0.0442604	-0.0051066	-0.186295	-0.706297	
-0.2	0.039468	-0.00406457	-0.176997	-0.718491	0.039468	-0.00406457	-0.176997	-0.718491	
-0.18	0.0348015	-0.00317063	-0.16662	-0.729912	0.0348015	-0.00317063	-0.16662	-0.729912	
-0.16	0.0302453	-0.00240983	-0.15499	-0.740537	0.0302453	-0.00240983	-0.15499	-0.740537	
-0.14	0.0257847	-0.00176967	-0.141967	-0.750391	0.0257847	-0.00176967	-0.141967	-0.750391	
-0.12	0.0214058	-0.00123978	-0.127468	-0.75952	0.0214058	-0.00123978	-0.127468	-0.75952	
-0.1	0.0170953	-0.000811619	-0.111468	-0.767974	0.0170953	-0.000811619	-0.111468	-0.767974	
-0.08	0.0128407	-0.000478333	-0.0939915	-0.775781	0.0128407	-0.000478333	-0.0939915	-0.775781	
-0.06	0.00862954	-0.000234547	-0.075098	-0.782941	0.00862954	-0.000234547	-0.075098	-0.782941	
-0.04	0.00445017	-7.62638e-05	-0.0548655	-0.789422	0.00445017	-7.62638e-05	-0.0548655	-0.789422	
-0.02	0.000291006	-7.71061e-07	-0.0333811	-0.795174	0.000291006	-7.71061e-07	-0.0333811	-0.795174	
0	-0.00385925	-6.58155e-06	-0.0107342	-0.800126	-0.00385925	-6.58155e-06	-0.0107342	-0.800126	
0.02	-0.0080118	-9.34046e-05	0.0129857	-0.804207	-0.0080118	-9.34046e-05	0.0129857	-0.804207	
0.04	-0.0121778	-0.000262143	0.0376892	-0.807342	-0.0121778	-0.000262143	0.0376892	-0.807342	
0.06	-0.0163685	-0.000514919	0.0632866	-0.809468	-0.0163685	-0.000514919	0.0632866	-0.809468	
0.08	-0.0205951	-0.000855125	0.0896855	-0.810534	-0.0205951	-0.000855125	0.0896855	-0.810534	
0.1	-0.0248693	-0.00128751	0.11679	-0.810506	-0.0248693	-0.00128751	0.11679	-0.810506	
0.12	-0.0292029	-0.00181828	0.144498	-0.809374	-0.0292029	-0.00181828	0.144498	-0.809374	
0.14	-0.0336081	-0.00245528	0.172701	-0.807149	-0.0336081	-0.00245528	0.172701	-0.807149	
0.16	-0.0380976	-0.00320816	0.201278	-0.803872	-0.0380976	-0.00320816	0.201278	-0.803872	
0.18	-0.0426847	-0.00408863	0.230097	-0.79961	-0.0426847	-0.00408863	0.230097	-0.79961	
0.2	-0.0473831	-0.00511074	0.259009	-0.794457	-0.0473831	-0.00511074	0.259009	-0.794457	
0.22	-0.0522074	-0.00629128	0.287842	-0.788532	-0.0522074	-0.00629128	0.287842	-0.788532	
0.24	-0.0571727	-0.00765022	0.316399	-0.781973	-0.0571727	-0.00765022	0.316399	-0.781973	
0.26	-0.062295	-0.00921122	0.344453	-0.774926	-0.062295	-0.00921122	0.344453	-0.774926	
0.28	-0.0675909	-0.0110024	0.371746	-0.76753	-0.0675909	-0.0110024	0.371746	-0.76753	
0.3	-0.0730775	-0.0130569	0.397992	-0.759906	-0.0730775	-0.0130569	0.397992	-0.759906	
0.32	-0.0787724	-0.0154144	0.422887	-0.752131	-0.0787724	-0.0154144	0.422887	-0.752131	
0.34	-0.0846931	-0.0181216	0.446126	-0.744227	-0.0846931	-0.0181216	0.446126	-0.744227	
0.36	-0.0908569	-0.0212343	0.467429	-0.736151	-0.0908569	-0.0212343	0.467429	-0.736151	
0.38	-0.0972794	-0.0248189	0.486568	-0.727797	-0.0972794	-0.0248189	0.486568	-0.727797	
0.4	-0.103974	-0.0289547	0.503395	-0.719008	-0.103974	-0.0289547	0.503395	-0.719008	
0.42	-0.110949	-0.0337361	0.517855	-0.709605	-0.110949	-0.0337361	0.517855	-0.709605	
0.44	-0.118205	-0.039276	0.529992	-0.699416	-0.118205	-0.039276	0.529992	-0.699416	
0.46	-0.125732	-0.0457091	0.539933	-0.688306	-0.125732	-0.0457091	0.539933	-0.688306	
0.48	-0.133502	-0.0531954	0.54787	-0.676193	-0.133502	-0.0531954	0.54787	-0.676193	
0.5	-0.141462	-0.0619243	0.554027	-0.663062	-0.141462	-0.0619243	0.554027	-0.663062	
0.52	-0.149518	-0.0721176	0.55864	-0.648954	-0.149518	-0.0721176	0.55864	-0.648954	
0.54	-0.157524	-0.0840311	0.561932	-0.633961	-0.157524	-0.0840311	0.561932	-0.633961	
0.56	-0.165255	-0.0979519	0.564102	-0.618206	-0.165255	-0.0979519	0.564102	-0.618206	
0.58	-0.172379	-0.114189	0.565321	-0.601831	-0.172379	-0.114189	0.565321	-0.601831	
0.6	-0.178417	-0.133048	0.565729	-0.584986	-0.178417	-0.133048	0.565729	-0.584986	
0.62	-0.182705	-0.154789	0.565441	-0.567815	-0.182705	-0.154789	0.565441	-0.567815	
0.64	-0.184356	-0.179547	0.564547	-0.55045	-0.184356	-0.179547	0.564547	-0.55045	
0.66	-0.182245	-0.20721	0.563119	-0.533013	-0.182245	-0.20721	0.563119	-0.533013	
0.68	-0.175057	-0.237259	0.561217	-0.515607	-0.175057	-0.237259	0.561217	-0.515607	
0.7	-0.161433	-0.26858	0.558889	-0.498323	-0.161433	-0.26858	0.558889	-0.498323	
0.72	-0.140272	-0.299335	0.556176	-0.481234	-0.140272	-0.299335	0.556176	-0.481234	
0.74	-0.111159	-0.327006	0.553114	-0.464402	-0.111159	-0.327006	0.553114	-0.464402	
0.76	-0.0748052	-0.348734	0.549735	-0.447874	-0.0748052	-0.348734	0.549735	-0.447874	
0.78	-0.0332532	-0.361973	0.546067	-0.431691	-0.0332532	-0.361973	0.546067	-0.431691	
0.8	0.01038	-0.365237	0.542137	-0.41588	0.01038	-0.365237	0.542137	-0.41588	
0.82	0.0526217	-0.358565	0.53797	-0.400464	0.0526217	-0.358565	0.53797	-0.400464	
0.84	0.0905027	-0.34344	0.53359	-0.385457	0.0905027	-0.34344	0.53359	-0.385457	
0.86	0.122144	-0.322233	0.529019	-0.37087	0.122144	-0.322233	0.529019	-0.37087	
0.88	0.146875	-0.297502	0.524279	-0.356707	0.146875	-0.297502	0.524279	-0.356707	
0.9	0.16498	-0.271461	0.519389	-0.34297	0.16498	-0.271461	0.519389	-0.34297	
0.92	0.177307	-0.245743	0.514369	-0.329658	0.177307	-0.245743	0.514369	-0.329658	
0.94	0.18492	-0.221388	0.509236	-0.316765	0.18492	-0.221388	0.509236	-0.316765	
0.96	0.188869	-0.198955	0.504008	-0.304285	0.188869	-0.198955	0.504008	-0.304285	
0.98	0.190076	-0.178663	0.4987	-0.292212	0.190076	-0.178663	0.4987	-0.292212	
1	0.189292	-0.160518	0.493326	-0.280534	0.189292	-0.160518	0.493326	-0.280534	
1.02	0.187105	-0.144402	0.487902	-0.269243	0.187105	-0.144402	0.487902	-0.269243	
1.04	0.18396	-0.130141	0.482439	-0.258328	0.18396	-0.130141	0.482439	-0.258328	
1.06	0.180185	-0.117538	0.476949	-0.247777	0.180185	-0.117538	0.476949	-0.247777	
1.08	0.176021	-0.106398	0.471443	-0.237578	0.176021	-0.106398	0.471443	-0.237578	
1.1	0.171641	-0.0965368	0.46593	-0.227719	0.171641	-0.0965368	0.46593	-0.227719	
1.12	0.167168	-0.0877907	0.460421	-0.218189	0.167168	-0.0877907	0.460421	-0.218189	
1.14	0.162687	-0.0800136	0.454924	-0.208976	0.162687	-0.0800136	0.454924	-0.208976	
1.16	0.15826	-0.0730782	0.449445	-0.200067	0.15826	-0.0730782	0.449445	-0.200067	
1.18	0.153926	-0.0668748	0.443992	-0.191451	0.153926	-0.0668748	0.443992	-0.191451	
1.2	0.14971	-0.0613084	0.438572	-0.183116	0.14971	-0.0613084	0.438572	-0.183116	
1.22	0.14563	-0.0562978	0.433189	-0.175052	0.14563	-0.0562978	0.433189	-0.175052	
1.24	0.141694	-0.0517732	0.427849	-0.167246	0.141694	-0.0517732	0.427849	-0.167246	
1.26	0.137907	-0.0476747	0.422556	-0.159689	0.137907	-0.0476747	0.422556	-0.159689	
1.28	0.134268	-0.0439506	0.417315	-0.15237	0.134268	-0.0439506	0.417315	-0.15237	
1.3	0.130776	-0.0405567	0.412128	-0.145278	0.130776	-0.0405567	0.412128	-0.145278	
1.32	0.127427	-0.0374545	0.407	-0.138405	0.127427	-0.0374545	0.407	-0.138405	
1.34	0.124216	-0.0346111	0.401933	-0.131741	0.124216	-0.0346111	0.401933	-0.131741	
1.36	0.121139	-0.0319977	0.396929	-0.125277	0.121139	-0.0319977	0.396929	-0.125277	
1.38	0.118189	-0.0295892	0.391991	-0.119004	0.118189	-0.0295892	0.391991	-0.119004	
1.4	0.11536	-0.0273639	0.38712	-0.112914	0.11536	-0.0273639	0.38712	-0.112914	
1.42	0.112647	-0.0253028	0.382319	-0.106999	0.112647	-0.0253028	0.382319	-0.106999	
1.44	0.110044	-0.0233893	0.377588	-0.101251	0.110044	-0.0233893	0.377588	-0.101251	
1.46	0.107545	-0.0216085	0.372929	-0.0956634	0.107545	-0.0216085	0.372929	-0.0956634	
1.48	0.105145	-0.0199477	0.368342	-0.0902286	0.105145	-0.0199477	0.368342	-0.0902286	
1.5	0.102839	-0.0183953	0.363829	-0.0849402	0.102839	-0.0183953	0.363829	-0.0849402	
1.52	0.100622	-0.0169413	0.35939	-0.0797917	0.100622	-0.0169413	0.35939	-0.0797917	
1.54	0.0984889	-0.0155767	0.355026	-0.074777	0.0984889	-0.0155767	0.355026	-0.074777	
1.56	0.0964356	-0.0142935	0.350737	-0.0698902	0.0964356	-0.0142935	0.350737	-0.0698902	
1.58	0.094458	-0.0130845	0.346523	-0.0651258	0.094458	-0.0130845	0.346523	-0.0651258	
1.6	0.0925522	-0.0119435	0.342384	-0.0604784	0.0925522	-0.0119435	0.342384	-0.0604784	
1.62	0.0907145	-0.0108646	0.338321	-0.055943	0.0907145	-0.0108646	0.338321	-0.055943	
1.64	0.0889415	-0.00984278	0.334333	-0.0515147	0.0889415	-0.00984278	0.334333	-0.0515147	
1.66	0.0872299	-0.00887339	0.330421	-0.047189	0.0872299	-0.00887339	0.330421	-0.047189	
1.68	0.0855767	-0.00795227	0.326584	-0.0429613	0.0855767	-0.00795227	0.326584	-0.0429613	
1.7	0.0839791	-0.00707565	0.322822	-0.0388276	0.0839791	-0.00707565	0.322822	-0.0388276	
1.72	0.0824344	-0.00624013	0.319135	-0.0347838	0.0824344	-0.00624013	0.319135	-0.0347838	
1.74	0.08094	-0.00544263	0.315523	-0.0308261	0.08094	-0.00544263	0.315523	-0.0308261	
1.76	0.0794937	-0.00468035	0.311985	-0.026951	0.0794937	-0.00468035	0.311985	-0.026951	
1.78	0.0780931	-0.00395072	0.308521	-0.023155	0.0780931	-0.00395072	0.308521	-0.023155	
1.8	0.0767362	-0.00325144	0.305131	-0.0194348	0.0767362	-0.00325144	0.305131	-0.0194348	
1.82	0.075421	-0.00258037	0.301813	-0.0157874	0.075421	-0.00258037	0.301813	-0.0157874	
1.84	0.0741457	-0.00193558	0.298569	-0.0122097	0.0741457	-0.00193558	0.298569	-0.0122097	
1.86	0.0729085	-0.00131529	0.295397	-0.00869905	0.0729085	-0.00131529	0.295397	-0.00869905	
1.88	0.0717078	-0.000717869	0.292297	-0.00525269	0.0717078	-0.000717869	0.292297	-0.00525269	
1.9	0.0705421	-0.000141827	0.289269	-0.00186813	0.0705421	-0.000141827	0.289269	-0.00186813	
1.92	0.0694098	0.000414214	0.286312	0.00145702	0.0694098	0.000414214	0.286312	0.00145702	
1.94	0.0683096	0.000951518	0.283425	0.00472502	0.0683096	0.000951518	0.283425	0.00472502	
1.96	0.0672403	0.00147125	0.280609	0.00793802	0.0672403	0.00147125	0.280609	0.00793802	
1.98	0.0662005	0.00197449	0.277863	0.0110981	0.0662005	0.00197449	0.277863	0.0110981	
2	0.0651891	0.00246224	0.275187	0.014207	0.0651891	0.00246224	0.275187	0.014207	
2.02	0.064205	0.00293541	0.27258	0.0172667	0.064205	0.00293541	0.27258	0.0172667	
2.04	0.0632471	0.00339485	0.270041	0.0202789	0.0632471	0.00339485	0.270041	0.0202789	
2.06	0.0623145	0.00384136	0.267571	0.0232451	0.0623145	0.00384136	0.267571	0.0232451	
2.08	0.0614062	0.00427567	0.265168	0.0261669	0.0614062	0.00427567	0.265168	0.0261669	
2.1	0.0605213	0.00469847	0.262833	0.0290457	0.0605213	0.00469847	0.262833	0.0290457	
2.12	0.0596591	0.00511038	0.260566	0.0318828	0.0596591	0.00511038	0.260566	0.0318828	
2.14	0.0588185	0.00551201	0.258365	0.0346794	0.0588185	0.00551201	0.258365	0.0346794	
2.16	0.057999	0.00590389	0.256231	0.0374367	0.057999	0.00590389	0.256231	0.0374367	
2.18	0.0571998	0.00628655	0.254163	0.0401557	0.0571998	0.00628655	0.254163	0.0401557	
2.2	0.0564202	0.00666046	0.252161	0.0428375	0.0564202	0.00666046	0.252161	0.0428375	
2.22	0.0556595	0.00702607	0.250225	0.045483	0.0556595	0.00702607	0.250225	0.045483	
2.24	0.0549171	0.00738381	0.248353	0.048093	0.0549171	0.00738381	0.248353	0.048093	
2.26	0.0541923	0.00773407	0.246547	0.0506682	0.0541923	0.00773407	0.246547	0.0506682	
2.28	0.0534847	0.00807721	0.244806	0.0532093	0.0534847	0.00807721	0.244806	0.0532093	
2.3	0.0527937	0.00841358	0.243129	0.0557171	0.0527937	0.00841358	0.243129	0.0557171	
2.32	0.0521187	0.00874351	0.241516	0.0581919	0.0521187	0.00874351	0.241516	0.0581919	
2.34	0.0514592	0.00906729	0.239968	0.0606344	0.0514592	0.00906729	0.239968	0.0606344	
2.36	0.0508149	0.00938523	0.238482	0.0630448	0.0508149	0.00938523	0.238482	0.0630448	
2.38	0.0501851	0.00969758	0.237061	0.0654236	0.0501851	0.00969758	0.237061	0.0654236	
2.4	0.0495695	0.0100046	0.235703	0.0677711	0.0495695	0.0100046	0.235703	0.0677711	
2.42	0.0489677	0.0103065	0.234408	0.0700874	0.0489677	0.0103065	0.234408	0.0700874	
2.44	0.0483792	0.0106036	0.233175	0.0723728	0.0483792	0.0106036	0.233175	0.0723728	
2.46	0.0478036	0.0108961	0.232005	0.0746272	0.0478036	0.0108961	0.232005	0.0746272	
2.48	0.0472407	0.011184	0.230898	0.0768508	0.0472407	0.011184	0.230898	0.0768508	
2.5	0.04669	0.0114678	0.229853	0.0790436	0.04669	0.0114678	0.229853	0.0790436	
2.52	0.0461512	0.0117474	0.22887	0.0812053	0.0461512	0.0117474	0.22887	0.0812053	
2.54	0.0456239	0.0120232	0.227948	0.083336	0.0456239	0.0120232	0.227948	0.083336	
2.56	0.0451079	0.0122952	0.227088	0.0854354	0.0451079	0.0122952	0.227088	0.0854354	
2.58	0.0446029	0.0125637	0.22629	0.0875032	0.0446029	0.0125637	0.22629	0.0875032	
2.6	0.0441085	0.0128287	0.225552	0.0895391	0.0441085	0.0128287	0.225552	0.0895391	
2.62	0.0436244	0.0130904	0.224875	0.0915427	0.0436244	0.0130904	0.224875	0.0915427	
2.64	0.0431505	0.0133489	0.224259	0.0935137	0.0431505	0.0133489	0.224259	0.0935137	
2.66	0.0426864	0.0136044	0.223703	0.0954514	0.0426864	0.0136044	0.223703	0.0954514	
2.68	0.0422319	0.013857	0.223206	0.0973555	0.0422319	0.013857	0.223206	0.0973555	
2.7	0.0417867	0.0141069	0.22277	0.0992253	0.0417867	0.0141069	0.22277	0.0992253	
2.72	0.0413507	0.014354	0.222392	0.10106	0.0413507	0.014354	0.222392	0.10106	
2.74	0.0409235	0.0145985	0.222073	0.102859	0.0409235	0.0145985	0.222073	0.102859	
2.76	0.040505	0.0148406	0.221813	0.104622	0.040505	0.0148406	0.221813	0.104622	
2.78	0.0400949	0.0150802	0.221611	0.106348	0.0400949	0.0150802	0.221611	0.106348	
2.8	0.0396931	0.0153176	0.221466	0.108035	0.0396931	0.0153176	0.221466	0.108035	
2.82	0.0392994	0.0155528	0.221378	0.109684	0.0392994	0.0155528	0.221378	0.109684	
2.84	0.0389135	0.0157859	0.221346	0.111293	0.0389135	0.0157859	0.221346	0.111293	
2.86	0.0385353	0.0160169	0.22137	0.112862	0.0385353	0.0160169	0.22137	0.112862	
2.88	0.0381646	0.016246	0.221449	0.114388	0.0381646	0.016246	0.221449	0.114388	
2.9	0.0378013	0.0164732	0.221583	0.115872	0.0378013	0.0164732	0.221583	0.115872	
2.92	0.0374451	0.0166986	0.22177	0.117312	0.0374451	0.0166986	0.22177	0.117312	
2.94	0.0370959	0.0169223	0.22201	0.118707	0.0370959	0.0169223	0.22201	0.118707	
2.96	0.0367536	0.0171443	0.222301	0.120056	0.0367536	0.0171443	0.222301	0.120056	
2.98	0.036418	0.0173648	0.222644	0.121358	0.036418	0.0173648	0.222644	0.121358	
3	0.036089	0.0175837	0.223036	0.122611	0.036089	0.0175837	0.223036	0.122611	
3.02	0.0357663	0.0178012	0.223477	0.123815	0.0357663	0.0178012	0.223477	0.123815	
3.04	0.03545	0.0180172	0.223966	0.124969	0.03545	0.0180172	0.223966	0.124969	
3.06	0.0351398	0.018232	0.224501	0.126071	0.0351398	0.018232	0.224501	0.126071	
3.08	0.0348356	0.0184454	0.225081	0.127119	0.0348356	0.0184454	0.225081	0.127119	
3.1	0.0345374	0.0186577	0.225705	0.128114	0.0345374	0.0186577	0.225705	0.128114	
3.12	0.0342449	0.0188688	0.226371	0.129053	0.0342449	0.0188688	0.226371	0.129053	
3.14	0.0339581	0.0190788	0.227078	0.129936	0.0339581	0.0190788	0.227078	0.129936	
3.16	0.0336768	0.0192877	0.227823	0.130762	0.0336768	0.0192877	0.227823	0.130762	
3.18	0.033401	0.0194956	0.228606	0.131529	0.033401	0.0194956	0.228606	0.131529	
3.2	0.0331306	0.0197027	0.229425	0.132236	0.0331306	0.0197027	0.229425	0.132236	
3.22	0.0328654	0.0199088	0.230277	0.132883	0.0328654	0.0199088	0.230277	0.132883	
3.24	0.0326053	0.0201141	0.23116	0.133468	0.0326053	0.0201141	0.23116	0.133468	
3.26	0.0323503	0.0203186	0.232074	0.133991	0.0323503	0.0203186	0.232074	0.133991	
3.28	0.0321003	0.0205223	0.233015	0.134451	0.0321003	0.0205223	0.233015	0.134451	
3.3	0.0318551	0.0207254	0.233981	0.134846	0.0318551	0.0207254	0.233981	0.134846	
3.32	0.0316148	0.0209279	0.23497	0.135178	0.0316148	0.0209279	0.23497	0.135178	
3.34	0.0313791	0.0211297	0.23598	0.135444	0.0313791	0.0211297	0.23598	0.135444	
3.36	0.0311481	0.021331	0.237009	0.135644	0.0311481	0.021331	0.237009	0.135644	
3.38	0.0309216	0.0215319	0.238054	0.135778	0.0309216	0.0215319	0.238054	0.135778	
3.4	0.0306997	0.0217322	0.239113	0.135846	0.0306997	0.0217322	0.239113	0.135846	
3.42	0.0304822	0.0219322	0.240182	0.135848	0.0304822	0.0219322	0.240182	0.135848	
3.44	0.030269	0.0221319	0.24126	0.135782	0.030269	0.0221319	0.24126	0.135782	
3.46	0.0300601	0.0223312	0.242345	0.13565	0.0300601	0.0223312	0.242345	0.13565	
3.48	0.0298554	0.0225303	0.243432	0.135452	0.0298554	0.0225303	0.243432	0.135452	
3.5	0.029655	0.0227292	0.244521	0.135188	0.029655	0.0227292	0.244521	0.135188	
3.52	0.0294586	0.0229279	0.245608	0.134858	0.0294586	0.0229279	0.245608	0.134858	
3.54	0.0292663	0.0231265	0.24669	0.134462	0.0292663	0.0231265	0.24669	0.134462	
3.56	0.029078	0.0233251	0.247765	0.134002	0.029078	0.0233251	0.247765	0.134002	
3.58	0.0288938	0.0235236	0.248831	0.133478	0.0288938	0.0235236	0.248831	0.133478	
3.6	0.0287134	0.0237221	0.249885	0.132892	0.0287134	0.0237221	0.249885	0.132892	
3.62	0.0285369	0.0239207	0.250925	0.132243	0.0285369	0.0239207	0.250925	0.132243	
3.64	0.0283643	0.0241194	0.251947	0.131534	0.0283643	0.0241194	0.251947	0.131534	
3.66	0.0281955	0.0243183	0.25295	0.130765	0.0281955	0.0243183	0.25295	0.130765	
3.68	0.0280305	0.0245174	0.253932	0.129938	0.0280305	0.0245174	0.253932	0.129938	
3.7	0.0278693	0.0247167	0.254889	0.129055	0.0278693	0.0247167	0.254889	0.129055	
3.72	0.0277117	0.0249163	0.255821	0.128116	0.0277117	0.0249163	0.255821	0.128116	
3.74	0.0275579	0.0251163	0.256724	0.127124	0.0275579	0.0251163	0.256724	0.127124	
3.76	0.0274078	0.0253167	0.257597	0.126081	0.0274078	0.0253167	0.257597	0.126081	
3.78	0.0272613	0.0255175	0.258438	0.124989	0.0272613	0.0255175	0.258438	0.124989	
3.8	0.0271185	0.0257187	0.259245	0.123848	0.0271185	0.0257187	0.259245	0.123848	
3.82	0.0269793	0.0259205	0.260016	0.122662	0.0269793	0.0259205	0.260016	0.122662	
3.84	0.0268438	0.0261228	0.260751	0.121433	0.0268438	0.0261228	0.260751	0.121433	
3.86	0.0267118	0.0263258	0.261447	0.120163	0.0267118	0.0263258	0.261447	0.120163	
3.88	0.0265835	0.0265294	0.262103	0.118853	0.0265835	0.0265294	0.262103	0.118853	
3.9	0.0264588	0.0267337	0.262719	0.117507	0.0264588	0.0267337	0.262719	0.117507	
3.92	0.0263377	0.0269388	0.263292	0.116127	0.0263377	0.0269388	0.263292	0.116127	
3.94	0.0262203	0.0271446	0.263822	0.114714	0.0262203	0.0271446	0.263822	0.114714	
3.96	0.0261064	0.0273512	0.264309	0.113272	0.0261064	0.0273512	0.264309	0.113272	
3.98	0.0259962	0.0275588	0.264751	0.111802	0.0259962	0.0275588	0.264751	0.111802	
4	0.0258897	0.0277672	0.265148	0.110308	0.0258897	0.0277672	0.265148	0.110308	
4.02	0.0257869	0.0279766	0.2655	0.10879	0.0257869	0.0279766	0.2655	0.10879	
4.04	0.0256877	0.0281869	0.265807	0.107253	0.0256877	0.0281869	0.265807	0.107253	
4.06	0.0255922	0.0283984	0.266067	0.105697	0.0255922	0.0283984	0.266067	0.105697	
4.08	0.0255005	0.0286108	0.266282	0.104126	0.0255005	0.0286108	0.266282	0.104126	
4.1	0.0254126	0.0288244	0.266451	0.102541	0.0254126	0.0288244	0.266451	0.102541	
4.12	0.0253285	0.0290391	0.266574	0.100945	0.0253285	0.0290391	0.266574	0.100945	
4.14	0.0252482	0.029255	0.266652	0.0993399	0.0252482	0.029255	0.266652	0.0993399	
4.16	0.0251718	0.0294722	0.266685	0.0977277	0.0251718	0.0294722	0.266685	0.0977277	
4.18	0.0250993	0.0296905	0.266674	0.0961104	0.0250993	0.0296905	0.266674	0.0961104	
4.2	0.0250309	0.0299102	0.266618	0.0944901	0.0250309	0.0299102	0.266618	0.0944901	
4.22	0.0249664	0.0301312	0.266519	0.0928687	0.0249664	0.0301312	0.266519	0.0928687	
4.24	0.024906	0.0303535	0.266378	0.0912479	0.024906	0.0303535	0.266378	0.0912479	
4.26	0.0248498	0.0305772	0.266195	0.0896296	0.0248498	0.0305772	0.266195	0.0896296	
4.28	0.0247978	0.0308023	0.265971	0.0880154	0.0247978	0.0308023	0.265971	0.0880154	
4.3	0.0247501	0.0310288	0.265706	0.0864069	0.0247501	0.0310288	0.265706	0.0864069	
4.32	0.0247066	0.0312568	0.265403	0.0848057	0.0247066	0.0312568	0.265403	0.0848057	
4.34	0.0246677	0.0314863	0.265061	0.0832132	0.0246677	0.0314863	0.265061	0.0832132	
4.36	0.0246332	0.0317172	0.264683	0.0816307	0.0246332	0.0317172	0.264683	0.0816307	
4.38	0.0246033	0.0319497	0.264268	0.0800595	0.0246033	0.0319497	0.264268	0.0800595	
4.4	0.024578	0.0321836	0.263819	0.0785009	0.024578	0.0321836	0.263819	0.0785009	
4.42	0.0245575	0.0324191	0.263336	0.076956	0.0245575	0.0324191	0.263336	0.076956	
4.44	0.0245419	0.0326561	0.26282	0.0754257	0.0245419	0.0326561	0.26282	0.0754257	
4.46	0.0245312	0.0328947	0.262272	0.0739111	0.0245312	0.0328947	0.262272	0.0739111	
4.48	0.0245255	0.0331348	0.261695	0.0724131	0.0245255	0.0331348	0.261695	0.0724131	
4.5	0.0245251	0.0333765	0.261088	0.0709324	0.0245251	0.0333765	0.261088	0.0709324	
4.52	0.0245298	0.0336197	0.260454	0.0694699	0.0245298	0.0336197	0.260454	0.0694699	
4.54	0.02454	0.0338644	0.259793	0.0680262	0.02454	0.0338644	0.259793	0.0680262	
4.56	0.0245557	0.0341106	0.259106	0.0666018	0.0245557	0.0341106	0.259106	0.0666018	
4.58	0.024577	0.0343583	0.258395	0.0651974	0.024577	0.0343583	0.258395	0.0651974	
4.6	0.024604	0.0346074	0.25766	0.0638135	0.024604	0.0346074	0.25766	0.0638135	
4.62	0.024637	0.034858	0.256904	0.0624504	0.024637	0.034858	0.256904	0.0624504	
4.64	0.024676	0.03511	0.256127	0.0611085	0.024676	0.03511	0.256127	0.0611085	
4.66	0.0247211	0.0353633	0.25533	0.0597881	0.0247211	0.0353633	0.25533	0.0597881	
4.68	0.0247725	0.0356179	0.254514	0.0584895	0.0247725	0.0356179	0.254514	0.0584895	
4.7	0.0248304	0.0358738	0.253681	0.0572128	0.0248304	0.0358738	0.253681	0.0572128	
4.72	0.0248949	0.0361309	0.252831	0.0559583	0.0248949	0.0361309	0.252831	0.0559583	
4.74	0.0249662	0.036389	0.251965	0.0547261	0.0249662	0.036389	0.251965	0.0547261	
4.76	0.0250444	0.0366483	0.251085	0.0535162	0.0250444	0.0366483	0.251085	0.0535162	
4.78	0.0251297	0.0369084	0.250192	0.0523287	0.0251297	0.0369084	0.250192	0.0523287	
4.8	0.0252222	0.0371694	0.249285	0.0511635	0.0252222	0.0371694	0.249285	0.0511635	
4.82	0.0253222	0.0374312	0.248368	0.0500206	0.0253222	0.0374312	0.248368	0.0500206	
4.84	0.0254297	0.0376936	0.247439	0.0489	0.0254297	0.0376936	0.247439	0.0489	
4.86	0.025545	0.0379565	0.2465	0.0478016	0.025545	0.0379565	0.2465	0.0478016	
4.88	0.0256682	0.0382198	0.245552	0.0467252	0.0256682	0.0382198	0.245552	0.0467252	
4.9	0.0257996	0.0384833	0.244596	0.0456707	0.0257996	0.0384833	0.244596	0.0456707	
4.92	0.0259392	0.0387469	0.243632	0.044638	0.0259392	0.0387469	0.243632	0.044638	
4.94	0.0260873	0.0390104	0.242662	0.0436267	0.0260873	0.0390104	0.242662	0.0436267	
4.96	0.026244	0.0392736	0.241685	0.0426368	0.026244	0.0392736	0.241685	0.0426368	
4.98	0.0264095	0.0395364	0.240703	0.0416679	0.0264095	0.0395364	0.240703	0.0416679	
5	0.026584	0.0397985	0.239716	0.0407199	0.026584	0.0397985	0.239716	0.0407199	
5.02	0.0267677	0.0400597	0.238725	0.0397925	0.0267677	0.0400597	0.238725	0.0397925	
5.04	0.0269608	0.0403199	0.237731	0.0388854	0.0269608	0.0403199	0.237731	0.0388854	
5.06	0.0271633	0.0405786	0.236734	0.0379983	0.0271633	0.0405786	0.236734	0.0379983	
5.08	0.0273755	0.0408357	0.235734	0.037131	0.0273755	0.0408357	0.235734	0.037131	
5.1	0.0275976	0.0410909	0.234733	0.036283	0.0275976	0.0410909	0.234733	0.036283	
5.12	0.0278296	0.0413439	0.23373	0.0354542	0.0278296	0.0413439	0.23373	0.0354542	
5.14	0.0280718	0.0415944	0.232726	0.0346443	0.0280718	0.0415944	0.232726	0.0346443	
5.16	0.0283242	0.041842	0.231722	0.0338528	0.0283242	0.041842	0.231722	0.0338528	
5.18	0.0285871	0.0420865	0.230719	0.0330795	0.0285871	0.0420865	0.230719	0.0330795	
5.2	0.0288605	0.0423275	0.229715	0.032324	0.0288605	0.0423275	0.229715	0.032324	
5.22	0.0291445	0.0425645	0.228713	0.031586	0.0291445	0.0425645	0.228713	0.031586	
5.24	0.0294392	0.0427973	0.227711	0.0308653	0.0294392	0.0427973	0.227711	0.0308653	
5.26	0.0297448	0.0430253	0.226712	0.0301613	0.0297448	0.0430253	0.226712	0.0301613	
5.28	0.0300612	0.0432483	0.225714	0.0294739	0.0300612	0.0432483	0.225714	0.0294739	
5.3	0.0303886	0.0434657	0.224718	0.0288027	0.0303886	0.0434657	0.224718	0.0288027	
5.32	0.030727	0.0436771	0.223725	0.0281473	0.030727	0.0436771	0.223725	0.0281473	
5.34	0.0310763	0.043882	0.222735	0.0275075	0.0310763	0.043882	0.222735	0.0275075	
5.36	0.0314367	0.0440799	0.221748	0.0268828	0.0314367	0.0440799	0.221748	0.0268828	
5.38	0.031808	0.0442704	0.220764	0.0262731	0.031808	0.0442704	0.220764	0.0262731	
5.4	0.0321901	0.044453	0.219784	0.0256779	0.0321901	0.044453	0.219784	0.0256779	
5.42	0.0325832	0.0446271	0.218808	0.0250969	0.0325832	0.0446271	0.218808	0.0250969	
5.44	0.0329869	0.0447922	0.217835	0.0245298	0.0329869	0.0447922	0.217835	0.0245298	
5.46	0.0334012	0.0449478	0.216867	0.0239764	0.0334012	0.0449478	0.216867	0.0239764	
5.48	0.0338259	0.0450933	0.215903	0.0234362	0.0338259	0.0450933	0.215903	0.0234362	
5.5	0.0342609	0.0452281	0.214944	0.0229091	0.0342609	0.0452281	0.214944	0.0229091	
5.52	0.0347058	0.0453518	0.213989	0.0223946	0.0347058	0.0453518	0.213989	0.0223946	
5.54	0.0351605	0.0454638	0.213039	0.0218926	0.0351605	0.0454638	0.213039	0.0218926	
5.56	0.0356246	0.0455635	0.212094	0.0214026	0.0356246	0.0455635	0.212094	0.0214026	
5.58	0.0360979	0.0456504	0.211154	0.0209245	0.0360979	0.0456504	0.211154	0.0209245	
5.6	0.0365799	0.0457238	0.210219	0.020458	0.0365799	0.0457238	0.210219	0.020458	
5.62	0.0370702	0.0457834	0.20929	0.0200027	0.0370702	0.0457834	0.20929	0.0200027	
5.64	0.0375685	0.0458286	0.208365	0.0195584	0.0375685	0.0458286	0.208365	0.0195584	
5.66	0.0380741	0.0458587	0.207447	0.0191248	0.0380741	0.0458587	0.207447	0.0191248	
5.68	0.0385867	0.0458735	0.206534	0.0187017	0.0385867	0.0458735	0.206534	0.0187017	
5.7	0.0391056	0.0458723	0.205626	0.0182888	0.0391056	0.0458723	0.205626	0.0182888	
5.72	0.0396302	0.0458547	0.204724	0.0178859	0.0396302	0.0458547	0.204724	0.0178859	
5.74	0.04016	0.0458203	0.203828	0.0174927	0.04016	0.0458203	0.203828	0.0174927	
5.76	0.0406943	0.0457687	0.202937	0.017109	0.0406943	0.0457687	0.202937	0.017109	
5.78	0.0412324	0.0456995	0.202053	0.0167346	0.0412324	0.0456995	0.202053	0.0167346	
5.8	0.0417735	0.0456124	0.201174	0.0163692	0.0417735	0.0456124	0.201174	0.0163692	
5.82	0.0423168	0.0455071	0.200301	0.0160126	0.0423168	0.0455071	0.200301	0.0160126	
5.84	0.0428618	0.0453833	0.199434	0.0156645	0.0428618	0.0453833	0.199434	0.0156645	
5.86	0.0434074	0.0452408	0.198573	0.0153248	0.0434074	0.0452408	0.198573	0.0153248	
5.88	0.0439529	0.0450794	0.197718	0.0149933	0.0439529	0.0450794	0.197718	0.0149933	
5.9	0.0444974	0.0448991	0.196869	0.0146697	0.0444974	0.0448991	0.196869	0.0146697	
5.92	0.0450401	0.0446997	0.196025	0.0143538	0.0450401	0.0446997	0.196025	0.0143538	
5.94	0.04558	0.0444813	0.195188	0.0140456	0.04558	0.0444813	0.195188	0.0140456	
5.96	0.0461164	0.0442438	0.194357	0.0137446	0.0461164	0.0442438	0.194357	0.0137446	
5.98	0.0466483	0.0439873	0.193531	0.0134509	0.0466483	0.0439873	0.193531	0.0134509	
6	0.0471748	0.0437121	0.192712	0.0131641	0.0471748	0.0437121	0.192712	0.0131641	
6.02	0.0476951	0.0434182	0.191899	0.0128842	0.0476951	0.0434182	0.191899	0.0128842	
6.04	0.0482082	0.043106	0.191091	0.0126109	0.0482082	0.043106	0.191091	0.0126109	
6.06	0.0487134	0.0427756	0.19029	0.0123441	0.0487134	0.0427756	0.19029	0.0123441	
6.08	0.0492097	0.0424276	0.189494	0.0120836	0.0492097	0.0424276	0.189494	0.0120836	
6.1	0.0496963	0.0420623	0.188704	0.0118292	0.0496963	0.0420623	0.188704	0.0118292	
6.12	0.0501725	0.0416802	0.18792	0.0115809	0.0501725	0.0416802	0.18792	0.0115809	
6.14	0.0506374	0.0412817	0.187142	0.0113384	0.0506374	0.0412817	0.187142	0.0113384	
6.16	0.0510904	0.0408674	0.18637	0.0111016	0.0510904	0.0408674	0.18637	0.0111016	
6.18	0.0515307	0.040438	0.185603	0.0108703	0.0515307	0.040438	0.185603	0.0108703	
6.2	0.0519576	0.039994	0.184843	0.0106445	0.0519576	0.039994	0.184843	0.0106445	
6.22	0.0523706	0.0395362	0.184088	0.0104239	0.0523706	0.0395362	0.184088	0.0104239	
6.24	0.0527691	0.0390653	0.183339	0.0102085	0.0527691	0.0390653	0.183339	0.0102085	
6.26	0.0531525	0.0385819	0.182595	0.00999805	0.0531525	0.0385819	0.182595	0.00999805	
6.28	0.0535203	0.0380869	0.181857	0.00979251	0.0535203	0.0380869	0.181857	0.00979251	
6.3	0.0538722	0.0375811	0.181125	0.00959173	0.0538722	0.0375811	0.181125	0.00959173	
6.32	0.0542077	0.0370652	0.180398	0.00939559	0.0542077	0.0370652	0.180398	0.00939559	
6.34	0.0545266	0.0365401	0.179677	0.00920397	0.0545266	0.0365401	0.179677	0.00920397	
6.36	0.0548285	0.0360067	0.178961	0.00901676	0.0548285	0.0360067	0.178961	0.00901676	
6.38	0.0551132	0.0354657	0.178251	0.00883385	0.0551132	0.0354657	0.178251	0.00883385	
6.4	0.0553806	0.034918	0.177546	0.00865513	0.0553806	0.034918	0.177546	0.00865513	
6.42	0.0556306	0.0343644	0.176846	0.00848049	0.0556306	0.0343644	0.176846	0.00848049	
6.44	0.055863	0.0338058	0.176152	0.00830983	0.055863	0.0338058	0.176152	0.00830983	
6.46	0.0560779	0.0332431	0.175463	0.00814305	0.0560779	0.0332431	0.175463	0.00814305	
6.48	0.0562752	0.0326769	0.174779	0.00798006	0.0562752	0.0326769	0.174779	0.00798006	
6.5	0.0564551	0.0321082	0.174101	0.00782075	0.0564551	0.0321082	0.174101	0.00782075	
6.52	0.0566177	0.0315377	0.173428	0.00766505	0.0566177	0.0315377	0.173428	0.00766505	
6.54	0.0567632	0.0309661	0.17276	0.00751285	0.0567632	0.0309661	0.17276	0.00751285	
6.56	0.0568917	0.0303943	0.172096	0.00736407	0.0568917	0.0303943	0.172096	0.00736407	
6.58	0.0570034	0.0298228	0.171438	0.00721863	0.0570034	0.0298228	0.171438	0.00721863	
6.6	0.0570988	0.0292525	0.170785	0.00707644	0.0570988	0.0292525	0.170785	0.00707644	
6.62	0.0571779	0.0286839	0.170137	0.00693742	0.0571779	0.0286839	0.170137	0.00693742	
6.64	0.0572412	0.0281176	0.169494	0.00680149	0.0572412	0.0281176	0.169494	0.00680149	
6.66	0.0572891	0.0275544	0.168856	0.00666858	0.0572891	0.0275544	0.168856	0.00666858	
6.68	0.0573219	0.0269946	0.168222	0.00653861	0.0573219	0.0269946	0.168222	0.00653861	
6.7	0.05734	0.026439	0.167594	0.00641151	0.05734	0.026439	0.167594	0.00641151	
6.72	0.0573438	0.0258878	0.16697	0.00628722	0.0573438	0.0258878	0.16697	0.00628722	
6.74	0.0573337	0.0253418	0.16635	0.00616565	0.0573337	0.0253418	0.16635	0.00616565	
6.76	0.0573103	0.0248011	0.165736	0.00604675	0.0573103	0.0248011	0.165736	0.00604675	
6.78	0.0572739	0.0242664	0.165125	0.00593044	0.0572739	0.0242664	0.165125	0.00593044	
6.8	0.057225	0.0237378	0.16452	0.00581667	0.057225	0.0237378	0.16452	0.00581667	
6.82	0.057164	0.0232158	0.163919	0.00570538	0.057164	0.0232158	0.163919	0.00570538	
6.84	0.0570916	0.0227007	0.163322	0.0055965	0.0570916	0.0227007	0.163322	0.0055965	
6.86	0.057008	0.0221927	0.16273	0.00548997	0.057008	0.0221927	0.16273	0.00548997	
6.88	0.0569138	0.0216921	0.162143	0.00538575	0.0569138	0.0216921	0.162143	0.00538575	
6.9	0.0568095	0.0211991	0.161559	0.00528376	0.0568095	0.0211991	0.161559	0.00528376	
6.92	0.0566955	0.0207139	0.16098	0.00518397	0.0566955	0.0207139	0.16098	0.00518397	
6.94	0.0565723	0.0202366	0.160406	0.00508631	0.0565723	0.0202366	0.160406	0.00508631	
6.96	0.0564403	0.0197675	0.159835	0.00499073	0.0564403	0.0197675	0.159835	0.00499073	
6.98	0.0563	0.0193066	0.159269	0.0048972	0.0563	0.0193066	0.159269	0.0048972	
7	0.0561518	0.0188539	0.158706	0.00480564	0.0561518	0.0188539	0.158706	0.00480564	
7.02	0.0559962	0.0184097	0.158148	0.00471603	0.0559962	0.0184097	0.158148	0.00471603	
7.04	0.0558336	0.0179739	0.157594	0.00462831	0.0558336	0.0179739	0.157594	0.00462831	
7.06	0.0556644	0.0175465	0.157044	0.00454244	0.0556644	0.0175465	0.157044	0.00454244	
7.08	0.0554889	0.0171277	0.156498	0.00445837	0.0554889	0.0171277	0.156498	0.00445837	
7.1	0.0553077	0.0167173	0.155956	0.00437607	0.0553077	0.0167173	0.155956	0.00437607	
7.12	0.055121	0.0163154	0.155418	0.00429548	0.055121	0.0163154	0.155418	0.00429548	
7.14	0.0549292	0.015922	0.154884	0.00421658	0.0549292	0.015922	0.154884	0.00421658	
7.16	0.0547328	0.0155369	0.154353	0.00413932	0.0547328	0.0155369	0.154353	0.00413932	
7.18	0.0545319	0.0151602	0.153826	0.00406366	0.0545319	0.0151602	0.153826	0.00406366	
7.2	0.0543271	0.0147918	0.153303	0.00398956	0.0543271	0.0147918	0.153303	0.00398956	
7.22	0.0541184	0.0144316	0.152784	0.00391699	0.0541184	0.0144316	0.152784	0.00391699	
7.24	0.0539064	0.0140795	0.152269	0.00384592	0.0539064	0.0140795	0.152269	0.00384592	
7.26	0.0536912	0.0137355	0.151757	0.0037763	0.0536912	0.0137355	0.151757	0.0037763	
7.28	0.0534732	0.0133994	0.151248	0.00370811	0.0534732	0.0133994	0.151248	0.00370811	
7.3	0.0532526	0.0130711	0.150744	0.00364131	0.0532526	0.0130711	0.150744	0.00364131	
7.32	0.0530297	0.0127506	0.150242	0.00357587	0.0530297	0.0127506	0.150242	0.00357587	
7.34	0.0528047	0.0124377	0.149745	0.00351176	0.0528047	0.0124377	0.149745	0.00351176	
7.36	0.0525779	0.0121322	0.14925	0.00344895	0.0525779	0.0121322	0.14925	0.00344895	
7.38	0.0523494	0.0118341	0.14876	0.00338741	0.0523494	0.0118341	0.14876	0.00338741	
7.4	0.0521196	0.0115433	0.148272	0.0033271	0.0521196	0.0115433	0.148272	0.0033271	
7.42	0.0518885	0.0112595	0.147788	0.00326801	0.0518885	0.0112595	0.147788	0.00326801	
7.44	0.0516564	0.0109827	0.147307	0.0032101	0.0516564	0.0109827	0.147307	0.0032101	
7.46	0.0514235	0.0107128	0.14683	0.00315335	0.0514235	0.0107128	0.14683	0.00315335	
7.48	0.0511899	0.0104496	0.146356	0.00309773	0.0511899	0.0104496	0.146356	0.00309773	
7.5	0.0509558	0.0101929	0.145885	0.00304322	0.0509558	0.0101929	0.145885	0.00304322	
7.52	0.0507213	0.00994267	0.145417	0.00298979	0.0507213	0.00994267	0.145417	0.00298979	
7.54	0.0504867	0.00969874	0.144953	0.00293741	0.0504867	0.00969874	0.144953	0.00293741	
7.56	0.050252	0.00946097	0.144491	0.00288607	0.050252	0.00946097	0.144491	0.00288607	
7.58	0.0500173	0.00922923	0.144033	0.00283574	0.0500173	0.00922923	0.144033	0.00283574	
7.6	0.0497829	0.00900338	0.143577	0.00278639	0.0497829	0.00900338	0.143577	0.00278639	
7.62	0.0495487	0.00878328	0.143125	0.00273802	0.0495487	0.00878328	0.143125	0.00273802	
7.64	0.0493149	0.00856881	0.142676	0.00269058	0.0493149	0.00856881	0.142676	0.00269058	
7.66	0.0490817	0.00835983	0.14223	0.00264407	0.0490817	0.00835983	0.14223	0.00264407	
7.68	0.048849	0.00815621	0.141787	0.00259846	0.048849	0.00815621	0.141787	0.00259846	
7.7	0.0486171	0.00795782	0.141346	0.00255374	0.0486171	0.00795782	0.141346	0.00255374	
7.72	0.0483859	0.00776454	0.140909	0.00250988	0.0483859	0.00776454	0.140909	0.00250988	
7.74	0.0481555	0.00757624	0.140474	0.00246687	0.0481555	0.00757624	0.140474	0.00246687	
7.76	0.0479261	0.00739279	0.140043	0.00242468	0.0479261	0.00739279	0.140043	0.00242468	
7.78	0.0476977	0.00721409	0.139614	0.00238331	0.0476977	0.00721409	0.139614	0.00238331	
7.8	0.0474703	0.00703999	0.139188	0.00234272	0.0474703	0.00703999	0.139188	0.00234272	
7.82	0.047244	0.0068704	0.138764	0.00230291	0.047244	0.0068704	0.138764	0.00230291	
7.84	0.0470189	0.0067052	0.138344	0.00226385	0.0470189	0.0067052	0.138344	0.00226385	
7.86	0.046795	0.00654426	0.137926	0.00222554	0.046795	0.00654426	0.137926	0.00222554	
7.88	0.0465723	0.00638749	0.13751	0.00218795	0.0465723	0.00638749	0.13751	0.00218795	
7.9	0.0463509	0.00623477	0.137098	0.00215108	0.0463509	0.00623477	0.137098	0.00215108	
7.92	0.0461308	0.00608599	0.136688	0.00211489	0.0461308	0.00608599	0.136688	0.00211489	
7.94	0.0459121	0.00594107	0.13628	0.00207939	0.0459121	0.00594107	0.13628	0.00207939	
7.96	0.0456948	0.00579988	0.135876	0.00204455	0.0456948	0.00579988	0.135876	0.00204455	
7.98	0.0454789	0.00566234	0.135474	0.00201037	0.0454789	0.00566234	0.135474	0.00201037	
8	0.0452645	0.00552834	0.135074	0.00197682	0.0452645	0.00552834	0.135074	0.00197682	
8.02	0.0450515	0.0053978	0.134677	0.0019439	0.0450515	0.0053978	0.134677	0.0019439	
8.04	0.04484	0.00527062	0.134282	0.00191159	0.04484	0.00527062	0.134282	0.00191159	
8.06	0.0446301	0.00514671	0.13389	0.00187987	0.0446301	0.00514671	0.13389	0.00187987	
8.08	0.0444216	0.00502598	0.1335	0.00184874	0.0444216	0.00502598	0.1335	0.00184874	
8.1	0.0442147	0.00490835	0.133113	0.00181819	0.0442147	0.00490835	0.133113	0.00181819	
8.12	0.0440093	0.00479373	0.132728	0.0017882	0.0440093	0.00479373	0.132728	0.0017882	
8.14	0.0438055	0.00468204	0.132345	0.00175875	0.0438055	0.00468204	0.132345	0.00175875	
8.16	0.0436032	0.00457321	0.131965	0.00172985	0.0436032	0.00457321	0.131965	0.00172985	
8.18	0.0434026	0.00446715	0.131587	0.00170147	0.0434026	0.00446715	0.131587	0.00170147	
8.2	0.0432035	0.00436379	0.131211	0.00167361	0.0432035	0.00436379	0.131211	0.00167361	
8.22	0.0430059	0.00426306	0.130838	0.00164626	0.0430059	0.00426306	0.130838	0.00164626	
8.24	0.04281	0.00416489	0.130467	0.0016194	0.04281	0.00416489	0.130467	0.0016194	
8.26	0.0426156	0.0040692	0.130098	0.00159303	0.0426156	0.0040692	0.130098	0.00159303	
8.28	0.0424228	0.00397594	0.129731	0.00156713	0.0424228	0.00397594	0.129731	0.00156713	
8.3	0.0422316	0.00388502	0.129367	0.0015417	0.0422316	0.00388502	0.129367	0.0015417	
8.32	0.042042	0.0037964	0.129004	0.00151672	0.042042	0.0037964	0.129004	0.00151672	
8.34	0.0418539	0.00371001	0.128644	0.00149219	0.0418539	0.00371001	0.128644	0.00149219	
8.36	0.0416674	0.00362578	0.128286	0.0014681	0.0416674	0.00362578	0.128286	0.0014681	
8.38	0.0414825	0.00354366	0.12793	0.00144444	0.0414825	0.00354366	0.12793	0.00144444	
8.4	0.0412992	0.00346359	0.127577	0.0014212	0.0412992	0.00346359	0.127577	0.0014212	
8.42	0.0411173	0.00338551	0.127225	0.00139837	0.0411173	0.00338551	0.127225	0.00139837	
8.44	0.0409371	0.00330938	0.126875	0.00137595	0.0409371	0.00330938	0.126875	0.00137595	
8.46	0.0407583	0.00323514	0.126528	0.00135392	0.0407583	0.00323514	0.126528	0.00135392	
8.48	0.0405811	0.00316273	0.126182	0.00133228	0.0405811	0.00316273	0.126182	0.00133228	
8.5	0.0404054	0.00309212	0.125839	0.00131102	0.0404054	0.00309212	0.125839	0.00131102	
8.52	0.0402313	0.00302324	0.125497	0.00129013	0.0402313	0.00302324	0.125497	0.00129013	
8.54	0.0400586	0.00295606	0.125158	0.00126961	0.0400586	0.00295606	0.125158	0.00126961	
8.56	0.0398874	0.00289052	0.12482	0.00124945	0.0398874	0.00289052	0.12482	0.00124945	
8.58	0.0397177	0.00282659	0.124484	0.00122964	0.0397177	0.00282659	0.124484	0.00122964	
8.6	0.0395495	0.00276422	0.124151	0.00121017	0.0395495	0.00276422	0.124151	0.00121017	
8.62	0.0393827	0.00270337	0.123819	0.00119104	0.0393827	0.00270337	0.123819	0.00119104	
8.64	0.0392174	0.00264399	0.123489	0.00117224	0.0392174	0.00264399	0.123489	0.00117224	
8.66	0.0390535	0.00258605	0.123161	0.00115376	0.0390535	0.00258605	0.123161	0.00115376	
8.68	0.038891	0.00252952	0.122834	0.00113561	0.038891	0.00252952	0.122834	0.00113561	
8.7	0.0387299	0.00247434	0.12251	0.00111776	0.0387299	0.00247434	0.12251	0.00111776	
8.72	0.0385702	0.0024205	0.122187	0.00110022	0.0385702	0.0024205	0.122187	0.00110022	
8.74	0.0384119	0.00236794	0.121867	0.00108298	0.0384119	0.00236794	0.121867	0.00108298	
8.76	0.038255	0.00231664	0.121548	0.00106604	0.038255	0.00231664	0.121548	0.00106604	
8.78	0.0380995	0.00226657	0.12123	0.00104938	0.0380995	0.00226657	0.12123	0.00104938	
8.8	0.0379453	0.00221768	0.120915	0.00103301	0.0379453	0.00221768	0.120915	0.00103301	
8.82	0.0377924	0.00216996	0.120601	0.00101691	0.0377924	0.00216996	0.120601	0.00101691	
8.84	0.0376408	0.00212337	0.120289	0.00100109	0.0376408	0.00212337	0.120289	0.00100109	
8.86	0.0374906	0.00207788	0.119979	0.000985536	0.0374906	0.00207788	0.119979	0.000985536	
8.88	0.0373416	0.00203345	0.11967	0.000970242	0.0373416	0.00203345	0.11967	0.000970242	
8.9	0.037194	0.00199008	0.119363	0.000955206	0.037194	0.00199008	0.119363	0.000955206	
8.92	0.0370476	0.00194771	0.119058	0.000940422	0.0370476	0.00194771	0.119058	0.000940422	
8.94	0.0369024	0.00190634	0.118755	0.000925886	0.0369024	0.00190634	0.118755	0.000925886	
8.96	0.0367585	0.00186593	0.118453	0.000911592	0.0367585	0.00186593	0.118453	0.000911592	
8.98	0.0366159	0.00182647	0.118152	0.000897537	0.0366159	0.00182647	0.118152	0.000897537	
9	0.0364744	0.00178791	0.117854	0.000883716	0.0364744	0.00178791	0.117854	0.000883716	
9.02	0.0363342	0.00175025	0.117557	0.000870124	0.0363342	0.00175025	0.117557	0.000870124	
9.04	0.0361951	0.00171346	0.117261	0.000856757	0.0361951	0.00171346	0.117261	0.000856757	
9.06	0.0360572	0.00167751	0.116967	0.000843612	0.0360572	0.00167751	0.116967	0.000843612	
9.08	0.0359205	0.00164238	0.116675	0.000830683	0.0359205	0.00164238	0.116675	0.000830683	
9.1	0.035785	0.00160806	0.116384	0.000817967	0.035785	0.00160806	0.116384	0.000817967	
9.12	0.0356506	0.00157453	0.116095	0.000805461	0.0356506	0.00157453	0.116095	0.000805461	
9.14	0.0355173	0.00154175	0.115807	0.000793159	0.0355173	0.00154175	0.115807	0.000793159	
9.16	0.0353851	0.00150972	0.115521	0.000781059	0.0353851	0.00150972	0.115521	0.000781059	
9.18	0.0352541	0.00147842	0.115236	0.000769156	0.0352541	0.00147842	0.115236	0.000769156	
9.2	0.0351241	0.00144782	0.114953	0.000757448	0.0351241	0.00144782	0.114953	0.000757448	
9.22	0.0349952	0.00141791	0.114671	0.00074593	0.0349952	0.00141791	0.114671	0.00074593	
9.24	0.0348674	0.00138868	0.114391	0.000734599	0.0348674	0.00138868	0.114391	0.000734599	
9.26	0.0347406	0.00136009	0.114112	0.000723452	0.0347406	0.00136009	0.114112	0.000723452	
9.28	0.0346149	0.00133215	0.113835	0.000712485	0.0346149	0.00133215	0.113835	0.000712485	
9.3	0.0344902	0.00130483	0.113559	0.000701695	0.0344902	0.00130483	0.113559	0.000701695	
9.32	0.0343665	0.00127811	0.113284	0.000691079	0.0343665	0.00127811	0.113284	0.000691079	
9.34	0.0342438	0.00125199	0.113011	0.000680633	0.0342438	0.00125199	0.113011	0.000680633	
9.36	0.0341222	0.00122645	0.112739	0.000670355	0.0341222	0.00122645	0.112739	0.000670355	
9.38	0.0340015	0.00120147	0.112469	0.000660242	0.0340015	0.00120147	0.112469	0.000660242	
9.4	0.0338818	0.00117703	0.1122	0.000650291	0.0338818	0.00117703	0.1122	0.000650291	
9.42	0.033763	0.00115314	0.111932	0.000640498	0.033763	0.00115314	0.111932	0.000640498	
9.44	0.0336453	0.00112977	0.111666	0.000630862	0.0336453	0.00112977	0.111666	0.000630862	
9.46	0.0335284	0.0011069	0.111401	0.000621378	0.0335284	0.0011069	0.111401	0.000621378	
9.48	0.0334125	0.00108454	0.111137	0.000612045	0.0334125	0.00108454	0.111137	0.000612045	
9.5	0.0332975	0.00106266	0.110875	0.00060286	0.0332975	0.00106266	0.110875	0.00060286	
9.52	0.0331834	0.00104125	0.110614	0.00059382	0.0331834	0.00104125	0.110614	0.00059382	
9.54	0.0330702	0.00102031	0.110354	0.000584923	0.0330702	0.00102031	0.110354	0.000584923	
9.56	0.0329579	0.000999818	0.110096	0.000576166	0.0329579	0.000999818	0.110096	0.000576166	
9.58	0.0328465	0.000979767	0.109838	0.000567546	0.0328465	0.000979767	0.109838	0.000567546	
9.6	0.032736	0.000960145	0.109583	0.000559062	0.032736	0.000960145	0.109583	0.000559062	
9.62	0.0326263	0.000940944	0.109328	0.000550711	0.0326263	0.000940944	0.109328	0.000550711	
9.64	0.0325175	0.000922151	0.109075	0.00054249	0.0325175	0.000922151	0.109075	0.00054249	
9.66	0.0324095	0.000903759	0.108822	0.000534398	0.0324095	0.000903759	0.108822	0.000534398	
9.68	0.0323023	0.000885758	0.108571	0.000526431	0.0323023	0.000885758	0.108571	0.000526431	
9.7	0.032196	0.000868137	0.108322	0.000518589	0.032196	0.000868137	0.108322	0.000518589	
9.72	0.0320905	0.000850889	0.108073	0.000510868	0.0320905	0.000850889	0.108073	0.000510868	
9.74	0.0319857	0.000834004	0.107826	0.000503267	0.0319857	0.000834004	0.107826	0.000503267	
9.76	0.0318818	0.000817474	0.10758	0.000495783	0.0318818	0.000817474	0.10758	0.000495783	
9.78	0.0317787	0.000801291	0.107335	0.000488415	0.0317787	0.000801291	0.107335	0.000488415	
9.8	0.0316763	0.000785446	0.107091	0.000481161	0.0316763	0.000785446	0.107091	0.000481161	
9.82	0.0315747	0.000769933	0.106849	0.000474018	0.0315747	0.000769933	0.106849	0.000474018	
9.84	0.0314738	0.000754742	0.106607	0.000466985	0.0314738	0.000754742	0.106607	0.000466985	
9.86	0.0313737	0.000739867	0.106367	0.00046006	0.0313737	0.000739867	0.106367	0.00046006	
9.88	0.0312744	0.0007253	0.106128	0.000453241	0.0312744	0.0007253	0.106128	0.000453241	
9.9	0.0311758	0.000711034	0.10589	0.000446526	0.0311758	0.000711034	0.10589	0.000446526	
9.92	0.0310779	0.000697062	0.105653	0.000439914	0.0310779	0.000697062	0.105653	0.000439914	
9.94	0.0309807	0.000683378	0.105417	0.000433402	0.0309807	0.000683378	0.105417	0.000433402	
9.96	0.0308843	0.000669975	0.105183	0.000426989	0.0308843	0.000669975	0.105183	0.000426989	
9.98	0.0307885	0.000656846	0.104949	0.000420674	0.0307885	0.000656846	0.104949	0.000420674	
