0.0785398	0.00967564	-1.87155	0	0	0	0	-0.00128088	-0.974009	0.00967564	-1.87155	0	0	0	0	-0.00128088	-0.974009	
0.235619	0.00341058	-1.5995	0	0	0	0	-0.000485741	-0.899667	0.00341058	-1.5995	0	0	0	0	-0.000485741	-0.899667	
0.392699	0.00598825	-1.37379	0	0	0	0	7.45015e-05	-0.830836	0.00598825	-1.37379	0	0	0	0	7.45015e-05	-0.830836	
0.549779	0.007426	-1.19248	0	0	0	0	0.000734944	-0.768931	0.007426	-1.19248	0	0	0	0	0.000734944	-0.768931	
0.706858	0.00510969	-1.04223	0	0	0	0	0.00126505	-0.712603	0.00510969	-1.04223	0	0	0	0	0.00126505	-0.712603	
0.863938	0.00555249	-0.922144	0	0	0	0	0.00156352	-0.663121	0.00555249	-0.922144	0	0	0	0	0.00156352	-0.663121	
1.02102	0.00404428	-0.821732	0	0	0	0	0.00190981	-0.618648	0.00404428	-0.821732	0	0	0	0	0.00190981	-0.618648	
1.1781	0.000588825	-0.738668	0	0	0	0	0.00072054	-0.576795	0.000588825	-0.738668	0	0	0	0	0.00072054	-0.576795	
1.33518	0.00206679	-0.669757	0	0	0	0	0.000869854	-0.539048	0.00206679	-0.669757	0	0	0	0	0.000869854	-0.539048	
1.49226	-0.00179501	-0.611299	0	0	0	0	0.000373025	-0.504063	-0.00179501	-0.611299	0	0	0	0	0.000373025	-0.504063	
1.64934	-0.00161288	-0.563788	0	0	0	0	0.00302962	-0.475919	-0.00161288	-0.563788	0	0	0	0	0.00302962	-0.475919	
1.80642	-0.00535664	-0.521858	0	0	0	0	0.00207968	-0.449165	-0.00535664	-0.521858	0	0	0	0	0.00207968	-0.449165	
1.9635	-0.00627366	-0.484878	0	0	0	0	0.00102354	-0.425257	-0.00627366	-0.484878	0	0	0	0	0.00102354	-0.425257	
2.12058	-0.00807925	-0.444802	0	0	0	0	-0.00194284	-0.402994	-0.00807925	-0.444802	0	0	0	0	-0.00194284	-0.402994	
2.27765	-0.00360747	-0.415134	0	0	0	0	-0.00164569	-0.382243	-0.00360747	-0.415134	0	0	0	0	-0.00164569	-0.382243	
2.43473	-0.00153904	-0.392509	0	0	0	0	-0.000649493	-0.362332	-0.00153904	-0.392509	0	0	0	0	-0.000649493	-0.362332	
2.59181	-0.00175535	-0.372035	0	0	0	0	-0.000192344	-0.343732	-0.00175535	-0.372035	0	0	0	0	-0.000192344	-0.343732	
2.74889	-0.00186437	-0.352232	0	0	0	0	-0.000188905	-0.326964	-0.00186437	-0.352232	0	0	0	0	-0.000188905	-0.326964	
2.90597	-0.00112028	-0.333453	0	0	0	0	-0.000373177	-0.312084	-0.00112028	-0.333453	0	0	0	0	-0.000373177	-0.312084	
3.06305	4.585e-05	-0.316284	0	0	0	0	-0.000608227	-0.298835	4.585e-05	-0.316284	0	0	0	0	-0.000608227	-0.298835	
3.22013	0.00104949	-0.300976	0	0	0	0	-0.000846211	-0.286872	0.00104949	-0.300976	0	0	0	0	-0.000846211	-0.286872	
3.37721	0.00158103	-0.28746	0	0	0	0	-0.00106651	-0.275906	0.00158103	-0.28746	0	0	0	0	-0.00106651	-0.275906	
3.53429	0.00161024	-0.275498	0	0	0	0	-0.00125215	-0.265731	0.00161024	-0.275498	0	0	0	0	-0.00125215	-0.265731	
3.69137	0.00126081	-0.264803	0	0	0	0	-0.00138816	-0.256212	0.00126081	-0.264803	0	0	0	0	-0.00138816	-0.256212	
3.84845	0.000699192	-0.255114	0	0	0	0	-0.00146481	-0.247268	0.000699192	-0.255114	0	0	0	0	-0.00146481	-0.247268	
4.00553	7.1944e-05	-0.246218	0	0	0	0	-0.00147926	-0.238841	7.1944e-05	-0.246218	0	0	0	0	-0.00147926	-0.238841	
4.16261	-0.000517262	-0.237957	0	0	0	0	-0.00143495	-0.230896	-0.000517262	-0.237957	0	0	0	0	-0.00143495	-0.230896	
4.31969	-0.00100815	-0.230217	0	0	0	0	-0.00133972	-0.223398	-0.00100815	-0.230217	0	0	0	0	-0.00133972	-0.223398	
4.47677	-0.00137488	-0.222918	0	0	0	0	-0.00120378	-0.216324	-0.00137488	-0.222918	0	0	0	0	-0.00120378	-0.216324	
4.63385	-0.0016151	-0.216006	0	0	0	0	-0.00103796	-0.209644	-0.0016151	-0.216006	0	0	0	0	-0.00103796	-0.209644	
4.79093	-0.00174041	-0.209442	0	0	0	0	-0.000852541	-0.203334	-0.00174041	-0.209442	0	0	0	0	-0.000852541	-0.203334	
4.94801	-0.00176923	-0.203198	0	0	0	0	-0.000656579	-0.197368	-0.00176923	-0.203198	0	0	0	0	-0.000656579	-0.197368	
5.10509	-0.00172207	-0.197252	0	0	0	0	-0.00045755	-0.191723	-0.00172207	-0.197252	0	0	0	0	-0.00045755	-0.191723	
5.26217	-0.0016187	-0.191588	0	0	0	0	-0.000261356	-0.186377	-0.0016187	-0.191588	0	0	0	0	-0.000261356	-0.186377	
5.41925	-0.00147662	-0.186191	0	0	0	0	-7.2403e-05	-0.181308	-0.00147662	-0.186191	0	0	0	0	-7.2403e-05	-0.181308	
5.57633	-0.0013105	-0.181047	0	0	0	0	0.000106194	-0.176498	-0.0013105	-0.181047	0	0	0	0	0.000106194	-0.176498	
5.73341	-0.00113202	-0.176144	0	0	0	0	0.0002724	-0.171926	-0.00113202	-0.176144	0	0	0	0	0.0002724	-0.171926	
5.89049	-0.000950202	-0.171469	0	0	0	0	0.00042504	-0.167578	-0.000950202	-0.171469	0	0	0	0	0.00042504	-0.167578	
6.04757	-0.00077166	-0.167011	0	0	0	0	0.000563608	-0.163438	-0.00077166	-0.167011	0	0	0	0	0.000563608	-0.163438	
6.20465	-0.000601069	-0.162759	0	0	0	0	0.000688096	-0.15949	-0.000601069	-0.162759	0	0	0	0	0.000688096	-0.15949	
6.36173	-0.000441523	-0.158702	0	0	0	0	0.000798855	-0.155722	-0.000441523	-0.158702	0	0	0	0	0.000798855	-0.155722	
6.5188	-0.000294894	-0.154829	0	0	0	0	0.000896492	-0.152123	-0.000294894	-0.154829	0	0	0	0	0.000896492	-0.152123	
6.67588	-0.000162121	-0.15113	0	0	0	0	0.000981758	-0.148681	-0.000162121	-0.15113	0	0	0	0	0.000981758	-0.148681	
6.83296	-4.3457e-05	-0.147596	0	0	0	0	0.00105553	-0.145387	-4.3457e-05	-0.147596	0	0	0	0	0.00105553	-0.145387	
6.99004	6.13335e-05	-0.144217	0	0	0	0	0.00111868	-0.142231	6.13335e-05	-0.144217	0	0	0	0	0.00111868	-0.142231	
7.14712	0.000152823	-0.140985	0	0	0	0	0.00117215	-0.139205	0.000152823	-0.140985	0	0	0	0	0.00117215	-0.139205	
7.3042	0.000231801	-0.13789	0	0	0	0	0.00121681	-0.136302	0.000231801	-0.13789	0	0	0	0	0.00121681	-0.136302	
7.46128	0.000299188	-0.134927	0	0	0	0	0.00125353	-0.133514	0.000299188	-0.134927	0	0	0	0	0.00125353	-0.133514	
7.61836	0.000355963	-0.132085	0	0	0	0	0.00128311	-0.130833	0.000355963	-0.132085	0	0	0	0	0.00128311	-0.130833	
7.77544	0.000403124	-0.12936	0	0	0	0	0.00130631	-0.128256	0.000403124	-0.12936	0	0	0	0	0.00130631	-0.128256	
7.93252	0.000441648	-0.126745	0	0	0	0	0.00132383	-0.125775	0.000441648	-0.126745	0	0	0	0	0.00132383	-0.125775	
8.0896	0.000472472	-0.124232	0	0	0	0	0.0013363	-0.123386	0.000472472	-0.124232	0	0	0	0	0.0013363	-0.123386	
8.24668	0.000496482	-0.121818	0	0	0	0	0.00134433	-0.121084	0.000496482	-0.121818	0	0	0	0	0.00134433	-0.121084	
8.40376	0.000514494	-0.119497	0	0	0	0	0.00134844	-0.118863	0.000514494	-0.119497	0	0	0	0	0.00134844	-0.118863	
8.56084	0.000527264	-0.117262	0	0	0	0	0.0013491	-0.116721	0.000527264	-0.117262	0	0	0	0	0.0013491	-0.116721	
8.71792	0.000535476	-0.115109	0	0	0	0	0.00134676	-0.114652	0.000535476	-0.115109	0	0	0	0	0.00134676	-0.114652	
8.875	0.000539749	-0.113035	0	0	0	0	0.00134181	-0.112654	0.000539749	-0.113035	0	0	0	0	0.00134181	-0.112654	
9.03208	0.00054064	-0.111035	0	0	0	0	0.00133457	-0.110723	0.00054064	-0.111035	0	0	0	0	0.00133457	-0.110723	
9.18916	0.000538643	-0.109105	0	0	0	0	0.00132539	-0.108854	0.000538643	-0.109105	0	0	0	0	0.00132539	-0.108854	
9.34624	0.000534203	-0.107242	0	0	0	0	0.00131452	-0.107047	0.000534203	-0.107242	0	0	0	0	0.00131452	-0.107047	
9.50332	0.000527707	-0.105443	0	0	0	0	0.00130222	-0.105299	0.000527707	-0.105443	0	0	0	0	0.00130222	-0.105299	
9.6604	0.0005195	-0.103703	0	0	0	0	0.0012887	-0.103604	0.0005195	-0.103703	0	0	0	0	0.0012887	-0.103604	
9.81748	0.000509883	-0.102021	0	0	0	0	0.00127415	-0.101962	0.000509883	-0.102021	0	0	0	0	0.00127415	-0.101962	
9.97456	0.000499122	-0.100393	0	0	0	0	0.00125875	-0.100371	0.000499122	-0.100393	0	0	0	0	0.00125875	-0.100371	
10.1316	0.000487444	-0.098817	0	0	0	0	0.00124266	-0.0988275	0.000487444	-0.098817	0	0	0	0	0.00124266	-0.0988275	
10.2887	0.000475053	-0.0972901	0	0	0	0	0.00122599	-0.0973301	0.000475053	-0.0972901	0	0	0	0	0.00122599	-0.0973301	
10.4458	0.00046212	-0.0958104	0	0	0	0	0.00120888	-0.0958766	0.00046212	-0.0958104	0	0	0	0	0.00120888	-0.0958766	
10.6029	0.000448794	-0.0943757	0	0	0	0	0.00119142	-0.0944651	0.000448794	-0.0943757	0	0	0	0	0.00119142	-0.0944651	
10.76	0.000435204	-0.0929839	0	0	0	0	0.00117371	-0.093094	0.000435204	-0.0929839	0	0	0	0	0.00117371	-0.093094	
10.917	0.000421461	-0.0916331	0	0	0	0	0.00115582	-0.0917615	0.000421461	-0.0916331	0	0	0	0	0.00115582	-0.0917615	
11.0741	0.000407658	-0.0903216	0	0	0	0	0.00113782	-0.0904661	0.000407658	-0.0903216	0	0	0	0	0.00113782	-0.0904661	
11.2312	0.000393874	-0.0890474	0	0	0	0	0.00111978	-0.0892063	0.000393874	-0.0890474	0	0	0	0	0.00111978	-0.0892063	
11.3883	0.000380176	-0.0878092	0	0	0	0	0.00110175	-0.0879806	0.000380176	-0.0878092	0	0	0	0	0.00110175	-0.0879806	
11.5454	0.000366621	-0.0866053	0	0	0	0	0.00108377	-0.0867877	0.000366621	-0.0866053	0	0	0	0	0.00108377	-0.0867877	
11.7024	0.000353255	-0.0854345	0	0	0	0	0.00106588	-0.0856264	0.000353255	-0.0854345	0	0	0	0	0.00106588	-0.0856264	
11.8595	0.000340115	-0.0842953	0	0	0	0	0.00104812	-0.0844953	0.000340115	-0.0842953	0	0	0	0	0.00104812	-0.0844953	
12.0166	0.000327233	-0.0831864	0	0	0	0	0.00103052	-0.0833935	0.000327233	-0.0831864	0	0	0	0	0.00103052	-0.0833935	
12.1737	0.000314635	-0.0821066	0	0	0	0	0.00101309	-0.0823196	0.000314635	-0.0821066	0	0	0	0	0.00101309	-0.0823196	
12.3308	0.000302338	-0.0810548	0	0	0	0	0.000995873	-0.0812729	0.000302338	-0.0810548	0	0	0	0	0.000995873	-0.0812729	
12.4878	0.000290358	-0.0800298	0	0	0	0	0.00097887	-0.0802521	0.000290358	-0.0800298	0	0	0	0	0.00097887	-0.0802521	
12.6449	0.000278706	-0.0790308	0	0	0	0	0.000962103	-0.0792565	0.000278706	-0.0790308	0	0	0	0	0.000962103	-0.0792565	
12.802	0.000267389	-0.0780567	0	0	0	0	0.000945579	-0.0782849	0.000267389	-0.0780567	0	0	0	0	0.000945579	-0.0782849	
12.9591	0.000256412	-0.0771065	0	0	0	0	0.000929312	-0.0773368	0.000256412	-0.0771065	0	0	0	0	0.000929312	-0.0773368	
13.1161	0.000245776	-0.0761794	0	0	0	0	0.000913311	-0.0764111	0.000245776	-0.0761794	0	0	0	0	0.000913311	-0.0764111	
13.2732	0.000235482	-0.0752745	0	0	0	0	0.000897576	-0.0755072	0.000235482	-0.0752745	0	0	0	0	0.000897576	-0.0755072	
13.4303	0.000225529	-0.0743911	0	0	0	0	0.000882116	-0.0746242	0.000225529	-0.0743911	0	0	0	0	0.000882116	-0.0746242	
13.5874	0.000215911	-0.0735283	0	0	0	0	0.000866934	-0.0737616	0.000215911	-0.0735283	0	0	0	0	0.000866934	-0.0737616	
13.7445	0.000206627	-0.0726856	0	0	0	0	0.000852032	-0.0729184	0.000206627	-0.0726856	0	0	0	0	0.000852032	-0.0729184	
13.9015	0.000197668	-0.071862	0	0	0	0	0.000837409	-0.0720942	0.000197668	-0.071862	0	0	0	0	0.000837409	-0.0720942	
14.0586	0.00018903	-0.071057	0	0	0	0	0.000823067	-0.0712884	0.00018903	-0.071057	0	0	0	0	0.000823067	-0.0712884	
14.2157	0.000180705	-0.0702701	0	0	0	0	0.000809006	-0.0705002	0.000180705	-0.0702701	0	0	0	0	0.000809006	-0.0705002	
14.3728	0.000172685	-0.0695005	0	0	0	0	0.000795218	-0.0697292	0.000172685	-0.0695005	0	0	0	0	0.000795218	-0.0697292	
14.5299	0.000164964	-0.0687477	0	0	0	0	0.00078171	-0.0689747	0.000164964	-0.0687477	0	0	0	0	0.00078171	-0.0689747	
14.6869	0.000157532	-0.0680111	0	0	0	0	0.000768471	-0.0682364	0.000157532	-0.0680111	0	0	0	0	0.000768471	-0.0682364	
14.844	0.000150382	-0.0672902	0	0	0	0	0.000755501	-0.0675135	0.000150382	-0.0672902	0	0	0	0	0.000755501	-0.0675135	
15.0011	0.000143504	-0.0665847	0	0	0	0	0.000742802	-0.0668058	0.000143504	-0.0665847	0	0	0	0	0.000742802	-0.0668058	
15.1582	0.000136892	-0.0658938	0	0	0	0	0.000730366	-0.0661127	0.000136892	-0.0658938	0	0	0	0	0.000730366	-0.0661127	
15.3153	0.000130535	-0.0652172	0	0	0	0	0.000718182	-0.0654337	0.000130535	-0.0652172	0	0	0	0	0.000718182	-0.0654337	
15.4723	0.000124425	-0.0645545	0	0	0	0	0.000706255	-0.0647686	0.000124425	-0.0645545	0	0	0	0	0.000706255	-0.0647686	
15.6294	0.000118554	-0.063905	0	0	0	0	0.000694582	-0.0641167	0.000118554	-0.063905	0	0	0	0	0.000694582	-0.0641167	
15.7865	0.000112914	-0.0632687	0	0	0	0	0.000683153	-0.0634777	0.000112914	-0.0632687	0	0	0	0	0.000683153	-0.0634777	
15.9436	0.000107497	-0.062645	0	0	0	0	0.000671963	-0.0628514	0.000107497	-0.062645	0	0	0	0	0.000671963	-0.0628514	
16.1007	0.000102293	-0.0620335	0	0	0	0	0.000661015	-0.0622372	0.000102293	-0.0620335	0	0	0	0	0.000661015	-0.0622372	
16.2577	9.7297e-05	-0.0614338	0	0	0	0	0.000650294	-0.0616349	9.7297e-05	-0.0614338	0	0	0	0	0.000650294	-0.0616349	
16.4148	9.24995e-05	-0.0608458	0	0	0	0	0.000639799	-0.0610441	9.24995e-05	-0.0608458	0	0	0	0	0.000639799	-0.0610441	
16.5719	8.7894e-05	-0.0602689	0	0	0	0	0.000629527	-0.0604645	8.7894e-05	-0.0602689	0	0	0	0	0.000629527	-0.0604645	
16.729	8.3472e-05	-0.0597029	0	0	0	0	0.000619476	-0.0598957	8.3472e-05	-0.0597029	0	0	0	0	0.000619476	-0.0598957	
16.8861	7.92275e-05	-0.0591475	0	0	0	0	0.000609635	-0.0593375	7.92275e-05	-0.0591475	0	0	0	0	0.000609635	-0.0593375	
17.0431	7.51535e-05	-0.0586024	0	0	0	0	0.000600006	-0.0587896	7.51535e-05	-0.0586024	0	0	0	0	0.000600006	-0.0587896	
17.2002	7.12435e-05	-0.0580673	0	0	0	0	0.000590579	-0.0582517	7.12435e-05	-0.0580673	0	0	0	0	0.000590579	-0.0582517	
17.3573	6.7491e-05	-0.0575419	0	0	0	0	0.000581348	-0.0577235	6.7491e-05	-0.0575419	0	0	0	0	0.000581348	-0.0577235	
17.5144	6.389e-05	-0.0570259	0	0	0	0	0.000572313	-0.0572048	6.389e-05	-0.0570259	0	0	0	0	0.000572313	-0.0572048	
17.6715	6.04335e-05	-0.0565191	0	0	0	0	0.000563468	-0.0566953	6.04335e-05	-0.0565191	0	0	0	0	0.000563468	-0.0566953	
17.8285	5.71175e-05	-0.0560213	0	0	0	0	0.000554813	-0.0561948	5.71175e-05	-0.0560213	0	0	0	0	0.000554813	-0.0561948	
17.9856	5.3935e-05	-0.0555322	0	0	0	0	0.000546333	-0.0557031	5.3935e-05	-0.0555322	0	0	0	0	0.000546333	-0.0557031	
18.1427	5.0882e-05	-0.0550517	0	0	0	0	0.000538034	-0.0552197	5.0882e-05	-0.0550517	0	0	0	0	0.000538034	-0.0552197	
18.2998	4.79515e-05	-0.0545793	0	0	0	0	0.000529907	-0.0547448	4.79515e-05	-0.0545793	0	0	0	0	0.000529907	-0.0547448	
18.4569	4.51405e-05	-0.0541151	0	0	0	0	0.000521947	-0.0542779	4.51405e-05	-0.0541151	0	0	0	0	0.000521947	-0.0542779	
18.6139	4.24435e-05	-0.0536587	0	0	0	0	0.000514154	-0.053819	4.24435e-05	-0.0536587	0	0	0	0	0.000514154	-0.053819	
18.771	3.9855e-05	-0.0532099	0	0	0	0	0.000506521	-0.0533677	3.9855e-05	-0.0532099	0	0	0	0	0.000506521	-0.0533677	
18.9281	3.73725e-05	-0.0527687	0	0	0	0	0.000499045	-0.0529239	3.73725e-05	-0.0527687	0	0	0	0	0.000499045	-0.0529239	
19.0852	3.499e-05	-0.0523346	0	0	0	0	0.000491722	-0.0524874	3.499e-05	-0.0523346	0	0	0	0	0.000491722	-0.0524874	
19.2423	3.2705e-05	-0.0519078	0	0	0	0	0.000484548	-0.0520579	3.2705e-05	-0.0519078	0	0	0	0	0.000484548	-0.0520579	
19.3993	3.05125e-05	-0.0514878	0	0	0	0	0.000477521	-0.0516356	3.05125e-05	-0.0514878	0	0	0	0	0.000477521	-0.0516356	
19.5564	2.8409e-05	-0.0510745	0	0	0	0	0.000470636	-0.05122	2.8409e-05	-0.0510745	0	0	0	0	0.000470636	-0.05122	
19.7135	2.6391e-05	-0.050668	0	0	0	0	0.000463889	-0.050811	2.6391e-05	-0.050668	0	0	0	0	0.000463889	-0.050811	
19.8706	2.4455e-05	-0.0502677	0	0	0	0	0.000457278	-0.0504085	2.4455e-05	-0.0502677	0	0	0	0	0.000457278	-0.0504085	
20.0277	2.25975e-05	-0.0498738	0	0	0	0	0.000450799	-0.0500122	2.25975e-05	-0.0498738	0	0	0	0	0.000450799	-0.0500122	
20.1847	2.0816e-05	-0.0494861	0	0	0	0	0.00044445	-0.0496222	2.0816e-05	-0.0494861	0	0	0	0	0.00044445	-0.0496222	
20.3418	1.9107e-05	-0.0491043	0	0	0	0	0.000438226	-0.0492382	1.9107e-05	-0.0491043	0	0	0	0	0.000438226	-0.0492382	
20.4989	1.7468e-05	-0.0487284	0	0	0	0	0.000432126	-0.0488602	1.7468e-05	-0.0487284	0	0	0	0	0.000432126	-0.0488602	
20.656	1.58955e-05	-0.0483582	0	0	0	0	0.000426146	-0.0484878	1.58955e-05	-0.0483582	0	0	0	0	0.000426146	-0.0484878	
20.8131	1.4387e-05	-0.0479936	0	0	0	0	0.000420282	-0.048121	1.4387e-05	-0.0479936	0	0	0	0	0.000420282	-0.048121	
20.9701	1.29405e-05	-0.0476344	0	0	0	0	0.000414533	-0.0477598	1.29405e-05	-0.0476344	0	0	0	0	0.000414533	-0.0477598	
21.1272	1.15525e-05	-0.0472807	0	0	0	0	0.000408896	-0.0474041	1.15525e-05	-0.0472807	0	0	0	0	0.000408896	-0.0474041	
21.2843	1.02215e-05	-0.0469321	0	0	0	0	0.000403367	-0.0470534	1.02215e-05	-0.0469321	0	0	0	0	0.000403367	-0.0470534	
21.4414	8.9455e-06	-0.0465886	0	0	0	0	0.000397945	-0.0467081	8.9455e-06	-0.0465886	0	0	0	0	0.000397945	-0.0467081	
21.5984	7.7215e-06	-0.0462502	0	0	0	0	0.000392626	-0.0463676	7.7215e-06	-0.0462502	0	0	0	0	0.000392626	-0.0463676	
21.7555	6.548e-06	-0.0459166	0	0	0	0	0.000387409	-0.0460322	6.548e-06	-0.0459166	0	0	0	0	0.000387409	-0.0460322	
21.9126	5.4225e-06	-0.0455878	0	0	0	0	0.000382291	-0.0457015	5.4225e-06	-0.0455878	0	0	0	0	0.000382291	-0.0457015	
22.0697	4.3435e-06	-0.0452637	0	0	0	0	0.00037727	-0.0453756	4.3435e-06	-0.0452637	0	0	0	0	0.00037727	-0.0453756	
22.2268	3.3085e-06	-0.0449442	0	0	0	0	0.000372343	-0.0450542	3.3085e-06	-0.0449442	0	0	0	0	0.000372343	-0.0450542	
22.3838	2.317e-06	-0.0446291	0	0	0	0	0.000367508	-0.0447374	2.317e-06	-0.0446291	0	0	0	0	0.000367508	-0.0447374	
22.5409	1.366e-06	-0.0443185	0	0	0	0	0.000362762	-0.0444251	1.366e-06	-0.0443185	0	0	0	0	0.000362762	-0.0444251	
22.698	4.55e-07	-0.0440121	0	0	0	0	0.000358105	-0.044117	4.55e-07	-0.0440121	0	0	0	0	0.000358105	-0.044117	
22.8551	-4.185e-07	-0.04371	0	0	0	0	0.000353534	-0.0438131	-4.185e-07	-0.04371	0	0	0	0	0.000353534	-0.0438131	
23.0122	-1.2555e-06	-0.043412	0	0	0	0	0.000349046	-0.0435134	-1.2555e-06	-0.043412	0	0	0	0	0.000349046	-0.0435134	
23.1692	-2.0575e-06	-0.043118	0	0	0	0	0.000344641	-0.0432179	-2.0575e-06	-0.043118	0	0	0	0	0.000344641	-0.0432179	
23.3263	-2.826e-06	-0.042828	0	0	0	0	0.000340315	-0.0429262	-2.826e-06	-0.042828	0	0	0	0	0.000340315	-0.0429262	
23.4834	-3.562e-06	-0.0425418	0	0	0	0	0.000336068	-0.0426386	-3.562e-06	-0.0425418	0	0	0	0	0.000336068	-0.0426386	
23.6405	-4.2675e-06	-0.0422595	0	0	0	0	0.000331897	-0.0423547	-4.2675e-06	-0.0422595	0	0	0	0	0.000331897	-0.0423547	
23.7976	-4.9425e-06	-0.0419809	0	0	0	0	0.0003278	-0.0420746	-4.9425e-06	-0.0419809	0	0	0	0	0.0003278	-0.0420746	
23.9546	-5.5895e-06	-0.0417059	0	0	0	0	0.000323777	-0.0417982	-5.5895e-06	-0.0417059	0	0	0	0	0.000323777	-0.0417982	
24.1117	-6.209e-06	-0.0414346	0	0	0	0	0.000319825	-0.0415254	-6.209e-06	-0.0414346	0	0	0	0	0.000319825	-0.0415254	
24.2688	-6.8015e-06	-0.0411666	0	0	0	0	0.000315943	-0.0412561	-6.8015e-06	-0.0411666	0	0	0	0	0.000315943	-0.0412561	
24.4259	-7.3685e-06	-0.0409023	0	0	0	0	0.000312128	-0.0409903	-7.3685e-06	-0.0409023	0	0	0	0	0.000312128	-0.0409903	
24.583	-7.9115e-06	-0.0406412	0	0	0	0	0.000308381	-0.0407279	-7.9115e-06	-0.0406412	0	0	0	0	0.000308381	-0.0407279	
24.74	-8.4305e-06	-0.0403835	0	0	0	0	0.000304698	-0.0404687	-8.4305e-06	-0.0403835	0	0	0	0	0.000304698	-0.0404687	
24.8971	-8.927e-06	-0.040129	0	0	0	0	0.00030108	-0.0402129	-8.927e-06	-0.040129	0	0	0	0	0.00030108	-0.0402129	
25.0542	-9.402e-06	-0.0398777	0	0	0	0	0.000297524	-0.0399604	-9.402e-06	-0.0398777	0	0	0	0	0.000297524	-0.0399604	
25.2113	-9.856e-06	-0.0396295	0	0	0	0	0.000294028	-0.039711	-9.856e-06	-0.0396295	0	0	0	0	0.000294028	-0.039711	
25.3684	-1.029e-05	-0.0393844	0	0	0	0	0.000290592	-0.0394646	-1.029e-05	-0.0393844	0	0	0	0	0.000290592	-0.0394646	
25.5254	-1.0705e-05	-0.0391423	0	0	0	0	0.000287215	-0.0392213	-1.0705e-05	-0.0391423	0	0	0	0	0.000287215	-0.0392213	
25.6825	-1.1101e-05	-0.0389033	0	0	0	0	0.000283895	-0.038981	-1.1101e-05	-0.0389033	0	0	0	0	0.000283895	-0.038981	
25.8396	-1.14785e-05	-0.038667	0	0	0	0	0.00028063	-0.0387436	-1.14785e-05	-0.038667	0	0	0	0	0.00028063	-0.0387436	
25.9967	-1.184e-05	-0.0384336	0	0	0	0	0.00027742	-0.0385091	-1.184e-05	-0.0384336	0	0	0	0	0.00027742	-0.0385091	
26.1538	-1.21845e-05	-0.0382031	0	0	0	0	0.000274263	-0.0382774	-1.21845e-05	-0.0382031	0	0	0	0	0.000274263	-0.0382774	
26.3108	-1.2513e-05	-0.0379753	0	0	0	0	0.000271159	-0.0380484	-1.2513e-05	-0.0379753	0	0	0	0	0.000271159	-0.0380484	
26.4679	-1.2826e-05	-0.0377501	0	0	0	0	0.000268106	-0.0378223	-1.2826e-05	-0.0377501	0	0	0	0	0.000268106	-0.0378223	
26.625	-1.31245e-05	-0.0375277	0	0	0	0	0.000265103	-0.0375987	-1.31245e-05	-0.0375277	0	0	0	0	0.000265103	-0.0375987	
26.7821	-1.34085e-05	-0.0373079	0	0	0	0	0.000262149	-0.0373778	-1.34085e-05	-0.0373079	0	0	0	0	0.000262149	-0.0373778	
26.9392	-1.36795e-05	-0.0370905	0	0	0	0	0.000259243	-0.0371595	-1.36795e-05	-0.0370905	0	0	0	0	0.000259243	-0.0371595	
27.0962	-1.39375e-05	-0.0368758	0	0	0	0	0.000256383	-0.0369437	-1.39375e-05	-0.0368758	0	0	0	0	0.000256383	-0.0369437	
27.2533	-1.41825e-05	-0.0366635	0	0	0	0	0.000253571	-0.0367304	-1.41825e-05	-0.0366635	0	0	0	0	0.000253571	-0.0367304	
27.4104	-1.4415e-05	-0.0364537	0	0	0	0	0.000250802	-0.0365195	-1.4415e-05	-0.0364537	0	0	0	0	0.000250802	-0.0365195	
27.5675	-1.4636e-05	-0.0362462	0	0	0	0	0.000248079	-0.0363111	-1.4636e-05	-0.0362462	0	0	0	0	0.000248079	-0.0363111	
27.7246	-1.48465e-05	-0.036041	0	0	0	0	0.000245398	-0.036105	-1.48465e-05	-0.036041	0	0	0	0	0.000245398	-0.036105	
27.8816	-1.50455e-05	-0.0358382	0	0	0	0	0.00024276	-0.0359013	-1.50455e-05	-0.0358382	0	0	0	0	0.00024276	-0.0359013	
28.0387	-1.52345e-05	-0.0356377	0	0	0	0	0.000240163	-0.0356999	-1.52345e-05	-0.0356377	0	0	0	0	0.000240163	-0.0356999	
28.1958	-1.5413e-05	-0.0354393	0	0	0	0	0.000237607	-0.0355007	-1.5413e-05	-0.0354393	0	0	0	0	0.000237607	-0.0355007	
28.3529	-1.55825e-05	-0.0352433	0	0	0	0	0.000235091	-0.0353037	-1.55825e-05	-0.0352433	0	0	0	0	0.000235091	-0.0353037	
28.51	-1.5742e-05	-0.0350493	0	0	0	0	0.000232614	-0.0351088	-1.5742e-05	-0.0350493	0	0	0	0	0.000232614	-0.0351088	
28.667	-1.5893e-05	-0.0348574	0	0	0	0	0.000230174	-0.0349161	-1.5893e-05	-0.0348574	0	0	0	0	0.000230174	-0.0349161	
28.8241	-1.60355e-05	-0.0346677	0	0	0	0	0.000227773	-0.0347256	-1.60355e-05	-0.0346677	0	0	0	0	0.000227773	-0.0347256	
28.9812	-1.617e-05	-0.0344799	0	0	0	0	0.000225408	-0.0345371	-1.617e-05	-0.0344799	0	0	0	0	0.000225408	-0.0345371	
29.1383	-1.6296e-05	-0.0342943	0	0	0	0	0.000223079	-0.0343506	-1.6296e-05	-0.0342943	0	0	0	0	0.000223079	-0.0343506	
29.2954	-1.64145e-05	-0.0341106	0	0	0	0	0.000220785	-0.0341661	-1.64145e-05	-0.0341106	0	0	0	0	0.000220785	-0.0341661	
29.4524	-1.6526e-05	-0.0339289	0	0	0	0	0.000218526	-0.0339836	-1.6526e-05	-0.0339289	0	0	0	0	0.000218526	-0.0339836	
29.6095	-1.663e-05	-0.0337491	0	0	0	0	0.000216301	-0.0338031	-1.663e-05	-0.0337491	0	0	0	0	0.000216301	-0.0338031	
29.7666	-1.67275e-05	-0.0335712	0	0	0	0	0.000214109	-0.0336245	-1.67275e-05	-0.0335712	0	0	0	0	0.000214109	-0.0336245	
29.9237	-1.6818e-05	-0.0333952	0	0	0	0	0.00021195	-0.0334477	-1.6818e-05	-0.0333952	0	0	0	0	0.00021195	-0.0334477	
30.0807	-1.69025e-05	-0.0332209	0	0	0	0	0.000209822	-0.0332727	-1.69025e-05	-0.0332209	0	0	0	0	0.000209822	-0.0332727	
30.2378	-1.69805e-05	-0.0330486	0	0	0	0	0.000207727	-0.0330996	-1.69805e-05	-0.0330486	0	0	0	0	0.000207727	-0.0330996	
30.3949	-1.70535e-05	-0.032878	0	0	0	0	0.000205661	-0.0329284	-1.70535e-05	-0.032878	0	0	0	0	0.000205661	-0.0329284	
30.552	-1.71205e-05	-0.0327091	0	0	0	0	0.000203626	-0.0327588	-1.71205e-05	-0.0327091	0	0	0	0	0.000203626	-0.0327588	
30.7091	-1.7182e-05	-0.032542	0	0	0	0	0.000201621	-0.032591	-1.7182e-05	-0.032542	0	0	0	0	0.000201621	-0.032591	
30.8661	-1.72385e-05	-0.0323766	0	0	0	0	0.000199644	-0.0324248	-1.72385e-05	-0.0323766	0	0	0	0	0.000199644	-0.0324248	
31.0232	-1.729e-05	-0.0322128	0	0	0	0	0.000197696	-0.0322605	-1.729e-05	-0.0322128	0	0	0	0	0.000197696	-0.0322605	
31.1803	-1.73365e-05	-0.0320507	0	0	0	0	0.000195776	-0.0320977	-1.73365e-05	-0.0320507	0	0	0	0	0.000195776	-0.0320977	
31.3374	-1.7378e-05	-0.0318902	0	0	0	0	0.000193883	-0.0319366	-1.7378e-05	-0.0318902	0	0	0	0	0.000193883	-0.0319366	
31.4945	-1.74155e-05	-0.0317313	0	0	0	0	0.000192018	-0.0317771	-1.74155e-05	-0.0317313	0	0	0	0	0.000192018	-0.0317771	
31.6515	-1.7449e-05	-0.031574	0	0	0	0	0.000190179	-0.0316192	-1.7449e-05	-0.031574	0	0	0	0	0.000190179	-0.0316192	
31.8086	-1.7478e-05	-0.0314182	0	0	0	0	0.000188365	-0.0314627	-1.7478e-05	-0.0314182	0	0	0	0	0.000188365	-0.0314627	
31.9657	-1.7503e-05	-0.0312639	0	0	0	0	0.000186577	-0.031308	-1.7503e-05	-0.0312639	0	0	0	0	0.000186577	-0.031308	
32.1228	-1.75245e-05	-0.0311113	0	0	0	0	0.000184815	-0.0311546	-1.75245e-05	-0.0311113	0	0	0	0	0.000184815	-0.0311546	
32.2799	-1.7542e-05	-0.03096	0	0	0	0	0.000183076	-0.0310028	-1.7542e-05	-0.03096	0	0	0	0	0.000183076	-0.0310028	
32.4369	-1.7556e-05	-0.0308102	0	0	0	0	0.000181362	-0.0308525	-1.7556e-05	-0.0308102	0	0	0	0	0.000181362	-0.0308525	
32.594	-1.7567e-05	-0.0306619	0	0	0	0	0.000179671	-0.0307036	-1.7567e-05	-0.0306619	0	0	0	0	0.000179671	-0.0307036	
32.7511	-1.75745e-05	-0.0305149	0	0	0	0	0.000178004	-0.0305562	-1.75745e-05	-0.0305149	0	0	0	0	0.000178004	-0.0305562	
32.9082	-1.7579e-05	-0.0303695	0	0	0	0	0.000176359	-0.0304102	-1.7579e-05	-0.0303695	0	0	0	0	0.000176359	-0.0304102	
33.0653	-1.758e-05	-0.0302253	0	0	0	0	0.000174737	-0.0302655	-1.758e-05	-0.0302253	0	0	0	0	0.000174737	-0.0302655	
33.2223	-1.7579e-05	-0.0300826	0	0	0	0	0.000173137	-0.0301222	-1.7579e-05	-0.0300826	0	0	0	0	0.000173137	-0.0301222	
33.3794	-1.7574e-05	-0.0299411	0	0	0	0	0.000171558	-0.0299802	-1.7574e-05	-0.0299411	0	0	0	0	0.000171558	-0.0299802	
33.5365	-1.75675e-05	-0.029801	0	0	0	0	0.000170001	-0.0298396	-1.75675e-05	-0.029801	0	0	0	0	0.000170001	-0.0298396	
33.6936	-1.7558e-05	-0.0296623	0	0	0	0	0.000168465	-0.0297004	-1.7558e-05	-0.0296623	0	0	0	0	0.000168465	-0.0297004	
33.8507	-1.7546e-05	-0.0295247	0	0	0	0	0.000166949	-0.0295624	-1.7546e-05	-0.0295247	0	0	0	0	0.000166949	-0.0295624	
34.0077	-1.7532e-05	-0.0293884	0	0	0	0	0.000165453	-0.0294257	-1.7532e-05	-0.0293884	0	0	0	0	0.000165453	-0.0294257	
34.1648	-1.7515e-05	-0.0292535	0	0	0	0	0.000163977	-0.0292902	-1.7515e-05	-0.0292535	0	0	0	0	0.000163977	-0.0292902	
34.3219	-1.7496e-05	-0.0291197	0	0	0	0	0.00016252	-0.029156	-1.7496e-05	-0.0291197	0	0	0	0	0.00016252	-0.029156	
34.479	-1.74755e-05	-0.0289872	0	0	0	0	0.000161082	-0.029023	-1.74755e-05	-0.0289872	0	0	0	0	0.000161082	-0.029023	
34.6361	-1.7453e-05	-0.0288558	0	0	0	0	0.000159663	-0.0288912	-1.7453e-05	-0.0288558	0	0	0	0	0.000159663	-0.0288912	
34.7931	-1.7428e-05	-0.0287256	0	0	0	0	0.000158263	-0.0287606	-1.7428e-05	-0.0287256	0	0	0	0	0.000158263	-0.0287606	
34.9502	-1.74015e-05	-0.0285967	0	0	0	0	0.000156881	-0.0286312	-1.74015e-05	-0.0285967	0	0	0	0	0.000156881	-0.0286312	
35.1073	-1.7373e-05	-0.0284689	0	0	0	0	0.000155517	-0.0285029	-1.7373e-05	-0.0284689	0	0	0	0	0.000155517	-0.0285029	
35.2644	-1.7343e-05	-0.0283421	0	0	0	0	0.00015417	-0.0283759	-1.7343e-05	-0.0283421	0	0	0	0	0.00015417	-0.0283759	
35.4215	-1.7311e-05	-0.0282166	0	0	0	0	0.000152841	-0.0282498	-1.7311e-05	-0.0282166	0	0	0	0	0.000152841	-0.0282498	
35.5785	-1.7278e-05	-0.0280921	0	0	0	0	0.000151527	-0.028125	-1.7278e-05	-0.0280921	0	0	0	0	0.000151527	-0.028125	
35.7356	-1.72435e-05	-0.0279687	0	0	0	0	0.000150231	-0.0280012	-1.72435e-05	-0.0279687	0	0	0	0	0.000150231	-0.0280012	
35.8927	-1.7207e-05	-0.0278465	0	0	0	0	0.000148952	-0.0278786	-1.7207e-05	-0.0278465	0	0	0	0	0.000148952	-0.0278786	
36.0498	-1.717e-05	-0.0277252	0	0	0	0	0.000147689	-0.0277569	-1.717e-05	-0.0277252	0	0	0	0	0.000147689	-0.0277569	
36.2069	-1.7131e-05	-0.027605	0	0	0	0	0.000146441	-0.0276364	-1.7131e-05	-0.027605	0	0	0	0	0.000146441	-0.0276364	
36.3639	-1.7091e-05	-0.0274859	0	0	0	0	0.000145209	-0.0275168	-1.7091e-05	-0.0274859	0	0	0	0	0.000145209	-0.0275168	
36.521	-1.705e-05	-0.0273678	0	0	0	0	0.000143992	-0.0273984	-1.705e-05	-0.0273678	0	0	0	0	0.000143992	-0.0273984	
36.6781	-1.70075e-05	-0.0272507	0	0	0	0	0.000142791	-0.0272809	-1.70075e-05	-0.0272507	0	0	0	0	0.000142791	-0.0272809	
36.8352	-1.6964e-05	-0.0271346	0	0	0	0	0.000141604	-0.0271644	-1.6964e-05	-0.0271346	0	0	0	0	0.000141604	-0.0271644	
36.9923	-1.692e-05	-0.0270195	0	0	0	0	0.000140432	-0.027049	-1.692e-05	-0.0270195	0	0	0	0	0.000140432	-0.027049	
37.1493	-1.68745e-05	-0.0269053	0	0	0	0	0.000139274	-0.0269344	-1.68745e-05	-0.0269053	0	0	0	0	0.000139274	-0.0269344	
37.3064	-1.6828e-05	-0.0267921	0	0	0	0	0.00013813	-0.0268209	-1.6828e-05	-0.0267921	0	0	0	0	0.00013813	-0.0268209	
37.4635	-1.67805e-05	-0.0266799	0	0	0	0	0.000137	-0.0267083	-1.67805e-05	-0.0266799	0	0	0	0	0.000137	-0.0267083	
37.6206	-1.67325e-05	-0.0265685	0	0	0	0	0.000135884	-0.0265967	-1.67325e-05	-0.0265685	0	0	0	0	0.000135884	-0.0265967	
37.7777	-1.66835e-05	-0.0264582	0	0	0	0	0.000134782	-0.0264861	-1.66835e-05	-0.0264582	0	0	0	0	0.000134782	-0.0264861	
37.9347	-1.6634e-05	-0.0263487	0	0	0	0	0.000133692	-0.0263763	-1.6634e-05	-0.0263487	0	0	0	0	0.000133692	-0.0263763	
38.0918	-1.65835e-05	-0.0262402	0	0	0	0	0.000132616	-0.0262673	-1.65835e-05	-0.0262402	0	0	0	0	0.000132616	-0.0262673	
38.2489	-1.6532e-05	-0.0261325	0	0	0	0	0.000131552	-0.0261593	-1.6532e-05	-0.0261325	0	0	0	0	0.000131552	-0.0261593	
38.406	-1.64805e-05	-0.0260256	0	0	0	0	0.000130501	-0.0260522	-1.64805e-05	-0.0260256	0	0	0	0	0.000130501	-0.0260522	
38.563	-1.6428e-05	-0.0259197	0	0	0	0	0.000129463	-0.025946	-1.6428e-05	-0.0259197	0	0	0	0	0.000129463	-0.025946	
38.7201	-1.6375e-05	-0.0258147	0	0	0	0	0.000128436	-0.0258406	-1.6375e-05	-0.0258147	0	0	0	0	0.000128436	-0.0258406	
38.8772	-1.63215e-05	-0.0257104	0	0	0	0	0.000127422	-0.0257361	-1.63215e-05	-0.0257104	0	0	0	0	0.000127422	-0.0257361	
39.0343	-1.62675e-05	-0.0256071	0	0	0	0	0.00012642	-0.0256325	-1.62675e-05	-0.0256071	0	0	0	0	0.00012642	-0.0256325	
39.1914	-1.6213e-05	-0.0255045	0	0	0	0	0.000125429	-0.0255297	-1.6213e-05	-0.0255045	0	0	0	0	0.000125429	-0.0255297	
39.3484	-1.6158e-05	-0.0254028	0	0	0	0	0.00012445	-0.0254276	-1.6158e-05	-0.0254028	0	0	0	0	0.00012445	-0.0254276	
39.5055	-1.6102e-05	-0.0253019	0	0	0	0	0.000123483	-0.0253264	-1.6102e-05	-0.0253019	0	0	0	0	0.000123483	-0.0253264	
39.6626	-1.60465e-05	-0.0252017	0	0	0	0	0.000122526	-0.025226	-1.60465e-05	-0.0252017	0	0	0	0	0.000122526	-0.025226	
39.8197	-1.599e-05	-0.0251024	0	0	0	0	0.00012158	-0.0251264	-1.599e-05	-0.0251024	0	0	0	0	0.00012158	-0.0251264	
39.9768	-1.59335e-05	-0.0250038	0	0	0	0	0.000120645	-0.0250276	-1.59335e-05	-0.0250038	0	0	0	0	0.000120645	-0.0250276	
40.1338	-1.58765e-05	-0.024906	0	0	0	0	0.000119721	-0.0249296	-1.58765e-05	-0.024906	0	0	0	0	0.000119721	-0.0249296	
40.2909	-1.5819e-05	-0.024809	0	0	0	0	0.000118807	-0.0248323	-1.5819e-05	-0.024809	0	0	0	0	0.000118807	-0.0248323	
40.448	-1.57615e-05	-0.0247127	0	0	0	0	0.000117904	-0.0247358	-1.57615e-05	-0.0247127	0	0	0	0	0.000117904	-0.0247358	
40.6051	-1.57035e-05	-0.0246172	0	0	0	0	0.000117011	-0.02464	-1.57035e-05	-0.0246172	0	0	0	0	0.000117011	-0.02464	
40.7622	-1.56455e-05	-0.0245224	0	0	0	0	0.000116128	-0.0245449	-1.56455e-05	-0.0245224	0	0	0	0	0.000116128	-0.0245449	
40.9192	-1.5587e-05	-0.0244284	0	0	0	0	0.000115255	-0.0244506	-1.5587e-05	-0.0244284	0	0	0	0	0.000115255	-0.0244506	
41.0763	-1.55285e-05	-0.024335	0	0	0	0	0.000114391	-0.024357	-1.55285e-05	-0.024335	0	0	0	0	0.000114391	-0.024357	
41.2334	-1.547e-05	-0.0242424	0	0	0	0	0.000113537	-0.0242641	-1.547e-05	-0.0242424	0	0	0	0	0.000113537	-0.0242641	
41.3905	-1.54105e-05	-0.0241504	0	0	0	0	0.000112693	-0.0241719	-1.54105e-05	-0.0241504	0	0	0	0	0.000112693	-0.0241719	
41.5476	-1.53515e-05	-0.0240592	0	0	0	0	0.000111858	-0.0240805	-1.53515e-05	-0.0240592	0	0	0	0	0.000111858	-0.0240805	
41.7046	-1.52925e-05	-0.0239687	0	0	0	0	0.000111032	-0.0239897	-1.52925e-05	-0.0239687	0	0	0	0	0.000111032	-0.0239897	
41.8617	-1.5233e-05	-0.0238788	0	0	0	0	0.000110215	-0.0238997	-1.5233e-05	-0.0238788	0	0	0	0	0.000110215	-0.0238997	
42.0188	-1.51735e-05	-0.0237895	0	0	0	0	0.000109407	-0.0238102	-1.51735e-05	-0.0237895	0	0	0	0	0.000109407	-0.0238102	
42.1759	-1.5114e-05	-0.023701	0	0	0	0	0.000108608	-0.0237214	-1.5114e-05	-0.023701	0	0	0	0	0.000108608	-0.0237214	
42.333	-1.5054e-05	-0.0236131	0	0	0	0	0.000107817	-0.0236334	-1.5054e-05	-0.0236131	0	0	0	0	0.000107817	-0.0236334	
42.49	-1.49945e-05	-0.0235259	0	0	0	0	0.000107035	-0.0235459	-1.49945e-05	-0.0235259	0	0	0	0	0.000107035	-0.0235459	
42.6471	-1.4935e-05	-0.0234393	0	0	0	0	0.000106262	-0.0234591	-1.4935e-05	-0.0234393	0	0	0	0	0.000106262	-0.0234591	
42.8042	-1.4875e-05	-0.0233533	0	0	0	0	0.000105496	-0.0233729	-1.4875e-05	-0.0233533	0	0	0	0	0.000105496	-0.0233729	
42.9613	-1.4815e-05	-0.023268	0	0	0	0	0.00010474	-0.0232875	-1.4815e-05	-0.023268	0	0	0	0	0.00010474	-0.0232875	
43.1184	-1.4755e-05	-0.0231833	0	0	0	0	0.000103991	-0.0232025	-1.4755e-05	-0.0231833	0	0	0	0	0.000103991	-0.0232025	
43.2754	-1.4695e-05	-0.0230992	0	0	0	0	0.000103249	-0.0231182	-1.4695e-05	-0.0230992	0	0	0	0	0.000103249	-0.0231182	
43.4325	-1.46355e-05	-0.0230157	0	0	0	0	0.000102516	-0.0230345	-1.46355e-05	-0.0230157	0	0	0	0	0.000102516	-0.0230345	
43.5896	-1.45755e-05	-0.0229328	0	0	0	0	0.000101791	-0.0229514	-1.45755e-05	-0.0229328	0	0	0	0	0.000101791	-0.0229514	
43.7467	-1.45155e-05	-0.0228505	0	0	0	0	0.000101073	-0.0228689	-1.45155e-05	-0.0228505	0	0	0	0	0.000101073	-0.0228689	
43.9038	-1.4456e-05	-0.0227689	0	0	0	0	0.000100363	-0.0227871	-1.4456e-05	-0.0227689	0	0	0	0	0.000100363	-0.0227871	
44.0608	-1.43965e-05	-0.0226877	0	0	0	0	9.96596e-05	-0.0227058	-1.43965e-05	-0.0226877	0	0	0	0	9.96596e-05	-0.0227058	
44.2179	-1.43365e-05	-0.0226072	0	0	0	0	9.89642e-05	-0.0226251	-1.43365e-05	-0.0226072	0	0	0	0	9.89642e-05	-0.0226251	
44.375	-1.4277e-05	-0.0225272	0	0	0	0	9.82757e-05	-0.0225449	-1.4277e-05	-0.0225272	0	0	0	0	9.82757e-05	-0.0225449	
44.5321	-1.42175e-05	-0.0224478	0	0	0	0	9.75944e-05	-0.0224653	-1.42175e-05	-0.0224478	0	0	0	0	9.75944e-05	-0.0224653	
44.6892	-1.4158e-05	-0.0223689	0	0	0	0	9.692e-05	-0.0223863	-1.4158e-05	-0.0223689	0	0	0	0	9.692e-05	-0.0223863	
44.8462	-1.4099e-05	-0.0222907	0	0	0	0	9.62529e-05	-0.0223079	-1.4099e-05	-0.0222907	0	0	0	0	9.62529e-05	-0.0223079	
45.0033	-1.40395e-05	-0.0222129	0	0	0	0	9.55925e-05	-0.0222299	-1.40395e-05	-0.0222129	0	0	0	0	9.55925e-05	-0.0222299	
45.1604	-1.398e-05	-0.0221357	0	0	0	0	9.49384e-05	-0.0221525	-1.398e-05	-0.0221357	0	0	0	0	9.49384e-05	-0.0221525	
45.3175	-1.3921e-05	-0.022059	0	0	0	0	9.42916e-05	-0.0220757	-1.3921e-05	-0.022059	0	0	0	0	9.42916e-05	-0.0220757	
45.4746	-1.3862e-05	-0.0219828	0	0	0	0	9.36511e-05	-0.0219994	-1.3862e-05	-0.0219828	0	0	0	0	9.36511e-05	-0.0219994	
45.6316	-1.38035e-05	-0.0219072	0	0	0	0	9.30168e-05	-0.0219235	-1.38035e-05	-0.0219072	0	0	0	0	9.30168e-05	-0.0219235	
45.7887	-1.3745e-05	-0.0218321	0	0	0	0	9.23889e-05	-0.0218483	-1.3745e-05	-0.0218321	0	0	0	0	9.23889e-05	-0.0218483	
45.9458	-1.3686e-05	-0.0217576	0	0	0	0	9.17677e-05	-0.0217736	-1.3686e-05	-0.0217576	0	0	0	0	9.17677e-05	-0.0217736	
46.1029	-1.3628e-05	-0.0216834	0	0	0	0	9.11523e-05	-0.0216993	-1.3628e-05	-0.0216834	0	0	0	0	9.11523e-05	-0.0216993	
46.26	-1.35695e-05	-0.0216098	0	0	0	0	9.05437e-05	-0.0216256	-1.35695e-05	-0.0216098	0	0	0	0	9.05437e-05	-0.0216256	
46.417	-1.35115e-05	-0.0215368	0	0	0	0	8.99403e-05	-0.0215523	-1.35115e-05	-0.0215368	0	0	0	0	8.99403e-05	-0.0215523	
46.5741	-1.34535e-05	-0.0214642	0	0	0	0	8.93431e-05	-0.0214796	-1.34535e-05	-0.0214642	0	0	0	0	8.93431e-05	-0.0214796	
46.7312	-1.33955e-05	-0.0213921	0	0	0	0	8.87524e-05	-0.0214073	-1.33955e-05	-0.0213921	0	0	0	0	8.87524e-05	-0.0214073	
46.8883	-1.3338e-05	-0.0213205	0	0	0	0	8.81668e-05	-0.0213356	-1.3338e-05	-0.0213205	0	0	0	0	8.81668e-05	-0.0213356	
47.0453	-1.32805e-05	-0.0212492	0	0	0	0	8.75875e-05	-0.0212642	-1.32805e-05	-0.0212492	0	0	0	0	8.75875e-05	-0.0212642	
47.2024	-1.3223e-05	-0.0211787	0	0	0	0	8.70134e-05	-0.0211934	-1.3223e-05	-0.0211787	0	0	0	0	8.70134e-05	-0.0211934	
47.3595	-1.3166e-05	-0.0211085	0	0	0	0	8.64451e-05	-0.0211231	-1.3166e-05	-0.0211085	0	0	0	0	8.64451e-05	-0.0211231	
47.5166	-1.31095e-05	-0.0210387	0	0	0	0	8.58821e-05	-0.0210533	-1.31095e-05	-0.0210387	0	0	0	0	8.58821e-05	-0.0210533	
47.6737	-1.30525e-05	-0.0209694	0	0	0	0	8.53248e-05	-0.0209838	-1.30525e-05	-0.0209694	0	0	0	0	8.53248e-05	-0.0209838	
47.8307	-1.2996e-05	-0.0209006	0	0	0	0	8.47728e-05	-0.0209148	-1.2996e-05	-0.0209006	0	0	0	0	8.47728e-05	-0.0209148	
47.9878	-1.294e-05	-0.0208322	0	0	0	0	8.42261e-05	-0.0208463	-1.294e-05	-0.0208322	0	0	0	0	8.42261e-05	-0.0208463	
48.1449	-1.2884e-05	-0.0207643	0	0	0	0	8.36846e-05	-0.0207783	-1.2884e-05	-0.0207643	0	0	0	0	8.36846e-05	-0.0207783	
48.302	-1.28275e-05	-0.0206967	0	0	0	0	8.31484e-05	-0.0207106	-1.28275e-05	-0.0206967	0	0	0	0	8.31484e-05	-0.0207106	
48.4591	-1.2772e-05	-0.0206297	0	0	0	0	8.26175e-05	-0.0206435	-1.2772e-05	-0.0206297	0	0	0	0	8.26175e-05	-0.0206435	
48.6161	-1.27165e-05	-0.0205631	0	0	0	0	8.20913e-05	-0.0205767	-1.27165e-05	-0.0205631	0	0	0	0	8.20913e-05	-0.0205767	
48.7732	-1.2661e-05	-0.0204969	0	0	0	0	8.15703e-05	-0.0205104	-1.2661e-05	-0.0204969	0	0	0	0	8.15703e-05	-0.0205104	
48.9303	-1.2606e-05	-0.0204312	0	0	0	0	8.10541e-05	-0.0204445	-1.2606e-05	-0.0204312	0	0	0	0	8.10541e-05	-0.0204445	
49.0874	-1.2551e-05	-0.0203658	0	0	0	0	8.05427e-05	-0.0203791	-1.2551e-05	-0.0203658	0	0	0	0	8.05427e-05	-0.0203791	
49.2445	-1.2496e-05	-0.0203009	0	0	0	0	8.00361e-05	-0.0203141	-1.2496e-05	-0.0203009	0	0	0	0	8.00361e-05	-0.0203141	
49.4015	-1.24415e-05	-0.0202364	0	0	0	0	7.95341e-05	-0.0202493	-1.24415e-05	-0.0202364	0	0	0	0	7.95341e-05	-0.0202493	
49.5586	-1.23875e-05	-0.0201723	0	0	0	0	7.90375e-05	-0.0201851	-1.23875e-05	-0.0201723	0	0	0	0	7.90375e-05	-0.0201851	
49.7157	-1.23335e-05	-0.0201086	0	0	0	0	7.85446e-05	-0.0201213	-1.23335e-05	-0.0201086	0	0	0	0	7.85446e-05	-0.0201213	
49.8728	-1.2279e-05	-0.0200453	0	0	0	0	7.80569e-05	-0.020058	-1.2279e-05	-0.0200453	0	0	0	0	7.80569e-05	-0.020058	
50.0299	-1.22255e-05	-0.0199824	0	0	0	0	7.75736e-05	-0.019995	-1.22255e-05	-0.0199824	0	0	0	0	7.75736e-05	-0.019995	
50.1869	-1.21725e-05	-0.0199198	0	0	0	0	7.70945e-05	-0.0199323	-1.21725e-05	-0.0199198	0	0	0	0	7.70945e-05	-0.0199323	
50.344	-1.2119e-05	-0.0198578	0	0	0	0	7.66201e-05	-0.0198701	-1.2119e-05	-0.0198578	0	0	0	0	7.66201e-05	-0.0198701	
50.5011	-1.20665e-05	-0.019796	0	0	0	0	7.61501e-05	-0.0198082	-1.20665e-05	-0.019796	0	0	0	0	7.61501e-05	-0.0198082	
50.6582	-1.20135e-05	-0.0197346	0	0	0	0	7.56842e-05	-0.0197468	-1.20135e-05	-0.0197346	0	0	0	0	7.56842e-05	-0.0197468	
50.8153	-1.1961e-05	-0.0196737	0	0	0	0	7.52221e-05	-0.0196856	-1.1961e-05	-0.0196737	0	0	0	0	7.52221e-05	-0.0196856	
50.9723	-1.19085e-05	-0.0196131	0	0	0	0	7.47648e-05	-0.019625	-1.19085e-05	-0.0196131	0	0	0	0	7.47648e-05	-0.019625	
51.1294	-1.18565e-05	-0.0195529	0	0	0	0	7.43118e-05	-0.0195646	-1.18565e-05	-0.0195529	0	0	0	0	7.43118e-05	-0.0195646	
51.2865	-1.1805e-05	-0.019493	0	0	0	0	7.38624e-05	-0.0195046	-1.1805e-05	-0.019493	0	0	0	0	7.38624e-05	-0.0195046	
51.4436	-1.17535e-05	-0.0194336	0	0	0	0	7.3417e-05	-0.0194451	-1.17535e-05	-0.0194336	0	0	0	0	7.3417e-05	-0.0194451	
51.6007	-1.1702e-05	-0.0193744	0	0	0	0	7.29762e-05	-0.0193858	-1.1702e-05	-0.0193744	0	0	0	0	7.29762e-05	-0.0193858	
51.7577	-1.1651e-05	-0.0193156	0	0	0	0	7.25387e-05	-0.019327	-1.1651e-05	-0.0193156	0	0	0	0	7.25387e-05	-0.019327	
51.9148	-1.16e-05	-0.0192572	0	0	0	0	7.21054e-05	-0.0192685	-1.16e-05	-0.0192572	0	0	0	0	7.21054e-05	-0.0192685	
52.0719	-1.1549e-05	-0.0191991	0	0	0	0	7.1676e-05	-0.0192104	-1.1549e-05	-0.0191991	0	0	0	0	7.1676e-05	-0.0192104	
52.229	-1.1499e-05	-0.0191415	0	0	0	0	7.12503e-05	-0.0191525	-1.1499e-05	-0.0191415	0	0	0	0	7.12503e-05	-0.0191525	
52.3861	-1.1449e-05	-0.019084	0	0	0	0	7.08284e-05	-0.0190951	-1.1449e-05	-0.019084	0	0	0	0	7.08284e-05	-0.0190951	
52.5431	-1.1399e-05	-0.0190271	0	0	0	0	7.04102e-05	-0.0190379	-1.1399e-05	-0.0190271	0	0	0	0	7.04102e-05	-0.0190379	
52.7002	-1.13495e-05	-0.0189704	0	0	0	0	6.99958e-05	-0.0189812	-1.13495e-05	-0.0189704	0	0	0	0	6.99958e-05	-0.0189812	
52.8573	-1.12995e-05	-0.0189139	0	0	0	0	6.95847e-05	-0.0189247	-1.12995e-05	-0.0189139	0	0	0	0	6.95847e-05	-0.0189247	
53.0144	-1.12505e-05	-0.0188579	0	0	0	0	6.91774e-05	-0.0188686	-1.12505e-05	-0.0188579	0	0	0	0	6.91774e-05	-0.0188686	
53.1715	-1.12015e-05	-0.0188023	0	0	0	0	6.87737e-05	-0.0188128	-1.12015e-05	-0.0188023	0	0	0	0	6.87737e-05	-0.0188128	
53.3285	-1.11525e-05	-0.0187469	0	0	0	0	6.83735e-05	-0.0187574	-1.11525e-05	-0.0187469	0	0	0	0	6.83735e-05	-0.0187574	
53.4856	-1.1104e-05	-0.0186919	0	0	0	0	6.79769e-05	-0.0187023	-1.1104e-05	-0.0186919	0	0	0	0	6.79769e-05	-0.0187023	
53.6427	-1.10555e-05	-0.0186372	0	0	0	0	6.75836e-05	-0.0186474	-1.10555e-05	-0.0186372	0	0	0	0	6.75836e-05	-0.0186474	
53.7998	-1.1008e-05	-0.0185828	0	0	0	0	6.71936e-05	-0.018593	-1.1008e-05	-0.0185828	0	0	0	0	6.71936e-05	-0.018593	
53.9569	-1.096e-05	-0.0185287	0	0	0	0	6.68069e-05	-0.0185388	-1.096e-05	-0.0185287	0	0	0	0	6.68069e-05	-0.0185388	
54.1139	-1.09125e-05	-0.018475	0	0	0	0	6.64235e-05	-0.018485	-1.09125e-05	-0.018475	0	0	0	0	6.64235e-05	-0.018485	
54.271	-1.0865e-05	-0.0184216	0	0	0	0	6.60438e-05	-0.0184314	-1.0865e-05	-0.0184216	0	0	0	0	6.60438e-05	-0.0184314	
54.4281	-1.0818e-05	-0.0183684	0	0	0	0	6.56669e-05	-0.0183782	-1.0818e-05	-0.0183684	0	0	0	0	6.56669e-05	-0.0183782	
54.5852	-1.0771e-05	-0.0183155	0	0	0	0	6.52934e-05	-0.0183254	-1.0771e-05	-0.0183155	0	0	0	0	6.52934e-05	-0.0183254	
54.7423	-1.07245e-05	-0.018263	0	0	0	0	6.49231e-05	-0.0182727	-1.07245e-05	-0.018263	0	0	0	0	6.49231e-05	-0.0182727	
54.8993	-1.0678e-05	-0.0182108	0	0	0	0	6.4556e-05	-0.0182204	-1.0678e-05	-0.0182108	0	0	0	0	6.4556e-05	-0.0182204	
55.0564	-1.0632e-05	-0.0181589	0	0	0	0	6.41917e-05	-0.0181684	-1.0632e-05	-0.0181589	0	0	0	0	6.41917e-05	-0.0181684	
55.2135	-1.0586e-05	-0.0181072	0	0	0	0	6.38308e-05	-0.0181166	-1.0586e-05	-0.0181072	0	0	0	0	6.38308e-05	-0.0181166	
55.3706	-1.05405e-05	-0.0180558	0	0	0	0	6.34726e-05	-0.0180652	-1.05405e-05	-0.0180558	0	0	0	0	6.34726e-05	-0.0180652	
55.5277	-1.04945e-05	-0.0180049	0	0	0	0	6.31177e-05	-0.0180141	-1.04945e-05	-0.0180049	0	0	0	0	6.31177e-05	-0.0180141	
55.6847	-1.0449e-05	-0.017954	0	0	0	0	6.27656e-05	-0.0179633	-1.0449e-05	-0.017954	0	0	0	0	6.27656e-05	-0.0179633	
55.8418	-1.04045e-05	-0.0179036	0	0	0	0	6.24163e-05	-0.0179127	-1.04045e-05	-0.0179036	0	0	0	0	6.24163e-05	-0.0179127	
55.9989	-1.03595e-05	-0.0178534	0	0	0	0	6.20698e-05	-0.0178624	-1.03595e-05	-0.0178534	0	0	0	0	6.20698e-05	-0.0178624	
56.156	-1.0315e-05	-0.0178034	0	0	0	0	6.17265e-05	-0.0178125	-1.0315e-05	-0.0178034	0	0	0	0	6.17265e-05	-0.0178125	
56.313	-1.02705e-05	-0.0177538	0	0	0	0	6.13861e-05	-0.0177628	-1.02705e-05	-0.0177538	0	0	0	0	6.13861e-05	-0.0177628	
56.4701	-1.02265e-05	-0.0177045	0	0	0	0	6.10479e-05	-0.0177132	-1.02265e-05	-0.0177045	0	0	0	0	6.10479e-05	-0.0177132	
56.6272	-1.01825e-05	-0.0176554	0	0	0	0	6.07131e-05	-0.0176641	-1.01825e-05	-0.0176554	0	0	0	0	6.07131e-05	-0.0176641	
56.7843	-1.0139e-05	-0.0176065	0	0	0	0	6.0381e-05	-0.0176152	-1.0139e-05	-0.0176065	0	0	0	0	6.0381e-05	-0.0176152	
56.9414	-1.00955e-05	-0.0175579	0	0	0	0	6.00512e-05	-0.0175666	-1.00955e-05	-0.0175579	0	0	0	0	6.00512e-05	-0.0175666	
57.0984	-1.00525e-05	-0.0175097	0	0	0	0	5.97242e-05	-0.0175183	-1.00525e-05	-0.0175097	0	0	0	0	5.97242e-05	-0.0175183	
57.2555	-1.00093e-05	-0.0174617	0	0	0	0	5.94001e-05	-0.0174702	-1.00093e-05	-0.0174617	0	0	0	0	5.94001e-05	-0.0174702	
57.4126	-9.9668e-06	-0.0174139	0	0	0	0	5.90787e-05	-0.0174224	-9.9668e-06	-0.0174139	0	0	0	0	5.90787e-05	-0.0174224	
57.5697	-9.9242e-06	-0.0173664	0	0	0	0	5.87596e-05	-0.0173748	-9.9242e-06	-0.0173664	0	0	0	0	5.87596e-05	-0.0173748	
57.7268	-9.88205e-06	-0.0173192	0	0	0	0	5.84428e-05	-0.0173275	-9.88205e-06	-0.0173192	0	0	0	0	5.84428e-05	-0.0173275	
57.8838	-9.8399e-06	-0.0172722	0	0	0	0	5.81294e-05	-0.0172805	-9.8399e-06	-0.0172722	0	0	0	0	5.81294e-05	-0.0172805	
58.0409	-9.79775e-06	-0.0172255	0	0	0	0	5.78177e-05	-0.0172337	-9.79775e-06	-0.0172255	0	0	0	0	5.78177e-05	-0.0172337	
58.198	-9.75615e-06	-0.017179	0	0	0	0	5.75089e-05	-0.0171871	-9.75615e-06	-0.017179	0	0	0	0	5.75089e-05	-0.0171871	
58.3551	-9.7151e-06	-0.0171328	0	0	0	0	5.72023e-05	-0.0171408	-9.7151e-06	-0.0171328	0	0	0	0	5.72023e-05	-0.0171408	
58.5122	-9.67355e-06	-0.0170869	0	0	0	0	5.68986e-05	-0.0170948	-9.67355e-06	-0.0170869	0	0	0	0	5.68986e-05	-0.0170948	
58.6692	-9.63265e-06	-0.0170411	0	0	0	0	5.65971e-05	-0.017049	-9.63265e-06	-0.0170411	0	0	0	0	5.65971e-05	-0.017049	
58.8263	-9.59185e-06	-0.0169956	0	0	0	0	5.62975e-05	-0.0170034	-9.59185e-06	-0.0169956	0	0	0	0	5.62975e-05	-0.0170034	
58.9834	-9.55115e-06	-0.0169503	0	0	0	0	5.60006e-05	-0.0169581	-9.55115e-06	-0.0169503	0	0	0	0	5.60006e-05	-0.0169581	
59.1405	-9.5111e-06	-0.0169054	0	0	0	0	5.57061e-05	-0.0169131	-9.5111e-06	-0.0169054	0	0	0	0	5.57061e-05	-0.0169131	
59.2976	-9.4707e-06	-0.0168606	0	0	0	0	5.5414e-05	-0.0168683	-9.4707e-06	-0.0168606	0	0	0	0	5.5414e-05	-0.0168683	
59.4546	-9.431e-06	-0.016816	0	0	0	0	5.51241e-05	-0.0168237	-9.431e-06	-0.016816	0	0	0	0	5.51241e-05	-0.0168237	
59.6117	-9.3915e-06	-0.0167717	0	0	0	0	5.48365e-05	-0.0167793	-9.3915e-06	-0.0167717	0	0	0	0	5.48365e-05	-0.0167793	
59.7688	-9.3517e-06	-0.0167277	0	0	0	0	5.45513e-05	-0.0167353	-9.3517e-06	-0.0167277	0	0	0	0	5.45513e-05	-0.0167353	
59.9259	-9.31265e-06	-0.0166839	0	0	0	0	5.42678e-05	-0.0166914	-9.31265e-06	-0.0166839	0	0	0	0	5.42678e-05	-0.0166914	
60.083	-9.2733e-06	-0.0166403	0	0	0	0	5.39867e-05	-0.0166476	-9.2733e-06	-0.0166403	0	0	0	0	5.39867e-05	-0.0166476	
60.24	-9.23475e-06	-0.0165969	0	0	0	0	5.37079e-05	-0.0166043	-9.23475e-06	-0.0165969	0	0	0	0	5.37079e-05	-0.0166043	
60.3971	-9.196e-06	-0.0165537	0	0	0	0	5.34314e-05	-0.0165611	-9.196e-06	-0.0165537	0	0	0	0	5.34314e-05	-0.0165611	
60.5542	-9.15755e-06	-0.0165108	0	0	0	0	5.31568e-05	-0.0165181	-9.15755e-06	-0.0165108	0	0	0	0	5.31568e-05	-0.0165181	
60.7113	-9.1194e-06	-0.0164681	0	0	0	0	5.28845e-05	-0.0164753	-9.1194e-06	-0.0164681	0	0	0	0	5.28845e-05	-0.0164753	
60.8684	-9.0811e-06	-0.0164256	0	0	0	0	5.26139e-05	-0.0164327	-9.0811e-06	-0.0164256	0	0	0	0	5.26139e-05	-0.0164327	
61.0254	-9.04315e-06	-0.0163834	0	0	0	0	5.23458e-05	-0.0163905	-9.04315e-06	-0.0163834	0	0	0	0	5.23458e-05	-0.0163905	
61.1825	-9.00555e-06	-0.0163414	0	0	0	0	5.20794e-05	-0.0163484	-9.00555e-06	-0.0163414	0	0	0	0	5.20794e-05	-0.0163484	
61.3396	-8.96835e-06	-0.0162995	0	0	0	0	5.18149e-05	-0.0163065	-8.96835e-06	-0.0162995	0	0	0	0	5.18149e-05	-0.0163065	
61.4967	-8.93105e-06	-0.0162579	0	0	0	0	5.15527e-05	-0.0162648	-8.93105e-06	-0.0162579	0	0	0	0	5.15527e-05	-0.0162648	
61.6538	-8.89415e-06	-0.0162165	0	0	0	0	5.12929e-05	-0.0162234	-8.89415e-06	-0.0162165	0	0	0	0	5.12929e-05	-0.0162234	
61.8108	-8.8572e-06	-0.0161753	0	0	0	0	5.10343e-05	-0.0161821	-8.8572e-06	-0.0161753	0	0	0	0	5.10343e-05	-0.0161821	
61.9679	-8.82065e-06	-0.0161343	0	0	0	0	5.07781e-05	-0.0161411	-8.82065e-06	-0.0161343	0	0	0	0	5.07781e-05	-0.0161411	
62.125	-8.7841e-06	-0.0160935	0	0	0	0	5.05232e-05	-0.0161002	-8.7841e-06	-0.0160935	0	0	0	0	5.05232e-05	-0.0161002	
62.2821	-8.748e-06	-0.0160529	0	0	0	0	5.02707e-05	-0.0160596	-8.748e-06	-0.0160529	0	0	0	0	5.02707e-05	-0.0160596	
62.4392	-8.7119e-06	-0.0160126	0	0	0	0	5.00205e-05	-0.0160192	-8.7119e-06	-0.0160126	0	0	0	0	5.00205e-05	-0.0160192	
62.5962	-8.6763e-06	-0.0159724	0	0	0	0	4.97716e-05	-0.0159789	-8.6763e-06	-0.0159724	0	0	0	0	4.97716e-05	-0.0159789	
62.7533	-8.64025e-06	-0.0159325	0	0	0	0	4.95246e-05	-0.015939	-8.64025e-06	-0.0159325	0	0	0	0	4.95246e-05	-0.015939	
62.9104	-8.6052e-06	-0.0158927	0	0	0	0	4.92794e-05	-0.0158992	-8.6052e-06	-0.0158927	0	0	0	0	4.92794e-05	-0.0158992	
63.0675	-8.5697e-06	-0.0158531	0	0	0	0	4.9036e-05	-0.0158596	-8.5697e-06	-0.0158531	0	0	0	0	4.9036e-05	-0.0158596	
63.2246	-8.53465e-06	-0.0158138	0	0	0	0	4.87945e-05	-0.0158201	-8.53465e-06	-0.0158138	0	0	0	0	4.87945e-05	-0.0158201	
63.3816	-8.4997e-06	-0.0157745	0	0	0	0	4.85548e-05	-0.0157809	-8.4997e-06	-0.0157745	0	0	0	0	4.85548e-05	-0.0157809	
63.5387	-8.46505e-06	-0.0157356	0	0	0	0	4.8317e-05	-0.0157418	-8.46505e-06	-0.0157356	0	0	0	0	4.8317e-05	-0.0157418	
63.6958	-8.4305e-06	-0.0156968	0	0	0	0	4.80805e-05	-0.015703	-8.4305e-06	-0.0156968	0	0	0	0	4.80805e-05	-0.015703	
63.8529	-8.3962e-06	-0.0156582	0	0	0	0	4.78458e-05	-0.0156644	-8.3962e-06	-0.0156582	0	0	0	0	4.78458e-05	-0.0156644	
64.01	-8.36205e-06	-0.0156198	0	0	0	0	4.7613e-05	-0.0156259	-8.36205e-06	-0.0156198	0	0	0	0	4.7613e-05	-0.0156259	
64.167	-8.32805e-06	-0.0155815	0	0	0	0	4.73821e-05	-0.0155876	-8.32805e-06	-0.0155815	0	0	0	0	4.73821e-05	-0.0155876	
64.3241	-8.29425e-06	-0.0155435	0	0	0	0	4.71525e-05	-0.0155495	-8.29425e-06	-0.0155435	0	0	0	0	4.71525e-05	-0.0155495	
64.4812	-8.26065e-06	-0.0155056	0	0	0	0	4.69247e-05	-0.0155117	-8.26065e-06	-0.0155056	0	0	0	0	4.69247e-05	-0.0155117	
64.6383	-8.22725e-06	-0.015468	0	0	0	0	4.66988e-05	-0.015474	-8.22725e-06	-0.015468	0	0	0	0	4.66988e-05	-0.015474	
64.7953	-8.194e-06	-0.0154305	0	0	0	0	4.64743e-05	-0.0154365	-8.194e-06	-0.0154305	0	0	0	0	4.64743e-05	-0.0154365	
64.9524	-8.16095e-06	-0.0153932	0	0	0	0	4.62511e-05	-0.0153991	-8.16095e-06	-0.0153932	0	0	0	0	4.62511e-05	-0.0153991	
65.1095	-8.1281e-06	-0.015356	0	0	0	0	4.60302e-05	-0.0153619	-8.1281e-06	-0.015356	0	0	0	0	4.60302e-05	-0.0153619	
65.2666	-8.0954e-06	-0.0153192	0	0	0	0	4.58102e-05	-0.0153249	-8.0954e-06	-0.0153192	0	0	0	0	4.58102e-05	-0.0153249	
65.4237	-8.0628e-06	-0.0152824	0	0	0	0	4.55921e-05	-0.0152881	-8.0628e-06	-0.0152824	0	0	0	0	4.55921e-05	-0.0152881	
65.5807	-8.03045e-06	-0.0152458	0	0	0	0	4.53753e-05	-0.0152515	-8.03045e-06	-0.0152458	0	0	0	0	4.53753e-05	-0.0152515	
65.7378	-7.9983e-06	-0.0152093	0	0	0	0	4.51603e-05	-0.015215	-7.9983e-06	-0.0152093	0	0	0	0	4.51603e-05	-0.015215	
65.8949	-7.9663e-06	-0.0151731	0	0	0	0	4.49467e-05	-0.0151787	-7.9663e-06	-0.0151731	0	0	0	0	4.49467e-05	-0.0151787	
66.052	-7.9345e-06	-0.015137	0	0	0	0	4.47345e-05	-0.0151427	-7.9345e-06	-0.015137	0	0	0	0	4.47345e-05	-0.0151427	
66.2091	-7.90275e-06	-0.0151012	0	0	0	0	4.45241e-05	-0.0151066	-7.90275e-06	-0.0151012	0	0	0	0	4.45241e-05	-0.0151066	
66.3661	-7.8713e-06	-0.0150654	0	0	0	0	4.43152e-05	-0.0150709	-7.8713e-06	-0.0150654	0	0	0	0	4.43152e-05	-0.0150709	
66.5232	-7.83995e-06	-0.0150298	0	0	0	0	4.41075e-05	-0.0150353	-7.83995e-06	-0.0150298	0	0	0	0	4.41075e-05	-0.0150353	
66.6803	-7.8088e-06	-0.0149944	0	0	0	0	4.39013e-05	-0.0149999	-7.8088e-06	-0.0149944	0	0	0	0	4.39013e-05	-0.0149999	
66.8374	-7.77785e-06	-0.0149592	0	0	0	0	4.36967e-05	-0.0149646	-7.77785e-06	-0.0149592	0	0	0	0	4.36967e-05	-0.0149646	
66.9945	-7.747e-06	-0.0149242	0	0	0	0	4.34933e-05	-0.0149295	-7.747e-06	-0.0149242	0	0	0	0	4.34933e-05	-0.0149295	
67.1515	-7.7163e-06	-0.0148892	0	0	0	0	4.32915e-05	-0.0148946	-7.7163e-06	-0.0148892	0	0	0	0	4.32915e-05	-0.0148946	
67.3086	-7.68585e-06	-0.0148545	0	0	0	0	4.30909e-05	-0.0148598	-7.68585e-06	-0.0148545	0	0	0	0	4.30909e-05	-0.0148598	
67.4657	-7.6555e-06	-0.01482	0	0	0	0	4.28918e-05	-0.0148252	-7.6555e-06	-0.01482	0	0	0	0	4.28918e-05	-0.0148252	
67.6228	-7.6253e-06	-0.0147855	0	0	0	0	4.26941e-05	-0.0147908	-7.6253e-06	-0.0147855	0	0	0	0	4.26941e-05	-0.0147908	
67.7799	-7.5953e-06	-0.0147513	0	0	0	0	4.24978e-05	-0.0147565	-7.5953e-06	-0.0147513	0	0	0	0	4.24978e-05	-0.0147565	
67.9369	-7.56545e-06	-0.0147172	0	0	0	0	4.23027e-05	-0.0147223	-7.56545e-06	-0.0147172	0	0	0	0	4.23027e-05	-0.0147223	
68.094	-7.5358e-06	-0.0146833	0	0	0	0	4.2109e-05	-0.0146883	-7.5358e-06	-0.0146833	0	0	0	0	4.2109e-05	-0.0146883	
68.2511	-7.5062e-06	-0.0146494	0	0	0	0	4.19167e-05	-0.0146545	-7.5062e-06	-0.0146494	0	0	0	0	4.19167e-05	-0.0146545	
68.4082	-7.47685e-06	-0.0146158	0	0	0	0	4.17257e-05	-0.0146209	-7.47685e-06	-0.0146158	0	0	0	0	4.17257e-05	-0.0146209	
68.5653	-7.4476e-06	-0.0145824	0	0	0	0	4.15359e-05	-0.0145873	-7.4476e-06	-0.0145824	0	0	0	0	4.15359e-05	-0.0145873	
68.7223	-7.4186e-06	-0.0145491	0	0	0	0	4.13475e-05	-0.014554	-7.4186e-06	-0.0145491	0	0	0	0	4.13475e-05	-0.014554	
68.8794	-7.3897e-06	-0.0145159	0	0	0	0	4.11603e-05	-0.0145208	-7.3897e-06	-0.0145159	0	0	0	0	4.11603e-05	-0.0145208	
69.0365	-7.3609e-06	-0.0144828	0	0	0	0	4.09744e-05	-0.0144878	-7.3609e-06	-0.0144828	0	0	0	0	4.09744e-05	-0.0144878	
69.1936	-7.3323e-06	-0.01445	0	0	0	0	4.07897e-05	-0.0144548	-7.3323e-06	-0.01445	0	0	0	0	4.07897e-05	-0.0144548	
69.3507	-7.30385e-06	-0.0144172	0	0	0	0	4.06063e-05	-0.0144221	-7.30385e-06	-0.0144172	0	0	0	0	4.06063e-05	-0.0144221	
69.5077	-7.27555e-06	-0.0143847	0	0	0	0	4.04241e-05	-0.0143895	-7.27555e-06	-0.0143847	0	0	0	0	4.04241e-05	-0.0143895	
69.6648	-7.2474e-06	-0.0143523	0	0	0	0	4.02432e-05	-0.014357	-7.2474e-06	-0.0143523	0	0	0	0	4.02432e-05	-0.014357	
69.8219	-7.2194e-06	-0.01432	0	0	0	0	4.00634e-05	-0.0143248	-7.2194e-06	-0.01432	0	0	0	0	4.00634e-05	-0.0143248	
69.979	-7.19155e-06	-0.0142878	0	0	0	0	3.98848e-05	-0.0142926	-7.19155e-06	-0.0142878	0	0	0	0	3.98848e-05	-0.0142926	
70.1361	-7.16385e-06	-0.0142559	0	0	0	0	3.97075e-05	-0.0142606	-7.16385e-06	-0.0142559	0	0	0	0	3.97075e-05	-0.0142606	
70.2931	-7.1363e-06	-0.0142241	0	0	0	0	3.95313e-05	-0.0142286	-7.1363e-06	-0.0142241	0	0	0	0	3.95313e-05	-0.0142286	
70.4502	-7.10885e-06	-0.0141923	0	0	0	0	3.93563e-05	-0.0141969	-7.10885e-06	-0.0141923	0	0	0	0	3.93563e-05	-0.0141969	
70.6073	-7.0816e-06	-0.0141607	0	0	0	0	3.91824e-05	-0.0141654	-7.0816e-06	-0.0141607	0	0	0	0	3.91824e-05	-0.0141654	
70.7644	-7.05445e-06	-0.0141294	0	0	0	0	3.90096e-05	-0.0141338	-7.05445e-06	-0.0141294	0	0	0	0	3.90096e-05	-0.0141338	
70.9215	-7.0275e-06	-0.014098	0	0	0	0	3.8838e-05	-0.0141026	-7.0275e-06	-0.014098	0	0	0	0	3.8838e-05	-0.0141026	
71.0785	-7.00065e-06	-0.0140669	0	0	0	0	3.86676e-05	-0.0140714	-7.00065e-06	-0.0140669	0	0	0	0	3.86676e-05	-0.0140714	
71.2356	-6.97395e-06	-0.0140358	0	0	0	0	3.84983e-05	-0.0140404	-6.97395e-06	-0.0140358	0	0	0	0	3.84983e-05	-0.0140404	
71.3927	-6.9474e-06	-0.014005	0	0	0	0	3.833e-05	-0.0140094	-6.9474e-06	-0.014005	0	0	0	0	3.833e-05	-0.0140094	
71.5498	-6.92095e-06	-0.0139743	0	0	0	0	3.81629e-05	-0.0139787	-6.92095e-06	-0.0139743	0	0	0	0	3.81629e-05	-0.0139787	
71.7069	-6.89465e-06	-0.0139437	0	0	0	0	3.79969e-05	-0.0139481	-6.89465e-06	-0.0139437	0	0	0	0	3.79969e-05	-0.0139481	
71.8639	-6.86855e-06	-0.0139132	0	0	0	0	3.78319e-05	-0.0139176	-6.86855e-06	-0.0139132	0	0	0	0	3.78319e-05	-0.0139176	
72.021	-6.84255e-06	-0.0138828	0	0	0	0	3.7668e-05	-0.0138872	-6.84255e-06	-0.0138828	0	0	0	0	3.7668e-05	-0.0138872	
72.1781	-6.8167e-06	-0.0138526	0	0	0	0	3.75052e-05	-0.013857	-6.8167e-06	-0.0138526	0	0	0	0	3.75052e-05	-0.013857	
72.3352	-6.79095e-06	-0.0138225	0	0	0	0	3.73435e-05	-0.0138268	-6.79095e-06	-0.0138225	0	0	0	0	3.73435e-05	-0.0138268	
72.4923	-6.76535e-06	-0.0137926	0	0	0	0	3.71827e-05	-0.0137969	-6.76535e-06	-0.0137926	0	0	0	0	3.71827e-05	-0.0137969	
72.6493	-6.73985e-06	-0.0137628	0	0	0	0	3.7023e-05	-0.013767	-6.73985e-06	-0.0137628	0	0	0	0	3.7023e-05	-0.013767	
72.8064	-6.71455e-06	-0.0137331	0	0	0	0	3.68643e-05	-0.0137374	-6.71455e-06	-0.0137331	0	0	0	0	3.68643e-05	-0.0137374	
72.9635	-6.68935e-06	-0.0137036	0	0	0	0	3.67067e-05	-0.0137077	-6.68935e-06	-0.0137036	0	0	0	0	3.67067e-05	-0.0137077	
73.1206	-6.6643e-06	-0.0136741	0	0	0	0	3.655e-05	-0.0136783	-6.6643e-06	-0.0136741	0	0	0	0	3.655e-05	-0.0136783	
73.2776	-6.63935e-06	-0.0136448	0	0	0	0	3.63943e-05	-0.0136489	-6.63935e-06	-0.0136448	0	0	0	0	3.63943e-05	-0.0136489	
73.4347	-6.6145e-06	-0.0136156	0	0	0	0	3.62396e-05	-0.0136197	-6.6145e-06	-0.0136156	0	0	0	0	3.62396e-05	-0.0136197	
73.5918	-6.58985e-06	-0.0135866	0	0	0	0	3.60859e-05	-0.0135906	-6.58985e-06	-0.0135866	0	0	0	0	3.60859e-05	-0.0135906	
73.7489	-6.5653e-06	-0.0135577	0	0	0	0	3.59332e-05	-0.0135618	-6.5653e-06	-0.0135577	0	0	0	0	3.59332e-05	-0.0135618	
73.906	-6.54085e-06	-0.0135289	0	0	0	0	3.57815e-05	-0.0135329	-6.54085e-06	-0.0135289	0	0	0	0	3.57815e-05	-0.0135329	
74.063	-6.51655e-06	-0.0135002	0	0	0	0	3.56307e-05	-0.0135042	-6.51655e-06	-0.0135002	0	0	0	0	3.56307e-05	-0.0135042	
74.2201	-6.49245e-06	-0.0134716	0	0	0	0	3.54809e-05	-0.0134756	-6.49245e-06	-0.0134716	0	0	0	0	3.54809e-05	-0.0134756	
74.3772	-6.4684e-06	-0.0134432	0	0	0	0	3.5332e-05	-0.0134471	-6.4684e-06	-0.0134432	0	0	0	0	3.5332e-05	-0.0134471	
74.5343	-6.4444e-06	-0.0134148	0	0	0	0	3.5184e-05	-0.0134188	-6.4444e-06	-0.0134148	0	0	0	0	3.5184e-05	-0.0134188	
74.6914	-6.42065e-06	-0.0133866	0	0	0	0	3.5037e-05	-0.0133905	-6.42065e-06	-0.0133866	0	0	0	0	3.5037e-05	-0.0133905	
74.8484	-6.397e-06	-0.0133586	0	0	0	0	3.48908e-05	-0.0133624	-6.397e-06	-0.0133586	0	0	0	0	3.48908e-05	-0.0133624	
75.0055	-6.3734e-06	-0.0133306	0	0	0	0	3.47456e-05	-0.0133344	-6.3734e-06	-0.0133306	0	0	0	0	3.47456e-05	-0.0133344	
75.1626	-6.35e-06	-0.0133027	0	0	0	0	3.46013e-05	-0.0133066	-6.35e-06	-0.0133027	0	0	0	0	3.46013e-05	-0.0133066	
75.3197	-6.32665e-06	-0.013275	0	0	0	0	3.44579e-05	-0.0132788	-6.32665e-06	-0.013275	0	0	0	0	3.44579e-05	-0.0132788	
75.4768	-6.3035e-06	-0.0132474	0	0	0	0	3.43154e-05	-0.0132511	-6.3035e-06	-0.0132474	0	0	0	0	3.43154e-05	-0.0132511	
75.6338	-6.2804e-06	-0.0132199	0	0	0	0	3.41737e-05	-0.0132236	-6.2804e-06	-0.0132199	0	0	0	0	3.41737e-05	-0.0132236	
75.7909	-6.2574e-06	-0.0131925	0	0	0	0	3.4033e-05	-0.0131962	-6.2574e-06	-0.0131925	0	0	0	0	3.4033e-05	-0.0131962	
75.948	-6.2346e-06	-0.0131652	0	0	0	0	3.38931e-05	-0.0131689	-6.2346e-06	-0.0131652	0	0	0	0	3.38931e-05	-0.0131689	
76.1051	-6.21185e-06	-0.013138	0	0	0	0	3.3754e-05	-0.0131418	-6.21185e-06	-0.013138	0	0	0	0	3.3754e-05	-0.0131418	
76.2622	-6.1893e-06	-0.013111	0	0	0	0	3.36158e-05	-0.0131146	-6.1893e-06	-0.013111	0	0	0	0	3.36158e-05	-0.0131146	
76.4192	-6.1668e-06	-0.013084	0	0	0	0	3.34785e-05	-0.0130876	-6.1668e-06	-0.013084	0	0	0	0	3.34785e-05	-0.0130876	
76.5763	-6.1444e-06	-0.0130572	0	0	0	0	3.3342e-05	-0.0130608	-6.1444e-06	-0.0130572	0	0	0	0	3.3342e-05	-0.0130608	
76.7334	-6.12215e-06	-0.0130305	0	0	0	0	3.32063e-05	-0.013034	-6.12215e-06	-0.0130305	0	0	0	0	3.32063e-05	-0.013034	
76.8905	-6.10005e-06	-0.0130039	0	0	0	0	3.30715e-05	-0.0130075	-6.10005e-06	-0.0130039	0	0	0	0	3.30715e-05	-0.0130075	
77.0476	-6.078e-06	-0.0129774	0	0	0	0	3.29374e-05	-0.012981	-6.078e-06	-0.0129774	0	0	0	0	3.29374e-05	-0.012981	
77.2046	-6.05605e-06	-0.0129509	0	0	0	0	3.28042e-05	-0.0129545	-6.05605e-06	-0.0129509	0	0	0	0	3.28042e-05	-0.0129545	
77.3617	-6.03425e-06	-0.0129247	0	0	0	0	3.26718e-05	-0.0129282	-6.03425e-06	-0.0129247	0	0	0	0	3.26718e-05	-0.0129282	
77.5188	-6.01255e-06	-0.0128985	0	0	0	0	3.25402e-05	-0.012902	-6.01255e-06	-0.0128985	0	0	0	0	3.25402e-05	-0.012902	
77.6759	-5.9909e-06	-0.0128724	0	0	0	0	3.24094e-05	-0.0128759	-5.9909e-06	-0.0128724	0	0	0	0	3.24094e-05	-0.0128759	
77.833	-5.96945e-06	-0.0128464	0	0	0	0	3.22793e-05	-0.0128499	-5.96945e-06	-0.0128464	0	0	0	0	3.22793e-05	-0.0128499	
77.99	-5.94805e-06	-0.0128206	0	0	0	0	3.215e-05	-0.012824	-5.94805e-06	-0.0128206	0	0	0	0	3.215e-05	-0.012824	
78.1471	-5.9268e-06	-0.0127948	0	0	0	0	3.20216e-05	-0.0127982	-5.9268e-06	-0.0127948	0	0	0	0	3.20216e-05	-0.0127982	
78.3042	-5.90565e-06	-0.0127691	0	0	0	0	3.18938e-05	-0.0127725	-5.90565e-06	-0.0127691	0	0	0	0	3.18938e-05	-0.0127725	
78.4613	-5.8846e-06	-0.0127436	0	0	0	0	3.17669e-05	-0.012747	-5.8846e-06	-0.0127436	0	0	0	0	3.17669e-05	-0.012747	
