-10	-0.024934	-0.000260955	-0.0982621	0.000935951	-0.024934	-0.000260955	-0.0982621	0.000935951	
-9.98	-0.0249861	-0.000262931	-0.0984499	0.000940696	-0.0249861	-0.000262931	-0.0984499	0.000940696	
-9.96	-0.0250384	-0.000264921	-0.0986383	0.000945452	-0.0250384	-0.000264921	-0.0986383	0.000945452	
-9.94	-0.025091	-0.000266926	-0.0988273	0.000950217	-0.025091	-0.000266926	-0.0988273	0.000950217	
-9.92	-0.0251438	-0.000268947	-0.0990171	0.000954993	-0.0251438	-0.000268947	-0.0990171	0.000954993	
-9.9	-0.0251968	-0.000270982	-0.0992076	0.000959777	-0.0251968	-0.000270982	-0.0992076	0.000959777	
-9.88	-0.0252501	-0.000273033	-0.0993987	0.000964571	-0.0252501	-0.000273033	-0.0993987	0.000964571	
-9.86	-0.0253036	-0.000275098	-0.0995906	0.000969372	-0.0253036	-0.000275098	-0.0995906	0.000969372	
-9.84	-0.0253574	-0.000277179	-0.0997831	0.000974182	-0.0253574	-0.000277179	-0.0997831	0.000974182	
-9.82	-0.0254114	-0.000279276	-0.0999763	0.000978999	-0.0254114	-0.000279276	-0.0999763	0.000978999	
-9.8	-0.0254657	-0.000281388	-0.10017	0.000983823	-0.0254657	-0.000281388	-0.10017	0.000983823	
-9.78	-0.0255202	-0.000283515	-0.100365	0.000988653	-0.0255202	-0.000283515	-0.100365	0.000988653	
-9.76	-0.0255749	-0.000285658	-0.10056	0.000993489	-0.0255749	-0.000285658	-0.10056	0.000993489	
-9.74	-0.02563	-0.000287816	-0.100756	0.000998331	-0.02563	-0.000287816	-0.100756	0.000998331	
-9.72	-0.0256852	-0.00028999	-0.100953	0.00100318	-0.0256852	-0.00028999	-0.100953	0.00100318	
-9.7	-0.0257408	-0.00029218	-0.101151	0.00100803	-0.0257408	-0.00029218	-0.101151	0.00100803	
-9.68	-0.0257965	-0.000294385	-0.101349	0.00101288	-0.0257965	-0.000294385	-0.101349	0.00101288	
-9.66	-0.0258526	-0.000296606	-0.101548	0.00101774	-0.0258526	-0.000296606	-0.101548	0.00101774	
-9.64	-0.0259089	-0.000298843	-0.101748	0.0010226	-0.0259089	-0.000298843	-0.101748	0.0010226	
-9.62	-0.0259655	-0.000301096	-0.101948	0.00102746	-0.0259655	-0.000301096	-0.101948	0.00102746	
-9.6	-0.0260223	-0.000303365	-0.102149	0.00103232	-0.0260223	-0.000303365	-0.102149	0.00103232	
-9.58	-0.0260795	-0.00030565	-0.102351	0.00103718	-0.0260795	-0.00030565	-0.102351	0.00103718	
-9.56	-0.0261369	-0.000307951	-0.102554	0.00104204	-0.0261369	-0.000307951	-0.102554	0.00104204	
-9.54	-0.0261945	-0.000310267	-0.102758	0.0010469	-0.0261945	-0.000310267	-0.102758	0.0010469	
-9.52	-0.0262525	-0.0003126	-0.102962	0.00105176	-0.0262525	-0.0003126	-0.102962	0.00105176	
-9.5	-0.0263107	-0.000314949	-0.103167	0.00105661	-0.0263107	-0.000314949	-0.103167	0.00105661	
-9.48	-0.0263692	-0.000317314	-0.103372	0.00106146	-0.0263692	-0.000317314	-0.103372	0.00106146	
-9.46	-0.026428	-0.000319695	-0.103579	0.00106631	-0.026428	-0.000319695	-0.103579	0.00106631	
-9.44	-0.0264871	-0.000322092	-0.103786	0.00107115	-0.0264871	-0.000322092	-0.103786	0.00107115	
-9.42	-0.0265464	-0.000324506	-0.103994	0.00107598	-0.0265464	-0.000324506	-0.103994	0.00107598	
-9.4	-0.0266061	-0.000326935	-0.104203	0.00108081	-0.0266061	-0.000326935	-0.104203	0.00108081	
-9.38	-0.026666	-0.000329381	-0.104413	0.00108563	-0.026666	-0.000329381	-0.104413	0.00108563	
-9.36	-0.0267262	-0.000331842	-0.104623	0.00109044	-0.0267262	-0.000331842	-0.104623	0.00109044	
-9.34	-0.0267868	-0.00033432	-0.104834	0.00109524	-0.0267868	-0.00033432	-0.104834	0.00109524	
-9.32	-0.0268476	-0.000336814	-0.105046	0.00110002	-0.0268476	-0.000336814	-0.105046	0.00110002	
-9.3	-0.0269087	-0.000339325	-0.105259	0.0011048	-0.0269087	-0.000339325	-0.105259	0.0011048	
-9.28	-0.0269702	-0.000341851	-0.105473	0.00110956	-0.0269702	-0.000341851	-0.105473	0.00110956	
-9.26	-0.0270319	-0.000344393	-0.105687	0.00111431	-0.0270319	-0.000344393	-0.105687	0.00111431	
-9.24	-0.027094	-0.000346952	-0.105903	0.00111904	-0.027094	-0.000346952	-0.105903	0.00111904	
-9.22	-0.0271563	-0.000349526	-0.106119	0.00112376	-0.0271563	-0.000349526	-0.106119	0.00112376	
-9.2	-0.027219	-0.000352116	-0.106335	0.00112845	-0.027219	-0.000352116	-0.106335	0.00112845	
-9.18	-0.027282	-0.000354723	-0.106553	0.00113313	-0.027282	-0.000354723	-0.106553	0.00113313	
-9.16	-0.0273453	-0.000357345	-0.106772	0.00113779	-0.0273453	-0.000357345	-0.106772	0.00113779	
-9.14	-0.027409	-0.000359983	-0.106991	0.00114242	-0.027409	-0.000359983	-0.106991	0.00114242	
-9.12	-0.0274729	-0.000362637	-0.107211	0.00114704	-0.0274729	-0.000362637	-0.107211	0.00114704	
-9.1	-0.0275372	-0.000365307	-0.107432	0.00115162	-0.0275372	-0.000365307	-0.107432	0.00115162	
-9.08	-0.0276018	-0.000367992	-0.107654	0.00115618	-0.0276018	-0.000367992	-0.107654	0.00115618	
-9.06	-0.0276668	-0.000370692	-0.107877	0.00116072	-0.0276668	-0.000370692	-0.107877	0.00116072	
-9.04	-0.0277321	-0.000373409	-0.108101	0.00116522	-0.0277321	-0.000373409	-0.108101	0.00116522	
-9.02	-0.0277977	-0.00037614	-0.108325	0.0011697	-0.0277977	-0.00037614	-0.108325	0.0011697	
-9	-0.0278637	-0.000378887	-0.108551	0.00117414	-0.0278637	-0.000378887	-0.108551	0.00117414	
-8.98	-0.02793	-0.000381649	-0.108777	0.00117855	-0.02793	-0.000381649	-0.108777	0.00117855	
-8.96	-0.0279966	-0.000384426	-0.109004	0.00118292	-0.0279966	-0.000384426	-0.109004	0.00118292	
-8.94	-0.0280636	-0.000387217	-0.109232	0.00118725	-0.0280636	-0.000387217	-0.109232	0.00118725	
-8.92	-0.028131	-0.000390024	-0.109461	0.00119155	-0.028131	-0.000390024	-0.109461	0.00119155	
-8.9	-0.0281987	-0.000392845	-0.109691	0.0011958	-0.0281987	-0.000392845	-0.109691	0.0011958	
-8.88	-0.0282668	-0.000395681	-0.109921	0.00120001	-0.0282668	-0.000395681	-0.109921	0.00120001	
-8.86	-0.0283352	-0.000398531	-0.110153	0.00120418	-0.0283352	-0.000398531	-0.110153	0.00120418	
-8.84	-0.028404	-0.000401395	-0.110385	0.0012083	-0.028404	-0.000401395	-0.110385	0.0012083	
-8.82	-0.0284732	-0.000404273	-0.110619	0.00121237	-0.0284732	-0.000404273	-0.110619	0.00121237	
-8.8	-0.0285427	-0.000407164	-0.110853	0.0012164	-0.0285427	-0.000407164	-0.110853	0.0012164	
-8.78	-0.0286126	-0.000410069	-0.111088	0.00122036	-0.0286126	-0.000410069	-0.111088	0.00122036	
-8.76	-0.0286829	-0.000412988	-0.111324	0.00122428	-0.0286829	-0.000412988	-0.111324	0.00122428	
-8.74	-0.0287536	-0.000415919	-0.111561	0.00122813	-0.0287536	-0.000415919	-0.111561	0.00122813	
-8.72	-0.0288247	-0.000418864	-0.111799	0.00123193	-0.0288247	-0.000418864	-0.111799	0.00123193	
-8.7	-0.0288961	-0.000421821	-0.112038	0.00123567	-0.0288961	-0.000421821	-0.112038	0.00123567	
-8.68	-0.0289679	-0.00042479	-0.112278	0.00123934	-0.0289679	-0.00042479	-0.112278	0.00123934	
-8.66	-0.0290402	-0.000427771	-0.112519	0.00124294	-0.0290402	-0.000427771	-0.112519	0.00124294	
-8.64	-0.0291128	-0.000430764	-0.112761	0.00124648	-0.0291128	-0.000430764	-0.112761	0.00124648	
-8.62	-0.0291858	-0.000433769	-0.113004	0.00124994	-0.0291858	-0.000433769	-0.113004	0.00124994	
-8.6	-0.0292593	-0.000436784	-0.113248	0.00125333	-0.0292593	-0.000436784	-0.113248	0.00125333	
-8.58	-0.0293331	-0.00043981	-0.113492	0.00125664	-0.0293331	-0.00043981	-0.113492	0.00125664	
-8.56	-0.0294074	-0.000442847	-0.113738	0.00125987	-0.0294074	-0.000442847	-0.113738	0.00125987	
-8.54	-0.0294821	-0.000445894	-0.113985	0.00126302	-0.0294821	-0.000445894	-0.113985	0.00126302	
-8.52	-0.0295572	-0.00044895	-0.114232	0.00126609	-0.0295572	-0.00044895	-0.114232	0.00126609	
-8.5	-0.0296327	-0.000452016	-0.114481	0.00126906	-0.0296327	-0.000452016	-0.114481	0.00126906	
-8.48	-0.0297086	-0.000455091	-0.114731	0.00127195	-0.0297086	-0.000455091	-0.114731	0.00127195	
-8.46	-0.029785	-0.000458174	-0.114982	0.00127473	-0.029785	-0.000458174	-0.114982	0.00127473	
-8.44	-0.0298618	-0.000461265	-0.115233	0.00127743	-0.0298618	-0.000461265	-0.115233	0.00127743	
-8.42	-0.0299391	-0.000464363	-0.115486	0.00128001	-0.0299391	-0.000464363	-0.115486	0.00128001	
-8.4	-0.0300168	-0.000467469	-0.11574	0.0012825	-0.0300168	-0.000467469	-0.11574	0.0012825	
-8.38	-0.0300949	-0.000470581	-0.115995	0.00128488	-0.0300949	-0.000470581	-0.115995	0.00128488	
-8.36	-0.0301735	-0.000473699	-0.11625	0.00128714	-0.0301735	-0.000473699	-0.11625	0.00128714	
-8.34	-0.0302525	-0.000476823	-0.116507	0.00128929	-0.0302525	-0.000476823	-0.116507	0.00128929	
-8.32	-0.0303321	-0.000479951	-0.116765	0.00129132	-0.0303321	-0.000479951	-0.116765	0.00129132	
-8.3	-0.030412	-0.000483084	-0.117024	0.00129323	-0.030412	-0.000483084	-0.117024	0.00129323	
-8.28	-0.0304925	-0.00048622	-0.117284	0.00129502	-0.0304925	-0.00048622	-0.117284	0.00129502	
-8.26	-0.0305734	-0.000489359	-0.117546	0.00129667	-0.0305734	-0.000489359	-0.117546	0.00129667	
-8.24	-0.0306548	-0.000492501	-0.117808	0.00129819	-0.0306548	-0.000492501	-0.117808	0.00129819	
-8.22	-0.0307366	-0.000495645	-0.118071	0.00129957	-0.0307366	-0.000495645	-0.118071	0.00129957	
-8.2	-0.030819	-0.000498789	-0.118336	0.0013008	-0.030819	-0.000498789	-0.118336	0.0013008	
-8.18	-0.0309018	-0.000501934	-0.118601	0.00130189	-0.0309018	-0.000501934	-0.118601	0.00130189	
-8.16	-0.0309852	-0.000505078	-0.118868	0.00130283	-0.0309852	-0.000505078	-0.118868	0.00130283	
-8.14	-0.031069	-0.000508221	-0.119136	0.00130361	-0.031069	-0.000508221	-0.119136	0.00130361	
-8.12	-0.0311534	-0.000511361	-0.119404	0.00130423	-0.0311534	-0.000511361	-0.119404	0.00130423	
-8.1	-0.0312382	-0.000514499	-0.119674	0.00130469	-0.0312382	-0.000514499	-0.119674	0.00130469	
-8.08	-0.0313236	-0.000517633	-0.119946	0.00130497	-0.0313236	-0.000517633	-0.119946	0.00130497	
-8.06	-0.0314095	-0.000520762	-0.120218	0.00130508	-0.0314095	-0.000520762	-0.120218	0.00130508	
-8.04	-0.0314959	-0.000523886	-0.120491	0.00130501	-0.0314959	-0.000523886	-0.120491	0.00130501	
-8.02	-0.0315828	-0.000527003	-0.120766	0.00130476	-0.0315828	-0.000527003	-0.120766	0.00130476	
-8	-0.0316703	-0.000530112	-0.121042	0.00130431	-0.0316703	-0.000530112	-0.121042	0.00130431	
-7.98	-0.0317583	-0.000533213	-0.121319	0.00130367	-0.0317583	-0.000533213	-0.121319	0.00130367	
-7.96	-0.0318468	-0.000536303	-0.121597	0.00130283	-0.0318468	-0.000536303	-0.121597	0.00130283	
-7.94	-0.0319359	-0.000539384	-0.121876	0.00130178	-0.0319359	-0.000539384	-0.121876	0.00130178	
-7.92	-0.0320256	-0.000542452	-0.122157	0.00130051	-0.0320256	-0.000542452	-0.122157	0.00130051	
-7.9	-0.0321158	-0.000545507	-0.122438	0.00129903	-0.0321158	-0.000545507	-0.122438	0.00129903	
-7.88	-0.0322066	-0.000548547	-0.122721	0.00129732	-0.0322066	-0.000548547	-0.122721	0.00129732	
-7.86	-0.0322979	-0.000551572	-0.123005	0.00129538	-0.0322979	-0.000551572	-0.123005	0.00129538	
-7.84	-0.0323898	-0.00055458	-0.123291	0.00129321	-0.0323898	-0.00055458	-0.123291	0.00129321	
-7.82	-0.0324823	-0.00055757	-0.123577	0.00129079	-0.0324823	-0.00055757	-0.123577	0.00129079	
-7.8	-0.0325754	-0.000560541	-0.123865	0.00128812	-0.0325754	-0.000560541	-0.123865	0.00128812	
-7.78	-0.0326691	-0.00056349	-0.124155	0.00128519	-0.0326691	-0.00056349	-0.124155	0.00128519	
-7.76	-0.0327633	-0.000566417	-0.124445	0.001282	-0.0327633	-0.000566417	-0.124445	0.001282	
-7.74	-0.0328582	-0.00056932	-0.124737	0.00127854	-0.0328582	-0.00056932	-0.124737	0.00127854	
-7.72	-0.0329537	-0.000572197	-0.12503	0.0012748	-0.0329537	-0.000572197	-0.12503	0.0012748	
-7.7	-0.0330498	-0.000575048	-0.125324	0.00127078	-0.0330498	-0.000575048	-0.125324	0.00127078	
-7.68	-0.0331465	-0.00057787	-0.12562	0.00126646	-0.0331465	-0.00057787	-0.12562	0.00126646	
-7.66	-0.0332438	-0.000580661	-0.125917	0.00126185	-0.0332438	-0.000580661	-0.125917	0.00126185	
-7.64	-0.0333418	-0.00058342	-0.126215	0.00125692	-0.0333418	-0.00058342	-0.126215	0.00125692	
-7.62	-0.0334404	-0.000586145	-0.126514	0.00125168	-0.0334404	-0.000586145	-0.126514	0.00125168	
-7.6	-0.0335397	-0.000588835	-0.126815	0.00124612	-0.0335397	-0.000588835	-0.126815	0.00124612	
-7.58	-0.0336396	-0.000591487	-0.127118	0.00124023	-0.0336396	-0.000591487	-0.127118	0.00124023	
-7.56	-0.0337401	-0.000594099	-0.127421	0.001234	-0.0337401	-0.000594099	-0.127421	0.001234	
-7.54	-0.0338414	-0.00059667	-0.127727	0.00122741	-0.0338414	-0.00059667	-0.127727	0.00122741	
-7.52	-0.0339433	-0.000599197	-0.128033	0.00122047	-0.0339433	-0.000599197	-0.128033	0.00122047	
-7.5	-0.0340458	-0.000601678	-0.128341	0.00121317	-0.0340458	-0.000601678	-0.128341	0.00121317	
-7.48	-0.0341491	-0.000604111	-0.12865	0.00120549	-0.0341491	-0.000604111	-0.12865	0.00120549	
-7.46	-0.034253	-0.000606495	-0.128961	0.00119743	-0.034253	-0.000606495	-0.128961	0.00119743	
-7.44	-0.0343577	-0.000608825	-0.129273	0.00118897	-0.0343577	-0.000608825	-0.129273	0.00118897	
-7.42	-0.034463	-0.000611101	-0.129587	0.00118011	-0.034463	-0.000611101	-0.129587	0.00118011	
-7.4	-0.0345691	-0.00061332	-0.129902	0.00117084	-0.0345691	-0.00061332	-0.129902	0.00117084	
-7.38	-0.0346758	-0.000615479	-0.130218	0.00116114	-0.0346758	-0.000615479	-0.130218	0.00116114	
-7.36	-0.0347833	-0.000617575	-0.130537	0.00115102	-0.0347833	-0.000617575	-0.130537	0.00115102	
-7.34	-0.0348915	-0.000619607	-0.130856	0.00114045	-0.0348915	-0.000619607	-0.130856	0.00114045	
-7.32	-0.0350005	-0.000621571	-0.131177	0.00112942	-0.0350005	-0.000621571	-0.131177	0.00112942	
-7.3	-0.0351102	-0.000623465	-0.1315	0.00111794	-0.0351102	-0.000623465	-0.1315	0.00111794	
-7.28	-0.0352206	-0.000625285	-0.131824	0.00110598	-0.0352206	-0.000625285	-0.131824	0.00110598	
-7.26	-0.0353318	-0.00062703	-0.13215	0.00109353	-0.0353318	-0.00062703	-0.13215	0.00109353	
-7.24	-0.0354438	-0.000628695	-0.132477	0.00108059	-0.0354438	-0.000628695	-0.132477	0.00108059	
-7.22	-0.0355565	-0.000630278	-0.132806	0.00106714	-0.0355565	-0.000630278	-0.132806	0.00106714	
-7.2	-0.03567	-0.000631776	-0.133136	0.00105317	-0.03567	-0.000631776	-0.133136	0.00105317	
-7.18	-0.0357843	-0.000633186	-0.133469	0.00103866	-0.0357843	-0.000633186	-0.133469	0.00103866	
-7.16	-0.0358994	-0.000634504	-0.133802	0.00102362	-0.0358994	-0.000634504	-0.133802	0.00102362	
-7.14	-0.0360153	-0.000635726	-0.134138	0.00100802	-0.0360153	-0.000635726	-0.134138	0.00100802	
-7.12	-0.036132	-0.00063685	-0.134475	0.000991848	-0.036132	-0.00063685	-0.134475	0.000991848	
-7.1	-0.0362496	-0.000637872	-0.134814	0.000975098	-0.0362496	-0.000637872	-0.134814	0.000975098	
-7.08	-0.0363679	-0.000638788	-0.135154	0.000957755	-0.0363679	-0.000638788	-0.135154	0.000957755	
-7.06	-0.0364871	-0.000639595	-0.135496	0.000939805	-0.0364871	-0.000639595	-0.135496	0.000939805	
-7.04	-0.0366071	-0.000640289	-0.13584	0.000921236	-0.0366071	-0.000640289	-0.13584	0.000921236	
-7.02	-0.036728	-0.000640865	-0.136186	0.000902033	-0.036728	-0.000640865	-0.136186	0.000902033	
-7	-0.0368497	-0.000641321	-0.136533	0.000882184	-0.0368497	-0.000641321	-0.136533	0.000882184	
-6.98	-0.0369723	-0.000641651	-0.136883	0.000861673	-0.0369723	-0.000641651	-0.136883	0.000861673	
-6.96	-0.0370958	-0.000641852	-0.137234	0.000840489	-0.0370958	-0.000641852	-0.137234	0.000840489	
-6.94	-0.0372201	-0.00064192	-0.137587	0.000818614	-0.0372201	-0.00064192	-0.137587	0.000818614	
-6.92	-0.0373454	-0.000641849	-0.137941	0.000796037	-0.0373454	-0.000641849	-0.137941	0.000796037	
-6.9	-0.0374715	-0.000641637	-0.138298	0.000772741	-0.0374715	-0.000641637	-0.138298	0.000772741	
-6.88	-0.0375985	-0.000641277	-0.138656	0.000748711	-0.0375985	-0.000641277	-0.138656	0.000748711	
-6.86	-0.0377265	-0.000640766	-0.139017	0.000723933	-0.0377265	-0.000640766	-0.139017	0.000723933	
-6.84	-0.0378553	-0.000640099	-0.139379	0.000698391	-0.0378553	-0.000640099	-0.139379	0.000698391	
-6.82	-0.0379851	-0.000639271	-0.139743	0.000672069	-0.0379851	-0.000639271	-0.139743	0.000672069	
-6.8	-0.0381159	-0.000638278	-0.14011	0.000644952	-0.0381159	-0.000638278	-0.14011	0.000644952	
-6.78	-0.0382476	-0.000637113	-0.140478	0.000617023	-0.0382476	-0.000637113	-0.140478	0.000617023	
-6.76	-0.0383802	-0.000635772	-0.140848	0.000588266	-0.0383802	-0.000635772	-0.140848	0.000588266	
-6.74	-0.0385138	-0.00063425	-0.14122	0.000558665	-0.0385138	-0.00063425	-0.14122	0.000558665	
-6.72	-0.0386484	-0.000632541	-0.141595	0.000528202	-0.0386484	-0.000632541	-0.141595	0.000528202	
-6.7	-0.0387839	-0.00063064	-0.141971	0.000496862	-0.0387839	-0.00063064	-0.141971	0.000496862	
-6.68	-0.0389205	-0.000628541	-0.14235	0.000464625	-0.0389205	-0.000628541	-0.14235	0.000464625	
-6.66	-0.039058	-0.00062624	-0.14273	0.000431476	-0.039058	-0.00062624	-0.14273	0.000431476	
-6.64	-0.0391966	-0.000623729	-0.143113	0.000397397	-0.0391966	-0.000623729	-0.143113	0.000397397	
-6.62	-0.0393361	-0.000621003	-0.143498	0.000362368	-0.0393361	-0.000621003	-0.143498	0.000362368	
-6.6	-0.0394767	-0.000618057	-0.143886	0.000326373	-0.0394767	-0.000618057	-0.143886	0.000326373	
-6.58	-0.0396183	-0.000614883	-0.144275	0.000289393	-0.0396183	-0.000614883	-0.144275	0.000289393	
-6.56	-0.039761	-0.000611477	-0.144667	0.00025141	-0.039761	-0.000611477	-0.144667	0.00025141	
-6.54	-0.0399047	-0.000607831	-0.145061	0.000212404	-0.0399047	-0.000607831	-0.145061	0.000212404	
-6.52	-0.0400495	-0.000603939	-0.145457	0.000172357	-0.0400495	-0.000603939	-0.145457	0.000172357	
-6.5	-0.0401953	-0.000599795	-0.145856	0.000131249	-0.0401953	-0.000599795	-0.145856	0.000131249	
-6.48	-0.0403423	-0.000595392	-0.146257	8.90603e-05	-0.0403423	-0.000595392	-0.146257	8.90603e-05	
-6.46	-0.0404903	-0.000590724	-0.146661	4.57721e-05	-0.0404903	-0.000590724	-0.146661	4.57721e-05	
-6.44	-0.0406394	-0.000585783	-0.147067	1.36417e-06	-0.0406394	-0.000585783	-0.147067	1.36417e-06	
-6.42	-0.0407896	-0.000580562	-0.147475	-4.41838e-05	-0.0407896	-0.000580562	-0.147475	-4.41838e-05	
-6.4	-0.0409409	-0.000575055	-0.147886	-9.08921e-05	-0.0409409	-0.000575055	-0.147886	-9.08921e-05	
-6.38	-0.0410934	-0.000569255	-0.1483	-0.000138781	-0.0410934	-0.000569255	-0.1483	-0.000138781	
-6.36	-0.041247	-0.000563154	-0.148716	-0.000187872	-0.041247	-0.000563154	-0.148716	-0.000187872	
-6.34	-0.0414017	-0.000556744	-0.149135	-0.000238186	-0.0414017	-0.000556744	-0.149135	-0.000238186	
-6.32	-0.0415576	-0.000550019	-0.149556	-0.000289744	-0.0415576	-0.000550019	-0.149556	-0.000289744	
-6.3	-0.0417146	-0.00054297	-0.14998	-0.000342567	-0.0417146	-0.00054297	-0.14998	-0.000342567	
-6.28	-0.0418728	-0.00053559	-0.150407	-0.000396678	-0.0418728	-0.00053559	-0.150407	-0.000396678	
-6.26	-0.0420322	-0.000527872	-0.150837	-0.000452097	-0.0420322	-0.000527872	-0.150837	-0.000452097	
-6.24	-0.0421928	-0.000519807	-0.151269	-0.000508848	-0.0421928	-0.000519807	-0.151269	-0.000508848	
-6.22	-0.0423546	-0.000511388	-0.151704	-0.000566952	-0.0423546	-0.000511388	-0.151704	-0.000566952	
-6.2	-0.0425175	-0.000502606	-0.152142	-0.000626433	-0.0425175	-0.000502606	-0.152142	-0.000626433	
-6.18	-0.0426817	-0.000493453	-0.152583	-0.000687312	-0.0426817	-0.000493453	-0.152583	-0.000687312	
-6.16	-0.0428471	-0.000483921	-0.153027	-0.000749612	-0.0428471	-0.000483921	-0.153027	-0.000749612	
-6.14	-0.0430138	-0.000474002	-0.153474	-0.000813358	-0.0430138	-0.000474002	-0.153474	-0.000813358	
-6.12	-0.0431817	-0.000463687	-0.153924	-0.000878572	-0.0431817	-0.000463687	-0.153924	-0.000878572	
-6.1	-0.0433508	-0.000452968	-0.154377	-0.000945277	-0.0433508	-0.000452968	-0.154377	-0.000945277	
-6.08	-0.0435213	-0.000441835	-0.154833	-0.0010135	-0.0435213	-0.000441835	-0.154833	-0.0010135	
-6.06	-0.0436929	-0.000430281	-0.155292	-0.00108326	-0.0436929	-0.000430281	-0.155292	-0.00108326	
-6.04	-0.0438659	-0.000418297	-0.155754	-0.00115458	-0.0438659	-0.000418297	-0.155754	-0.00115458	
-6.02	-0.0440402	-0.000405874	-0.15622	-0.0012275	-0.0440402	-0.000405874	-0.15622	-0.0012275	
-6	-0.0442157	-0.000393002	-0.156689	-0.00130202	-0.0442157	-0.000393002	-0.156689	-0.00130202	
-5.98	-0.0443926	-0.000379673	-0.157161	-0.00137818	-0.0443926	-0.000379673	-0.157161	-0.00137818	
-5.96	-0.0445708	-0.000365878	-0.157637	-0.00145601	-0.0445708	-0.000365878	-0.157637	-0.00145601	
-5.94	-0.0447503	-0.000351608	-0.158116	-0.00153552	-0.0447503	-0.000351608	-0.158116	-0.00153552	
-5.92	-0.0449311	-0.000336854	-0.158599	-0.00161675	-0.0449311	-0.000336854	-0.158599	-0.00161675	
-5.9	-0.0451133	-0.000321605	-0.159085	-0.00169971	-0.0451133	-0.000321605	-0.159085	-0.00169971	
-5.88	-0.0452968	-0.000305854	-0.159575	-0.00178444	-0.0452968	-0.000305854	-0.159575	-0.00178444	
-5.86	-0.0454817	-0.000289591	-0.160068	-0.00187096	-0.0454817	-0.000289591	-0.160068	-0.00187096	
-5.84	-0.045668	-0.000272806	-0.160565	-0.00195929	-0.045668	-0.000272806	-0.160565	-0.00195929	
-5.82	-0.0458557	-0.000255489	-0.161066	-0.00204947	-0.0458557	-0.000255489	-0.161066	-0.00204947	
-5.8	-0.0460447	-0.000237633	-0.161571	-0.00214151	-0.0460447	-0.000237633	-0.161571	-0.00214151	
-5.78	-0.0462352	-0.000219226	-0.162079	-0.00223546	-0.0462352	-0.000219226	-0.162079	-0.00223546	
-5.76	-0.0464271	-0.00020026	-0.162592	-0.00233132	-0.0464271	-0.00020026	-0.162592	-0.00233132	
-5.74	-0.0466203	-0.000180725	-0.163108	-0.00242914	-0.0466203	-0.000180725	-0.163108	-0.00242914	
-5.72	-0.0468151	-0.000160612	-0.163629	-0.00252894	-0.0468151	-0.000160612	-0.163629	-0.00252894	
-5.7	-0.0470112	-0.00013991	-0.164153	-0.00263074	-0.0470112	-0.00013991	-0.164153	-0.00263074	
-5.68	-0.0472088	-0.000118611	-0.164682	-0.00273457	-0.0472088	-0.000118611	-0.164682	-0.00273457	
-5.66	-0.0474079	-9.67049e-05	-0.165215	-0.00284047	-0.0474079	-9.67049e-05	-0.165215	-0.00284047	
-5.64	-0.0476084	-7.4182e-05	-0.165752	-0.00294845	-0.0476084	-7.4182e-05	-0.165752	-0.00294845	
-5.62	-0.0478104	-5.10327e-05	-0.166293	-0.00305856	-0.0478104	-5.10327e-05	-0.166293	-0.00305856	
-5.6	-0.0480139	-2.72477e-05	-0.166839	-0.00317081	-0.0480139	-2.72477e-05	-0.166839	-0.00317081	
-5.58	-0.0482188	-2.8174e-06	-0.167389	-0.00328523	-0.0482188	-2.8174e-06	-0.167389	-0.00328523	
-5.56	-0.0484253	2.22677e-05	-0.167944	-0.00340187	-0.0484253	2.22677e-05	-0.167944	-0.00340187	
-5.54	-0.0486333	4.80169e-05	-0.168504	-0.00352074	-0.0486333	4.80169e-05	-0.168504	-0.00352074	
-5.52	-0.0488428	7.44398e-05	-0.169068	-0.00364187	-0.0488428	7.44398e-05	-0.169068	-0.00364187	
-5.5	-0.0490539	0.000101546	-0.169637	-0.0037653	-0.0490539	0.000101546	-0.169637	-0.0037653	
-5.48	-0.0492665	0.000129344	-0.17021	-0.00389105	-0.0492665	0.000129344	-0.17021	-0.00389105	
-5.46	-0.0494806	0.000157843	-0.170789	-0.00401916	-0.0494806	0.000157843	-0.170789	-0.00401916	
-5.44	-0.0496963	0.000187054	-0.171372	-0.00414966	-0.0496963	0.000187054	-0.171372	-0.00414966	
-5.42	-0.0499136	0.000216984	-0.17196	-0.00428258	-0.0499136	0.000216984	-0.17196	-0.00428258	
-5.4	-0.0501325	0.000247644	-0.172554	-0.00441794	-0.0501325	0.000247644	-0.172554	-0.00441794	
-5.38	-0.050353	0.000279041	-0.173153	-0.00455579	-0.050353	0.000279041	-0.173153	-0.00455579	
-5.36	-0.050575	0.000311185	-0.173757	-0.00469616	-0.050575	0.000311185	-0.173757	-0.00469616	
-5.34	-0.0507987	0.000344084	-0.174366	-0.00483907	-0.0507987	0.000344084	-0.174366	-0.00483907	
-5.32	-0.051024	0.000377748	-0.17498	-0.00498456	-0.051024	0.000377748	-0.17498	-0.00498456	
-5.3	-0.0512509	0.000412185	-0.175601	-0.00513266	-0.0512509	0.000412185	-0.175601	-0.00513266	
-5.28	-0.0514795	0.000447404	-0.176226	-0.00528342	-0.0514795	0.000447404	-0.176226	-0.00528342	
-5.26	-0.0517097	0.000483412	-0.176858	-0.00543685	-0.0517097	0.000483412	-0.176858	-0.00543685	
-5.24	-0.0519416	0.000520218	-0.177495	-0.005593	-0.0519416	0.000520218	-0.177495	-0.005593	
-5.22	-0.0521752	0.000557831	-0.178137	-0.0057519	-0.0521752	0.000557831	-0.178137	-0.0057519	
-5.2	-0.0524105	0.000596257	-0.178786	-0.00591359	-0.0524105	0.000596257	-0.178786	-0.00591359	
-5.18	-0.0526474	0.000635506	-0.179441	-0.00607811	-0.0526474	0.000635506	-0.179441	-0.00607811	
-5.16	-0.0528861	0.000675585	-0.180101	-0.00624548	-0.0528861	0.000675585	-0.180101	-0.00624548	
-5.14	-0.0531265	0.000716501	-0.180768	-0.00641576	-0.0531265	0.000716501	-0.180768	-0.00641576	
-5.12	-0.0533687	0.000758263	-0.181441	-0.00658897	-0.0533687	0.000758263	-0.181441	-0.00658897	
-5.1	-0.0536126	0.000800876	-0.182121	-0.00676515	-0.0536126	0.000800876	-0.182121	-0.00676515	
-5.08	-0.0538582	0.000844349	-0.182807	-0.00694435	-0.0538582	0.000844349	-0.182807	-0.00694435	
-5.06	-0.0541057	0.000888688	-0.183499	-0.0071266	-0.0541057	0.000888688	-0.183499	-0.0071266	
-5.04	-0.0543549	0.0009339	-0.184198	-0.00731194	-0.0543549	0.0009339	-0.184198	-0.00731194	
-5.02	-0.0546059	0.000979992	-0.184904	-0.00750042	-0.0546059	0.000979992	-0.184904	-0.00750042	
-5	-0.0548588	0.00102697	-0.185616	-0.00769207	-0.0548588	0.00102697	-0.185616	-0.00769207	
-4.98	-0.0551135	0.00107484	-0.186335	-0.00788694	-0.0551135	0.00107484	-0.186335	-0.00788694	
-4.96	-0.05537	0.00112361	-0.187062	-0.00808508	-0.05537	0.00112361	-0.187062	-0.00808508	
-4.94	-0.0556284	0.00117328	-0.187795	-0.00828652	-0.0556284	0.00117328	-0.187795	-0.00828652	
-4.92	-0.0558886	0.00122387	-0.188536	-0.00849132	-0.0558886	0.00122387	-0.188536	-0.00849132	
-4.9	-0.0561508	0.00127537	-0.189284	-0.00869951	-0.0561508	0.00127537	-0.189284	-0.00869951	
-4.88	-0.0564149	0.00132779	-0.19004	-0.00891115	-0.0564149	0.00132779	-0.19004	-0.00891115	
-4.86	-0.0566809	0.00138113	-0.190802	-0.00912628	-0.0566809	0.00138113	-0.190802	-0.00912628	
-4.84	-0.0569488	0.00143541	-0.191573	-0.00934495	-0.0569488	0.00143541	-0.191573	-0.00934495	
-4.82	-0.0572187	0.00149062	-0.192351	-0.00956721	-0.0572187	0.00149062	-0.192351	-0.00956721	
-4.8	-0.0574906	0.00154678	-0.193138	-0.00979312	-0.0574906	0.00154678	-0.193138	-0.00979312	
-4.78	-0.0577645	0.00160387	-0.193932	-0.0100227	-0.0577645	0.00160387	-0.193932	-0.0100227	
-4.76	-0.0580404	0.00166192	-0.194734	-0.0102561	-0.0580404	0.00166192	-0.194734	-0.0102561	
-4.74	-0.0583183	0.00172092	-0.195545	-0.0104932	-0.0583183	0.00172092	-0.195545	-0.0104932	
-4.72	-0.0585983	0.00178088	-0.196363	-0.0107343	-0.0585983	0.00178088	-0.196363	-0.0107343	
-4.7	-0.0588804	0.00184179	-0.197191	-0.0109792	-0.0588804	0.00184179	-0.197191	-0.0109792	
-4.68	-0.0591645	0.00190367	-0.198026	-0.0112281	-0.0591645	0.00190367	-0.198026	-0.0112281	
-4.66	-0.0594508	0.00196652	-0.198871	-0.0114811	-0.0594508	0.00196652	-0.198871	-0.0114811	
-4.64	-0.0597393	0.00203033	-0.199724	-0.0117381	-0.0597393	0.00203033	-0.199724	-0.0117381	
-4.62	-0.0600299	0.00209512	-0.200587	-0.0119993	-0.0600299	0.00209512	-0.200587	-0.0119993	
-4.6	-0.0603227	0.00216088	-0.201458	-0.0122648	-0.0603227	0.00216088	-0.201458	-0.0122648	
-4.58	-0.0606177	0.00222761	-0.202339	-0.0125345	-0.0606177	0.00222761	-0.202339	-0.0125345	
-4.56	-0.060915	0.00229533	-0.203228	-0.0128086	-0.060915	0.00229533	-0.203228	-0.0128086	
-4.54	-0.0612145	0.00236402	-0.204128	-0.0130871	-0.0612145	0.00236402	-0.204128	-0.0130871	
-4.52	-0.0615164	0.0024337	-0.205037	-0.0133702	-0.0615164	0.0024337	-0.205037	-0.0133702	
-4.5	-0.0618206	0.00250436	-0.205956	-0.0136578	-0.0618206	0.00250436	-0.205956	-0.0136578	
-4.48	-0.0621271	0.002576	-0.206885	-0.01395	-0.0621271	0.002576	-0.206885	-0.01395	
-4.46	-0.062436	0.00264863	-0.207823	-0.0142471	-0.062436	0.00264863	-0.207823	-0.0142471	
-4.44	-0.0627474	0.00272224	-0.208772	-0.0145489	-0.0627474	0.00272224	-0.208772	-0.0145489	
-4.42	-0.0630612	0.00279685	-0.209732	-0.0148556	-0.0630612	0.00279685	-0.209732	-0.0148556	
-4.4	-0.0633775	0.00287244	-0.210701	-0.0151673	-0.0633775	0.00287244	-0.210701	-0.0151673	
-4.38	-0.0636963	0.00294901	-0.211682	-0.0154841	-0.0636963	0.00294901	-0.211682	-0.0154841	
-4.36	-0.0640177	0.00302658	-0.212673	-0.015806	-0.0640177	0.00302658	-0.212673	-0.015806	
-4.34	-0.0643417	0.00310513	-0.213676	-0.0161332	-0.0643417	0.00310513	-0.213676	-0.0161332	
-4.32	-0.0646683	0.00318467	-0.214689	-0.0164657	-0.0646683	0.00318467	-0.214689	-0.0164657	
-4.3	-0.0649976	0.00326519	-0.215714	-0.0168037	-0.0649976	0.00326519	-0.215714	-0.0168037	
-4.28	-0.0653296	0.0033467	-0.21675	-0.0171473	-0.0653296	0.0033467	-0.21675	-0.0171473	
-4.26	-0.0656643	0.0034292	-0.217798	-0.0174965	-0.0656643	0.0034292	-0.217798	-0.0174965	
-4.24	-0.0660019	0.00351268	-0.218858	-0.0178514	-0.0660019	0.00351268	-0.218858	-0.0178514	
-4.22	-0.0663422	0.00359714	-0.219929	-0.0182122	-0.0663422	0.00359714	-0.219929	-0.0182122	
-4.2	-0.0666855	0.00368258	-0.221013	-0.0185791	-0.0666855	0.00368258	-0.221013	-0.0185791	
-4.18	-0.0670317	0.003769	-0.22211	-0.018952	-0.0670317	0.003769	-0.22211	-0.018952	
-4.16	-0.0673809	0.0038564	-0.223218	-0.0193311	-0.0673809	0.0038564	-0.223218	-0.0193311	
-4.14	-0.0677331	0.00394477	-0.22434	-0.0197166	-0.0677331	0.00394477	-0.22434	-0.0197166	
-4.12	-0.0680885	0.00403411	-0.225475	-0.0201085	-0.0680885	0.00403411	-0.225475	-0.0201085	
-4.1	-0.0684469	0.00412443	-0.226622	-0.0205071	-0.0684469	0.00412443	-0.226622	-0.0205071	
-4.08	-0.0688086	0.00421572	-0.227783	-0.0209124	-0.0688086	0.00421572	-0.227783	-0.0209124	
-4.06	-0.0691734	0.00430797	-0.228958	-0.0213246	-0.0691734	0.00430797	-0.228958	-0.0213246	
-4.04	-0.0695416	0.00440118	-0.230146	-0.0217438	-0.0695416	0.00440118	-0.230146	-0.0217438	
-4.02	-0.0699132	0.00449536	-0.231349	-0.0221702	-0.0699132	0.00449536	-0.231349	-0.0221702	
-4	-0.0702882	0.00459049	-0.232565	-0.022604	-0.0702882	0.00459049	-0.232565	-0.022604	
-3.98	-0.0706667	0.00468657	-0.233796	-0.0230452	-0.0706667	0.00468657	-0.233796	-0.0230452	
-3.96	-0.0710488	0.0047836	-0.235042	-0.0234941	-0.0710488	0.0047836	-0.235042	-0.0234941	
-3.94	-0.0714344	0.00488158	-0.236302	-0.0239508	-0.0714344	0.00488158	-0.236302	-0.0239508	
-3.92	-0.0718238	0.0049805	-0.237578	-0.0244155	-0.0718238	0.0049805	-0.237578	-0.0244155	
-3.9	-0.072217	0.00508036	-0.238868	-0.0248884	-0.072217	0.00508036	-0.238868	-0.0248884	
-3.88	-0.0726139	0.00518115	-0.240175	-0.0253697	-0.0726139	0.00518115	-0.240175	-0.0253697	
-3.86	-0.0730148	0.00528287	-0.241497	-0.0258595	-0.0730148	0.00528287	-0.241497	-0.0258595	
-3.84	-0.0734198	0.00538552	-0.242836	-0.0263581	-0.0734198	0.00538552	-0.242836	-0.0263581	
-3.82	-0.0738287	0.00548908	-0.24419	-0.0268656	-0.0738287	0.00548908	-0.24419	-0.0268656	
-3.8	-0.0742419	0.00559356	-0.245562	-0.0273824	-0.0742419	0.00559356	-0.245562	-0.0273824	
-3.78	-0.0746593	0.00569895	-0.24695	-0.0279085	-0.0746593	0.00569895	-0.24695	-0.0279085	
-3.76	-0.075081	0.00580524	-0.248355	-0.0284442	-0.075081	0.00580524	-0.248355	-0.0284442	
-3.74	-0.0755072	0.00591244	-0.249778	-0.0289897	-0.0755072	0.00591244	-0.249778	-0.0289897	
-3.72	-0.0759379	0.00602052	-0.251218	-0.0295454	-0.0759379	0.00602052	-0.251218	-0.0295454	
-3.7	-0.0763732	0.00612949	-0.252677	-0.0301114	-0.0763732	0.00612949	-0.252677	-0.0301114	
-3.68	-0.0768132	0.00623934	-0.254154	-0.030688	-0.0768132	0.00623934	-0.254154	-0.030688	
-3.66	-0.0772581	0.00635006	-0.255649	-0.0312754	-0.0772581	0.00635006	-0.255649	-0.0312754	
-3.64	-0.0777079	0.00646165	-0.257163	-0.0318739	-0.0777079	0.00646165	-0.257163	-0.0318739	
-3.62	-0.0781627	0.00657409	-0.258697	-0.0324839	-0.0781627	0.00657409	-0.258697	-0.0324839	
-3.6	-0.0786227	0.00668739	-0.26025	-0.0331056	-0.0786227	0.00668739	-0.26025	-0.0331056	
-3.58	-0.0790879	0.00680153	-0.261823	-0.0337393	-0.0790879	0.00680153	-0.261823	-0.0337393	
-3.56	-0.0795585	0.0069165	-0.263416	-0.0343852	-0.0795585	0.0069165	-0.263416	-0.0343852	
-3.54	-0.0800347	0.0070323	-0.265029	-0.0350439	-0.0800347	0.0070323	-0.265029	-0.0350439	
-3.52	-0.0805165	0.00714892	-0.266664	-0.0357155	-0.0805165	0.00714892	-0.266664	-0.0357155	
-3.5	-0.081004	0.00726635	-0.26832	-0.0364004	-0.081004	0.00726635	-0.26832	-0.0364004	
-3.48	-0.0814975	0.00738457	-0.269997	-0.0370989	-0.0814975	0.00738457	-0.269997	-0.0370989	
-3.46	-0.081997	0.00750358	-0.271696	-0.0378116	-0.081997	0.00750358	-0.271696	-0.0378116	
-3.44	-0.0825027	0.00762337	-0.273418	-0.0385386	-0.0825027	0.00762337	-0.273418	-0.0385386	
-3.42	-0.0830148	0.00774392	-0.275162	-0.0392805	-0.0830148	0.00774392	-0.275162	-0.0392805	
-3.4	-0.0835333	0.00786523	-0.276929	-0.0400375	-0.0835333	0.00786523	-0.276929	-0.0400375	
-3.38	-0.0840585	0.00798728	-0.27872	-0.0408103	-0.0840585	0.00798728	-0.27872	-0.0408103	
-3.36	-0.0845905	0.00811005	-0.280534	-0.0415991	-0.0845905	0.00811005	-0.280534	-0.0415991	
-3.34	-0.0851295	0.00823354	-0.282373	-0.0424044	-0.0851295	0.00823354	-0.282373	-0.0424044	
-3.32	-0.0856757	0.00835773	-0.284237	-0.0432268	-0.0856757	0.00835773	-0.284237	-0.0432268	
-3.3	-0.0862291	0.00848261	-0.286125	-0.0440666	-0.0862291	0.00848261	-0.286125	-0.0440666	
-3.28	-0.0867901	0.00860815	-0.28804	-0.0449244	-0.0867901	0.00860815	-0.28804	-0.0449244	
-3.26	-0.0873588	0.00873434	-0.28998	-0.0458008	-0.0873588	0.00873434	-0.28998	-0.0458008	
-3.24	-0.0879355	0.00886117	-0.291946	-0.0466962	-0.0879355	0.00886117	-0.291946	-0.0466962	
-3.22	-0.0885202	0.00898861	-0.29394	-0.0476111	-0.0885202	0.00898861	-0.29394	-0.0476111	
-3.2	-0.0891133	0.00911664	-0.295961	-0.0485463	-0.0891133	0.00911664	-0.295961	-0.0485463	
-3.18	-0.0897149	0.00924525	-0.298009	-0.0495023	-0.0897149	0.00924525	-0.298009	-0.0495023	
-3.16	-0.0903252	0.00937441	-0.300086	-0.0504797	-0.0903252	0.00937441	-0.300086	-0.0504797	
-3.14	-0.0909446	0.00950409	-0.302192	-0.0514791	-0.0909446	0.00950409	-0.302192	-0.0514791	
-3.12	-0.0915732	0.00963428	-0.304326	-0.0525013	-0.0915732	0.00963428	-0.304326	-0.0525013	
-3.1	-0.0922112	0.00976494	-0.306491	-0.0535468	-0.0922112	0.00976494	-0.306491	-0.0535468	
-3.08	-0.092859	0.00989605	-0.308686	-0.0546165	-0.092859	0.00989605	-0.308686	-0.0546165	
-3.06	-0.0935168	0.0100276	-0.310911	-0.0557111	-0.0935168	0.0100276	-0.310911	-0.0557111	
-3.04	-0.0941849	0.0101595	-0.313168	-0.0568313	-0.0941849	0.0101595	-0.313168	-0.0568313	
-3.02	-0.0948635	0.0102918	-0.315457	-0.057978	-0.0948635	0.0102918	-0.315457	-0.057978	
-3	-0.095553	0.0104243	-0.317778	-0.0591519	-0.095553	0.0104243	-0.317778	-0.0591519	
-2.98	-0.0962537	0.0105572	-0.320132	-0.0603541	-0.0962537	0.0105572	-0.320132	-0.0603541	
-2.96	-0.0969658	0.0106903	-0.322519	-0.0615852	-0.0969658	0.0106903	-0.322519	-0.0615852	
-2.94	-0.0976897	0.0108236	-0.32494	-0.0628463	-0.0976897	0.0108236	-0.32494	-0.0628463	
-2.92	-0.0984257	0.010957	-0.327396	-0.0641384	-0.0984257	0.010957	-0.327396	-0.0641384	
-2.9	-0.0991741	0.0110905	-0.329887	-0.0654624	-0.0991741	0.0110905	-0.329887	-0.0654624	
-2.88	-0.0999354	0.0112241	-0.332413	-0.0668194	-0.0999354	0.0112241	-0.332413	-0.0668194	
-2.86	-0.10071	0.0113577	-0.334976	-0.0682105	-0.10071	0.0113577	-0.334976	-0.0682105	
-2.84	-0.101498	0.0114912	-0.337575	-0.0696367	-0.101498	0.0114912	-0.337575	-0.0696367	
-2.82	-0.1023	0.0116245	-0.340212	-0.0710993	-0.1023	0.0116245	-0.340212	-0.0710993	
-2.8	-0.103116	0.0117577	-0.342887	-0.0725995	-0.103116	0.0117577	-0.342887	-0.0725995	
-2.78	-0.103948	0.0118905	-0.3456	-0.0741386	-0.103948	0.0118905	-0.3456	-0.0741386	
-2.76	-0.104794	0.0120231	-0.348352	-0.0757177	-0.104794	0.0120231	-0.348352	-0.0757177	
-2.74	-0.105656	0.0121552	-0.351144	-0.0773384	-0.105656	0.0121552	-0.351144	-0.0773384	
-2.72	-0.106535	0.0122867	-0.353977	-0.079002	-0.106535	0.0122867	-0.353977	-0.079002	
-2.7	-0.10743	0.0124176	-0.35685	-0.08071	-0.10743	0.0124176	-0.35685	-0.08071	
-2.68	-0.108342	0.0125479	-0.359764	-0.0824639	-0.108342	0.0125479	-0.359764	-0.0824639	
-2.66	-0.109272	0.0126772	-0.362721	-0.0842653	-0.109272	0.0126772	-0.362721	-0.0842653	
-2.64	-0.110221	0.0128056	-0.36572	-0.0861159	-0.110221	0.0128056	-0.36572	-0.0861159	
-2.62	-0.111188	0.012933	-0.368762	-0.0880174	-0.111188	0.012933	-0.368762	-0.0880174	
-2.6	-0.112174	0.0130591	-0.371847	-0.0899715	-0.112174	0.0130591	-0.371847	-0.0899715	
-2.58	-0.113181	0.0131839	-0.374977	-0.0919801	-0.113181	0.0131839	-0.374977	-0.0919801	
-2.56	-0.114208	0.0133071	-0.378151	-0.0940452	-0.114208	0.0133071	-0.378151	-0.0940452	
-2.54	-0.115257	0.0134287	-0.381371	-0.0961688	-0.115257	0.0134287	-0.381371	-0.0961688	
-2.52	-0.116328	0.0135484	-0.384636	-0.0983529	-0.116328	0.0135484	-0.384636	-0.0983529	
-2.5	-0.117422	0.013666	-0.387947	-0.1006	-0.117422	0.013666	-0.387947	-0.1006	
-2.48	-0.118539	0.0137814	-0.391304	-0.102912	-0.118539	0.0137814	-0.391304	-0.102912	
-2.46	-0.11968	0.0138943	-0.394708	-0.105291	-0.11968	0.0138943	-0.394708	-0.105291	
-2.44	-0.120846	0.0140045	-0.39816	-0.10774	-0.120846	0.0140045	-0.39816	-0.10774	
-2.42	-0.122039	0.0141117	-0.401659	-0.110261	-0.122039	0.0141117	-0.401659	-0.110261	
-2.4	-0.123258	0.0142157	-0.405206	-0.112857	-0.123258	0.0142157	-0.405206	-0.112857	
-2.38	-0.124505	0.0143161	-0.4088	-0.11553	-0.124505	0.0143161	-0.4088	-0.11553	
-2.36	-0.12578	0.0144126	-0.412443	-0.118285	-0.12578	0.0144126	-0.412443	-0.118285	
-2.34	-0.127085	0.0145049	-0.416134	-0.121122	-0.127085	0.0145049	-0.416134	-0.121122	
-2.32	-0.128421	0.0145925	-0.419874	-0.124046	-0.128421	0.0145925	-0.419874	-0.124046	
-2.3	-0.129788	0.0146752	-0.423661	-0.12706	-0.129788	0.0146752	-0.423661	-0.12706	
-2.28	-0.131189	0.0147525	-0.427497	-0.130167	-0.131189	0.0147525	-0.427497	-0.130167	
-2.26	-0.132623	0.0148239	-0.431381	-0.13337	-0.132623	0.0148239	-0.431381	-0.13337	
-2.24	-0.134092	0.0148889	-0.435313	-0.136673	-0.134092	0.0148889	-0.435313	-0.136673	
-2.22	-0.135598	0.0149469	-0.439292	-0.140079	-0.135598	0.0149469	-0.439292	-0.140079	
-2.2	-0.137141	0.0149975	-0.443318	-0.143593	-0.137141	0.0149975	-0.443318	-0.143593	
-2.18	-0.138723	0.0150398	-0.44739	-0.147219	-0.138723	0.0150398	-0.44739	-0.147219	
-2.16	-0.140346	0.0150734	-0.451507	-0.150959	-0.140346	0.0150734	-0.451507	-0.150959	
-2.14	-0.142011	0.0150974	-0.45567	-0.15482	-0.142011	0.0150974	-0.45567	-0.15482	
-2.12	-0.143719	0.015111	-0.459876	-0.158804	-0.143719	0.015111	-0.459876	-0.158804	
-2.1	-0.145472	0.0151133	-0.464124	-0.162917	-0.145472	0.0151133	-0.464124	-0.162917	
-2.08	-0.147271	0.0151036	-0.468413	-0.167163	-0.147271	0.0151036	-0.468413	-0.167163	
-2.06	-0.149119	0.0150806	-0.472741	-0.171547	-0.149119	0.0150806	-0.472741	-0.171547	
-2.04	-0.151017	0.0150434	-0.477107	-0.176073	-0.151017	0.0150434	-0.477107	-0.176073	
-2.02	-0.152967	0.0149908	-0.481509	-0.180748	-0.152967	0.0149908	-0.481509	-0.180748	
-2	-0.154971	0.0149215	-0.485944	-0.185576	-0.154971	0.0149215	-0.485944	-0.185576	
-1.98	-0.157031	0.0148341	-0.490409	-0.190562	-0.157031	0.0148341	-0.490409	-0.190562	
-1.96	-0.159148	0.0147272	-0.494902	-0.195712	-0.159148	0.0147272	-0.494902	-0.195712	
-1.94	-0.161326	0.014599	-0.49942	-0.201031	-0.161326	0.014599	-0.49942	-0.201031	
-1.92	-0.163566	0.014448	-0.503959	-0.206525	-0.163566	0.014448	-0.503959	-0.206525	
-1.9	-0.165871	0.014272	-0.508516	-0.212201	-0.165871	0.014272	-0.508516	-0.212201	
-1.88	-0.168243	0.0140692	-0.513085	-0.218064	-0.168243	0.0140692	-0.513085	-0.218064	
-1.86	-0.170685	0.0138373	-0.517663	-0.224119	-0.170685	0.0138373	-0.517663	-0.224119	
-1.84	-0.173199	0.0135738	-0.522245	-0.230373	-0.173199	0.0135738	-0.522245	-0.230373	
-1.82	-0.175788	0.0132761	-0.526824	-0.236833	-0.175788	0.0132761	-0.526824	-0.236833	
-1.8	-0.178454	0.0129414	-0.531396	-0.243503	-0.178454	0.0129414	-0.531396	-0.243503	
-1.78	-0.181201	0.0125666	-0.535953	-0.250391	-0.181201	0.0125666	-0.535953	-0.250391	
-1.76	-0.184031	0.0121484	-0.540489	-0.257502	-0.184031	0.0121484	-0.540489	-0.257502	
-1.74	-0.186948	0.011683	-0.544997	-0.264843	-0.186948	0.011683	-0.544997	-0.264843	
-1.72	-0.189954	0.0111665	-0.549467	-0.27242	-0.189954	0.0111665	-0.549467	-0.27242	
-1.7	-0.193053	0.0105947	-0.553891	-0.280238	-0.193053	0.0105947	-0.553891	-0.280238	
-1.68	-0.196248	0.00996293	-0.558261	-0.288303	-0.196248	0.00996293	-0.558261	-0.288303	
-1.66	-0.199541	0.00926607	-0.562565	-0.29662	-0.199541	0.00926607	-0.562565	-0.29662	
-1.64	-0.202937	0.00849866	-0.566794	-0.305196	-0.202937	0.00849866	-0.566794	-0.305196	
-1.62	-0.206439	0.00765476	-0.570935	-0.314034	-0.206439	0.00765476	-0.570935	-0.314034	
-1.6	-0.210049	0.00672792	-0.574978	-0.32314	-0.210049	0.00672792	-0.574978	-0.32314	
-1.58	-0.213772	0.00571113	-0.578909	-0.332517	-0.213772	0.00571113	-0.578909	-0.332517	
-1.56	-0.217609	0.00459682	-0.582714	-0.342169	-0.217609	0.00459682	-0.582714	-0.342169	
-1.54	-0.221566	0.00337676	-0.58638	-0.352099	-0.221566	0.00337676	-0.58638	-0.352099	
-1.52	-0.225643	0.00204206	-0.589891	-0.36231	-0.225643	0.00204206	-0.589891	-0.36231	
-1.5	-0.229844	0.000583097	-0.593233	-0.372803	-0.229844	0.000583097	-0.593233	-0.372803	
-1.48	-0.234172	-0.00101053	-0.596388	-0.383579	-0.234172	-0.00101053	-0.596388	-0.383579	
-1.46	-0.238628	-0.00275006	-0.599339	-0.394637	-0.238628	-0.00275006	-0.599339	-0.394637	
-1.44	-0.243215	-0.00464759	-0.60207	-0.405978	-0.243215	-0.00464759	-0.60207	-0.405978	
-1.42	-0.247934	-0.00671617	-0.604562	-0.417598	-0.247934	-0.00671617	-0.604562	-0.417598	
-1.4	-0.252784	-0.00896982	-0.606796	-0.429494	-0.252784	-0.00896982	-0.606796	-0.429494	
-1.38	-0.257767	-0.0114236	-0.608754	-0.441662	-0.257767	-0.0114236	-0.608754	-0.441662	
-1.36	-0.262881	-0.0140935	-0.610415	-0.454095	-0.262881	-0.0140935	-0.610415	-0.454095	
-1.34	-0.268124	-0.0169969	-0.61176	-0.466787	-0.268124	-0.0169969	-0.61176	-0.466787	
-1.32	-0.273493	-0.0201519	-0.612771	-0.479727	-0.273493	-0.0201519	-0.612771	-0.479727	
-1.3	-0.278984	-0.0235779	-0.613425	-0.492906	-0.278984	-0.0235779	-0.613425	-0.492906	
-1.28	-0.284591	-0.0272956	-0.613705	-0.506312	-0.284591	-0.0272956	-0.613705	-0.506312	
-1.26	-0.290304	-0.0313262	-0.613591	-0.519929	-0.290304	-0.0313262	-0.613591	-0.519929	
-1.24	-0.296116	-0.0356924	-0.613064	-0.533744	-0.296116	-0.0356924	-0.613064	-0.533744	
-1.22	-0.302012	-0.0404175	-0.612105	-0.547737	-0.302012	-0.0404175	-0.612105	-0.547737	
-1.2	-0.307977	-0.0455256	-0.610697	-0.56189	-0.307977	-0.0455256	-0.610697	-0.56189	
-1.18	-0.313994	-0.0510411	-0.608824	-0.576183	-0.313994	-0.0510411	-0.608824	-0.576183	
-1.16	-0.320042	-0.0569888	-0.606471	-0.590592	-0.320042	-0.0569888	-0.606471	-0.590592	
-1.14	-0.326094	-0.0633934	-0.603624	-0.605092	-0.326094	-0.0633934	-0.603624	-0.605092	
-1.12	-0.332123	-0.070279	-0.600271	-0.61966	-0.332123	-0.070279	-0.600271	-0.61966	
-1.1	-0.338094	-0.0776686	-0.596401	-0.634266	-0.338094	-0.0776686	-0.596401	-0.634266	
-1.08	-0.343971	-0.0855836	-0.592006	-0.648884	-0.343971	-0.0855836	-0.592006	-0.648884	
-1.06	-0.349712	-0.0940433	-0.587081	-0.663483	-0.349712	-0.0940433	-0.587081	-0.663483	
-1.04	-0.355269	-0.103063	-0.581621	-0.678033	-0.355269	-0.103063	-0.581621	-0.678033	
-1.02	-0.360592	-0.112656	-0.575625	-0.692504	-0.360592	-0.112656	-0.575625	-0.692504	
-1	-0.365625	-0.122829	-0.569094	-0.706863	-0.365625	-0.122829	-0.569094	-0.706863	
-0.98	-0.370308	-0.133584	-0.562032	-0.72108	-0.370308	-0.133584	-0.562032	-0.72108	
-0.96	-0.374579	-0.144914	-0.554447	-0.735123	-0.374579	-0.144914	-0.554447	-0.735123	
-0.94	-0.378372	-0.156807	-0.546348	-0.748961	-0.378372	-0.156807	-0.546348	-0.748961	
-0.92	-0.381619	-0.16924	-0.537746	-0.762564	-0.381619	-0.16924	-0.537746	-0.762564	
-0.9	-0.384255	-0.182184	-0.528657	-0.775903	-0.384255	-0.182184	-0.528657	-0.775903	
-0.88	-0.386211	-0.195596	-0.519099	-0.78895	-0.386211	-0.195596	-0.519099	-0.78895	
-0.86	-0.387427	-0.209425	-0.509091	-0.801679	-0.387427	-0.209425	-0.509091	-0.801679	
-0.84	-0.387842	-0.223611	-0.498656	-0.814065	-0.387842	-0.223611	-0.498656	-0.814065	
-0.82	-0.387407	-0.238081	-0.487818	-0.826086	-0.387407	-0.238081	-0.487818	-0.826086	
-0.8	-0.386076	-0.252756	-0.476605	-0.837721	-0.386076	-0.252756	-0.476605	-0.837721	
-0.78	-0.383819	-0.267548	-0.465043	-0.848952	-0.383819	-0.267548	-0.465043	-0.848952	
-0.76	-0.380615	-0.282365	-0.453163	-0.859765	-0.380615	-0.282365	-0.453163	-0.859765	
-0.74	-0.376455	-0.29711	-0.440995	-0.870145	-0.376455	-0.29711	-0.440995	-0.870145	
-0.72	-0.371347	-0.311683	-0.428571	-0.880084	-0.371347	-0.311683	-0.428571	-0.880084	
-0.7	-0.365311	-0.325989	-0.415923	-0.889572	-0.365311	-0.325989	-0.415923	-0.889572	
-0.68	-0.358381	-0.339934	-0.403083	-0.898606	-0.358381	-0.339934	-0.403083	-0.898606	
-0.66	-0.350605	-0.35343	-0.390082	-0.907182	-0.350605	-0.35343	-0.390082	-0.907182	
-0.64	-0.342042	-0.366398	-0.376954	-0.915301	-0.342042	-0.366398	-0.376954	-0.915301	
-0.62	-0.332761	-0.378771	-0.363729	-0.922964	-0.332761	-0.378771	-0.363729	-0.922964	
-0.6	-0.322839	-0.390491	-0.350436	-0.930177	-0.322839	-0.390491	-0.350436	-0.930177	
-0.58	-0.312358	-0.401515	-0.337105	-0.936945	-0.312358	-0.401515	-0.337105	-0.936945	
-0.56	-0.301404	-0.411811	-0.323763	-0.943277	-0.301404	-0.411811	-0.323763	-0.943277	
-0.54	-0.290062	-0.421361	-0.310436	-0.949181	-0.290062	-0.421361	-0.310436	-0.949181	
-0.52	-0.278417	-0.43016	-0.297147	-0.954671	-0.278417	-0.43016	-0.297147	-0.954671	
-0.5	-0.26655	-0.438213	-0.283919	-0.959757	-0.26655	-0.438213	-0.283919	-0.959757	
-0.48	-0.254536	-0.445538	-0.27077	-0.964454	-0.254536	-0.445538	-0.27077	-0.964454	
-0.46	-0.242446	-0.452159	-0.257717	-0.968776	-0.242446	-0.452159	-0.257717	-0.968776	
-0.44	-0.23034	-0.45811	-0.244777	-0.972737	-0.23034	-0.45811	-0.244777	-0.972737	
-0.42	-0.218274	-0.463427	-0.231962	-0.976355	-0.218274	-0.463427	-0.231962	-0.976355	
-0.4	-0.206293	-0.468154	-0.219282	-0.979645	-0.206293	-0.468154	-0.219282	-0.979645	
-0.38	-0.194435	-0.472337	-0.206746	-0.982623	-0.194435	-0.472337	-0.206746	-0.982623	
-0.36	-0.182729	-0.476021	-0.19436	-0.985307	-0.182729	-0.476021	-0.19436	-0.985307	
-0.34	-0.171197	-0.479253	-0.182127	-0.987713	-0.171197	-0.479253	-0.182127	-0.987713	
-0.32	-0.159854	-0.482081	-0.170051	-0.989858	-0.159854	-0.482081	-0.170051	-0.989858	
-0.3	-0.148708	-0.484548	-0.158131	-0.991759	-0.148708	-0.484548	-0.158131	-0.991759	
-0.28	-0.137763	-0.486697	-0.146367	-0.993432	-0.137763	-0.486697	-0.146367	-0.993432	
-0.26	-0.127014	-0.488567	-0.134756	-0.994892	-0.127014	-0.488567	-0.134756	-0.994892	
-0.24	-0.116456	-0.490195	-0.123293	-0.996156	-0.116456	-0.490195	-0.123293	-0.996156	
-0.22	-0.106076	-0.491614	-0.111975	-0.997237	-0.106076	-0.491614	-0.111975	-0.997237	
-0.2	-0.0958604	-0.492854	-0.100795	-0.998151	-0.0958604	-0.492854	-0.100795	-0.998151	
-0.18	-0.0857925	-0.49394	-0.0897447	-0.998911	-0.0857925	-0.49394	-0.0897447	-0.998911	
-0.16	-0.0758528	-0.494894	-0.0788179	-0.999529	-0.0758528	-0.494894	-0.0788179	-0.999529	
-0.14	-0.0660204	-0.495735	-0.0680056	-1.00002	-0.0660204	-0.495735	-0.0680056	-1.00002	
-0.12	-0.0562729	-0.496475	-0.0572991	-1.00038	-0.0562729	-0.496475	-0.0572991	-1.00038	
-0.1	-0.0465874	-0.497127	-0.0466888	-1.00064	-0.0465874	-0.497127	-0.0466888	-1.00064	
-0.08	-0.0369403	-0.497697	-0.036165	-1.0008	-0.0369403	-0.497697	-0.036165	-1.0008	
-0.06	-0.0273077	-0.498188	-0.025718	-1.00086	-0.0273077	-0.498188	-0.025718	-1.00086	
-0.04	-0.0176662	-0.4986	-0.0153375	-1.00084	-0.0176662	-0.4986	-0.0153375	-1.00084	
-0.02	-0.00799257	-0.498929	-0.00501346	-1.00073	-0.00799257	-0.498929	-0.00501346	-1.00073	
0	0.00173537	-0.499167	0.00526437	-1.00055	0.00173537	-0.499167	0.00526437	-1.00055	
0.02	0.0115388	-0.499304	0.0155061	-1.00029	0.0115388	-0.499304	0.0155061	-1.00029	
0.04	0.0214374	-0.499326	0.0257216	-0.999957	0.0214374	-0.499326	0.0257216	-0.999957	
0.06	0.0314492	-0.499216	0.0359207	-0.999552	0.0314492	-0.499216	0.0359207	-0.999552	
0.08	0.04159	-0.498953	0.046113	-0.999076	0.04159	-0.498953	0.046113	-0.999076	
0.1	0.0518731	-0.498514	0.0563075	-0.998526	0.0518731	-0.498514	0.0563075	-0.998526	
0.12	0.062309	-0.497874	0.0665131	-0.9979	0.062309	-0.497874	0.0665131	-0.9979	
0.14	0.0729051	-0.497005	0.0767381	-0.997195	0.0729051	-0.497005	0.0767381	-0.997195	
0.16	0.0836651	-0.495875	0.0869904	-0.996407	0.0836651	-0.495875	0.0869904	-0.996407	
0.18	0.0945886	-0.494452	0.0972773	-0.995531	0.0945886	-0.494452	0.0972773	-0.995531	
0.2	0.105671	-0.492704	0.107605	-0.99456	0.105671	-0.492704	0.107605	-0.99456	
0.22	0.116903	-0.490594	0.117981	-0.993488	0.116903	-0.490594	0.117981	-0.993488	
0.24	0.128271	-0.488089	0.128409	-0.992308	0.128271	-0.488089	0.128409	-0.992308	
0.26	0.139754	-0.485153	0.138894	-0.991011	0.139754	-0.485153	0.138894	-0.991011	
0.28	0.151328	-0.481753	0.149439	-0.989588	0.151328	-0.481753	0.149439	-0.989588	
0.3	0.162963	-0.477857	0.160049	-0.988029	0.162963	-0.477857	0.160049	-0.988029	
0.32	0.174624	-0.473435	0.170723	-0.986325	0.174624	-0.473435	0.170723	-0.986325	
0.34	0.186268	-0.468463	0.181464	-0.984466	0.186268	-0.468463	0.181464	-0.984466	
0.36	0.197852	-0.462918	0.192272	-0.982439	0.197852	-0.462918	0.192272	-0.982439	
0.38	0.209324	-0.456784	0.203145	-0.980235	0.209324	-0.456784	0.203145	-0.980235	
0.4	0.220633	-0.450052	0.21408	-0.977842	0.220633	-0.450052	0.21408	-0.977842	
0.42	0.231721	-0.442718	0.225076	-0.975248	0.231721	-0.442718	0.225076	-0.975248	
0.44	0.242531	-0.434786	0.236128	-0.972443	0.242531	-0.434786	0.236128	-0.972443	
0.46	0.253005	-0.426268	0.247229	-0.969413	0.253005	-0.426268	0.247229	-0.969413	
0.48	0.263085	-0.417181	0.258374	-0.966149	0.263085	-0.417181	0.258374	-0.966149	
0.5	0.272716	-0.407554	0.269555	-0.96264	0.272716	-0.407554	0.269555	-0.96264	
0.52	0.281843	-0.39742	0.280762	-0.958874	0.281843	-0.39742	0.280762	-0.958874	
0.54	0.29042	-0.386821	0.291987	-0.954841	0.29042	-0.386821	0.291987	-0.954841	
0.56	0.298402	-0.375804	0.303218	-0.950532	0.298402	-0.375804	0.303218	-0.950532	
0.58	0.305752	-0.364422	0.314444	-0.945939	0.305752	-0.364422	0.314444	-0.945939	
0.6	0.31244	-0.352733	0.32565	-0.941052	0.31244	-0.352733	0.32565	-0.941052	
0.62	0.318444	-0.340795	0.336824	-0.935865	0.318444	-0.340795	0.336824	-0.935865	
0.64	0.323748	-0.328672	0.347951	-0.930372	0.323748	-0.328672	0.347951	-0.930372	
0.66	0.328346	-0.316425	0.359016	-0.924567	0.328346	-0.316425	0.359016	-0.924567	
0.68	0.332238	-0.304117	0.370002	-0.918446	0.332238	-0.304117	0.370002	-0.918446	
0.7	0.335433	-0.291807	0.380893	-0.912006	0.335433	-0.291807	0.380893	-0.912006	
0.72	0.337944	-0.279555	0.391671	-0.905246	0.337944	-0.279555	0.391671	-0.905246	
0.74	0.339793	-0.267413	0.40232	-0.898165	0.339793	-0.267413	0.40232	-0.898165	
0.76	0.341005	-0.255431	0.412822	-0.890764	0.341005	-0.255431	0.412822	-0.890764	
0.78	0.341611	-0.243655	0.423158	-0.883046	0.341611	-0.243655	0.423158	-0.883046	
0.8	0.341645	-0.232125	0.433312	-0.875015	0.341645	-0.232125	0.433312	-0.875015	
0.82	0.341144	-0.220875	0.443267	-0.866675	0.341144	-0.220875	0.443267	-0.866675	
0.84	0.340147	-0.209934	0.453003	-0.858034	0.340147	-0.209934	0.453003	-0.858034	
0.86	0.338692	-0.199328	0.462506	-0.849099	0.338692	-0.199328	0.462506	-0.849099	
0.88	0.336821	-0.189074	0.471759	-0.83988	0.336821	-0.189074	0.471759	-0.83988	
0.9	0.334572	-0.179188	0.480745	-0.830386	0.334572	-0.179188	0.480745	-0.830386	
0.92	0.331985	-0.16968	0.489451	-0.82063	0.331985	-0.16968	0.489451	-0.82063	
0.94	0.329098	-0.160556	0.497862	-0.810624	0.329098	-0.160556	0.497862	-0.810624	
0.96	0.325947	-0.151818	0.505966	-0.800383	0.325947	-0.151818	0.505966	-0.800383	
0.98	0.322566	-0.143466	0.513751	-0.78992	0.322566	-0.143466	0.513751	-0.78992	
1	0.318988	-0.135495	0.521205	-0.779253	0.318988	-0.135495	0.521205	-0.779253	
1.02	0.315243	-0.127902	0.52832	-0.768396	0.315243	-0.127902	0.52832	-0.768396	
1.04	0.311359	-0.120677	0.535087	-0.757366	0.311359	-0.120677	0.535087	-0.757366	
1.06	0.307361	-0.113812	0.541499	-0.746182	0.307361	-0.113812	0.541499	-0.746182	
1.08	0.303274	-0.107296	0.54755	-0.73486	0.303274	-0.107296	0.54755	-0.73486	
1.1	0.299119	-0.101118	0.553236	-0.723419	0.299119	-0.101118	0.553236	-0.723419	
1.12	0.294915	-0.0952646	0.558555	-0.711877	0.294915	-0.0952646	0.558555	-0.711877	
1.14	0.290679	-0.0897239	0.563503	-0.700252	0.290679	-0.0897239	0.563503	-0.700252	
1.16	0.286428	-0.0844824	0.568081	-0.688562	0.286428	-0.0844824	0.568081	-0.688562	
1.18	0.282174	-0.0795272	0.572289	-0.676824	0.282174	-0.0795272	0.572289	-0.676824	
1.2	0.27793	-0.0748448	0.576129	-0.665056	0.27793	-0.0748448	0.576129	-0.665056	
1.22	0.273708	-0.0704223	0.579605	-0.653276	0.273708	-0.0704223	0.579605	-0.653276	
1.24	0.269515	-0.0662467	0.582719	-0.641499	0.269515	-0.0662467	0.582719	-0.641499	
1.26	0.26536	-0.0623054	0.585479	-0.629742	0.26536	-0.0623054	0.585479	-0.629742	
1.28	0.26125	-0.0585862	0.587888	-0.61802	0.26125	-0.0585862	0.587888	-0.61802	
1.3	0.257192	-0.0550773	0.589955	-0.606348	0.257192	-0.0550773	0.589955	-0.606348	
1.32	0.253189	-0.0517671	0.591687	-0.59474	0.253189	-0.0517671	0.591687	-0.59474	
1.34	0.249246	-0.0486448	0.593093	-0.583209	0.249246	-0.0486448	0.593093	-0.583209	
1.36	0.245366	-0.0456999	0.594181	-0.571767	0.245366	-0.0456999	0.594181	-0.571767	
1.38	0.241552	-0.0429224	0.59496	-0.560427	0.241552	-0.0429224	0.59496	-0.560427	
1.4	0.237807	-0.0403027	0.595442	-0.549199	0.237807	-0.0403027	0.595442	-0.549199	
1.42	0.234131	-0.0378317	0.595635	-0.538093	0.234131	-0.0378317	0.595635	-0.538093	
1.44	0.230526	-0.0355009	0.595552	-0.527119	0.230526	-0.0355009	0.595552	-0.527119	
1.46	0.226993	-0.0333021	0.595202	-0.516284	0.226993	-0.0333021	0.595202	-0.516284	
1.48	0.223532	-0.0312277	0.594597	-0.505596	0.223532	-0.0312277	0.594597	-0.505596	
1.5	0.220144	-0.0292703	0.593748	-0.495061	0.220144	-0.0292703	0.593748	-0.495061	
1.52	0.216827	-0.0274231	0.592667	-0.484687	0.216827	-0.0274231	0.592667	-0.484687	
1.54	0.213582	-0.0256796	0.591364	-0.474478	0.213582	-0.0256796	0.591364	-0.474478	
1.56	0.210408	-0.0240337	0.58985	-0.464438	0.210408	-0.0240337	0.58985	-0.464438	
1.58	0.207304	-0.0224797	0.588138	-0.454571	0.207304	-0.0224797	0.588138	-0.454571	
1.6	0.20427	-0.0210122	0.586237	-0.444881	0.20427	-0.0210122	0.586237	-0.444881	
1.62	0.201305	-0.019626	0.584158	-0.43537	0.201305	-0.019626	0.584158	-0.43537	
1.64	0.198406	-0.0183165	0.581912	-0.42604	0.198406	-0.0183165	0.581912	-0.42604	
1.66	0.195574	-0.0170792	0.57951	-0.416893	0.195574	-0.0170792	0.57951	-0.416893	
1.68	0.192807	-0.0159098	0.576961	-0.407929	0.192807	-0.0159098	0.576961	-0.407929	
1.7	0.190103	-0.0148043	0.574276	-0.399148	0.190103	-0.0148043	0.574276	-0.399148	
1.72	0.187462	-0.0137592	0.571463	-0.390551	0.187462	-0.0137592	0.571463	-0.390551	
1.74	0.184881	-0.0127707	0.568532	-0.382138	0.184881	-0.0127707	0.568532	-0.382138	
1.76	0.18236	-0.0118358	0.565491	-0.373907	0.18236	-0.0118358	0.565491	-0.373907	
1.78	0.179897	-0.0109513	0.56235	-0.365857	0.179897	-0.0109513	0.56235	-0.365857	
1.8	0.177492	-0.0101144	0.559116	-0.357987	0.177492	-0.0101144	0.559116	-0.357987	
1.82	0.175141	-0.00932226	0.555798	-0.350296	0.175141	-0.00932226	0.555798	-0.350296	
1.84	0.172845	-0.00857241	0.552403	-0.342781	0.172845	-0.00857241	0.552403	-0.342781	
1.86	0.170601	-0.00786245	0.548938	-0.335439	0.170601	-0.00786245	0.548938	-0.335439	
1.88	0.168408	-0.00719013	0.545409	-0.32827	0.168408	-0.00719013	0.545409	-0.32827	
1.9	0.166266	-0.00655336	0.541825	-0.321269	0.166266	-0.00655336	0.541825	-0.321269	
1.92	0.164172	-0.00595014	0.53819	-0.314435	0.164172	-0.00595014	0.53819	-0.314435	
1.94	0.162125	-0.00537862	0.534511	-0.307764	0.162125	-0.00537862	0.534511	-0.307764	
1.96	0.160125	-0.00483704	0.530793	-0.301254	0.160125	-0.00483704	0.530793	-0.301254	
1.98	0.158169	-0.00432378	0.527043	-0.294902	0.158169	-0.00432378	0.527043	-0.294902	
2	0.156257	-0.00383727	0.523264	-0.288704	0.156257	-0.00383727	0.523264	-0.288704	
2.02	0.154387	-0.00337607	0.519461	-0.282657	0.154387	-0.00337607	0.519461	-0.282657	
2.04	0.152559	-0.00293881	0.515639	-0.276759	0.152559	-0.00293881	0.515639	-0.276759	
2.06	0.150771	-0.00252421	0.511803	-0.271005	0.150771	-0.00252421	0.511803	-0.271005	
2.08	0.149022	-0.00213105	0.507956	-0.265393	0.149022	-0.00213105	0.507956	-0.265393	
2.1	0.147311	-0.0017582	0.504102	-0.259919	0.147311	-0.0017582	0.504102	-0.259919	
2.12	0.145637	-0.00140458	0.500244	-0.25458	0.145637	-0.00140458	0.500244	-0.25458	
2.14	0.143999	-0.00106919	0.496386	-0.249373	0.143999	-0.00106919	0.496386	-0.249373	
2.16	0.142396	-0.000751072	0.49253	-0.244294	0.142396	-0.000751072	0.49253	-0.244294	
2.18	0.140827	-0.000449329	0.48868	-0.239341	0.140827	-0.000449329	0.48868	-0.239341	
2.2	0.139291	-0.000163117	0.484839	-0.23451	0.139291	-0.000163117	0.484839	-0.23451	
2.22	0.137787	0.000108362	0.481008	-0.229798	0.137787	0.000108362	0.481008	-0.229798	
2.24	0.136314	0.000365858	0.47719	-0.225203	0.136314	0.000365858	0.47719	-0.225203	
2.26	0.134872	0.000610082	0.473388	-0.22072	0.134872	0.000610082	0.473388	-0.22072	
2.28	0.133459	0.000841702	0.469602	-0.216346	0.133459	0.000841702	0.469602	-0.216346	
2.3	0.132075	0.00106135	0.465836	-0.21208	0.132075	0.00106135	0.465836	-0.21208	
2.32	0.130719	0.00126962	0.46209	-0.207918	0.130719	0.00126962	0.46209	-0.207918	
2.34	0.129391	0.00146709	0.458367	-0.203858	0.129391	0.00146709	0.458367	-0.203858	
2.36	0.128089	0.00165427	0.454667	-0.199895	0.128089	0.00165427	0.454667	-0.199895	
2.38	0.126812	0.00183168	0.450992	-0.196029	0.126812	0.00183168	0.450992	-0.196029	
2.4	0.125561	0.0019998	0.447344	-0.192256	0.125561	0.0019998	0.447344	-0.192256	
2.42	0.124334	0.00215906	0.443723	-0.188573	0.124334	0.00215906	0.443723	-0.188573	
2.44	0.123132	0.0023099	0.440129	-0.184978	0.123132	0.0023099	0.440129	-0.184978	
2.46	0.121952	0.00245273	0.436566	-0.181469	0.121952	0.00245273	0.436566	-0.181469	
2.48	0.120795	0.00258791	0.433032	-0.178043	0.120795	0.00258791	0.433032	-0.178043	
2.5	0.119659	0.00271583	0.429528	-0.174697	0.119659	0.00271583	0.429528	-0.174697	
2.52	0.118545	0.00283681	0.426056	-0.171431	0.118545	0.00283681	0.426056	-0.171431	
2.54	0.117452	0.00295118	0.422616	-0.16824	0.117452	0.00295118	0.422616	-0.16824	
2.56	0.11638	0.00305925	0.419208	-0.165124	0.11638	0.00305925	0.419208	-0.165124	
2.58	0.115327	0.00316131	0.415834	-0.16208	0.115327	0.00316131	0.415834	-0.16208	
2.6	0.114293	0.00325765	0.412492	-0.159106	0.114293	0.00325765	0.412492	-0.159106	
2.62	0.113278	0.00334851	0.409184	-0.156201	0.113278	0.00334851	0.409184	-0.156201	
2.64	0.112282	0.00343416	0.405909	-0.153361	0.112282	0.00343416	0.405909	-0.153361	
2.66	0.111303	0.00351482	0.402669	-0.150586	0.111303	0.00351482	0.402669	-0.150586	
2.68	0.110342	0.00359072	0.399462	-0.147873	0.110342	0.00359072	0.399462	-0.147873	
2.7	0.109397	0.00366208	0.39629	-0.145221	0.109397	0.00366208	0.39629	-0.145221	
2.72	0.108469	0.0037291	0.393153	-0.142628	0.108469	0.0037291	0.393153	-0.142628	
2.74	0.107558	0.00379197	0.390049	-0.140093	0.107558	0.00379197	0.390049	-0.140093	
2.76	0.106662	0.00385087	0.386981	-0.137613	0.106662	0.00385087	0.386981	-0.137613	
2.78	0.105781	0.00390598	0.383946	-0.135188	0.105781	0.00390598	0.383946	-0.135188	
2.8	0.104915	0.00395747	0.380946	-0.132816	0.104915	0.00395747	0.380946	-0.132816	
2.82	0.104064	0.00400549	0.37798	-0.130495	0.104064	0.00400549	0.37798	-0.130495	
2.84	0.103227	0.0040502	0.375049	-0.128224	0.103227	0.0040502	0.375049	-0.128224	
2.86	0.102405	0.00409173	0.372151	-0.126002	0.102405	0.00409173	0.372151	-0.126002	
2.88	0.101595	0.00413023	0.369288	-0.123827	0.101595	0.00413023	0.369288	-0.123827	
2.9	0.100799	0.00416582	0.366458	-0.121698	0.100799	0.00416582	0.366458	-0.121698	
2.92	0.100016	0.00419862	0.363662	-0.119614	0.100016	0.00419862	0.363662	-0.119614	
2.94	0.0992457	0.00422877	0.360899	-0.117573	0.0992457	0.00422877	0.360899	-0.117573	
2.96	0.0984876	0.00425636	0.358169	-0.115575	0.0984876	0.00425636	0.358169	-0.115575	
2.98	0.0977416	0.0042815	0.355472	-0.113618	0.0977416	0.0042815	0.355472	-0.113618	
3	0.0970073	0.00430431	0.352808	-0.111701	0.0970073	0.00430431	0.352808	-0.111701	
3.02	0.0962846	0.00432487	0.350176	-0.109824	0.0962846	0.00432487	0.350176	-0.109824	
3.04	0.0955731	0.00434328	0.347576	-0.107985	0.0955731	0.00434328	0.347576	-0.107985	
3.06	0.0948726	0.00435963	0.345008	-0.106183	0.0948726	0.00435963	0.345008	-0.106183	
3.08	0.0941828	0.004374	0.342472	-0.104417	0.0941828	0.004374	0.342472	-0.104417	
3.1	0.0935036	0.00438648	0.339967	-0.102686	0.0935036	0.00438648	0.339967	-0.102686	
3.12	0.0928346	0.00439714	0.337493	-0.10099	0.0928346	0.00439714	0.337493	-0.10099	
3.14	0.0921756	0.00440606	0.33505	-0.0993275	0.0921756	0.00440606	0.33505	-0.0993275	
3.16	0.0915265	0.00441331	0.332637	-0.0976976	0.0915265	0.00441331	0.332637	-0.0976976	
3.18	0.090887	0.00441896	0.330254	-0.0960996	0.090887	0.00441896	0.330254	-0.0960996	
3.2	0.0902568	0.00442307	0.3279	-0.0945327	0.0902568	0.00442307	0.3279	-0.0945327	
3.22	0.0896359	0.0044257	0.325576	-0.0929961	0.0896359	0.0044257	0.325576	-0.0929961	
3.24	0.0890239	0.00442692	0.323281	-0.0914891	0.0890239	0.00442692	0.323281	-0.0914891	
3.26	0.0884207	0.00442678	0.321015	-0.090011	0.0884207	0.00442678	0.321015	-0.090011	
3.28	0.0878262	0.00442534	0.318777	-0.088561	0.0878262	0.00442534	0.318777	-0.088561	
3.3	0.08724	0.00442265	0.316568	-0.0871386	0.08724	0.00442265	0.316568	-0.0871386	
3.32	0.0866621	0.00441875	0.314385	-0.085743	0.0866621	0.00441875	0.314385	-0.085743	
3.34	0.0860923	0.0044137	0.312231	-0.0843736	0.0860923	0.0044137	0.312231	-0.0843736	
3.36	0.0855303	0.00440755	0.310103	-0.0830299	0.0855303	0.00440755	0.310103	-0.0830299	
3.38	0.0849761	0.00440033	0.308002	-0.0817111	0.0849761	0.00440033	0.308002	-0.0817111	
3.4	0.0844295	0.00439209	0.305927	-0.0804168	0.0844295	0.00439209	0.305927	-0.0804168	
3.42	0.0838903	0.00438288	0.303879	-0.0791463	0.0838903	0.00438288	0.303879	-0.0791463	
3.44	0.0833583	0.00437272	0.301855	-0.0778992	0.0833583	0.00437272	0.301855	-0.0778992	
3.46	0.0828335	0.00436166	0.299858	-0.0766749	0.0828335	0.00436166	0.299858	-0.0766749	
3.48	0.0823156	0.00434973	0.297885	-0.0754728	0.0823156	0.00434973	0.297885	-0.0754728	
3.5	0.0818046	0.00433698	0.295937	-0.0742926	0.0818046	0.00433698	0.295937	-0.0742926	
3.52	0.0813002	0.00432342	0.294013	-0.0731337	0.0813002	0.00432342	0.294013	-0.0731337	
3.54	0.0808025	0.00430909	0.292113	-0.0719956	0.0808025	0.00430909	0.292113	-0.0719956	
3.56	0.0803111	0.00429403	0.290237	-0.0708779	0.0803111	0.00429403	0.290237	-0.0708779	
3.58	0.079826	0.00427827	0.288384	-0.0697801	0.079826	0.00427827	0.288384	-0.0697801	
3.6	0.0793471	0.00426182	0.286555	-0.0687018	0.0793471	0.00426182	0.286555	-0.0687018	
3.62	0.0788743	0.00424472	0.284748	-0.0676427	0.0788743	0.00424472	0.284748	-0.0676427	
3.64	0.0784074	0.004227	0.282963	-0.0666022	0.0784074	0.004227	0.282963	-0.0666022	
3.66	0.0779463	0.00420867	0.2812	-0.0655801	0.0779463	0.00420867	0.2812	-0.0655801	
3.68	0.077491	0.00418977	0.279459	-0.0645758	0.077491	0.00418977	0.279459	-0.0645758	
3.7	0.0770412	0.00417032	0.27774	-0.0635891	0.0770412	0.00417032	0.27774	-0.0635891	
3.72	0.0765969	0.00415034	0.276041	-0.0626195	0.0765969	0.00415034	0.276041	-0.0626195	
3.74	0.076158	0.00412985	0.274364	-0.0616668	0.076158	0.00412985	0.274364	-0.0616668	
3.76	0.0757244	0.00410887	0.272706	-0.0607306	0.0757244	0.00410887	0.272706	-0.0607306	
3.78	0.075296	0.00408742	0.27107	-0.0598105	0.075296	0.00408742	0.27107	-0.0598105	
3.8	0.0748727	0.00406553	0.269453	-0.0589062	0.0748727	0.00406553	0.269453	-0.0589062	
3.82	0.0744543	0.0040432	0.267855	-0.0580174	0.0744543	0.0040432	0.267855	-0.0580174	
3.84	0.0740409	0.00402046	0.266277	-0.0571439	0.0740409	0.00402046	0.266277	-0.0571439	
3.86	0.0736322	0.00399733	0.264718	-0.0562852	0.0736322	0.00399733	0.264718	-0.0562852	
3.88	0.0732283	0.00397382	0.263178	-0.0554411	0.0732283	0.00397382	0.263178	-0.0554411	
3.9	0.072829	0.00394995	0.261656	-0.0546113	0.072829	0.00394995	0.261656	-0.0546113	
3.92	0.0724342	0.00392573	0.260153	-0.0537956	0.0724342	0.00392573	0.260153	-0.0537956	
3.94	0.0720439	0.00390118	0.258667	-0.0529936	0.0720439	0.00390118	0.258667	-0.0529936	
3.96	0.071658	0.00387632	0.257199	-0.0522051	0.071658	0.00387632	0.257199	-0.0522051	
3.98	0.0712764	0.00385115	0.255748	-0.0514299	0.0712764	0.00385115	0.255748	-0.0514299	
4	0.0708991	0.00382569	0.254315	-0.0506676	0.0708991	0.00382569	0.254315	-0.0506676	
4.02	0.0705258	0.00379996	0.252898	-0.0499181	0.0705258	0.00379996	0.252898	-0.0499181	
4.04	0.0701567	0.00377396	0.251498	-0.0491811	0.0701567	0.00377396	0.251498	-0.0491811	
4.06	0.0697916	0.00374771	0.250115	-0.0484563	0.0697916	0.00374771	0.250115	-0.0484563	
4.08	0.0694304	0.00372122	0.248747	-0.0477436	0.0694304	0.00372122	0.248747	-0.0477436	
4.1	0.069073	0.00369451	0.247396	-0.0470427	0.069073	0.00369451	0.247396	-0.0470427	
4.12	0.0687195	0.00366757	0.24606	-0.0463533	0.0687195	0.00366757	0.24606	-0.0463533	
4.14	0.0683697	0.00364043	0.244739	-0.0456754	0.0683697	0.00364043	0.244739	-0.0456754	
4.16	0.0680235	0.0036131	0.243434	-0.0450086	0.0680235	0.0036131	0.243434	-0.0450086	
4.18	0.067681	0.00358557	0.242143	-0.0443528	0.067681	0.00358557	0.242143	-0.0443528	
4.2	0.067342	0.00355788	0.240867	-0.0437078	0.067342	0.00355788	0.240867	-0.0437078	
4.22	0.0670065	0.00353001	0.239606	-0.0430733	0.0670065	0.00353001	0.239606	-0.0430733	
4.24	0.0666743	0.00350199	0.238359	-0.0424492	0.0666743	0.00350199	0.238359	-0.0424492	
4.26	0.0663456	0.00347382	0.237126	-0.0418353	0.0663456	0.00347382	0.237126	-0.0418353	
4.28	0.0660202	0.00344551	0.235906	-0.0412314	0.0660202	0.00344551	0.235906	-0.0412314	
4.3	0.065698	0.00341708	0.234701	-0.0406374	0.065698	0.00341708	0.234701	-0.0406374	
4.32	0.065379	0.00338851	0.233508	-0.040053	0.065379	0.00338851	0.233508	-0.040053	
4.34	0.0650632	0.00335984	0.232329	-0.0394781	0.0650632	0.00335984	0.232329	-0.0394781	
4.36	0.0647504	0.00333105	0.231163	-0.0389125	0.0647504	0.00333105	0.231163	-0.0389125	
4.38	0.0644407	0.00330217	0.23001	-0.038356	0.0644407	0.00330217	0.23001	-0.038356	
4.4	0.064134	0.00327319	0.228869	-0.0378086	0.064134	0.00327319	0.228869	-0.0378086	
4.42	0.0638302	0.00324413	0.227741	-0.0372699	0.0638302	0.00324413	0.227741	-0.0372699	
4.44	0.0635293	0.00321499	0.226624	-0.03674	0.0635293	0.00321499	0.226624	-0.03674	
4.46	0.0632312	0.00318578	0.22552	-0.0362186	0.0632312	0.00318578	0.22552	-0.0362186	
4.48	0.062936	0.00315651	0.224428	-0.0357055	0.062936	0.00315651	0.224428	-0.0357055	
4.5	0.0626434	0.00312718	0.223347	-0.0352007	0.0626434	0.00312718	0.223347	-0.0352007	
4.52	0.0623536	0.00309779	0.222278	-0.034704	0.0623536	0.00309779	0.222278	-0.034704	
4.54	0.0620665	0.00306837	0.22122	-0.0342153	0.0620665	0.00306837	0.22122	-0.0342153	
4.56	0.061782	0.0030389	0.220173	-0.0337343	0.061782	0.0030389	0.220173	-0.0337343	
4.58	0.0615001	0.0030094	0.219137	-0.033261	0.0615001	0.0030094	0.219137	-0.033261	
4.6	0.0612207	0.00297987	0.218112	-0.0327953	0.0612207	0.00297987	0.218112	-0.0327953	
4.62	0.0609438	0.00295033	0.217098	-0.032337	0.0609438	0.00295033	0.217098	-0.032337	
4.64	0.0606693	0.00292076	0.216093	-0.031886	0.0606693	0.00292076	0.216093	-0.031886	
4.66	0.0603973	0.00289119	0.2151	-0.0314421	0.0603973	0.00289119	0.2151	-0.0314421	
4.68	0.0601277	0.00286161	0.214116	-0.0310053	0.0601277	0.00286161	0.214116	-0.0310053	
4.7	0.0598604	0.00283203	0.213143	-0.0305755	0.0598604	0.00283203	0.213143	-0.0305755	
4.72	0.0595954	0.00280246	0.212179	-0.0301524	0.0595954	0.00280246	0.212179	-0.0301524	
4.74	0.0593327	0.0027729	0.211225	-0.029736	0.0593327	0.0027729	0.211225	-0.029736	
4.76	0.0590722	0.00274336	0.21028	-0.0293262	0.0590722	0.00274336	0.21028	-0.0293262	
4.78	0.058814	0.00271383	0.209345	-0.0289229	0.058814	0.00271383	0.209345	-0.0289229	
4.8	0.0585579	0.00268433	0.208419	-0.0285259	0.0585579	0.00268433	0.208419	-0.0285259	
4.82	0.0583039	0.00265487	0.207502	-0.0281352	0.0583039	0.00265487	0.207502	-0.0281352	
4.84	0.0580521	0.00262544	0.206594	-0.0277506	0.0580521	0.00262544	0.206594	-0.0277506	
4.86	0.0578023	0.00259605	0.205695	-0.0273721	0.0578023	0.00259605	0.205695	-0.0273721	
4.88	0.0575546	0.0025667	0.204805	-0.0269995	0.0575546	0.0025667	0.204805	-0.0269995	
4.9	0.0573089	0.0025374	0.203924	-0.0266327	0.0573089	0.0025374	0.203924	-0.0266327	
4.92	0.0570651	0.00250816	0.20305	-0.0262717	0.0570651	0.00250816	0.20305	-0.0262717	
4.94	0.0568234	0.00247898	0.202185	-0.0259164	0.0568234	0.00247898	0.202185	-0.0259164	
4.96	0.0565835	0.00244985	0.201329	-0.0255665	0.0565835	0.00244985	0.201329	-0.0255665	
4.98	0.0563456	0.0024208	0.20048	-0.0252222	0.0563456	0.0024208	0.20048	-0.0252222	
5	0.0561095	0.00239181	0.19964	-0.0248832	0.0561095	0.00239181	0.19964	-0.0248832	
5.02	0.0558753	0.00236291	0.198807	-0.0245495	0.0558753	0.00236291	0.198807	-0.0245495	
5.04	0.0556428	0.00233408	0.197982	-0.024221	0.0556428	0.00233408	0.197982	-0.024221	
5.06	0.0554122	0.00230533	0.197164	-0.0238975	0.0554122	0.00230533	0.197164	-0.0238975	
5.08	0.0551833	0.00227667	0.196354	-0.0235791	0.0551833	0.00227667	0.196354	-0.0235791	
5.1	0.0549562	0.0022481	0.195552	-0.0232657	0.0549562	0.0022481	0.195552	-0.0232657	
5.12	0.0547308	0.00221963	0.194757	-0.0229571	0.0547308	0.00221963	0.194757	-0.0229571	
5.14	0.0545071	0.00219126	0.193969	-0.0226532	0.0545071	0.00219126	0.193969	-0.0226532	
5.16	0.0542851	0.00216299	0.193188	-0.0223541	0.0542851	0.00216299	0.193188	-0.0223541	
5.18	0.0540647	0.00213483	0.192414	-0.0220596	0.0540647	0.00213483	0.192414	-0.0220596	
5.2	0.0538459	0.00210677	0.191647	-0.0217696	0.0538459	0.00210677	0.191647	-0.0217696	
5.22	0.0536287	0.00207883	0.190886	-0.021484	0.0536287	0.00207883	0.190886	-0.021484	
5.24	0.0534132	0.00205101	0.190133	-0.0212029	0.0534132	0.00205101	0.190133	-0.0212029	
5.26	0.0531991	0.00202331	0.189386	-0.0209261	0.0531991	0.00202331	0.189386	-0.0209261	
5.28	0.0529866	0.00199574	0.188645	-0.0206535	0.0529866	0.00199574	0.188645	-0.0206535	
5.3	0.0527757	0.00196829	0.187911	-0.0203851	0.0527757	0.00196829	0.187911	-0.0203851	
5.32	0.0525662	0.00194097	0.187183	-0.0201208	0.0525662	0.00194097	0.187183	-0.0201208	
5.34	0.0523582	0.00191379	0.186462	-0.0198605	0.0523582	0.00191379	0.186462	-0.0198605	
5.36	0.0521517	0.00188675	0.185747	-0.0196042	0.0521517	0.00188675	0.185747	-0.0196042	
5.38	0.0519466	0.00185985	0.185037	-0.0193518	0.0519466	0.00185985	0.185037	-0.0193518	
5.4	0.0517429	0.00183309	0.184334	-0.0191033	0.0517429	0.00183309	0.184334	-0.0191033	
5.42	0.0515407	0.00180648	0.183636	-0.0188585	0.0515407	0.00180648	0.183636	-0.0188585	
5.44	0.0513398	0.00178002	0.182945	-0.0186174	0.0513398	0.00178002	0.182945	-0.0186174	
5.46	0.0511403	0.00175371	0.182259	-0.01838	0.0511403	0.00175371	0.182259	-0.01838	
5.48	0.0509422	0.00172756	0.181579	-0.0181462	0.0509422	0.00172756	0.181579	-0.0181462	
5.5	0.0507454	0.00170157	0.180904	-0.0179159	0.0507454	0.00170157	0.180904	-0.0179159	
5.52	0.0505499	0.00167574	0.180235	-0.0176891	0.0505499	0.00167574	0.180235	-0.0176891	
5.54	0.0503558	0.00165008	0.179571	-0.0174658	0.0503558	0.00165008	0.179571	-0.0174658	
5.56	0.0501629	0.00162458	0.178913	-0.0172457	0.0501629	0.00162458	0.178913	-0.0172457	
5.58	0.0499713	0.00159926	0.17826	-0.017029	0.0499713	0.00159926	0.17826	-0.017029	
5.6	0.0497809	0.00157411	0.177612	-0.0168156	0.0497809	0.00157411	0.177612	-0.0168156	
5.62	0.0495919	0.00154913	0.176969	-0.0166053	0.0495919	0.00154913	0.176969	-0.0166053	
5.64	0.049404	0.00152433	0.176332	-0.0163982	0.049404	0.00152433	0.176332	-0.0163982	
5.66	0.0492174	0.00149971	0.175699	-0.0161942	0.0492174	0.00149971	0.175699	-0.0161942	
5.68	0.0490319	0.00147527	0.175072	-0.0159932	0.0490319	0.00147527	0.175072	-0.0159932	
5.7	0.0488477	0.00145102	0.174449	-0.0157952	0.0488477	0.00145102	0.174449	-0.0157952	
5.72	0.0486646	0.00142695	0.173831	-0.0156002	0.0486646	0.00142695	0.173831	-0.0156002	
5.74	0.0484828	0.00140308	0.173218	-0.0154081	0.0484828	0.00140308	0.173218	-0.0154081	
5.76	0.048302	0.00137939	0.172609	-0.0152188	0.048302	0.00137939	0.172609	-0.0152188	
5.78	0.0481224	0.0013559	0.172005	-0.0150323	0.0481224	0.0013559	0.172005	-0.0150323	
5.8	0.047944	0.0013326	0.171406	-0.0148486	0.047944	0.0013326	0.171406	-0.0148486	
5.82	0.0477666	0.0013095	0.170811	-0.0146676	0.0477666	0.0013095	0.170811	-0.0146676	
5.84	0.0475904	0.0012866	0.170221	-0.0144893	0.0475904	0.0012866	0.170221	-0.0144893	
5.86	0.0474153	0.0012639	0.169635	-0.0143136	0.0474153	0.0012639	0.169635	-0.0143136	
5.88	0.0472412	0.0012414	0.169054	-0.0141404	0.0472412	0.0012414	0.169054	-0.0141404	
5.9	0.0470682	0.00121911	0.168477	-0.0139698	0.0470682	0.00121911	0.168477	-0.0139698	
5.92	0.0468963	0.00119702	0.167904	-0.0138017	0.0468963	0.00119702	0.167904	-0.0138017	
5.94	0.0467255	0.00117513	0.167335	-0.0136361	0.0467255	0.00117513	0.167335	-0.0136361	
5.96	0.0465557	0.00115346	0.166771	-0.0134729	0.0465557	0.00115346	0.166771	-0.0134729	
5.98	0.0463869	0.00113199	0.16621	-0.0133121	0.0463869	0.00113199	0.16621	-0.0133121	
6	0.0462192	0.00111073	0.165654	-0.0131536	0.0462192	0.00111073	0.165654	-0.0131536	
6.02	0.0460525	0.00108969	0.165101	-0.0129974	0.0460525	0.00108969	0.165101	-0.0129974	
6.04	0.0458867	0.00106885	0.164553	-0.0128435	0.0458867	0.00106885	0.164553	-0.0128435	
6.06	0.045722	0.00104823	0.164008	-0.0126918	0.045722	0.00104823	0.164008	-0.0126918	
6.08	0.0455583	0.00102783	0.163467	-0.0125423	0.0455583	0.00102783	0.163467	-0.0125423	
6.1	0.0453955	0.00100763	0.162931	-0.0123949	0.0453955	0.00100763	0.162931	-0.0123949	
6.12	0.0452338	0.000987659	0.162397	-0.0122497	0.0452338	0.000987659	0.162397	-0.0122497	
6.14	0.045073	0.0009679	0.161868	-0.0121065	0.045073	0.0009679	0.161868	-0.0121065	
6.16	0.0449131	0.000948358	0.161342	-0.0119655	0.0449131	0.000948358	0.161342	-0.0119655	
6.18	0.0447542	0.000929033	0.16082	-0.0118264	0.0447542	0.000929033	0.16082	-0.0118264	
6.2	0.0445962	0.000909926	0.160302	-0.0116893	0.0445962	0.000909926	0.160302	-0.0116893	
6.22	0.0444392	0.000891038	0.159787	-0.0115542	0.0444392	0.000891038	0.159787	-0.0115542	
6.24	0.0442831	0.000872368	0.159275	-0.011421	0.0442831	0.000872368	0.159275	-0.011421	
6.26	0.0441279	0.000853917	0.158767	-0.0112897	0.0441279	0.000853917	0.158767	-0.0112897	
6.28	0.0439737	0.000835685	0.158263	-0.0111603	0.0439737	0.000835685	0.158263	-0.0111603	
6.3	0.0438203	0.000817672	0.157761	-0.0110327	0.0438203	0.000817672	0.157761	-0.0110327	
6.32	0.0436678	0.000799878	0.157264	-0.0109069	0.0436678	0.000799878	0.157264	-0.0109069	
6.34	0.0435163	0.000782303	0.156769	-0.0107829	0.0435163	0.000782303	0.156769	-0.0107829	
6.36	0.0433656	0.000764947	0.156278	-0.0106606	0.0433656	0.000764947	0.156278	-0.0106606	
6.38	0.0432158	0.00074781	0.15579	-0.0105401	0.0432158	0.00074781	0.15579	-0.0105401	
6.4	0.0430668	0.000730891	0.155305	-0.0104212	0.0430668	0.000730891	0.155305	-0.0104212	
6.42	0.0429187	0.00071419	0.154824	-0.010304	0.0429187	0.00071419	0.154824	-0.010304	
6.44	0.0427715	0.000697707	0.154345	-0.0101885	0.0427715	0.000697707	0.154345	-0.0101885	
6.46	0.0426252	0.000681441	0.15387	-0.0100745	0.0426252	0.000681441	0.15387	-0.0100745	
6.48	0.0424796	0.000665392	0.153398	-0.00996216	0.0424796	0.000665392	0.153398	-0.00996216	
6.5	0.042335	0.00064956	0.152928	-0.00985136	0.042335	0.00064956	0.152928	-0.00985136	
6.52	0.0421911	0.000633943	0.152462	-0.00974211	0.0421911	0.000633943	0.152462	-0.00974211	
6.54	0.0420481	0.00061854	0.151999	-0.00963436	0.0420481	0.00061854	0.151999	-0.00963436	
6.56	0.0419059	0.000603352	0.151539	-0.00952811	0.0419059	0.000603352	0.151539	-0.00952811	
6.58	0.0417645	0.000588377	0.151081	-0.00942332	0.0417645	0.000588377	0.151081	-0.00942332	
6.6	0.041624	0.000573615	0.150627	-0.00931997	0.041624	0.000573615	0.150627	-0.00931997	
6.62	0.0414842	0.000559064	0.150175	-0.00921805	0.0414842	0.000559064	0.150175	-0.00921805	
6.64	0.0413453	0.000544724	0.149726	-0.00911752	0.0413453	0.000544724	0.149726	-0.00911752	
6.66	0.0412071	0.000530594	0.14928	-0.00901836	0.0412071	0.000530594	0.14928	-0.00901836	
6.68	0.0410698	0.000516671	0.148837	-0.00892056	0.0410698	0.000516671	0.148837	-0.00892056	
6.7	0.0409332	0.000502957	0.148397	-0.00882409	0.0409332	0.000502957	0.148397	-0.00882409	
6.72	0.0407974	0.000489448	0.147959	-0.00872893	0.0407974	0.000489448	0.147959	-0.00872893	
6.74	0.0406624	0.000476144	0.147524	-0.00863507	0.0406624	0.000476144	0.147524	-0.00863507	
6.76	0.0405282	0.000463044	0.147091	-0.00854247	0.0405282	0.000463044	0.147091	-0.00854247	
6.78	0.0403947	0.000450147	0.146661	-0.00845113	0.0403947	0.000450147	0.146661	-0.00845113	
6.8	0.040262	0.000437451	0.146234	-0.00836101	0.040262	0.000437451	0.146234	-0.00836101	
6.82	0.04013	0.000424954	0.145809	-0.00827211	0.04013	0.000424954	0.145809	-0.00827211	
6.84	0.0399988	0.000412656	0.145387	-0.00818441	0.0399988	0.000412656	0.145387	-0.00818441	
6.86	0.0398684	0.000400554	0.144968	-0.00809787	0.0398684	0.000400554	0.144968	-0.00809787	
6.88	0.0397386	0.000388648	0.144551	-0.0080125	0.0397386	0.000388648	0.144551	-0.0080125	
6.9	0.0396097	0.000376936	0.144136	-0.00792826	0.0396097	0.000376936	0.144136	-0.00792826	
6.92	0.0394814	0.000365416	0.143724	-0.00784515	0.0394814	0.000365416	0.143724	-0.00784515	
6.94	0.0393539	0.000354086	0.143314	-0.00776314	0.0393539	0.000354086	0.143314	-0.00776314	
6.96	0.0392271	0.000342946	0.142907	-0.00768221	0.0392271	0.000342946	0.142907	-0.00768221	
6.98	0.0391011	0.000331993	0.142502	-0.00760236	0.0391011	0.000331993	0.142502	-0.00760236	
7	0.0389757	0.000321226	0.142099	-0.00752356	0.0389757	0.000321226	0.142099	-0.00752356	
7.02	0.0388511	0.000310643	0.141699	-0.0074458	0.0388511	0.000310643	0.141699	-0.0074458	
7.04	0.0387271	0.000300242	0.141301	-0.00736906	0.0387271	0.000300242	0.141301	-0.00736906	
7.06	0.0386039	0.000290022	0.140905	-0.00729332	0.0386039	0.000290022	0.140905	-0.00729332	
7.08	0.0384814	0.000279981	0.140512	-0.00721858	0.0384814	0.000279981	0.140512	-0.00721858	
7.1	0.0383595	0.000270117	0.140121	-0.00714481	0.0383595	0.000270117	0.140121	-0.00714481	
7.12	0.0382384	0.000260428	0.139732	-0.007072	0.0382384	0.000260428	0.139732	-0.007072	
7.14	0.0381179	0.000250912	0.139345	-0.00700014	0.0381179	0.000250912	0.139345	-0.00700014	
7.16	0.0379982	0.000241569	0.13896	-0.00692921	0.0379982	0.000241569	0.13896	-0.00692921	
7.18	0.0378791	0.000232394	0.138578	-0.0068592	0.0378791	0.000232394	0.138578	-0.0068592	
7.2	0.0377606	0.000223388	0.138198	-0.00679009	0.0377606	0.000223388	0.138198	-0.00679009	
7.22	0.0376429	0.000214548	0.13782	-0.00672187	0.0376429	0.000214548	0.13782	-0.00672187	
7.24	0.0375258	0.000205872	0.137444	-0.00665453	0.0375258	0.000205872	0.137444	-0.00665453	
7.26	0.0374094	0.000197358	0.13707	-0.00658805	0.0374094	0.000197358	0.13707	-0.00658805	
7.28	0.0372936	0.000189005	0.136698	-0.00652242	0.0372936	0.000189005	0.136698	-0.00652242	
7.3	0.0371785	0.00018081	0.136328	-0.00645763	0.0371785	0.00018081	0.136328	-0.00645763	
7.32	0.037064	0.000172771	0.135961	-0.00639367	0.037064	0.000172771	0.135961	-0.00639367	
7.34	0.0369502	0.000164888	0.135595	-0.00633052	0.0369502	0.000164888	0.135595	-0.00633052	
7.36	0.036837	0.000157157	0.135231	-0.00626816	0.036837	0.000157157	0.135231	-0.00626816	
7.38	0.0367244	0.000149576	0.13487	-0.0062066	0.0367244	0.000149576	0.13487	-0.0062066	
7.4	0.0366125	0.000142145	0.13451	-0.00614581	0.0366125	0.000142145	0.13451	-0.00614581	
7.42	0.0365012	0.00013486	0.134152	-0.00608579	0.0365012	0.00013486	0.134152	-0.00608579	
7.44	0.0363906	0.000127721	0.133796	-0.00602653	0.0363906	0.000127721	0.133796	-0.00602653	
7.46	0.0362805	0.000120724	0.133442	-0.005968	0.0362805	0.000120724	0.133442	-0.005968	
7.48	0.0361711	0.000113869	0.13309	-0.00591021	0.0361711	0.000113869	0.13309	-0.00591021	
7.5	0.0360623	0.000107153	0.13274	-0.00585314	0.0360623	0.000107153	0.13274	-0.00585314	
7.52	0.0359541	0.000100574	0.132392	-0.00579677	0.0359541	0.000100574	0.132392	-0.00579677	
7.54	0.0358465	9.4131e-05	0.132045	-0.00574111	0.0358465	9.4131e-05	0.132045	-0.00574111	
7.56	0.0357395	8.78212e-05	0.131701	-0.00568614	0.0357395	8.78212e-05	0.131701	-0.00568614	
7.58	0.0356331	8.1643e-05	0.131358	-0.00563185	0.0356331	8.1643e-05	0.131358	-0.00563185	
7.6	0.0355273	7.55946e-05	0.131017	-0.00557822	0.0355273	7.55946e-05	0.131017	-0.00557822	
7.62	0.0354221	6.9674e-05	0.130678	-0.00552526	0.0354221	6.9674e-05	0.130678	-0.00552526	
7.64	0.0353175	6.38793e-05	0.13034	-0.00547295	0.0353175	6.38793e-05	0.13034	-0.00547295	
7.66	0.0352135	5.82088e-05	0.130004	-0.00542127	0.0352135	5.82088e-05	0.130004	-0.00542127	
7.68	0.03511	5.26605e-05	0.129671	-0.00537023	0.03511	5.26605e-05	0.129671	-0.00537023	
7.7	0.0350071	4.72326e-05	0.129338	-0.00531981	0.0350071	4.72326e-05	0.129338	-0.00531981	
7.72	0.0349048	4.19233e-05	0.129008	-0.00527	0.0349048	4.19233e-05	0.129008	-0.00527	
7.74	0.0348031	3.67307e-05	0.128679	-0.0052208	0.0348031	3.67307e-05	0.128679	-0.0052208	
7.76	0.0347019	3.16531e-05	0.128352	-0.00517219	0.0347019	3.16531e-05	0.128352	-0.00517219	
7.78	0.0346013	2.66886e-05	0.128026	-0.00512417	0.0346013	2.66886e-05	0.128026	-0.00512417	
7.8	0.0345013	2.18355e-05	0.127703	-0.00507673	0.0345013	2.18355e-05	0.127703	-0.00507673	
7.82	0.0344018	1.70919e-05	0.127381	-0.00502986	0.0344018	1.70919e-05	0.127381	-0.00502986	
7.84	0.0343028	1.24562e-05	0.12706	-0.00498354	0.0343028	1.24562e-05	0.12706	-0.00498354	
7.86	0.0342044	7.92652e-06	0.126741	-0.00493779	0.0342044	7.92652e-06	0.126741	-0.00493779	
7.88	0.0341065	3.50121e-06	0.126424	-0.00489258	0.0341065	3.50121e-06	0.126424	-0.00489258	
7.9	0.0340092	-8.21465e-07	0.126108	-0.0048479	0.0340092	-8.21465e-07	0.126108	-0.0048479	
7.92	0.0339124	-5.0432e-06	0.125794	-0.00480376	0.0339124	-5.0432e-06	0.125794	-0.00480376	
7.94	0.0338162	-9.16568e-06	0.125482	-0.00476014	0.0338162	-9.16568e-06	0.125482	-0.00476014	
7.96	0.0337205	-1.31906e-05	0.125171	-0.00471704	0.0337205	-1.31906e-05	0.125171	-0.00471704	
7.98	0.0336253	-1.71195e-05	0.124861	-0.00467444	0.0336253	-1.71195e-05	0.124861	-0.00467444	
8	0.0335306	-2.09542e-05	0.124553	-0.00463235	0.0335306	-2.09542e-05	0.124553	-0.00463235	
8.02	0.0334364	-2.46961e-05	0.124247	-0.00459075	0.0334364	-2.46961e-05	0.124247	-0.00459075	
8.04	0.0333428	-2.8347e-05	0.123942	-0.00454963	0.0333428	-2.8347e-05	0.123942	-0.00454963	
8.06	0.0332497	-3.19084e-05	0.123639	-0.004509	0.0332497	-3.19084e-05	0.123639	-0.004509	
8.08	0.0331571	-3.53818e-05	0.123337	-0.00446884	0.0331571	-3.53818e-05	0.123337	-0.00446884	
8.1	0.0330649	-3.87689e-05	0.123036	-0.00442914	0.0330649	-3.87689e-05	0.123036	-0.00442914	
8.12	0.0329733	-4.20711e-05	0.122737	-0.00438991	0.0329733	-4.20711e-05	0.122737	-0.00438991	
8.14	0.0328822	-4.52899e-05	0.12244	-0.00435113	0.0328822	-4.52899e-05	0.12244	-0.00435113	
8.16	0.0327916	-4.84269e-05	0.122144	-0.0043128	0.0327916	-4.84269e-05	0.122144	-0.0043128	
8.18	0.0327014	-5.14836e-05	0.121849	-0.0042749	0.0327014	-5.14836e-05	0.121849	-0.0042749	
8.2	0.0326118	-5.44613e-05	0.121556	-0.00423745	0.0326118	-5.44613e-05	0.121556	-0.00423745	
8.22	0.0325226	-5.73615e-05	0.121264	-0.00420042	0.0325226	-5.73615e-05	0.121264	-0.00420042	
8.24	0.032434	-6.01857e-05	0.120974	-0.00416382	0.032434	-6.01857e-05	0.120974	-0.00416382	
8.26	0.0323458	-6.29353e-05	0.120685	-0.00412763	0.0323458	-6.29353e-05	0.120685	-0.00412763	
8.28	0.032258	-6.56116e-05	0.120397	-0.00409185	0.032258	-6.56116e-05	0.120397	-0.00409185	
8.3	0.0321708	-6.8216e-05	0.120111	-0.00405648	0.0321708	-6.8216e-05	0.120111	-0.00405648	
8.32	0.032084	-7.07499e-05	0.119826	-0.00402152	0.032084	-7.07499e-05	0.119826	-0.00402152	
8.34	0.0319977	-7.32145e-05	0.119543	-0.00398694	0.0319977	-7.32145e-05	0.119543	-0.00398694	
8.36	0.0319118	-7.56113e-05	0.119261	-0.00395276	0.0319118	-7.56113e-05	0.119261	-0.00395276	
8.38	0.0318264	-7.79415e-05	0.11898	-0.00391896	0.0318264	-7.79415e-05	0.11898	-0.00391896	
8.4	0.0317415	-8.02063e-05	0.1187	-0.00388553	0.0317415	-8.02063e-05	0.1187	-0.00388553	
8.42	0.031657	-8.24071e-05	0.118422	-0.00385249	0.031657	-8.24071e-05	0.118422	-0.00385249	
8.44	0.0315729	-8.45451e-05	0.118145	-0.00381981	0.0315729	-8.45451e-05	0.118145	-0.00381981	
8.46	0.0314893	-8.66214e-05	0.117869	-0.00378749	0.0314893	-8.66214e-05	0.117869	-0.00378749	
8.48	0.0314062	-8.86374e-05	0.117595	-0.00375553	0.0314062	-8.86374e-05	0.117595	-0.00375553	
8.5	0.0313235	-9.05942e-05	0.117322	-0.00372393	0.0313235	-9.05942e-05	0.117322	-0.00372393	
8.52	0.0312412	-9.24929e-05	0.11705	-0.00369268	0.0312412	-9.24929e-05	0.11705	-0.00369268	
8.54	0.0311593	-9.43348e-05	0.116779	-0.00366177	0.0311593	-9.43348e-05	0.116779	-0.00366177	
8.56	0.0310779	-9.61209e-05	0.11651	-0.0036312	0.0310779	-9.61209e-05	0.11651	-0.0036312	
8.58	0.0309969	-9.78523e-05	0.116242	-0.00360096	0.0309969	-9.78523e-05	0.116242	-0.00360096	
8.6	0.0309164	-9.95303e-05	0.115975	-0.00357106	0.0309164	-9.95303e-05	0.115975	-0.00357106	
8.62	0.0308362	-0.000101156	0.115709	-0.00354148	0.0308362	-0.000101156	0.115709	-0.00354148	
8.64	0.0307565	-0.00010273	0.115445	-0.00351223	0.0307565	-0.00010273	0.115445	-0.00351223	
8.66	0.0306772	-0.000104254	0.115182	-0.00348329	0.0306772	-0.000104254	0.115182	-0.00348329	
8.68	0.0305983	-0.000105728	0.11492	-0.00345467	0.0305983	-0.000105728	0.11492	-0.00345467	
8.7	0.0305198	-0.000107154	0.114659	-0.00342635	0.0305198	-0.000107154	0.114659	-0.00342635	
8.72	0.0304418	-0.000108533	0.114399	-0.00339834	0.0304418	-0.000108533	0.114399	-0.00339834	
8.74	0.0303641	-0.000109866	0.114141	-0.00337064	0.0303641	-0.000109866	0.114141	-0.00337064	
8.76	0.0302868	-0.000111153	0.113883	-0.00334323	0.0302868	-0.000111153	0.113883	-0.00334323	
8.78	0.0302099	-0.000112396	0.113627	-0.00331611	0.0302099	-0.000112396	0.113627	-0.00331611	
8.8	0.0301335	-0.000113595	0.113372	-0.00328928	0.0301335	-0.000113595	0.113372	-0.00328928	
8.82	0.0300574	-0.000114752	0.113118	-0.00326274	0.0300574	-0.000114752	0.113118	-0.00326274	
8.84	0.0299817	-0.000115867	0.112865	-0.00323648	0.0299817	-0.000115867	0.112865	-0.00323648	
8.86	0.0299064	-0.000116941	0.112614	-0.0032105	0.0299064	-0.000116941	0.112614	-0.0032105	
8.88	0.0298315	-0.000117976	0.112363	-0.0031848	0.0298315	-0.000117976	0.112363	-0.0031848	
8.9	0.0297569	-0.000118971	0.112114	-0.00315936	0.0297569	-0.000118971	0.112114	-0.00315936	
8.92	0.0296828	-0.000119929	0.111865	-0.0031342	0.0296828	-0.000119929	0.111865	-0.0031342	
8.94	0.029609	-0.000120849	0.111618	-0.0031093	0.029609	-0.000120849	0.111618	-0.0031093	
8.96	0.0295356	-0.000121732	0.111372	-0.00308465	0.0295356	-0.000121732	0.111372	-0.00308465	
8.98	0.0294625	-0.00012258	0.111127	-0.00306027	0.0294625	-0.00012258	0.111127	-0.00306027	
9	0.0293899	-0.000123392	0.110883	-0.00303614	0.0293899	-0.000123392	0.110883	-0.00303614	
9.02	0.0293176	-0.000124171	0.11064	-0.00301226	0.0293176	-0.000124171	0.11064	-0.00301226	
9.04	0.0292456	-0.000124916	0.110398	-0.00298863	0.0292456	-0.000124916	0.110398	-0.00298863	
9.06	0.0291741	-0.000125628	0.110157	-0.00296525	0.0291741	-0.000125628	0.110157	-0.00296525	
9.08	0.0291028	-0.000126308	0.109917	-0.0029421	0.0291028	-0.000126308	0.109917	-0.0029421	
9.1	0.029032	-0.000126958	0.109678	-0.0029192	0.029032	-0.000126958	0.109678	-0.0029192	
9.12	0.0289615	-0.000127576	0.109441	-0.00289653	0.0289615	-0.000127576	0.109441	-0.00289653	
9.14	0.0288913	-0.000128165	0.109204	-0.00287409	0.0288913	-0.000128165	0.109204	-0.00287409	
9.16	0.0288215	-0.000128724	0.108968	-0.00285188	0.0288215	-0.000128724	0.108968	-0.00285188	
9.18	0.028752	-0.000129255	0.108734	-0.0028299	0.028752	-0.000129255	0.108734	-0.0028299	
9.2	0.0286829	-0.000129759	0.1085	-0.00280814	0.0286829	-0.000129759	0.1085	-0.00280814	
9.22	0.0286141	-0.000130235	0.108267	-0.0027866	0.0286141	-0.000130235	0.108267	-0.0027866	
9.24	0.0285457	-0.000130684	0.108035	-0.00276529	0.0285457	-0.000130684	0.108035	-0.00276529	
9.26	0.0284776	-0.000131107	0.107805	-0.00274418	0.0284776	-0.000131107	0.107805	-0.00274418	
9.28	0.0284098	-0.000131505	0.107575	-0.00272329	0.0284098	-0.000131505	0.107575	-0.00272329	
9.3	0.0283424	-0.000131878	0.107346	-0.00270261	0.0283424	-0.000131878	0.107346	-0.00270261	
9.32	0.0282752	-0.000132227	0.107118	-0.00268214	0.0282752	-0.000132227	0.107118	-0.00268214	
9.34	0.0282085	-0.000132553	0.106891	-0.00266187	0.0282085	-0.000132553	0.106891	-0.00266187	
9.36	0.028142	-0.000132855	0.106666	-0.00264181	0.028142	-0.000132855	0.106666	-0.00264181	
9.38	0.0280759	-0.000133135	0.106441	-0.00262194	0.0280759	-0.000133135	0.106441	-0.00262194	
9.4	0.02801	-0.000133392	0.106217	-0.00260227	0.02801	-0.000133392	0.106217	-0.00260227	
9.42	0.0279445	-0.000133629	0.105993	-0.0025828	0.0279445	-0.000133629	0.105993	-0.0025828	
9.44	0.0278794	-0.000133844	0.105771	-0.00256352	0.0278794	-0.000133844	0.105771	-0.00256352	
9.46	0.0278145	-0.000134039	0.10555	-0.00254443	0.0278145	-0.000134039	0.10555	-0.00254443	
9.48	0.0277499	-0.000134214	0.10533	-0.00252553	0.0277499	-0.000134214	0.10533	-0.00252553	
9.5	0.0276857	-0.000134369	0.10511	-0.00250681	0.0276857	-0.000134369	0.10511	-0.00250681	
9.52	0.0276217	-0.000134506	0.104892	-0.00248828	0.0276217	-0.000134506	0.104892	-0.00248828	
9.54	0.0275581	-0.000134624	0.104674	-0.00246993	0.0275581	-0.000134624	0.104674	-0.00246993	
9.56	0.0274948	-0.000134724	0.104457	-0.00245176	0.0274948	-0.000134724	0.104457	-0.00245176	
9.58	0.0274317	-0.000134806	0.104242	-0.00243376	0.0274317	-0.000134806	0.104242	-0.00243376	
9.6	0.027369	-0.000134871	0.104027	-0.00241594	0.027369	-0.000134871	0.104027	-0.00241594	
9.62	0.0273065	-0.000134919	0.103813	-0.00239829	0.0273065	-0.000134919	0.103813	-0.00239829	
9.64	0.0272444	-0.000134951	0.103599	-0.00238081	0.0272444	-0.000134951	0.103599	-0.00238081	
9.66	0.0271825	-0.000134968	0.103387	-0.00236351	0.0271825	-0.000134968	0.103387	-0.00236351	
9.68	0.027121	-0.000134968	0.103176	-0.00234636	0.027121	-0.000134968	0.103176	-0.00234636	
9.7	0.0270597	-0.000134954	0.102965	-0.00232939	0.0270597	-0.000134954	0.102965	-0.00232939	
9.72	0.0269987	-0.000134925	0.102755	-0.00231257	0.0269987	-0.000134925	0.102755	-0.00231257	
9.74	0.026938	-0.000134882	0.102546	-0.00229591	0.026938	-0.000134882	0.102546	-0.00229591	
9.76	0.0268776	-0.000134824	0.102338	-0.00227942	0.0268776	-0.000134824	0.102338	-0.00227942	
9.78	0.0268174	-0.000134753	0.102131	-0.00226308	0.0268174	-0.000134753	0.102131	-0.00226308	
9.8	0.0267576	-0.000134669	0.101925	-0.00224689	0.0267576	-0.000134669	0.101925	-0.00224689	
9.82	0.026698	-0.000134572	0.101719	-0.00223086	0.026698	-0.000134572	0.101719	-0.00223086	
9.84	0.0266387	-0.000134462	0.101514	-0.00221498	0.0266387	-0.000134462	0.101514	-0.00221498	
9.86	0.0265796	-0.000134341	0.10131	-0.00219925	0.0265796	-0.000134341	0.10131	-0.00219925	
9.88	0.0265209	-0.000134207	0.101107	-0.00218367	0.0265209	-0.000134207	0.101107	-0.00218367	
9.9	0.0264624	-0.000134062	0.100905	-0.00216823	0.0264624	-0.000134062	0.100905	-0.00216823	
9.92	0.0264041	-0.000133905	0.100703	-0.00215294	0.0264041	-0.000133905	0.100703	-0.00215294	
9.94	0.0263462	-0.000133738	0.100502	-0.00213779	0.0263462	-0.000133738	0.100502	-0.00213779	
9.96	0.0262885	-0.00013356	0.100303	-0.00212279	0.0262885	-0.00013356	0.100303	-0.00212279	
9.98	0.026231	-0.000133372	0.100103	-0.00210792	0.026231	-0.000133372	0.100103	-0.00210792	
