0.0785398163397	-0.00235899	-1.04159	0.0	0.0	0.0	0.0	0.00247797	-0.883642	-0.00976187	-1.04027	0.0	0.0	0.0	0.0	-0.00149065	-0.883623	
0.235619449019	0.00635821	-0.71142	0.0	0.0	0.0	0.0	-0.000265781	-0.755281	-0.00341911	-0.713521	0.0	0.0	0.0	0.0	-0.00239292	-0.75625	
0.392699081699	0.00930174	-0.633397	0.0	0.0	0.0	0.0	-0.000164135	-0.666631	-0.00320226	-0.632428	0.0	0.0	0.0	0.0	-0.000308915	-0.667764	
0.549778714378	-0.00285584	-0.573714	0.0	0.0	0.0	0.0	-0.000451515	-0.603423	-0.0069598	-0.56932	0.0	0.0	0.0	0.0	0.00145882	-0.603779	
0.706858347058	0.00332833	-0.540269	0.0	0.0	0.0	0.0	0.000976673	-0.553558	0.00377103	-0.536714	0.0	0.0	0.0	0.0	-0.00174655	-0.553013	
0.863937979737	-0.00346277	-0.49871	0.0	0.0	0.0	0.0	0.00106336	-0.51027	-0.00540797	-0.493036	0.0	0.0	0.0	0.0	0.000581757	-0.511964	
1.02101761242	-0.00250581	-0.476584	0.0	0.0	0.0	0.0	-0.000218617	-0.476514	0.00187653	-0.474041	0.0	0.0	0.0	0.0	-0.00219636	-0.478756	
1.1780972451	-0.000972402	-0.445559	0.0	0.0	0.0	0.0	0.0014681	-0.445933	0.00257344	-0.437912	0.0	0.0	0.0	0.0	-0.00120238	-0.446497	
1.33517687778	0.012814	-0.425626	0.0	0.0	0.0	0.0	-0.00119261	-0.415608	0.00199556	-0.413473	0.0	0.0	0.0	0.0	-5.53934e-05	-0.418853	
1.49225651046	-0.00211711	-0.405495	0.0	0.0	0.0	0.0	-0.000449552	-0.396664	0.00408534	-0.397811	0.0	0.0	0.0	0.0	-0.00179833	-0.398206	
1.64933614313	0.00574368	-0.379401	0.0	0.0	0.0	0.0	-0.0026624	-0.373775	0.00401977	-0.383033	0.0	0.0	0.0	0.0	-0.00191842	-0.373352	
1.80641577581	-0.00123845	-0.36596	0.0	0.0	0.0	0.0	-0.00467112	-0.357916	-0.00210114	-0.358308	0.0	0.0	0.0	0.0	-0.00191145	-0.3586	
1.96349540849	0.00589284	-0.347502	0.0	0.0	0.0	0.0	-0.00355794	-0.340427	-0.000423768	-0.342066	0.0	0.0	0.0	0.0	-0.00286291	-0.341799	
2.12057504117	-0.00340488	-0.333254	0.0	0.0	0.0	0.0	-0.0020035	-0.327934	0.00376128	-0.326353	0.0	0.0	0.0	0.0	-0.00234276	-0.328627	
2.27765467385	-0.00155641	-0.31741	0.0	0.0	0.0	0.0	-0.00304674	-0.312634	0.0040229	-0.316133	0.0	0.0	0.0	0.0	-0.00252637	-0.31461	
2.43473430653	-0.000419387	-0.302732	0.0	0.0	0.0	0.0	-0.00126072	-0.299178	0.00387701	-0.305069	0.0	0.0	0.0	0.0	-0.00177245	-0.301573	
2.59181393921	-0.00217398	-0.29018	0.0	0.0	0.0	0.0	0.00149912	-0.288526	0.00346027	-0.292317	0.0	0.0	0.0	0.0	-0.00102178	-0.290255	
2.74889357189	-0.00374753	-0.279032	0.0	0.0	0.0	0.0	0.00297075	-0.27917	0.00241369	-0.279835	0.0	0.0	0.0	0.0	-0.000922595	-0.280101	
2.90597320457	-0.00362304	-0.26862	0.0	0.0	0.0	0.0	0.00292907	-0.269998	0.00108137	-0.26887	0.0	0.0	0.0	0.0	-0.00124127	-0.270507	
3.06305283725	-0.00217554	-0.258735	0.0	0.0	0.0	0.0	0.00213625	-0.26078	-2.25899e-05	-0.259516	0.0	0.0	0.0	0.0	-0.00153116	-0.261216	
3.22013246993	-0.000338325	-0.249415	0.0	0.0	0.0	0.0	0.0013082	-0.251723	-0.000629925	-0.25133	0.0	0.0	0.0	0.0	-0.00154348	-0.252217	
3.37721210261	0.00118929	-0.240738	0.0	0.0	0.0	0.0	0.000793344	-0.243084	-0.000745902	-0.243836	0.0	0.0	0.0	0.0	-0.00126061	-0.243583	
3.53429173529	0.0021087	-0.232732	0.0	0.0	0.0	0.0	0.000639984	-0.235014	-0.000521798	-0.236712	0.0	0.0	0.0	0.0	-0.00078942	-0.235384	
3.69137136797	0.00241506	-0.225363	0.0	0.0	0.0	0.0	0.000748074	-0.227548	-0.000136784	-0.229801	0.0	0.0	0.0	0.0	-0.000262195	-0.227652	
3.84845100065	0.00224814	-0.218563	0.0	0.0	0.0	0.0	0.000982766	-0.220646	0.000265476	-0.223062	0.0	0.0	0.0	0.0	0.000216326	-0.220389	
4.00553063333	0.00178488	-0.212251	0.0	0.0	0.0	0.0	0.00123167	-0.214234	0.000595377	-0.21651	0.0	0.0	0.0	0.0	0.000584338	-0.213573	
4.16261026601	0.00118258	-0.206347	0.0	0.0	0.0	0.0	0.00142251	-0.208231	0.00081187	-0.210179	0.0	0.0	0.0	0.0	0.000818424	-0.20717	
4.31968989869	0.000558038	-0.200786	0.0	0.0	0.0	0.0	0.00152052	-0.202565	0.000908474	-0.204105	0.0	0.0	0.0	0.0	0.000922085	-0.201145	
4.47676953137	-1.3612e-05	-0.195514	0.0	0.0	0.0	0.0	0.00151844	-0.197181	0.00089918	-0.198308	0.0	0.0	0.0	0.0	0.000914225	-0.195463	
4.63384916404	-0.000491512	-0.190492	0.0	0.0	0.0	0.0	0.00142598	-0.192036	0.000807491	-0.1928	0.0	0.0	0.0	0.0	0.000820285	-0.19009	
4.79092879672	-0.000859622	-0.185688	0.0	0.0	0.0	0.0	0.0012613	-0.187101	0.000659145	-0.18758	0.0	0.0	0.0	0.0	0.000666412	-0.184999	
4.9480084294	-0.0011181	-0.181082	0.0	0.0	0.0	0.0	0.00104521	-0.182356	0.000477914	-0.18264	0.0	0.0	0.0	0.0	0.000476168	-0.180165	
5.10508806208	-0.00127654	-0.176658	0.0	0.0	0.0	0.0	0.000797616	-0.177788	0.000283603	-0.177964	0.0	0.0	0.0	0.0	0.000269035	-0.175567	
5.26216769476	-0.00134922	-0.172404	0.0	0.0	0.0	0.0	0.000535724	-0.173387	9.14506e-05	-0.173537	0.0	0.0	0.0	0.0	6.00628e-05	-0.171187	
5.41924732744	-0.00135187	-0.168311	0.0	0.0	0.0	0.0	0.000273318	-0.169149	-8.76661e-05	-0.169341	0.0	0.0	0.0	0.0	-0.00013985	-0.167009	
5.57632696012	-0.00129986	-0.164373	0.0	0.0	0.0	0.0	2.07441e-05	-0.165067	-0.000246648	-0.165356	0.0	0.0	0.0	0.0	-0.000323368	-0.163018	
5.7334065928	-0.00120709	-0.160582	0.0	0.0	0.0	0.0	-0.000214752	-0.161138	-0.000381447	-0.161566	0.0	0.0	0.0	0.0	-0.00048604	-0.159203	
5.89048622548	-0.00108555	-0.156934	0.0	0.0	0.0	0.0	-0.000428531	-0.157357	-0.000490353	-0.157954	0.0	0.0	0.0	0.0	-0.000625633	-0.155552	
6.04756585816	-0.000945191	-0.153422	0.0	0.0	0.0	0.0	-0.000618035	-0.153721	-0.000573355	-0.154506	0.0	0.0	0.0	0.0	-0.000741553	-0.152056	
6.20464549084	-0.000794051	-0.150043	0.0	0.0	0.0	0.0	-0.0007823	-0.150225	-0.000631613	-0.151208	0.0	0.0	0.0	0.0	-0.000834358	-0.148705	
6.36172512352	-0.000638417	-0.14679	0.0	0.0	0.0	0.0	-0.000921522	-0.146865	-0.000667034	-0.148049	0.0	0.0	0.0	0.0	-0.000905372	-0.145491	
6.5188047562	-0.000483086	-0.143659	0.0	0.0	0.0	0.0	-0.00103671	-0.143635	-0.000681958	-0.145018	0.0	0.0	0.0	0.0	-0.000956386	-0.142406	
6.67588438888	-0.000331603	-0.140646	0.0	0.0	0.0	0.0	-0.00112941	-0.140531	-0.000678919	-0.142105	0.0	0.0	0.0	0.0	-0.00098944	-0.139443	
6.83296402156	-0.000186496	-0.137744	0.0	0.0	0.0	0.0	-0.00120148	-0.137549	-0.000660475	-0.139303	0.0	0.0	0.0	0.0	-0.00100667	-0.136595	
6.99004365424	-4.94766e-05	-0.13495	0.0	0.0	0.0	0.0	-0.00125493	-0.134681	-0.000629104	-0.136604	0.0	0.0	0.0	0.0	-0.00101017	-0.133857	
7.14712328692	7.83815e-05	-0.132258	0.0	0.0	0.0	0.0	-0.00129182	-0.131925	-0.000587122	-0.134002	0.0	0.0	0.0	0.0	-0.00100197	-0.131221	
7.3042029196	0.000196497	-0.129665	0.0	0.0	0.0	0.0	-0.00131415	-0.129274	-0.000536649	-0.131491	0.0	0.0	0.0	0.0	-0.000983938	-0.128684	
7.46128255228	0.000304661	-0.127165	0.0	0.0	0.0	0.0	-0.00132384	-0.126724	-0.000479585	-0.129065	0.0	0.0	0.0	0.0	-0.000957791	-0.126239	
7.61836218496	0.000402937	-0.124755	0.0	0.0	0.0	0.0	-0.00132269	-0.12427	-0.000417608	-0.126721	0.0	0.0	0.0	0.0	-0.000925066	-0.123882	
7.77544181763	0.000491588	-0.12243	0.0	0.0	0.0	0.0	-0.00131232	-0.121907	-0.000352177	-0.124453	0.0	0.0	0.0	0.0	-0.000887128	-0.121608	
7.93252145031	0.000571012	-0.120186	0.0	0.0	0.0	0.0	-0.00129423	-0.119631	-0.000284546	-0.122259	0.0	0.0	0.0	0.0	-0.00084517	-0.119414	
8.08960108299	0.0006417	-0.11802	0.0	0.0	0.0	0.0	-0.00126975	-0.117437	-0.000215781	-0.120134	0.0	0.0	0.0	0.0	-0.00080023	-0.117296	
8.24668071567	0.000704192	-0.115929	0.0	0.0	0.0	0.0	-0.00124005	-0.115323	-0.000146774	-0.118075	0.0	0.0	0.0	0.0	-0.000753199	-0.115249	
8.40376034835	0.000759059	-0.113907	0.0	0.0	0.0	0.0	-0.00120617	-0.113283	-7.82637e-05	-0.116079	0.0	0.0	0.0	0.0	-0.000704836	-0.11327	
8.56083998103	0.000806879	-0.111953	0.0	0.0	0.0	0.0	-0.00116901	-0.111314	-1.08539e-05	-0.114144	0.0	0.0	0.0	0.0	-0.00065578	-0.111356	
8.71791961371	0.000848221	-0.110064	0.0	0.0	0.0	0.0	-0.00112937	-0.109412	5.49704e-05	-0.112267	0.0	0.0	0.0	0.0	-0.000606566	-0.109505	
8.87499924639	0.000883637	-0.108235	0.0	0.0	0.0	0.0	-0.00108792	-0.107575	0.000118827	-0.110445	0.0	0.0	0.0	0.0	-0.000557638	-0.107712	
9.03207887907	0.000913655	-0.106466	0.0	0.0	0.0	0.0	-0.00104524	-0.105799	0.000180421	-0.108676	0.0	0.0	0.0	0.0	-0.000509356	-0.105976	
9.18915851175	0.000938774	-0.104752	0.0	0.0	0.0	0.0	-0.00100182	-0.104082	0.000239533	-0.106959	0.0	0.0	0.0	0.0	-0.000462014	-0.104294	
9.34623814443	0.000959462	-0.103091	0.0	0.0	0.0	0.0	-0.000958079	-0.10242	0.000296009	-0.10529	0.0	0.0	0.0	0.0	-0.000415842	-0.102663	
9.50331777711	0.000976153	-0.101482	0.0	0.0	0.0	0.0	-0.000914364	-0.10081	0.000349745	-0.103669	0.0	0.0	0.0	0.0	-0.000371023	-0.101081	
9.66039740979	0.000989252	-0.099921	0.0	0.0	0.0	0.0	-0.000870967	-0.0992514	0.000400684	-0.102093	0.0	0.0	0.0	0.0	-0.000327691	-0.099546	
9.81747704247	0.000999128	-0.0984069	0.0	0.0	0.0	0.0	-0.000828124	-0.0977405	0.000448805	-0.10056	0.0	0.0	0.0	0.0	-0.000285948	-0.0980561	
9.97455667515	0.00100612	-0.0969375	0.0	0.0	0.0	0.0	-0.00078603	-0.0962755	0.000494116	-0.0990694	0.0	0.0	0.0	0.0	-0.000245862	-0.0966094	
10.1316363078	0.00101054	-0.0955108	0.0	0.0	0.0	0.0	-0.00074484	-0.0948543	0.000536651	-0.0976192	0.0	0.0	0.0	0.0	-0.000207475	-0.0952038	
10.2887159405	0.00101268	-0.094125	0.0	0.0	0.0	0.0	-0.000704678	-0.093475	0.000576462	-0.0962079	0.0	0.0	0.0	0.0	-0.000170807	-0.0938378	
10.4457955732	0.00101278	-0.0927785	0.0	0.0	0.0	0.0	-0.000665637	-0.0921357	0.000613617	-0.094834	0.0	0.0	0.0	0.0	-0.000135862	-0.0925097	
10.6028752059	0.00101109	-0.0914695	0.0	0.0	0.0	0.0	-0.000627789	-0.0908347	0.000648195	-0.0934963	0.0	0.0	0.0	0.0	-0.000102628	-0.091218	
10.7599548385	0.00100781	-0.0901967	0.0	0.0	0.0	0.0	-0.000591184	-0.0895704	0.000680283	-0.0921935	0.0	0.0	0.0	0.0	-7.10817e-05	-0.0899613	
10.9170344712	0.00100314	-0.0889585	0.0	0.0	0.0	0.0	-0.000555855	-0.0883411	0.000709977	-0.0909242	0.0	0.0	0.0	0.0	-4.119e-05	-0.0887381	
11.0741141039	0.000997244	-0.0877535	0.0	0.0	0.0	0.0	-0.00052182	-0.0871455	0.000737374	-0.0896874	0.0	0.0	0.0	0.0	-1.29127e-05	-0.0875471	
11.2311937366	0.000990283	-0.0865804	0.0	0.0	0.0	0.0	-0.000489086	-0.0859821	0.000762575	-0.0884818	0.0	0.0	0.0	0.0	1.3796e-05	-0.0863872	
11.3882733693	0.000982394	-0.085438	0.0	0.0	0.0	0.0	-0.00045765	-0.0848497	0.000785683	-0.0873064	0.0	0.0	0.0	0.0	3.89864e-05	-0.0852571	
11.5453530019	0.000973705	-0.0843252	0.0	0.0	0.0	0.0	-0.0004275	-0.083747	0.000806798	-0.0861602	0.0	0.0	0.0	0.0	6.27116e-05	-0.0841556	
11.7024326346	0.000964326	-0.0832407	0.0	0.0	0.0	0.0	-0.000398617	-0.0826728	0.000826023	-0.0850422	0.0	0.0	0.0	0.0	8.50267e-05	-0.0830819	
11.8595122673	0.00095436	-0.0821836	0.0	0.0	0.0	0.0	-0.000370979	-0.081626	0.000843456	-0.0839514	0.0	0.0	0.0	0.0	0.000105988	-0.0820347	
12.0165919	0.000943896	-0.0811528	0.0	0.0	0.0	0.0	-0.000344556	-0.0806056	0.000859195	-0.0828869	0.0	0.0	0.0	0.0	0.000125653	-0.0810132	
12.1736715327	0.000933016	-0.0801473	0.0	0.0	0.0	0.0	-0.000319319	-0.0796105	0.000873333	-0.0818478	0.0	0.0	0.0	0.0	0.000144078	-0.0800164	
12.3307511653	0.000921792	-0.0791662	0.0	0.0	0.0	0.0	-0.000295232	-0.0786399	0.000885961	-0.0808333	0.0	0.0	0.0	0.0	0.00016132	-0.0790435	
12.487830798	0.000910288	-0.0782087	0.0	0.0	0.0	0.0	-0.000272261	-0.0776928	0.000897168	-0.0798425	0.0	0.0	0.0	0.0	0.000177434	-0.0780936	
12.6449104307	0.000898562	-0.0772739	0.0	0.0	0.0	0.0	-0.000250368	-0.0767683	0.000907038	-0.0788748	0.0	0.0	0.0	0.0	0.000192474	-0.0771659	
12.8019900634	0.000886665	-0.076361	0.0	0.0	0.0	0.0	-0.000229515	-0.0758656	0.000915653	-0.0779293	0.0	0.0	0.0	0.0	0.000206493	-0.0762597	
12.9590696961	0.000874642	-0.0754693	0.0	0.0	0.0	0.0	-0.000209665	-0.0749841	0.000923088	-0.0770053	0.0	0.0	0.0	0.0	0.000219544	-0.0753743	
13.1161493287	0.000862534	-0.074598	0.0	0.0	0.0	0.0	-0.000190779	-0.0741228	0.00092942	-0.0761022	0.0	0.0	0.0	0.0	0.000231674	-0.0745088	
13.2732289614	0.000850376	-0.0737464	0.0	0.0	0.0	0.0	-0.000172819	-0.0732811	0.000934716	-0.0752193	0.0	0.0	0.0	0.0	0.000242934	-0.0736627	
13.4303085941	0.000838199	-0.0729139	0.0	0.0	0.0	0.0	-0.000155748	-0.0724584	0.000939046	-0.0743559	0.0	0.0	0.0	0.0	0.000253368	-0.0728354	
13.5873882268	0.000826033	-0.0720999	0.0	0.0	0.0	0.0	-0.000139529	-0.071654	0.000942471	-0.0735115	0.0	0.0	0.0	0.0	0.00026302	-0.0720262	
13.7444678595	0.000813901	-0.0713037	0.0	0.0	0.0	0.0	-0.000124125	-0.0708673	0.000945051	-0.0726854	0.0	0.0	0.0	0.0	0.000271935	-0.0712345	
13.9015474921	0.000801824	-0.0705248	0.0	0.0	0.0	0.0	-0.000109501	-0.0700977	0.000946845	-0.0718771	0.0	0.0	0.0	0.0	0.000280151	-0.0704598	
14.0586271248	0.000789822	-0.0697626	0.0	0.0	0.0	0.0	-9.5624e-05	-0.0693446	0.000947904	-0.0710861	0.0	0.0	0.0	0.0	0.000287707	-0.0697015	
14.2157067575	0.00077791	-0.0690166	0.0	0.0	0.0	0.0	-8.24594e-05	-0.0686075	0.000948281	-0.0703118	0.0	0.0	0.0	0.0	0.000294642	-0.0689592	
14.3727863902	0.000766103	-0.0682862	0.0	0.0	0.0	0.0	-6.99752e-05	-0.0678859	0.000948023	-0.0695537	0.0	0.0	0.0	0.0	0.000300989	-0.0682323	
14.5298660229	0.000754414	-0.067571	0.0	0.0	0.0	0.0	-5.81404e-05	-0.0671794	0.000947175	-0.0688114	0.0	0.0	0.0	0.0	0.000306783	-0.0675204	
14.6869456555	0.000742852	-0.0668705	0.0	0.0	0.0	0.0	-4.6925e-05	-0.0664874	0.000945779	-0.0680843	0.0	0.0	0.0	0.0	0.000312054	-0.0668231	
14.8440252882	0.000731427	-0.0661843	0.0	0.0	0.0	0.0	-3.63001e-05	-0.0658094	0.000943876	-0.0673721	0.0	0.0	0.0	0.0	0.000316834	-0.0661397	
15.0011049209	0.000720146	-0.065512	0.0	0.0	0.0	0.0	-2.62381e-05	-0.0651451	0.000941503	-0.0666742	0.0	0.0	0.0	0.0	0.000321151	-0.0654701	
15.1581845536	0.000709015	-0.0648531	0.0	0.0	0.0	0.0	-1.67123e-05	-0.0644941	0.000938695	-0.0659904	0.0	0.0	0.0	0.0	0.000325032	-0.0648137	
15.3152641863	0.000698041	-0.0642071	0.0	0.0	0.0	0.0	-7.69711e-06	-0.063856	0.000935486	-0.0653201	0.0	0.0	0.0	0.0	0.000328503	-0.0641702	
15.4723438189	0.000687226	-0.0635739	0.0	0.0	0.0	0.0	8.31779e-07	-0.0632303	0.000931907	-0.064663	0.0	0.0	0.0	0.0	0.000331589	-0.0635392	
15.6294234516	0.000676575	-0.0629529	0.0	0.0	0.0	0.0	8.89781e-06	-0.0626167	0.000927988	-0.0640187	0.0	0.0	0.0	0.0	0.000334311	-0.0629203	
15.7865030843	0.00066609	-0.0623438	0.0	0.0	0.0	0.0	1.65233e-05	-0.0620148	0.000923755	-0.0633869	0.0	0.0	0.0	0.0	0.000336693	-0.0623132	
15.943582717	0.000655773	-0.0617464	0.0	0.0	0.0	0.0	2.37297e-05	-0.0614244	0.000919234	-0.0627672	0.0	0.0	0.0	0.0	0.000338755	-0.0617176	
16.1006623496	0.000645625	-0.0611601	0.0	0.0	0.0	0.0	3.05374e-05	-0.0608451	0.00091445	-0.0621592	0.0	0.0	0.0	0.0	0.000340517	-0.0611332	
16.2577419823	0.000635648	-0.0605849	0.0	0.0	0.0	0.0	3.69657e-05	-0.0602766	0.000909426	-0.0615627	0.0	0.0	0.0	0.0	0.000341996	-0.0605596	
16.414821615	0.00062584	-0.0600202	0.0	0.0	0.0	0.0	4.30334e-05	-0.0597185	0.000904182	-0.0609774	0.0	0.0	0.0	0.0	0.000343211	-0.0599965	
16.5719012477	0.000616203	-0.059466	0.0	0.0	0.0	0.0	4.87581e-05	-0.0591706	0.000898738	-0.0604029	0.0	0.0	0.0	0.0	0.000344177	-0.0594437	
16.7289808804	0.000606735	-0.0589218	0.0	0.0	0.0	0.0	5.41566e-05	-0.0586327	0.000893113	-0.059839	0.0	0.0	0.0	0.0	0.000344911	-0.0589009	
16.886060513	0.000597435	-0.0583874	0.0	0.0	0.0	0.0	5.92451e-05	-0.0581044	0.000887325	-0.0592853	0.0	0.0	0.0	0.0	0.000345427	-0.0583678	
17.0431401457	0.000588303	-0.0578625	0.0	0.0	0.0	0.0	6.40388e-05	-0.0575855	0.000881389	-0.0587416	0.0	0.0	0.0	0.0	0.000345739	-0.0578442	
17.2002197784	0.000579338	-0.0573469	0.0	0.0	0.0	0.0	6.85524e-05	-0.0570758	0.000875321	-0.0582077	0.0	0.0	0.0	0.0	0.00034586	-0.0573298	
17.3572994111	0.000570536	-0.0568404	0.0	0.0	0.0	0.0	7.27997e-05	-0.0565749	0.000869134	-0.0576832	0.0	0.0	0.0	0.0	0.000345803	-0.0568243	
17.5143790438	0.000561898	-0.0563426	0.0	0.0	0.0	0.0	7.67938e-05	-0.0560827	0.000862843	-0.057168	0.0	0.0	0.0	0.0	0.000345578	-0.0563276	
17.6714586764	0.00055342	-0.0558535	0.0	0.0	0.0	0.0	8.05475e-05	-0.055599	0.00085646	-0.0566618	0.0	0.0	0.0	0.0	0.000345198	-0.0558394	
17.8285383091	0.000545101	-0.0553727	0.0	0.0	0.0	0.0	8.40727e-05	-0.0551234	0.000849995	-0.0561644	0.0	0.0	0.0	0.0	0.000344672	-0.0553596	
17.9856179418	0.000536938	-0.0549	0.0	0.0	0.0	0.0	8.73806e-05	-0.0546559	0.000843461	-0.0556755	0.0	0.0	0.0	0.0	0.00034401	-0.0548878	
18.1426975745	0.000528929	-0.0544353	0.0	0.0	0.0	0.0	9.04822e-05	-0.0541963	0.000836866	-0.0551949	0.0	0.0	0.0	0.0	0.000343221	-0.0544239	
18.2997772072	0.000521073	-0.0539784	0.0	0.0	0.0	0.0	9.33877e-05	-0.0537442	0.000830221	-0.0547225	0.0	0.0	0.0	0.0	0.000342314	-0.0539677	
18.4568568398	0.000513365	-0.053529	0.0	0.0	0.0	0.0	9.61069e-05	-0.0532996	0.000823534	-0.054258	0.0	0.0	0.0	0.0	0.000341298	-0.0535191	
18.6139364725	0.000505804	-0.053087	0.0	0.0	0.0	0.0	9.86492e-05	-0.0528622	0.000816813	-0.0538013	0.0	0.0	0.0	0.0	0.00034018	-0.0530777	
18.7710161052	0.000498387	-0.0526521	0.0	0.0	0.0	0.0	0.000101023	-0.0524319	0.000810065	-0.0533521	0.0	0.0	0.0	0.0	0.000338966	-0.0526435	
18.9280957379	0.000491112	-0.0522243	0.0	0.0	0.0	0.0	0.000103238	-0.0520086	0.000803298	-0.0529102	0.0	0.0	0.0	0.0	0.000337665	-0.0522163	
19.0851753706	0.000483976	-0.0518034	0.0	0.0	0.0	0.0	0.0001053	-0.0515919	0.000796519	-0.0524756	0.0	0.0	0.0	0.0	0.000336283	-0.051796	
19.2422550032	0.000476977	-0.0513891	0.0	0.0	0.0	0.0	0.000107219	-0.0511819	0.000789733	-0.0520479	0.0	0.0	0.0	0.0	0.000334825	-0.0513822	
19.3993346359	0.000470111	-0.0509813	0.0	0.0	0.0	0.0	0.000109001	-0.0507782	0.000782946	-0.0516272	0.0	0.0	0.0	0.0	0.000333297	-0.050975	
19.5564142686	0.000463377	-0.0505799	0.0	0.0	0.0	0.0	0.000110652	-0.0503809	0.000776163	-0.0512131	0.0	0.0	0.0	0.0	0.000331705	-0.0505741	
19.7134939013	0.000456772	-0.0501848	0.0	0.0	0.0	0.0	0.000112181	-0.0499897	0.000769389	-0.0508055	0.0	0.0	0.0	0.0	0.000330054	-0.0501794	
19.870573534	0.000450293	-0.0497957	0.0	0.0	0.0	0.0	0.000113592	-0.0496044	0.000762628	-0.0504043	0.0	0.0	0.0	0.0	0.000328348	-0.0497908	
20.0276531666	0.000443937	-0.0494126	0.0	0.0	0.0	0.0	0.000114892	-0.0492251	0.000755885	-0.0500094	0.0	0.0	0.0	0.0	0.000326593	-0.0494081	
20.1847327993	0.000437702	-0.0490353	0.0	0.0	0.0	0.0	0.000116086	-0.0488514	0.000749163	-0.0496205	0.0	0.0	0.0	0.0	0.000324791	-0.0490312	
20.341812432	0.000431586	-0.0486637	0.0	0.0	0.0	0.0	0.000117179	-0.0484834	0.000742466	-0.0492377	0.0	0.0	0.0	0.0	0.000322948	-0.0486599	
20.4988920647	0.000425587	-0.0482976	0.0	0.0	0.0	0.0	0.000118178	-0.0481208	0.000735798	-0.0488606	0.0	0.0	0.0	0.0	0.000321068	-0.0482942	
20.6559716974	0.000419701	-0.047937	0.0	0.0	0.0	0.0	0.000119086	-0.0477635	0.00072916	-0.0484892	0.0	0.0	0.0	0.0	0.000319152	-0.0479339	
20.81305133	0.000413926	-0.0475817	0.0	0.0	0.0	0.0	0.000119908	-0.0474115	0.000722557	-0.0481234	0.0	0.0	0.0	0.0	0.000317206	-0.0475789	
20.9701309627	0.00040826	-0.0472316	0.0	0.0	0.0	0.0	0.000120648	-0.0470646	0.00071599	-0.047763	0.0	0.0	0.0	0.0	0.000315232	-0.0472291	
21.1272105954	0.000402701	-0.0468865	0.0	0.0	0.0	0.0	0.000121312	-0.0467228	0.000709461	-0.047408	0.0	0.0	0.0	0.0	0.000313232	-0.0468843	
21.2842902281	0.000397247	-0.0465465	0.0	0.0	0.0	0.0	0.000121902	-0.0463858	0.000702974	-0.0470582	0.0	0.0	0.0	0.0	0.000311211	-0.0465445	
21.4413698608	0.000391894	-0.0462113	0.0	0.0	0.0	0.0	0.000122422	-0.0460536	0.000696529	-0.0467134	0.0	0.0	0.0	0.0	0.000309169	-0.0462095	
21.5984494934	0.000386642	-0.0458808	0.0	0.0	0.0	0.0	0.000122876	-0.0457261	0.000690128	-0.0463737	0.0	0.0	0.0	0.0	0.000307111	-0.0458793	
21.7555291261	0.000381487	-0.0455551	0.0	0.0	0.0	0.0	0.000123268	-0.0454032	0.000683774	-0.0460388	0.0	0.0	0.0	0.0	0.000305037	-0.0455538	
21.9126087588	0.000376428	-0.0452338	0.0	0.0	0.0	0.0	0.0001236	-0.0450848	0.000677467	-0.0457087	0.0	0.0	0.0	0.0	0.000302951	-0.0452328	
22.0696883915	0.000371462	-0.0449171	0.0	0.0	0.0	0.0	0.000123877	-0.0447708	0.000671209	-0.0453833	0.0	0.0	0.0	0.0	0.000300854	-0.0449163	
22.2267680241	0.000366588	-0.0446048	0.0	0.0	0.0	0.0	0.000124099	-0.0444611	0.000665001	-0.0450624	0.0	0.0	0.0	0.0	0.000298748	-0.0446041	
22.3838476568	0.000361804	-0.0442967	0.0	0.0	0.0	0.0	0.000124272	-0.0441557	0.000658843	-0.0447461	0.0	0.0	0.0	0.0	0.000296635	-0.0442962	
22.5409272895	0.000357107	-0.0439928	0.0	0.0	0.0	0.0	0.000124396	-0.0438544	0.000652738	-0.0444341	0.0	0.0	0.0	0.0	0.000294516	-0.0439925	
22.6980069222	0.000352496	-0.0436931	0.0	0.0	0.0	0.0	0.000124475	-0.0435571	0.000646685	-0.0441264	0.0	0.0	0.0	0.0	0.000292394	-0.0436929	
22.8550865549	0.000347968	-0.0433974	0.0	0.0	0.0	0.0	0.000124511	-0.0432638	0.000640685	-0.0438229	0.0	0.0	0.0	0.0	0.000290269	-0.0433973	
23.0121661875	0.000343523	-0.0431056	0.0	0.0	0.0	0.0	0.000124506	-0.0429745	0.000634739	-0.0435236	0.0	0.0	0.0	0.0	0.000288143	-0.0431057	
23.1692458202	0.000339158	-0.0428177	0.0	0.0	0.0	0.0	0.000124463	-0.0426889	0.000628848	-0.0432283	0.0	0.0	0.0	0.0	0.000286017	-0.0428179	
23.3263254529	0.000334871	-0.0425336	0.0	0.0	0.0	0.0	0.000124383	-0.0424071	0.000623012	-0.042937	0.0	0.0	0.0	0.0	0.000283893	-0.042534	
23.4834050856	0.000330661	-0.0422533	0.0	0.0	0.0	0.0	0.000124269	-0.042129	0.000617231	-0.0426496	0.0	0.0	0.0	0.0	0.000281771	-0.0422537	
23.6404847183	0.000326526	-0.0419765	0.0	0.0	0.0	0.0	0.000124122	-0.0418544	0.000611505	-0.0423659	0.0	0.0	0.0	0.0	0.000279653	-0.0419771	
23.7975643509	0.000322465	-0.0417034	0.0	0.0	0.0	0.0	0.000123945	-0.0415834	0.000605835	-0.042086	0.0	0.0	0.0	0.0	0.00027754	-0.0417041	
23.9546439836	0.000318475	-0.0414338	0.0	0.0	0.0	0.0	0.000123738	-0.0413159	0.000600221	-0.0418098	0.0	0.0	0.0	0.0	0.000275432	-0.0414346	
24.1117236163	0.000314556	-0.0411676	0.0	0.0	0.0	0.0	0.000123504	-0.0410518	0.000594663	-0.0415372	0.0	0.0	0.0	0.0	0.00027333	-0.0411685	
24.268803249	0.000310706	-0.0409048	0.0	0.0	0.0	0.0	0.000123244	-0.040791	0.000589161	-0.041268	0.0	0.0	0.0	0.0	0.000271235	-0.0409058	
24.4258828817	0.000306922	-0.0406453	0.0	0.0	0.0	0.0	0.000122959	-0.0405334	0.000583715	-0.0410024	0.0	0.0	0.0	0.0	0.000269148	-0.0406464	
24.5829625143	0.000303205	-0.0403891	0.0	0.0	0.0	0.0	0.000122651	-0.0402791	0.000578325	-0.0407401	0.0	0.0	0.0	0.0	0.00026707	-0.0403902	
24.740042147	0.000299552	-0.0401361	0.0	0.0	0.0	0.0	0.000122322	-0.0400279	0.000572991	-0.0404811	0.0	0.0	0.0	0.0	0.000265001	-0.0401373	
24.8971217797	0.000295962	-0.0398862	0.0	0.0	0.0	0.0	0.000121972	-0.0397799	0.000567713	-0.0402254	0.0	0.0	0.0	0.0	0.000262941	-0.0398874	
25.0542014124	0.000292434	-0.0396394	0.0	0.0	0.0	0.0	0.000121603	-0.0395348	0.00056249	-0.039973	0.0	0.0	0.0	0.0	0.000260892	-0.0396407	
25.2112810451	0.000288966	-0.0393956	0.0	0.0	0.0	0.0	0.000121216	-0.0392928	0.000557322	-0.0397236	0.0	0.0	0.0	0.0	0.000258854	-0.0393969	
25.3683606777	0.000285557	-0.0391547	0.0	0.0	0.0	0.0	0.000120812	-0.0390537	0.00055221	-0.0394773	0.0	0.0	0.0	0.0	0.000256827	-0.0391562	
25.5254403104	0.000282206	-0.0389168	0.0	0.0	0.0	0.0	0.000120391	-0.0388174	0.000547153	-0.0392341	0.0	0.0	0.0	0.0	0.000254811	-0.0389183	
25.6825199431	0.000278912	-0.0386818	0.0	0.0	0.0	0.0	0.000119956	-0.038584	0.00054215	-0.0389938	0.0	0.0	0.0	0.0	0.000252808	-0.0386833	
25.8395995758	0.000275673	-0.0384495	0.0	0.0	0.0	0.0	0.000119507	-0.0383533	0.000537202	-0.0387565	0.0	0.0	0.0	0.0	0.000250817	-0.0384511	
25.9966792085	0.000272488	-0.03822	0.0	0.0	0.0	0.0	0.000119044	-0.0381254	0.000532308	-0.038522	0.0	0.0	0.0	0.0	0.000248839	-0.0382216	
26.1537588411	0.000269356	-0.0379932	0.0	0.0	0.0	0.0	0.00011857	-0.0379002	0.000527467	-0.0382903	0.0	0.0	0.0	0.0	0.000246874	-0.0379949	
26.3108384738	0.000266277	-0.0377691	0.0	0.0	0.0	0.0	0.000118083	-0.0376775	0.000522679	-0.0380614	0.0	0.0	0.0	0.0	0.000244923	-0.0377708	
26.4679181065	0.000263248	-0.0375476	0.0	0.0	0.0	0.0	0.000117587	-0.0374575	0.000517945	-0.0378352	0.0	0.0	0.0	0.0	0.000242985	-0.0375493	
26.6249977392	0.000260269	-0.0373287	0.0	0.0	0.0	0.0	0.00011708	-0.03724	0.000513262	-0.0376117	0.0	0.0	0.0	0.0	0.00024106	-0.0373304	
26.7820773719	0.000257338	-0.0371122	0.0	0.0	0.0	0.0	0.000116563	-0.037025	0.000508632	-0.0373908	0.0	0.0	0.0	0.0	0.00023915	-0.037114	
26.9391570045	0.000254456	-0.0368983	0.0	0.0	0.0	0.0	0.000116039	-0.0368125	0.000504054	-0.0371725	0.0	0.0	0.0	0.0	0.000237254	-0.0369001	
27.0962366372	0.00025162	-0.0366868	0.0	0.0	0.0	0.0	0.000115506	-0.0366023	0.000499526	-0.0369567	0.0	0.0	0.0	0.0	0.000235372	-0.0366887	
27.2533162699	0.00024883	-0.0364777	0.0	0.0	0.0	0.0	0.000114966	-0.0363946	0.00049505	-0.0367433	0.0	0.0	0.0	0.0	0.000233505	-0.0364796	
27.4103959026	0.000246085	-0.036271	0.0	0.0	0.0	0.0	0.000114419	-0.0361892	0.000490623	-0.0365325	0.0	0.0	0.0	0.0	0.000231653	-0.0362729	
27.5674755353	0.000243384	-0.0360666	0.0	0.0	0.0	0.0	0.000113866	-0.035986	0.000486247	-0.036324	0.0	0.0	0.0	0.0	0.000229815	-0.0360685	
27.7245551679	0.000240726	-0.0358645	0.0	0.0	0.0	0.0	0.000113307	-0.0357851	0.00048192	-0.0361179	0.0	0.0	0.0	0.0	0.000227992	-0.0358664	
27.8816348006	0.000238111	-0.0356646	0.0	0.0	0.0	0.0	0.000112743	-0.0355865	0.000477641	-0.0359141	0.0	0.0	0.0	0.0	0.000226184	-0.0356665	
28.0387144333	0.000235536	-0.0354669	0.0	0.0	0.0	0.0	0.000112174	-0.03539	0.000473411	-0.0357126	0.0	0.0	0.0	0.0	0.000224391	-0.0354688	
28.195794066	0.000233002	-0.0352714	0.0	0.0	0.0	0.0	0.000111601	-0.0351957	0.000469229	-0.0355134	0.0	0.0	0.0	0.0	0.000222613	-0.0352734	
28.3528736986	0.000230508	-0.035078	0.0	0.0	0.0	0.0	0.000111024	-0.0350035	0.000465094	-0.0353163	0.0	0.0	0.0	0.0	0.000220849	-0.03508	
28.5099533313	0.000228053	-0.0348868	0.0	0.0	0.0	0.0	0.000110443	-0.0348133	0.000461006	-0.0351214	0.0	0.0	0.0	0.0	0.000219101	-0.0348887	
28.667032964	0.000225636	-0.0346976	0.0	0.0	0.0	0.0	0.00010986	-0.0346252	0.000456965	-0.0349287	0.0	0.0	0.0	0.0	0.000217368	-0.0346995	
28.8241125967	0.000223256	-0.0345104	0.0	0.0	0.0	0.0	0.000109274	-0.0344391	0.000452969	-0.0347381	0.0	0.0	0.0	0.0	0.000215651	-0.0345124	
28.9811922294	0.000220913	-0.0343252	0.0	0.0	0.0	0.0	0.000108685	-0.034255	0.000449019	-0.0345495	0.0	0.0	0.0	0.0	0.000213948	-0.0343272	
29.138271862	0.000218605	-0.034142	0.0	0.0	0.0	0.0	0.000108094	-0.0340729	0.000445113	-0.034363	0.0	0.0	0.0	0.0	0.00021226	-0.034144	
29.2953514947	0.000216333	-0.0339607	0.0	0.0	0.0	0.0	0.000107502	-0.0338926	0.000441252	-0.0341784	0.0	0.0	0.0	0.0	0.000210587	-0.0339627	
29.4524311274	0.000214096	-0.0337814	0.0	0.0	0.0	0.0	0.000106908	-0.0337142	0.000437435	-0.0339959	0.0	0.0	0.0	0.0	0.000208929	-0.0337833	
29.6095107601	0.000211892	-0.0336039	0.0	0.0	0.0	0.0	0.000106313	-0.0335377	0.000433661	-0.0338152	0.0	0.0	0.0	0.0	0.000207287	-0.0336059	
29.7665903928	0.000209721	-0.0334282	0.0	0.0	0.0	0.0	0.000105718	-0.0333631	0.00042993	-0.0336365	0.0	0.0	0.0	0.0	0.000205659	-0.0334302	
29.9236700254	0.000207583	-0.0332544	0.0	0.0	0.0	0.0	0.000105121	-0.0331902	0.000426242	-0.0334597	0.0	0.0	0.0	0.0	0.000204046	-0.0332564	
30.0807496581	0.000205477	-0.0330824	0.0	0.0	0.0	0.0	0.000104525	-0.0330191	0.000422595	-0.0332847	0.0	0.0	0.0	0.0	0.000202448	-0.0330844	
30.2378292908	0.000203402	-0.0329121	0.0	0.0	0.0	0.0	0.000103928	-0.0328498	0.00041899	-0.0331115	0.0	0.0	0.0	0.0	0.000200864	-0.0329141	
30.3949089235	0.000201358	-0.0327436	0.0	0.0	0.0	0.0	0.000103331	-0.0326821	0.000415426	-0.0329401	0.0	0.0	0.0	0.0	0.000199295	-0.0327456	
30.5519885562	0.000199344	-0.0325768	0.0	0.0	0.0	0.0	0.000102735	-0.0325162	0.000411902	-0.0327705	0.0	0.0	0.0	0.0	0.000197741	-0.0325788	
30.7090681888	0.000197359	-0.0324116	0.0	0.0	0.0	0.0	0.000102139	-0.0323519	0.000408418	-0.0326026	0.0	0.0	0.0	0.0	0.000196202	-0.0324136	
30.8661478215	0.000195404	-0.0322482	0.0	0.0	0.0	0.0	0.000101543	-0.0321893	0.000404973	-0.0324364	0.0	0.0	0.0	0.0	0.000194677	-0.0322501	
31.0232274542	0.000193477	-0.0320863	0.0	0.0	0.0	0.0	0.000100949	-0.0320283	0.000401567	-0.0322719	0.0	0.0	0.0	0.0	0.000193166	-0.0320883	
31.1803070869	0.000191577	-0.0319261	0.0	0.0	0.0	0.0	0.000100355	-0.0318689	0.0003982	-0.0321091	0.0	0.0	0.0	0.0	0.000191669	-0.0319281	
31.3373867196	0.000189705	-0.0317675	0.0	0.0	0.0	0.0	9.97631e-05	-0.031711	0.000394871	-0.0319479	0.0	0.0	0.0	0.0	0.000190187	-0.0317694	
31.4944663522	0.00018786	-0.0316104	0.0	0.0	0.0	0.0	9.91722e-05	-0.0315547	0.000391579	-0.0317883	0.0	0.0	0.0	0.0	0.000188719	-0.0316123	
31.6515459849	0.000186042	-0.0314548	0.0	0.0	0.0	0.0	9.85828e-05	-0.0314	0.000388325	-0.0316303	0.0	0.0	0.0	0.0	0.000187264	-0.0314568	
31.8086256176	0.000184249	-0.0313008	0.0	0.0	0.0	0.0	9.79949e-05	-0.0312467	0.000385107	-0.0314739	0.0	0.0	0.0	0.0	0.000185824	-0.0313028	
31.9657052503	0.000182481	-0.0311483	0.0	0.0	0.0	0.0	9.74088e-05	-0.0310949	0.000381925	-0.031319	0.0	0.0	0.0	0.0	0.000184397	-0.0311502	
32.122784883	0.000180739	-0.0309972	0.0	0.0	0.0	0.0	9.68245e-05	-0.0309446	0.000378779	-0.0311656	0.0	0.0	0.0	0.0	0.000182984	-0.0309992	
32.2798645156	0.000179021	-0.0308476	0.0	0.0	0.0	0.0	9.62422e-05	-0.0307957	0.000375668	-0.0310137	0.0	0.0	0.0	0.0	0.000181585	-0.0308496	
32.4369441483	0.000177327	-0.0306995	0.0	0.0	0.0	0.0	9.56619e-05	-0.0306483	0.000372592	-0.0308633	0.0	0.0	0.0	0.0	0.000180199	-0.0307014	
32.594023781	0.000175656	-0.0305527	0.0	0.0	0.0	0.0	9.50838e-05	-0.0305022	0.00036955	-0.0307143	0.0	0.0	0.0	0.0	0.000178827	-0.0305546	
32.7511034137	0.000174009	-0.0304073	0.0	0.0	0.0	0.0	9.45079e-05	-0.0303575	0.000366542	-0.0305668	0.0	0.0	0.0	0.0	0.000177468	-0.0304092	
32.9081830464	0.000172384	-0.0302634	0.0	0.0	0.0	0.0	9.39344e-05	-0.0302142	0.000363568	-0.0304206	0.0	0.0	0.0	0.0	0.000176121	-0.0302652	
33.065262679	0.000170782	-0.0301207	0.0	0.0	0.0	0.0	9.33634e-05	-0.0300722	0.000360627	-0.0302759	0.0	0.0	0.0	0.0	0.000174788	-0.0301226	
33.2223423117	0.000169202	-0.0299794	0.0	0.0	0.0	0.0	9.27948e-05	-0.0299315	0.000357718	-0.0301325	0.0	0.0	0.0	0.0	0.000173468	-0.0299813	
33.3794219444	0.000167643	-0.0298394	0.0	0.0	0.0	0.0	9.22288e-05	-0.0297922	0.000354842	-0.0299905	0.0	0.0	0.0	0.0	0.000172161	-0.0298413	
33.5365015771	0.000166106	-0.0297007	0.0	0.0	0.0	0.0	9.16654e-05	-0.0296541	0.000351997	-0.0298498	0.0	0.0	0.0	0.0	0.000170866	-0.0297026	
33.6935812098	0.000164589	-0.0295633	0.0	0.0	0.0	0.0	9.11047e-05	-0.0295173	0.000349184	-0.0297105	0.0	0.0	0.0	0.0	0.000169584	-0.0295651	
33.8506608424	0.000163093	-0.0294272	0.0	0.0	0.0	0.0	9.05468e-05	-0.0293818	0.000346402	-0.0295724	0.0	0.0	0.0	0.0	0.000168315	-0.029429	
34.0077404751	0.000161616	-0.0292922	0.0	0.0	0.0	0.0	8.99918e-05	-0.0292474	0.00034365	-0.0294356	0.0	0.0	0.0	0.0	0.000167057	-0.0292941	
34.1648201078	0.00016016	-0.0291586	0.0	0.0	0.0	0.0	8.94396e-05	-0.0291143	0.000340929	-0.0293	0.0	0.0	0.0	0.0	0.000165812	-0.0291604	
34.3218997405	0.000158722	-0.0290261	0.0	0.0	0.0	0.0	8.88903e-05	-0.0289824	0.000338238	-0.0291657	0.0	0.0	0.0	0.0	0.00016458	-0.0290279	
34.4789793731	0.000157304	-0.0288948	0.0	0.0	0.0	0.0	8.83439e-05	-0.0288517	0.000335576	-0.0290327	0.0	0.0	0.0	0.0	0.000163359	-0.0288966	
34.6360590058	0.000155905	-0.0287647	0.0	0.0	0.0	0.0	8.78006e-05	-0.0287222	0.000332943	-0.0289008	0.0	0.0	0.0	0.0	0.00016215	-0.0287665	
34.7931386385	0.000154524	-0.0286358	0.0	0.0	0.0	0.0	8.72603e-05	-0.0285938	0.000330338	-0.0287701	0.0	0.0	0.0	0.0	0.000160952	-0.0286375	
34.9502182712	0.000153161	-0.028508	0.0	0.0	0.0	0.0	8.67231e-05	-0.0284665	0.000327762	-0.0286406	0.0	0.0	0.0	0.0	0.000159767	-0.0285097	
35.1072979039	0.000151815	-0.0283813	0.0	0.0	0.0	0.0	8.6189e-05	-0.0283404	0.000325214	-0.0285123	0.0	0.0	0.0	0.0	0.000158593	-0.0283831	
35.2643775365	0.000150487	-0.0282558	0.0	0.0	0.0	0.0	8.5658e-05	-0.0282154	0.000322694	-0.0283851	0.0	0.0	0.0	0.0	0.00015743	-0.0282575	
35.4214571692	0.000149177	-0.0281314	0.0	0.0	0.0	0.0	8.51302e-05	-0.0280914	0.000320201	-0.028259	0.0	0.0	0.0	0.0	0.000156279	-0.0281331	
35.5785368019	0.000147883	-0.028008	0.0	0.0	0.0	0.0	8.46055e-05	-0.0279686	0.000317735	-0.0281341	0.0	0.0	0.0	0.0	0.000155139	-0.0280097	
35.7356164346	0.000146606	-0.0278857	0.0	0.0	0.0	0.0	8.40841e-05	-0.0278468	0.000315295	-0.0280103	0.0	0.0	0.0	0.0	0.00015401	-0.0278874	
35.8926960673	0.000145345	-0.0277645	0.0	0.0	0.0	0.0	8.35658e-05	-0.0277261	0.000312881	-0.0278875	0.0	0.0	0.0	0.0	0.000152891	-0.0277662	
36.0497756999	0.0001441	-0.0276443	0.0	0.0	0.0	0.0	8.30508e-05	-0.0276064	0.000310494	-0.0277658	0.0	0.0	0.0	0.0	0.000151784	-0.027646	
36.2068553326	0.000142871	-0.0275252	0.0	0.0	0.0	0.0	8.25391e-05	-0.0274877	0.000308132	-0.0276452	0.0	0.0	0.0	0.0	0.000150688	-0.0275269	
36.3639349653	0.000141657	-0.0274071	0.0	0.0	0.0	0.0	8.20306e-05	-0.0273701	0.000305795	-0.0275256	0.0	0.0	0.0	0.0	0.000149602	-0.0274087	
36.521014598	0.000140459	-0.02729	0.0	0.0	0.0	0.0	8.15254e-05	-0.0272534	0.000303482	-0.027407	0.0	0.0	0.0	0.0	0.000148526	-0.0272916	
36.6780942307	0.000139275	-0.0271739	0.0	0.0	0.0	0.0	8.10235e-05	-0.0271377	0.000301195	-0.0272895	0.0	0.0	0.0	0.0	0.000147461	-0.0271755	
36.8351738633	0.000138107	-0.0270587	0.0	0.0	0.0	0.0	8.05249e-05	-0.027023	0.000298932	-0.0271729	0.0	0.0	0.0	0.0	0.000146407	-0.0270603	
36.992253496	0.000136953	-0.0269445	0.0	0.0	0.0	0.0	8.00296e-05	-0.0269093	0.000296692	-0.0270574	0.0	0.0	0.0	0.0	0.000145362	-0.0269461	
37.1493331287	0.000135813	-0.0268313	0.0	0.0	0.0	0.0	7.95375e-05	-0.0267965	0.000294477	-0.0269428	0.0	0.0	0.0	0.0	0.000144328	-0.0268329	
37.3064127614	0.000134687	-0.0267191	0.0	0.0	0.0	0.0	7.90488e-05	-0.0266847	0.000292284	-0.0268292	0.0	0.0	0.0	0.0	0.000143303	-0.0267206	
37.4634923941	0.000133575	-0.0266077	0.0	0.0	0.0	0.0	7.85634e-05	-0.0265737	0.000290115	-0.0267166	0.0	0.0	0.0	0.0	0.000142289	-0.0266093	
37.6205720267	0.000132477	-0.0264973	0.0	0.0	0.0	0.0	7.80813e-05	-0.0264637	0.000287968	-0.0266049	0.0	0.0	0.0	0.0	0.000141284	-0.0264989	
37.7776516594	0.000131392	-0.0263878	0.0	0.0	0.0	0.0	7.76024e-05	-0.0263546	0.000285844	-0.0264941	0.0	0.0	0.0	0.0	0.000140289	-0.0263894	
37.9347312921	0.00013032	-0.0262792	0.0	0.0	0.0	0.0	7.71269e-05	-0.0262464	0.000283742	-0.0263842	0.0	0.0	0.0	0.0	0.000139303	-0.0262807	
38.0918109248	0.000129261	-0.0261715	0.0	0.0	0.0	0.0	7.66547e-05	-0.0261391	0.000281661	-0.0262753	0.0	0.0	0.0	0.0	0.000138327	-0.026173	
38.2488905575	0.000128215	-0.0260647	0.0	0.0	0.0	0.0	7.61857e-05	-0.0260326	0.000279603	-0.0261672	0.0	0.0	0.0	0.0	0.00013736	-0.0260662	
38.4059701901	0.000127181	-0.0259587	0.0	0.0	0.0	0.0	7.57201e-05	-0.025927	0.000277565	-0.02606	0.0	0.0	0.0	0.0	0.000136403	-0.0259602	
38.5630498228	0.00012616	-0.0258536	0.0	0.0	0.0	0.0	7.52577e-05	-0.0258223	0.000275549	-0.0259537	0.0	0.0	0.0	0.0	0.000135454	-0.0258551	
38.7201294555	0.000125151	-0.0257493	0.0	0.0	0.0	0.0	7.47986e-05	-0.0257184	0.000273553	-0.0258483	0.0	0.0	0.0	0.0	0.000134515	-0.0257508	
38.8772090882	0.000124154	-0.0256459	0.0	0.0	0.0	0.0	7.43428e-05	-0.0256153	0.000271578	-0.0257437	0.0	0.0	0.0	0.0	0.000133584	-0.0256473	
39.0342887209	0.000123169	-0.0255433	0.0	0.0	0.0	0.0	7.38902e-05	-0.025513	0.000269623	-0.02564	0.0	0.0	0.0	0.0	0.000132663	-0.0255447	
39.1913683535	0.000122195	-0.0254415	0.0	0.0	0.0	0.0	7.34408e-05	-0.0254116	0.000267689	-0.0255371	0.0	0.0	0.0	0.0	0.00013175	-0.0254429	
39.3484479862	0.000121232	-0.0253405	0.0	0.0	0.0	0.0	7.29947e-05	-0.0253109	0.000265773	-0.025435	0.0	0.0	0.0	0.0	0.000130846	-0.0253419	
39.5055276189	0.000120281	-0.0252403	0.0	0.0	0.0	0.0	7.25518e-05	-0.0252111	0.000263878	-0.0253337	0.0	0.0	0.0	0.0	0.00012995	-0.0252417	
39.6626072516	0.000119341	-0.0251409	0.0	0.0	0.0	0.0	7.21121e-05	-0.025112	0.000262001	-0.0252333	0.0	0.0	0.0	0.0	0.000129063	-0.0251423	
39.8196868843	0.000118412	-0.0250422	0.0	0.0	0.0	0.0	7.16756e-05	-0.0250137	0.000260144	-0.0251336	0.0	0.0	0.0	0.0	0.000128184	-0.0250436	
39.9767665169	0.000117494	-0.0249444	0.0	0.0	0.0	0.0	7.12423e-05	-0.0249162	0.000258305	-0.0250347	0.0	0.0	0.0	0.0	0.000127314	-0.0249458	
40.1338461496	0.000116586	-0.0248473	0.0	0.0	0.0	0.0	7.08122e-05	-0.0248194	0.000256485	-0.0249366	0.0	0.0	0.0	0.0	0.000126451	-0.0248487	
40.2909257823	0.000115689	-0.0247509	0.0	0.0	0.0	0.0	7.03852e-05	-0.0247234	0.000254684	-0.0248393	0.0	0.0	0.0	0.0	0.000125597	-0.0247523	
40.448005415	0.000114801	-0.0246553	0.0	0.0	0.0	0.0	6.99613e-05	-0.0246281	0.0002529	-0.0247427	0.0	0.0	0.0	0.0	0.000124751	-0.0246567	
40.6050850476	0.000113924	-0.0245605	0.0	0.0	0.0	0.0	6.95406e-05	-0.0245335	0.000251134	-0.0246468	0.0	0.0	0.0	0.0	0.000123912	-0.0245618	
40.7621646803	0.000113057	-0.0244663	0.0	0.0	0.0	0.0	6.91229e-05	-0.0244397	0.000249386	-0.0245517	0.0	0.0	0.0	0.0	0.000123082	-0.0244677	
40.919244313	0.0001122	-0.0243729	0.0	0.0	0.0	0.0	6.87084e-05	-0.0243465	0.000247655	-0.0244574	0.0	0.0	0.0	0.0	0.000122259	-0.0243742	
41.0763239457	0.000111352	-0.0242802	0.0	0.0	0.0	0.0	6.82969e-05	-0.0242541	0.000245941	-0.0243637	0.0	0.0	0.0	0.0	0.000121444	-0.0242815	
41.2334035784	0.000110514	-0.0241882	0.0	0.0	0.0	0.0	6.78885e-05	-0.0241624	0.000244244	-0.0242708	0.0	0.0	0.0	0.0	0.000120637	-0.0241895	
41.390483211	0.000109685	-0.0240968	0.0	0.0	0.0	0.0	6.74832e-05	-0.0240713	0.000242564	-0.0241786	0.0	0.0	0.0	0.0	0.000119837	-0.0240981	
41.5475628437	0.000108866	-0.0240062	0.0	0.0	0.0	0.0	6.70808e-05	-0.023981	0.000240901	-0.024087	0.0	0.0	0.0	0.0	0.000119044	-0.0240075	
41.7046424764	0.000108055	-0.0239162	0.0	0.0	0.0	0.0	6.66815e-05	-0.0238913	0.000239253	-0.0239962	0.0	0.0	0.0	0.0	0.000118259	-0.0239175	
41.8617221091	0.000107254	-0.023827	0.0	0.0	0.0	0.0	6.62852e-05	-0.0238023	0.000237623	-0.023906	0.0	0.0	0.0	0.0	0.000117481	-0.0238282	
42.0188017418	0.000106461	-0.0237383	0.0	0.0	0.0	0.0	6.58918e-05	-0.0237139	0.000236007	-0.0238166	0.0	0.0	0.0	0.0	0.00011671	-0.0237396	
42.1758813744	0.000105677	-0.0236504	0.0	0.0	0.0	0.0	6.55013e-05	-0.0236262	0.000234408	-0.0237278	0.0	0.0	0.0	0.0	0.000115946	-0.0236516	
42.3329610071	0.000104902	-0.023563	0.0	0.0	0.0	0.0	6.51139e-05	-0.0235391	0.000232824	-0.0236396	0.0	0.0	0.0	0.0	0.000115189	-0.0235643	
42.4900406398	0.000104135	-0.0234763	0.0	0.0	0.0	0.0	6.47293e-05	-0.0234527	0.000231256	-0.0235521	0.0	0.0	0.0	0.0	0.000114439	-0.0234776	
42.6471202725	0.000103376	-0.0233903	0.0	0.0	0.0	0.0	6.43476e-05	-0.0233669	0.000229703	-0.0234653	0.0	0.0	0.0	0.0	0.000113696	-0.0233915	
42.8041999052	0.000102626	-0.0233049	0.0	0.0	0.0	0.0	6.39688e-05	-0.0232817	0.000228165	-0.023379	0.0	0.0	0.0	0.0	0.00011296	-0.0233061	
42.9612795378	0.000101883	-0.0232201	0.0	0.0	0.0	0.0	6.35928e-05	-0.0231972	0.000226641	-0.0232935	0.0	0.0	0.0	0.0	0.000112231	-0.0232213	
43.1183591705	0.000101149	-0.0231359	0.0	0.0	0.0	0.0	6.32197e-05	-0.0231132	0.000225132	-0.0232085	0.0	0.0	0.0	0.0	0.000111508	-0.0231371	
43.2754388032	0.000100423	-0.0230523	0.0	0.0	0.0	0.0	6.28494e-05	-0.0230299	0.000223638	-0.0231241	0.0	0.0	0.0	0.0	0.000110791	-0.0230535	
43.4325184359	9.9704e-05	-0.0229693	0.0	0.0	0.0	0.0	6.24819e-05	-0.0229471	0.000222158	-0.0230404	0.0	0.0	0.0	0.0	0.000110082	-0.0229705	
43.5895980686	9.8993e-05	-0.0228869	0.0	0.0	0.0	0.0	6.21172e-05	-0.022865	0.000220692	-0.0229573	0.0	0.0	0.0	0.0	0.000109378	-0.0228881	
43.7466777012	9.82895e-05	-0.0228051	0.0	0.0	0.0	0.0	6.17552e-05	-0.0227834	0.00021924	-0.0228748	0.0	0.0	0.0	0.0	0.000108681	-0.0228063	
43.9037573339	9.75934e-05	-0.0227239	0.0	0.0	0.0	0.0	6.1396e-05	-0.0227024	0.000217802	-0.0227928	0.0	0.0	0.0	0.0	0.00010799	-0.0227251	
44.0608369666	9.69046e-05	-0.0226433	0.0	0.0	0.0	0.0	6.10395e-05	-0.022622	0.000216377	-0.0227115	0.0	0.0	0.0	0.0	0.000107306	-0.0226444	
44.2179165993	9.62231e-05	-0.0225632	0.0	0.0	0.0	0.0	6.06857e-05	-0.0225421	0.000214966	-0.0226307	0.0	0.0	0.0	0.0	0.000106627	-0.0225643	
44.374996232	9.55487e-05	-0.0224837	0.0	0.0	0.0	0.0	6.03345e-05	-0.0224628	0.000213568	-0.0225505	0.0	0.0	0.0	0.0	0.000105955	-0.0224848	
44.5320758646	9.48814e-05	-0.0224047	0.0	0.0	0.0	0.0	5.99861e-05	-0.0223841	0.000212183	-0.0224709	0.0	0.0	0.0	0.0	0.000105288	-0.0224058	
44.6891554973	9.4221e-05	-0.0223263	0.0	0.0	0.0	0.0	5.96402e-05	-0.0223059	0.000210811	-0.0223918	0.0	0.0	0.0	0.0	0.000104628	-0.0223274	
44.84623513	9.35674e-05	-0.0222485	0.0	0.0	0.0	0.0	5.9297e-05	-0.0222282	0.000209452	-0.0223133	0.0	0.0	0.0	0.0	0.000103973	-0.0222496	
45.0033147627	9.29205e-05	-0.0221712	0.0	0.0	0.0	0.0	5.89564e-05	-0.0221511	0.000208106	-0.0222353	0.0	0.0	0.0	0.0	0.000103325	-0.0221722	
45.1603943954	9.22803e-05	-0.0220944	0.0	0.0	0.0	0.0	5.86184e-05	-0.0220746	0.000206772	-0.0221579	0.0	0.0	0.0	0.0	0.000102681	-0.0220954	
45.317474028	9.16467e-05	-0.0220181	0.0	0.0	0.0	0.0	5.82829e-05	-0.0219985	0.00020545	-0.022081	0.0	0.0	0.0	0.0	0.000102044	-0.0220192	
45.4745536607	9.10196e-05	-0.0219424	0.0	0.0	0.0	0.0	5.795e-05	-0.021923	0.000204141	-0.0220046	0.0	0.0	0.0	0.0	0.000101412	-0.0219434	
45.6316332934	9.03988e-05	-0.0218672	0.0	0.0	0.0	0.0	5.76196e-05	-0.021848	0.000202843	-0.0219288	0.0	0.0	0.0	0.0	0.000100786	-0.0218682	
45.7887129261	8.97843e-05	-0.0217925	0.0	0.0	0.0	0.0	5.72917e-05	-0.0217734	0.000201558	-0.0218535	0.0	0.0	0.0	0.0	0.000100165	-0.0217935	
45.9457925588	8.91761e-05	-0.0217183	0.0	0.0	0.0	0.0	5.69663e-05	-0.0216994	0.000200284	-0.0217787	0.0	0.0	0.0	0.0	9.95502e-05	-0.0217193	
46.1028721914	8.8574e-05	-0.0216446	0.0	0.0	0.0	0.0	5.66433e-05	-0.0216259	0.000199023	-0.0217044	0.0	0.0	0.0	0.0	9.89403e-05	-0.0216456	
46.2599518241	8.79779e-05	-0.0215714	0.0	0.0	0.0	0.0	5.63228e-05	-0.0215529	0.000197772	-0.0216306	0.0	0.0	0.0	0.0	9.83358e-05	-0.0215724	
46.4170314568	8.73878e-05	-0.0214987	0.0	0.0	0.0	0.0	5.60047e-05	-0.0214804	0.000196533	-0.0215573	0.0	0.0	0.0	0.0	9.77365e-05	-0.0214997	
46.5741110895	8.68036e-05	-0.0214265	0.0	0.0	0.0	0.0	5.5689e-05	-0.0214084	0.000195305	-0.0214846	0.0	0.0	0.0	0.0	9.71424e-05	-0.0214275	
46.7311907221	8.62252e-05	-0.0213548	0.0	0.0	0.0	0.0	5.53757e-05	-0.0213368	0.000194089	-0.0214123	0.0	0.0	0.0	0.0	9.65534e-05	-0.0213558	
46.8882703548	8.56526e-05	-0.0212835	0.0	0.0	0.0	0.0	5.50648e-05	-0.0212658	0.000192883	-0.0213404	0.0	0.0	0.0	0.0	9.59696e-05	-0.0212845	
47.0453499875	8.50856e-05	-0.0212127	0.0	0.0	0.0	0.0	5.47562e-05	-0.0211952	0.000191688	-0.0212691	0.0	0.0	0.0	0.0	9.53908e-05	-0.0212137	
47.2024296202	8.45242e-05	-0.0211424	0.0	0.0	0.0	0.0	5.44499e-05	-0.021125	0.000190504	-0.0211983	0.0	0.0	0.0	0.0	9.4817e-05	-0.0211434	
47.3595092529	8.39683e-05	-0.0210726	0.0	0.0	0.0	0.0	5.41459e-05	-0.0210553	0.000189331	-0.0211279	0.0	0.0	0.0	0.0	9.42481e-05	-0.0210735	
47.5165888855	8.34179e-05	-0.0210032	0.0	0.0	0.0	0.0	5.38443e-05	-0.0209861	0.000188168	-0.021058	0.0	0.0	0.0	0.0	9.3684e-05	-0.0210042	
47.6736685182	8.28728e-05	-0.0209343	0.0	0.0	0.0	0.0	5.35449e-05	-0.0209173	0.000187015	-0.0209885	0.0	0.0	0.0	0.0	9.31249e-05	-0.0209352	
47.8307481509	8.2333e-05	-0.0208658	0.0	0.0	0.0	0.0	5.32477e-05	-0.020849	0.000185873	-0.0209195	0.0	0.0	0.0	0.0	9.25704e-05	-0.0208667	
47.9878277836	8.17985e-05	-0.0207977	0.0	0.0	0.0	0.0	5.29528e-05	-0.0207811	0.00018474	-0.020851	0.0	0.0	0.0	0.0	9.20207e-05	-0.0207987	
48.1449074163	8.12692e-05	-0.0207302	0.0	0.0	0.0	0.0	5.26601e-05	-0.0207137	0.000183618	-0.0207829	0.0	0.0	0.0	0.0	9.14757e-05	-0.0207311	
48.3019870489	8.07449e-05	-0.020663	0.0	0.0	0.0	0.0	5.23696e-05	-0.0206467	0.000182506	-0.0207152	0.0	0.0	0.0	0.0	9.09353e-05	-0.0206639	
48.4590666816	8.02257e-05	-0.0205963	0.0	0.0	0.0	0.0	5.20813e-05	-0.0205801	0.000181403	-0.020648	0.0	0.0	0.0	0.0	9.03995e-05	-0.0205972	
48.6161463143	7.97115e-05	-0.02053	0.0	0.0	0.0	0.0	5.17951e-05	-0.020514	0.00018031	-0.0205812	0.0	0.0	0.0	0.0	8.98682e-05	-0.0205309	
48.773225947	7.92021e-05	-0.0204641	0.0	0.0	0.0	0.0	5.15111e-05	-0.0204483	0.000179227	-0.0205149	0.0	0.0	0.0	0.0	8.93414e-05	-0.020465	
48.9303055797	7.86976e-05	-0.0203987	0.0	0.0	0.0	0.0	5.12292e-05	-0.020383	0.000178153	-0.0204489	0.0	0.0	0.0	0.0	8.8819e-05	-0.0203995	
49.0873852123	7.81979e-05	-0.0203336	0.0	0.0	0.0	0.0	5.09494e-05	-0.0203181	0.000177089	-0.0203834	0.0	0.0	0.0	0.0	8.8301e-05	-0.0203345	
49.244464845	7.7703e-05	-0.020269	0.0	0.0	0.0	0.0	5.06717e-05	-0.0202536	0.000176034	-0.0203183	0.0	0.0	0.0	0.0	8.77873e-05	-0.0202699	
49.4015444777	7.72127e-05	-0.0202048	0.0	0.0	0.0	0.0	5.03961e-05	-0.0201895	0.000174988	-0.0202537	0.0	0.0	0.0	0.0	8.7278e-05	-0.0202057	
49.5586241104	7.6727e-05	-0.020141	0.0	0.0	0.0	0.0	5.01225e-05	-0.0201259	0.000173951	-0.0201894	0.0	0.0	0.0	0.0	8.67728e-05	-0.0201418	
49.7157037431	7.62458e-05	-0.0200776	0.0	0.0	0.0	0.0	4.9851e-05	-0.0200626	0.000172923	-0.0201256	0.0	0.0	0.0	0.0	8.62719e-05	-0.0200784	
49.8727833757	7.57692e-05	-0.0200146	0.0	0.0	0.0	0.0	4.95814e-05	-0.0199997	0.000171904	-0.0200621	0.0	0.0	0.0	0.0	8.57751e-05	-0.0200154	
50.0298630084	7.5297e-05	-0.0199519	0.0	0.0	0.0	0.0	4.93139e-05	-0.0199372	0.000170893	-0.0199991	0.0	0.0	0.0	0.0	8.52825e-05	-0.0199528	
50.1869426411	7.48292e-05	-0.0198897	0.0	0.0	0.0	0.0	4.90484e-05	-0.0198752	0.000169891	-0.0199364	0.0	0.0	0.0	0.0	8.47939e-05	-0.0198906	
50.3440222738	7.43657e-05	-0.0198279	0.0	0.0	0.0	0.0	4.87848e-05	-0.0198134	0.000168898	-0.0198741	0.0	0.0	0.0	0.0	8.43093e-05	-0.0198287	
50.5011019065	7.39065e-05	-0.0197664	0.0	0.0	0.0	0.0	4.85232e-05	-0.0197521	0.000167913	-0.0198123	0.0	0.0	0.0	0.0	8.38288e-05	-0.0197672	
50.6581815391	7.34515e-05	-0.0197053	0.0	0.0	0.0	0.0	4.82635e-05	-0.0196912	0.000166937	-0.0197508	0.0	0.0	0.0	0.0	8.33521e-05	-0.0197062	
50.8152611718	7.30007e-05	-0.0196446	0.0	0.0	0.0	0.0	4.80057e-05	-0.0196306	0.000165969	-0.0196897	0.0	0.0	0.0	0.0	8.28794e-05	-0.0196455	
50.9723408045	7.2554e-05	-0.0195843	0.0	0.0	0.0	0.0	4.77499e-05	-0.0195704	0.000165009	-0.0196289	0.0	0.0	0.0	0.0	8.24106e-05	-0.0195851	
51.1294204372	7.21114e-05	-0.0195244	0.0	0.0	0.0	0.0	4.74959e-05	-0.0195106	0.000164057	-0.0195686	0.0	0.0	0.0	0.0	8.19455e-05	-0.0195252	
51.2865000699	7.16728e-05	-0.0194648	0.0	0.0	0.0	0.0	4.72438e-05	-0.0194511	0.000163113	-0.0195086	0.0	0.0	0.0	0.0	8.14843e-05	-0.0194655	
51.4435797025	7.12382e-05	-0.0194055	0.0	0.0	0.0	0.0	4.69935e-05	-0.019392	0.000162177	-0.019449	0.0	0.0	0.0	0.0	8.10268e-05	-0.0194063	
51.6006593352	7.08076e-05	-0.0193466	0.0	0.0	0.0	0.0	4.67451e-05	-0.0193332	0.000161249	-0.0193897	0.0	0.0	0.0	0.0	8.0573e-05	-0.0193474	
51.7577389679	7.03808e-05	-0.0192881	0.0	0.0	0.0	0.0	4.64985e-05	-0.0192748	0.000160329	-0.0193308	0.0	0.0	0.0	0.0	8.01228e-05	-0.0192889	
51.9148186006	6.99578e-05	-0.01923	0.0	0.0	0.0	0.0	4.62537e-05	-0.0192168	0.000159416	-0.0192722	0.0	0.0	0.0	0.0	7.96763e-05	-0.0192307	
52.0718982333	6.95387e-05	-0.0191721	0.0	0.0	0.0	0.0	4.60107e-05	-0.0191591	0.000158511	-0.0192141	0.0	0.0	0.0	0.0	7.92334e-05	-0.0191729	
52.2289778659	6.91232e-05	-0.0191147	0.0	0.0	0.0	0.0	4.57694e-05	-0.0191017	0.000157614	-0.0191562	0.0	0.0	0.0	0.0	7.87941e-05	-0.0191154	
52.3860574986	6.87115e-05	-0.0190575	0.0	0.0	0.0	0.0	4.553e-05	-0.0190447	0.000156724	-0.0190987	0.0	0.0	0.0	0.0	7.83583e-05	-0.0190583	
52.5431371313	6.83034e-05	-0.0190008	0.0	0.0	0.0	0.0	4.52922e-05	-0.018988	0.000155841	-0.0190416	0.0	0.0	0.0	0.0	7.79259e-05	-0.0190015	
52.700216764	6.7899e-05	-0.0189443	0.0	0.0	0.0	0.0	4.50562e-05	-0.0189317	0.000154965	-0.0189848	0.0	0.0	0.0	0.0	7.7497e-05	-0.018945	
52.8572963966	6.74981e-05	-0.0188882	0.0	0.0	0.0	0.0	4.48219e-05	-0.0188757	0.000154097	-0.0189283	0.0	0.0	0.0	0.0	7.70715e-05	-0.0188889	
53.0143760293	6.71008e-05	-0.0188324	0.0	0.0	0.0	0.0	4.45893e-05	-0.01882	0.000153236	-0.0188722	0.0	0.0	0.0	0.0	7.66494e-05	-0.0188331	
53.171455662	6.67069e-05	-0.0187769	0.0	0.0	0.0	0.0	4.43584e-05	-0.0187646	0.000152382	-0.0188164	0.0	0.0	0.0	0.0	7.62307e-05	-0.0187777	
53.3285352947	6.63165e-05	-0.0187218	0.0	0.0	0.0	0.0	4.41292e-05	-0.0187096	0.000151535	-0.0187609	0.0	0.0	0.0	0.0	7.58152e-05	-0.0187225	
53.4856149274	6.59295e-05	-0.018667	0.0	0.0	0.0	0.0	4.39016e-05	-0.0186549	0.000150694	-0.0187057	0.0	0.0	0.0	0.0	7.54031e-05	-0.0186677	
53.64269456	6.55459e-05	-0.0186125	0.0	0.0	0.0	0.0	4.36757e-05	-0.0186005	0.000149861	-0.0186509	0.0	0.0	0.0	0.0	7.49942e-05	-0.0186132	
53.7997741927	6.51656e-05	-0.0185583	0.0	0.0	0.0	0.0	4.34514e-05	-0.0185464	0.000149034	-0.0185964	0.0	0.0	0.0	0.0	7.45884e-05	-0.018559	
53.9568538254	6.47885e-05	-0.0185045	0.0	0.0	0.0	0.0	4.32287e-05	-0.0184927	0.000148214	-0.0185422	0.0	0.0	0.0	0.0	7.41859e-05	-0.0185052	
54.1139334581	6.44148e-05	-0.0184509	0.0	0.0	0.0	0.0	4.30076e-05	-0.0184392	0.000147401	-0.0184884	0.0	0.0	0.0	0.0	7.37865e-05	-0.0184516	
54.2710130908	6.40442e-05	-0.0183977	0.0	0.0	0.0	0.0	4.27881e-05	-0.0183861	0.000146594	-0.0184348	0.0	0.0	0.0	0.0	7.33903e-05	-0.0183984	
54.4280927234	6.36769e-05	-0.0183447	0.0	0.0	0.0	0.0	4.25702e-05	-0.0183333	0.000145793	-0.0183816	0.0	0.0	0.0	0.0	7.29971e-05	-0.0183454	
54.5851723561	6.33127e-05	-0.0182921	0.0	0.0	0.0	0.0	4.23538e-05	-0.0182807	0.000144999	-0.0183286	0.0	0.0	0.0	0.0	7.2607e-05	-0.0182928	
54.7422519888	6.29515e-05	-0.0182398	0.0	0.0	0.0	0.0	4.21389e-05	-0.0182285	0.000144211	-0.018276	0.0	0.0	0.0	0.0	7.22199e-05	-0.0182405	
54.8993316215	6.25935e-05	-0.0181877	0.0	0.0	0.0	0.0	4.19256e-05	-0.0181766	0.00014343	-0.0182236	0.0	0.0	0.0	0.0	7.18358e-05	-0.0181884	
55.0564112542	6.22385e-05	-0.018136	0.0	0.0	0.0	0.0	4.17139e-05	-0.0181249	0.000142655	-0.0181716	0.0	0.0	0.0	0.0	7.14546e-05	-0.0181367	
55.2134908868	6.18865e-05	-0.0180846	0.0	0.0	0.0	0.0	4.15036e-05	-0.0180736	0.000141886	-0.0181199	0.0	0.0	0.0	0.0	7.10764e-05	-0.0180852	
55.3705705195	6.15375e-05	-0.0180334	0.0	0.0	0.0	0.0	4.12948e-05	-0.0180225	0.000141123	-0.0180684	0.0	0.0	0.0	0.0	7.07011e-05	-0.0180341	
55.5276501522	6.11914e-05	-0.0179825	0.0	0.0	0.0	0.0	4.10875e-05	-0.0179717	0.000140366	-0.0180173	0.0	0.0	0.0	0.0	7.03287e-05	-0.0179832	
55.6847297849	6.08482e-05	-0.017932	0.0	0.0	0.0	0.0	4.08816e-05	-0.0179212	0.000139615	-0.0179664	0.0	0.0	0.0	0.0	6.99592e-05	-0.0179326	
55.8418094176	6.05079e-05	-0.0178817	0.0	0.0	0.0	0.0	4.06773e-05	-0.017871	0.000138869	-0.0179158	0.0	0.0	0.0	0.0	6.95924e-05	-0.0178823	
55.9988890502	6.01704e-05	-0.0178317	0.0	0.0	0.0	0.0	4.04743e-05	-0.0178211	0.00013813	-0.0178655	0.0	0.0	0.0	0.0	6.92285e-05	-0.0178323	
56.1559686829	5.98358e-05	-0.0177819	0.0	0.0	0.0	0.0	4.02728e-05	-0.0177714	0.000137397	-0.0178155	0.0	0.0	0.0	0.0	6.88673e-05	-0.0177826	
56.3130483156	5.95039e-05	-0.0177325	0.0	0.0	0.0	0.0	4.00727e-05	-0.0177221	0.000136669	-0.0177658	0.0	0.0	0.0	0.0	6.85088e-05	-0.0177331	
56.4701279483	5.91747e-05	-0.0176833	0.0	0.0	0.0	0.0	3.9874e-05	-0.017673	0.000135946	-0.0177163	0.0	0.0	0.0	0.0	6.81531e-05	-0.0176839	
56.627207581	5.88483e-05	-0.0176344	0.0	0.0	0.0	0.0	3.96767e-05	-0.0176241	0.00013523	-0.0176671	0.0	0.0	0.0	0.0	6.78001e-05	-0.017635	
56.7842872136	5.85246e-05	-0.0175857	0.0	0.0	0.0	0.0	3.94808e-05	-0.0175756	0.000134519	-0.0176182	0.0	0.0	0.0	0.0	6.74497e-05	-0.0175863	
56.9413668463	5.82035e-05	-0.0175373	0.0	0.0	0.0	0.0	3.92863e-05	-0.0175273	0.000133813	-0.0175696	0.0	0.0	0.0	0.0	6.71019e-05	-0.0175379	
57.098446479	5.78851e-05	-0.0174892	0.0	0.0	0.0	0.0	3.90931e-05	-0.0174792	0.000133113	-0.0175212	0.0	0.0	0.0	0.0	6.67568e-05	-0.0174898	
57.2555261117	5.75692e-05	-0.0174414	0.0	0.0	0.0	0.0	3.89012e-05	-0.0174315	0.000132418	-0.0174731	0.0	0.0	0.0	0.0	6.64143e-05	-0.017442	
57.4126057444	5.72559e-05	-0.0173938	0.0	0.0	0.0	0.0	3.87107e-05	-0.017384	0.000131729	-0.0174253	0.0	0.0	0.0	0.0	6.60743e-05	-0.0173944	
57.569685377	5.69452e-05	-0.0173465	0.0	0.0	0.0	0.0	3.85215e-05	-0.0173367	0.000131045	-0.0173777	0.0	0.0	0.0	0.0	6.57368e-05	-0.017347	
57.7267650097	5.6637e-05	-0.0172994	0.0	0.0	0.0	0.0	3.83337e-05	-0.0172897	0.000130366	-0.0173303	0.0	0.0	0.0	0.0	6.54019e-05	-0.0173	
57.8838446424	5.63313e-05	-0.0172526	0.0	0.0	0.0	0.0	3.81471e-05	-0.017243	0.000129692	-0.0172833	0.0	0.0	0.0	0.0	6.50694e-05	-0.0172531	
58.0409242751	5.6028e-05	-0.017206	0.0	0.0	0.0	0.0	3.79618e-05	-0.0171965	0.000129023	-0.0172365	0.0	0.0	0.0	0.0	6.47394e-05	-0.0172066	
58.1980039078	5.57272e-05	-0.0171597	0.0	0.0	0.0	0.0	3.77778e-05	-0.0171502	0.00012836	-0.0171899	0.0	0.0	0.0	0.0	6.44118e-05	-0.0171603	
58.3550835404	5.54288e-05	-0.0171136	0.0	0.0	0.0	0.0	3.7595e-05	-0.0171043	0.000127701	-0.0171436	0.0	0.0	0.0	0.0	6.40867e-05	-0.0171142	
58.5121631731	5.51328e-05	-0.0170678	0.0	0.0	0.0	0.0	3.74136e-05	-0.0170585	0.000127048	-0.0170975	0.0	0.0	0.0	0.0	6.3764e-05	-0.0170684	
58.6692428058	5.48391e-05	-0.0170222	0.0	0.0	0.0	0.0	3.72333e-05	-0.017013	0.000126399	-0.0170517	0.0	0.0	0.0	0.0	6.34436e-05	-0.0170228	
58.8263224385	5.45478e-05	-0.0169769	0.0	0.0	0.0	0.0	3.70543e-05	-0.0169677	0.000125755	-0.0170062	0.0	0.0	0.0	0.0	6.31255e-05	-0.0169774	
58.9834020711	5.42588e-05	-0.0169318	0.0	0.0	0.0	0.0	3.68766e-05	-0.0169227	0.000125116	-0.0169608	0.0	0.0	0.0	0.0	6.28098e-05	-0.0169323	
59.1404817038	5.3972e-05	-0.0168869	0.0	0.0	0.0	0.0	3.67e-05	-0.0168779	0.000124482	-0.0169158	0.0	0.0	0.0	0.0	6.24964e-05	-0.0168875	
59.2975613365	5.36876e-05	-0.0168423	0.0	0.0	0.0	0.0	3.65246e-05	-0.0168334	0.000123852	-0.0168709	0.0	0.0	0.0	0.0	6.21853e-05	-0.0168429	
59.4546409692	5.34053e-05	-0.0167979	0.0	0.0	0.0	0.0	3.63505e-05	-0.0167891	0.000123228	-0.0168263	0.0	0.0	0.0	0.0	6.18765e-05	-0.0167985	
59.6117206019	5.31253e-05	-0.0167538	0.0	0.0	0.0	0.0	3.61775e-05	-0.016745	0.000122607	-0.0167819	0.0	0.0	0.0	0.0	6.15698e-05	-0.0167543	
59.7688002345	5.28475e-05	-0.0167098	0.0	0.0	0.0	0.0	3.60057e-05	-0.0167011	0.000121992	-0.0167378	0.0	0.0	0.0	0.0	6.12654e-05	-0.0167104	
59.9258798672	5.25718e-05	-0.0166662	0.0	0.0	0.0	0.0	3.5835e-05	-0.0166575	0.000121381	-0.0166939	0.0	0.0	0.0	0.0	6.09632e-05	-0.0166667	
60.0829594999	5.22983e-05	-0.0166227	0.0	0.0	0.0	0.0	3.56656e-05	-0.0166141	0.000120774	-0.0166502	0.0	0.0	0.0	0.0	6.06632e-05	-0.0166232	
60.2400391326	5.20269e-05	-0.0165795	0.0	0.0	0.0	0.0	3.54972e-05	-0.0165709	0.000120172	-0.0166068	0.0	0.0	0.0	0.0	6.03653e-05	-0.01658	
60.3971187653	5.17577e-05	-0.0165364	0.0	0.0	0.0	0.0	3.533e-05	-0.016528	0.000119575	-0.0165636	0.0	0.0	0.0	0.0	6.00696e-05	-0.016537	
60.5541983979	5.14905e-05	-0.0164937	0.0	0.0	0.0	0.0	3.51639e-05	-0.0164853	0.000118981	-0.0165206	0.0	0.0	0.0	0.0	5.9776e-05	-0.0164942	
60.7112780306	5.12253e-05	-0.0164511	0.0	0.0	0.0	0.0	3.4999e-05	-0.0164428	0.000118392	-0.0164778	0.0	0.0	0.0	0.0	5.94845e-05	-0.0164516	
60.8683576633	5.09622e-05	-0.0164087	0.0	0.0	0.0	0.0	3.48351e-05	-0.0164005	0.000117808	-0.0164352	0.0	0.0	0.0	0.0	5.9195e-05	-0.0164092	
61.025437296	5.07012e-05	-0.0163666	0.0	0.0	0.0	0.0	3.46724e-05	-0.0163584	0.000117227	-0.0163929	0.0	0.0	0.0	0.0	5.89077e-05	-0.0163671	
61.1825169287	5.04421e-05	-0.0163247	0.0	0.0	0.0	0.0	3.45107e-05	-0.0163165	0.000116651	-0.0163508	0.0	0.0	0.0	0.0	5.86223e-05	-0.0163252	
61.3395965613	5.0185e-05	-0.016283	0.0	0.0	0.0	0.0	3.43501e-05	-0.0162749	0.000116079	-0.0163089	0.0	0.0	0.0	0.0	5.8339e-05	-0.0162835	
61.496676194	4.99298e-05	-0.0162415	0.0	0.0	0.0	0.0	3.41906e-05	-0.0162335	0.000115511	-0.0162672	0.0	0.0	0.0	0.0	5.80577e-05	-0.016242	
61.6537558267	4.96766e-05	-0.0162002	0.0	0.0	0.0	0.0	3.40321e-05	-0.0161922	0.000114947	-0.0162257	0.0	0.0	0.0	0.0	5.77784e-05	-0.0162007	
61.8108354594	4.94253e-05	-0.0161591	0.0	0.0	0.0	0.0	3.38747e-05	-0.0161512	0.000114388	-0.0161845	0.0	0.0	0.0	0.0	5.7501e-05	-0.0161596	
61.9679150921	4.91759e-05	-0.0161183	0.0	0.0	0.0	0.0	3.37183e-05	-0.0161104	0.000113832	-0.0161434	0.0	0.0	0.0	0.0	5.72256e-05	-0.0161188	
62.1249947247	4.89284e-05	-0.0160776	0.0	0.0	0.0	0.0	3.3563e-05	-0.0160698	0.00011328	-0.0161026	0.0	0.0	0.0	0.0	5.69521e-05	-0.0160781	
62.2820743574	4.86828e-05	-0.0160372	0.0	0.0	0.0	0.0	3.34087e-05	-0.0160294	0.000112732	-0.0160619	0.0	0.0	0.0	0.0	5.66805e-05	-0.0160376	
62.4391539901	4.84389e-05	-0.0159969	0.0	0.0	0.0	0.0	3.32554e-05	-0.0159892	0.000112188	-0.0160215	0.0	0.0	0.0	0.0	5.64109e-05	-0.0159974	
62.5962336228	4.8197e-05	-0.0159569	0.0	0.0	0.0	0.0	3.31031e-05	-0.0159492	0.000111648	-0.0159812	0.0	0.0	0.0	0.0	5.61431e-05	-0.0159573	
62.7533132555	4.79568e-05	-0.015917	0.0	0.0	0.0	0.0	3.29519e-05	-0.0159095	0.000111112	-0.0159412	0.0	0.0	0.0	0.0	5.58771e-05	-0.0159175	
62.9103928881	4.77184e-05	-0.0158773	0.0	0.0	0.0	0.0	3.28016e-05	-0.0158699	0.00011058	-0.0159014	0.0	0.0	0.0	0.0	5.5613e-05	-0.0158778	
63.0674725208	4.74818e-05	-0.0158379	0.0	0.0	0.0	0.0	3.26523e-05	-0.0158305	0.000110051	-0.0158618	0.0	0.0	0.0	0.0	5.53508e-05	-0.0158384	
63.2245521535	4.72469e-05	-0.0157986	0.0	0.0	0.0	0.0	3.2504e-05	-0.0157912	0.000109526	-0.0158223	0.0	0.0	0.0	0.0	5.50903e-05	-0.0157991	
63.3816317862	4.70137e-05	-0.0157596	0.0	0.0	0.0	0.0	3.23566e-05	-0.0157522	0.000109005	-0.0157831	0.0	0.0	0.0	0.0	5.48317e-05	-0.01576	
63.5387114189	4.67823e-05	-0.0157207	0.0	0.0	0.0	0.0	3.22102e-05	-0.0157134	0.000108487	-0.015744	0.0	0.0	0.0	0.0	5.45748e-05	-0.0157212	
63.6957910515	4.65526e-05	-0.015682	0.0	0.0	0.0	0.0	3.20648e-05	-0.0156748	0.000107973	-0.0157052	0.0	0.0	0.0	0.0	5.43197e-05	-0.0156825	
63.8528706842	4.63246e-05	-0.0156435	0.0	0.0	0.0	0.0	3.19203e-05	-0.0156363	0.000107463	-0.0156665	0.0	0.0	0.0	0.0	5.40663e-05	-0.015644	
64.0099503169	4.60982e-05	-0.0156052	0.0	0.0	0.0	0.0	3.17767e-05	-0.0155981	0.000106956	-0.0156281	0.0	0.0	0.0	0.0	5.38147e-05	-0.0156057	
64.1670299496	4.58735e-05	-0.0155671	0.0	0.0	0.0	0.0	3.16341e-05	-0.01556	0.000106453	-0.0155898	0.0	0.0	0.0	0.0	5.35648e-05	-0.0155675	
64.3241095823	4.56504e-05	-0.0155292	0.0	0.0	0.0	0.0	3.14924e-05	-0.0155221	0.000105953	-0.0155517	0.0	0.0	0.0	0.0	5.33166e-05	-0.0155296	
64.4811892149	4.5429e-05	-0.0154914	0.0	0.0	0.0	0.0	3.13516e-05	-0.0154844	0.000105457	-0.0155138	0.0	0.0	0.0	0.0	5.307e-05	-0.0154919	
64.6382688476	4.52091e-05	-0.0154539	0.0	0.0	0.0	0.0	3.12117e-05	-0.0154469	0.000104964	-0.015476	0.0	0.0	0.0	0.0	5.28252e-05	-0.0154543	
64.7953484803	4.49909e-05	-0.0154165	0.0	0.0	0.0	0.0	3.10727e-05	-0.0154096	0.000104474	-0.0154385	0.0	0.0	0.0	0.0	5.2582e-05	-0.0154169	
64.952428113	4.47742e-05	-0.0153793	0.0	0.0	0.0	0.0	3.09346e-05	-0.0153724	0.000103988	-0.0154011	0.0	0.0	0.0	0.0	5.23404e-05	-0.0153797	
65.1095077456	4.45591e-05	-0.0153422	0.0	0.0	0.0	0.0	3.07974e-05	-0.0153355	0.000103505	-0.015364	0.0	0.0	0.0	0.0	5.21005e-05	-0.0153427	
65.2665873783	4.43455e-05	-0.0153054	0.0	0.0	0.0	0.0	3.06611e-05	-0.0152987	0.000103026	-0.015327	0.0	0.0	0.0	0.0	5.18622e-05	-0.0153058	
65.423667011	4.41335e-05	-0.0152687	0.0	0.0	0.0	0.0	3.05256e-05	-0.0152621	0.000102549	-0.0152901	0.0	0.0	0.0	0.0	5.16255e-05	-0.0152691	
65.5807466437	4.39229e-05	-0.0152322	0.0	0.0	0.0	0.0	3.0391e-05	-0.0152256	0.000102077	-0.0152535	0.0	0.0	0.0	0.0	5.13904e-05	-0.0152327	
65.7378262764	4.37139e-05	-0.0151959	0.0	0.0	0.0	0.0	3.02573e-05	-0.0151893	0.000101607	-0.015217	0.0	0.0	0.0	0.0	5.11568e-05	-0.0151963	
65.894905909	4.35063e-05	-0.0151598	0.0	0.0	0.0	0.0	3.01244e-05	-0.0151532	0.00010114	-0.0151807	0.0	0.0	0.0	0.0	5.09248e-05	-0.0151602	
66.0519855417	4.33003e-05	-0.0151238	0.0	0.0	0.0	0.0	2.99923e-05	-0.0151173	0.000100677	-0.0151446	0.0	0.0	0.0	0.0	5.06944e-05	-0.0151242	
66.2090651744	4.30957e-05	-0.015088	0.0	0.0	0.0	0.0	2.98611e-05	-0.0150815	0.000100217	-0.0151086	0.0	0.0	0.0	0.0	5.04655e-05	-0.0150884	
66.3661448071	4.28925e-05	-0.0150523	0.0	0.0	0.0	0.0	2.97307e-05	-0.0150459	9.97594e-05	-0.0150729	0.0	0.0	0.0	0.0	5.02381e-05	-0.0150527	
66.5232244398	4.26907e-05	-0.0150169	0.0	0.0	0.0	0.0	2.96012e-05	-0.0150105	9.93054e-05	-0.0150373	0.0	0.0	0.0	0.0	5.00122e-05	-0.0150173	
66.6803040724	4.24904e-05	-0.0149816	0.0	0.0	0.0	0.0	2.94724e-05	-0.0149753	9.88544e-05	-0.0150018	0.0	0.0	0.0	0.0	4.97878e-05	-0.014982	
66.8373837051	4.22915e-05	-0.0149464	0.0	0.0	0.0	0.0	2.93445e-05	-0.0149402	9.84064e-05	-0.0149665	0.0	0.0	0.0	0.0	4.95648e-05	-0.0149468	
66.9944633378	4.2094e-05	-0.0149115	0.0	0.0	0.0	0.0	2.92174e-05	-0.0149052	9.79614e-05	-0.0149314	0.0	0.0	0.0	0.0	4.93434e-05	-0.0149119	
67.1515429705	4.18978e-05	-0.0148766	0.0	0.0	0.0	0.0	2.9091e-05	-0.0148705	9.75194e-05	-0.0148965	0.0	0.0	0.0	0.0	4.91234e-05	-0.014877	
67.3086226032	4.17031e-05	-0.014842	0.0	0.0	0.0	0.0	2.89655e-05	-0.0148359	9.70803e-05	-0.0148617	0.0	0.0	0.0	0.0	4.89048e-05	-0.0148424	
67.4657022358	4.15096e-05	-0.0148075	0.0	0.0	0.0	0.0	2.88407e-05	-0.0148014	9.66441e-05	-0.0148271	0.0	0.0	0.0	0.0	4.86877e-05	-0.0148079	
67.6227818685	4.13175e-05	-0.0147732	0.0	0.0	0.0	0.0	2.87167e-05	-0.0147671	9.62109e-05	-0.0147926	0.0	0.0	0.0	0.0	4.8472e-05	-0.0147736	
67.7798615012	4.11268e-05	-0.014739	0.0	0.0	0.0	0.0	2.85935e-05	-0.014733	9.57805e-05	-0.0147583	0.0	0.0	0.0	0.0	4.82576e-05	-0.0147394	
67.9369411339	4.09373e-05	-0.014705	0.0	0.0	0.0	0.0	2.84711e-05	-0.014699	9.5353e-05	-0.0147242	0.0	0.0	0.0	0.0	4.80447e-05	-0.0147054	
68.0940207666	4.07492e-05	-0.0146711	0.0	0.0	0.0	0.0	2.83494e-05	-0.0146652	9.49282e-05	-0.0146902	0.0	0.0	0.0	0.0	4.78332e-05	-0.0146715	
68.2511003992	4.05624e-05	-0.0146374	0.0	0.0	0.0	0.0	2.82284e-05	-0.0146316	9.45063e-05	-0.0146563	0.0	0.0	0.0	0.0	4.7623e-05	-0.0146378	
68.4081800319	4.03768e-05	-0.0146039	0.0	0.0	0.0	0.0	2.81083e-05	-0.014598	9.40872e-05	-0.0146227	0.0	0.0	0.0	0.0	4.74142e-05	-0.0146043	
68.5652596646	4.01925e-05	-0.0145705	0.0	0.0	0.0	0.0	2.79888e-05	-0.0145647	9.36708e-05	-0.0145891	0.0	0.0	0.0	0.0	4.72068e-05	-0.0145709	
68.7223392973	4.00095e-05	-0.0145373	0.0	0.0	0.0	0.0	2.78701e-05	-0.0145315	9.32571e-05	-0.0145558	0.0	0.0	0.0	0.0	4.70006e-05	-0.0145376	
68.87941893	3.98277e-05	-0.0145042	0.0	0.0	0.0	0.0	2.77521e-05	-0.0144984	9.28461e-05	-0.0145226	0.0	0.0	0.0	0.0	4.67958e-05	-0.0145045	
69.0364985626	3.96471e-05	-0.0144712	0.0	0.0	0.0	0.0	2.76349e-05	-0.0144655	9.24378e-05	-0.0144895	0.0	0.0	0.0	0.0	4.65923e-05	-0.0144716	
69.1935781953	3.94678e-05	-0.0144384	0.0	0.0	0.0	0.0	2.75183e-05	-0.0144328	9.20322e-05	-0.0144566	0.0	0.0	0.0	0.0	4.63901e-05	-0.0144388	
69.350657828	3.92897e-05	-0.0144058	0.0	0.0	0.0	0.0	2.74025e-05	-0.0144002	9.16291e-05	-0.0144238	0.0	0.0	0.0	0.0	4.61893e-05	-0.0144062	
69.5077374607	3.91127e-05	-0.0143733	0.0	0.0	0.0	0.0	2.72874e-05	-0.0143677	9.12287e-05	-0.0143912	0.0	0.0	0.0	0.0	4.59896e-05	-0.0143737	
69.6648170934	3.8937e-05	-0.014341	0.0	0.0	0.0	0.0	2.7173e-05	-0.0143354	9.08309e-05	-0.0143587	0.0	0.0	0.0	0.0	4.57913e-05	-0.0143413	
69.821896726	3.87625e-05	-0.0143088	0.0	0.0	0.0	0.0	2.70593e-05	-0.0143033	9.04357e-05	-0.0143264	0.0	0.0	0.0	0.0	4.55942e-05	-0.0143091	
69.9789763587	3.85891e-05	-0.0142767	0.0	0.0	0.0	0.0	2.69462e-05	-0.0142712	9.0043e-05	-0.0142942	0.0	0.0	0.0	0.0	4.53984e-05	-0.0142771	
70.1360559914	3.84169e-05	-0.0142448	0.0	0.0	0.0	0.0	2.68339e-05	-0.0142394	8.96528e-05	-0.0142622	0.0	0.0	0.0	0.0	4.52038e-05	-0.0142451	
70.2931356241	3.82458e-05	-0.014213	0.0	0.0	0.0	0.0	2.67222e-05	-0.0142076	8.92651e-05	-0.0142303	0.0	0.0	0.0	0.0	4.50104e-05	-0.0142134	
70.4502152568	3.80758e-05	-0.0141814	0.0	0.0	0.0	0.0	2.66112e-05	-0.014176	8.88799e-05	-0.0141986	0.0	0.0	0.0	0.0	4.48182e-05	-0.0141817	
70.6072948894	3.7907e-05	-0.0141499	0.0	0.0	0.0	0.0	2.65009e-05	-0.0141446	8.84972e-05	-0.014167	0.0	0.0	0.0	0.0	4.46273e-05	-0.0141502	
70.7643745221	3.77394e-05	-0.0141185	0.0	0.0	0.0	0.0	2.63913e-05	-0.0141132	8.81169e-05	-0.0141355	0.0	0.0	0.0	0.0	4.44375e-05	-0.0141189	
70.9214541548	3.75728e-05	-0.0140873	0.0	0.0	0.0	0.0	2.62823e-05	-0.0140821	8.7739e-05	-0.0141042	0.0	0.0	0.0	0.0	4.4249e-05	-0.0140877	
71.0785337875	3.74073e-05	-0.0140562	0.0	0.0	0.0	0.0	2.61739e-05	-0.014051	8.73635e-05	-0.014073	0.0	0.0	0.0	0.0	4.40616e-05	-0.0140566	
71.2356134201	3.72429e-05	-0.0140253	0.0	0.0	0.0	0.0	2.60662e-05	-0.0140201	8.69904e-05	-0.014042	0.0	0.0	0.0	0.0	4.38754e-05	-0.0140256	
71.3926930528	3.70796e-05	-0.0139945	0.0	0.0	0.0	0.0	2.59592e-05	-0.0139893	8.66196e-05	-0.014011	0.0	0.0	0.0	0.0	4.36903e-05	-0.0139948	
71.5497726855	3.69174e-05	-0.0139638	0.0	0.0	0.0	0.0	2.58528e-05	-0.0139587	8.62512e-05	-0.0139803	0.0	0.0	0.0	0.0	4.35064e-05	-0.0139642	
71.7068523182	3.67562e-05	-0.0139333	0.0	0.0	0.0	0.0	2.5747e-05	-0.0139282	8.58851e-05	-0.0139496	0.0	0.0	0.0	0.0	4.33237e-05	-0.0139336	
71.8639319509	3.65961e-05	-0.0139029	0.0	0.0	0.0	0.0	2.56419e-05	-0.0138978	8.55213e-05	-0.0139191	0.0	0.0	0.0	0.0	4.3142e-05	-0.0139032	
72.0210115835	3.6437e-05	-0.0138726	0.0	0.0	0.0	0.0	2.55373e-05	-0.0138676	8.51598e-05	-0.0138887	0.0	0.0	0.0	0.0	4.29615e-05	-0.013873	
72.1780912162	3.62789e-05	-0.0138425	0.0	0.0	0.0	0.0	2.54334e-05	-0.0138375	8.48006e-05	-0.0138585	0.0	0.0	0.0	0.0	4.27821e-05	-0.0138428	
72.3351708489	3.61219e-05	-0.0138125	0.0	0.0	0.0	0.0	2.53302e-05	-0.0138075	8.44435e-05	-0.0138284	0.0	0.0	0.0	0.0	4.26039e-05	-0.0138128	
72.4922504816	3.59659e-05	-0.0137826	0.0	0.0	0.0	0.0	2.52275e-05	-0.0137777	8.40888e-05	-0.0137984	0.0	0.0	0.0	0.0	4.24267e-05	-0.0137829	
72.6493301143	3.58109e-05	-0.0137529	0.0	0.0	0.0	0.0	2.51254e-05	-0.013748	8.37362e-05	-0.0137686	0.0	0.0	0.0	0.0	4.22506e-05	-0.0137532	
72.8064097469	3.56569e-05	-0.0137232	0.0	0.0	0.0	0.0	2.5024e-05	-0.0137184	8.33858e-05	-0.0137388	0.0	0.0	0.0	0.0	4.20755e-05	-0.0137235	
72.9634893796	3.55039e-05	-0.0136937	0.0	0.0	0.0	0.0	2.49231e-05	-0.0136889	8.30376e-05	-0.0137092	0.0	0.0	0.0	0.0	4.19016e-05	-0.0136941	
73.1205690123	3.53519e-05	-0.0136644	0.0	0.0	0.0	0.0	2.48228e-05	-0.0136596	8.26915e-05	-0.0136798	0.0	0.0	0.0	0.0	4.17287e-05	-0.0136647	
73.277648645	3.52008e-05	-0.0136351	0.0	0.0	0.0	0.0	2.47231e-05	-0.0136304	8.23476e-05	-0.0136504	0.0	0.0	0.0	0.0	4.15568e-05	-0.0136354	
73.4347282777	3.50507e-05	-0.013606	0.0	0.0	0.0	0.0	2.4624e-05	-0.0136013	8.20058e-05	-0.0136212	0.0	0.0	0.0	0.0	4.1386e-05	-0.0136063	
73.5918079103	3.49016e-05	-0.013577	0.0	0.0	0.0	0.0	2.45255e-05	-0.0135723	8.16661e-05	-0.0135921	0.0	0.0	0.0	0.0	4.12162e-05	-0.0135773	
73.748887543	3.47534e-05	-0.0135481	0.0	0.0	0.0	0.0	2.44276e-05	-0.0135435	8.13285e-05	-0.0135632	0.0	0.0	0.0	0.0	4.10475e-05	-0.0135485	
73.9059671757	3.46062e-05	-0.0135194	0.0	0.0	0.0	0.0	2.43302e-05	-0.0135147	8.09929e-05	-0.0135343	0.0	0.0	0.0	0.0	4.08798e-05	-0.0135197	
74.0630468084	3.44599e-05	-0.0134908	0.0	0.0	0.0	0.0	2.42334e-05	-0.0134862	8.06594e-05	-0.0135056	0.0	0.0	0.0	0.0	4.07131e-05	-0.0134911	
74.2201264411	3.43145e-05	-0.0134623	0.0	0.0	0.0	0.0	2.41371e-05	-0.0134577	8.03279e-05	-0.013477	0.0	0.0	0.0	0.0	4.05473e-05	-0.0134626	
74.3772060737	3.417e-05	-0.0134339	0.0	0.0	0.0	0.0	2.40414e-05	-0.0134293	7.99985e-05	-0.0134485	0.0	0.0	0.0	0.0	4.03826e-05	-0.0134342	
74.5342857064	3.40265e-05	-0.0134056	0.0	0.0	0.0	0.0	2.39463e-05	-0.0134011	7.9671e-05	-0.0134202	0.0	0.0	0.0	0.0	4.02189e-05	-0.0134059	
74.6913653391	3.38838e-05	-0.0133775	0.0	0.0	0.0	0.0	2.38517e-05	-0.013373	7.93456e-05	-0.0133919	0.0	0.0	0.0	0.0	4.00562e-05	-0.0133778	
74.8484449718	3.3742e-05	-0.0133494	0.0	0.0	0.0	0.0	2.37576e-05	-0.013345	7.90221e-05	-0.0133638	0.0	0.0	0.0	0.0	3.98944e-05	-0.0133497	
75.0055246045	3.36012e-05	-0.0133215	0.0	0.0	0.0	0.0	2.36641e-05	-0.0133171	7.87005e-05	-0.0133358	0.0	0.0	0.0	0.0	3.97336e-05	-0.0133218	
75.1626042371	3.34612e-05	-0.0132937	0.0	0.0	0.0	0.0	2.35711e-05	-0.0132893	7.83809e-05	-0.0133079	0.0	0.0	0.0	0.0	3.95737e-05	-0.013294	
75.3196838698	3.3322e-05	-0.0132661	0.0	0.0	0.0	0.0	2.34787e-05	-0.0132617	7.80633e-05	-0.0132802	0.0	0.0	0.0	0.0	3.94148e-05	-0.0132663	
75.4767635025	3.31838e-05	-0.0132385	0.0	0.0	0.0	0.0	2.33868e-05	-0.0132341	7.77475e-05	-0.0132525	0.0	0.0	0.0	0.0	3.92569e-05	-0.0132388	
75.6338431352	3.30464e-05	-0.013211	0.0	0.0	0.0	0.0	2.32954e-05	-0.0132067	7.74336e-05	-0.013225	0.0	0.0	0.0	0.0	3.90998e-05	-0.0132113	
75.7909227679	3.29098e-05	-0.0131837	0.0	0.0	0.0	0.0	2.32046e-05	-0.0131794	7.71216e-05	-0.0131976	0.0	0.0	0.0	0.0	3.89437e-05	-0.013184	
75.9480024005	3.27741e-05	-0.0131565	0.0	0.0	0.0	0.0	2.31142e-05	-0.0131522	7.68115e-05	-0.0131702	0.0	0.0	0.0	0.0	3.87886e-05	-0.0131568	
76.1050820332	3.26393e-05	-0.0131294	0.0	0.0	0.0	0.0	2.30244e-05	-0.0131251	7.65032e-05	-0.0131431	0.0	0.0	0.0	0.0	3.86343e-05	-0.0131296	
76.2621616659	3.25052e-05	-0.0131024	0.0	0.0	0.0	0.0	2.29351e-05	-0.0130981	7.61968e-05	-0.013116	0.0	0.0	0.0	0.0	3.84809e-05	-0.0131026	
76.4192412986	3.2372e-05	-0.0130755	0.0	0.0	0.0	0.0	2.28463e-05	-0.0130713	7.58921e-05	-0.013089	0.0	0.0	0.0	0.0	3.83285e-05	-0.0130758	
76.5763209313	3.22396e-05	-0.0130487	0.0	0.0	0.0	0.0	2.2758e-05	-0.0130445	7.55893e-05	-0.0130621	0.0	0.0	0.0	0.0	3.81769e-05	-0.013049	
76.7334005639	3.2108e-05	-0.013022	0.0	0.0	0.0	0.0	2.26701e-05	-0.0130179	7.52883e-05	-0.0130354	0.0	0.0	0.0	0.0	3.80262e-05	-0.0130223	
76.8904801966	3.19772e-05	-0.0129955	0.0	0.0	0.0	0.0	2.25828e-05	-0.0129913	7.4989e-05	-0.0130087	0.0	0.0	0.0	0.0	3.78764e-05	-0.0129957	
77.0475598293	3.18472e-05	-0.012969	0.0	0.0	0.0	0.0	2.2496e-05	-0.0129649	7.46915e-05	-0.0129822	0.0	0.0	0.0	0.0	3.77275e-05	-0.0129693	
77.204639462	3.1718e-05	-0.0129427	0.0	0.0	0.0	0.0	2.24097e-05	-0.0129386	7.43958e-05	-0.0129558	0.0	0.0	0.0	0.0	3.75794e-05	-0.0129429	
77.3617190946	3.15896e-05	-0.0129164	0.0	0.0	0.0	0.0	2.23238e-05	-0.0129124	7.41018e-05	-0.0129295	0.0	0.0	0.0	0.0	3.74322e-05	-0.0129167	
77.5187987273	3.1462e-05	-0.0128903	0.0	0.0	0.0	0.0	2.22384e-05	-0.0128863	7.38095e-05	-0.0129032	0.0	0.0	0.0	0.0	3.72858e-05	-0.0128906	
77.67587836	3.13351e-05	-0.0128643	0.0	0.0	0.0	0.0	2.21536e-05	-0.0128603	7.35189e-05	-0.0128771	0.0	0.0	0.0	0.0	3.71403e-05	-0.0128645	
77.8329579927	3.1209e-05	-0.0128383	0.0	0.0	0.0	0.0	2.20691e-05	-0.0128344	7.323e-05	-0.0128511	0.0	0.0	0.0	0.0	3.69957e-05	-0.0128386	
77.9900376254	3.10837e-05	-0.0128125	0.0	0.0	0.0	0.0	2.19852e-05	-0.0128086	7.29429e-05	-0.0128252	0.0	0.0	0.0	0.0	3.68518e-05	-0.0128128	
78.147117258	3.09591e-05	-0.0127868	0.0	0.0	0.0	0.0	2.19017e-05	-0.0127829	7.26573e-05	-0.0127995	0.0	0.0	0.0	0.0	3.67088e-05	-0.0127871	
78.3041968907	3.08352e-05	-0.0127612	0.0	0.0	0.0	0.0	2.18187e-05	-0.0127573	7.23735e-05	-0.0127738	0.0	0.0	0.0	0.0	3.65666e-05	-0.0127615	
78.4612765234	3.07121e-05	-0.0127357	0.0	0.0	0.0	0.0	2.17361e-05	-0.0127318	7.20912e-05	-0.0127482	0.0	0.0	0.0	0.0	3.64252e-05	-0.0127359	
