-10	-0.0833909	0.00516766	-0.101739	0.0019657	-0.0833909	0.00516766	-0.101739	0.0019657	
-9.98	-0.0834716	0.0052632	-0.101946	0.00198169	-0.0834716	0.0052632	-0.101946	0.00198169	
-9.96	-0.0835525	0.00536001	-0.102155	0.00199784	-0.0835525	0.00536001	-0.102155	0.00199784	
-9.94	-0.0836336	0.0054581	-0.102364	0.00201415	-0.0836336	0.0054581	-0.102364	0.00201415	
-9.92	-0.083715	0.00555748	-0.102574	0.00203063	-0.083715	0.00555748	-0.102574	0.00203063	
-9.9	-0.0837966	0.00565816	-0.102784	0.00204727	-0.0837966	0.00565816	-0.102784	0.00204727	
-9.88	-0.0838785	0.00576014	-0.102996	0.00206408	-0.0838785	0.00576014	-0.102996	0.00206408	
-9.86	-0.0839606	0.00586344	-0.103208	0.00208106	-0.0839606	0.00586344	-0.103208	0.00208106	
-9.84	-0.0840429	0.00596806	-0.103422	0.00209821	-0.0840429	0.00596806	-0.103422	0.00209821	
-9.82	-0.0841256	0.00607401	-0.103636	0.00211553	-0.0841256	0.00607401	-0.103636	0.00211553	
-9.8	-0.0842085	0.0061813	-0.103851	0.00213303	-0.0842085	0.0061813	-0.103851	0.00213303	
-9.78	-0.0842916	0.00628994	-0.104067	0.00215071	-0.0842916	0.00628994	-0.104067	0.00215071	
-9.76	-0.0843751	0.00639993	-0.104283	0.00216857	-0.0843751	0.00639993	-0.104283	0.00216857	
-9.74	-0.0844588	0.00651128	-0.104501	0.00218661	-0.0844588	0.00651128	-0.104501	0.00218661	
-9.72	-0.0845429	0.006624	-0.10472	0.00220484	-0.0845429	0.006624	-0.10472	0.00220484	
-9.7	-0.0846272	0.00673809	-0.104939	0.00222325	-0.0846272	0.00673809	-0.104939	0.00222325	
-9.68	-0.0847119	0.00685357	-0.105159	0.00224185	-0.0847119	0.00685357	-0.105159	0.00224185	
-9.66	-0.0847968	0.00697044	-0.105381	0.00226064	-0.0847968	0.00697044	-0.105381	0.00226064	
-9.64	-0.0848821	0.0070887	-0.105603	0.00227963	-0.0848821	0.0070887	-0.105603	0.00227963	
-9.62	-0.0849677	0.00720837	-0.105826	0.00229881	-0.0849677	0.00720837	-0.105826	0.00229881	
-9.6	-0.0850537	0.00732945	-0.10605	0.00231819	-0.0850537	0.00732945	-0.10605	0.00231819	
-9.58	-0.08514	0.00745194	-0.106275	0.00233777	-0.08514	0.00745194	-0.106275	0.00233777	
-9.56	-0.0852266	0.00757586	-0.1065	0.00235755	-0.0852266	0.00757586	-0.1065	0.00235755	
-9.54	-0.0853136	0.0077012	-0.106727	0.00237754	-0.0853136	0.0077012	-0.106727	0.00237754	
-9.52	-0.085401	0.00782798	-0.106955	0.00239774	-0.085401	0.00782798	-0.106955	0.00239774	
-9.5	-0.0854887	0.0079562	-0.107184	0.00241815	-0.0854887	0.0079562	-0.107184	0.00241815	
-9.48	-0.0855768	0.00808587	-0.107413	0.00243877	-0.0855768	0.00808587	-0.107413	0.00243877	
-9.46	-0.0856653	0.00821699	-0.107644	0.0024596	-0.0856653	0.00821699	-0.107644	0.0024596	
-9.44	-0.0857542	0.00834956	-0.107875	0.00248066	-0.0857542	0.00834956	-0.107875	0.00248066	
-9.42	-0.0858434	0.0084836	-0.108108	0.00250193	-0.0858434	0.0084836	-0.108108	0.00250193	
-9.4	-0.085933	0.0086191	-0.108341	0.00252343	-0.085933	0.0086191	-0.108341	0.00252343	
-9.38	-0.0860231	0.00875608	-0.108576	0.00254516	-0.0860231	0.00875608	-0.108576	0.00254516	
-9.36	-0.0861135	0.00889453	-0.108811	0.00256711	-0.0861135	0.00889453	-0.108811	0.00256711	
-9.34	-0.0862044	0.00903447	-0.109048	0.0025893	-0.0862044	0.00903447	-0.109048	0.0025893	
-9.32	-0.0862956	0.00917588	-0.109285	0.00261172	-0.0862956	0.00917588	-0.109285	0.00261172	
-9.3	-0.0863873	0.00931879	-0.109524	0.00263438	-0.0863873	0.00931879	-0.109524	0.00263438	
-9.28	-0.0864794	0.0094632	-0.109763	0.00265728	-0.0864794	0.0094632	-0.109763	0.00265728	
-9.26	-0.0865719	0.0096091	-0.110003	0.00268043	-0.0865719	0.0096091	-0.110003	0.00268043	
-9.24	-0.0866648	0.00975651	-0.110245	0.00270382	-0.0866648	0.00975651	-0.110245	0.00270382	
-9.22	-0.0867582	0.00990542	-0.110487	0.00272746	-0.0867582	0.00990542	-0.110487	0.00272746	
-9.2	-0.086852	0.0100558	-0.110731	0.00275135	-0.086852	0.0100558	-0.110731	0.00275135	
-9.18	-0.0869462	0.0102078	-0.110976	0.0027755	-0.0869462	0.0102078	-0.110976	0.0027755	
-9.16	-0.0870409	0.0103612	-0.111221	0.00279991	-0.0870409	0.0103612	-0.111221	0.00279991	
-9.14	-0.087136	0.0105162	-0.111468	0.00282458	-0.087136	0.0105162	-0.111468	0.00282458	
-9.12	-0.0872315	0.0106727	-0.111716	0.00284952	-0.0872315	0.0106727	-0.111716	0.00284952	
-9.1	-0.0873275	0.0108307	-0.111964	0.00287473	-0.0873275	0.0108307	-0.111964	0.00287473	
-9.08	-0.0874239	0.0109902	-0.112214	0.00290021	-0.0874239	0.0109902	-0.112214	0.00290021	
-9.06	-0.0875208	0.0111513	-0.112465	0.00292596	-0.0875208	0.0111513	-0.112465	0.00292596	
-9.04	-0.0876181	0.0113139	-0.112717	0.002952	-0.0876181	0.0113139	-0.112717	0.002952	
-9.02	-0.0877159	0.0114781	-0.11297	0.00297831	-0.0877159	0.0114781	-0.11297	0.00297831	
-9	-0.0878141	0.0116438	-0.113225	0.00300492	-0.0878141	0.0116438	-0.113225	0.00300492	
-8.98	-0.0879128	0.011811	-0.11348	0.00303181	-0.0879128	0.011811	-0.11348	0.00303181	
-8.96	-0.0880119	0.0119798	-0.113736	0.003059	-0.0880119	0.0119798	-0.113736	0.003059	
-8.94	-0.0881114	0.0121501	-0.113994	0.00308649	-0.0881114	0.0121501	-0.113994	0.00308649	
-8.92	-0.0882114	0.0123219	-0.114252	0.00311427	-0.0882114	0.0123219	-0.114252	0.00311427	
-8.9	-0.0883118	0.0124953	-0.114512	0.00314237	-0.0883118	0.0124953	-0.114512	0.00314237	
-8.88	-0.0884127	0.0126703	-0.114773	0.00317077	-0.0884127	0.0126703	-0.114773	0.00317077	
-8.86	-0.088514	0.0128468	-0.115035	0.00319948	-0.088514	0.0128468	-0.115035	0.00319948	
-8.84	-0.0886157	0.0130249	-0.115298	0.00322851	-0.0886157	0.0130249	-0.115298	0.00322851	
-8.82	-0.0887179	0.0132045	-0.115563	0.00325786	-0.0887179	0.0132045	-0.115563	0.00325786	
-8.8	-0.0888205	0.0133857	-0.115828	0.00328754	-0.0888205	0.0133857	-0.115828	0.00328754	
-8.78	-0.0889235	0.0135684	-0.116095	0.00331754	-0.0889235	0.0135684	-0.116095	0.00331754	
-8.76	-0.0890269	0.0137527	-0.116363	0.00334788	-0.0890269	0.0137527	-0.116363	0.00334788	
-8.74	-0.0891307	0.0139386	-0.116632	0.00337856	-0.0891307	0.0139386	-0.116632	0.00337856	
-8.72	-0.089235	0.014126	-0.116902	0.00340958	-0.089235	0.014126	-0.116902	0.00340958	
-8.7	-0.0893396	0.0143149	-0.117173	0.00344094	-0.0893396	0.0143149	-0.117173	0.00344094	
-8.68	-0.0894446	0.0145055	-0.117446	0.00347266	-0.0894446	0.0145055	-0.117446	0.00347266	
-8.66	-0.08955	0.0146976	-0.11772	0.00350473	-0.08955	0.0146976	-0.11772	0.00350473	
-8.64	-0.0896558	0.0148913	-0.117995	0.00353716	-0.0896558	0.0148913	-0.117995	0.00353716	
-8.62	-0.089762	0.0150865	-0.118271	0.00356995	-0.089762	0.0150865	-0.118271	0.00356995	
-8.6	-0.0898685	0.0152833	-0.118549	0.00360312	-0.0898685	0.0152833	-0.118549	0.00360312	
-8.58	-0.0899753	0.0154817	-0.118827	0.00363666	-0.0899753	0.0154817	-0.118827	0.00363666	
-8.56	-0.0900825	0.0156816	-0.119107	0.00367057	-0.0900825	0.0156816	-0.119107	0.00367057	
-8.54	-0.0901901	0.0158831	-0.119388	0.00370488	-0.0901901	0.0158831	-0.119388	0.00370488	
-8.52	-0.0902979	0.0160862	-0.119671	0.00373957	-0.0902979	0.0160862	-0.119671	0.00373957	
-8.5	-0.0904061	0.0162909	-0.119955	0.00377465	-0.0904061	0.0162909	-0.119955	0.00377465	
-8.48	-0.0905145	0.0164971	-0.12024	0.00381013	-0.0905145	0.0164971	-0.12024	0.00381013	
-8.46	-0.0906233	0.0167049	-0.120526	0.00384602	-0.0906233	0.0167049	-0.120526	0.00384602	
-8.44	-0.0907323	0.0169143	-0.120813	0.00388231	-0.0907323	0.0169143	-0.120813	0.00388231	
-8.42	-0.0908415	0.0171252	-0.121102	0.00391902	-0.0908415	0.0171252	-0.121102	0.00391902	
-8.4	-0.090951	0.0173377	-0.121392	0.00395615	-0.090951	0.0173377	-0.121392	0.00395615	
-8.38	-0.0910608	0.0175518	-0.121684	0.0039937	-0.0910608	0.0175518	-0.121684	0.0039937	
-8.36	-0.0911707	0.0177675	-0.121977	0.00403169	-0.0911707	0.0177675	-0.121977	0.00403169	
-8.34	-0.0912809	0.0179847	-0.122271	0.00407011	-0.0912809	0.0179847	-0.122271	0.00407011	
-8.32	-0.0913912	0.0182035	-0.122566	0.00410898	-0.0913912	0.0182035	-0.122566	0.00410898	
-8.3	-0.0915017	0.0184239	-0.122863	0.00414829	-0.0915017	0.0184239	-0.122863	0.00414829	
-8.28	-0.0916123	0.0186459	-0.123161	0.00418806	-0.0916123	0.0186459	-0.123161	0.00418806	
-8.26	-0.0917231	0.0188695	-0.123461	0.00422828	-0.0917231	0.0188695	-0.123461	0.00422828	
-8.24	-0.0918339	0.0190946	-0.123761	0.00426898	-0.0918339	0.0190946	-0.123761	0.00426898	
-8.22	-0.0919449	0.0193213	-0.124064	0.00431014	-0.0919449	0.0193213	-0.124064	0.00431014	
-8.2	-0.0920559	0.0195496	-0.124367	0.00435178	-0.0920559	0.0195496	-0.124367	0.00435178	
-8.18	-0.0921669	0.0197794	-0.124672	0.00439391	-0.0921669	0.0197794	-0.124672	0.00439391	
-8.16	-0.092278	0.0200109	-0.124979	0.00443653	-0.092278	0.0200109	-0.124979	0.00443653	
-8.14	-0.0923891	0.0202439	-0.125286	0.00447964	-0.0923891	0.0202439	-0.125286	0.00447964	
-8.12	-0.0925002	0.0204785	-0.125595	0.00452326	-0.0925002	0.0204785	-0.125595	0.00452326	
-8.1	-0.0926112	0.0207147	-0.125906	0.00456739	-0.0926112	0.0207147	-0.125906	0.00456739	
-8.08	-0.0927221	0.0209525	-0.126218	0.00461203	-0.0927221	0.0209525	-0.126218	0.00461203	
-8.06	-0.092833	0.0211918	-0.126531	0.0046572	-0.092833	0.0211918	-0.126531	0.0046572	
-8.04	-0.0929437	0.0214328	-0.126846	0.0047029	-0.0929437	0.0214328	-0.126846	0.0047029	
-8.02	-0.0930543	0.0216753	-0.127163	0.00474914	-0.0930543	0.0216753	-0.127163	0.00474914	
-8	-0.0931647	0.0219194	-0.12748	0.00479592	-0.0931647	0.0219194	-0.12748	0.00479592	
-7.98	-0.0932749	0.0221651	-0.1278	0.00484326	-0.0932749	0.0221651	-0.1278	0.00484326	
-7.96	-0.0933849	0.0224124	-0.12812	0.00489115	-0.0933849	0.0224124	-0.12812	0.00489115	
-7.94	-0.0934946	0.0226612	-0.128442	0.00493961	-0.0934946	0.0226612	-0.128442	0.00493961	
-7.92	-0.093604	0.0229117	-0.128766	0.00498865	-0.093604	0.0229117	-0.128766	0.00498865	
-7.9	-0.093713	0.0231637	-0.129091	0.00503826	-0.093713	0.0231637	-0.129091	0.00503826	
-7.88	-0.0938218	0.0234173	-0.129418	0.00508847	-0.0938218	0.0234173	-0.129418	0.00508847	
-7.86	-0.0939301	0.0236725	-0.129746	0.00513927	-0.0939301	0.0236725	-0.129746	0.00513927	
-7.84	-0.094038	0.0239293	-0.130076	0.00519068	-0.094038	0.0239293	-0.130076	0.00519068	
-7.82	-0.0941455	0.0241877	-0.130407	0.0052427	-0.0941455	0.0241877	-0.130407	0.0052427	
-7.8	-0.0942524	0.0244476	-0.13074	0.00529534	-0.0942524	0.0244476	-0.13074	0.00529534	
-7.78	-0.0943588	0.0247092	-0.131074	0.00534861	-0.0943588	0.0247092	-0.131074	0.00534861	
-7.76	-0.0944647	0.0249723	-0.13141	0.00540252	-0.0944647	0.0249723	-0.13141	0.00540252	
-7.74	-0.0945699	0.025237	-0.131747	0.00545707	-0.0945699	0.025237	-0.131747	0.00545707	
-7.72	-0.0946745	0.0255033	-0.132086	0.00551228	-0.0946745	0.0255033	-0.132086	0.00551228	
-7.7	-0.0947785	0.0257712	-0.132426	0.00556815	-0.0947785	0.0257712	-0.132426	0.00556815	
-7.68	-0.0948817	0.0260407	-0.132769	0.00562469	-0.0948817	0.0260407	-0.132769	0.00562469	
-7.66	-0.0949841	0.0263117	-0.133112	0.00568192	-0.0949841	0.0263117	-0.133112	0.00568192	
-7.64	-0.0950857	0.0265844	-0.133458	0.00573983	-0.0950857	0.0265844	-0.133458	0.00573983	
-7.62	-0.0951865	0.0268586	-0.133804	0.00579844	-0.0951865	0.0268586	-0.133804	0.00579844	
-7.6	-0.0952864	0.0271343	-0.134153	0.00585776	-0.0952864	0.0271343	-0.134153	0.00585776	
-7.58	-0.0953853	0.0274117	-0.134503	0.0059178	-0.0953853	0.0274117	-0.134503	0.0059178	
-7.56	-0.0954833	0.0276906	-0.134855	0.00597856	-0.0954833	0.0276906	-0.134855	0.00597856	
-7.54	-0.0955802	0.0279712	-0.135208	0.00604006	-0.0955802	0.0279712	-0.135208	0.00604006	
-7.52	-0.0956761	0.0282532	-0.135563	0.0061023	-0.0956761	0.0282532	-0.135563	0.0061023	
-7.5	-0.0957708	0.0285369	-0.13592	0.0061653	-0.0957708	0.0285369	-0.13592	0.0061653	
-7.48	-0.0958643	0.0288221	-0.136278	0.00622906	-0.0958643	0.0288221	-0.136278	0.00622906	
-7.46	-0.0959567	0.0291088	-0.136638	0.0062936	-0.0959567	0.0291088	-0.136638	0.0062936	
-7.44	-0.0960477	0.0293972	-0.137	0.00635893	-0.0960477	0.0293972	-0.137	0.00635893	
-7.42	-0.0961374	0.029687	-0.137363	0.00642505	-0.0961374	0.029687	-0.137363	0.00642505	
-7.4	-0.0962257	0.0299785	-0.137728	0.00649198	-0.0962257	0.0299785	-0.137728	0.00649198	
-7.38	-0.0963126	0.0302714	-0.138095	0.00655972	-0.0963126	0.0302714	-0.138095	0.00655972	
-7.36	-0.096398	0.0305659	-0.138463	0.00662829	-0.096398	0.0305659	-0.138463	0.00662829	
-7.34	-0.0964818	0.030862	-0.138833	0.0066977	-0.0964818	0.030862	-0.138833	0.0066977	
-7.32	-0.0965641	0.0311595	-0.139205	0.00676795	-0.0965641	0.0311595	-0.139205	0.00676795	
-7.3	-0.0966446	0.0314586	-0.139579	0.00683907	-0.0966446	0.0314586	-0.139579	0.00683907	
-7.28	-0.0967235	0.0317592	-0.139954	0.00691106	-0.0967235	0.0317592	-0.139954	0.00691106	
-7.26	-0.0968005	0.0320612	-0.140331	0.00698393	-0.0968005	0.0320612	-0.140331	0.00698393	
-7.24	-0.0968757	0.0323648	-0.14071	0.00705769	-0.0968757	0.0323648	-0.14071	0.00705769	
-7.22	-0.096949	0.0326699	-0.141091	0.00713235	-0.096949	0.0326699	-0.141091	0.00713235	
-7.2	-0.0970203	0.0329764	-0.141473	0.00720794	-0.0970203	0.0329764	-0.141473	0.00720794	
-7.18	-0.0970896	0.0332844	-0.141857	0.00728445	-0.0970896	0.0332844	-0.141857	0.00728445	
-7.16	-0.0971567	0.0335938	-0.142243	0.0073619	-0.0971567	0.0335938	-0.142243	0.0073619	
-7.14	-0.0972217	0.0339047	-0.142631	0.0074403	-0.0972217	0.0339047	-0.142631	0.0074403	
-7.12	-0.0972845	0.034217	-0.14302	0.00751966	-0.0972845	0.034217	-0.14302	0.00751966	
-7.1	-0.0973449	0.0345307	-0.143411	0.00760001	-0.0973449	0.0345307	-0.143411	0.00760001	
-7.08	-0.097403	0.0348459	-0.143804	0.00768134	-0.097403	0.0348459	-0.143804	0.00768134	
-7.06	-0.0974586	0.0351624	-0.144199	0.00776367	-0.0974586	0.0351624	-0.144199	0.00776367	
-7.04	-0.0975117	0.0354802	-0.144596	0.00784701	-0.0975117	0.0354802	-0.144596	0.00784701	
-7.02	-0.0975622	0.0357994	-0.144995	0.00793138	-0.0975622	0.0357994	-0.144995	0.00793138	
-7	-0.09761	0.03612	-0.145395	0.00801679	-0.09761	0.03612	-0.145395	0.00801679	
-6.98	-0.097655	0.0364418	-0.145797	0.00810325	-0.097655	0.0364418	-0.145797	0.00810325	
-6.96	-0.0976973	0.036765	-0.146201	0.00819078	-0.0976973	0.036765	-0.146201	0.00819078	
-6.94	-0.0977366	0.0370894	-0.146607	0.00827938	-0.0977366	0.0370894	-0.146607	0.00827938	
-6.92	-0.0977729	0.037415	-0.147015	0.00836908	-0.0977729	0.037415	-0.147015	0.00836908	
-6.9	-0.0978062	0.0377419	-0.147424	0.00845987	-0.0978062	0.0377419	-0.147424	0.00845987	
-6.88	-0.0978363	0.0380699	-0.147836	0.00855179	-0.0978363	0.0380699	-0.147836	0.00855179	
-6.86	-0.0978632	0.0383991	-0.148249	0.00864484	-0.0978632	0.0383991	-0.148249	0.00864484	
-6.84	-0.0978868	0.0387295	-0.148664	0.00873903	-0.0978868	0.0387295	-0.148664	0.00873903	
-6.82	-0.097907	0.0390609	-0.149081	0.00883439	-0.097907	0.0390609	-0.149081	0.00883439	
-6.8	-0.0979237	0.0393935	-0.1495	0.00893091	-0.0979237	0.0393935	-0.1495	0.00893091	
-6.78	-0.0979369	0.039727	-0.149921	0.00902862	-0.0979369	0.039727	-0.149921	0.00902862	
-6.76	-0.0979463	0.0400616	-0.150343	0.00912754	-0.0979463	0.0400616	-0.150343	0.00912754	
-6.74	-0.0979521	0.0403971	-0.150768	0.00922767	-0.0979521	0.0403971	-0.150768	0.00922767	
-6.72	-0.097954	0.0407336	-0.151195	0.00932902	-0.097954	0.0407336	-0.151195	0.00932902	
-6.7	-0.0979519	0.0410709	-0.151623	0.00943162	-0.0979519	0.0410709	-0.151623	0.00943162	
-6.68	-0.0979459	0.0414091	-0.152053	0.00953548	-0.0979459	0.0414091	-0.152053	0.00953548	
-6.66	-0.0979357	0.0417481	-0.152485	0.00964061	-0.0979357	0.0417481	-0.152485	0.00964061	
-6.64	-0.0979213	0.0420878	-0.15292	0.00974703	-0.0979213	0.0420878	-0.15292	0.00974703	
-6.62	-0.0979026	0.0424282	-0.153356	0.00985475	-0.0979026	0.0424282	-0.153356	0.00985475	
-6.6	-0.0978795	0.0427693	-0.153794	0.00996379	-0.0978795	0.0427693	-0.153794	0.00996379	
-6.58	-0.0978518	0.043111	-0.154233	0.0100742	-0.0978518	0.043111	-0.154233	0.0100742	
-6.56	-0.0978196	0.0434532	-0.154675	0.0101859	-0.0978196	0.0434532	-0.154675	0.0101859	
-6.54	-0.0977827	0.0437959	-0.155119	0.0102989	-0.0977827	0.0437959	-0.155119	0.0102989	
-6.52	-0.097741	0.0441391	-0.155565	0.0104134	-0.097741	0.0441391	-0.155565	0.0104134	
-6.5	-0.0976944	0.0444825	-0.156012	0.0105292	-0.0976944	0.0444825	-0.156012	0.0105292	
-6.48	-0.0976428	0.0448263	-0.156462	0.0106465	-0.0976428	0.0448263	-0.156462	0.0106465	
-6.46	-0.097586	0.0451703	-0.156913	0.0107651	-0.097586	0.0451703	-0.156913	0.0107651	
-6.44	-0.0975241	0.0455145	-0.157367	0.0108852	-0.0975241	0.0455145	-0.157367	0.0108852	
-6.42	-0.0974568	0.0458587	-0.157822	0.0110068	-0.0974568	0.0458587	-0.157822	0.0110068	
-6.4	-0.0973842	0.046203	-0.158279	0.0111298	-0.0973842	0.046203	-0.158279	0.0111298	
-6.38	-0.097306	0.0465471	-0.158738	0.0112543	-0.097306	0.0465471	-0.158738	0.0112543	
-6.36	-0.0972221	0.0468911	-0.159199	0.0113802	-0.0972221	0.0468911	-0.159199	0.0113802	
-6.34	-0.0971326	0.0472349	-0.159662	0.0115077	-0.0971326	0.0472349	-0.159662	0.0115077	
-6.32	-0.0970372	0.0475783	-0.160127	0.0116367	-0.0970372	0.0475783	-0.160127	0.0116367	
-6.3	-0.0969358	0.0479212	-0.160594	0.0117673	-0.0969358	0.0479212	-0.160594	0.0117673	
-6.28	-0.0968284	0.0482637	-0.161063	0.0118994	-0.0968284	0.0482637	-0.161063	0.0118994	
-6.26	-0.0967148	0.0486055	-0.161534	0.0120331	-0.0967148	0.0486055	-0.161534	0.0120331	
-6.24	-0.0965949	0.0489465	-0.162007	0.0121683	-0.0965949	0.0489465	-0.162007	0.0121683	
-6.22	-0.0964686	0.0492868	-0.162481	0.0123052	-0.0964686	0.0492868	-0.162481	0.0123052	
-6.2	-0.0963359	0.049626	-0.162958	0.0124436	-0.0963359	0.049626	-0.162958	0.0124436	
-6.18	-0.0961965	0.0499642	-0.163436	0.0125837	-0.0961965	0.0499642	-0.163436	0.0125837	
-6.16	-0.0960505	0.0503012	-0.163916	0.0127254	-0.0960505	0.0503012	-0.163916	0.0127254	
-6.14	-0.0958976	0.0506369	-0.164399	0.0128688	-0.0958976	0.0506369	-0.164399	0.0128688	
-6.12	-0.0957378	0.0509712	-0.164883	0.0130138	-0.0957378	0.0509712	-0.164883	0.0130138	
-6.1	-0.095571	0.0513038	-0.165369	0.0131606	-0.095571	0.0513038	-0.165369	0.0131606	
-6.08	-0.095397	0.0516348	-0.165857	0.013309	-0.095397	0.0516348	-0.165857	0.013309	
-6.06	-0.0952158	0.0519639	-0.166346	0.0134591	-0.0952158	0.0519639	-0.166346	0.0134591	
-6.04	-0.0950272	0.052291	-0.166838	0.0136109	-0.0950272	0.052291	-0.166838	0.0136109	
-6.02	-0.0948312	0.052616	-0.167332	0.0137644	-0.0948312	0.052616	-0.167332	0.0137644	
-6	-0.0946277	0.0529386	-0.167827	0.0139197	-0.0946277	0.0529386	-0.167827	0.0139197	
-5.98	-0.0944165	0.0532588	-0.168324	0.0140768	-0.0944165	0.0532588	-0.168324	0.0140768	
-5.96	-0.0941975	0.0535764	-0.168823	0.0142356	-0.0941975	0.0535764	-0.168823	0.0142356	
-5.94	-0.0939707	0.0538911	-0.169324	0.0143962	-0.0939707	0.0538911	-0.169324	0.0143962	
-5.92	-0.0937359	0.0542029	-0.169827	0.0145585	-0.0937359	0.0542029	-0.169827	0.0145585	
-5.9	-0.0934931	0.0545116	-0.170332	0.0147227	-0.0934931	0.0545116	-0.170332	0.0147227	
-5.88	-0.0932422	0.0548169	-0.170838	0.0148887	-0.0932422	0.0548169	-0.170838	0.0148887	
-5.86	-0.092983	0.0551187	-0.171346	0.0150565	-0.092983	0.0551187	-0.171346	0.0150565	
-5.84	-0.0927155	0.0554168	-0.171856	0.0152261	-0.0927155	0.0554168	-0.171856	0.0152261	
-5.82	-0.0924397	0.0557109	-0.172368	0.0153975	-0.0924397	0.0557109	-0.172368	0.0153975	
-5.8	-0.0921553	0.056001	-0.172882	0.0155708	-0.0921553	0.056001	-0.172882	0.0155708	
-5.78	-0.0918623	0.0562867	-0.173397	0.0157459	-0.0918623	0.0562867	-0.173397	0.0157459	
-5.76	-0.0915608	0.0565679	-0.173914	0.0159229	-0.0915608	0.0565679	-0.173914	0.0159229	
-5.74	-0.0912505	0.0568443	-0.174433	0.0161017	-0.0912505	0.0568443	-0.174433	0.0161017	
-5.72	-0.0909314	0.0571157	-0.174953	0.0162824	-0.0909314	0.0571157	-0.174953	0.0162824	
-5.7	-0.0906034	0.0573819	-0.175476	0.016465	-0.0906034	0.0573819	-0.175476	0.016465	
-5.68	-0.0902666	0.0576427	-0.175999	0.0166494	-0.0902666	0.0576427	-0.175999	0.0166494	
-5.66	-0.0899207	0.0578977	-0.176525	0.0168358	-0.0899207	0.0578977	-0.176525	0.0168358	
-5.64	-0.0895659	0.0581469	-0.177052	0.017024	-0.0895659	0.0581469	-0.177052	0.017024	
-5.62	-0.0892019	0.0583898	-0.177581	0.017214	-0.0892019	0.0583898	-0.177581	0.017214	
-5.6	-0.0888289	0.0586263	-0.178112	0.017406	-0.0888289	0.0586263	-0.178112	0.017406	
-5.58	-0.0884466	0.058856	-0.178644	0.0175998	-0.0884466	0.058856	-0.178644	0.0175998	
-5.56	-0.0880552	0.0590788	-0.179178	0.0177956	-0.0880552	0.0590788	-0.179178	0.0177956	
-5.54	-0.0876545	0.0592943	-0.179713	0.0179932	-0.0876545	0.0592943	-0.179713	0.0179932	
-5.52	-0.0872446	0.0595023	-0.18025	0.0181926	-0.0872446	0.0595023	-0.18025	0.0181926	
-5.5	-0.0868254	0.0597025	-0.180788	0.018394	-0.0868254	0.0597025	-0.180788	0.018394	
-5.48	-0.0863969	0.0598946	-0.181329	0.0185972	-0.0863969	0.0598946	-0.181329	0.0185972	
-5.46	-0.0859592	0.0600783	-0.18187	0.0188023	-0.0859592	0.0600783	-0.18187	0.0188023	
-5.44	-0.0855121	0.0602533	-0.182413	0.0190092	-0.0855121	0.0602533	-0.182413	0.0190092	
-5.42	-0.0850558	0.0604193	-0.182958	0.019218	-0.0850558	0.0604193	-0.182958	0.019218	
-5.4	-0.0845902	0.0605761	-0.183504	0.0194286	-0.0845902	0.0605761	-0.183504	0.0194286	
-5.38	-0.0841154	0.0607232	-0.184051	0.019641	-0.0841154	0.0607232	-0.184051	0.019641	
-5.36	-0.0836314	0.0608605	-0.1846	0.0198553	-0.0836314	0.0608605	-0.1846	0.0198553	
-5.34	-0.0831382	0.0609875	-0.18515	0.0200713	-0.0831382	0.0609875	-0.18515	0.0200713	
-5.32	-0.0826359	0.0611039	-0.185702	0.0202891	-0.0826359	0.0611039	-0.185702	0.0202891	
-5.3	-0.0821245	0.0612095	-0.186255	0.0205087	-0.0821245	0.0612095	-0.186255	0.0205087	
-5.28	-0.0816042	0.0613038	-0.186809	0.0207301	-0.0816042	0.0613038	-0.186809	0.0207301	
-5.26	-0.0810749	0.0613867	-0.187365	0.0209531	-0.0810749	0.0613867	-0.187365	0.0209531	
-5.24	-0.0805368	0.0614577	-0.187922	0.0211779	-0.0805368	0.0614577	-0.187922	0.0211779	
-5.22	-0.07999	0.0615165	-0.188481	0.0214044	-0.07999	0.0615165	-0.188481	0.0214044	
-5.2	-0.0794345	0.0615627	-0.18904	0.0216325	-0.0794345	0.0615627	-0.18904	0.0216325	
-5.18	-0.0788705	0.0615961	-0.189601	0.0218623	-0.0788705	0.0615961	-0.189601	0.0218623	
-5.16	-0.0782981	0.0616163	-0.190164	0.0220937	-0.0782981	0.0616163	-0.190164	0.0220937	
-5.14	-0.0777174	0.0616229	-0.190727	0.0223266	-0.0777174	0.0616229	-0.190727	0.0223266	
-5.12	-0.0771286	0.0616156	-0.191292	0.0225612	-0.0771286	0.0616156	-0.191292	0.0225612	
-5.1	-0.0765318	0.0615941	-0.191858	0.0227972	-0.0765318	0.0615941	-0.191858	0.0227972	
-5.08	-0.0759272	0.061558	-0.192425	0.0230347	-0.0759272	0.061558	-0.192425	0.0230347	
-5.06	-0.075315	0.0615069	-0.192993	0.0232736	-0.075315	0.0615069	-0.192993	0.0232736	
-5.04	-0.0746953	0.0614406	-0.193562	0.023514	-0.0746953	0.0614406	-0.193562	0.023514	
-5.02	-0.0740684	0.0613587	-0.194133	0.0237557	-0.0740684	0.0613587	-0.194133	0.0237557	
-5	-0.0734344	0.0612609	-0.194705	0.0239988	-0.0734344	0.0612609	-0.194705	0.0239988	
-4.98	-0.0727936	0.0611467	-0.195278	0.0242431	-0.0727936	0.0611467	-0.195278	0.0242431	
-4.96	-0.0721463	0.061016	-0.195852	0.0244887	-0.0721463	0.061016	-0.195852	0.0244887	
-4.94	-0.0714926	0.0608683	-0.196427	0.0247355	-0.0714926	0.0608683	-0.196427	0.0247355	
-4.92	-0.0708327	0.0607033	-0.197003	0.0249834	-0.0708327	0.0607033	-0.197003	0.0249834	
-4.9	-0.0701671	0.0605207	-0.19758	0.0252324	-0.0701671	0.0605207	-0.19758	0.0252324	
-4.88	-0.0694959	0.0603201	-0.198159	0.0254824	-0.0694959	0.0603201	-0.198159	0.0254824	
-4.86	-0.0688195	0.0601014	-0.198738	0.0257334	-0.0688195	0.0601014	-0.198738	0.0257334	
-4.84	-0.0681381	0.059864	-0.199319	0.0259853	-0.0681381	0.059864	-0.199319	0.0259853	
-4.82	-0.067452	0.0596078	-0.199901	0.026238	-0.067452	0.0596078	-0.199901	0.026238	
-4.8	-0.0667616	0.0593324	-0.200483	0.0264916	-0.0667616	0.0593324	-0.200483	0.0264916	
-4.78	-0.0660672	0.0590376	-0.201067	0.0267458	-0.0660672	0.0590376	-0.201067	0.0267458	
-4.76	-0.0653692	0.058723	-0.201652	0.0270008	-0.0653692	0.058723	-0.201652	0.0270008	
-4.74	-0.0646678	0.0583883	-0.202238	0.0272563	-0.0646678	0.0583883	-0.202238	0.0272563	
-4.72	-0.0639636	0.0580334	-0.202826	0.0275123	-0.0639636	0.0580334	-0.202826	0.0275123	
-4.7	-0.0632567	0.0576579	-0.203414	0.0277688	-0.0632567	0.0576579	-0.203414	0.0277688	
-4.68	-0.0625477	0.0572616	-0.204004	0.0280257	-0.0625477	0.0572616	-0.204004	0.0280257	
-4.66	-0.0618369	0.0568442	-0.204594	0.0282828	-0.0618369	0.0568442	-0.204594	0.0282828	
-4.64	-0.0611247	0.0564054	-0.205186	0.0285402	-0.0611247	0.0564054	-0.205186	0.0285402	
-4.62	-0.0604115	0.0559452	-0.205779	0.0287977	-0.0604115	0.0559452	-0.205779	0.0287977	
-4.6	-0.0596978	0.0554632	-0.206374	0.0290552	-0.0596978	0.0554632	-0.206374	0.0290552	
-4.58	-0.0589839	0.0549592	-0.20697	0.0293127	-0.0589839	0.0549592	-0.20697	0.0293127	
-4.56	-0.0582704	0.0544331	-0.207567	0.0295701	-0.0582704	0.0544331	-0.207567	0.0295701	
-4.54	-0.0575576	0.0538846	-0.208165	0.0298273	-0.0575576	0.0538846	-0.208165	0.0298273	
-4.52	-0.0568461	0.0533136	-0.208765	0.0300841	-0.0568461	0.0533136	-0.208765	0.0300841	
-4.5	-0.0561362	0.05272	-0.209366	0.0303406	-0.0561362	0.05272	-0.209366	0.0303406	
-4.48	-0.0554284	0.0521035	-0.209968	0.0305966	-0.0554284	0.0521035	-0.209968	0.0305966	
-4.46	-0.0547232	0.0514641	-0.210572	0.030852	-0.0547232	0.0514641	-0.210572	0.030852	
-4.44	-0.0540211	0.0508016	-0.211178	0.0311067	-0.0540211	0.0508016	-0.211178	0.0311067	
-4.42	-0.0533225	0.0501159	-0.211786	0.0313607	-0.0533225	0.0501159	-0.211786	0.0313607	
-4.4	-0.052628	0.049407	-0.212395	0.0316138	-0.052628	0.049407	-0.212395	0.0316138	
-4.38	-0.0519379	0.0486747	-0.213006	0.0318659	-0.0519379	0.0486747	-0.213006	0.0318659	
-4.36	-0.0512529	0.0479189	-0.213618	0.0321169	-0.0512529	0.0479189	-0.213618	0.0321169	
-4.34	-0.0505733	0.0471397	-0.214233	0.0323668	-0.0505733	0.0471397	-0.214233	0.0323668	
-4.32	-0.0498998	0.046337	-0.21485	0.0326153	-0.0498998	0.046337	-0.21485	0.0326153	
-4.3	-0.0492327	0.0455107	-0.215468	0.0328625	-0.0492327	0.0455107	-0.215468	0.0328625	
-4.28	-0.0485725	0.0446609	-0.216089	0.0331082	-0.0485725	0.0446609	-0.216089	0.0331082	
-4.26	-0.0479198	0.0437876	-0.216712	0.0333524	-0.0479198	0.0437876	-0.216712	0.0333524	
-4.24	-0.0472751	0.0428907	-0.217338	0.0335948	-0.0472751	0.0428907	-0.217338	0.0335948	
-4.22	-0.0466388	0.0419703	-0.217966	0.0338354	-0.0466388	0.0419703	-0.217966	0.0338354	
-4.2	-0.0460114	0.0410265	-0.218597	0.0340742	-0.0460114	0.0410265	-0.218597	0.0340742	
-4.18	-0.0453935	0.0400593	-0.21923	0.034311	-0.0453935	0.0400593	-0.21923	0.034311	
-4.16	-0.0447854	0.0390687	-0.219867	0.0345456	-0.0447854	0.0390687	-0.219867	0.0345456	
-4.14	-0.0441877	0.0380549	-0.220506	0.0347781	-0.0441877	0.0380549	-0.220506	0.0347781	
-4.12	-0.0436008	0.037018	-0.221149	0.0350082	-0.0436008	0.037018	-0.221149	0.0350082	
-4.1	-0.0430252	0.0359581	-0.221794	0.035236	-0.0430252	0.0359581	-0.221794	0.035236	
-4.08	-0.0424614	0.0348752	-0.222443	0.0354612	-0.0424614	0.0348752	-0.222443	0.0354612	
-4.06	-0.0419099	0.0337696	-0.223096	0.0356839	-0.0419099	0.0337696	-0.223096	0.0356839	
-4.04	-0.041371	0.0326414	-0.223753	0.0359039	-0.041371	0.0326414	-0.223753	0.0359039	
-4.02	-0.0408452	0.0314908	-0.224413	0.0361211	-0.0408452	0.0314908	-0.224413	0.0361211	
-4	-0.0403329	0.0303179	-0.225077	0.0363354	-0.0403329	0.0303179	-0.225077	0.0363354	
-3.98	-0.0398347	0.0291229	-0.225746	0.0365468	-0.0398347	0.0291229	-0.225746	0.0365468	
-3.96	-0.0393508	0.027906	-0.226419	0.0367552	-0.0393508	0.027906	-0.226419	0.0367552	
-3.94	-0.0388818	0.0266675	-0.227097	0.0369604	-0.0388818	0.0266675	-0.227097	0.0369604	
-3.92	-0.0384279	0.0254074	-0.227779	0.0371624	-0.0384279	0.0254074	-0.227779	0.0371624	
-3.9	-0.0379897	0.0241261	-0.228467	0.0373612	-0.0379897	0.0241261	-0.228467	0.0373612	
-3.88	-0.0375674	0.0228239	-0.229159	0.0375566	-0.0375674	0.0228239	-0.229159	0.0375566	
-3.86	-0.0371614	0.0215008	-0.229858	0.0377486	-0.0371614	0.0215008	-0.229858	0.0377486	
-3.84	-0.0367721	0.0201572	-0.230562	0.0379371	-0.0367721	0.0201572	-0.230562	0.0379371	
-3.82	-0.0363999	0.0187934	-0.231271	0.0381221	-0.0363999	0.0187934	-0.231271	0.0381221	
-3.8	-0.036045	0.0174096	-0.231987	0.0383036	-0.036045	0.0174096	-0.231987	0.0383036	
-3.78	-0.0357079	0.0160061	-0.232709	0.0384813	-0.0357079	0.0160061	-0.232709	0.0384813	
-3.76	-0.0353887	0.0145831	-0.233438	0.0386554	-0.0353887	0.0145831	-0.233438	0.0386554	
-3.74	-0.0350878	0.0131409	-0.234174	0.0388258	-0.0350878	0.0131409	-0.234174	0.0388258	
-3.72	-0.0348055	0.0116799	-0.234917	0.0389925	-0.0348055	0.0116799	-0.234917	0.0389925	
-3.7	-0.0345421	0.0102003	-0.235667	0.0391554	-0.0345421	0.0102003	-0.235667	0.0391554	
-3.68	-0.0342978	0.00870235	-0.236425	0.0393144	-0.0342978	0.00870235	-0.236425	0.0393144	
-3.66	-0.0340729	0.00718643	-0.237191	0.0394697	-0.0340729	0.00718643	-0.237191	0.0394697	
-3.64	-0.0338676	0.00565281	-0.237965	0.0396211	-0.0338676	0.00565281	-0.237965	0.0396211	
-3.62	-0.033682	0.00410179	-0.238747	0.0397688	-0.033682	0.00410179	-0.238747	0.0397688	
-3.6	-0.0335166	0.00253366	-0.239539	0.0399126	-0.0335166	0.00253366	-0.239539	0.0399126	
-3.58	-0.0333713	0.000948742	-0.240339	0.0400527	-0.0333713	0.000948742	-0.240339	0.0400527	
-3.56	-0.0332465	-0.000652673	-0.241149	0.0401889	-0.0332465	-0.000652673	-0.241149	0.0401889	
-3.54	-0.0331423	-0.00227028	-0.241968	0.0403215	-0.0331423	-0.00227028	-0.241968	0.0403215	
-3.52	-0.0330587	-0.00390378	-0.242798	0.0404503	-0.0330587	-0.00390378	-0.242798	0.0404503	
-3.5	-0.0329961	-0.00555288	-0.243638	0.0405755	-0.0329961	-0.00555288	-0.243638	0.0405755	
-3.48	-0.0329545	-0.00721727	-0.244488	0.0406971	-0.0329545	-0.00721727	-0.244488	0.0406971	
-3.46	-0.0329341	-0.00889666	-0.245349	0.0408152	-0.0329341	-0.00889666	-0.245349	0.0408152	
-3.44	-0.0329349	-0.0105908	-0.246222	0.0409299	-0.0329349	-0.0105908	-0.246222	0.0409299	
-3.42	-0.032957	-0.0122993	-0.247107	0.0410411	-0.032957	-0.0122993	-0.247107	0.0410411	
-3.4	-0.0330006	-0.0140219	-0.248003	0.0411492	-0.0330006	-0.0140219	-0.248003	0.0411492	
-3.38	-0.0330657	-0.0157584	-0.248912	0.041254	-0.0330657	-0.0157584	-0.248912	0.041254	
-3.36	-0.0331523	-0.0175085	-0.249833	0.0413558	-0.0331523	-0.0175085	-0.249833	0.0413558	
-3.34	-0.0332606	-0.0192719	-0.250767	0.0414548	-0.0332606	-0.0192719	-0.250767	0.0414548	
-3.32	-0.0333905	-0.0210483	-0.251715	0.0415509	-0.0333905	-0.0210483	-0.251715	0.0415509	
-3.3	-0.0335421	-0.0228375	-0.252676	0.0416444	-0.0335421	-0.0228375	-0.252676	0.0416444	
-3.28	-0.0337154	-0.0246392	-0.253652	0.0417355	-0.0337154	-0.0246392	-0.253652	0.0417355	
-3.26	-0.0339104	-0.0264532	-0.254642	0.0418243	-0.0339104	-0.0264532	-0.254642	0.0418243	
-3.24	-0.0341271	-0.0282792	-0.255647	0.041911	-0.0341271	-0.0282792	-0.255647	0.041911	
-3.22	-0.0343654	-0.0301171	-0.256667	0.0419959	-0.0343654	-0.0301171	-0.256667	0.0419959	
-3.2	-0.0346255	-0.0319665	-0.257703	0.0420791	-0.0346255	-0.0319665	-0.257703	0.0420791	
-3.18	-0.0349072	-0.0338272	-0.258754	0.0421608	-0.0349072	-0.0338272	-0.258754	0.0421608	
-3.16	-0.0352104	-0.0356991	-0.259822	0.0422414	-0.0352104	-0.0356991	-0.259822	0.0422414	
-3.14	-0.0355352	-0.037582	-0.260907	0.0423211	-0.0355352	-0.037582	-0.260907	0.0423211	
-3.12	-0.0358815	-0.0394756	-0.262008	0.0424001	-0.0358815	-0.0394756	-0.262008	0.0424001	
-3.1	-0.0362491	-0.0413798	-0.263127	0.0424788	-0.0362491	-0.0413798	-0.263127	0.0424788	
-3.08	-0.0366381	-0.0432944	-0.264264	0.0425575	-0.0366381	-0.0432944	-0.264264	0.0425575	
-3.06	-0.0370483	-0.0452191	-0.26542	0.0426365	-0.0370483	-0.0452191	-0.26542	0.0426365	
-3.04	-0.0374796	-0.047154	-0.266594	0.0427161	-0.0374796	-0.047154	-0.266594	0.0427161	
-3.02	-0.037932	-0.0490988	-0.267787	0.0427967	-0.037932	-0.0490988	-0.267787	0.0427967	
-3	-0.0384053	-0.0510534	-0.268999	0.0428788	-0.0384053	-0.0510534	-0.268999	0.0428788	
-2.98	-0.0388994	-0.0530176	-0.270231	0.0429627	-0.0388994	-0.0530176	-0.270231	0.0429627	
-2.96	-0.0394141	-0.0549913	-0.271483	0.0430489	-0.0394141	-0.0549913	-0.271483	0.0430489	
-2.94	-0.0399494	-0.0569745	-0.272756	0.0431377	-0.0399494	-0.0569745	-0.272756	0.0431377	
-2.92	-0.0405051	-0.0589671	-0.27405	0.0432298	-0.0405051	-0.0589671	-0.27405	0.0432298	
-2.9	-0.041081	-0.0609689	-0.275365	0.0433255	-0.041081	-0.0609689	-0.275365	0.0433255	
-2.88	-0.0416771	-0.0629798	-0.276702	0.0434255	-0.0416771	-0.0629798	-0.276702	0.0434255	
-2.86	-0.042293	-0.0649999	-0.278061	0.0435303	-0.042293	-0.0649999	-0.278061	0.0435303	
-2.84	-0.0429287	-0.067029	-0.279442	0.0436404	-0.0429287	-0.067029	-0.279442	0.0436404	
-2.82	-0.0435839	-0.0690672	-0.280846	0.0437565	-0.0435839	-0.0690672	-0.280846	0.0437565	
-2.8	-0.0442585	-0.0711144	-0.282273	0.0438793	-0.0442585	-0.0711144	-0.282273	0.0438793	
-2.78	-0.0449524	-0.0731705	-0.283724	0.0440094	-0.0449524	-0.0731705	-0.283724	0.0440094	
-2.76	-0.0456652	-0.0752356	-0.285199	0.0441476	-0.0456652	-0.0752356	-0.285199	0.0441476	
-2.74	-0.0463968	-0.0773097	-0.286698	0.0442945	-0.0463968	-0.0773097	-0.286698	0.0442945	
-2.72	-0.0471469	-0.0793928	-0.288222	0.044451	-0.0471469	-0.0793928	-0.288222	0.044451	
-2.7	-0.0479154	-0.081485	-0.28977	0.044618	-0.0479154	-0.081485	-0.28977	0.044618	
-2.68	-0.048702	-0.0835862	-0.291344	0.0447963	-0.048702	-0.0835862	-0.291344	0.0447963	
-2.66	-0.0495065	-0.0856965	-0.292943	0.0449868	-0.0495065	-0.0856965	-0.292943	0.0449868	
-2.64	-0.0503286	-0.0878161	-0.294568	0.0451905	-0.0503286	-0.0878161	-0.294568	0.0451905	
-2.62	-0.0511681	-0.089945	-0.296219	0.0454085	-0.0511681	-0.089945	-0.296219	0.0454085	
-2.6	-0.0520247	-0.0920833	-0.297896	0.0456417	-0.0520247	-0.0920833	-0.297896	0.0456417	
-2.58	-0.0528982	-0.0942311	-0.2996	0.0458914	-0.0528982	-0.0942311	-0.2996	0.0458914	
-2.56	-0.0537883	-0.0963885	-0.30133	0.0461588	-0.0537883	-0.0963885	-0.30133	0.0461588	
-2.54	-0.0546947	-0.0985557	-0.303087	0.046445	-0.0546947	-0.0985557	-0.303087	0.046445	
-2.52	-0.055617	-0.100733	-0.304871	0.0467515	-0.055617	-0.100733	-0.304871	0.0467515	
-2.5	-0.0565551	-0.10292	-0.306682	0.0470796	-0.0565551	-0.10292	-0.306682	0.0470796	
-2.48	-0.0575086	-0.105118	-0.30852	0.0474308	-0.0575086	-0.105118	-0.30852	0.0474308	
-2.46	-0.0584772	-0.107326	-0.310385	0.0478066	-0.0584772	-0.107326	-0.310385	0.0478066	
-2.44	-0.0594605	-0.109545	-0.312278	0.0482086	-0.0594605	-0.109545	-0.312278	0.0482086	
-2.42	-0.0604582	-0.111775	-0.314196	0.0486387	-0.0604582	-0.111775	-0.314196	0.0486387	
-2.4	-0.0614699	-0.114016	-0.316142	0.0490986	-0.0614699	-0.114016	-0.316142	0.0490986	
-2.38	-0.0624954	-0.116268	-0.318114	0.0495901	-0.0624954	-0.116268	-0.318114	0.0495901	
-2.36	-0.0635342	-0.118533	-0.320112	0.0501154	-0.0635342	-0.118533	-0.320112	0.0501154	
-2.34	-0.064586	-0.120809	-0.322135	0.0506765	-0.064586	-0.120809	-0.322135	0.0506765	
-2.32	-0.0656503	-0.123098	-0.324184	0.0512756	-0.0656503	-0.123098	-0.324184	0.0512756	
-2.3	-0.0667267	-0.1254	-0.326256	0.0519151	-0.0667267	-0.1254	-0.326256	0.0519151	
-2.28	-0.0678149	-0.127715	-0.328353	0.0525974	-0.0678149	-0.127715	-0.328353	0.0525974	
-2.26	-0.0689143	-0.130043	-0.330471	0.0533252	-0.0689143	-0.130043	-0.330471	0.0533252	
-2.24	-0.0700246	-0.132385	-0.332612	0.0541011	-0.0700246	-0.132385	-0.332612	0.0541011	
-2.22	-0.0711453	-0.134742	-0.334772	0.054928	-0.0711453	-0.134742	-0.334772	0.054928	
-2.2	-0.0722758	-0.137114	-0.336951	0.0558088	-0.0722758	-0.137114	-0.336951	0.0558088	
-2.18	-0.0734158	-0.139501	-0.339148	0.0567467	-0.0734158	-0.139501	-0.339148	0.0567467	
-2.16	-0.0745646	-0.141904	-0.341359	0.057745	-0.0745646	-0.141904	-0.341359	0.057745	
-2.14	-0.0757217	-0.144323	-0.343582	0.0588071	-0.0757217	-0.144323	-0.343582	0.0588071	
-2.12	-0.0768866	-0.146759	-0.345816	0.0599365	-0.0768866	-0.146759	-0.345816	0.0599365	
-2.1	-0.0780587	-0.149213	-0.348057	0.061137	-0.0780587	-0.149213	-0.348057	0.061137	
-2.08	-0.0792375	-0.151685	-0.350302	0.0624122	-0.0792375	-0.151685	-0.350302	0.0624122	
-2.06	-0.0804222	-0.154175	-0.352547	0.0637663	-0.0804222	-0.154175	-0.352547	0.0637663	
-2.04	-0.0816122	-0.156685	-0.354789	0.0652033	-0.0816122	-0.156685	-0.354789	0.0652033	
-2.02	-0.0828069	-0.159215	-0.357021	0.0667274	-0.0828069	-0.159215	-0.357021	0.0667274	
-2	-0.0840055	-0.161766	-0.35924	0.0683428	-0.0840055	-0.161766	-0.35924	0.0683428	
-1.98	-0.0852074	-0.164339	-0.361439	0.0700538	-0.0852074	-0.164339	-0.361439	0.0700538	
-1.96	-0.0864117	-0.166934	-0.363612	0.0718649	-0.0864117	-0.166934	-0.363612	0.0718649	
-1.94	-0.0876177	-0.169552	-0.365751	0.0737803	-0.0876177	-0.169552	-0.365751	0.0737803	
-1.92	-0.0888246	-0.172195	-0.367848	0.0758044	-0.0888246	-0.172195	-0.367848	0.0758044	
-1.9	-0.0900313	-0.174862	-0.369895	0.0779412	-0.0900313	-0.174862	-0.369895	0.0779412	
-1.88	-0.0912372	-0.177555	-0.371881	0.0801948	-0.0912372	-0.177555	-0.371881	0.0801948	
-1.86	-0.0924411	-0.180276	-0.373795	0.0825689	-0.0924411	-0.180276	-0.373795	0.0825689	
-1.84	-0.0936422	-0.183024	-0.375626	0.0850666	-0.0936422	-0.183024	-0.375626	0.0850666	
-1.82	-0.0948393	-0.185802	-0.377359	0.0876909	-0.0948393	-0.185802	-0.377359	0.0876909	
-1.8	-0.0960314	-0.188609	-0.37898	0.0904438	-0.0960314	-0.188609	-0.37898	0.0904438	
-1.78	-0.0972173	-0.191448	-0.380474	0.0933266	-0.0972173	-0.191448	-0.380474	0.0933266	
-1.76	-0.0983957	-0.194319	-0.381823	0.0963395	-0.0983957	-0.194319	-0.381823	0.0963395	
-1.74	-0.0995655	-0.197225	-0.383007	0.0994817	-0.0995655	-0.197225	-0.383007	0.0994817	
-1.72	-0.100725	-0.200165	-0.384008	0.102751	-0.100725	-0.200165	-0.384008	0.102751	
-1.7	-0.101874	-0.203142	-0.384803	0.106142	-0.101874	-0.203142	-0.384803	0.106142	
-1.68	-0.103009	-0.206156	-0.385368	0.109649	-0.103009	-0.206156	-0.385368	0.109649	
-1.66	-0.10413	-0.20921	-0.385681	0.113263	-0.10413	-0.20921	-0.385681	0.113263	
-1.64	-0.105234	-0.212305	-0.385714	0.116973	-0.105234	-0.212305	-0.385714	0.116973	
-1.62	-0.106321	-0.215443	-0.385442	0.120763	-0.106321	-0.215443	-0.385442	0.120763	
-1.6	-0.107388	-0.218624	-0.384838	0.124615	-0.107388	-0.218624	-0.384838	0.124615	
-1.58	-0.108432	-0.221851	-0.383873	0.128507	-0.108432	-0.221851	-0.383873	0.128507	
-1.56	-0.109453	-0.225126	-0.382521	0.13241	-0.109453	-0.225126	-0.382521	0.13241	
-1.54	-0.110448	-0.228451	-0.380755	0.136294	-0.110448	-0.228451	-0.380755	0.136294	
-1.52	-0.111414	-0.231827	-0.378551	0.140122	-0.111414	-0.231827	-0.378551	0.140122	
-1.5	-0.112348	-0.235256	-0.375886	0.14385	-0.112348	-0.235256	-0.375886	0.14385	
-1.48	-0.113249	-0.238741	-0.372741	0.147433	-0.113249	-0.238741	-0.372741	0.147433	
-1.46	-0.114113	-0.242284	-0.369102	0.150816	-0.114113	-0.242284	-0.369102	0.150816	
-1.44	-0.114937	-0.245886	-0.364959	0.153944	-0.114937	-0.245886	-0.364959	0.153944	
-1.42	-0.115718	-0.249551	-0.360311	0.156754	-0.115718	-0.249551	-0.360311	0.156754	
-1.4	-0.116452	-0.25328	-0.355163	0.15918	-0.116452	-0.25328	-0.355163	0.15918	
-1.38	-0.117135	-0.257076	-0.349529	0.161157	-0.117135	-0.257076	-0.349529	0.161157	
-1.36	-0.117764	-0.260942	-0.343434	0.162615	-0.117764	-0.260942	-0.343434	0.162615	
-1.34	-0.118333	-0.26488	-0.336912	0.163488	-0.118333	-0.26488	-0.336912	0.163488	
-1.32	-0.118839	-0.268894	-0.330007	0.163711	-0.118839	-0.268894	-0.330007	0.163711	
-1.3	-0.119275	-0.272985	-0.322775	0.163225	-0.119275	-0.272985	-0.322775	0.163225	
-1.28	-0.119637	-0.277156	-0.315279	0.161978	-0.119637	-0.277156	-0.315279	0.161978	
-1.26	-0.119918	-0.281411	-0.307595	0.159925	-0.119918	-0.281411	-0.307595	0.159925	
-1.24	-0.120113	-0.285753	-0.2998	0.157034	-0.120113	-0.285753	-0.2998	0.157034	
-1.22	-0.120214	-0.290185	-0.291981	0.153284	-0.120214	-0.290185	-0.291981	0.153284	
-1.2	-0.120213	-0.294709	-0.284225	0.148666	-0.120213	-0.294709	-0.284225	0.148666	
-1.18	-0.120102	-0.299329	-0.276618	0.143185	-0.120102	-0.299329	-0.276618	0.143185	
-1.16	-0.119873	-0.304048	-0.269246	0.136859	-0.119873	-0.304048	-0.269246	0.136859	
-1.14	-0.119517	-0.30887	-0.262189	0.12972	-0.119517	-0.30887	-0.262189	0.12972	
-1.12	-0.119021	-0.313796	-0.25552	0.121808	-0.119021	-0.313796	-0.25552	0.121808	
-1.1	-0.118375	-0.318831	-0.249302	0.113175	-0.118375	-0.318831	-0.249302	0.113175	
-1.08	-0.117567	-0.323977	-0.24359	0.103877	-0.117567	-0.323977	-0.24359	0.103877	
-1.06	-0.116583	-0.329237	-0.238424	0.09398	-0.116583	-0.329237	-0.238424	0.09398	
-1.04	-0.115408	-0.334613	-0.233836	0.0835483	-0.115408	-0.334613	-0.233836	0.0835483	
-1.02	-0.114026	-0.340108	-0.229845	0.0726495	-0.114026	-0.340108	-0.229845	0.0726495	
-1	-0.112419	-0.345723	-0.22646	0.0613494	-0.112419	-0.345723	-0.22646	0.0613494	
-0.98	-0.110568	-0.351459	-0.223679	0.0497109	-0.110568	-0.351459	-0.223679	0.0497109	
-0.96	-0.108451	-0.357318	-0.221492	0.0377929	-0.108451	-0.357318	-0.221492	0.0377929	
-0.94	-0.106045	-0.363297	-0.219879	0.0256489	-0.106045	-0.363297	-0.219879	0.0256489	
-0.92	-0.103324	-0.369397	-0.218817	0.0133266	-0.103324	-0.369397	-0.218817	0.0133266	
-0.9	-0.100261	-0.375614	-0.218275	0.000867314	-0.100261	-0.375614	-0.218275	0.000867314	
-0.88	-0.0968236	-0.381944	-0.21822	-0.0116943	-0.0968236	-0.381944	-0.21822	-0.0116943	
-0.86	-0.092979	-0.388379	-0.218614	-0.0243298	-0.092979	-0.388379	-0.218614	-0.0243298	
-0.84	-0.0886898	-0.394912	-0.21942	-0.0370174	-0.0886898	-0.394912	-0.21942	-0.0370174	
-0.82	-0.0839156	-0.401529	-0.220597	-0.0497408	-0.0839156	-0.401529	-0.220597	-0.0497408	
-0.8	-0.0786118	-0.408214	-0.222104	-0.0624894	-0.0786118	-0.408214	-0.222104	-0.0624894	
-0.78	-0.0727301	-0.414947	-0.223903	-0.0752577	-0.0727301	-0.414947	-0.223903	-0.0752577	
-0.76	-0.066218	-0.4217	-0.225952	-0.0880446	-0.066218	-0.4217	-0.225952	-0.0880446	
-0.74	-0.0590185	-0.428439	-0.228213	-0.100853	-0.0590185	-0.428439	-0.228213	-0.100853	
-0.72	-0.0510704	-0.435123	-0.230647	-0.113689	-0.0510704	-0.435123	-0.230647	-0.113689	
-0.7	-0.0423083	-0.4417	-0.233216	-0.126563	-0.0423083	-0.4417	-0.233216	-0.126563	
-0.68	-0.032663	-0.448103	-0.235884	-0.139487	-0.032663	-0.448103	-0.235884	-0.139487	
-0.66	-0.0220625	-0.454254	-0.238614	-0.152475	-0.0220625	-0.454254	-0.238614	-0.152475	
-0.64	-0.0104331	-0.460054	-0.24137	-0.165544	-0.0104331	-0.460054	-0.24137	-0.165544	
-0.62	0.00229843	-0.465387	-0.244116	-0.178712	0.00229843	-0.465387	-0.244116	-0.178712	
-0.6	0.0162021	-0.470109	-0.246816	-0.191997	0.0162021	-0.470109	-0.246816	-0.191997	
-0.58	0.0313402	-0.47405	-0.249434	-0.205421	0.0313402	-0.47405	-0.249434	-0.205421	
-0.56	0.0477618	-0.477008	-0.251934	-0.219005	0.0477618	-0.477008	-0.251934	-0.219005	
-0.54	0.065495	-0.478745	-0.254276	-0.232769	0.065495	-0.478745	-0.254276	-0.232769	
-0.52	0.0845369	-0.478988	-0.256421	-0.246736	0.0845369	-0.478988	-0.256421	-0.246736	
-0.5	0.104841	-0.477424	-0.258327	-0.260929	0.104841	-0.477424	-0.258327	-0.260929	
-0.48	0.126301	-0.473707	-0.259949	-0.275367	0.126301	-0.473707	-0.259949	-0.275367	
-0.46	0.148735	-0.467462	-0.26124	-0.290072	0.148735	-0.467462	-0.26124	-0.290072	
-0.44	0.171864	-0.458301	-0.262149	-0.305065	0.171864	-0.458301	-0.262149	-0.305065	
-0.42	0.195298	-0.445843	-0.262618	-0.320362	0.195298	-0.445843	-0.262618	-0.320362	
-0.4	0.218514	-0.429751	-0.262589	-0.33598	0.218514	-0.429751	-0.262589	-0.33598	
-0.38	0.240859	-0.409767	-0.261994	-0.351932	0.240859	-0.409767	-0.261994	-0.351932	
-0.36	0.261554	-0.385767	-0.260761	-0.368227	0.261554	-0.385767	-0.260761	-0.368227	
-0.34	0.279722	-0.357812	-0.25881	-0.384868	0.279722	-0.357812	-0.25881	-0.384868	
-0.32	0.294443	-0.326199	-0.256053	-0.401853	0.294443	-0.326199	-0.256053	-0.401853	
-0.3	0.304831	-0.291484	-0.252394	-0.419172	0.304831	-0.291484	-0.252394	-0.419172	
-0.28	0.31012	-0.254488	-0.247728	-0.436803	0.31012	-0.254488	-0.247728	-0.436803	
-0.26	0.309763	-0.216253	-0.24194	-0.454711	0.309763	-0.216253	-0.24194	-0.454711	
-0.24	0.303505	-0.177972	-0.234907	-0.472847	0.303505	-0.177972	-0.234907	-0.472847	
-0.22	0.291427	-0.140877	-0.226496	-0.49114	0.291427	-0.140877	-0.226496	-0.49114	
-0.2	0.273941	-0.106126	-0.216567	-0.509497	0.273941	-0.106126	-0.216567	-0.509497	
-0.18	0.251742	-0.0746966	-0.204976	-0.527793	0.251742	-0.0746966	-0.204976	-0.527793	
-0.16	0.22572	-0.0473161	-0.191574	-0.545871	0.22572	-0.0473161	-0.191574	-0.545871	
-0.14	0.196864	-0.0244268	-0.176218	-0.563533	0.196864	-0.0244268	-0.176218	-0.563533	
-0.12	0.166167	-0.0061948	-0.158777	-0.580535	0.166167	-0.0061948	-0.158777	-0.580535	
-0.1	0.134543	0.00745175	-0.13914	-0.596581	0.134543	0.00745175	-0.13914	-0.596581	
-0.08	0.102786	0.0167675	-0.117231	-0.611321	0.102786	0.0167675	-0.117231	-0.611321	
-0.06	0.0715369	0.0221299	-0.0930272	-0.624347	0.0715369	0.0221299	-0.0930272	-0.624347	
-0.04	0.0412828	0.0239843	-0.0665791	-0.635202	0.0412828	0.0239843	-0.0665791	-0.635202	
-0.02	0.0123697	0.0227992	-0.0380318	-0.643386	0.0123697	0.0227992	-0.0380318	-0.643386	
0	-0.0149787	0.019034	-0.0076499	-0.648374	-0.0149787	0.019034	-0.0076499	-0.648374	
0.02	-0.0406381	0.0131171	0.0241621	-0.649648	-0.0406381	0.0131171	0.0241621	-0.649648	
0.04	-0.0645601	0.00543411	0.0568456	-0.646737	-0.0645601	0.00543411	0.0568456	-0.646737	
0.06	-0.0867524	-0.00367735	0.0896866	-0.639264	-0.0867524	-0.00367735	0.0896866	-0.639264	
0.08	-0.107261	-0.013928	0.121832	-0.627004	-0.107261	-0.013928	0.121832	-0.627004	
0.1	-0.126159	-0.0250741	0.152327	-0.609936	-0.126159	-0.0250741	0.152327	-0.609936	
0.12	-0.143532	-0.0369137	0.180178	-0.588284	-0.143532	-0.0369137	0.180178	-0.588284	
0.14	-0.159473	-0.0492812	0.204428	-0.562538	-0.159473	-0.0492812	0.204428	-0.562538	
0.16	-0.174079	-0.0620423	0.224247	-0.533441	-0.174079	-0.0620423	0.224247	-0.533441	
0.18	-0.187442	-0.0750898	0.23901	-0.501946	-0.187442	-0.0750898	0.23901	-0.501946	
0.2	-0.199653	-0.0883386	0.248357	-0.469139	-0.199653	-0.0883386	0.248357	-0.469139	
0.22	-0.210795	-0.101722	0.25222	-0.436152	-0.210795	-0.101722	0.25222	-0.436152	
0.24	-0.220945	-0.115189	0.250817	-0.404066	-0.220945	-0.115189	0.250817	-0.404066	
0.26	-0.230174	-0.128699	0.244609	-0.373835	-0.230174	-0.128699	0.244609	-0.373835	
0.28	-0.238546	-0.142225	0.234237	-0.346224	-0.238546	-0.142225	0.234237	-0.346224	
0.3	-0.24612	-0.155743	0.220453	-0.321792	-0.24612	-0.155743	0.220453	-0.321792	
0.32	-0.252946	-0.16924	0.204051	-0.30088	-0.252946	-0.16924	0.204051	-0.30088	
0.34	-0.259073	-0.182704	0.185804	-0.283637	-0.259073	-0.182704	0.185804	-0.283637	
0.36	-0.26454	-0.196128	0.166431	-0.270052	-0.26454	-0.196128	0.166431	-0.270052	
0.38	-0.269385	-0.209509	0.146562	-0.259988	-0.269385	-0.209509	0.146562	-0.259988	
0.4	-0.27364	-0.222842	0.126734	-0.25322	-0.27364	-0.222842	0.126734	-0.25322	
0.42	-0.277332	-0.236128	0.107383	-0.249467	-0.277332	-0.236128	0.107383	-0.249467	
0.44	-0.280488	-0.249365	0.0888541	-0.248418	-0.280488	-0.249365	0.0888541	-0.248418	
0.46	-0.283127	-0.262554	0.0714077	-0.249752	-0.283127	-0.262554	0.0714077	-0.249752	
0.48	-0.285269	-0.275695	0.0552347	-0.253152	-0.285269	-0.275695	0.0552347	-0.253152	
0.5	-0.28693	-0.288788	0.0404658	-0.258316	-0.28693	-0.288788	0.0404658	-0.258316	
0.52	-0.288121	-0.301832	0.0271839	-0.264959	-0.288121	-0.301832	0.0271839	-0.264959	
0.54	-0.288855	-0.314826	0.0154329	-0.27282	-0.288855	-0.314826	0.0154329	-0.27282	
0.56	-0.289141	-0.327769	0.00522639	-0.28166	-0.289141	-0.327769	0.00522639	-0.28166	
0.58	-0.288985	-0.34066	-0.00344543	-0.291262	-0.288985	-0.34066	-0.00344543	-0.291262	
0.6	-0.288395	-0.353494	-0.0106106	-0.301433	-0.288395	-0.353494	-0.0106106	-0.301433	
0.62	-0.287373	-0.36627	-0.0163108	-0.311998	-0.287373	-0.36627	-0.0163108	-0.311998	
0.64	-0.285924	-0.378981	-0.0205982	-0.322801	-0.285924	-0.378981	-0.0205982	-0.322801	
0.66	-0.284051	-0.391623	-0.0235327	-0.333705	-0.284051	-0.391623	-0.0235327	-0.333705	
0.68	-0.281754	-0.404189	-0.0251799	-0.344585	-0.281754	-0.404189	-0.0251799	-0.344585	
0.7	-0.279036	-0.416673	-0.0256099	-0.355333	-0.279036	-0.416673	-0.0256099	-0.355333	
0.72	-0.275896	-0.429066	-0.0248955	-0.365852	-0.275896	-0.429066	-0.0248955	-0.365852	
0.74	-0.272335	-0.441359	-0.0231118	-0.376058	-0.272335	-0.441359	-0.0231118	-0.376058	
0.76	-0.268354	-0.453543	-0.0203353	-0.385876	-0.268354	-0.453543	-0.0203353	-0.385876	
0.78	-0.263952	-0.465606	-0.0166429	-0.395243	-0.263952	-0.465606	-0.0166429	-0.395243	
0.8	-0.25913	-0.477537	-0.012112	-0.404103	-0.25913	-0.477537	-0.012112	-0.404103	
0.82	-0.253889	-0.489322	-0.00681958	-0.412411	-0.253889	-0.489322	-0.00681958	-0.412411	
0.84	-0.24823	-0.500949	-0.000841852	-0.420129	-0.24823	-0.500949	-0.000841852	-0.420129	
0.86	-0.242154	-0.512403	0.0057461	-0.427226	-0.242154	-0.512403	0.0057461	-0.427226	
0.88	-0.235664	-0.52367	0.0128707	-0.433679	-0.235664	-0.52367	0.0128707	-0.433679	
0.9	-0.228762	-0.534733	0.0204604	-0.439472	-0.228762	-0.534733	0.0204604	-0.439472	
0.92	-0.221452	-0.545577	0.0284456	-0.444594	-0.221452	-0.545577	0.0284456	-0.444594	
0.94	-0.21374	-0.556184	0.0367596	-0.44904	-0.21374	-0.556184	0.0367596	-0.44904	
0.96	-0.20563	-0.566538	0.0453383	-0.452812	-0.20563	-0.566538	0.0453383	-0.452812	
0.98	-0.197131	-0.57662	0.0541207	-0.455914	-0.197131	-0.57662	0.0541207	-0.455914	
1	-0.188249	-0.586414	0.0630493	-0.458356	-0.188249	-0.586414	0.0630493	-0.458356	
1.02	-0.178994	-0.595902	0.0720699	-0.460154	-0.178994	-0.595902	0.0720699	-0.460154	
1.04	-0.169377	-0.605065	0.081132	-0.461323	-0.169377	-0.605065	0.081132	-0.461323	
1.06	-0.159409	-0.613887	0.0901887	-0.461885	-0.159409	-0.613887	0.0901887	-0.461885	
1.08	-0.149104	-0.62235	0.0991972	-0.461862	-0.149104	-0.62235	0.0991972	-0.461862	
1.1	-0.138476	-0.630436	0.108118	-0.461279	-0.138476	-0.630436	0.108118	-0.461279	
1.12	-0.127542	-0.638131	0.116916	-0.460164	-0.127542	-0.638131	0.116916	-0.460164	
1.14	-0.116318	-0.645418	0.12556	-0.458545	-0.116318	-0.645418	0.12556	-0.458545	
1.16	-0.104822	-0.652282	0.13402	-0.45645	-0.104822	-0.652282	0.13402	-0.45645	
1.18	-0.0930742	-0.658709	0.142274	-0.45391	-0.0930742	-0.658709	0.142274	-0.45391	
1.2	-0.0810955	-0.664688	0.150299	-0.450955	-0.0810955	-0.664688	0.150299	-0.450955	
1.22	-0.0689074	-0.670206	0.158078	-0.447615	-0.0689074	-0.670206	0.158078	-0.447615	
1.24	-0.0565327	-0.675253	0.165596	-0.44392	-0.0565327	-0.675253	0.165596	-0.44392	
1.26	-0.0439948	-0.67982	0.172841	-0.439899	-0.0439948	-0.67982	0.172841	-0.439899	
1.28	-0.031318	-0.6839	0.179803	-0.435582	-0.031318	-0.6839	0.179803	-0.435582	
1.3	-0.0185271	-0.687488	0.186475	-0.430996	-0.0185271	-0.687488	0.186475	-0.430996	
1.32	-0.00564735	-0.690579	0.192853	-0.426168	-0.00564735	-0.690579	0.192853	-0.426168	
1.34	0.00729569	-0.693171	0.198933	-0.421124	0.00729569	-0.693171	0.198933	-0.421124	
1.36	0.0202763	-0.695262	0.204716	-0.41589	0.0202763	-0.695262	0.204716	-0.41589	
1.38	0.0332689	-0.696855	0.210202	-0.410489	0.0332689	-0.696855	0.210202	-0.410489	
1.4	0.0462478	-0.697952	0.215392	-0.404943	0.0462478	-0.697952	0.215392	-0.404943	
1.42	0.0591879	-0.698557	0.220291	-0.399274	0.0591879	-0.698557	0.220291	-0.399274	
1.44	0.0720643	-0.698676	0.224903	-0.3935	0.0720643	-0.698676	0.224903	-0.3935	
1.46	0.084853	-0.698317	0.229234	-0.387642	0.084853	-0.698317	0.229234	-0.387642	
1.48	0.0975304	-0.697489	0.233289	-0.381716	0.0975304	-0.697489	0.233289	-0.381716	
1.5	0.110074	-0.696203	0.237076	-0.375738	0.110074	-0.696203	0.237076	-0.375738	
1.52	0.122462	-0.694471	0.240603	-0.369723	0.122462	-0.694471	0.240603	-0.369723	
1.54	0.134674	-0.692306	0.243877	-0.363685	0.134674	-0.692306	0.243877	-0.363685	
1.56	0.14669	-0.689722	0.246907	-0.357636	0.14669	-0.689722	0.246907	-0.357636	
1.58	0.158493	-0.686735	0.249701	-0.351587	0.158493	-0.686735	0.249701	-0.351587	
1.6	0.170065	-0.683361	0.252268	-0.34555	0.170065	-0.683361	0.252268	-0.34555	
1.62	0.18139	-0.679618	0.254617	-0.339534	0.18139	-0.679618	0.254617	-0.339534	
1.64	0.192456	-0.675523	0.256757	-0.333546	0.192456	-0.675523	0.256757	-0.333546	
1.66	0.203248	-0.671095	0.258696	-0.327596	0.203248	-0.671095	0.258696	-0.327596	
1.68	0.213756	-0.666352	0.260444	-0.321689	0.213756	-0.666352	0.260444	-0.321689	
1.7	0.223969	-0.661313	0.262009	-0.315832	0.223969	-0.661313	0.262009	-0.315832	
1.72	0.233879	-0.655998	0.263399	-0.310031	0.233879	-0.655998	0.263399	-0.310031	
1.74	0.243478	-0.650426	0.264623	-0.30429	0.243478	-0.650426	0.264623	-0.30429	
1.76	0.252761	-0.644616	0.26569	-0.298612	0.252761	-0.644616	0.26569	-0.298612	
1.78	0.261724	-0.638588	0.266606	-0.293003	0.261724	-0.638588	0.266606	-0.293003	
1.8	0.270362	-0.63236	0.26738	-0.287465	0.270362	-0.63236	0.26738	-0.287465	
1.82	0.278674	-0.625952	0.26802	-0.282001	0.278674	-0.625952	0.26802	-0.282001	
1.84	0.286659	-0.61938	0.268532	-0.276613	0.286659	-0.61938	0.268532	-0.276613	
1.86	0.294316	-0.612663	0.268923	-0.271302	0.294316	-0.612663	0.268923	-0.271302	
1.88	0.301646	-0.605818	0.269201	-0.26607	0.301646	-0.605818	0.269201	-0.26607	
1.9	0.308652	-0.598862	0.269371	-0.260919	0.308652	-0.598862	0.269371	-0.260919	
1.92	0.315337	-0.591812	0.26944	-0.255849	0.315337	-0.591812	0.26944	-0.255849	
1.94	0.321703	-0.584681	0.269414	-0.250861	0.321703	-0.584681	0.269414	-0.250861	
1.96	0.327755	-0.577485	0.269299	-0.245954	0.327755	-0.577485	0.269299	-0.245954	
1.98	0.333498	-0.570239	0.2691	-0.24113	0.333498	-0.570239	0.2691	-0.24113	
2	0.338937	-0.562955	0.268821	-0.236388	0.338937	-0.562955	0.268821	-0.236388	
2.02	0.344078	-0.555647	0.268469	-0.231728	0.344078	-0.555647	0.268469	-0.231728	
2.04	0.348928	-0.548325	0.268048	-0.227149	0.348928	-0.548325	0.268048	-0.227149	
2.06	0.353494	-0.541002	0.267563	-0.222651	0.353494	-0.541002	0.267563	-0.222651	
2.08	0.357782	-0.533688	0.267017	-0.218233	0.357782	-0.533688	0.267017	-0.218233	
2.1	0.361799	-0.526393	0.266415	-0.213894	0.361799	-0.526393	0.266415	-0.213894	
2.12	0.365554	-0.519125	0.265761	-0.209634	0.365554	-0.519125	0.265761	-0.209634	
2.14	0.369054	-0.511894	0.265058	-0.205452	0.369054	-0.511894	0.265058	-0.205452	
2.16	0.372306	-0.504708	0.26431	-0.201346	0.372306	-0.504708	0.26431	-0.201346	
2.18	0.375319	-0.497573	0.263521	-0.197316	0.375319	-0.497573	0.263521	-0.197316	
2.2	0.378101	-0.490496	0.262693	-0.19336	0.378101	-0.490496	0.262693	-0.19336	
2.22	0.380659	-0.483483	0.261829	-0.189478	0.380659	-0.483483	0.261829	-0.189478	
2.24	0.383002	-0.47654	0.260933	-0.185667	0.383002	-0.47654	0.260933	-0.185667	
2.26	0.385137	-0.469671	0.260007	-0.181927	0.385137	-0.469671	0.260007	-0.181927	
2.28	0.387072	-0.462882	0.259053	-0.178257	0.387072	-0.462882	0.259053	-0.178257	
2.3	0.388815	-0.456175	0.258075	-0.174655	0.388815	-0.456175	0.258075	-0.174655	
2.32	0.390372	-0.449556	0.257073	-0.17112	0.390372	-0.449556	0.257073	-0.17112	
2.34	0.391753	-0.443026	0.256052	-0.16765	0.391753	-0.443026	0.256052	-0.16765	
2.36	0.392964	-0.436588	0.255011	-0.164246	0.392964	-0.436588	0.255011	-0.164246	
2.38	0.394012	-0.430246	0.253954	-0.160904	0.394012	-0.430246	0.253954	-0.160904	
2.4	0.394903	-0.424	0.252883	-0.157624	0.394903	-0.424	0.252883	-0.157624	
2.42	0.395646	-0.417852	0.251798	-0.154405	0.395646	-0.417852	0.251798	-0.154405	
2.44	0.396246	-0.411805	0.250702	-0.151245	0.396246	-0.411805	0.250702	-0.151245	
2.46	0.39671	-0.405858	0.249596	-0.148144	0.39671	-0.405858	0.249596	-0.148144	
2.48	0.397043	-0.400013	0.248481	-0.145099	0.397043	-0.400013	0.248481	-0.145099	
2.5	0.397253	-0.39427	0.24736	-0.14211	0.397253	-0.39427	0.24736	-0.14211	
2.52	0.397345	-0.38863	0.246233	-0.139176	0.397345	-0.38863	0.246233	-0.139176	
2.54	0.397324	-0.383093	0.245101	-0.136295	0.397324	-0.383093	0.245101	-0.136295	
2.56	0.397195	-0.377658	0.243966	-0.133466	0.397195	-0.377658	0.243966	-0.133466	
2.58	0.396965	-0.372326	0.242829	-0.130689	0.396965	-0.372326	0.242829	-0.130689	
2.6	0.396638	-0.367095	0.241691	-0.127961	0.396638	-0.367095	0.241691	-0.127961	
2.62	0.396219	-0.361967	0.240552	-0.125282	0.396219	-0.361967	0.240552	-0.125282	
2.64	0.395712	-0.356939	0.239414	-0.122651	0.395712	-0.356939	0.239414	-0.122651	
2.66	0.395122	-0.352011	0.238277	-0.120067	0.395122	-0.352011	0.238277	-0.120067	
2.68	0.394453	-0.347183	0.237143	-0.117529	0.394453	-0.347183	0.237143	-0.117529	
2.7	0.393709	-0.342453	0.236011	-0.115035	0.393709	-0.342453	0.236011	-0.115035	
2.72	0.392895	-0.33782	0.234884	-0.112585	0.392895	-0.33782	0.234884	-0.112585	
2.74	0.392014	-0.333283	0.23376	-0.110178	0.392014	-0.333283	0.23376	-0.110178	
2.76	0.391069	-0.328842	0.232642	-0.107813	0.391069	-0.328842	0.232642	-0.107813	
2.78	0.390064	-0.324493	0.23153	-0.105489	0.390064	-0.324493	0.23153	-0.105489	
2.8	0.389003	-0.320238	0.230423	-0.103206	0.389003	-0.320238	0.230423	-0.103206	
2.82	0.387888	-0.316073	0.229323	-0.100961	0.387888	-0.316073	0.229323	-0.100961	
2.84	0.386722	-0.311997	0.228231	-0.0987555	0.386722	-0.311997	0.228231	-0.0987555	
2.86	0.385509	-0.30801	0.227146	-0.0965873	0.385509	-0.30801	0.227146	-0.0965873	
2.88	0.38425	-0.30411	0.226069	-0.094456	0.38425	-0.30411	0.226069	-0.094456	
2.9	0.382949	-0.300295	0.225	-0.0923609	0.382949	-0.300295	0.225	-0.0923609	
2.92	0.381608	-0.296564	0.223941	-0.0903011	0.381608	-0.296564	0.223941	-0.0903011	
2.94	0.380229	-0.292915	0.22289	-0.0882761	0.380229	-0.292915	0.22289	-0.0882761	
2.96	0.378815	-0.289347	0.221849	-0.0862852	0.378815	-0.289347	0.221849	-0.0862852	
2.98	0.377368	-0.285859	0.220818	-0.0843275	0.377368	-0.285859	0.220818	-0.0843275	
3	0.375889	-0.282448	0.219796	-0.0824025	0.375889	-0.282448	0.219796	-0.0824025	
3.02	0.374381	-0.279114	0.218785	-0.0805096	0.374381	-0.279114	0.218785	-0.0805096	
3.04	0.372845	-0.275854	0.217784	-0.0786481	0.372845	-0.275854	0.217784	-0.0786481	
3.06	0.371283	-0.272668	0.216794	-0.0768175	0.371283	-0.272668	0.216794	-0.0768175	
3.08	0.369697	-0.269554	0.215815	-0.0750172	0.369697	-0.269554	0.215815	-0.0750172	
3.1	0.368088	-0.266511	0.214847	-0.0732465	0.368088	-0.266511	0.214847	-0.0732465	
3.12	0.366458	-0.263536	0.213891	-0.071505	0.366458	-0.263536	0.213891	-0.071505	
3.14	0.364808	-0.260629	0.212945	-0.0697922	0.364808	-0.260629	0.212945	-0.0697922	
3.16	0.36314	-0.257788	0.212011	-0.0681076	0.36314	-0.257788	0.212011	-0.0681076	
3.18	0.361454	-0.255012	0.211089	-0.0664506	0.361454	-0.255012	0.211089	-0.0664506	
3.2	0.359752	-0.252299	0.210179	-0.0648208	0.359752	-0.252299	0.210179	-0.0648208	
3.22	0.358035	-0.249648	0.20928	-0.0632177	0.358035	-0.249648	0.20928	-0.0632177	
3.24	0.356304	-0.247058	0.208393	-0.061641	0.356304	-0.247058	0.208393	-0.061641	
3.26	0.35456	-0.244527	0.207518	-0.0600901	0.35456	-0.244527	0.207518	-0.0600901	
3.28	0.352803	-0.242054	0.206655	-0.0585647	0.352803	-0.242054	0.206655	-0.0585647	
3.3	0.351036	-0.239638	0.205804	-0.0570644	0.351036	-0.239638	0.205804	-0.0570644	
3.32	0.349258	-0.237277	0.204965	-0.0555887	0.349258	-0.237277	0.204965	-0.0555887	
3.34	0.34747	-0.23497	0.204138	-0.0541374	0.34747	-0.23497	0.204138	-0.0541374	
3.36	0.345674	-0.232716	0.203323	-0.0527101	0.345674	-0.232716	0.203323	-0.0527101	
3.38	0.343869	-0.230514	0.20252	-0.0513063	0.343869	-0.230514	0.20252	-0.0513063	
3.4	0.342056	-0.228362	0.201729	-0.0499258	0.342056	-0.228362	0.201729	-0.0499258	
3.42	0.340237	-0.22626	0.20095	-0.0485683	0.340237	-0.22626	0.20095	-0.0485683	
3.44	0.338411	-0.224206	0.200184	-0.0472335	0.338411	-0.224206	0.200184	-0.0472335	
3.46	0.336578	-0.222199	0.199429	-0.045921	0.336578	-0.222199	0.199429	-0.045921	
3.48	0.334741	-0.220238	0.198686	-0.0446305	0.334741	-0.220238	0.198686	-0.0446305	
3.5	0.332898	-0.218322	0.197954	-0.0433619	0.332898	-0.218322	0.197954	-0.0433619	
3.52	0.331051	-0.21645	0.197235	-0.0421147	0.331051	-0.21645	0.197235	-0.0421147	
3.54	0.329199	-0.21462	0.196527	-0.0408888	0.329199	-0.21462	0.196527	-0.0408888	
3.56	0.327343	-0.212832	0.195831	-0.0396839	0.327343	-0.212832	0.195831	-0.0396839	
3.58	0.325484	-0.211085	0.195146	-0.0384997	0.325484	-0.211085	0.195146	-0.0384997	
3.6	0.323622	-0.209377	0.194473	-0.037336	0.323622	-0.209377	0.194473	-0.037336	
3.62	0.321756	-0.207708	0.193811	-0.0361925	0.321756	-0.207708	0.193811	-0.0361925	
3.64	0.319888	-0.206077	0.19316	-0.0350692	0.319888	-0.206077	0.19316	-0.0350692	
3.66	0.318017	-0.204483	0.19252	-0.0339656	0.318017	-0.204483	0.19252	-0.0339656	
3.68	0.316143	-0.202924	0.191892	-0.0328816	0.316143	-0.202924	0.191892	-0.0328816	
3.7	0.314268	-0.201401	0.191274	-0.0318171	0.314268	-0.201401	0.191274	-0.0318171	
3.72	0.31239	-0.199911	0.190666	-0.0307717	0.31239	-0.199911	0.190666	-0.0307717	
3.74	0.31051	-0.198455	0.19007	-0.0297453	0.31051	-0.198455	0.19007	-0.0297453	
3.76	0.308629	-0.197031	0.189483	-0.0287377	0.308629	-0.197031	0.189483	-0.0287377	
3.78	0.306746	-0.195638	0.188907	-0.0277488	0.306746	-0.195638	0.188907	-0.0277488	
3.8	0.304862	-0.194275	0.188341	-0.0267782	0.304862	-0.194275	0.188341	-0.0267782	
3.82	0.302976	-0.192943	0.187785	-0.0258259	0.302976	-0.192943	0.187785	-0.0258259	
3.84	0.301088	-0.191639	0.187239	-0.0248916	0.301088	-0.191639	0.187239	-0.0248916	
3.86	0.299199	-0.190364	0.186703	-0.0239753	0.299199	-0.190364	0.186703	-0.0239753	
3.88	0.297309	-0.189115	0.186176	-0.0230766	0.297309	-0.189115	0.186176	-0.0230766	
3.9	0.295417	-0.187893	0.185658	-0.0221955	0.295417	-0.187893	0.185658	-0.0221955	
3.92	0.293524	-0.186697	0.185149	-0.0213317	0.293524	-0.186697	0.185149	-0.0213317	
3.94	0.29163	-0.185526	0.184649	-0.0204851	0.29163	-0.185526	0.184649	-0.0204851	
3.96	0.289734	-0.184379	0.184158	-0.0196555	0.289734	-0.184379	0.184158	-0.0196555	
3.98	0.287837	-0.183255	0.183675	-0.0188428	0.287837	-0.183255	0.183675	-0.0188428	
4	0.285939	-0.182154	0.183201	-0.0180468	0.285939	-0.182154	0.183201	-0.0180468	
4.02	0.284039	-0.181074	0.182735	-0.0172673	0.284039	-0.181074	0.182735	-0.0172673	
4.04	0.282137	-0.180016	0.182277	-0.0165042	0.282137	-0.180016	0.182277	-0.0165042	
4.06	0.280235	-0.178978	0.181827	-0.0157572	0.280235	-0.178978	0.181827	-0.0157572	
4.08	0.27833	-0.17796	0.181384	-0.0150263	0.27833	-0.17796	0.181384	-0.0150263	
4.1	0.276424	-0.176961	0.180949	-0.0143112	0.276424	-0.176961	0.180949	-0.0143112	
4.12	0.274516	-0.17598	0.180521	-0.0136119	0.274516	-0.17598	0.180521	-0.0136119	
4.14	0.272607	-0.175016	0.1801	-0.0129281	0.272607	-0.175016	0.1801	-0.0129281	
4.16	0.270695	-0.174069	0.179686	-0.0122596	0.270695	-0.174069	0.179686	-0.0122596	
4.18	0.268782	-0.173138	0.179278	-0.0116064	0.268782	-0.173138	0.179278	-0.0116064	
4.2	0.266867	-0.172223	0.178877	-0.0109681	0.266867	-0.172223	0.178877	-0.0109681	
4.22	0.264949	-0.171322	0.178482	-0.0103448	0.264949	-0.171322	0.178482	-0.0103448	
4.24	0.26303	-0.170435	0.178093	-0.00973613	0.26303	-0.170435	0.178093	-0.00973613	
4.26	0.261108	-0.169561	0.177709	-0.00914199	0.261108	-0.169561	0.177709	-0.00914199	
4.28	0.259184	-0.1687	0.177332	-0.00856221	0.259184	-0.1687	0.177332	-0.00856221	
4.3	0.257258	-0.167851	0.17696	-0.00799661	0.257258	-0.167851	0.17696	-0.00799661	
4.32	0.255329	-0.167012	0.176593	-0.00744503	0.255329	-0.167012	0.176593	-0.00744503	
4.34	0.253398	-0.166184	0.176231	-0.00690727	0.253398	-0.166184	0.176231	-0.00690727	
4.36	0.251464	-0.165366	0.175873	-0.00638317	0.251464	-0.165366	0.175873	-0.00638317	
4.38	0.249527	-0.164556	0.175521	-0.00587256	0.249527	-0.164556	0.175521	-0.00587256	
4.4	0.247588	-0.163755	0.175173	-0.00537525	0.247588	-0.163755	0.175173	-0.00537525	
4.42	0.245646	-0.162961	0.174829	-0.00489106	0.245646	-0.162961	0.174829	-0.00489106	
4.44	0.243702	-0.162173	0.174489	-0.00441982	0.243702	-0.162173	0.174489	-0.00441982	
4.46	0.241754	-0.161392	0.174153	-0.00396133	0.241754	-0.161392	0.174153	-0.00396133	
4.48	0.239804	-0.160616	0.173821	-0.00351543	0.239804	-0.160616	0.173821	-0.00351543	
4.5	0.237851	-0.159845	0.173493	-0.00308193	0.237851	-0.159845	0.173493	-0.00308193	
4.52	0.235896	-0.159077	0.173168	-0.00266063	0.235896	-0.159077	0.173168	-0.00266063	
4.54	0.233937	-0.158313	0.172846	-0.00225137	0.233937	-0.158313	0.172846	-0.00225137	
4.56	0.231976	-0.15755	0.172527	-0.00185394	0.231976	-0.15755	0.172527	-0.00185394	
4.58	0.230012	-0.15679	0.172211	-0.00146816	0.230012	-0.15679	0.172211	-0.00146816	
4.6	0.228046	-0.15603	0.171897	-0.00109386	0.228046	-0.15603	0.171897	-0.00109386	
4.62	0.226077	-0.15527	0.171586	-0.000730826	0.226077	-0.15527	0.171586	-0.000730826	
4.64	0.224106	-0.15451	0.171278	-0.000378884	0.224106	-0.15451	0.171278	-0.000378884	
4.66	0.222132	-0.153748	0.170972	-3.78432e-05	0.222132	-0.153748	0.170972	-3.78432e-05	
4.68	0.220156	-0.152984	0.170668	0.000292487	0.220156	-0.152984	0.170668	0.000292487	
4.7	0.218178	-0.152217	0.170366	0.000612296	0.218178	-0.152217	0.170366	0.000612296	
4.72	0.216199	-0.151447	0.170066	0.000921773	0.216199	-0.151447	0.170066	0.000921773	
4.74	0.214217	-0.150672	0.169767	0.00122111	0.214217	-0.150672	0.169767	0.00122111	
4.76	0.212235	-0.149891	0.16947	0.00151049	0.212235	-0.149891	0.16947	0.00151049	
4.78	0.210251	-0.149105	0.169175	0.00179011	0.210251	-0.149105	0.169175	0.00179011	
4.8	0.208266	-0.148312	0.16888	0.00206015	0.208266	-0.148312	0.16888	0.00206015	
4.82	0.206281	-0.147512	0.168587	0.00232081	0.206281	-0.147512	0.168587	0.00232081	
4.84	0.204295	-0.146704	0.168295	0.00257227	0.204295	-0.146704	0.168295	0.00257227	
4.86	0.20231	-0.145887	0.168004	0.00281471	0.20231	-0.145887	0.168004	0.00281471	
4.88	0.200325	-0.14506	0.167714	0.00304834	0.200325	-0.14506	0.167714	0.00304834	
4.9	0.198341	-0.144223	0.167425	0.00327332	0.198341	-0.144223	0.167425	0.00327332	
4.92	0.196359	-0.143375	0.167136	0.00348985	0.196359	-0.143375	0.167136	0.00348985	
4.94	0.194378	-0.142515	0.166848	0.0036981	0.194378	-0.142515	0.166848	0.0036981	
4.96	0.1924	-0.141643	0.166561	0.00389827	0.1924	-0.141643	0.166561	0.00389827	
4.98	0.190425	-0.140758	0.166274	0.00409053	0.190425	-0.140758	0.166274	0.00409053	
5	0.188453	-0.139859	0.165987	0.00427507	0.188453	-0.139859	0.165987	0.00427507	
5.02	0.186485	-0.138947	0.1657	0.00445205	0.186485	-0.138947	0.1657	0.00445205	
5.04	0.184522	-0.138019	0.165414	0.00462166	0.184522	-0.138019	0.165414	0.00462166	
5.06	0.182564	-0.137076	0.165128	0.00478408	0.182564	-0.137076	0.165128	0.00478408	
5.08	0.180613	-0.136118	0.164841	0.00493947	0.180613	-0.136118	0.164841	0.00493947	
5.1	0.178668	-0.135143	0.164555	0.00508801	0.178668	-0.135143	0.164555	0.00508801	
5.12	0.176731	-0.134151	0.164269	0.00522986	0.176731	-0.134151	0.164269	0.00522986	
5.14	0.174802	-0.133142	0.163982	0.00536521	0.174802	-0.133142	0.163982	0.00536521	
5.16	0.172883	-0.132115	0.163695	0.0054942	0.172883	-0.132115	0.163695	0.0054942	
5.18	0.170973	-0.13107	0.163408	0.00561701	0.170973	-0.13107	0.163408	0.00561701	
5.2	0.169075	-0.130007	0.163121	0.0057338	0.169075	-0.130007	0.163121	0.0057338	
5.22	0.167188	-0.128926	0.162833	0.00584473	0.167188	-0.128926	0.162833	0.00584473	
5.24	0.165314	-0.127825	0.162545	0.00594995	0.165314	-0.127825	0.162545	0.00594995	
5.26	0.163453	-0.126706	0.162257	0.00604962	0.163453	-0.126706	0.162257	0.00604962	
5.28	0.161607	-0.125567	0.161968	0.0061439	0.161607	-0.125567	0.161968	0.0061439	
5.3	0.159777	-0.124409	0.161679	0.00623292	0.159777	-0.124409	0.161679	0.00623292	
5.32	0.157963	-0.123232	0.161389	0.00631686	0.157963	-0.123232	0.161389	0.00631686	
5.34	0.156166	-0.122035	0.161098	0.00639583	0.156166	-0.122035	0.161098	0.00639583	
5.36	0.154388	-0.12082	0.160808	0.00647	0.154388	-0.12082	0.160808	0.00647	
5.38	0.15263	-0.119585	0.160516	0.00653951	0.15263	-0.119585	0.160516	0.00653951	
5.4	0.150891	-0.118331	0.160224	0.00660448	0.150891	-0.118331	0.160224	0.00660448	
5.42	0.149174	-0.117059	0.159931	0.00666506	0.149174	-0.117059	0.159931	0.00666506	
5.44	0.14748	-0.115769	0.159638	0.00672138	0.14748	-0.115769	0.159638	0.00672138	
5.46	0.145808	-0.11446	0.159344	0.00677357	0.145808	-0.11446	0.159344	0.00677357	
5.48	0.144162	-0.113134	0.159049	0.00682176	0.144162	-0.113134	0.159049	0.00682176	
5.5	0.14254	-0.11179	0.158754	0.00686608	0.14254	-0.11179	0.158754	0.00686608	
5.52	0.140944	-0.11043	0.158458	0.00690664	0.140944	-0.11043	0.158458	0.00690664	
5.54	0.139375	-0.109054	0.158162	0.00694357	0.139375	-0.109054	0.158162	0.00694357	
5.56	0.137835	-0.107663	0.157864	0.006977	0.137835	-0.107663	0.157864	0.006977	
5.58	0.136323	-0.106257	0.157567	0.00700702	0.136323	-0.106257	0.157567	0.00700702	
5.6	0.13484	-0.104836	0.157268	0.00703376	0.13484	-0.104836	0.157268	0.00703376	
5.62	0.133387	-0.103403	0.156969	0.00705733	0.133387	-0.103403	0.156969	0.00705733	
5.64	0.131966	-0.101957	0.156669	0.00707784	0.131966	-0.101957	0.156669	0.00707784	
5.66	0.130576	-0.1005	0.156369	0.00709538	0.130576	-0.1005	0.156369	0.00709538	
5.68	0.129218	-0.099032	0.156068	0.00711007	0.129218	-0.099032	0.156068	0.00711007	
5.7	0.127894	-0.0975543	0.155766	0.00712201	0.127894	-0.0975543	0.155766	0.00712201	
5.72	0.126602	-0.0960679	0.155464	0.00713129	0.126602	-0.0960679	0.155464	0.00713129	
5.74	0.125344	-0.0945738	0.155161	0.00713801	0.125344	-0.0945738	0.155161	0.00713801	
5.76	0.124121	-0.093073	0.154857	0.00714227	0.124121	-0.093073	0.154857	0.00714227	
5.78	0.122931	-0.0915666	0.154553	0.00714415	0.122931	-0.0915666	0.154553	0.00714415	
5.8	0.121777	-0.0900557	0.154248	0.00714374	0.121777	-0.0900557	0.154248	0.00714374	
5.82	0.120658	-0.0885413	0.153943	0.00714113	0.120658	-0.0885413	0.153943	0.00714113	
5.84	0.119574	-0.0870246	0.153638	0.00713641	0.119574	-0.0870246	0.153638	0.00713641	
5.86	0.118525	-0.0855066	0.153331	0.00712966	0.118525	-0.0855066	0.153331	0.00712966	
5.88	0.117512	-0.0839884	0.153025	0.00712096	0.117512	-0.0839884	0.153025	0.00712096	
5.9	0.116534	-0.0824713	0.152717	0.00711038	0.116534	-0.0824713	0.152717	0.00711038	
5.92	0.115591	-0.0809562	0.15241	0.007098	0.115591	-0.0809562	0.15241	0.007098	
5.94	0.114683	-0.0794444	0.152101	0.0070839	0.114683	-0.0794444	0.152101	0.0070839	
5.96	0.113811	-0.0779368	0.151793	0.00706814	0.113811	-0.0779368	0.151793	0.00706814	
5.98	0.112973	-0.0764345	0.151484	0.0070508	0.112973	-0.0764345	0.151484	0.0070508	
6	0.11217	-0.0749386	0.151175	0.00703195	0.11217	-0.0749386	0.151175	0.00703195	
6.02	0.1114	-0.0734502	0.150865	0.00701164	0.1114	-0.0734502	0.150865	0.00701164	
6.04	0.110665	-0.0719702	0.150555	0.00698995	0.110665	-0.0719702	0.150555	0.00698995	
6.06	0.109962	-0.0704997	0.150244	0.00696694	0.109962	-0.0704997	0.150244	0.00696694	
6.08	0.109293	-0.0690395	0.149934	0.00694266	0.109293	-0.0690395	0.149934	0.00694266	
6.1	0.108655	-0.0675905	0.149623	0.00691717	0.108655	-0.0675905	0.149623	0.00691717	
6.12	0.108049	-0.0661537	0.149311	0.00689054	0.108049	-0.0661537	0.149311	0.00689054	
6.14	0.107474	-0.06473	0.149	0.00686281	0.107474	-0.06473	0.149	0.00686281	
6.16	0.10693	-0.06332	0.148688	0.00683403	0.10693	-0.06332	0.148688	0.00683403	
6.18	0.106415	-0.0619246	0.148376	0.00680427	0.106415	-0.0619246	0.148376	0.00680427	
6.2	0.105929	-0.0605445	0.148064	0.00677357	0.105929	-0.0605445	0.148064	0.00677357	
6.22	0.105472	-0.0591803	0.147752	0.00674198	0.105472	-0.0591803	0.147752	0.00674198	
6.24	0.105041	-0.0578328	0.147439	0.00670954	0.105041	-0.0578328	0.147439	0.00670954	
6.26	0.104638	-0.0565024	0.147127	0.0066763	0.104638	-0.0565024	0.147127	0.0066763	
6.28	0.10426	-0.0551898	0.146814	0.0066423	0.10426	-0.0551898	0.146814	0.0066423	
6.3	0.103908	-0.0538955	0.146502	0.00660759	0.103908	-0.0538955	0.146502	0.00660759	
6.32	0.103579	-0.0526199	0.146189	0.00657221	0.103579	-0.0526199	0.146189	0.00657221	
6.34	0.103274	-0.0513634	0.145876	0.00653619	0.103274	-0.0513634	0.145876	0.00653619	
6.36	0.102992	-0.0501264	0.145564	0.00649958	0.102992	-0.0501264	0.145564	0.00649958	
6.38	0.102731	-0.0489093	0.145251	0.00646241	0.102731	-0.0489093	0.145251	0.00646241	
6.4	0.102492	-0.0477123	0.144938	0.00642472	0.102492	-0.0477123	0.144938	0.00642472	
6.42	0.102272	-0.0465357	0.144626	0.00638653	0.102272	-0.0465357	0.144626	0.00638653	
6.44	0.102071	-0.0453798	0.144313	0.0063479	0.102071	-0.0453798	0.144313	0.0063479	
6.46	0.101889	-0.0442446	0.144001	0.00630884	0.101889	-0.0442446	0.144001	0.00630884	
6.48	0.101725	-0.0431303	0.143688	0.00626939	0.101725	-0.0431303	0.143688	0.00626939	
6.5	0.101577	-0.042037	0.143376	0.00622957	0.101577	-0.042037	0.143376	0.00622957	
6.52	0.101445	-0.0409649	0.143064	0.00618942	0.101445	-0.0409649	0.143064	0.00618942	
6.54	0.101329	-0.0399138	0.142752	0.00614897	0.101329	-0.0399138	0.142752	0.00614897	
6.56	0.101226	-0.0388839	0.142441	0.00610824	0.101226	-0.0388839	0.142441	0.00610824	
6.58	0.101138	-0.0378751	0.142129	0.00606725	0.101138	-0.0378751	0.142129	0.00606725	
6.6	0.101062	-0.0368873	0.141818	0.00602604	0.101062	-0.0368873	0.141818	0.00602604	
6.62	0.100998	-0.0359205	0.141507	0.00598462	0.100998	-0.0359205	0.141507	0.00598462	
6.64	0.100946	-0.0349745	0.141196	0.00594302	0.100946	-0.0349745	0.141196	0.00594302	
6.66	0.100904	-0.0340493	0.140886	0.00590126	0.100904	-0.0340493	0.140886	0.00590126	
6.68	0.100873	-0.0331447	0.140576	0.00585936	0.100873	-0.0331447	0.140576	0.00585936	
6.7	0.100851	-0.0322604	0.140266	0.00581734	0.100851	-0.0322604	0.140266	0.00581734	
6.72	0.100838	-0.0313964	0.139956	0.00577522	0.100838	-0.0313964	0.139956	0.00577522	
6.74	0.100833	-0.0305523	0.139647	0.00573303	0.100833	-0.0305523	0.139647	0.00573303	
6.76	0.100835	-0.0297281	0.139338	0.00569077	0.100835	-0.0297281	0.139338	0.00569077	
6.78	0.100845	-0.0289234	0.13903	0.00564847	0.100845	-0.0289234	0.13903	0.00564847	
6.8	0.100861	-0.0281379	0.138722	0.00560614	0.100861	-0.0281379	0.138722	0.00560614	
6.82	0.100883	-0.0273715	0.138415	0.00556379	0.100883	-0.0273715	0.138415	0.00556379	
6.84	0.10091	-0.0266239	0.138107	0.00552146	0.10091	-0.0266239	0.138107	0.00552146	
6.86	0.100943	-0.0258947	0.137801	0.00547913	0.100943	-0.0258947	0.137801	0.00547913	
6.88	0.10098	-0.0251836	0.137495	0.00543685	0.10098	-0.0251836	0.137495	0.00543685	
6.9	0.10102	-0.0244905	0.137189	0.0053946	0.10102	-0.0244905	0.137189	0.0053946	
6.92	0.101065	-0.0238148	0.136884	0.00535242	0.101065	-0.0238148	0.136884	0.00535242	
6.94	0.101112	-0.0231565	0.136579	0.0053103	0.101112	-0.0231565	0.136579	0.0053103	
6.96	0.101163	-0.022515	0.136275	0.00526827	0.101163	-0.022515	0.136275	0.00526827	
6.98	0.101216	-0.0218902	0.135971	0.00522633	0.101216	-0.0218902	0.135971	0.00522633	
7	0.101271	-0.0212816	0.135668	0.00518449	0.101271	-0.0212816	0.135668	0.00518449	
7.02	0.101327	-0.020689	0.135365	0.00514277	0.101327	-0.020689	0.135365	0.00514277	
7.04	0.101385	-0.020112	0.135063	0.00510118	0.101385	-0.020112	0.135063	0.00510118	
7.06	0.101445	-0.0195504	0.134761	0.00505971	0.101445	-0.0195504	0.134761	0.00505971	
7.08	0.101505	-0.0190037	0.13446	0.00501839	0.101505	-0.0190037	0.13446	0.00501839	
7.1	0.101565	-0.0184716	0.13416	0.00497722	0.101565	-0.0184716	0.13416	0.00497722	
7.12	0.101626	-0.0179539	0.13386	0.00493621	0.101626	-0.0179539	0.13386	0.00493621	
7.14	0.101687	-0.0174502	0.133561	0.00489536	0.101687	-0.0174502	0.133561	0.00489536	
7.16	0.101748	-0.0169601	0.133263	0.00485469	0.101748	-0.0169601	0.133263	0.00485469	
7.18	0.101809	-0.0164834	0.132965	0.00481419	0.101809	-0.0164834	0.132965	0.00481419	
7.2	0.101869	-0.0160198	0.132668	0.00477389	0.101869	-0.0160198	0.132668	0.00477389	
7.22	0.101928	-0.0155689	0.132371	0.00473377	0.101928	-0.0155689	0.132371	0.00473377	
7.24	0.101986	-0.0151304	0.132075	0.00469385	0.101986	-0.0151304	0.132075	0.00469385	
7.26	0.102044	-0.014704	0.13178	0.00465414	0.102044	-0.014704	0.13178	0.00465414	
7.28	0.1021	-0.0142895	0.131485	0.00461464	0.1021	-0.0142895	0.131485	0.00461464	
7.3	0.102154	-0.0138864	0.131191	0.00457535	0.102154	-0.0138864	0.131191	0.00457535	
7.32	0.102208	-0.0134946	0.130898	0.00453627	0.102208	-0.0134946	0.130898	0.00453627	
7.34	0.102259	-0.0131138	0.130606	0.00449743	0.102259	-0.0131138	0.130606	0.00449743	
7.36	0.102309	-0.0127436	0.130314	0.0044588	0.102309	-0.0127436	0.130314	0.0044588	
7.38	0.102357	-0.0123838	0.130023	0.00442041	0.102357	-0.0123838	0.130023	0.00442041	
7.4	0.102403	-0.0120341	0.129732	0.00438225	0.102403	-0.0120341	0.129732	0.00438225	
7.42	0.102447	-0.0116942	0.129443	0.00434433	0.102447	-0.0116942	0.129443	0.00434433	
7.44	0.102489	-0.0113639	0.129154	0.00430665	0.102489	-0.0113639	0.129154	0.00430665	
7.46	0.102529	-0.0110429	0.128866	0.00426921	0.102529	-0.0110429	0.128866	0.00426921	
7.48	0.102567	-0.0107311	0.128578	0.00423201	0.102567	-0.0107311	0.128578	0.00423201	
7.5	0.102602	-0.010428	0.128292	0.00419507	0.102602	-0.010428	0.128292	0.00419507	
7.52	0.102635	-0.0101335	0.128006	0.00415837	0.102635	-0.0101335	0.128006	0.00415837	
7.54	0.102666	-0.00984741	0.12772	0.00412192	0.102666	-0.00984741	0.12772	0.00412192	
7.56	0.102695	-0.00956941	0.127436	0.00408573	0.102695	-0.00956941	0.127436	0.00408573	
7.58	0.102721	-0.00929931	0.127152	0.0040498	0.102721	-0.00929931	0.127152	0.0040498	
7.6	0.102744	-0.00903689	0.12687	0.00401412	0.102744	-0.00903689	0.12687	0.00401412	
7.62	0.102765	-0.00878194	0.126588	0.0039787	0.102765	-0.00878194	0.126588	0.0039787	
7.64	0.102783	-0.00853424	0.126306	0.00394354	0.102783	-0.00853424	0.126306	0.00394354	
7.66	0.102799	-0.00829359	0.126026	0.00390864	0.102799	-0.00829359	0.126026	0.00390864	
7.68	0.102813	-0.0080598	0.125746	0.003874	0.102813	-0.0080598	0.125746	0.003874	
7.7	0.102824	-0.00783266	0.125467	0.00383962	0.102824	-0.00783266	0.125467	0.00383962	
7.72	0.102832	-0.007612	0.125189	0.00380551	0.102832	-0.007612	0.125189	0.00380551	
7.74	0.102838	-0.00739763	0.124912	0.00377166	0.102838	-0.00739763	0.124912	0.00377166	
7.76	0.102841	-0.00718936	0.124635	0.00373807	0.102841	-0.00718936	0.124635	0.00373807	
7.78	0.102842	-0.00698703	0.12436	0.00370474	0.102842	-0.00698703	0.12436	0.00370474	
7.8	0.10284	-0.00679046	0.124085	0.00367168	0.10284	-0.00679046	0.124085	0.00367168	
7.82	0.102836	-0.00659949	0.123811	0.00363888	0.102836	-0.00659949	0.123811	0.00363888	
7.84	0.102829	-0.00641397	0.123538	0.00360635	0.102829	-0.00641397	0.123538	0.00360635	
7.86	0.10282	-0.00623372	0.123265	0.00357408	0.10282	-0.00623372	0.123265	0.00357408	
7.88	0.102808	-0.0060586	0.122994	0.00354208	0.102808	-0.0060586	0.122994	0.00354208	
7.9	0.102794	-0.00588847	0.122723	0.00351033	0.102794	-0.00588847	0.122723	0.00351033	
7.92	0.102777	-0.00572318	0.122453	0.00347885	0.102777	-0.00572318	0.122453	0.00347885	
7.94	0.102758	-0.00556258	0.122184	0.00344763	0.102758	-0.00556258	0.122184	0.00344763	
7.96	0.102736	-0.00540655	0.121916	0.00341668	0.102736	-0.00540655	0.121916	0.00341668	
7.98	0.102712	-0.00525495	0.121648	0.00338598	0.102712	-0.00525495	0.121648	0.00338598	
8	0.102686	-0.00510765	0.121382	0.00335554	0.102686	-0.00510765	0.121382	0.00335554	
8.02	0.102658	-0.00496453	0.121116	0.00332536	0.102658	-0.00496453	0.121116	0.00332536	
8.04	0.102627	-0.00482546	0.120851	0.00329545	0.102627	-0.00482546	0.120851	0.00329545	
8.06	0.102594	-0.00469034	0.120587	0.00326578	0.102594	-0.00469034	0.120587	0.00326578	
8.08	0.102558	-0.00455904	0.120323	0.00323638	0.102558	-0.00455904	0.120323	0.00323638	
8.1	0.102521	-0.00443145	0.120061	0.00320723	0.102521	-0.00443145	0.120061	0.00320723	
8.12	0.102481	-0.00430747	0.119799	0.00317833	0.102481	-0.00430747	0.119799	0.00317833	
8.14	0.102439	-0.00418699	0.119539	0.00314969	0.102439	-0.00418699	0.119539	0.00314969	
8.16	0.102395	-0.00406991	0.119279	0.0031213	0.102395	-0.00406991	0.119279	0.0031213	
8.18	0.102349	-0.00395613	0.11902	0.00309316	0.102349	-0.00395613	0.11902	0.00309316	
8.2	0.102301	-0.00384556	0.118761	0.00306528	0.102301	-0.00384556	0.118761	0.00306528	
8.22	0.10225	-0.0037381	0.118504	0.00303764	0.10225	-0.0037381	0.118504	0.00303764	
8.24	0.102198	-0.00363366	0.118247	0.00301024	0.102198	-0.00363366	0.118247	0.00301024	
8.26	0.102144	-0.00353215	0.117992	0.00298309	0.102144	-0.00353215	0.117992	0.00298309	
8.28	0.102088	-0.0034335	0.117737	0.00295619	0.102088	-0.0034335	0.117737	0.00295619	
8.3	0.10203	-0.00333761	0.117483	0.00292953	0.10203	-0.00333761	0.117483	0.00292953	
8.32	0.10197	-0.00324441	0.117229	0.00290311	0.10197	-0.00324441	0.117229	0.00290311	
8.34	0.101908	-0.00315381	0.116977	0.00287693	0.101908	-0.00315381	0.116977	0.00287693	
8.36	0.101845	-0.00306575	0.116726	0.00285099	0.101845	-0.00306575	0.116726	0.00285099	
8.38	0.101779	-0.00298015	0.116475	0.00282529	0.101779	-0.00298015	0.116475	0.00282529	
8.4	0.101712	-0.00289694	0.116225	0.00279982	0.101712	-0.00289694	0.116225	0.00279982	
8.42	0.101644	-0.00281604	0.115976	0.00277458	0.101644	-0.00281604	0.115976	0.00277458	
8.44	0.101573	-0.0027374	0.115728	0.00274958	0.101573	-0.0027374	0.115728	0.00274958	
8.46	0.101501	-0.00266095	0.11548	0.00272481	0.101501	-0.00266095	0.11548	0.00272481	
8.48	0.101427	-0.00258663	0.115234	0.00270027	0.101427	-0.00258663	0.115234	0.00270027	
8.5	0.101352	-0.00251436	0.114988	0.00267595	0.101352	-0.00251436	0.114988	0.00267595	
8.52	0.101275	-0.00244411	0.114743	0.00265186	0.101275	-0.00244411	0.114743	0.00265186	
8.54	0.101197	-0.00237579	0.114499	0.002628	0.101197	-0.00237579	0.114499	0.002628	
8.56	0.101117	-0.00230937	0.114256	0.00260435	0.101117	-0.00230937	0.114256	0.00260435	
8.58	0.101036	-0.00224479	0.114014	0.00258093	0.101036	-0.00224479	0.114014	0.00258093	
8.6	0.100953	-0.00218199	0.113772	0.00255773	0.100953	-0.00218199	0.113772	0.00255773	
8.62	0.100869	-0.00212093	0.113531	0.00253474	0.100869	-0.00212093	0.113531	0.00253474	
8.64	0.100784	-0.00206154	0.113291	0.00251197	0.100784	-0.00206154	0.113291	0.00251197	
8.66	0.100697	-0.0020038	0.113052	0.00248942	0.100697	-0.0020038	0.113052	0.00248942	
8.68	0.100609	-0.00194764	0.112814	0.00246707	0.100609	-0.00194764	0.112814	0.00246707	
8.7	0.10052	-0.00189303	0.112577	0.00244494	0.10052	-0.00189303	0.112577	0.00244494	
8.72	0.100429	-0.00183991	0.11234	0.00242302	0.100429	-0.00183991	0.11234	0.00242302	
8.74	0.100337	-0.00178826	0.112104	0.0024013	0.100337	-0.00178826	0.112104	0.0024013	
8.76	0.100244	-0.00173802	0.111869	0.00237979	0.100244	-0.00173802	0.111869	0.00237979	
8.78	0.10015	-0.00168915	0.111635	0.00235848	0.10015	-0.00168915	0.111635	0.00235848	
8.8	0.100055	-0.00164162	0.111402	0.00233738	0.100055	-0.00164162	0.111402	0.00233738	
8.82	0.0999584	-0.00159539	0.111169	0.00231647	0.0999584	-0.00159539	0.111169	0.00231647	
8.84	0.0998609	-0.00155043	0.110937	0.00229577	0.0998609	-0.00155043	0.110937	0.00229577	
8.86	0.0997623	-0.00150669	0.110706	0.00227526	0.0997623	-0.00150669	0.110706	0.00227526	
8.88	0.0996627	-0.00146414	0.110476	0.00225494	0.0996627	-0.00146414	0.110476	0.00225494	
8.9	0.0995621	-0.00142275	0.110247	0.00223482	0.0995621	-0.00142275	0.110247	0.00223482	
8.92	0.0994605	-0.00138249	0.110018	0.0022149	0.0994605	-0.00138249	0.110018	0.0022149	
8.94	0.0993579	-0.00134332	0.10979	0.00219516	0.0993579	-0.00134332	0.10979	0.00219516	
8.96	0.0992545	-0.00130522	0.109563	0.00217561	0.0992545	-0.00130522	0.109563	0.00217561	
8.98	0.0991501	-0.00126815	0.109337	0.00215625	0.0991501	-0.00126815	0.109337	0.00215625	
9	0.0990448	-0.00123208	0.109112	0.00213707	0.0990448	-0.00123208	0.109112	0.00213707	
9.02	0.0989386	-0.001197	0.108887	0.00211807	0.0989386	-0.001197	0.108887	0.00211807	
9.04	0.0988316	-0.00116286	0.108663	0.00209926	0.0988316	-0.00116286	0.108663	0.00209926	
9.06	0.0987238	-0.00112964	0.10844	0.00208063	0.0987238	-0.00112964	0.10844	0.00208063	
9.08	0.0986152	-0.00109733	0.108218	0.00206218	0.0986152	-0.00109733	0.108218	0.00206218	
9.1	0.0985058	-0.00106588	0.107996	0.0020439	0.0985058	-0.00106588	0.107996	0.0020439	
9.12	0.0983956	-0.00103529	0.107776	0.0020258	0.0983956	-0.00103529	0.107776	0.0020258	
9.14	0.0982847	-0.00100552	0.107556	0.00200787	0.0982847	-0.00100552	0.107556	0.00200787	
9.16	0.0981731	-0.000976554	0.107337	0.00199012	0.0981731	-0.000976554	0.107337	0.00199012	
9.18	0.0980608	-0.000948367	0.107118	0.00197253	0.0980608	-0.000948367	0.107118	0.00197253	
9.2	0.0979478	-0.00092094	0.1069	0.00195511	0.0979478	-0.00092094	0.1069	0.00195511	
9.22	0.0978342	-0.00089425	0.106684	0.00193787	0.0978342	-0.00089425	0.106684	0.00193787	
9.24	0.0977199	-0.000868278	0.106467	0.00192078	0.0977199	-0.000868278	0.106467	0.00192078	
9.26	0.097605	-0.000843004	0.106252	0.00190386	0.097605	-0.000843004	0.106252	0.00190386	
9.28	0.0974895	-0.000818409	0.106038	0.00188711	0.0974895	-0.000818409	0.106038	0.00188711	
9.3	0.0973735	-0.000794474	0.105824	0.00187051	0.0973735	-0.000794474	0.105824	0.00187051	
9.32	0.0972568	-0.000771181	0.105611	0.00185407	0.0972568	-0.000771181	0.105611	0.00185407	
9.34	0.0971397	-0.000748513	0.105398	0.00183779	0.0971397	-0.000748513	0.105398	0.00183779	
9.36	0.0970219	-0.000726452	0.105187	0.00182167	0.0970219	-0.000726452	0.105187	0.00182167	
9.38	0.0969037	-0.000704983	0.104976	0.0018057	0.0969037	-0.000704983	0.104976	0.0018057	
9.4	0.096785	-0.000684088	0.104766	0.00178989	0.096785	-0.000684088	0.104766	0.00178989	
9.42	0.0966658	-0.000663753	0.104556	0.00177423	0.0966658	-0.000663753	0.104556	0.00177423	
9.44	0.0965461	-0.000643962	0.104348	0.00175872	0.0965461	-0.000643962	0.104348	0.00175872	
9.46	0.096426	-0.000624701	0.10414	0.00174335	0.096426	-0.000624701	0.10414	0.00174335	
9.48	0.0963054	-0.000605954	0.103932	0.00172814	0.0963054	-0.000605954	0.103932	0.00172814	
9.5	0.0961845	-0.000587709	0.103726	0.00171307	0.0961845	-0.000587709	0.103726	0.00171307	
9.52	0.0960631	-0.000569952	0.10352	0.00169815	0.0960631	-0.000569952	0.10352	0.00169815	
9.54	0.0959413	-0.000552669	0.103315	0.00168336	0.0959413	-0.000552669	0.103315	0.00168336	
9.56	0.0958192	-0.000535849	0.103111	0.00166872	0.0958192	-0.000535849	0.103111	0.00166872	
9.58	0.0956967	-0.000519477	0.102907	0.00165423	0.0956967	-0.000519477	0.102907	0.00165423	
9.6	0.0955738	-0.000503543	0.102705	0.00163986	0.0955738	-0.000503543	0.102705	0.00163986	
9.62	0.0954506	-0.000488034	0.102502	0.00162564	0.0954506	-0.000488034	0.102502	0.00162564	
9.64	0.0953271	-0.00047294	0.102301	0.00161156	0.0953271	-0.00047294	0.102301	0.00161156	
9.66	0.0952033	-0.000458249	0.1021	0.0015976	0.0952033	-0.000458249	0.1021	0.0015976	
9.68	0.0950791	-0.00044395	0.1019	0.00158379	0.0950791	-0.00044395	0.1019	0.00158379	
9.7	0.0949547	-0.000430034	0.101701	0.0015701	0.0949547	-0.000430034	0.101701	0.0015701	
9.72	0.0948301	-0.000416488	0.101502	0.00155655	0.0948301	-0.000416488	0.101502	0.00155655	
9.74	0.0947051	-0.000403305	0.101304	0.00154312	0.0947051	-0.000403305	0.101304	0.00154312	
9.76	0.0945799	-0.000390474	0.101107	0.00152982	0.0945799	-0.000390474	0.101107	0.00152982	
9.78	0.0944545	-0.000377986	0.10091	0.00151665	0.0944545	-0.000377986	0.10091	0.00151665	
9.8	0.0943289	-0.000365832	0.100715	0.00150361	0.0943289	-0.000365832	0.100715	0.00150361	
9.82	0.094203	-0.000354002	0.100519	0.00149069	0.094203	-0.000354002	0.100519	0.00149069	
9.84	0.0940769	-0.000342489	0.100325	0.00147789	0.0940769	-0.000342489	0.100325	0.00147789	
9.86	0.0939507	-0.000331284	0.100131	0.00146522	0.0939507	-0.000331284	0.100131	0.00146522	
9.88	0.0938242	-0.000320379	0.099938	0.00145266	0.0938242	-0.000320379	0.099938	0.00145266	
9.9	0.0936976	-0.000309766	0.0997455	0.00144023	0.0936976	-0.000309766	0.0997455	0.00144023	
9.92	0.0935708	-0.000299437	0.0995537	0.00142791	0.0935708	-0.000299437	0.0995537	0.00142791	
9.94	0.0934438	-0.000289385	0.0993626	0.00141572	0.0934438	-0.000289385	0.0993626	0.00141572	
9.96	0.0933167	-0.000279602	0.0991721	0.00140363	0.0933167	-0.000279602	0.0991721	0.00140363	
9.98	0.0931895	-0.000270082	0.0989823	0.00139166	0.0931895	-0.000270082	0.0989823	0.00139166	
