0.07853981634 -0.005518600267 -0.07209458168
0.235619449 -0.006988158985 -0.1761212656
0.3926990817 -0.005476196986 -0.230789277
0.5497787144 -0.004024304266 -0.2609210967
0.7068583471 -0.003187393694 -0.2782659091
0.8639379797 -0.002589217523 -0.2876728376
1.021017612 -0.002038434896 -0.291795595
1.178097245 -0.001519953504 -0.2923647705
1.335176878 -0.00107006111 -0.2905564695
1.49225651 -0.0007177407657 -0.2871685989
1.649336143 -0.0004717453903 -0.2827397087
1.806415776 -0.0003247565803 -0.2776336845
1.963495408 -0.0002607113192 -0.2720983445
2.120575041 -0.0002606455668 -0.2663046622
2.277654674 -0.0003062830941 -0.2603724568
2.434734307 -0.000381817165 -0.254387045
2.591813939 -0.0004745214747 -0.2484100303
2.748893572 -0.0005747031245 -0.242486346
2.905973205 -0.0006753401035 -0.2366489225
3.063052837 -0.000771607729 -0.2309218448
3.22013247 -0.0008604044406 -0.2253225424
3.377212103 -0.0009399291548 -0.2198633514
3.534291735 -0.001009329004 -0.2145526592
3.691371368 -0.001068418611 -0.2093957647
3.848451001 -0.001117463729 -0.2043955413
4.005530633 -0.001157019014 -0.1995529545
4.162610266 -0.001187809376 -0.1948674742
4.319689899 -0.001210645338 -0.1903374047
4.476769531 -0.001226364285 -0.1859601509
4.633849164 -0.001235791053 -0.1817324347
4.790928797 -0.001239712665 -0.1776504698
4.948008429 -0.001238863254 -0.1737101038
5.105088062 -0.001233916163 -0.169906933
5.262167695 -0.001225480991 -0.1662363955
5.419247327 -0.001214103947 -0.1626938447
5.57632696 -0.001200270335 -0.1592746092
5.733406593 -0.001184408313 -0.1559740393
5.890486225 -0.00116689335 -0.1527875433
6.047565858 -0.001148052968 -0.1497106162
6.204645491 -0.001128171498 -0.1467388605
6.361725124 -0.001107494681 -0.1438680022
6.518804756 -0.001086234003 -0.141093902
6.675884389 -0.001064570696 -0.1384125626
6.832964022 -0.001042659408 -0.1358201331
6.990043654 -0.0010206315 -0.1333129116
7.147123287 -0.0009985980131 -0.1308873452
7.30420292 -0.0009766522994 -0.1285400288
7.461282552 -0.0009548723599 -0.1262677029
7.618362185 -0.0009333229001 -0.1240672504
7.775441818 -0.0009120571385 -0.1219356924
7.93252145 -0.0008911183908 -0.1198701846
8.089601083 -0.0008705414532 -0.117868012
8.246680716 -0.0008503538099 -0.1159265844
8.403760348 -0.0008305766833 -0.1140434311
8.560839981 -0.0008112259471 -0.1122161964
8.717919614 -0.0007923129189 -0.1104426343
8.874999246 -0.0007738450464 -0.1087206035
9.032078879 -0.0007558265023 -0.1070480628
9.189158512 -0.0007382586981 -0.1054230661
9.346238144 -0.0007211407281 -0.1038437582
9.503317777 -0.0007044697526 -0.1023083702
9.66039741 -0.0006882413277 -0.1008152151
9.817477042 -0.0006724496895 -0.0993626843
9.974556675 -0.0006570879981 -0.09794924296
10.13163631 -0.0006421485474 -0.09657342681
10.28871594 -0.0006276229442 -0.09523383844
10.44579557 -0.0006135022621 -0.09392914393
10.60287521 -0.0005997771726 -0.09265806964
10.75995484 -0.0005864380563 -0.09141939917
10.91703447 -0.000573475098 -0.09021197044
11.0741141 -0.0005608783669 -0.08903467299
11.23119374 -0.000548637884 -0.08788644532
11.38827337 -0.0005367436792 -0.08676627249
11.545353 -0.0005251858387 -0.0856731837
11.70243263 -0.0005139545442 -0.08460625016
11.85951227 -0.0005030401057 -0.08356458294
12.0165919 -0.0004924329876 -0.08254733101
12.17367153 -0.0004821238303 -0.08155367937
12.33075117 -0.0004721034674 -0.08058284725
12.4878308 -0.0004623629383 -0.07963408646
12.64491043 -0.0004528934991 -0.07870667978
12.80199006 -0.0004436866289 -0.07779993947
12.9590697 -0.0004347340354 -0.07691320584
13.11614933 -0.0004260276578 -0.07604584588
13.27322896 -0.0004175596679 -0.07519725204
13.43030859 -0.0004093224701 -0.07436684098
13.58738823 -0.0004013087001 -0.07355405242
13.74446786 -0.0003935112229 -0.07275834811
13.90154749 -0.0003859231293 -0.07197921073
14.05862712 -0.0003785377329 -0.071216143
14.21570676 -0.000371348565 -0.07046866669
14.37278639 -0.0003643493708 -0.06973632179
14.52986602 -0.0003575341038 -0.06901866565
14.68694566 -0.000350896921 -0.06831527224
14.84402529 -0.0003444321773 -0.06762573135
15.00110492 -0.0003381344199 -0.06694964795
15.15818455 -0.000331998383 -0.06628664145
15.31526419 -0.0003260189819 -0.0656363451
15.47234382 -0.0003201913074 -0.06499840541
15.62942345 -0.0003145106203 -0.06437248152
15.78650308 -0.000308972346 -0.0637582447
15.94358272 -0.0003035720686 -0.0631553778
16.10066235 -0.0002983055259 -0.06256357478
16.25774198 -0.000293168604 -0.06198254023
16.41482162 -0.0002881573322 -0.06141198894
16.57190125 -0.0002832678778 -0.06085164544
16.72898088 -0.0002784965416 -0.06030124364
16.88606051 -0.0002738397525 -0.0597605264
17.04314015 -0.0002692940635 -0.05922924522
17.20021978 -0.0002648561469 -0.05870715983
17.35729941 -0.0002605227898 -0.05819403789
17.51437904 -0.0002562908905 -0.05768965469
17.67145868 -0.0002521574536 -0.05719379281
17.82853831 -0.0002481195866 -0.05670624185
17.98561794 -0.0002441744962 -0.05622679814
18.14269757 -0.0002403194841 -0.05575526453
18.29977721 -0.000236551944 -0.05529145006
18.45685684 -0.000232869358 -0.05483516977
18.61393647 -0.0002292692931 -0.05438624447
18.77101611 -0.0002257493984 -0.05394450052
18.92809574 -0.0002223074019 -0.0535097696
19.08517537 -0.0002189411075 -0.05308188852
19.242255 -0.0002156483924 -0.05266069906
19.39933464 -0.000212427204 -0.05224604772
19.55641427 -0.0002092755579 -0.05183778563
19.7134939 -0.0002061915346 -0.05143576832
19.87057353 -0.0002031732779 -0.05103985556
20.02765317 -0.000200218992 -0.05064991127
20.1847328 -0.0001973269396 -0.05026580328
20.34181243 -0.0001944954396 -0.04988740328
20.49889206 -0.000191722865 -0.04951458661
20.6559717 -0.0001890076413 -0.04914723218
20.81305133 -0.000186348244 -0.04878522234
20.97013096 -0.0001837431973 -0.04842844273
21.1272106 -0.000181191072 -0.0480767822
21.28429023 -0.000178690484 -0.04773013268
21.44136986 -0.0001762400928 -0.04738838909
21.59844949 -0.0001738385996 -0.04705144924
21.75552913 -0.000171484746 -0.04671921369
21.91260876 -0.0001691773126 -0.04639158573
22.06968839 -0.0001669151176 -0.04606847124
22.22676802 -0.0001646970155 -0.04574977861
22.38384766 -0.0001625218955 -0.04543541867
22.54092729 -0.0001603886809 -0.0451253046
22.69800692 -0.0001582963273 -0.04481935187
22.85508655 -0.0001562438219 -0.04451747814
23.01216619 -0.0001542301821 -0.04421960322
23.16924582 -0.0001522544547 -0.04392564898
23.32632545 -0.0001503157147 -0.04363553927
23.48340509 -0.0001484130645 -0.04334919992
23.64048472 -0.0001465456329 -0.04306655861
23.79756435 -0.0001447125741 -0.04278754483
23.95464398 -0.000142913067 -0.04251208987
24.11172362 -0.0001411463142 -0.04224012669
24.26880325 -0.0001394115414 -0.04197158992
24.42588288 -0.0001377079965 -0.04170641581
24.58296251 -0.0001360349489 -0.04144454216
24.74004215 -0.0001343916887 -0.04118590826
24.89712178 -0.0001327775261 -0.04093045489
25.05420141 -0.0001311917908 -0.04067812425
25.21128105 -0.0001296338313 -0.04042885991
25.36836068 -0.0001281030142 -0.04018260679
25.52544031 -0.0001265987236 -0.03993931109
25.68251994 -0.0001251203609 -0.0396989203
25.83959958 -0.0001236673438 -0.03946138312
25.99667921 -0.0001222391058 -0.03922664944
26.15375884 -0.0001208350961 -0.03899467032
26.31083847 -0.0001194547786 -0.03876539792
26.46791811 -0.000118097632 -0.03853878551
26.62499774 -0.0001167631486 -0.03831478743
26.78207737 -0.0001154508346 -0.03809335902
26.939157 -0.0001141602091 -0.03787445666
27.09623664 -0.0001128908042 -0.03765803767
27.25331627 -0.0001116421642 -0.03744406035
27.4103959 -0.0001104138452 -0.03723248389
27.56747554 -0.0001092054152 -0.03702326841
27.72455517 -0.0001080164533 -0.03681637489
27.8816348 -0.0001068465495 -0.03661176513
28.03871443 -0.0001056953043 -0.03640940181
28.19579407 -0.0001045623286 -0.03620924838
28.3528737 -0.0001034472431 -0.03601126907
28.50995333 -0.0001023496782 -0.03581542889
28.66703296 -0.0001012692737 -0.03562169358
28.8241126 -0.0001002056784 -0.0354300296
28.98119223 -9.915854994e-05 -0.03524040414
29.13827186 -9.812755449e-05 -0.03505278504
29.29535149 -9.711236654e-05 -0.03486714083
29.45243113 -9.611266862e-05 -0.03468344068
29.60951076 -9.51281511e-05 -0.0345016544
29.76659039 -9.415851192e-05 -0.03432175242
29.92367003 -9.320345642e-05 -0.03414370577
30.08074966 -9.226269707e-05 -0.03396748606
30.23782929 -9.133595334e-05 -0.03379306548
30.39490892 -9.042295143e-05 -0.03362041679
30.55198856 -8.952342411e-05 -0.03344951327
30.70906819 -8.863711055e-05 -0.03328032875
30.86614782 -8.776375612e-05 -0.03311283756
31.02322745 -8.69031122e-05 -0.03294701455
31.18030709 -8.605493605e-05 -0.03278283506
31.33738672 -8.521899062e-05 -0.03262027492
31.49446635 -8.439504441e-05 -0.0324593104
31.65154598 -8.358287131e-05 -0.03229991826
31.80862562 -8.278225043e-05 -0.0321420757
31.96570525 -8.199296599e-05 -0.03198576033
32.12278488 -8.121480718e-05 -0.03183095023
32.27986452 -8.0447568e-05 -0.03167762386
32.43694415 -7.969104714e-05 -0.0315257601
32.59402378 -7.894504787e-05 -0.03137533824
32.75110341 -7.820937789e-05 -0.03122633792
32.90818305 -7.748384924e-05 -0.03107873921
33.06526268 -7.676827818e-05 -0.0309325225
33.22234231 -7.606248504e-05 -0.03078766858
33.37942194 -7.536629417e-05 -0.03064415857
33.53650158 -7.467953379e-05 -0.03050197395
33.69358121 -7.400203591e-05 -0.03036109652
33.85066084 -7.333363625e-05 -0.03022150843
34.00774048 -7.267417407e-05 -0.03008319213
34.16482011 -7.202349219e-05 -0.02994613041
34.32189974 -7.138143679e-05 -0.02981030635
34.47897937 -7.074785739e-05 -0.02967570333
34.63605901 -7.012260675e-05 -0.02954230505
34.79313864 -6.950554079e-05 -0.02941009546
34.95021827 -6.889651847e-05 -0.02927905882
35.1072979 -6.829540179e-05 -0.02914917967
35.26437754 -6.770205565e-05 -0.02902044278
35.42145717 -6.71163478e-05 -0.02889283323
35.5785368 -6.653814876e-05 -0.02876633633
35.73561643 -6.596733176e-05 -0.02864093766
35.89269607 -6.540377269e-05 -0.02851662304
36.0497757 -6.484735e-05 -0.02839337852
36.20685533 -6.429794464e-05 -0.02827119041
36.36393497 -6.375544004e-05 -0.02815004523
36.5210146 -6.3219722e-05 -0.02802992975
36.67809423 -6.269067866e-05 -0.02791083094
36.83517386 -6.216820044e-05 -0.027792736
36.9922535 -6.165217997e-05 -0.02767563234
37.14933313 -6.114251206e-05 -0.02755950758
37.30641276 -6.063909363e-05 -0.02744434954
37.46349239 -6.014182368e-05 -0.02733014626
37.62057203 -5.96506032e-05 -0.02721688594
37.77765166 -5.916533517e-05 -0.027104557
37.93473129 -5.868592449e-05 -0.02699314804
38.09181092 -5.821227793e-05 -0.02688264786
38.24889056 -5.774430411e-05 -0.0267730454
38.40597019 -5.728191342e-05 -0.02666432983
38.56304982 -5.682501801e-05 -0.02655649045
38.72012946 -5.637353174e-05 -0.02644951676
38.87720909 -5.592737013e-05 -0.0263433984
39.03428872 -5.548645034e-05 -0.0262381252
39.19136835 -5.505069113e-05 -0.02613368713
