-10	-0.113342	0.000624713	-0.112772	0.00104221	-0.113342	0.000624713	-0.112772	0.00104221	
-9.98	-0.113627	0.000651985	-0.11307	0.00105802	-0.113627	0.000651985	-0.11307	0.00105802	
-9.96	-0.113914	0.000679805	-0.113371	0.00107411	-0.113914	0.000679805	-0.113371	0.00107411	
-9.94	-0.114203	0.000708182	-0.113673	0.0010905	-0.114203	0.000708182	-0.113673	0.0010905	
-9.92	-0.114493	0.000737127	-0.113977	0.00110719	-0.114493	0.000737127	-0.113977	0.00110719	
-9.9	-0.114784	0.000766648	-0.114284	0.00112419	-0.114784	0.000766648	-0.114284	0.00112419	
-9.88	-0.115077	0.000796758	-0.114592	0.00114149	-0.115077	0.000796758	-0.114592	0.00114149	
-9.86	-0.115371	0.000827464	-0.114902	0.00115912	-0.115371	0.000827464	-0.114902	0.00115912	
-9.84	-0.115667	0.000858779	-0.115215	0.00117707	-0.115667	0.000858779	-0.115215	0.00117707	
-9.82	-0.115964	0.000890712	-0.115529	0.00119535	-0.115964	0.000890712	-0.115529	0.00119535	
-9.8	-0.116262	0.000923275	-0.115846	0.00121398	-0.116262	0.000923275	-0.115846	0.00121398	
-9.78	-0.116563	0.000956477	-0.116165	0.00123295	-0.116563	0.000956477	-0.116165	0.00123295	
-9.76	-0.116864	0.000990331	-0.116486	0.00125228	-0.116864	0.000990331	-0.116486	0.00125228	
-9.74	-0.117167	0.00102485	-0.116809	0.00127198	-0.117167	0.00102485	-0.116809	0.00127198	
-9.72	-0.117472	0.00106003	-0.117135	0.00129204	-0.117472	0.00106003	-0.117135	0.00129204	
-9.7	-0.117778	0.00109591	-0.117462	0.00131249	-0.117778	0.00109591	-0.117462	0.00131249	
-9.68	-0.118085	0.00113248	-0.117792	0.00133333	-0.118085	0.00113248	-0.117792	0.00133333	
-9.66	-0.118394	0.00116976	-0.118125	0.00135456	-0.118394	0.00116976	-0.118125	0.00135456	
-9.64	-0.118705	0.00120776	-0.11846	0.0013762	-0.118705	0.00120776	-0.11846	0.0013762	
-9.62	-0.119017	0.00124649	-0.118797	0.00139826	-0.119017	0.00124649	-0.118797	0.00139826	
-9.6	-0.119331	0.00128596	-0.119136	0.00142074	-0.119331	0.00128596	-0.119136	0.00142074	
-9.58	-0.119646	0.00132619	-0.119478	0.00144366	-0.119646	0.00132619	-0.119478	0.00144366	
-9.56	-0.119962	0.00136719	-0.119823	0.00146703	-0.119962	0.00136719	-0.119823	0.00146703	
-9.54	-0.120281	0.00140898	-0.12017	0.00149085	-0.120281	0.00140898	-0.12017	0.00149085	
-9.52	-0.120601	0.00145155	-0.120519	0.00151514	-0.120601	0.00145155	-0.120519	0.00151514	
-9.5	-0.120922	0.00149494	-0.120871	0.00153991	-0.120922	0.00149494	-0.120871	0.00153991	
-9.48	-0.121245	0.00153914	-0.121226	0.00156517	-0.121245	0.00153914	-0.121226	0.00156517	
-9.46	-0.121569	0.00158418	-0.121583	0.00159093	-0.121569	0.00158418	-0.121583	0.00159093	
-9.44	-0.121895	0.00163007	-0.121944	0.0016172	-0.121895	0.00163007	-0.121944	0.0016172	
-9.42	-0.122223	0.00167682	-0.122306	0.001644	-0.122223	0.00167682	-0.122306	0.001644	
-9.4	-0.122552	0.00172445	-0.122672	0.00167133	-0.122552	0.00172445	-0.122672	0.00167133	
-9.38	-0.122883	0.00177296	-0.12304	0.00169922	-0.122883	0.00177296	-0.12304	0.00169922	
-9.36	-0.123216	0.00182237	-0.123412	0.00172767	-0.123216	0.00182237	-0.123412	0.00172767	
-9.34	-0.12355	0.00187271	-0.123786	0.0017567	-0.12355	0.00187271	-0.123786	0.0017567	
-9.32	-0.123885	0.00192397	-0.124163	0.00178632	-0.123885	0.00192397	-0.124163	0.00178632	
-9.3	-0.124222	0.00197618	-0.124543	0.00181654	-0.124222	0.00197618	-0.124543	0.00181654	
-9.28	-0.124561	0.00202935	-0.124926	0.00184739	-0.124561	0.00202935	-0.124926	0.00184739	
-9.26	-0.124902	0.0020835	-0.125312	0.00187888	-0.124902	0.0020835	-0.125312	0.00187888	
-9.24	-0.125244	0.00213863	-0.125701	0.00191102	-0.125244	0.00213863	-0.125701	0.00191102	
-9.22	-0.125587	0.00219477	-0.126093	0.00194383	-0.125587	0.00219477	-0.126093	0.00194383	
-9.2	-0.125933	0.00225193	-0.126489	0.00197733	-0.125933	0.00225193	-0.126489	0.00197733	
-9.18	-0.126279	0.00231013	-0.126887	0.00201152	-0.126279	0.00231013	-0.126887	0.00201152	
-9.16	-0.126628	0.00236937	-0.127289	0.00204645	-0.126628	0.00236937	-0.127289	0.00204645	
-9.14	-0.126978	0.00242968	-0.127695	0.00208211	-0.126978	0.00242968	-0.127695	0.00208211	
-9.12	-0.12733	0.00249108	-0.128104	0.00211853	-0.12733	0.00249108	-0.128104	0.00211853	
-9.1	-0.127683	0.00255357	-0.128516	0.00215573	-0.127683	0.00255357	-0.128516	0.00215573	
-9.08	-0.128038	0.00261717	-0.128931	0.00219373	-0.128038	0.00261717	-0.128931	0.00219373	
-9.06	-0.128395	0.00268191	-0.129351	0.00223254	-0.128395	0.00268191	-0.129351	0.00223254	
-9.04	-0.128753	0.00274778	-0.129773	0.0022722	-0.128753	0.00274778	-0.129773	0.0022722	
-9.02	-0.129113	0.00281482	-0.1302	0.00231272	-0.129113	0.00281482	-0.1302	0.00231272	
-9	-0.129475	0.00288304	-0.13063	0.00235413	-0.129475	0.00288304	-0.13063	0.00235413	
-8.98	-0.129838	0.00295245	-0.131064	0.00239645	-0.129838	0.00295245	-0.131064	0.00239645	
-8.96	-0.130202	0.00302306	-0.131502	0.0024397	-0.130202	0.00302306	-0.131502	0.0024397	
-8.94	-0.130569	0.00309491	-0.131944	0.00248391	-0.130569	0.00309491	-0.131944	0.00248391	
-8.92	-0.130937	0.00316799	-0.132389	0.00252911	-0.130937	0.00316799	-0.132389	0.00252911	
-8.9	-0.131307	0.00324234	-0.132839	0.00257532	-0.131307	0.00324234	-0.132839	0.00257532	
-8.88	-0.131678	0.00331796	-0.133293	0.00262256	-0.131678	0.00331796	-0.133293	0.00262256	
-8.86	-0.132051	0.00339487	-0.133751	0.00267088	-0.132051	0.00339487	-0.133751	0.00267088	
-8.84	-0.132425	0.00347308	-0.134213	0.00272029	-0.132425	0.00347308	-0.134213	0.00272029	
-8.82	-0.132801	0.00355263	-0.13468	0.00277083	-0.132801	0.00355263	-0.13468	0.00277083	
-8.8	-0.133179	0.00363351	-0.135151	0.00282253	-0.133179	0.00363351	-0.135151	0.00282253	
-8.78	-0.133559	0.00371575	-0.135626	0.00287542	-0.133559	0.00371575	-0.135626	0.00287542	
-8.76	-0.13394	0.00379936	-0.136106	0.00292954	-0.13394	0.00379936	-0.136106	0.00292954	
-8.74	-0.134322	0.00388436	-0.136591	0.00298492	-0.134322	0.00388436	-0.136591	0.00298492	
-8.72	-0.134706	0.00397077	-0.13708	0.00304159	-0.134706	0.00397077	-0.13708	0.00304159	
-8.7	-0.135092	0.0040586	-0.137574	0.0030996	-0.135092	0.0040586	-0.137574	0.0030996	
-8.68	-0.135479	0.00414787	-0.138073	0.00315898	-0.135479	0.00414787	-0.138073	0.00315898	
-8.66	-0.135868	0.0042386	-0.138577	0.00321978	-0.135868	0.0042386	-0.138577	0.00321978	
-8.64	-0.136259	0.00433079	-0.139086	0.00328202	-0.136259	0.00433079	-0.139086	0.00328202	
-8.62	-0.136651	0.00442447	-0.139601	0.00334576	-0.136651	0.00442447	-0.139601	0.00334576	
-8.6	-0.137044	0.00451965	-0.14012	0.00341105	-0.137044	0.00451965	-0.14012	0.00341105	
-8.58	-0.137439	0.00461635	-0.140645	0.00347792	-0.137439	0.00461635	-0.140645	0.00347792	
-8.56	-0.137836	0.00471459	-0.141175	0.00354642	-0.137836	0.00471459	-0.141175	0.00354642	
-8.54	-0.138234	0.00481437	-0.141711	0.00361661	-0.138234	0.00481437	-0.141711	0.00361661	
-8.52	-0.138634	0.00491571	-0.142253	0.00368853	-0.138634	0.00491571	-0.142253	0.00368853	
-8.5	-0.139035	0.00501863	-0.1428	0.00376224	-0.139035	0.00501863	-0.1428	0.00376224	
-8.48	-0.139438	0.00512315	-0.143353	0.00383779	-0.139438	0.00512315	-0.143353	0.00383779	
-8.46	-0.139842	0.00522927	-0.143912	0.00391524	-0.139842	0.00522927	-0.143912	0.00391524	
-8.44	-0.140248	0.00533702	-0.144478	0.00399464	-0.140248	0.00533702	-0.144478	0.00399464	
-8.42	-0.140655	0.00544639	-0.145049	0.00407607	-0.140655	0.00544639	-0.145049	0.00407607	
-8.4	-0.141064	0.00555742	-0.145627	0.00415959	-0.141064	0.00555742	-0.145627	0.00415959	
-8.38	-0.141474	0.00567011	-0.146212	0.00424525	-0.141474	0.00567011	-0.146212	0.00424525	
-8.36	-0.141885	0.00578447	-0.146803	0.00433313	-0.141885	0.00578447	-0.146803	0.00433313	
-8.34	-0.142298	0.00590052	-0.147401	0.0044233	-0.142298	0.00590052	-0.147401	0.0044233	
-8.32	-0.142713	0.00601827	-0.148006	0.00451584	-0.142713	0.00601827	-0.148006	0.00451584	
-8.3	-0.143128	0.00613773	-0.148618	0.00461082	-0.143128	0.00613773	-0.148618	0.00461082	
-8.28	-0.143545	0.00625891	-0.149238	0.00470832	-0.143545	0.00625891	-0.149238	0.00470832	
-8.26	-0.143964	0.00638183	-0.149865	0.00480843	-0.143964	0.00638183	-0.149865	0.00480843	
-8.24	-0.144384	0.00650649	-0.150499	0.00491124	-0.144384	0.00650649	-0.150499	0.00491124	
-8.22	-0.144805	0.0066329	-0.151141	0.00501683	-0.144805	0.0066329	-0.151141	0.00501683	
-8.2	-0.145227	0.00676107	-0.151791	0.00512529	-0.145227	0.00676107	-0.151791	0.00512529	
-8.18	-0.145651	0.00689101	-0.152449	0.00523674	-0.145651	0.00689101	-0.152449	0.00523674	
-8.16	-0.146076	0.00702274	-0.153116	0.00535126	-0.146076	0.00702274	-0.153116	0.00535126	
-8.14	-0.146502	0.00715625	-0.153791	0.00546897	-0.146502	0.00715625	-0.153791	0.00546897	
-8.12	-0.14693	0.00729155	-0.154475	0.00558999	-0.14693	0.00729155	-0.154475	0.00558999	
-8.1	-0.147358	0.00742865	-0.155167	0.00571441	-0.147358	0.00742865	-0.155167	0.00571441	
-8.08	-0.147788	0.00756756	-0.155869	0.00584237	-0.147788	0.00756756	-0.155869	0.00584237	
-8.06	-0.148219	0.00770828	-0.15658	0.005974	-0.148219	0.00770828	-0.15658	0.005974	
-8.04	-0.148652	0.00785082	-0.157301	0.00610942	-0.148652	0.00785082	-0.157301	0.00610942	
-8.02	-0.149085	0.00799518	-0.158031	0.00624878	-0.149085	0.00799518	-0.158031	0.00624878	
-8	-0.14952	0.00814135	-0.158772	0.00639222	-0.14952	0.00814135	-0.158772	0.00639222	
-7.98	-0.149955	0.00828935	-0.159523	0.00653988	-0.149955	0.00828935	-0.159523	0.00653988	
-7.96	-0.150392	0.00843918	-0.160284	0.00669194	-0.150392	0.00843918	-0.160284	0.00669194	
-7.94	-0.15083	0.00859083	-0.161057	0.00684855	-0.15083	0.00859083	-0.161057	0.00684855	
-7.92	-0.151269	0.0087443	-0.16184	0.00700989	-0.151269	0.0087443	-0.16184	0.00700989	
-7.9	-0.151709	0.0088996	-0.162635	0.00717614	-0.151709	0.0088996	-0.162635	0.00717614	
-7.88	-0.15215	0.00905672	-0.163442	0.00734749	-0.15215	0.00905672	-0.163442	0.00734749	
-7.86	-0.152591	0.00921566	-0.164261	0.00752413	-0.152591	0.00921566	-0.164261	0.00752413	
-7.84	-0.153034	0.00937641	-0.165092	0.00770629	-0.153034	0.00937641	-0.165092	0.00770629	
-7.82	-0.153478	0.00953897	-0.165936	0.00789418	-0.153478	0.00953897	-0.165936	0.00789418	
-7.8	-0.153922	0.00970333	-0.166793	0.00808803	-0.153922	0.00970333	-0.166793	0.00808803	
-7.78	-0.154368	0.00986948	-0.167664	0.00828808	-0.154368	0.00986948	-0.167664	0.00828808	
-7.76	-0.154814	0.0100374	-0.168548	0.00849459	-0.154814	0.0100374	-0.168548	0.00849459	
-7.74	-0.155262	0.0102071	-0.169447	0.00870782	-0.155262	0.0102071	-0.169447	0.00870782	
-7.72	-0.15571	0.0103786	-0.17036	0.00892806	-0.15571	0.0103786	-0.17036	0.00892806	
-7.7	-0.156158	0.0105519	-0.171289	0.00915561	-0.156158	0.0105519	-0.171289	0.00915561	
-7.68	-0.156608	0.0107269	-0.172233	0.00939077	-0.156608	0.0107269	-0.172233	0.00939077	
-7.66	-0.157058	0.0109036	-0.173193	0.00963388	-0.157058	0.0109036	-0.173193	0.00963388	
-7.64	-0.157509	0.011082	-0.17417	0.00988528	-0.157509	0.011082	-0.17417	0.00988528	
-7.62	-0.157961	0.0112621	-0.175164	0.0101453	-0.157961	0.0112621	-0.175164	0.0101453	
-7.6	-0.158414	0.0114439	-0.176176	0.0104144	-0.158414	0.0114439	-0.176176	0.0104144	
-7.58	-0.158867	0.0116274	-0.177206	0.010693	-0.158867	0.0116274	-0.177206	0.010693	
-7.56	-0.15932	0.0118125	-0.178254	0.0109815	-0.15932	0.0118125	-0.178254	0.0109815	
-7.54	-0.159775	0.0119992	-0.179323	0.0112803	-0.159775	0.0119992	-0.179323	0.0112803	
-7.52	-0.16023	0.0121875	-0.180411	0.0115899	-0.16023	0.0121875	-0.180411	0.0115899	
-7.5	-0.160685	0.0123774	-0.18152	0.0119109	-0.160685	0.0123774	-0.18152	0.0119109	
-7.48	-0.161141	0.0125689	-0.18265	0.0122437	-0.161141	0.0125689	-0.18265	0.0122437	
-7.46	-0.161598	0.0127618	-0.183803	0.012589	-0.161598	0.0127618	-0.183803	0.012589	
-7.44	-0.162055	0.0129563	-0.184979	0.0129474	-0.162055	0.0129563	-0.184979	0.0129474	
-7.42	-0.162513	0.0131522	-0.186178	0.0133195	-0.162513	0.0131522	-0.186178	0.0133195	
-7.4	-0.162971	0.0133496	-0.187403	0.013706	-0.162971	0.0133496	-0.187403	0.013706	
-7.38	-0.163429	0.0135484	-0.188652	0.0141077	-0.163429	0.0135484	-0.188652	0.0141077	
-7.36	-0.163888	0.0137485	-0.189929	0.0145253	-0.163888	0.0137485	-0.189929	0.0145253	
-7.34	-0.164348	0.01395	-0.191233	0.0149597	-0.164348	0.01395	-0.191233	0.0149597	
-7.32	-0.164808	0.0141528	-0.192566	0.0154118	-0.164808	0.0141528	-0.192566	0.0154118	
-7.3	-0.165268	0.0143568	-0.193928	0.0158824	-0.165268	0.0143568	-0.193928	0.0158824	
-7.28	-0.165728	0.0145621	-0.195321	0.0163727	-0.165728	0.0145621	-0.195321	0.0163727	
-7.26	-0.166189	0.0147686	-0.196747	0.0168837	-0.166189	0.0147686	-0.196747	0.0168837	
-7.24	-0.166651	0.0149762	-0.198206	0.0174166	-0.166651	0.0149762	-0.198206	0.0174166	
-7.22	-0.167113	0.0151849	-0.199699	0.0179726	-0.167113	0.0151849	-0.199699	0.0179726	
-7.2	-0.167575	0.0153947	-0.20123	0.0185531	-0.167575	0.0153947	-0.20123	0.0185531	
-7.18	-0.168037	0.0156056	-0.202797	0.0191595	-0.168037	0.0156056	-0.202797	0.0191595	
-7.16	-0.1685	0.0158174	-0.204405	0.0197934	-0.1685	0.0158174	-0.204405	0.0197934	
-7.14	-0.168963	0.0160301	-0.206053	0.0204564	-0.168963	0.0160301	-0.206053	0.0204564	
-7.12	-0.169427	0.0162437	-0.207745	0.0211503	-0.169427	0.0162437	-0.207745	0.0211503	
-7.1	-0.16989	0.0164582	-0.209481	0.0218771	-0.16989	0.0164582	-0.209481	0.0218771	
-7.08	-0.170354	0.0166734	-0.211265	0.0226389	-0.170354	0.0166734	-0.211265	0.0226389	
-7.06	-0.170819	0.0168894	-0.213097	0.0234379	-0.170819	0.0168894	-0.213097	0.0234379	
-7.04	-0.171284	0.017106	-0.214981	0.0242766	-0.171284	0.017106	-0.214981	0.0242766	
-7.02	-0.171749	0.0173233	-0.216919	0.0251577	-0.171749	0.0173233	-0.216919	0.0251577	
-7	-0.172214	0.0175412	-0.218914	0.0260841	-0.172214	0.0175412	-0.218914	0.0260841	
-6.98	-0.17268	0.0177596	-0.220968	0.0270589	-0.17268	0.0177596	-0.220968	0.0270589	
-6.96	-0.173146	0.0179784	-0.223084	0.0280856	-0.173146	0.0179784	-0.223084	0.0280856	
-6.94	-0.173613	0.0181977	-0.225266	0.0291679	-0.173613	0.0181977	-0.225266	0.0291679	
-6.92	-0.174079	0.0184174	-0.227516	0.0303099	-0.174079	0.0184174	-0.227516	0.0303099	
-6.9	-0.174547	0.0186373	-0.229839	0.0315162	-0.174547	0.0186373	-0.229839	0.0315162	
-6.88	-0.175014	0.0188575	-0.232239	0.0327916	-0.175014	0.0188575	-0.232239	0.0327916	
-6.86	-0.175482	0.0190778	-0.234718	0.0341417	-0.175482	0.0190778	-0.234718	0.0341417	
-6.84	-0.175951	0.0192983	-0.237283	0.0355723	-0.175951	0.0192983	-0.237283	0.0355723	
-6.82	-0.17642	0.0195189	-0.239937	0.0370902	-0.17642	0.0195189	-0.239937	0.0370902	
-6.8	-0.17689	0.0197394	-0.242685	0.0387025	-0.17689	0.0197394	-0.242685	0.0387025	
-6.78	-0.17736	0.0199599	-0.245534	0.0404174	-0.17736	0.0199599	-0.245534	0.0404174	
-6.76	-0.17783	0.0201803	-0.248488	0.0422439	-0.17783	0.0201803	-0.248488	0.0422439	
-6.74	-0.178301	0.0204005	-0.251554	0.0441919	-0.178301	0.0204005	-0.251554	0.0441919	
-6.72	-0.178773	0.0206205	-0.254738	0.0462727	-0.178773	0.0206205	-0.254738	0.0462727	
-6.7	-0.179246	0.0208401	-0.258048	0.0484986	-0.179246	0.0208401	-0.258048	0.0484986	
-6.68	-0.179719	0.0210594	-0.261491	0.0508838	-0.179719	0.0210594	-0.261491	0.0508838	
-6.66	-0.180192	0.0212782	-0.265075	0.0534439	-0.180192	0.0212782	-0.265075	0.0534439	
-6.64	-0.180667	0.0214966	-0.268808	0.0561967	-0.180667	0.0214966	-0.268808	0.0561967	
-6.62	-0.181142	0.0217144	-0.272701	0.0591623	-0.181142	0.0217144	-0.272701	0.0591623	
-6.6	-0.181618	0.0219316	-0.276761	0.0623633	-0.181618	0.0219316	-0.276761	0.0623633	
-6.58	-0.182096	0.0221482	-0.281	0.0658258	-0.182096	0.0221482	-0.281	0.0658258	
-6.56	-0.182574	0.0223639	-0.285428	0.0695792	-0.182574	0.0223639	-0.285428	0.0695792	
-6.54	-0.183053	0.0225789	-0.290056	0.0736574	-0.183053	0.0225789	-0.290056	0.0736574	
-6.52	-0.183533	0.0227931	-0.294895	0.0780991	-0.183533	0.0227931	-0.294895	0.0780991	
-6.5	-0.184014	0.0230063	-0.299957	0.0829492	-0.184014	0.0230063	-0.299957	0.0829492	
-6.48	-0.184496	0.0232185	-0.305252	0.0882594	-0.184496	0.0232185	-0.305252	0.0882594	
-6.46	-0.18498	0.0234296	-0.310791	0.0940898	-0.18498	0.0234296	-0.310791	0.0940898	
-6.44	-0.185464	0.0236397	-0.316583	0.10051	-0.185464	0.0236397	-0.316583	0.10051	
-6.42	-0.18595	0.0238486	-0.322634	0.107603	-0.18595	0.0238486	-0.322634	0.107603	
-6.4	-0.186438	0.0240563	-0.328948	0.115463	-0.186438	0.0240563	-0.328948	0.115463	
-6.38	-0.186927	0.0242627	-0.335523	0.124204	-0.186927	0.0242627	-0.335523	0.124204	
-6.36	-0.187417	0.0244677	-0.342347	0.133959	-0.187417	0.0244677	-0.342347	0.133959	
-6.34	-0.18791	0.0246714	-0.349399	0.144885	-0.18791	0.0246714	-0.349399	0.144885	
-6.32	-0.188403	0.0248736	-0.356637	0.157168	-0.188403	0.0248736	-0.356637	0.157168	
-6.3	-0.188899	0.0250743	-0.363998	0.17103	-0.188899	0.0250743	-0.363998	0.17103	
-6.28	-0.189396	0.0252734	-0.371378	0.186731	-0.189396	0.0252734	-0.371378	0.186731	
-6.26	-0.189896	0.025471	-0.378625	0.204579	-0.189896	0.025471	-0.378625	0.204579	
-6.24	-0.190397	0.0256668	-0.38551	0.224932	-0.190397	0.0256668	-0.38551	0.224932	
-6.22	-0.1909	0.025861	-0.391699	0.248203	-0.1909	0.025861	-0.391699	0.248203	
-6.2	-0.191406	0.0260533	-0.396706	0.274853	-0.191406	0.0260533	-0.396706	0.274853	
-6.18	-0.191914	0.0262439	-0.399838	0.305373	-0.191914	0.0262439	-0.399838	0.305373	
-6.16	-0.192424	0.0264326	-0.400115	0.340239	-0.192424	0.0264326	-0.400115	0.340239	
-6.14	-0.192936	0.0266193	-0.396175	0.379824	-0.192936	0.0266193	-0.396175	0.379824	
-6.12	-0.193451	0.0268041	-0.386185	0.424229	-0.193451	0.0268041	-0.386185	0.424229	
-6.1	-0.193969	0.0269869	-0.367782	0.473004	-0.193969	0.0269869	-0.367782	0.473004	
-6.08	-0.19449	0.0271677	-0.338153	0.524742	-0.19449	0.0271677	-0.338153	0.524742	
-6.06	-0.195013	0.0273463	-0.294385	0.576552	-0.195013	0.0273463	-0.294385	0.576552	
-6.04	-0.195539	0.0275228	-0.234276	0.62363	-0.195539	0.0275228	-0.234276	0.62363	
-6.02	-0.196068	0.0276971	-0.157673	0.659328	-0.196068	0.0276971	-0.157673	0.659328	
-6	-0.1966	0.0278693	-0.067925	0.676285	-0.1966	0.0278693	-0.067925	0.676285	
-5.98	-0.197135	0.0280391	0.0275241	0.668803	-0.197135	0.0280391	0.0275241	0.668803	
-5.96	-0.197674	0.0282067	0.118529	0.635505	-0.197674	0.0282067	0.118529	0.635505	
-5.94	-0.198216	0.0283719	0.195448	0.580444	-0.198216	0.0283719	0.195448	0.580444	
-5.92	-0.198762	0.0285348	0.252299	0.511594	-0.198762	0.0285348	0.252299	0.511594	
-5.9	-0.199311	0.0286952	0.287886	0.43778	-0.199311	0.0286952	0.287886	0.43778	
-5.88	-0.199864	0.0288533	0.304729	0.3661	-0.199864	0.0288533	0.304729	0.3661	
-5.86	-0.200421	0.0290088	0.307094	0.300913	-0.200421	0.0290088	0.307094	0.300913	
-5.84	-0.200981	0.0291619	0.299386	0.244123	-0.200981	0.0291619	0.299386	0.244123	
-5.82	-0.201546	0.0293125	0.2853	0.195972	-0.201546	0.0293125	0.2853	0.195972	
-5.8	-0.202115	0.0294605	0.267591	0.155797	-0.202115	0.0294605	0.267591	0.155797	
-5.78	-0.202688	0.0296059	0.24816	0.122564	-0.202688	0.0296059	0.24816	0.122564	
-5.76	-0.203266	0.0297488	0.228244	0.0951714	-0.203266	0.0297488	0.228244	0.0951714	
-5.74	-0.203848	0.029889	0.208603	0.0725971	-0.203848	0.029889	0.208603	0.0725971	
-5.72	-0.204435	0.0300265	0.189681	0.0539575	-0.204435	0.0300265	0.189681	0.0539575	
-5.7	-0.205026	0.0301614	0.171714	0.0385155	-0.205026	0.0301614	0.171714	0.0385155	
-5.68	-0.205623	0.0302936	0.154804	0.0256694	-0.205623	0.0302936	0.154804	0.0256694	
-5.66	-0.206224	0.0304231	0.138976	0.0149333	-0.206224	0.0304231	0.138976	0.0149333	
-5.64	-0.206831	0.0305498	0.124204	0.00591691	-0.206831	0.0305498	0.124204	0.00591691	
-5.62	-0.207442	0.0306738	0.110439	-0.00169288	-0.207442	0.0306738	0.110439	-0.00169288	
-5.6	-0.20806	0.0307951	0.0976153	-0.00814738	-0.20806	0.0307951	0.0976153	-0.00814738	
-5.58	-0.208682	0.0309135	0.0856642	-0.0136488	-0.208682	0.0309135	0.0856642	-0.0136488	
-5.56	-0.20931	0.0310292	0.074516	-0.0183605	-0.20931	0.0310292	0.074516	-0.0183605	
-5.54	-0.209944	0.031142	0.0641032	-0.0224147	-0.209944	0.031142	0.0641032	-0.0224147	
-5.52	-0.210584	0.031252	0.0543626	-0.0259193	-0.210584	0.031252	0.0543626	-0.0259193	
-5.5	-0.211229	0.0313592	0.0452353	-0.0289625	-0.211229	0.0313592	0.0452353	-0.0289625	
-5.48	-0.211881	0.0314635	0.0366673	-0.0316166	-0.211881	0.0314635	0.0366673	-0.0316166	
-5.46	-0.212539	0.0315649	0.0286096	-0.0339416	-0.212539	0.0315649	0.0286096	-0.0339416	
-5.44	-0.213204	0.0316635	0.0210175	-0.035987	-0.213204	0.0316635	0.0210175	-0.035987	
-5.42	-0.213874	0.0317592	0.0138506	-0.0377943	-0.213874	0.0317592	0.0138506	-0.0377943	
-5.4	-0.214552	0.0318519	0.00707255	-0.0393978	-0.214552	0.0318519	0.00707255	-0.0393978	
-5.38	-0.215236	0.0319418	0.000650342	-0.0408269	-0.215236	0.0319418	0.000650342	-0.0408269	
-5.36	-0.215927	0.0320288	-0.00544576	-0.0421058	-0.215927	0.0320288	-0.00544576	-0.0421058	
-5.34	-0.216625	0.0321128	-0.0112426	-0.0432556	-0.216625	0.0321128	-0.0112426	-0.0432556	
-5.32	-0.21733	0.032194	-0.0167646	-0.0442937	-0.21733	0.032194	-0.0167646	-0.0442937	
-5.3	-0.218043	0.0322721	-0.0220335	-0.0452352	-0.218043	0.0322721	-0.0220335	-0.0452352	
-5.28	-0.218763	0.0323474	-0.0270695	-0.0460931	-0.218763	0.0323474	-0.0270695	-0.0460931	
-5.26	-0.21949	0.0324197	-0.0318904	-0.0468785	-0.21949	0.0324197	-0.0318904	-0.0468785	
-5.24	-0.220225	0.032489	-0.0365129	-0.0476008	-0.220225	0.032489	-0.0365129	-0.0476008	
-5.22	-0.220968	0.0325554	-0.0409518	-0.0482684	-0.220968	0.0325554	-0.0409518	-0.0482684	
-5.2	-0.221719	0.0326188	-0.0452207	-0.0488884	-0.221719	0.0326188	-0.0452207	-0.0488884	
-5.18	-0.222478	0.0326792	-0.0493321	-0.049467	-0.222478	0.0326792	-0.0493321	-0.049467	
-5.16	-0.223245	0.0327367	-0.0532974	-0.0500097	-0.223245	0.0327367	-0.0532974	-0.0500097	
-5.14	-0.224021	0.0327911	-0.0571269	-0.0505212	-0.224021	0.0327911	-0.0571269	-0.0505212	
-5.12	-0.224805	0.0328426	-0.0608302	-0.0510056	-0.224805	0.0328426	-0.0608302	-0.0510056	
-5.1	-0.225597	0.0328911	-0.0644162	-0.0514666	-0.225597	0.0328911	-0.0644162	-0.0514666	
-5.08	-0.226399	0.0329366	-0.0678927	-0.0519075	-0.226399	0.0329366	-0.0678927	-0.0519075	
-5.06	-0.227209	0.032979	-0.0712675	-0.052331	-0.227209	0.032979	-0.0712675	-0.052331	
-5.04	-0.228029	0.0330185	-0.0745471	-0.0527397	-0.228029	0.0330185	-0.0745471	-0.0527397	
-5.02	-0.228858	0.0330549	-0.0777381	-0.0531358	-0.228858	0.0330549	-0.0777381	-0.0531358	
-5	-0.229696	0.0330883	-0.0808463	-0.0535212	-0.229696	0.0330883	-0.0808463	-0.0535212	
-4.98	-0.230543	0.0331187	-0.0838772	-0.0538978	-0.230543	0.0331187	-0.0838772	-0.0538978	
-4.96	-0.231401	0.033146	-0.0868357	-0.0542671	-0.231401	0.033146	-0.0868357	-0.0542671	
-4.94	-0.232268	0.0331703	-0.0897267	-0.0546305	-0.232268	0.0331703	-0.0897267	-0.0546305	
-4.92	-0.233145	0.0331916	-0.0925544	-0.0549893	-0.233145	0.0331916	-0.0925544	-0.0549893	
-4.9	-0.234032	0.0332097	-0.0953231	-0.0553446	-0.234032	0.0332097	-0.0953231	-0.0553446	
-4.88	-0.23493	0.0332248	-0.0980364	-0.0556974	-0.23493	0.0332248	-0.0980364	-0.0556974	
-4.86	-0.235838	0.0332368	-0.100698	-0.0560487	-0.235838	0.0332368	-0.100698	-0.0560487	
-4.84	-0.236756	0.0332457	-0.103311	-0.0563992	-0.236756	0.0332457	-0.103311	-0.0563992	
-4.82	-0.237685	0.0332515	-0.105879	-0.0567498	-0.237685	0.0332515	-0.105879	-0.0567498	
-4.8	-0.238626	0.0332542	-0.108404	-0.057101	-0.238626	0.0332542	-0.108404	-0.057101	
-4.78	-0.239577	0.0332538	-0.11089	-0.0574536	-0.239577	0.0332538	-0.11089	-0.0574536	
-4.76	-0.24054	0.0332502	-0.113339	-0.057808	-0.24054	0.0332502	-0.113339	-0.057808	
-4.74	-0.241513	0.0332435	-0.115754	-0.0581649	-0.241513	0.0332435	-0.115754	-0.0581649	
-4.72	-0.242499	0.0332335	-0.118136	-0.0585246	-0.242499	0.0332335	-0.118136	-0.0585246	
-4.7	-0.243496	0.0332204	-0.120488	-0.0588877	-0.243496	0.0332204	-0.120488	-0.0588877	
-4.68	-0.244505	0.0332041	-0.122812	-0.0592545	-0.244505	0.0332041	-0.122812	-0.0592545	
-4.66	-0.245526	0.0331846	-0.12511	-0.0596253	-0.245526	0.0331846	-0.12511	-0.0596253	
-4.64	-0.24656	0.0331618	-0.127383	-0.0600006	-0.24656	0.0331618	-0.127383	-0.0600006	
-4.62	-0.247606	0.0331357	-0.129635	-0.0603807	-0.247606	0.0331357	-0.129635	-0.0603807	
-4.6	-0.248664	0.0331064	-0.131865	-0.0607658	-0.248664	0.0331064	-0.131865	-0.0607658	
-4.58	-0.249736	0.0330738	-0.134077	-0.0611562	-0.249736	0.0330738	-0.134077	-0.0611562	
-4.56	-0.25082	0.0330378	-0.13627	-0.0615522	-0.25082	0.0330378	-0.13627	-0.0615522	
-4.54	-0.251917	0.0329984	-0.138448	-0.061954	-0.251917	0.0329984	-0.138448	-0.061954	
-4.52	-0.253028	0.0329557	-0.14061	-0.062362	-0.253028	0.0329557	-0.14061	-0.062362	
-4.5	-0.254152	0.0329095	-0.142759	-0.0627762	-0.254152	0.0329095	-0.142759	-0.0627762	
-4.48	-0.25529	0.0328599	-0.144896	-0.0631969	-0.25529	0.0328599	-0.144896	-0.0631969	
-4.46	-0.256442	0.0328068	-0.147021	-0.0636244	-0.256442	0.0328068	-0.147021	-0.0636244	
-4.44	-0.257608	0.0327502	-0.149137	-0.0640587	-0.257608	0.0327502	-0.149137	-0.0640587	
-4.42	-0.258788	0.0326901	-0.151243	-0.0645002	-0.258788	0.0326901	-0.151243	-0.0645002	
-4.4	-0.259983	0.0326263	-0.153342	-0.0649489	-0.259983	0.0326263	-0.153342	-0.0649489	
-4.38	-0.261193	0.0325589	-0.155435	-0.0654051	-0.261193	0.0325589	-0.155435	-0.0654051	
-4.36	-0.262417	0.0324879	-0.157521	-0.0658689	-0.262417	0.0324879	-0.157521	-0.0658689	
-4.34	-0.263657	0.0324131	-0.159602	-0.0663405	-0.263657	0.0324131	-0.159602	-0.0663405	
-4.32	-0.264912	0.0323346	-0.16168	-0.0668201	-0.264912	0.0323346	-0.16168	-0.0668201	
-4.3	-0.266182	0.0322523	-0.163755	-0.0673078	-0.266182	0.0322523	-0.163755	-0.0673078	
-4.28	-0.267468	0.0321661	-0.165827	-0.0678038	-0.267468	0.0321661	-0.165827	-0.0678038	
-4.26	-0.26877	0.032076	-0.167898	-0.0683083	-0.26877	0.032076	-0.167898	-0.0683083	
-4.24	-0.270089	0.0319819	-0.169968	-0.0688214	-0.270089	0.0319819	-0.169968	-0.0688214	
-4.22	-0.271424	0.0318838	-0.172039	-0.0693433	-0.271424	0.0318838	-0.172039	-0.0693433	
-4.2	-0.272775	0.0317816	-0.174111	-0.0698741	-0.272775	0.0317816	-0.174111	-0.0698741	
-4.18	-0.274144	0.0316752	-0.176184	-0.0704141	-0.274144	0.0316752	-0.176184	-0.0704141	
-4.16	-0.27553	0.0315647	-0.17826	-0.0709634	-0.27553	0.0315647	-0.17826	-0.0709634	
-4.14	-0.276933	0.0314498	-0.180339	-0.0715221	-0.276933	0.0314498	-0.180339	-0.0715221	
-4.12	-0.278354	0.0313306	-0.182421	-0.0720904	-0.278354	0.0313306	-0.182421	-0.0720904	
-4.1	-0.279792	0.031207	-0.184508	-0.0726686	-0.279792	0.031207	-0.184508	-0.0726686	
-4.08	-0.281249	0.0310788	-0.1866	-0.0732567	-0.281249	0.0310788	-0.1866	-0.0732567	
-4.06	-0.282725	0.0309461	-0.188698	-0.073855	-0.282725	0.0309461	-0.188698	-0.073855	
-4.04	-0.284219	0.0308087	-0.190802	-0.0744636	-0.284219	0.0308087	-0.190802	-0.0744636	
-4.02	-0.285731	0.0306665	-0.192913	-0.0750828	-0.285731	0.0306665	-0.192913	-0.0750828	
-4	-0.287264	0.0305195	-0.195031	-0.0757127	-0.287264	0.0305195	-0.195031	-0.0757127	
-3.98	-0.288815	0.0303675	-0.197158	-0.0763535	-0.288815	0.0303675	-0.197158	-0.0763535	
-3.96	-0.290387	0.0302104	-0.199293	-0.0770054	-0.290387	0.0302104	-0.199293	-0.0770054	
-3.94	-0.291978	0.0300482	-0.201437	-0.0776687	-0.291978	0.0300482	-0.201437	-0.0776687	
-3.92	-0.29359	0.0298808	-0.20359	-0.0783436	-0.29359	0.0298808	-0.20359	-0.0783436	
-3.9	-0.295223	0.0297079	-0.205754	-0.0790302	-0.295223	0.0297079	-0.205754	-0.0790302	
-3.88	-0.296877	0.0295296	-0.207929	-0.0797289	-0.296877	0.0295296	-0.207929	-0.0797289	
-3.86	-0.298551	0.0293456	-0.210115	-0.0804398	-0.298551	0.0293456	-0.210115	-0.0804398	
-3.84	-0.300248	0.0291559	-0.212312	-0.0811632	-0.300248	0.0291559	-0.212312	-0.0811632	
-3.82	-0.301966	0.0289604	-0.214522	-0.0818994	-0.301966	0.0289604	-0.214522	-0.0818994	
-3.8	-0.303707	0.0287588	-0.216745	-0.0826485	-0.303707	0.0287588	-0.216745	-0.0826485	
-3.78	-0.30547	0.0285511	-0.21898	-0.0834109	-0.30547	0.0285511	-0.21898	-0.0834109	
-3.76	-0.307256	0.028337	-0.22123	-0.0841869	-0.307256	0.028337	-0.22123	-0.0841869	
-3.74	-0.309066	0.0281165	-0.223493	-0.0849768	-0.309066	0.0281165	-0.223493	-0.0849768	
-3.72	-0.310899	0.0278894	-0.225771	-0.0857808	-0.310899	0.0278894	-0.225771	-0.0857808	
-3.7	-0.312755	0.0276556	-0.228064	-0.0865992	-0.312755	0.0276556	-0.228064	-0.0865992	
-3.68	-0.314637	0.0274147	-0.230372	-0.0874324	-0.314637	0.0274147	-0.230372	-0.0874324	
-3.66	-0.316543	0.0271668	-0.232696	-0.0882807	-0.316543	0.0271668	-0.232696	-0.0882807	
-3.64	-0.318474	0.0269115	-0.235037	-0.0891445	-0.318474	0.0269115	-0.235037	-0.0891445	
-3.62	-0.32043	0.0266488	-0.237394	-0.0900241	-0.32043	0.0266488	-0.237394	-0.0900241	
-3.6	-0.322412	0.0263783	-0.239768	-0.0909198	-0.322412	0.0263783	-0.239768	-0.0909198	
-3.58	-0.324421	0.0261	-0.24216	-0.0918321	-0.324421	0.0261	-0.24216	-0.0918321	
-3.56	-0.326456	0.0258135	-0.24457	-0.0927614	-0.326456	0.0258135	-0.24457	-0.0927614	
-3.54	-0.328518	0.0255186	-0.246998	-0.093708	-0.328518	0.0255186	-0.246998	-0.093708	
-3.52	-0.330607	0.0252152	-0.249445	-0.0946724	-0.330607	0.0252152	-0.249445	-0.0946724	
-3.5	-0.332725	0.024903	-0.251911	-0.095655	-0.332725	0.024903	-0.251911	-0.095655	
-3.48	-0.334871	0.0245818	-0.254397	-0.0966563	-0.334871	0.0245818	-0.254397	-0.0966563	
-3.46	-0.337045	0.0242512	-0.256902	-0.0976767	-0.337045	0.0242512	-0.256902	-0.0976767	
-3.44	-0.339249	0.023911	-0.259428	-0.0987168	-0.339249	0.023911	-0.259428	-0.0987168	
-3.42	-0.341482	0.023561	-0.261975	-0.0997771	-0.341482	0.023561	-0.261975	-0.0997771	
-3.4	-0.343746	0.0232008	-0.264542	-0.100858	-0.343746	0.0232008	-0.264542	-0.100858	
-3.38	-0.34604	0.0228302	-0.267131	-0.10196	-0.34604	0.0228302	-0.267131	-0.10196	
-3.36	-0.348366	0.0224488	-0.269741	-0.103084	-0.348366	0.0224488	-0.269741	-0.103084	
-3.34	-0.350723	0.0220563	-0.272374	-0.10423	-0.350723	0.0220563	-0.272374	-0.10423	
-3.32	-0.353112	0.0216524	-0.275029	-0.1054	-0.353112	0.0216524	-0.275029	-0.1054	
-3.3	-0.355533	0.0212368	-0.277706	-0.106593	-0.355533	0.0212368	-0.277706	-0.106593	
-3.28	-0.357988	0.0208091	-0.280407	-0.10781	-0.357988	0.0208091	-0.280407	-0.10781	
-3.26	-0.360477	0.0203689	-0.283131	-0.109052	-0.360477	0.0203689	-0.283131	-0.109052	
-3.24	-0.363	0.0199158	-0.285879	-0.110319	-0.363	0.0199158	-0.285879	-0.110319	
-3.22	-0.365557	0.0194494	-0.28865	-0.111613	-0.365557	0.0194494	-0.28865	-0.111613	
-3.2	-0.36815	0.0189694	-0.291446	-0.112935	-0.36815	0.0189694	-0.291446	-0.112935	
-3.18	-0.370779	0.0184752	-0.294267	-0.114283	-0.370779	0.0184752	-0.294267	-0.114283	
-3.16	-0.373445	0.0179665	-0.297112	-0.115661	-0.373445	0.0179665	-0.297112	-0.115661	
-3.14	-0.376148	0.0174428	-0.299982	-0.117068	-0.376148	0.0174428	-0.299982	-0.117068	
-3.12	-0.378888	0.0169036	-0.302878	-0.118506	-0.378888	0.0169036	-0.302878	-0.118506	
-3.1	-0.381667	0.0163484	-0.305799	-0.119974	-0.381667	0.0163484	-0.305799	-0.119974	
-3.08	-0.384485	0.0157766	-0.308746	-0.121475	-0.384485	0.0157766	-0.308746	-0.121475	
-3.06	-0.387343	0.0151878	-0.311719	-0.123009	-0.387343	0.0151878	-0.311719	-0.123009	
-3.04	-0.390241	0.0145815	-0.314719	-0.124577	-0.390241	0.0145815	-0.314719	-0.124577	
-3.02	-0.39318	0.0139569	-0.317744	-0.126181	-0.39318	0.0139569	-0.317744	-0.126181	
-3	-0.396161	0.0133135	-0.320797	-0.12782	-0.396161	0.0133135	-0.320797	-0.12782	
-2.98	-0.399184	0.0126508	-0.323876	-0.129496	-0.399184	0.0126508	-0.323876	-0.129496	
-2.96	-0.402251	0.011968	-0.326982	-0.131211	-0.402251	0.011968	-0.326982	-0.131211	
-2.94	-0.405361	0.0112644	-0.330114	-0.132965	-0.405361	0.0112644	-0.330114	-0.132965	
-2.92	-0.408517	0.0105395	-0.333275	-0.13476	-0.408517	0.0105395	-0.333275	-0.13476	
-2.9	-0.411717	0.00979242	-0.336462	-0.136597	-0.411717	0.00979242	-0.336462	-0.136597	
-2.88	-0.414964	0.00902247	-0.339676	-0.138477	-0.414964	0.00902247	-0.339676	-0.138477	
-2.86	-0.418258	0.00822886	-0.342918	-0.140402	-0.418258	0.00822886	-0.342918	-0.140402	
-2.84	-0.421599	0.00741078	-0.346187	-0.142372	-0.421599	0.00741078	-0.346187	-0.142372	
-2.82	-0.42499	0.00656741	-0.349484	-0.14439	-0.42499	0.00656741	-0.349484	-0.14439	
-2.8	-0.428429	0.00569786	-0.352807	-0.146456	-0.428429	0.00569786	-0.352807	-0.146456	
-2.78	-0.431919	0.00480124	-0.356158	-0.148572	-0.431919	0.00480124	-0.356158	-0.148572	
-2.76	-0.435461	0.0038766	-0.359536	-0.15074	-0.435461	0.0038766	-0.359536	-0.15074	
-2.74	-0.439054	0.00292299	-0.362941	-0.152961	-0.439054	0.00292299	-0.362941	-0.152961	
-2.72	-0.442701	0.00193937	-0.366372	-0.155237	-0.442701	0.00193937	-0.366372	-0.155237	
-2.7	-0.446401	0.000924705	-0.369831	-0.15757	-0.446401	0.000924705	-0.369831	-0.15757	
-2.68	-0.450156	-0.000122097	-0.373315	-0.15996	-0.450156	-0.000122097	-0.373315	-0.15996	
-2.66	-0.453968	-0.00120217	-0.376826	-0.162411	-0.453968	-0.00120217	-0.376826	-0.162411	
-2.64	-0.457836	-0.0023167	-0.380362	-0.164923	-0.457836	-0.0023167	-0.380362	-0.164923	
-2.62	-0.461762	-0.00346689	-0.383923	-0.167499	-0.461762	-0.00346689	-0.383923	-0.167499	
-2.6	-0.465746	-0.00465404	-0.38751	-0.17014	-0.465746	-0.00465404	-0.38751	-0.17014	
-2.58	-0.469791	-0.00587945	-0.39112	-0.172848	-0.469791	-0.00587945	-0.39112	-0.172848	
-2.56	-0.473897	-0.0071445	-0.394754	-0.175626	-0.473897	-0.0071445	-0.394754	-0.175626	
-2.54	-0.478064	-0.00845062	-0.398412	-0.178475	-0.478064	-0.00845062	-0.398412	-0.178475	
-2.52	-0.482295	-0.00979929	-0.402092	-0.181398	-0.482295	-0.00979929	-0.402092	-0.181398	
-2.5	-0.48659	-0.0111921	-0.405794	-0.184396	-0.48659	-0.0111921	-0.405794	-0.184396	
-2.48	-0.49095	-0.0126305	-0.409516	-0.187472	-0.49095	-0.0126305	-0.409516	-0.187472	
-2.46	-0.495376	-0.0141163	-0.413259	-0.190629	-0.495376	-0.0141163	-0.413259	-0.190629	
-2.44	-0.499871	-0.0156513	-0.41702	-0.193867	-0.499871	-0.0156513	-0.41702	-0.193867	
-2.42	-0.504434	-0.0172371	-0.4208	-0.19719	-0.504434	-0.0172371	-0.4208	-0.19719	
-2.4	-0.509067	-0.0188757	-0.424596	-0.2006	-0.509067	-0.0188757	-0.424596	-0.2006	
-2.38	-0.513771	-0.0205691	-0.428408	-0.204099	-0.513771	-0.0205691	-0.428408	-0.204099	
-2.36	-0.518547	-0.0223192	-0.432234	-0.207691	-0.518547	-0.0223192	-0.432234	-0.207691	
-2.34	-0.523397	-0.0241282	-0.436072	-0.211376	-0.523397	-0.0241282	-0.436072	-0.211376	
-2.32	-0.528323	-0.0259983	-0.439922	-0.215158	-0.528323	-0.0259983	-0.439922	-0.215158	
-2.3	-0.533324	-0.0279317	-0.443782	-0.21904	-0.533324	-0.0279317	-0.443782	-0.21904	
-2.28	-0.538403	-0.0299308	-0.447649	-0.223024	-0.538403	-0.0299308	-0.447649	-0.223024	
-2.26	-0.54356	-0.0319982	-0.451521	-0.227112	-0.54356	-0.0319982	-0.451521	-0.227112	
-2.24	-0.548798	-0.0341364	-0.455398	-0.231307	-0.548798	-0.0341364	-0.455398	-0.231307	
-2.22	-0.554116	-0.0363481	-0.459276	-0.235612	-0.554116	-0.0363481	-0.459276	-0.235612	
-2.2	-0.559518	-0.038636	-0.463153	-0.24003	-0.559518	-0.038636	-0.463153	-0.24003	
-2.18	-0.565004	-0.0410031	-0.467027	-0.244563	-0.565004	-0.0410031	-0.467027	-0.244563	
-2.16	-0.570575	-0.0434524	-0.470895	-0.249214	-0.570575	-0.0434524	-0.470895	-0.249214	
-2.14	-0.576232	-0.0459871	-0.474754	-0.253985	-0.576232	-0.0459871	-0.474754	-0.253985	
-2.12	-0.581978	-0.0486105	-0.478602	-0.258879	-0.581978	-0.0486105	-0.478602	-0.258879	
-2.1	-0.587814	-0.0513259	-0.482435	-0.2639	-0.587814	-0.0513259	-0.482435	-0.2639	
-2.08	-0.59374	-0.054137	-0.486249	-0.269048	-0.59374	-0.054137	-0.486249	-0.269048	
-2.06	-0.599758	-0.0570474	-0.490042	-0.274328	-0.599758	-0.0570474	-0.490042	-0.274328	
-2.04	-0.60587	-0.060061	-0.49381	-0.279742	-0.60587	-0.060061	-0.49381	-0.279742	
-2.02	-0.612076	-0.0631819	-0.497549	-0.285291	-0.612076	-0.0631819	-0.497549	-0.285291	
-2	-0.618379	-0.0664143	-0.501255	-0.290979	-0.618379	-0.0664143	-0.501255	-0.290979	
-1.98	-0.624779	-0.0697624	-0.504923	-0.296808	-0.624779	-0.0697624	-0.504923	-0.296808	
-1.96	-0.631277	-0.073231	-0.508549	-0.30278	-0.631277	-0.073231	-0.508549	-0.30278	
-1.94	-0.637876	-0.0768246	-0.512129	-0.308898	-0.637876	-0.0768246	-0.512129	-0.308898	
-1.92	-0.644575	-0.0805484	-0.515657	-0.315162	-0.644575	-0.0805484	-0.515657	-0.315162	
-1.9	-0.651377	-0.0844074	-0.519129	-0.321577	-0.651377	-0.0844074	-0.519129	-0.321577	
-1.88	-0.658283	-0.088407	-0.522539	-0.328142	-0.658283	-0.088407	-0.522539	-0.328142	
-1.86	-0.665293	-0.0925529	-0.525881	-0.33486	-0.665293	-0.0925529	-0.525881	-0.33486	
-1.84	-0.672408	-0.0968508	-0.529151	-0.341732	-0.672408	-0.0968508	-0.529151	-0.341732	
-1.82	-0.67963	-0.101307	-0.532341	-0.34876	-0.67963	-0.101307	-0.532341	-0.34876	
-1.8	-0.686959	-0.105927	-0.535447	-0.355944	-0.686959	-0.105927	-0.535447	-0.355944	
-1.78	-0.694396	-0.110719	-0.538461	-0.363286	-0.694396	-0.110719	-0.538461	-0.363286	
-1.76	-0.701942	-0.115689	-0.541377	-0.370786	-0.701942	-0.115689	-0.541377	-0.370786	
-1.74	-0.709598	-0.120843	-0.544188	-0.378444	-0.709598	-0.120843	-0.544188	-0.378444	
-1.72	-0.717363	-0.126191	-0.546887	-0.38626	-0.717363	-0.126191	-0.546887	-0.38626	
-1.7	-0.725239	-0.131739	-0.549468	-0.394235	-0.725239	-0.131739	-0.549468	-0.394235	
-1.68	-0.733225	-0.137495	-0.551923	-0.402367	-0.733225	-0.137495	-0.551923	-0.402367	
-1.66	-0.741321	-0.143468	-0.554244	-0.410656	-0.741321	-0.143468	-0.554244	-0.410656	
-1.64	-0.749527	-0.149667	-0.556424	-0.419101	-0.749527	-0.149667	-0.556424	-0.419101	
-1.62	-0.757843	-0.156102	-0.558456	-0.427699	-0.757843	-0.156102	-0.558456	-0.427699	
-1.6	-0.766269	-0.16278	-0.560331	-0.436449	-0.766269	-0.16278	-0.560331	-0.436449	
-1.58	-0.774802	-0.169713	-0.562041	-0.445349	-0.774802	-0.169713	-0.562041	-0.445349	
-1.56	-0.783443	-0.176911	-0.56358	-0.454395	-0.783443	-0.176911	-0.56358	-0.454395	
-1.54	-0.79219	-0.184384	-0.564938	-0.463584	-0.79219	-0.184384	-0.564938	-0.463584	
-1.52	-0.80104	-0.192144	-0.566108	-0.472913	-0.80104	-0.192144	-0.566108	-0.472913	
-1.5	-0.809993	-0.200203	-0.567082	-0.482378	-0.809993	-0.200203	-0.567082	-0.482378	
-1.48	-0.819045	-0.208571	-0.567852	-0.491973	-0.819045	-0.208571	-0.567852	-0.491973	
-1.46	-0.828194	-0.217263	-0.568411	-0.501693	-0.828194	-0.217263	-0.568411	-0.501693	
-1.44	-0.837436	-0.22629	-0.568749	-0.511534	-0.837436	-0.22629	-0.568749	-0.511534	
-1.42	-0.846767	-0.235667	-0.568861	-0.521488	-0.846767	-0.235667	-0.568861	-0.521488	
-1.4	-0.856183	-0.245408	-0.568738	-0.53155	-0.856183	-0.245408	-0.568738	-0.53155	
-1.38	-0.865678	-0.255526	-0.568373	-0.541712	-0.865678	-0.255526	-0.568373	-0.541712	
-1.36	-0.875248	-0.266038	-0.56776	-0.551966	-0.875248	-0.266038	-0.56776	-0.551966	
-1.34	-0.884886	-0.276958	-0.566891	-0.562305	-0.884886	-0.276958	-0.566891	-0.562305	
-1.32	-0.894584	-0.288302	-0.565761	-0.572719	-0.894584	-0.288302	-0.565761	-0.572719	
-1.3	-0.904334	-0.300088	-0.564363	-0.583201	-0.904334	-0.300088	-0.564363	-0.583201	
-1.28	-0.914128	-0.312332	-0.562691	-0.593741	-0.914128	-0.312332	-0.562691	-0.593741	
-1.26	-0.923956	-0.325052	-0.560742	-0.604328	-0.923956	-0.325052	-0.560742	-0.604328	
-1.24	-0.933807	-0.338266	-0.558509	-0.614953	-0.933807	-0.338266	-0.558509	-0.614953	
-1.22	-0.943668	-0.351992	-0.55599	-0.625606	-0.943668	-0.351992	-0.55599	-0.625606	
-1.2	-0.953526	-0.36625	-0.553179	-0.636275	-0.953526	-0.36625	-0.553179	-0.636275	
-1.18	-0.963368	-0.381059	-0.550075	-0.646949	-0.963368	-0.381059	-0.550075	-0.646949	
-1.16	-0.973176	-0.39644	-0.546674	-0.657618	-0.973176	-0.39644	-0.546674	-0.657618	
-1.14	-0.982933	-0.412411	-0.542975	-0.668269	-0.982933	-0.412411	-0.542975	-0.668269	
-1.12	-0.99262	-0.428995	-0.538977	-0.678891	-0.99262	-0.428995	-0.538977	-0.678891	
-1.1	-1.00222	-0.446211	-0.534678	-0.689472	-1.00222	-0.446211	-0.534678	-0.689472	
-1.08	-1.0117	-0.464081	-0.530079	-0.700001	-1.0117	-0.464081	-0.530079	-0.700001	
-1.06	-1.02104	-0.482625	-0.525181	-0.710465	-1.02104	-0.482625	-0.525181	-0.710465	
-1.04	-1.03022	-0.501866	-0.519985	-0.720853	-1.03022	-0.501866	-0.519985	-0.720853	
-1.02	-1.0392	-0.521823	-0.514492	-0.731154	-1.0392	-0.521823	-0.514492	-0.731154	
-1	-1.04796	-0.542518	-0.508707	-0.741355	-1.04796	-0.542518	-0.508707	-0.741355	
-0.98	-1.05646	-0.56397	-0.502631	-0.751445	-1.05646	-0.56397	-0.502631	-0.751445	
-0.96	-1.06466	-0.586201	-0.496269	-0.761414	-1.06466	-0.586201	-0.496269	-0.761414	
-0.94	-1.07252	-0.609228	-0.489626	-0.77125	-1.07252	-0.609228	-0.489626	-0.77125	
-0.92	-1.08001	-0.633069	-0.482707	-0.780944	-1.08001	-0.633069	-0.482707	-0.780944	
-0.9	-1.08707	-0.657742	-0.475517	-0.790484	-1.08707	-0.657742	-0.475517	-0.790484	
-0.88	-1.09366	-0.683262	-0.468064	-0.799862	-1.09366	-0.683262	-0.468064	-0.799862	
-0.86	-1.09972	-0.709642	-0.460352	-0.809069	-1.09972	-0.709642	-0.460352	-0.809069	
-0.84	-1.10521	-0.736894	-0.452391	-0.818096	-1.10521	-0.736894	-0.452391	-0.818096	
-0.82	-1.11006	-0.765026	-0.444188	-0.826934	-1.11006	-0.765026	-0.444188	-0.826934	
-0.8	-1.1142	-0.794045	-0.43575	-0.835576	-1.1142	-0.794045	-0.43575	-0.835576	
-0.78	-1.11759	-0.823954	-0.427087	-0.844016	-1.11759	-0.823954	-0.427087	-0.844016	
-0.76	-1.12014	-0.854751	-0.418206	-0.852247	-1.12014	-0.854751	-0.418206	-0.852247	
-0.74	-1.12178	-0.886432	-0.409118	-0.860263	-1.12178	-0.886432	-0.409118	-0.860263	
-0.72	-1.12245	-0.918987	-0.39983	-0.868058	-1.12245	-0.918987	-0.39983	-0.868058	
-0.7	-1.12206	-0.952401	-0.390353	-0.87563	-1.12206	-0.952401	-0.390353	-0.87563	
-0.68	-1.12053	-0.986653	-0.380696	-0.882972	-1.12053	-0.986653	-0.380696	-0.882972	
-0.66	-1.11778	-1.02172	-0.370869	-0.890083	-1.11778	-1.02172	-0.370869	-0.890083	
-0.64	-1.11372	-1.05755	-0.36088	-0.89696	-1.11372	-1.05755	-0.36088	-0.89696	
-0.62	-1.10827	-1.09413	-0.350739	-0.9036	-1.10827	-1.09413	-0.350739	-0.9036	
-0.6	-1.10134	-1.13139	-0.340457	-0.910002	-1.10134	-1.13139	-0.340457	-0.910002	
-0.58	-1.09284	-1.16928	-0.330041	-0.916164	-1.09284	-1.16928	-0.330041	-0.916164	
-0.56	-1.08269	-1.20773	-0.319501	-0.922087	-1.08269	-1.20773	-0.319501	-0.922087	
-0.54	-1.07079	-1.24666	-0.308847	-0.92777	-1.07079	-1.24666	-0.308847	-0.92777	
-0.52	-1.05708	-1.28599	-0.298086	-0.933214	-1.05708	-1.28599	-0.298086	-0.933214	
-0.5	-1.04145	-1.32563	-0.287227	-0.938419	-1.04145	-1.32563	-0.287227	-0.938419	
-0.48	-1.02385	-1.36546	-0.276279	-0.943387	-1.02385	-1.36546	-0.276279	-0.943387	
-0.46	-1.0042	-1.40536	-0.265248	-0.948119	-1.0042	-1.40536	-0.265248	-0.948119	
-0.44	-0.982438	-1.44522	-0.254144	-0.952618	-0.982438	-1.44522	-0.254144	-0.952618	
-0.42	-0.958512	-1.48489	-0.242973	-0.956885	-0.958512	-1.48489	-0.242973	-0.956885	
-0.4	-0.932377	-1.52424	-0.231741	-0.960923	-0.932377	-1.52424	-0.231741	-0.960923	
-0.38	-0.904003	-1.56309	-0.220456	-0.964735	-0.904003	-1.56309	-0.220456	-0.964735	
-0.36	-0.873369	-1.60131	-0.209123	-0.968323	-0.873369	-1.60131	-0.209123	-0.968323	
-0.34	-0.84047	-1.63871	-0.197749	-0.971691	-0.84047	-1.63871	-0.197749	-0.971691	
-0.32	-0.805316	-1.67512	-0.186338	-0.974841	-0.805316	-1.67512	-0.186338	-0.974841	
-0.3	-0.767933	-1.71038	-0.174895	-0.977778	-0.767933	-1.71038	-0.174895	-0.977778	
-0.28	-0.728363	-1.74429	-0.163426	-0.980503	-0.728363	-1.74429	-0.163426	-0.980503	
-0.26	-0.686668	-1.7767	-0.151935	-0.983021	-0.686668	-1.7767	-0.151935	-0.983021	
-0.24	-0.642925	-1.80742	-0.140425	-0.985334	-0.642925	-1.80742	-0.140425	-0.985334	
-0.22	-0.59723	-1.83628	-0.128901	-0.987446	-0.59723	-1.83628	-0.128901	-0.987446	
-0.2	-0.549699	-1.86312	-0.117365	-0.98936	-0.549699	-1.86312	-0.117365	-0.98936	
-0.18	-0.50046	-1.8878	-0.10582	-0.991078	-0.50046	-1.8878	-0.10582	-0.991078	
-0.16	-0.449662	-1.91017	-0.0942698	-0.992605	-0.449662	-1.91017	-0.0942698	-0.992605	
-0.14	-0.397465	-1.9301	-0.0827162	-0.993942	-0.397465	-1.9301	-0.0827162	-0.993942	
-0.12	-0.344043	-1.94749	-0.0711616	-0.995092	-0.344043	-1.94749	-0.0711616	-0.995092	
-0.1	-0.289583	-1.96224	-0.0596078	-0.996058	-0.289583	-1.96224	-0.0596078	-0.996058	
-0.08	-0.234279	-1.97427	-0.0480567	-0.996842	-0.234279	-1.97427	-0.0480567	-0.996842	
-0.06	-0.178333	-1.98354	-0.0365099	-0.997446	-0.178333	-1.98354	-0.0365099	-0.997446	
-0.04	-0.12195	-1.99	-0.0249688	-0.997872	-0.12195	-1.99	-0.0249688	-0.997872	
-0.02	-0.0653375	-1.99364	-0.0134348	-0.998121	-0.0653375	-1.99364	-0.0134348	-0.998121	
0	-0.00870278	-1.99446	-0.00190899	-0.998196	-0.00870278	-1.99446	-0.00190899	-0.998196	
0.02	0.0477507	-1.99249	0.00960749	-0.998096	0.0477507	-1.99249	0.00960749	-0.998096	
0.04	0.103825	-1.98778	0.0211136	-0.997824	0.103825	-1.98778	0.0211136	-0.997824	
0.06	0.159329	-1.98039	0.0326082	-0.997381	0.159329	-1.98039	0.0326082	-0.997381	
0.08	0.214082	-1.97039	0.0440905	-0.996765	0.214082	-1.97039	0.0440905	-0.996765	
0.1	0.267914	-1.95788	0.0555594	-0.995979	0.267914	-1.95788	0.0555594	-0.995979	
0.12	0.320669	-1.94296	0.0670138	-0.995022	0.320669	-1.94296	0.0670138	-0.995022	
0.14	0.372203	-1.92577	0.0784526	-0.993894	0.372203	-1.92577	0.0784526	-0.993894	
0.16	0.422387	-1.90641	0.0898748	-0.992595	0.422387	-1.90641	0.0898748	-0.992595	
0.18	0.471109	-1.88503	0.101279	-0.991124	0.471109	-1.88503	0.101279	-0.991124	
0.2	0.51827	-1.86177	0.112664	-0.989481	0.51827	-1.86177	0.112664	-0.989481	
0.22	0.563786	-1.83678	0.124028	-0.987665	0.563786	-1.83678	0.124028	-0.987665	
0.24	0.607591	-1.81019	0.135369	-0.985675	0.607591	-1.81019	0.135369	-0.985675	
0.26	0.649631	-1.78216	0.146686	-0.98351	0.649631	-1.78216	0.146686	-0.98351	
0.28	0.689867	-1.75284	0.157977	-0.981168	0.689867	-1.75284	0.157977	-0.981168	
0.3	0.728271	-1.72236	0.169238	-0.978649	0.728271	-1.72236	0.169238	-0.978649	
0.32	0.764831	-1.69086	0.180469	-0.975951	0.764831	-1.69086	0.180469	-0.975951	
0.34	0.799543	-1.65849	0.191666	-0.973073	0.799543	-1.65849	0.191666	-0.973073	
0.36	0.832414	-1.62536	0.202827	-0.970013	0.832414	-1.62536	0.202827	-0.970013	
0.38	0.863461	-1.59161	0.213948	-0.966769	0.863461	-1.59161	0.213948	-0.966769	
0.4	0.892709	-1.55735	0.225025	-0.963341	0.892709	-1.55735	0.225025	-0.963341	
0.42	0.920188	-1.52269	0.236056	-0.959726	0.920188	-1.52269	0.236056	-0.959726	
0.44	0.945937	-1.48773	0.247036	-0.955924	0.945937	-1.48773	0.247036	-0.955924	
0.46	0.969998	-1.45257	0.257962	-0.951933	0.969998	-1.45257	0.257962	-0.951933	
0.48	0.992418	-1.41729	0.268828	-0.947752	0.992418	-1.41729	0.268828	-0.947752	
0.5	1.01325	-1.38198	0.279631	-0.94338	1.01325	-1.38198	0.279631	-0.94338	
0.52	1.03254	-1.34672	0.290364	-0.938816	1.03254	-1.34672	0.290364	-0.938816	
0.54	1.05035	-1.31157	0.301024	-0.934058	1.05035	-1.31157	0.301024	-0.934058	
0.56	1.06673	-1.27659	0.311605	-0.929108	1.06673	-1.27659	0.311605	-0.929108	
0.58	1.08175	-1.24184	0.322101	-0.923963	1.08175	-1.24184	0.322101	-0.923963	
0.6	1.09545	-1.20736	0.332507	-0.918625	1.09545	-1.20736	0.332507	-0.918625	
0.62	1.1079	-1.1732	0.342816	-0.913093	1.1079	-1.1732	0.342816	-0.913093	
0.64	1.11916	-1.13941	0.353023	-0.907368	1.11916	-1.13941	0.353023	-0.907368	
0.66	1.12927	-1.10601	0.363121	-0.901451	1.12927	-1.10601	0.363121	-0.901451	
0.68	1.13829	-1.07303	0.373103	-0.895342	1.13829	-1.07303	0.373103	-0.895342	
0.7	1.14628	-1.0405	0.382964	-0.889043	1.14628	-1.0405	0.382964	-0.889043	
0.72	1.1533	-1.00844	0.392697	-0.882556	1.1533	-1.00844	0.392697	-0.882556	
0.74	1.15938	-0.976868	0.402295	-0.875884	1.15938	-0.976868	0.402295	-0.875884	
0.76	1.16458	-0.9458	0.411751	-0.869027	1.16458	-0.9458	0.411751	-0.869027	
0.78	1.16895	-0.915249	0.421059	-0.86199	1.16895	-0.915249	0.421059	-0.86199	
0.8	1.17254	-0.885223	0.430213	-0.854776	1.17254	-0.885223	0.430213	-0.854776	
0.82	1.17538	-0.855731	0.439204	-0.847388	1.17538	-0.855731	0.439204	-0.847388	
0.84	1.17752	-0.826777	0.448028	-0.839831	1.17752	-0.826777	0.448028	-0.839831	
0.86	1.179	-0.798365	0.456678	-0.832108	1.179	-0.798365	0.456678	-0.832108	
0.88	1.17985	-0.770496	0.465147	-0.824225	1.17985	-0.770496	0.465147	-0.824225	
0.9	1.18012	-0.743172	0.473429	-0.816186	1.18012	-0.743172	0.473429	-0.816186	
0.92	1.17984	-0.71639	0.481519	-0.807998	1.17984	-0.71639	0.481519	-0.807998	
0.94	1.17904	-0.69015	0.489411	-0.799666	1.17904	-0.69015	0.489411	-0.799666	
0.96	1.17775	-0.664447	0.497099	-0.791196	1.17775	-0.664447	0.497099	-0.791196	
0.98	1.17601	-0.639277	0.504579	-0.782595	1.17601	-0.639277	0.504579	-0.782595	
1	1.17384	-0.614637	0.511845	-0.77387	1.17384	-0.614637	0.511845	-0.77387	
1.02	1.17127	-0.59052	0.518893	-0.765027	1.17127	-0.59052	0.518893	-0.765027	
1.04	1.16833	-0.566921	0.52572	-0.756075	1.16833	-0.566921	0.52572	-0.756075	
1.06	1.16503	-0.543833	0.53232	-0.747021	1.16503	-0.543833	0.53232	-0.747021	
1.08	1.1614	-0.52125	0.538691	-0.737872	1.1614	-0.52125	0.538691	-0.737872	
1.1	1.15747	-0.499164	0.54483	-0.728636	1.15747	-0.499164	0.54483	-0.728636	
1.12	1.15326	-0.477568	0.550734	-0.719322	1.15326	-0.477568	0.550734	-0.719322	
1.14	1.14878	-0.456455	0.556401	-0.709938	1.14878	-0.456455	0.556401	-0.709938	
1.16	1.14405	-0.435817	0.56183	-0.700493	1.14405	-0.435817	0.56183	-0.700493	
1.18	1.13909	-0.415645	0.567018	-0.690994	1.13909	-0.415645	0.567018	-0.690994	
1.2	1.13392	-0.395933	0.571965	-0.68145	1.13392	-0.395933	0.571965	-0.68145	
1.22	1.12856	-0.376672	0.57667	-0.67187	1.12856	-0.376672	0.57667	-0.67187	
1.24	1.12301	-0.357854	0.581134	-0.662261	1.12301	-0.357854	0.581134	-0.662261	
1.26	1.11729	-0.339472	0.585357	-0.652634	1.11729	-0.339472	0.585357	-0.652634	
1.28	1.11142	-0.321517	0.589339	-0.642995	1.11142	-0.321517	0.589339	-0.642995	
1.3	1.10541	-0.303982	0.593082	-0.633353	1.10541	-0.303982	0.593082	-0.633353	
1.32	1.09926	-0.286859	0.596588	-0.623716	1.09926	-0.286859	0.596588	-0.623716	
1.34	1.093	-0.27014	0.599857	-0.614092	1.093	-0.27014	0.599857	-0.614092	
1.36	1.08663	-0.253817	0.602893	-0.604489	1.08663	-0.253817	0.602893	-0.604489	
1.38	1.08016	-0.237884	0.605698	-0.594915	1.08016	-0.237884	0.605698	-0.594915	
1.4	1.07361	-0.222332	0.608275	-0.585376	1.07361	-0.222332	0.608275	-0.585376	
1.42	1.06698	-0.207154	0.610628	-0.575881	1.06698	-0.207154	0.610628	-0.575881	
1.44	1.06027	-0.192343	0.61276	-0.566435	1.06027	-0.192343	0.61276	-0.566435	
1.46	1.05351	-0.177892	0.614674	-0.557046	1.05351	-0.177892	0.614674	-0.557046	
1.48	1.04669	-0.163794	0.616376	-0.54772	1.04669	-0.163794	0.616376	-0.54772	
1.5	1.03983	-0.150042	0.617869	-0.538462	1.03983	-0.150042	0.617869	-0.538462	
1.52	1.03292	-0.13663	0.619159	-0.52928	1.03292	-0.13663	0.619159	-0.52928	
1.54	1.02599	-0.12355	0.620249	-0.520178	1.02599	-0.12355	0.620249	-0.520178	
1.56	1.01902	-0.110796	0.621145	-0.511162	1.01902	-0.110796	0.621145	-0.511162	
1.58	1.01204	-0.0983618	0.621851	-0.502236	1.01204	-0.0983618	0.621851	-0.502236	
1.6	1.00505	-0.0862412	0.622374	-0.493405	1.00505	-0.0862412	0.622374	-0.493405	
1.62	0.99804	-0.074428	0.622718	-0.484674	0.99804	-0.074428	0.622718	-0.484674	
1.64	0.991031	-0.062916	0.622889	-0.476047	0.991031	-0.062916	0.622889	-0.476047	
1.66	0.984022	-0.0516992	0.622893	-0.467526	0.984022	-0.0516992	0.622893	-0.467526	
1.68	0.97702	-0.040772	0.622734	-0.459116	0.97702	-0.040772	0.622734	-0.459116	
1.7	0.970028	-0.0301285	0.622419	-0.45082	0.970028	-0.0301285	0.622419	-0.45082	
1.72	0.96305	-0.019763	0.621953	-0.442641	0.96305	-0.019763	0.621953	-0.442641	
1.74	0.95609	-0.00967015	0.621342	-0.43458	0.95609	-0.00967015	0.621342	-0.43458	
1.76	0.949152	0.000155574	0.620591	-0.426641	0.949152	0.000155574	0.620591	-0.426641	
1.78	0.942239	0.00971949	0.619707	-0.418825	0.942239	0.00971949	0.619707	-0.418825	
1.8	0.935356	0.0190268	0.618694	-0.411134	0.935356	0.0190268	0.618694	-0.411134	
1.82	0.928504	0.0280827	0.617558	-0.403569	0.928504	0.0280827	0.617558	-0.403569	
1.84	0.921687	0.0368922	0.616304	-0.396133	0.921687	0.0368922	0.616304	-0.396133	
1.86	0.914908	0.0454603	0.614938	-0.388825	0.914908	0.0454603	0.614938	-0.388825	
1.88	0.908169	0.0537918	0.613466	-0.381646	0.908169	0.0537918	0.613466	-0.381646	
1.9	0.901473	0.0618915	0.611891	-0.374598	0.901473	0.0618915	0.611891	-0.374598	
1.92	0.894822	0.0697642	0.610221	-0.36768	0.894822	0.0697642	0.610221	-0.36768	
1.94	0.888218	0.0774144	0.608458	-0.360893	0.888218	0.0774144	0.608458	-0.360893	
1.96	0.881664	0.0848466	0.606609	-0.354236	0.881664	0.0848466	0.606609	-0.354236	
1.98	0.87516	0.0920654	0.604679	-0.34771	0.87516	0.0920654	0.604679	-0.34771	
2	0.86871	0.0990752	0.602671	-0.341313	0.86871	0.0990752	0.602671	-0.341313	
2.02	0.862315	0.10588	0.60059	-0.335047	0.862315	0.10588	0.60059	-0.335047	
2.04	0.855975	0.112485	0.598441	-0.328909	0.855975	0.112485	0.598441	-0.328909	
2.06	0.849693	0.118893	0.596229	-0.3229	0.849693	0.118893	0.596229	-0.3229	
2.08	0.84347	0.125108	0.593956	-0.317018	0.84347	0.125108	0.593956	-0.317018	
2.1	0.837307	0.131136	0.591628	-0.311263	0.837307	0.131136	0.591628	-0.311263	
2.12	0.831205	0.136979	0.589247	-0.305633	0.831205	0.136979	0.589247	-0.305633	
2.14	0.825165	0.142642	0.586819	-0.300126	0.825165	0.142642	0.586819	-0.300126	
2.16	0.819188	0.148128	0.584346	-0.294743	0.819188	0.148128	0.584346	-0.294743	
2.18	0.813275	0.153441	0.581833	-0.289482	0.813275	0.153441	0.581833	-0.289482	
2.2	0.807426	0.158585	0.579282	-0.28434	0.807426	0.158585	0.579282	-0.28434	
2.22	0.801643	0.163563	0.576696	-0.279317	0.801643	0.163563	0.576696	-0.279317	
2.24	0.795925	0.16838	0.574079	-0.274411	0.795925	0.16838	0.574079	-0.274411	
2.26	0.790273	0.173038	0.571434	-0.269621	0.790273	0.173038	0.571434	-0.269621	
2.28	0.784688	0.17754	0.568764	-0.264945	0.784688	0.17754	0.568764	-0.264945	
2.3	0.779169	0.181891	0.566071	-0.260381	0.779169	0.181891	0.566071	-0.260381	
2.32	0.773717	0.186094	0.563359	-0.255927	0.773717	0.186094	0.563359	-0.255927	
2.34	0.768333	0.190151	0.560629	-0.251582	0.768333	0.190151	0.560629	-0.251582	
2.36	0.763016	0.194067	0.557884	-0.247345	0.763016	0.194067	0.557884	-0.247345	
2.38	0.757766	0.197844	0.555126	-0.243213	0.757766	0.197844	0.555126	-0.243213	
2.4	0.752584	0.201485	0.552358	-0.239185	0.752584	0.201485	0.552358	-0.239185	
2.42	0.747468	0.204993	0.549581	-0.235258	0.747468	0.204993	0.549581	-0.235258	
2.44	0.74242	0.208371	0.546799	-0.231432	0.74242	0.208371	0.546799	-0.231432	
2.46	0.737439	0.211623	0.544011	-0.227704	0.737439	0.211623	0.544011	-0.227704	
2.48	0.732525	0.214751	0.541221	-0.224073	0.732525	0.214751	0.541221	-0.224073	
2.5	0.727677	0.217758	0.53843	-0.220537	0.727677	0.217758	0.53843	-0.220537	
2.52	0.722895	0.220646	0.53564	-0.217094	0.722895	0.220646	0.53564	-0.217094	
2.54	0.718178	0.223419	0.532852	-0.213743	0.718178	0.223419	0.532852	-0.213743	
2.56	0.713528	0.226079	0.530068	-0.210481	0.713528	0.226079	0.530068	-0.210481	
2.58	0.708942	0.228628	0.527288	-0.207307	0.708942	0.228628	0.527288	-0.207307	
2.6	0.70442	0.23107	0.524516	-0.20422	0.70442	0.23107	0.524516	-0.20422	
2.62	0.699963	0.233407	0.52175	-0.201218	0.699963	0.233407	0.52175	-0.201218	
2.64	0.695569	0.23564	0.518993	-0.198299	0.695569	0.23564	0.518993	-0.198299	
2.66	0.691237	0.237774	0.516247	-0.195461	0.691237	0.237774	0.516247	-0.195461	
2.68	0.686968	0.23981	0.513511	-0.192704	0.686968	0.23981	0.513511	-0.192704	
2.7	0.68276	0.24175	0.510786	-0.190025	0.68276	0.24175	0.510786	-0.190025	
2.72	0.678614	0.243597	0.508075	-0.187423	0.678614	0.243597	0.508075	-0.187423	
2.74	0.674527	0.245353	0.505377	-0.184896	0.674527	0.245353	0.505377	-0.184896	
2.76	0.6705	0.24702	0.502694	-0.182444	0.6705	0.24702	0.502694	-0.182444	
2.78	0.666532	0.248601	0.500025	-0.180064	0.666532	0.248601	0.500025	-0.180064	
2.8	0.662622	0.250097	0.497373	-0.177756	0.662622	0.250097	0.497373	-0.177756	
2.82	0.658769	0.251511	0.494736	-0.175517	0.658769	0.251511	0.494736	-0.175517	
2.84	0.654973	0.252845	0.492117	-0.173347	0.654973	0.252845	0.492117	-0.173347	
2.86	0.651232	0.2541	0.489515	-0.171245	0.651232	0.2541	0.489515	-0.171245	
2.88	0.647547	0.255279	0.486932	-0.169209	0.647547	0.255279	0.486932	-0.169209	
2.9	0.643915	0.256385	0.484367	-0.167237	0.643915	0.256385	0.484367	-0.167237	
2.92	0.640337	0.257417	0.48182	-0.16533	0.640337	0.257417	0.48182	-0.16533	
2.94	0.636812	0.25838	0.479294	-0.163485	0.636812	0.25838	0.479294	-0.163485	
2.96	0.633338	0.259274	0.476786	-0.161701	0.633338	0.259274	0.476786	-0.161701	
2.98	0.629915	0.260101	0.474299	-0.159979	0.629915	0.260101	0.474299	-0.159979	
3	0.626542	0.260863	0.471832	-0.158315	0.626542	0.260863	0.471832	-0.158315	
3.02	0.623218	0.261562	0.469386	-0.15671	0.623218	0.261562	0.469386	-0.15671	
3.04	0.619942	0.2622	0.46696	-0.155163	0.619942	0.2622	0.46696	-0.155163	
3.06	0.616714	0.262778	0.464556	-0.153672	0.616714	0.262778	0.464556	-0.153672	
3.08	0.613532	0.263298	0.462172	-0.152237	0.613532	0.263298	0.462172	-0.152237	
3.1	0.610396	0.263761	0.45981	-0.150857	0.610396	0.263761	0.45981	-0.150857	
3.12	0.607305	0.26417	0.457469	-0.149531	0.607305	0.26417	0.457469	-0.149531	
3.14	0.604258	0.264525	0.45515	-0.148258	0.604258	0.264525	0.45515	-0.148258	
3.16	0.601253	0.264829	0.452852	-0.147038	0.601253	0.264829	0.452852	-0.147038	
3.18	0.598292	0.265083	0.450576	-0.14587	0.598292	0.265083	0.450576	-0.14587	
3.2	0.595371	0.265289	0.448321	-0.144753	0.595371	0.265289	0.448321	-0.144753	
3.22	0.592492	0.265447	0.446087	-0.143688	0.592492	0.265447	0.446087	-0.143688	
3.24	0.589652	0.26556	0.443876	-0.142672	0.589652	0.26556	0.443876	-0.142672	
3.26	0.586851	0.265628	0.441685	-0.141706	0.586851	0.265628	0.441685	-0.141706	
3.28	0.584088	0.265654	0.439517	-0.140789	0.584088	0.265654	0.439517	-0.140789	
3.3	0.581363	0.265639	0.437369	-0.13992	0.581363	0.265639	0.437369	-0.13992	
3.32	0.578674	0.265583	0.435243	-0.1391	0.578674	0.265583	0.435243	-0.1391	
3.34	0.576021	0.26549	0.433137	-0.138328	0.576021	0.26549	0.433137	-0.138328	
3.36	0.573403	0.265358	0.431053	-0.137603	0.573403	0.265358	0.431053	-0.137603	
3.38	0.570819	0.265191	0.428989	-0.136926	0.570819	0.265191	0.428989	-0.136926	
3.4	0.568268	0.26499	0.426945	-0.136296	0.568268	0.26499	0.426945	-0.136296	
3.42	0.56575	0.264755	0.424922	-0.135713	0.56575	0.264755	0.424922	-0.135713	
3.44	0.563264	0.264487	0.422919	-0.135176	0.563264	0.264487	0.422919	-0.135176	
3.46	0.560809	0.264189	0.420935	-0.134686	0.560809	0.264189	0.420935	-0.134686	
3.48	0.558385	0.263862	0.418971	-0.134242	0.558385	0.263862	0.418971	-0.134242	
3.5	0.555991	0.263506	0.417025	-0.133845	0.555991	0.263506	0.417025	-0.133845	
3.52	0.553625	0.263123	0.415099	-0.133494	0.553625	0.263123	0.415099	-0.133494	
3.54	0.551289	0.262713	0.41319	-0.13319	0.551289	0.262713	0.41319	-0.13319	
3.56	0.548979	0.262279	0.4113	-0.132932	0.548979	0.262279	0.4113	-0.132932	
3.58	0.546697	0.261821	0.409426	-0.132721	0.546697	0.261821	0.409426	-0.132721	
3.6	0.544442	0.26134	0.40757	-0.132557	0.544442	0.26134	0.40757	-0.132557	
3.62	0.542212	0.260838	0.40573	-0.13244	0.542212	0.260838	0.40573	-0.13244	
3.64	0.540008	0.260315	0.403905	-0.13237	0.540008	0.260315	0.403905	-0.13237	
3.66	0.537828	0.259773	0.402096	-0.132348	0.537828	0.259773	0.402096	-0.132348	
3.68	0.535672	0.259212	0.400301	-0.132375	0.535672	0.259212	0.400301	-0.132375	
3.7	0.53354	0.258634	0.39852	-0.13245	0.53354	0.258634	0.39852	-0.13245	
3.72	0.531431	0.25804	0.396752	-0.132573	0.531431	0.25804	0.396752	-0.132573	
3.74	0.529344	0.25743	0.394996	-0.132747	0.529344	0.25743	0.394996	-0.132747	
3.76	0.527279	0.256806	0.393251	-0.13297	0.527279	0.256806	0.393251	-0.13297	
3.78	0.525236	0.256169	0.391517	-0.133244	0.525236	0.256169	0.391517	-0.133244	
3.8	0.523214	0.25552	0.389792	-0.13357	0.523214	0.25552	0.389792	-0.13357	
3.82	0.521212	0.254859	0.388075	-0.133948	0.521212	0.254859	0.388075	-0.133948	
3.84	0.51923	0.254187	0.386365	-0.134378	0.51923	0.254187	0.386365	-0.134378	
3.86	0.517267	0.253506	0.38466	-0.134863	0.517267	0.253506	0.38466	-0.134863	
3.88	0.515324	0.252817	0.382961	-0.135402	0.515324	0.252817	0.382961	-0.135402	
3.9	0.513399	0.25212	0.381264	-0.135997	0.513399	0.25212	0.381264	-0.135997	
3.92	0.511493	0.251416	0.379568	-0.136648	0.511493	0.251416	0.379568	-0.136648	
3.94	0.509605	0.250706	0.377872	-0.137356	0.509605	0.250706	0.377872	-0.137356	
3.96	0.507734	0.24999	0.376174	-0.138124	0.507734	0.24999	0.376174	-0.138124	
3.98	0.50588	0.249271	0.374471	-0.138951	0.50588	0.249271	0.374471	-0.138951	
4	0.504043	0.248548	0.372762	-0.139839	0.504043	0.248548	0.372762	-0.139839	
4.02	0.502223	0.247823	0.371045	-0.140789	0.502223	0.247823	0.371045	-0.140789	
4.04	0.500419	0.247096	0.369316	-0.141802	0.500419	0.247096	0.369316	-0.141802	
4.06	0.498631	0.246368	0.367574	-0.14288	0.498631	0.246368	0.367574	-0.14288	
4.08	0.496858	0.24564	0.365815	-0.144023	0.496858	0.24564	0.365815	-0.144023	
4.1	0.495101	0.244912	0.364036	-0.145234	0.495101	0.244912	0.364036	-0.145234	
4.12	0.493358	0.244186	0.362234	-0.146513	0.493358	0.244186	0.362234	-0.146513	
4.14	0.491631	0.243462	0.360405	-0.147861	0.491631	0.243462	0.360405	-0.147861	
4.16	0.489918	0.242741	0.358545	-0.14928	0.489918	0.242741	0.358545	-0.14928	
4.18	0.488219	0.242024	0.356651	-0.15077	0.488219	0.242024	0.356651	-0.15077	
4.2	0.486534	0.241311	0.354717	-0.152333	0.486534	0.241311	0.354717	-0.152333	
4.22	0.484863	0.240603	0.352739	-0.15397	0.484863	0.240603	0.352739	-0.15397	
4.24	0.483206	0.239901	0.350711	-0.155682	0.483206	0.239901	0.350711	-0.155682	
4.26	0.481563	0.239206	0.348629	-0.157468	0.481563	0.239206	0.348629	-0.157468	
4.28	0.479932	0.238518	0.346485	-0.159331	0.479932	0.238518	0.346485	-0.159331	
4.3	0.478315	0.237838	0.344273	-0.161268	0.478315	0.237838	0.344273	-0.161268	
4.32	0.47671	0.237167	0.341987	-0.163282	0.47671	0.237167	0.341987	-0.163282	
4.34	0.475119	0.236505	0.33962	-0.16537	0.475119	0.236505	0.33962	-0.16537	
4.36	0.47354	0.235853	0.337162	-0.167533	0.47354	0.235853	0.337162	-0.167533	
4.38	0.471973	0.235211	0.334606	-0.169769	0.471973	0.235211	0.334606	-0.169769	
4.4	0.470419	0.234581	0.331943	-0.172075	0.470419	0.234581	0.331943	-0.172075	
4.42	0.468877	0.233963	0.329165	-0.174449	0.468877	0.233963	0.329165	-0.174449	
4.44	0.467347	0.233358	0.32626	-0.176889	0.467347	0.233358	0.32626	-0.176889	
4.46	0.46583	0.232766	0.323218	-0.179388	0.46583	0.232766	0.323218	-0.179388	
4.48	0.464324	0.232188	0.32003	-0.181943	0.464324	0.232188	0.32003	-0.181943	
4.5	0.462829	0.231625	0.316684	-0.184546	0.462829	0.231625	0.316684	-0.184546	
4.52	0.461347	0.231077	0.313168	-0.187191	0.461347	0.231077	0.313168	-0.187191	
4.54	0.459876	0.230545	0.309471	-0.189868	0.459876	0.230545	0.309471	-0.189868	
4.56	0.458417	0.230029	0.305582	-0.192566	0.458417	0.230029	0.305582	-0.192566	
4.58	0.456969	0.229531	0.301489	-0.195273	0.456969	0.229531	0.301489	-0.195273	
4.6	0.455532	0.22905	0.29718	-0.197976	0.455532	0.22905	0.29718	-0.197976	
4.62	0.454106	0.228588	0.292646	-0.200658	0.454106	0.228588	0.292646	-0.200658	
4.64	0.452692	0.228145	0.287875	-0.203301	0.452692	0.228145	0.287875	-0.203301	
4.66	0.451289	0.227721	0.28286	-0.205886	0.451289	0.227721	0.28286	-0.205886	
4.68	0.449897	0.227318	0.277592	-0.20839	0.449897	0.227318	0.277592	-0.20839	
4.7	0.448515	0.226936	0.272065	-0.210788	0.448515	0.226936	0.272065	-0.210788	
4.72	0.447145	0.226576	0.266277	-0.213055	0.447145	0.226576	0.266277	-0.213055	
4.74	0.445785	0.226237	0.260226	-0.215162	0.445785	0.226237	0.260226	-0.215162	
4.76	0.444435	0.225922	0.253914	-0.21708	0.444435	0.225922	0.253914	-0.21708	
4.78	0.443097	0.225631	0.247347	-0.218776	0.443097	0.225631	0.247347	-0.218776	
4.8	0.441769	0.225363	0.240535	-0.220219	0.441769	0.225363	0.240535	-0.220219	
4.82	0.440451	0.225121	0.233491	-0.221376	0.440451	0.225121	0.233491	-0.221376	
4.84	0.439143	0.224904	0.226234	-0.222215	0.439143	0.224904	0.226234	-0.222215	
4.86	0.437846	0.224714	0.218788	-0.222705	0.437846	0.224714	0.218788	-0.222705	
4.88	0.436559	0.22455	0.21118	-0.222816	0.436559	0.22455	0.21118	-0.222816	
4.9	0.435281	0.224415	0.203444	-0.222521	0.435281	0.224415	0.203444	-0.222521	
4.92	0.434014	0.224307	0.195618	-0.221796	0.434014	0.224307	0.195618	-0.221796	
4.94	0.432756	0.224229	0.187743	-0.220625	0.432756	0.224229	0.187743	-0.220625	
4.96	0.431507	0.224181	0.179865	-0.218992	0.431507	0.224181	0.179865	-0.218992	
4.98	0.430268	0.224164	0.17203	-0.216891	0.430268	0.224164	0.17203	-0.216891	
5	0.429038	0.224178	0.164289	-0.214321	0.429038	0.224178	0.164289	-0.214321	
5.02	0.427818	0.224224	0.156692	-0.211287	0.427818	0.224224	0.156692	-0.211287	
5.04	0.426606	0.224304	0.149287	-0.207804	0.426606	0.224304	0.149287	-0.207804	
5.06	0.425402	0.224417	0.142122	-0.20389	0.425402	0.224417	0.142122	-0.20389	
5.08	0.424207	0.224566	0.135241	-0.199572	0.424207	0.224566	0.135241	-0.199572	
5.1	0.42302	0.22475	0.128683	-0.194882	0.42302	0.22475	0.128683	-0.194882	
5.12	0.421841	0.22497	0.122484	-0.189857	0.421841	0.22497	0.122484	-0.189857	
5.14	0.420669	0.225229	0.116672	-0.184539	0.420669	0.225229	0.116672	-0.184539	
5.16	0.419505	0.225525	0.11127	-0.178971	0.419505	0.225525	0.11127	-0.178971	
5.18	0.418347	0.225861	0.106294	-0.173199	0.418347	0.225861	0.106294	-0.173199	
5.2	0.417196	0.226238	0.101754	-0.167269	0.417196	0.226238	0.101754	-0.167269	
5.22	0.416051	0.226656	0.0976533	-0.161227	0.416051	0.226656	0.0976533	-0.161227	
5.24	0.414912	0.227117	0.093989	-0.155117	0.414912	0.227117	0.093989	-0.155117	
5.26	0.413778	0.227622	0.0907533	-0.14898	0.413778	0.227622	0.0907533	-0.14898	
5.28	0.412648	0.228171	0.0879336	-0.142856	0.412648	0.228171	0.0879336	-0.142856	
5.3	0.411523	0.228766	0.0855134	-0.136781	0.411523	0.228766	0.0855134	-0.136781	
5.32	0.410401	0.229409	0.0834729	-0.130785	0.410401	0.229409	0.0834729	-0.130785	
5.34	0.409282	0.2301	0.08179	-0.124898	0.409282	0.2301	0.08179	-0.124898	
5.36	0.408165	0.230841	0.0804408	-0.119141	0.408165	0.230841	0.0804408	-0.119141	
5.38	0.40705	0.231634	0.0794005	-0.113536	0.40705	0.231634	0.0794005	-0.113536	
5.4	0.405935	0.232479	0.0786435	-0.108098	0.405935	0.232479	0.0786435	-0.108098	
5.42	0.404819	0.233378	0.0781446	-0.10284	0.404819	0.233378	0.0781446	-0.10284	
5.44	0.403703	0.234332	0.0778788	-0.0977702	0.403703	0.234332	0.0778788	-0.0977702	
5.46	0.402584	0.235344	0.0778219	-0.0928962	0.402584	0.235344	0.0778219	-0.0928962	
5.48	0.401462	0.236414	0.0779508	-0.0882214	0.401462	0.236414	0.0779508	-0.0882214	
5.5	0.400335	0.237544	0.0782437	-0.0837473	0.400335	0.237544	0.0782437	-0.0837473	
5.52	0.399202	0.238737	0.0786801	-0.0794734	0.399202	0.238737	0.0786801	-0.0794734	
5.54	0.398062	0.239993	0.0792408	-0.0753978	0.398062	0.239993	0.0792408	-0.0753978	
5.56	0.396913	0.241315	0.0799082	-0.0715172	0.396913	0.241315	0.0799082	-0.0715172	
5.58	0.395753	0.242704	0.0806662	-0.067827	0.395753	0.242704	0.0806662	-0.067827	
5.6	0.394581	0.244162	0.0815001	-0.0643219	0.394581	0.244162	0.0815001	-0.0643219	
5.62	0.393395	0.245692	0.0823967	-0.060996	0.393395	0.245692	0.0823967	-0.060996	
5.64	0.392193	0.247295	0.0833438	-0.0578428	0.392193	0.247295	0.0833438	-0.0578428	
5.66	0.390972	0.248974	0.0843309	-0.0548555	0.390972	0.248974	0.0843309	-0.0548555	
5.68	0.38973	0.25073	0.0853482	-0.0520271	0.38973	0.25073	0.0853482	-0.0520271	
5.7	0.388465	0.252566	0.0863875	-0.0493506	0.388465	0.252566	0.0863875	-0.0493506	
5.72	0.387174	0.254485	0.0874411	-0.0468189	0.387174	0.254485	0.0874411	-0.0468189	
5.74	0.385853	0.256487	0.0885025	-0.0444248	0.385853	0.256487	0.0885025	-0.0444248	
5.76	0.3845	0.258576	0.089566	-0.0421615	0.3845	0.258576	0.089566	-0.0421615	
5.78	0.38311	0.260754	0.0906266	-0.0400222	0.38311	0.260754	0.0906266	-0.0400222	
5.8	0.381681	0.263024	0.0916799	-0.0380005	0.381681	0.263024	0.0916799	-0.0380005	
5.82	0.380208	0.265388	0.0927224	-0.0360899	0.380208	0.265388	0.0927224	-0.0360899	
5.84	0.378686	0.267848	0.0937508	-0.0342843	0.378686	0.267848	0.0937508	-0.0342843	
5.86	0.377111	0.270406	0.0947624	-0.032578	0.377111	0.270406	0.0947624	-0.032578	
5.88	0.375478	0.273066	0.0957551	-0.0309654	0.375478	0.273066	0.0957551	-0.0309654	
5.9	0.373781	0.275829	0.096727	-0.0294411	0.373781	0.275829	0.096727	-0.0294411	
5.92	0.372015	0.278699	0.0976765	-0.0280002	0.372015	0.278699	0.0976765	-0.0280002	
5.94	0.370172	0.281676	0.0986025	-0.0266378	0.370172	0.281676	0.0986025	-0.0266378	
5.96	0.368246	0.284763	0.0995039	-0.0253494	0.368246	0.284763	0.0995039	-0.0253494	
5.98	0.366229	0.287963	0.10038	-0.0241308	0.366229	0.287963	0.10038	-0.0241308	
6	0.364114	0.291276	0.101231	-0.0229779	0.364114	0.291276	0.101231	-0.0229779	
6.02	0.361892	0.294705	0.102055	-0.0218869	0.361892	0.294705	0.102055	-0.0218869	
6.04	0.359554	0.298251	0.102853	-0.0208541	0.359554	0.298251	0.102853	-0.0208541	
6.06	0.35709	0.301915	0.103625	-0.0198763	0.35709	0.301915	0.103625	-0.0198763	
6.08	0.354489	0.305697	0.10437	-0.0189502	0.354489	0.305697	0.10437	-0.0189502	
6.1	0.35174	0.309597	0.10509	-0.0180728	0.35174	0.309597	0.10509	-0.0180728	
6.12	0.348832	0.313615	0.105783	-0.0172414	0.348832	0.313615	0.105783	-0.0172414	
6.14	0.34575	0.317749	0.106451	-0.0164532	0.34575	0.317749	0.106451	-0.0164532	
6.16	0.342483	0.321999	0.107093	-0.0157058	0.342483	0.321999	0.107093	-0.0157058	
6.18	0.339015	0.32636	0.10771	-0.0149968	0.339015	0.32636	0.10771	-0.0149968	
6.2	0.335331	0.330829	0.108303	-0.0143241	0.335331	0.330829	0.108303	-0.0143241	
6.22	0.331416	0.335401	0.108872	-0.0136856	0.331416	0.335401	0.108872	-0.0136856	
6.24	0.327252	0.34007	0.109418	-0.0130793	0.327252	0.34007	0.109418	-0.0130793	
6.26	0.322822	0.344827	0.10994	-0.0125035	0.322822	0.344827	0.10994	-0.0125035	
6.28	0.318109	0.349664	0.11044	-0.0119564	0.318109	0.349664	0.11044	-0.0119564	
6.3	0.313092	0.354568	0.110918	-0.0114364	0.313092	0.354568	0.110918	-0.0114364	
6.32	0.307753	0.359527	0.111375	-0.010942	0.307753	0.359527	0.111375	-0.010942	
6.34	0.302073	0.364523	0.111811	-0.0104718	0.302073	0.364523	0.111811	-0.0104718	
6.36	0.296032	0.36954	0.112226	-0.0100245	0.296032	0.36954	0.112226	-0.0100245	
6.38	0.28961	0.374554	0.112622	-0.00959883	0.28961	0.374554	0.112622	-0.00959883	
6.4	0.282789	0.379542	0.112999	-0.00919358	0.282789	0.379542	0.112999	-0.00919358	
6.42	0.27555	0.384477	0.113357	-0.00880767	0.27555	0.384477	0.113357	-0.00880767	
6.44	0.267877	0.389328	0.113697	-0.00844006	0.267877	0.389328	0.113697	-0.00844006	
6.46	0.259753	0.394059	0.114019	-0.00808977	0.259753	0.394059	0.114019	-0.00808977	
6.48	0.251167	0.398633	0.114325	-0.00775588	0.251167	0.398633	0.114325	-0.00775588	
6.5	0.242108	0.403009	0.114614	-0.00743752	0.242108	0.403009	0.114614	-0.00743752	
6.52	0.232568	0.407141	0.114886	-0.00713388	0.232568	0.407141	0.114886	-0.00713388	
6.54	0.222547	0.41098	0.115144	-0.00684419	0.222547	0.41098	0.115144	-0.00684419	
6.56	0.212046	0.414475	0.115386	-0.00656773	0.212046	0.414475	0.115386	-0.00656773	
6.58	0.201075	0.417573	0.115614	-0.00630381	0.201075	0.417573	0.115614	-0.00630381	
6.6	0.189646	0.420216	0.115828	-0.0060518	0.189646	0.420216	0.115828	-0.0060518	
6.62	0.177784	0.422347	0.116028	-0.00581108	0.177784	0.422347	0.116028	-0.00581108	
6.64	0.165517	0.42391	0.116214	-0.00558109	0.165517	0.42391	0.116214	-0.00558109	
6.66	0.152883	0.424848	0.116388	-0.00536128	0.152883	0.424848	0.116388	-0.00536128	
6.68	0.139929	0.425108	0.11655	-0.00515115	0.139929	0.425108	0.11655	-0.00515115	
6.7	0.12671	0.424638	0.116699	-0.00495021	0.12671	0.424638	0.116699	-0.00495021	
6.72	0.113288	0.423395	0.116837	-0.00475802	0.113288	0.423395	0.116837	-0.00475802	
6.74	0.0997343	0.42134	0.116964	-0.00457413	0.0997343	0.42134	0.116964	-0.00457413	
6.76	0.0861272	0.418444	0.11708	-0.00439815	0.0861272	0.418444	0.11708	-0.00439815	
6.78	0.0725496	0.414686	0.117185	-0.0042297	0.0725496	0.414686	0.117185	-0.0042297	
6.8	0.0590891	0.410057	0.11728	-0.0040684	0.0590891	0.410057	0.11728	-0.0040684	
6.82	0.0458355	0.40456	0.117366	-0.00391392	0.0458355	0.40456	0.117366	-0.00391392	
6.84	0.0328792	0.398209	0.117442	-0.00376593	0.0328792	0.398209	0.117442	-0.00376593	
6.86	0.0203088	0.391032	0.117508	-0.00362413	0.0203088	0.391032	0.117508	-0.00362413	
6.88	0.00820918	0.383069	0.117566	-0.00348822	0.00820918	0.383069	0.117566	-0.00348822	
6.9	-0.0033406	0.374368	0.117615	-0.00335793	-0.0033406	0.374368	0.117615	-0.00335793	
6.92	-0.0142692	0.364992	0.117656	-0.003233	-0.0142692	0.364992	0.117656	-0.003233	
6.94	-0.0245143	0.355011	0.117688	-0.00311317	-0.0245143	0.355011	0.117688	-0.00311317	
6.96	-0.0340245	0.3445	0.117713	-0.00299822	-0.0340245	0.3445	0.117713	-0.00299822	
6.98	-0.0427595	0.333541	0.117731	-0.00288793	-0.0427595	0.333541	0.117731	-0.00288793	
7	-0.0506908	0.32222	0.117741	-0.00278207	-0.0506908	0.32222	0.117741	-0.00278207	
7.02	-0.0578017	0.310621	0.117744	-0.00268045	-0.0578017	0.310621	0.117744	-0.00268045	
7.04	-0.0640871	0.29883	0.117741	-0.00258288	-0.0640871	0.29883	0.117741	-0.00258288	
7.06	-0.0695526	0.286929	0.11773	-0.00248918	-0.0695526	0.286929	0.11773	-0.00248918	
7.08	-0.0742135	0.274996	0.117714	-0.00239917	-0.0742135	0.274996	0.117714	-0.00239917	
7.1	-0.0780939	0.263103	0.117691	-0.0023127	-0.0780939	0.263103	0.117691	-0.0023127	
7.12	-0.081225	0.251317	0.117663	-0.00222961	-0.081225	0.251317	0.117663	-0.00222961	
7.14	-0.0836442	0.239698	0.117628	-0.00214975	-0.0836442	0.239698	0.117628	-0.00214975	
7.16	-0.0853933	0.228297	0.117588	-0.00207297	-0.0853933	0.228297	0.117588	-0.00207297	
7.18	-0.0865174	0.217159	0.117543	-0.00199916	-0.0865174	0.217159	0.117543	-0.00199916	
7.2	-0.0870638	0.206321	0.117493	-0.00192817	-0.0870638	0.206321	0.117493	-0.00192817	
7.22	-0.0870807	0.195815	0.117437	-0.00185989	-0.0870807	0.195815	0.117437	-0.00185989	
7.24	-0.0866164	0.185662	0.117377	-0.00179421	-0.0866164	0.185662	0.117377	-0.00179421	
7.26	-0.0857184	0.175883	0.117312	-0.00173101	-0.0857184	0.175883	0.117312	-0.00173101	
7.28	-0.0844329	0.166487	0.117243	-0.00167019	-0.0844329	0.166487	0.117243	-0.00167019	
7.3	-0.0828041	0.157483	0.117169	-0.00161164	-0.0828041	0.157483	0.117169	-0.00161164	
7.32	-0.080874	0.148873	0.117091	-0.00155528	-0.080874	0.148873	0.117091	-0.00155528	
7.34	-0.0786821	0.140657	0.117009	-0.00150102	-0.0786821	0.140657	0.117009	-0.00150102	
7.36	-0.076265	0.13283	0.116923	-0.00144877	-0.076265	0.13283	0.116923	-0.00144877	
7.38	-0.0736567	0.125386	0.116833	-0.00139844	-0.0736567	0.125386	0.116833	-0.00139844	
7.4	-0.0708884	0.118317	0.11674	-0.00134995	-0.0708884	0.118317	0.11674	-0.00134995	
7.42	-0.0679884	0.111611	0.116643	-0.00130324	-0.0679884	0.111611	0.116643	-0.00130324	
7.44	-0.0649825	0.105257	0.116543	-0.00125823	-0.0649825	0.105257	0.116543	-0.00125823	
7.46	-0.0618937	0.0992419	0.116439	-0.00121485	-0.0618937	0.0992419	0.116439	-0.00121485	
7.48	-0.0587429	0.0935529	0.116332	-0.00117304	-0.0587429	0.0935529	0.116332	-0.00117304	
7.5	-0.0555484	0.0881761	0.116223	-0.00113273	-0.0555484	0.0881761	0.116223	-0.00113273	
7.52	-0.0523267	0.0830973	0.11611	-0.00109386	-0.0523267	0.0830973	0.11611	-0.00109386	
7.54	-0.0490922	0.0783027	0.115994	-0.00105638	-0.0490922	0.0783027	0.115994	-0.00105638	
7.56	-0.0458575	0.0737781	0.115876	-0.00102024	-0.0458575	0.0737781	0.115876	-0.00102024	
7.58	-0.0426337	0.06951	0.115755	-0.000985378	-0.0426337	0.06951	0.115755	-0.000985378	
7.6	-0.0394302	0.065485	0.115631	-0.000951745	-0.0394302	0.065485	0.115631	-0.000951745	
7.62	-0.0362554	0.06169	0.115505	-0.000919297	-0.0362554	0.06169	0.115505	-0.000919297	
7.64	-0.0331162	0.0581126	0.115376	-0.000887985	-0.0331162	0.0581126	0.115376	-0.000887985	
7.66	-0.0300185	0.0547408	0.115245	-0.000857768	-0.0300185	0.0547408	0.115245	-0.000857768	
7.68	-0.0269674	0.0515628	0.115112	-0.000828603	-0.0269674	0.0515628	0.115112	-0.000828603	
7.7	-0.023967	0.0485677	0.114977	-0.00080045	-0.023967	0.0485677	0.114977	-0.00080045	
7.72	-0.0210207	0.0457449	0.11484	-0.000773271	-0.0210207	0.0457449	0.11484	-0.000773271	
7.74	-0.0181312	0.0430845	0.114701	-0.000747029	-0.0181312	0.0430845	0.114701	-0.000747029	
7.76	-0.0153006	0.040577	0.11456	-0.000721689	-0.0153006	0.040577	0.11456	-0.000721689	
7.78	-0.0125307	0.0382133	0.114417	-0.000697217	-0.0125307	0.0382133	0.114417	-0.000697217	
7.8	-0.00982249	0.0359851	0.114272	-0.00067358	-0.00982249	0.0359851	0.114272	-0.00067358	
7.82	-0.00717684	0.0338842	0.114125	-0.000650749	-0.00717684	0.0338842	0.114125	-0.000650749	
7.84	-0.00459418	0.0319031	0.113977	-0.000628692	-0.00459418	0.0319031	0.113977	-0.000628692	
7.86	-0.00207466	0.0300347	0.113828	-0.000607381	-0.00207466	0.0300347	0.113828	-0.000607381	
7.88	0.000381823	0.0282723	0.113677	-0.00058679	0.000381823	0.0282723	0.113677	-0.00058679	
7.9	0.0027756	0.0266095	0.113524	-0.000566892	0.0027756	0.0266095	0.113524	-0.000566892	
7.92	0.00510717	0.0250406	0.11337	-0.000547661	0.00510717	0.0250406	0.11337	-0.000547661	
7.94	0.00737719	0.0235598	0.113215	-0.000529073	0.00737719	0.0235598	0.113215	-0.000529073	
7.96	0.00958647	0.0221619	0.113058	-0.000511106	0.00958647	0.0221619	0.113058	-0.000511106	
7.98	0.0117359	0.0208421	0.1129	-0.000493737	0.0117359	0.0208421	0.1129	-0.000493737	
8	0.0138265	0.0195957	0.112741	-0.000476944	0.0138265	0.0195957	0.112741	-0.000476944	
8.02	0.0158593	0.0184185	0.112581	-0.000460707	0.0158593	0.0184185	0.112581	-0.000460707	
8.04	0.0178354	0.0173062	0.112419	-0.000445006	0.0178354	0.0173062	0.112419	-0.000445006	
8.06	0.0197561	0.0162552	0.112257	-0.000429823	0.0197561	0.0162552	0.112257	-0.000429823	
8.08	0.0216225	0.0152619	0.112094	-0.000415138	0.0216225	0.0152619	0.112094	-0.000415138	
8.1	0.0234359	0.0143229	0.111929	-0.000400935	0.0234359	0.0143229	0.111929	-0.000400935	
8.12	0.0251974	0.013435	0.111764	-0.000387196	0.0251974	0.013435	0.111764	-0.000387196	
8.14	0.0269084	0.0125953	0.111598	-0.000373906	0.0269084	0.0125953	0.111598	-0.000373906	
8.16	0.0285702	0.0118011	0.111431	-0.000361048	0.0285702	0.0118011	0.111431	-0.000361048	
8.18	0.0301839	0.0110497	0.111263	-0.000348608	0.0301839	0.0110497	0.111263	-0.000348608	
8.2	0.0317509	0.0103387	0.111095	-0.000336572	0.0317509	0.0103387	0.111095	-0.000336572	
8.22	0.0332724	0.00966583	0.110926	-0.000324924	0.0332724	0.00966583	0.110926	-0.000324924	
8.24	0.0347495	0.00902889	0.110756	-0.000313653	0.0347495	0.00902889	0.110756	-0.000313653	
8.26	0.0361835	0.00842587	0.110585	-0.000302745	0.0361835	0.00842587	0.110585	-0.000302745	
8.28	0.0375757	0.00785488	0.110414	-0.000292187	0.0375757	0.00785488	0.110414	-0.000292187	
8.3	0.0389271	0.00731414	0.110242	-0.000281969	0.0389271	0.00731414	0.110242	-0.000281969	
8.32	0.0402389	0.00680196	0.11007	-0.000272078	0.0402389	0.00680196	0.11007	-0.000272078	
8.34	0.0415122	0.00631677	0.109897	-0.000262503	0.0415122	0.00631677	0.109897	-0.000262503	
8.36	0.0427482	0.00585709	0.109724	-0.000253234	0.0427482	0.00585709	0.109724	-0.000253234	
8.38	0.0439478	0.00542153	0.10955	-0.00024426	0.0439478	0.00542153	0.10955	-0.00024426	
8.4	0.0451122	0.00500876	0.109376	-0.000235572	0.0451122	0.00500876	0.109376	-0.000235572	
8.42	0.0462424	0.00461756	0.109201	-0.00022716	0.0462424	0.00461756	0.109201	-0.00022716	
8.44	0.0473393	0.00424676	0.109026	-0.000219015	0.0473393	0.00424676	0.109026	-0.000219015	
8.46	0.0484039	0.00389527	0.108851	-0.000211127	0.0484039	0.00389527	0.108851	-0.000211127	
8.48	0.0494372	0.00356206	0.108675	-0.000203489	0.0494372	0.00356206	0.108675	-0.000203489	
8.5	0.05044	0.00324615	0.108499	-0.000196093	0.05044	0.00324615	0.108499	-0.000196093	
8.52	0.0514133	0.00294663	0.108323	-0.00018893	0.0514133	0.00294663	0.108323	-0.00018893	
8.54	0.0523579	0.00266264	0.108146	-0.000181992	0.0523579	0.00266264	0.108146	-0.000181992	
8.56	0.0532747	0.00239336	0.107969	-0.000175273	0.0532747	0.00239336	0.107969	-0.000175273	
8.58	0.0541644	0.00213802	0.107792	-0.000168765	0.0541644	0.00213802	0.107792	-0.000168765	
8.6	0.055028	0.0018959	0.107615	-0.000162461	0.055028	0.0018959	0.107615	-0.000162461	
8.62	0.055866	0.00166631	0.107437	-0.000156355	0.055866	0.00166631	0.107437	-0.000156355	
8.64	0.0566793	0.00144861	0.10726	-0.00015044	0.0566793	0.00144861	0.10726	-0.00015044	
8.66	0.0574686	0.00124219	0.107082	-0.000144711	0.0574686	0.00124219	0.107082	-0.000144711	
8.68	0.0582346	0.00104648	0.106904	-0.000139161	0.0582346	0.00104648	0.106904	-0.000139161	
8.7	0.0589779	0.000860916	0.106726	-0.000133784	0.0589779	0.000860916	0.106726	-0.000133784	
8.72	0.0596993	0.000684998	0.106548	-0.000128575	0.0596993	0.000684998	0.106548	-0.000128575	
8.74	0.0603993	0.000518235	0.106369	-0.000123528	0.0603993	0.000518235	0.106369	-0.000123528	
8.76	0.0610786	0.000360167	0.106191	-0.000118639	0.0610786	0.000360167	0.106191	-0.000118639	
8.78	0.0617377	0.000210358	0.106013	-0.000113903	0.0617377	0.000210358	0.106013	-0.000113903	
8.8	0.0623773	6.83962e-05	0.105834	-0.000109314	0.0623773	6.83962e-05	0.105834	-0.000109314	
8.82	0.0629979	-6.61087e-05	0.105656	-0.000104867	0.0629979	-6.61087e-05	0.105656	-0.000104867	
8.84	0.0636001	-0.000193526	0.105478	-0.00010056	0.0636001	-0.000193526	0.105478	-0.00010056	
8.86	0.0641843	-0.000314206	0.105299	-9.63858e-05	0.0641843	-0.000314206	0.105299	-9.63858e-05	
8.88	0.0647511	-0.000428481	0.105121	-9.23418e-05	0.0647511	-0.000428481	0.105121	-9.23418e-05	
8.9	0.065301	-0.000536664	0.104942	-8.84236e-05	0.065301	-0.000536664	0.104942	-8.84236e-05	
8.92	0.0658344	-0.000639053	0.104764	-8.46273e-05	0.0658344	-0.000639053	0.104764	-8.46273e-05	
8.94	0.0663518	-0.000735931	0.104586	-8.0949e-05	0.0663518	-0.000735931	0.104586	-8.0949e-05	
8.96	0.0668538	-0.000827566	0.104408	-7.73851e-05	0.0668538	-0.000827566	0.104408	-7.73851e-05	
8.98	0.0673406	-0.000914211	0.10423	-7.3932e-05	0.0673406	-0.000914211	0.10423	-7.3932e-05	
9	0.0678127	-0.000996107	0.104052	-7.05864e-05	0.0678127	-0.000996107	0.104052	-7.05864e-05	
9.02	0.0682706	-0.00107348	0.103874	-6.73447e-05	0.0682706	-0.00107348	0.103874	-6.73447e-05	
9.04	0.0687146	-0.00114656	0.103696	-6.4204e-05	0.0687146	-0.00114656	0.103696	-6.4204e-05	
9.06	0.0691451	-0.00121554	0.103519	-6.1161e-05	0.0691451	-0.00121554	0.103519	-6.1161e-05	
9.08	0.0695625	-0.00128062	0.103341	-5.82128e-05	0.0695625	-0.00128062	0.103341	-5.82128e-05	
9.1	0.0699671	-0.00134198	0.103164	-5.53564e-05	0.0699671	-0.00134198	0.103164	-5.53564e-05	
9.12	0.0703593	-0.00139981	0.102987	-5.2589e-05	0.0703593	-0.00139981	0.102987	-5.2589e-05	
9.14	0.0707395	-0.00145426	0.10281	-4.9908e-05	0.0707395	-0.00145426	0.10281	-4.9908e-05	
9.16	0.0711079	-0.00150551	0.102633	-4.73107e-05	0.0711079	-0.00150551	0.102633	-4.73107e-05	
9.18	0.0714649	-0.0015537	0.102456	-4.47945e-05	0.0714649	-0.0015537	0.102456	-4.47945e-05	
9.2	0.0718107	-0.00159898	0.10228	-4.2357e-05	0.0718107	-0.00159898	0.10228	-4.2357e-05	
9.22	0.0721458	-0.00164148	0.102103	-3.99958e-05	0.0721458	-0.00164148	0.102103	-3.99958e-05	
9.24	0.0724703	-0.00168133	0.101927	-3.77086e-05	0.0724703	-0.00168133	0.101927	-3.77086e-05	
9.26	0.0727846	-0.00171867	0.101752	-3.54931e-05	0.0727846	-0.00171867	0.101752	-3.54931e-05	
9.28	0.0730889	-0.0017536	0.101576	-3.33472e-05	0.0730889	-0.0017536	0.101576	-3.33472e-05	
9.3	0.0733835	-0.00178625	0.101401	-3.12688e-05	0.0733835	-0.00178625	0.101401	-3.12688e-05	
9.32	0.0736687	-0.00181671	0.101225	-2.92559e-05	0.0736687	-0.00181671	0.101225	-2.92559e-05	
9.34	0.0739447	-0.00184509	0.101051	-2.73064e-05	0.0739447	-0.00184509	0.101051	-2.73064e-05	
9.36	0.0742117	-0.00187149	0.100876	-2.54185e-05	0.0742117	-0.00187149	0.100876	-2.54185e-05	
9.38	0.07447	-0.001896	0.100701	-2.35904e-05	0.07447	-0.001896	0.100701	-2.35904e-05	
9.4	0.0747198	-0.0019187	0.100527	-2.18202e-05	0.0747198	-0.0019187	0.100527	-2.18202e-05	
9.42	0.0749613	-0.00193969	0.100353	-2.01063e-05	0.0749613	-0.00193969	0.100353	-2.01063e-05	
9.44	0.0751948	-0.00195905	0.10018	-1.84469e-05	0.0751948	-0.00195905	0.10018	-1.84469e-05	
9.46	0.0754204	-0.00197684	0.100007	-1.68404e-05	0.0754204	-0.00197684	0.100007	-1.68404e-05	
9.48	0.0756384	-0.00199315	0.0998335	-1.52853e-05	0.0756384	-0.00199315	0.0998335	-1.52853e-05	
9.5	0.0758489	-0.00200804	0.0996607	-1.378e-05	0.0758489	-0.00200804	0.0996607	-1.378e-05	
9.52	0.0760522	-0.00202158	0.0994883	-1.2323e-05	0.0760522	-0.00202158	0.0994883	-1.2323e-05	
9.54	0.0762484	-0.00203383	0.0993161	-1.0913e-05	0.0762484	-0.00203383	0.0993161	-1.0913e-05	
9.56	0.0764377	-0.00204485	0.0991442	-9.54846e-06	0.0764377	-0.00204485	0.0991442	-9.54846e-06	
9.58	0.0766203	-0.00205471	0.0989726	-8.22812e-06	0.0766203	-0.00205471	0.0989726	-8.22812e-06	
9.6	0.0767964	-0.00206345	0.0988014	-6.95066e-06	0.0767964	-0.00206345	0.0988014	-6.95066e-06	
9.62	0.076966	-0.00207113	0.0986304	-5.71482e-06	0.076966	-0.00207113	0.0986304	-5.71482e-06	
9.64	0.0771295	-0.00207779	0.0984598	-4.51935e-06	0.0771295	-0.00207779	0.0984598	-4.51935e-06	
9.66	0.0772869	-0.0020835	0.0982895	-3.36308e-06	0.0772869	-0.0020835	0.0982895	-3.36308e-06	
9.68	0.0774384	-0.00208828	0.0981195	-2.24485e-06	0.0774384	-0.00208828	0.0981195	-2.24485e-06	
9.7	0.0775842	-0.00209219	0.0979499	-1.16354e-06	0.0775842	-0.00209219	0.0979499	-1.16354e-06	
9.72	0.0777243	-0.00209527	0.0977806	-1.18075e-07	0.0777243	-0.00209527	0.0977806	-1.18075e-07	
9.74	0.0778589	-0.00209756	0.0976116	8.92606e-07	0.0778589	-0.00209756	0.0976116	8.92606e-07	
9.76	0.0779882	-0.00209909	0.097443	1.86952e-06	0.0779882	-0.00209909	0.097443	1.86952e-06	
9.78	0.0781123	-0.0020999	0.0972747	2.81366e-06	0.0781123	-0.0020999	0.0972747	2.81366e-06	
9.8	0.0782314	-0.00210003	0.0971067	3.72597e-06	0.0782314	-0.00210003	0.0971067	3.72597e-06	
9.82	0.0783454	-0.00209951	0.0969391	4.6074e-06	0.0783454	-0.00209951	0.0969391	4.6074e-06	
9.84	0.0784547	-0.00209837	0.0967719	5.45885e-06	0.0784547	-0.00209837	0.0967719	5.45885e-06	
9.86	0.0785592	-0.00209664	0.0966049	6.28119e-06	0.0785592	-0.00209664	0.0966049	6.28119e-06	
9.88	0.0786591	-0.00209436	0.0964384	7.07527e-06	0.0786591	-0.00209436	0.0964384	7.07527e-06	
9.9	0.0787546	-0.00209154	0.0962722	7.84193e-06	0.0787546	-0.00209154	0.0962722	7.84193e-06	
9.92	0.0788456	-0.00208822	0.0961064	8.58195e-06	0.0788456	-0.00208822	0.0961064	8.58195e-06	
9.94	0.0789324	-0.00208442	0.0959409	9.29611e-06	0.0789324	-0.00208442	0.0959409	9.29611e-06	
9.96	0.0790151	-0.00208016	0.0957758	9.98518e-06	0.0790151	-0.00208016	0.0957758	9.98518e-06	
9.98	0.0790936	-0.00207547	0.0956111	1.06499e-05	0.0790936	-0.00207547	0.0956111	1.06499e-05	
