0.07853981634 -0.009422487759 -1.791936325
0.235619449 -0.009111050524 -1.478574908
0.3926990817 -0.007649399003 -1.247340168
0.5497787144 -0.004762876416 -1.069679505
0.7068583471 -0.00464336197 -0.933985658
0.8639379797 -0.004540993727 -0.828273163
1.021017612 -0.004050703876 -0.7436380337
1.178097245 -0.00337638651 -0.6741890719
1.335176878 -0.002702575422 -0.6160694603
1.49225651 -0.002116394774 -0.566679444
1.649336143 -0.001641227696 -0.5241947196
1.806415776 -0.001270648985 -0.487285032
1.963495408 -0.0009878471723 -0.4549487732
2.120575041 -0.0007746436746 -0.4264124393
2.277654674 -0.0006149703213 -0.4010667629
2.434734307 -0.0004957854417 -0.3784242962
2.591813939 -0.0004069484454 -0.3580900936
2.748893572 -0.0003407534215 -0.3397407625
2.905973205 -0.0002914160049 -0.3231090869
3.063052837 -0.0002546208008 -0.3079724967
3.22013247 -0.000227156394 -0.2941442719
3.377212103 -0.0002066337607 -0.2814667388
3.534291735 -0.0001912740989 -0.2698059453
3.691371368 -0.0001797509649 -0.2590474514
3.848451001 -0.0001710735439 -0.2490929736
4.005530633 -0.0001645005345 -0.2398576875
4.162610266 -0.0001594766105 -0.2312680446
4.319689899 -0.0001555854597 -0.2232599947
4.476769531 -0.0001525149843 -0.2157775275
4.633849164 -0.0001500314285 -0.2087714722
4.790928797 -0.000147960076 -0.2021985013
4.948008429 -0.000146170796 -0.1960203015
5.105088062 -0.0001445671814 -0.1902028801
5.262167695 -0.0001430783571 -0.1847159814
5.419247327 -0.0001416527831 -0.1795325936
5.57632696 -0.0001402535524 -0.1746285319
5.733406593 -0.000138854814 -0.1699820823
5.890486225 -0.0001374390458 -0.1655736977
6.047565858 -0.0001359949728 -0.1613857378
6.204645491 -0.0001345159748 -0.157402244
6.361725124 -0.0001329988698 -0.1536087465
6.518804756 -0.0001314429826 -0.1499920957
6.675884389 -0.0001298494347 -0.1465403171
6.832964022 -0.0001282206019 -0.1432424836
6.990043654 -0.0001265597032 -0.1400886047
7.147123287 -0.0001248704898 -0.1370695292
7.30420292 -0.0001231570113 -0.1341768592
7.461282552 -0.0001214234422 -0.1314028753
7.618362185 -0.0001196739537 -0.1287404695
7.775441818 -0.0001179126224 -0.1261830863
7.93252145 -0.0001161433645 -0.1237246709
8.089601083 -0.0001143698925 -0.1213596219
8.246680716 -0.0001125956867 -0.1190827504
8.403760348 -0.0001108239795 -0.1168892429
8.560839981 -0.0001090577481 -0.1147746278
8.717919614 -0.0001072997147 -0.1127347463
8.874999246 -0.0001055523504 -0.1107657251
9.032078879 -0.0001038178842 -0.108863953
9.189158512 -0.0001020983129 -0.1070260585
9.346238144 -0.0001003954135 -0.1052488912
9.503317777 -9.871075581e-05 -0.1035295032
9.66039741 -9.704571671e-05 -0.1018651339
9.817477042 -9.540149314e-05 -0.1002531949
9.974556675 -9.377911575e-05 -0.09869125698
10.13163631 -9.217946201e-05 -0.09717703824
10.28871594 -9.060326875e-05 -0.09570839298
10.44579557 -8.905114422e-05 -0.09428330179
10.60287521 -8.752357943e-05 -0.09289986242
10.75995484 -8.602095886e-05 -0.09155628144
10.91703447 -8.454357045e-05 -0.09025086656
11.0741141 -8.309161496e-05 -0.08898201968
11.23119374 -8.166521463e-05 -0.0877482304
11.38827337 -8.026442119e-05 -0.08654807012
11.545353 -7.888922325e-05 -0.0853801866
11.70243263 -7.753955313e-05 -0.08424329894
11.85951227 -7.621529308e-05 -0.08313619293
12.0165919 -7.491628105e-05 -0.0820577168
12.17367153 -7.364231586e-05 -0.08100677724
12.33075117 -7.239316207e-05 -0.0799823358
12.4878308 -7.116855423e-05 -0.07898340544
12.64491043 -6.996820092e-05 -0.07800904742
12.80199006 -6.87917883e-05 -0.0770583684
12.9590697 -6.763898339e-05 -0.07613051773
13.11614933 -6.650943702e-05 -0.07522468492
13.27322896 -6.540278646e-05 -0.0743400973
13.43030859 -6.431865787e-05 -0.07347601788
13.58738823 -6.325666843e-05 -0.07263174329
13.74446786 -6.221642832e-05 -0.07180660188
13.90154749 -6.119754242e-05 -0.07099995199
14.05862712 -6.019961192e-05 -0.07021118025
14.21570676 -5.922223567e-05 -0.06943970009
14.37278639 -5.826501147e-05 -0.06868495027
14.52986602 -5.732753715e-05 -0.06794639351
14.68694566 -5.640941155e-05 -0.06722351529
14.84402529 -5.551023539e-05 -0.06651582258
15.00110492 -5.462961207e-05 -0.06582284279
15.15818455 -5.376714827e-05 -0.0651441227
15.31526419 -5.292245459e-05 -0.06447922748
15.47234382 -5.209514606e-05 -0.06382773979
15.62942345 -5.128484253e-05 -0.06318925886
15.78650308 -5.049116909e-05 -0.06256339973
15.94358272 -4.97137564e-05 -0.06194979246
16.10066235 -4.89522409e-05 -0.0613480814
16.25774198 -4.820626511e-05 -0.06075792451
16.41482162 -4.747547773e-05 -0.06017899272
16.57190125 -4.675953387e-05 -0.0596109693
16.72898088 -4.605809509e-05 -0.05905354935
16.88606051 -4.537082952e-05 -0.05850643917
17.04314015 -4.469741192e-05 -0.05796935582
17.20021978 -4.403752368e-05 -0.05744202659
17.35729941 -4.339085288e-05 -0.05692418855
17.51437904 -4.275709422e-05 -0.05641558813
17.67145868 -4.213594908e-05 -0.05591598072
17.82853831 -4.15271254e-05 -0.05542513024
17.98561794 -4.093033767e-05 -0.05494280878
18.14269757 -4.034530687e-05 -0.05446879627
18.29977721 -3.977176039e-05 -0.05400288016
18.45685684 -3.920943197e-05 -0.05354485504
18.61393647 -3.865806157e-05 -0.05309452241
18.77101611 -3.811739532e-05 -0.05265169035
18.92809574 -3.758718541e-05 -0.05221617328
19.08517537 -3.706718998e-05 -0.05178779165
19.242255 -3.655717302e-05 -0.05136637177
19.39933464 -3.605690427e-05 -0.05095174552
19.55641427 -3.556615908e-05 -0.05054375014
19.7134939 -3.508471835e-05 -0.05014222802
19.87057353 -3.461236836e-05 -0.04974702652
20.02765317 -3.414890069e-05 -0.04935799773
20.1847328 -3.36941121e-05 -0.04897499833
20.34181243 -3.324780441e-05 -0.04859788939
20.49889206 -3.280978439e-05 -0.04822653621
20.6559717 -3.237986365e-05 -0.04786080818
20.81305133 -3.195785851e-05 -0.04750057859
20.97013096 -3.15435899e-05 -0.04714572451
21.1272106 -3.113688327e-05 -0.04679612663
21.28429023 -3.073756843e-05 -0.04645166916
21.44136986 -3.034547951e-05 -0.04611223968
21.59844949 -2.996045479e-05 -0.04577772901
21.75552913 -2.958233662e-05 -0.04544803112
21.91260876 -2.921097134e-05 -0.04512304298
22.06968839 -2.884620914e-05 -0.04480266451
22.22676802 -2.8487904e-05 -0.04448679841
22.38384766 -2.813591354e-05 -0.04417535011
22.54092729 -2.7790099e-05 -0.04386822768
22.69800692 -2.745032507e-05 -0.04356534169
22.85508655 -2.711645986e-05 -0.04326660518
23.01216619 -2.678837475e-05 -0.04297193353
23.16924582 -2.646594438e-05 -0.04268124442
23.32632545 -2.61490465e-05 -0.04239445774
23.48340509 -2.583756192e-05 -0.04211149549
23.64048472 -2.553137439e-05 -0.04183228175
23.79756435 -2.523037059e-05 -0.04155674259
23.95464398 -2.493444e-05 -0.04128480602
24.11172362 -2.464347482e-05 -0.0410164019
24.26880325 -2.435736994e-05 -0.04075146191
24.42588288 -2.407602283e-05 -0.04048991946
24.58296251 -2.379933349e-05 -0.04023170969
24.74004215 -2.352720437e-05 -0.03997676934
24.89712178 -2.325954032e-05 -0.03972503677
25.05420141 -2.29962485e-05 -0.03947645186
25.21128105 -2.273723835e-05 -0.03923095599
25.36836068 -2.248242152e-05 -0.03898849198
25.52544031 -2.223171178e-05 -0.03874900406
25.68251994 -2.1985025e-05 -0.03851243781
25.83959958 -2.17422791e-05 -0.03827874014
25.99667921 -2.150339394e-05 -0.03804785922
26.15375884 -2.126829133e-05 -0.03781974446
26.31083847 -2.103689495e-05 -0.03759434651
26.46791811 -2.080913029e-05 -0.03737161713
26.62499774 -2.058492463e-05 -0.03715150926
26.78207737 -2.036420696e-05 -0.03693397692
26.939157 -2.014690797e-05 -0.0367189752
27.09623664 -1.993295997e-05 -0.03650646023
27.25331627 -1.972229686e-05 -0.03629638914
27.4103959 -1.951485412e-05 -0.03608872005
27.56747554 -1.93105687e-05 -0.03588341203
27.72455517 -1.910937906e-05 -0.03568042505
27.8816348 -1.891122505e-05 -0.03547972003
28.03871443 -1.871604795e-05 -0.0352812587
28.19579407 -1.852379037e-05 -0.03508500369
28.3528737 -1.833439627e-05 -0.03489091844
28.50995333 -1.814781086e-05 -0.03469896717
28.66703296 -1.796398063e-05 -0.03450911492
28.8241126 -1.77828533e-05 -0.03432132745
28.98119223 -1.760437774e-05 -0.0341355713
29.13827186 -1.742850402e-05 -0.0339518137
29.29535149 -1.725518331e-05 -0.03377002259
29.45243113 -1.70843679e-05 -0.03359016659
29.60951076 -1.691601113e-05 -0.03341221498
29.76659039 -1.67500674e-05 -0.03323613771
29.92367003 -1.658649213e-05 -0.03306190532
30.08074966 -1.642524171e-05 -0.03288948899
30.23782929 -1.626627352e-05 -0.03271886049
30.39490892 -1.610954586e-05 -0.03254999217
30.55198856 -1.595501797e-05 -0.03238285696
30.70906819 -1.580264996e-05 -0.03221742832
30.86614782 -1.565240282e-05 -0.03205368026
31.02322745 -1.550423841e-05 -0.03189158732
31.18030709 -1.535811939e-05 -0.03173112455
31.33738672 -1.521400925e-05 -0.03157226748
31.49446635 -1.507187224e-05 -0.03141499216
31.65154598 -1.493167341e-05 -0.03125927508
31.80862562 -1.479337854e-05 -0.03110509322
31.96570525 -1.465695414e-05 -0.030952424
32.12278488 -1.452236744e-05 -0.03080124527
32.27986452 -1.438958637e-05 -0.03065153532
32.43694415 -1.425857952e-05 -0.03050327288
32.59402378 -1.412931616e-05 -0.03035643705
32.75110341 -1.40017662e-05 -0.03021100735
32.90818305 -1.387590016e-05 -0.03006696369
33.06526268 -1.375168921e-05 -0.02992428637
33.22234231 -1.362910509e-05 -0.02978295604
33.37942194 -1.350812013e-05 -0.02964295372
33.53650158 -1.338870726e-05 -0.0295042608
33.69358121 -1.327083992e-05 -0.029366859
33.85066084 -1.315449213e-05 -0.02923073039
34.00774048 -1.303963842e-05 -0.02909585735
34.16482011 -1.292625386e-05 -0.02896222261
34.32189974 -1.281431401e-05 -0.02882980919
34.47897937 -1.270379493e-05 -0.02869860044
34.63605901 -1.259467315e-05 -0.02856858
34.79313864 -1.248692569e-05 -0.02843973181
34.95021827 -1.238053003e-05 -0.02831204009
35.1072979 -1.227546408e-05 -0.02818548935
35.26437754 -1.21717062e-05 -0.02806006438
35.42145717 -1.206923519e-05 -0.02793575022
35.5785368 -1.196803026e-05 -0.02781253218
35.73561643 -1.186807102e-05 -0.02769039585
35.89269607 -1.176933749e-05 -0.02756932704
36.0497757 -1.167181008e-05 -0.02744931183
36.20685533 -1.157546959e-05 -0.02733033652
36.36393497 -1.148029717e-05 -0.02721238768
36.5210146 -1.138627436e-05 -0.02709545207
36.67809423 -1.129338304e-05 -0.0269795167
36.83517386 -1.120160545e-05 -0.0268645688
36.9922535 -1.111092416e-05 -0.02675059581
37.14933313 -1.102132208e-05 -0.02663758538
37.30641276 -1.093278244e-05 -0.02652552538
37.46349239 -1.084528879e-05 -0.02641440387
37.62057203 -1.0758825e-05 -0.02630420912
37.77765166 -1.067337523e-05 -0.02619492959
37.93473129 -1.058892395e-05 -0.02608655392
38.09181092 -1.050545591e-05 -0.02597907095
38.24889056 -1.042295616e-05 -0.0258724697
38.40597019 -1.034141001e-05 -0.02576673938
38.56304982 -1.026080306e-05 -0.02566186935
38.72012946 -1.018112115e-05 -0.02555784916
38.87720909 -1.010235042e-05 -0.02545466852
39.03428872 -1.002447723e-05 -0.02535231733
39.19136835 -9.947488211e-06 -0.02525078561
