0.0785398163397	-0.00102447	-1.62414	0.0	0.0	0.0	0.0	0.0018635	-0.938442	-0.00203346	-1.61714	0.0	0.0	0.0	0.0	0.00356949	-0.937398	
0.235619449019	-0.00513235	-1.2249	0.0	0.0	0.0	0.0	0.000790431	-0.841882	-0.00122516	-1.22704	0.0	0.0	0.0	0.0	0.00121271	-0.84071	
0.392699081699	-0.00470525	-1.02344	0.0	0.0	0.0	0.0	0.000475027	-0.762898	-0.00446637	-1.02074	0.0	0.0	0.0	0.0	0.00148649	-0.762719	
0.549778714378	0.000786809	-0.866176	0.0	0.0	0.0	0.0	0.000989633	-0.692822	-0.0107443	-0.862902	0.0	0.0	0.0	0.0	-0.000887871	-0.692884	
0.706858347058	0.000199181	-0.763516	0.0	0.0	0.0	0.0	0.000707126	-0.638094	-0.00133494	-0.773236	0.0	0.0	0.0	0.0	0.000304808	-0.638143	
0.863937979737	0.000258179	-0.683291	0.0	0.0	0.0	0.0	-0.000624587	-0.59025	-0.000969071	-0.690954	0.0	0.0	0.0	0.0	-0.000474263	-0.590283	
1.02101761242	0.000884169	-0.619761	0.0	0.0	0.0	0.0	-0.00194987	-0.550312	-0.00724287	-0.616266	0.0	0.0	0.0	0.0	-0.000282065	-0.547885	
1.1780972451	0.00223471	-0.575591	0.0	0.0	0.0	0.0	-0.00115005	-0.513235	-0.00193722	-0.576112	0.0	0.0	0.0	0.0	0.000551552	-0.511666	
1.33517687778	0.00749876	-0.542761	0.0	0.0	0.0	0.0	-0.00145465	-0.479093	0.00323763	-0.53038	0.0	0.0	0.0	0.0	0.000229909	-0.478376	
1.49225651046	0.00476496	-0.493197	0.0	0.0	0.0	0.0	-0.00107029	-0.451734	0.0110478	-0.494995	0.0	0.0	0.0	0.0	-0.000508806	-0.44974	
1.64933614313	0.00303577	-0.466862	0.0	0.0	0.0	0.0	-0.000793894	-0.426779	0.0063326	-0.460221	0.0	0.0	0.0	0.0	0.00233739	-0.424057	
1.80641577581	0.000204657	-0.445749	0.0	0.0	0.0	0.0	-0.00137049	-0.403892	-0.00102717	-0.436752	0.0	0.0	0.0	0.0	0.000382135	-0.401742	
1.96349540849	-0.00541859	-0.407007	0.0	0.0	0.0	0.0	-0.00284992	-0.381745	0.00654288	-0.407761	0.0	0.0	0.0	0.0	0.000345396	-0.380763	
2.12057504117	0.00365371	-0.384066	0.0	0.0	0.0	0.0	0.00112348	-0.361671	0.00578056	-0.377527	0.0	0.0	0.0	0.0	0.00150874	-0.363097	
2.27765467385	0.00500998	-0.366938	0.0	0.0	0.0	0.0	-0.0018881	-0.343785	0.00193559	-0.358527	0.0	0.0	0.0	0.0	0.000288936	-0.344571	
2.43473430653	0.00152304	-0.348849	0.0	0.0	0.0	0.0	-0.0030672	-0.32822	-0.000842104	-0.342764	0.0	0.0	0.0	0.0	-0.000301218	-0.327817	
2.59181393921	-0.00134389	-0.330249	0.0	0.0	0.0	0.0	-0.00194223	-0.314298	-0.00202531	-0.326709	0.0	0.0	0.0	0.0	0.000114541	-0.313451	
2.74889357189	-0.0021413	-0.31293	0.0	0.0	0.0	0.0	-0.000853055	-0.301396	-0.00219391	-0.311151	0.0	0.0	0.0	0.0	0.000752084	-0.300647	
2.90597320457	-0.00151323	-0.297735	0.0	0.0	0.0	0.0	-0.000678274	-0.289262	-0.00186218	-0.297182	0.0	0.0	0.0	0.0	0.00115212	-0.288704	
3.06305283725	-0.000375955	-0.28463	0.0	0.0	0.0	0.0	-0.00108759	-0.277868	-0.00129981	-0.285029	0.0	0.0	0.0	0.0	0.00127642	-0.277378	
3.22013246993	0.000688158	-0.273213	0.0	0.0	0.0	0.0	-0.00153007	-0.267242	-0.000626153	-0.274344	0.0	0.0	0.0	0.0	0.00124715	-0.266674	
3.37721210261	0.00144021	-0.263044	0.0	0.0	0.0	0.0	-0.00168482	-0.257385	9.85598e-05	-0.264655	0.0	0.0	0.0	0.0	0.00118	-0.256651	
3.53429173529	0.00184944	-0.253781	0.0	0.0	0.0	0.0	-0.00148991	-0.248257	0.000830456	-0.255591	0.0	0.0	0.0	0.0	0.00113681	-0.247337	
3.69137136797	0.00197715	-0.245191	0.0	0.0	0.0	0.0	-0.00103223	-0.239793	0.00153056	-0.24693	0.0	0.0	0.0	0.0	0.001134	-0.238708	
3.84845100065	0.00190868	-0.237132	0.0	0.0	0.0	0.0	-0.000444015	-0.23192	0.00216556	-0.238577	0.0	0.0	0.0	0.0	0.00116348	-0.23071	
4.00553063333	0.00172194	-0.229518	0.0	0.0	0.0	0.0	0.000156714	-0.224564	0.00271058	-0.230508	0.0	0.0	0.0	0.0	0.00120895	-0.223273	
4.16261026601	0.00147695	-0.222301	0.0	0.0	0.0	0.0	0.000688491	-0.217661	0.0031505	-0.222739	0.0	0.0	0.0	0.0	0.00125499	-0.216329	
4.31968989869	0.00121521	-0.21545	0.0	0.0	0.0	0.0	0.00110738	-0.21116	0.00347949	-0.215294	0.0	0.0	0.0	0.0	0.00129057	-0.209815	
4.47676953137	0.000962866	-0.208944	0.0	0.0	0.0	0.0	0.00139891	-0.205014	0.00369929	-0.208195	0.0	0.0	0.0	0.0	0.00130957	-0.203679	
4.63384916404	0.000734718	-0.202764	0.0	0.0	0.0	0.0	0.00156821	-0.19919	0.00381719	-0.201456	0.0	0.0	0.0	0.0	0.00130984	-0.197878	
4.79092879672	0.00053774	-0.196895	0.0	0.0	0.0	0.0	0.00163133	-0.193658	0.003844	-0.19508	0.0	0.0	0.0	0.0	0.00129199	-0.192376	
4.9480084294	0.000373866	-0.191322	0.0	0.0	0.0	0.0	0.00160902	-0.188396	0.00379235	-0.189062	0.0	0.0	0.0	0.0	0.00125828	-0.187147	
5.10508806208	0.000241997	-0.186027	0.0	0.0	0.0	0.0	0.00152261	-0.183383	0.00367542	-0.18339	0.0	0.0	0.0	0.0	0.00121172	-0.182168	
5.26216769476	0.000139366	-0.180996	0.0	0.0	0.0	0.0	0.00139168	-0.178603	0.00350602	-0.178049	0.0	0.0	0.0	0.0	0.00115549	-0.177421	
5.41924732744	6.24387e-05	-0.176213	0.0	0.0	0.0	0.0	0.00123294	-0.17404	0.00329603	-0.173019	0.0	0.0	0.0	0.0	0.00109262	-0.17289	
5.57632696012	7.46977e-06	-0.171663	0.0	0.0	0.0	0.0	0.00105987	-0.169683	0.00305607	-0.16828	0.0	0.0	0.0	0.0	0.00102576	-0.168561	
5.7334065928	-2.91671e-05	-0.167331	0.0	0.0	0.0	0.0	0.000882872	-0.165518	0.0027954	-0.163811	0.0	0.0	0.0	0.0	0.000957116	-0.164424	
5.89048622548	-5.0802e-05	-0.163204	0.0	0.0	0.0	0.0	0.000709594	-0.161536	0.00252184	-0.159591	0.0	0.0	0.0	0.0	0.000888456	-0.160466	
6.04756585816	-6.0388e-05	-0.159268	0.0	0.0	0.0	0.0	0.000545372	-0.157725	0.00224193	-0.155602	0.0	0.0	0.0	0.0	0.000821133	-0.156678	
6.20464549084	-6.04787e-05	-0.155512	0.0	0.0	0.0	0.0	0.000393678	-0.154077	0.00196096	-0.151825	0.0	0.0	0.0	0.0	0.000756138	-0.153052	
6.36172512352	-5.32409e-05	-0.151924	0.0	0.0	0.0	0.0	0.000256536	-0.150582	0.00168316	-0.148244	0.0	0.0	0.0	0.0	0.000694163	-0.149577	
6.5188047562	-4.04855e-05	-0.148493	0.0	0.0	0.0	0.0	0.000134875	-0.147232	0.00141182	-0.144842	0.0	0.0	0.0	0.0	0.000635653	-0.146248	
6.67588438888	-2.37059e-05	-0.145211	0.0	0.0	0.0	0.0	2.88239e-05	-0.14402	0.00114943	-0.141607	0.0	0.0	0.0	0.0	0.000580858	-0.143054	
6.83296402156	-4.1198e-06	-0.142067	0.0	0.0	0.0	0.0	-6.20464e-05	-0.140937	0.000897815	-0.138525	0.0	0.0	0.0	0.0	0.000529883	-0.13999	
6.99004365424	1.72912e-05	-0.139053	0.0	0.0	0.0	0.0	-0.000138541	-0.137977	0.000658248	-0.135585	0.0	0.0	0.0	0.0	0.00048272	-0.137049	
7.14712328692	3.97444e-05	-0.136162	0.0	0.0	0.0	0.0	-0.000201697	-0.135134	0.00043155	-0.132776	0.0	0.0	0.0	0.0	0.000439281	-0.134224	
7.3042029196	6.26235e-05	-0.133386	0.0	0.0	0.0	0.0	-0.000252678	-0.132401	0.000218178	-0.130088	0.0	0.0	0.0	0.0	0.000399422	-0.131509	
7.46128255228	8.54494e-05	-0.130718	0.0	0.0	0.0	0.0	-0.000292699	-0.129772	1.83002e-05	-0.127514	0.0	0.0	0.0	0.0	0.00036296	-0.128899	
7.61836218496	0.000107856	-0.128153	0.0	0.0	0.0	0.0	-0.000322969	-0.127242	-0.00016814	-0.125045	0.0	0.0	0.0	0.0	0.000329693	-0.126387	
7.77544181763	0.00012957	-0.125685	0.0	0.0	0.0	0.0	-0.000344655	-0.124805	-0.000341373	-0.122675	0.0	0.0	0.0	0.0	0.000299406	-0.123969	
7.93252145031	0.00015039	-0.123309	0.0	0.0	0.0	0.0	-0.00035886	-0.122458	-0.00050176	-0.120396	0.0	0.0	0.0	0.0	0.000271879	-0.121639	
8.08960108299	0.000170177	-0.121019	0.0	0.0	0.0	0.0	-0.000366605	-0.120195	-0.000649754	-0.118204	0.0	0.0	0.0	0.0	0.000246899	-0.119395	
8.24668071567	0.000188839	-0.11881	0.0	0.0	0.0	0.0	-0.000368826	-0.118012	-0.000785879	-0.116093	0.0	0.0	0.0	0.0	0.000224255	-0.11723	
8.40376034835	0.00020632	-0.11668	0.0	0.0	0.0	0.0	-0.000366368	-0.115906	-0.0009107	-0.114058	0.0	0.0	0.0	0.0	0.00020375	-0.115141	
8.56083998103	0.000222597	-0.114623	0.0	0.0	0.0	0.0	-0.000359989	-0.113871	-0.00102481	-0.112095	0.0	0.0	0.0	0.0	0.000185194	-0.113124	
8.71791961371	0.000237666	-0.112636	0.0	0.0	0.0	0.0	-0.000350362	-0.111906	-0.0011288	-0.110199	0.0	0.0	0.0	0.0	0.000168413	-0.111177	
8.87499924639	0.000251543	-0.110716	0.0	0.0	0.0	0.0	-0.000338081	-0.110006	-0.00122329	-0.108368	0.0	0.0	0.0	0.0	0.000153244	-0.109294	
9.03207887907	0.000264257	-0.108859	0.0	0.0	0.0	0.0	-0.000323669	-0.108168	-0.00130886	-0.106597	0.0	0.0	0.0	0.0	0.000139536	-0.107474	
9.18915851175	0.000275846	-0.107062	0.0	0.0	0.0	0.0	-0.000307579	-0.10639	-0.0013861	-0.104884	0.0	0.0	0.0	0.0	0.000127151	-0.105713	
9.34623814443	0.000286354	-0.105322	0.0	0.0	0.0	0.0	-0.000290204	-0.104669	-0.00145556	-0.103225	0.0	0.0	0.0	0.0	0.000115963	-0.104008	
9.50331777711	0.000295831	-0.103638	0.0	0.0	0.0	0.0	-0.000271883	-0.103001	-0.00151779	-0.101618	0.0	0.0	0.0	0.0	0.000105857	-0.102357	
9.66039740979	0.000304329	-0.102005	0.0	0.0	0.0	0.0	-0.000252908	-0.101385	-0.00157329	-0.10006	0.0	0.0	0.0	0.0	9.67271e-05	-0.100758	
9.81747704247	0.000311902	-0.100422	0.0	0.0	0.0	0.0	-0.000233525	-0.0998188	-0.00162255	-0.0985496	0.0	0.0	0.0	0.0	8.84789e-05	-0.0992072	
9.97455667515	0.000318605	-0.0988871	0.0	0.0	0.0	0.0	-0.000213944	-0.0982993	-0.00166604	-0.0970838	0.0	0.0	0.0	0.0	8.10261e-05	-0.0977035	
10.1316363078	0.000324491	-0.0973974	0.0	0.0	0.0	0.0	-0.00019434	-0.096825	-0.00170419	-0.0956607	0.0	0.0	0.0	0.0	7.42906e-05	-0.0962446	
10.2887159405	0.000329613	-0.0959513	0.0	0.0	0.0	0.0	-0.000174862	-0.0953937	-0.00173741	-0.0942786	0.0	0.0	0.0	0.0	6.82021e-05	-0.0948284	
10.4457955732	0.000334021	-0.0945469	0.0	0.0	0.0	0.0	-0.000155629	-0.0940037	-0.00176607	-0.0929355	0.0	0.0	0.0	0.0	6.26969e-05	-0.0934531	
10.6028752059	0.000337766	-0.0931824	0.0	0.0	0.0	0.0	-0.000136741	-0.0926532	-0.00179055	-0.0916299	0.0	0.0	0.0	0.0	5.77176e-05	-0.0921171	
10.7599548385	0.000340894	-0.0918562	0.0	0.0	0.0	0.0	-0.000118279	-0.0913406	-0.00181116	-0.09036	0.0	0.0	0.0	0.0	5.32125e-05	-0.0908186	
10.9170344712	0.00034345	-0.0905667	0.0	0.0	0.0	0.0	-0.000100306	-0.0900644	-0.00182823	-0.0891246	0.0	0.0	0.0	0.0	4.91349e-05	-0.089556	
11.0741141039	0.000345478	-0.0893124	0.0	0.0	0.0	0.0	-8.28718e-05	-0.088823	-0.00184204	-0.0879221	0.0	0.0	0.0	0.0	4.5443e-05	-0.088328	
11.2311937366	0.000347017	-0.088092	0.0	0.0	0.0	0.0	-6.60137e-05	-0.0876151	-0.00185287	-0.0867513	0.0	0.0	0.0	0.0	4.20989e-05	-0.0871332	
11.3882733693	0.000348105	-0.086904	0.0	0.0	0.0	0.0	-4.97591e-05	-0.0864393	-0.00186095	-0.0856108	0.0	0.0	0.0	0.0	3.90685e-05	-0.0859701	
11.5453530019	0.00034878	-0.0857472	0.0	0.0	0.0	0.0	-3.41263e-05	-0.0852944	-0.00186653	-0.0844996	0.0	0.0	0.0	0.0	3.63213e-05	-0.0848376	
11.7024326346	0.000349073	-0.0846205	0.0	0.0	0.0	0.0	-1.91264e-05	-0.0841791	-0.00186982	-0.0834165	0.0	0.0	0.0	0.0	3.38295e-05	-0.0837344	
11.8595122673	0.000349016	-0.0835226	0.0	0.0	0.0	0.0	-4.76434e-06	-0.0830925	-0.00187102	-0.0823604	0.0	0.0	0.0	0.0	3.15684e-05	-0.0826595	
12.0165919	0.000348639	-0.0824526	0.0	0.0	0.0	0.0	8.96021e-06	-0.0820333	-0.0018703	-0.0813304	0.0	0.0	0.0	0.0	2.95156e-05	-0.0816117	
12.1736715327	0.00034797	-0.0814093	0.0	0.0	0.0	0.0	2.20518e-05	-0.0810006	-0.00186785	-0.0803254	0.0	0.0	0.0	0.0	2.76509e-05	-0.0805901	
12.3307511653	0.000347033	-0.0803917	0.0	0.0	0.0	0.0	3.45186e-05	-0.0799934	-0.00186382	-0.0793447	0.0	0.0	0.0	0.0	2.59562e-05	-0.0795936	
12.487830798	0.000345853	-0.0793991	0.0	0.0	0.0	0.0	4.63715e-05	-0.0790107	-0.00185834	-0.0783872	0.0	0.0	0.0	0.0	2.44152e-05	-0.0786214	
12.6449104307	0.000344451	-0.0784304	0.0	0.0	0.0	0.0	5.76238e-05	-0.0780518	-0.00185157	-0.0774523	0.0	0.0	0.0	0.0	2.3013e-05	-0.0776726	
12.8019900634	0.000342848	-0.0774847	0.0	0.0	0.0	0.0	6.82905e-05	-0.0771156	-0.00184361	-0.0765391	0.0	0.0	0.0	0.0	2.17365e-05	-0.0767463	
12.9590696961	0.000341064	-0.0765614	0.0	0.0	0.0	0.0	7.83881e-05	-0.0762015	-0.00183459	-0.0756468	0.0	0.0	0.0	0.0	2.05737e-05	-0.0758418	
13.1161493287	0.000339115	-0.0756597	0.0	0.0	0.0	0.0	8.7934e-05	-0.0753087	-0.00182461	-0.0747748	0.0	0.0	0.0	0.0	1.95137e-05	-0.0749583	
13.2732289614	0.000337018	-0.0747787	0.0	0.0	0.0	0.0	9.69467e-05	-0.0744364	-0.00181377	-0.0739224	0.0	0.0	0.0	0.0	1.85468e-05	-0.0740951	
13.4303085941	0.000334788	-0.0739178	0.0	0.0	0.0	0.0	0.000105445	-0.073584	-0.00180215	-0.073089	0.0	0.0	0.0	0.0	1.76642e-05	-0.0732514	
13.5873882268	0.000332439	-0.0730763	0.0	0.0	0.0	0.0	0.000113447	-0.0727508	-0.00178983	-0.0722738	0.0	0.0	0.0	0.0	1.68581e-05	-0.0724267	
13.7444678595	0.000329984	-0.0722536	0.0	0.0	0.0	0.0	0.000120973	-0.071936	-0.00177691	-0.0714764	0.0	0.0	0.0	0.0	1.61211e-05	-0.0716202	
13.9015474921	0.000327435	-0.0714491	0.0	0.0	0.0	0.0	0.000128042	-0.0711393	-0.00176343	-0.0706961	0.0	0.0	0.0	0.0	1.54468e-05	-0.0708314	
14.0586271248	0.000324803	-0.0706621	0.0	0.0	0.0	0.0	0.000134673	-0.0703598	-0.00174947	-0.0699325	0.0	0.0	0.0	0.0	1.48294e-05	-0.0700598	
14.2157067575	0.000322098	-0.0698922	0.0	0.0	0.0	0.0	0.000140884	-0.0695972	-0.00173508	-0.0691849	0.0	0.0	0.0	0.0	1.42637e-05	-0.0693047	
14.3727863902	0.00031933	-0.0691386	0.0	0.0	0.0	0.0	0.000146693	-0.0688508	-0.00172033	-0.0684529	0.0	0.0	0.0	0.0	1.37447e-05	-0.0685656	
14.5298660229	0.000316506	-0.0684011	0.0	0.0	0.0	0.0	0.000152119	-0.0681202	-0.00170525	-0.0677361	0.0	0.0	0.0	0.0	1.32682e-05	-0.0678421	
14.6869456555	0.000313635	-0.067679	0.0	0.0	0.0	0.0	0.00015718	-0.0674048	-0.0016899	-0.0670339	0.0	0.0	0.0	0.0	1.28302e-05	-0.0671336	
14.8440252882	0.000310724	-0.0669718	0.0	0.0	0.0	0.0	0.000161891	-0.0667042	-0.00167432	-0.0663459	0.0	0.0	0.0	0.0	1.24273e-05	-0.0664397	
15.0011049209	0.00030778	-0.0662792	0.0	0.0	0.0	0.0	0.00016627	-0.0660179	-0.00165853	-0.0656717	0.0	0.0	0.0	0.0	1.20562e-05	-0.0657599	
15.1581845536	0.000304809	-0.0656007	0.0	0.0	0.0	0.0	0.000170333	-0.0653455	-0.00164259	-0.0650108	0.0	0.0	0.0	0.0	1.1714e-05	-0.0650939	
15.3152641863	0.000301817	-0.0649358	0.0	0.0	0.0	0.0	0.000174095	-0.0646866	-0.00162653	-0.064363	0.0	0.0	0.0	0.0	1.1398e-05	-0.0644411	
15.4723438189	0.000298809	-0.0642841	0.0	0.0	0.0	0.0	0.00017757	-0.0640408	-0.00161036	-0.0637278	0.0	0.0	0.0	0.0	1.1106e-05	-0.0638012	
15.6294234516	0.000295789	-0.0636453	0.0	0.0	0.0	0.0	0.000180773	-0.0634077	-0.00159412	-0.0631049	0.0	0.0	0.0	0.0	1.08356e-05	-0.0631739	
15.7865030843	0.000292762	-0.063019	0.0	0.0	0.0	0.0	0.000183718	-0.0627869	-0.00157783	-0.0624938	0.0	0.0	0.0	0.0	1.0585e-05	-0.0625587	
15.943582717	0.000289732	-0.0624049	0.0	0.0	0.0	0.0	0.000186418	-0.0621781	-0.00156152	-0.0618943	0.0	0.0	0.0	0.0	1.03524e-05	-0.0619553	
16.1006623496	0.000286702	-0.0618025	0.0	0.0	0.0	0.0	0.000188886	-0.0615809	-0.00154521	-0.0613061	0.0	0.0	0.0	0.0	1.01361e-05	-0.0613634	
16.2577419823	0.000283676	-0.0612115	0.0	0.0	0.0	0.0	0.000191132	-0.0609951	-0.00152891	-0.0607288	0.0	0.0	0.0	0.0	9.93472e-06	-0.0607827	
16.414821615	0.000280657	-0.0606317	0.0	0.0	0.0	0.0	0.00019317	-0.0604202	-0.00151264	-0.0601622	0.0	0.0	0.0	0.0	9.74689e-06	-0.0602127	
16.5719012477	0.000277648	-0.0600627	0.0	0.0	0.0	0.0	0.00019501	-0.0598559	-0.00149642	-0.0596059	0.0	0.0	0.0	0.0	9.57142e-06	-0.0596534	
16.7289808804	0.00027465	-0.0595042	0.0	0.0	0.0	0.0	0.000196663	-0.0593021	-0.00148026	-0.0590597	0.0	0.0	0.0	0.0	9.40719e-06	-0.0591042	
16.886060513	0.000271667	-0.058956	0.0	0.0	0.0	0.0	0.000198138	-0.0587584	-0.00146417	-0.0585233	0.0	0.0	0.0	0.0	9.25322e-06	-0.0585651	
17.0431401457	0.0002687	-0.0584177	0.0	0.0	0.0	0.0	0.000199445	-0.0582245	-0.00144817	-0.0579964	0.0	0.0	0.0	0.0	9.1086e-06	-0.0580356	
17.2002197784	0.000265751	-0.0578891	0.0	0.0	0.0	0.0	0.000200593	-0.0577002	-0.00143227	-0.0574789	0.0	0.0	0.0	0.0	8.97251e-06	-0.0575156	
17.3572994111	0.000262823	-0.0573699	0.0	0.0	0.0	0.0	0.000201592	-0.0571852	-0.00141646	-0.0569703	0.0	0.0	0.0	0.0	8.84419e-06	-0.0570047	
17.5143790438	0.000259915	-0.0568599	0.0	0.0	0.0	0.0	0.000202448	-0.0566792	-0.00140078	-0.0564707	0.0	0.0	0.0	0.0	8.72297e-06	-0.0565029	
17.6714586764	0.00025703	-0.0563588	0.0	0.0	0.0	0.0	0.000203171	-0.0561821	-0.00138521	-0.0559796	0.0	0.0	0.0	0.0	8.60823e-06	-0.0560097	
17.8285383091	0.000254169	-0.0558665	0.0	0.0	0.0	0.0	0.000203768	-0.0556936	-0.00136977	-0.0554968	0.0	0.0	0.0	0.0	8.4994e-06	-0.055525	
17.9856179418	0.000251332	-0.0553826	0.0	0.0	0.0	0.0	0.000204245	-0.0552135	-0.00135446	-0.0550223	0.0	0.0	0.0	0.0	8.39598e-06	-0.0550486	
18.1426975745	0.000248522	-0.054907	0.0	0.0	0.0	0.0	0.000204609	-0.0547415	-0.0013393	-0.0545557	0.0	0.0	0.0	0.0	8.29749e-06	-0.0545803	
18.2997772072	0.000245738	-0.0544395	0.0	0.0	0.0	0.0	0.000204868	-0.0542775	-0.00132427	-0.0540969	0.0	0.0	0.0	0.0	8.20351e-06	-0.0541198	
18.4568568398	0.000242982	-0.0539798	0.0	0.0	0.0	0.0	0.000205027	-0.0538213	-0.00130939	-0.0536457	0.0	0.0	0.0	0.0	8.11366e-06	-0.0536671	
18.6139364725	0.000240253	-0.0535278	0.0	0.0	0.0	0.0	0.000205091	-0.0533726	-0.00129467	-0.0532018	0.0	0.0	0.0	0.0	8.02759e-06	-0.0532217	
18.7710161052	0.000237553	-0.0530833	0.0	0.0	0.0	0.0	0.000205067	-0.0529313	-0.00128009	-0.0527652	0.0	0.0	0.0	0.0	7.94498e-06	-0.0527837	
18.9280957379	0.000234882	-0.052646	0.0	0.0	0.0	0.0	0.00020496	-0.0524973	-0.00126567	-0.0523356	0.0	0.0	0.0	0.0	7.86554e-06	-0.0523528	
19.0851753706	0.00023224	-0.0522159	0.0	0.0	0.0	0.0	0.000204774	-0.0520702	-0.00125142	-0.0519129	0.0	0.0	0.0	0.0	7.78899e-06	-0.0519288	
19.2422550032	0.000229628	-0.0517927	0.0	0.0	0.0	0.0	0.000204515	-0.05165	-0.00123732	-0.0514969	0.0	0.0	0.0	0.0	7.71512e-06	-0.0515116	
19.3993346359	0.000227046	-0.0513763	0.0	0.0	0.0	0.0	0.000204186	-0.0512366	-0.00122338	-0.0510874	0.0	0.0	0.0	0.0	7.64368e-06	-0.0511011	
19.5564142686	0.000224494	-0.0509665	0.0	0.0	0.0	0.0	0.000203792	-0.0508296	-0.0012096	-0.0506843	0.0	0.0	0.0	0.0	7.57449e-06	-0.050697	
19.7134939013	0.000221972	-0.0505631	0.0	0.0	0.0	0.0	0.000203338	-0.0504291	-0.00119599	-0.0502875	0.0	0.0	0.0	0.0	7.50736e-06	-0.0502992	
19.870573534	0.00021948	-0.0501661	0.0	0.0	0.0	0.0	0.000202826	-0.0500348	-0.00118254	-0.0498968	0.0	0.0	0.0	0.0	7.44213e-06	-0.0499075	
20.0276531666	0.000217019	-0.0497752	0.0	0.0	0.0	0.0	0.000202261	-0.0496465	-0.00116926	-0.0495121	0.0	0.0	0.0	0.0	7.37865e-06	-0.0495219	
20.1847327993	0.000214588	-0.0493904	0.0	0.0	0.0	0.0	0.000201646	-0.0492643	-0.00115614	-0.0491333	0.0	0.0	0.0	0.0	7.31678e-06	-0.0491422	
20.341812432	0.000212188	-0.0490114	0.0	0.0	0.0	0.0	0.000200984	-0.0488878	-0.00114318	-0.0487601	0.0	0.0	0.0	0.0	7.2564e-06	-0.0487682	
20.4988920647	0.000209817	-0.0486382	0.0	0.0	0.0	0.0	0.000200279	-0.048517	-0.00113039	-0.0483925	0.0	0.0	0.0	0.0	7.19739e-06	-0.0483999	
20.6559716974	0.000207477	-0.0482706	0.0	0.0	0.0	0.0	0.000199532	-0.0481518	-0.00111776	-0.0480303	0.0	0.0	0.0	0.0	7.13966e-06	-0.048037	
20.81305133	0.000205167	-0.0479085	0.0	0.0	0.0	0.0	0.000198748	-0.0477921	-0.00110529	-0.0476735	0.0	0.0	0.0	0.0	7.0831e-06	-0.0476796	
20.9701309627	0.000202887	-0.0475518	0.0	0.0	0.0	0.0	0.000197928	-0.0474376	-0.00109298	-0.047322	0.0	0.0	0.0	0.0	7.02763e-06	-0.0473274	
21.1272105954	0.000200636	-0.0472003	0.0	0.0	0.0	0.0	0.000197076	-0.0470884	-0.00108084	-0.0469755	0.0	0.0	0.0	0.0	6.97318e-06	-0.0469803	
21.2842902281	0.000198415	-0.046854	0.0	0.0	0.0	0.0	0.000196193	-0.0467442	-0.00106885	-0.046634	0.0	0.0	0.0	0.0	6.91968e-06	-0.0466382	
21.4413698608	0.000196223	-0.0465127	0.0	0.0	0.0	0.0	0.000195281	-0.046405	-0.00105702	-0.0462974	0.0	0.0	0.0	0.0	6.86706e-06	-0.0463011	
21.5984494934	0.000194061	-0.0461763	0.0	0.0	0.0	0.0	0.000194344	-0.0460707	-0.00104535	-0.0459656	0.0	0.0	0.0	0.0	6.81526e-06	-0.0459688	
21.7555291261	0.000191927	-0.0458447	0.0	0.0	0.0	0.0	0.000193382	-0.0457411	-0.00103384	-0.0456385	0.0	0.0	0.0	0.0	6.76423e-06	-0.0456412	
21.9126087588	0.000189822	-0.0455179	0.0	0.0	0.0	0.0	0.000192398	-0.0454162	-0.00102248	-0.045316	0.0	0.0	0.0	0.0	6.71392e-06	-0.0453182	
22.0696883915	0.000187745	-0.0451956	0.0	0.0	0.0	0.0	0.000191393	-0.0450959	-0.00101127	-0.044998	0.0	0.0	0.0	0.0	6.6643e-06	-0.0449998	
22.2267680241	0.000185696	-0.0448779	0.0	0.0	0.0	0.0	0.00019037	-0.04478	-0.00100022	-0.0446843	0.0	0.0	0.0	0.0	6.61531e-06	-0.0446857	
22.3838476568	0.000183675	-0.0445646	0.0	0.0	0.0	0.0	0.00018933	-0.0444685	-0.000989314	-0.044375	0.0	0.0	0.0	0.0	6.56693e-06	-0.044376	
22.5409272895	0.000181681	-0.0442556	0.0	0.0	0.0	0.0	0.000188273	-0.0441613	-0.000978558	-0.0440699	0.0	0.0	0.0	0.0	6.51912e-06	-0.0440706	
22.6980069222	0.000179715	-0.0439509	0.0	0.0	0.0	0.0	0.000187203	-0.0438584	-0.000967948	-0.043769	0.0	0.0	0.0	0.0	6.47185e-06	-0.0437693	
22.8550865549	0.000177775	-0.0436503	0.0	0.0	0.0	0.0	0.00018612	-0.0435595	-0.000957484	-0.0434721	0.0	0.0	0.0	0.0	6.4251e-06	-0.0434721	
23.0121661875	0.000175862	-0.0433538	0.0	0.0	0.0	0.0	0.000185025	-0.0432646	-0.000947163	-0.0431791	0.0	0.0	0.0	0.0	6.37884e-06	-0.0431788	
23.1692458202	0.000173975	-0.0430613	0.0	0.0	0.0	0.0	0.000183919	-0.0429737	-0.000936984	-0.0428901	0.0	0.0	0.0	0.0	6.33305e-06	-0.0428895	
23.3263254529	0.000172114	-0.0427727	0.0	0.0	0.0	0.0	0.000182805	-0.0426867	-0.000926944	-0.0426049	0.0	0.0	0.0	0.0	6.2877e-06	-0.0426041	
23.4834050856	0.000170278	-0.042488	0.0	0.0	0.0	0.0	0.000181682	-0.0424035	-0.000917043	-0.0423234	0.0	0.0	0.0	0.0	6.2428e-06	-0.0423223	
23.6404847183	0.000168468	-0.0422069	0.0	0.0	0.0	0.0	0.000180552	-0.042124	-0.000907278	-0.0420456	0.0	0.0	0.0	0.0	6.1983e-06	-0.0420443	
23.7975643509	0.000166683	-0.0419296	0.0	0.0	0.0	0.0	0.000179416	-0.0418481	-0.000897648	-0.0417714	0.0	0.0	0.0	0.0	6.15421e-06	-0.0417699	
23.9546439836	0.000164922	-0.0416559	0.0	0.0	0.0	0.0	0.000178275	-0.0415759	-0.000888151	-0.0415008	0.0	0.0	0.0	0.0	6.1105e-06	-0.041499	
24.1117236163	0.000163185	-0.0413857	0.0	0.0	0.0	0.0	0.000177129	-0.0413071	-0.000878785	-0.0412336	0.0	0.0	0.0	0.0	6.06718e-06	-0.0412316	
24.268803249	0.000161473	-0.041119	0.0	0.0	0.0	0.0	0.00017598	-0.0410418	-0.000869548	-0.0409698	0.0	0.0	0.0	0.0	6.02421e-06	-0.0409676	
24.4258828817	0.000159784	-0.0408557	0.0	0.0	0.0	0.0	0.000174828	-0.0407798	-0.000860439	-0.0407093	0.0	0.0	0.0	0.0	5.9816e-06	-0.040707	
24.5829625143	0.000158118	-0.0405958	0.0	0.0	0.0	0.0	0.000173673	-0.0405212	-0.000851455	-0.0404521	0.0	0.0	0.0	0.0	5.93934e-06	-0.0404496	
24.740042147	0.000156475	-0.0403391	0.0	0.0	0.0	0.0	0.000172518	-0.0402658	-0.000842595	-0.0401981	0.0	0.0	0.0	0.0	5.89741e-06	-0.0401955	
24.8971217797	0.000154855	-0.0400856	0.0	0.0	0.0	0.0	0.000171361	-0.0400136	-0.000833857	-0.0399473	0.0	0.0	0.0	0.0	5.85582e-06	-0.0399445	
25.0542014124	0.000153257	-0.0398354	0.0	0.0	0.0	0.0	0.000170204	-0.0397645	-0.00082524	-0.0396996	0.0	0.0	0.0	0.0	5.81455e-06	-0.0396966	
25.2112810451	0.000151681	-0.0395882	0.0	0.0	0.0	0.0	0.000169048	-0.0395185	-0.000816741	-0.0394549	0.0	0.0	0.0	0.0	5.7736e-06	-0.0394518	
25.3683606777	0.000150126	-0.039344	0.0	0.0	0.0	0.0	0.000167893	-0.0392755	-0.000808359	-0.0392131	0.0	0.0	0.0	0.0	5.73296e-06	-0.0392099	
25.5254403104	0.000148593	-0.0391028	0.0	0.0	0.0	0.0	0.000166739	-0.0390355	-0.000800093	-0.0389743	0.0	0.0	0.0	0.0	5.69263e-06	-0.038971	
25.6825199431	0.000147081	-0.0388646	0.0	0.0	0.0	0.0	0.000165587	-0.0387984	-0.00079194	-0.0387384	0.0	0.0	0.0	0.0	5.6526e-06	-0.038735	
25.8395995758	0.00014559	-0.0386292	0.0	0.0	0.0	0.0	0.000164437	-0.0385641	-0.000783898	-0.0385053	0.0	0.0	0.0	0.0	5.61287e-06	-0.0385018	
25.9966792085	0.000144119	-0.0383967	0.0	0.0	0.0	0.0	0.00016329	-0.0383327	-0.000775967	-0.038275	0.0	0.0	0.0	0.0	5.57344e-06	-0.0382714	
26.1537588411	0.000142668	-0.0381669	0.0	0.0	0.0	0.0	0.000162146	-0.038104	-0.000768144	-0.0380474	0.0	0.0	0.0	0.0	5.5343e-06	-0.0380437	
26.3108384738	0.000141236	-0.0379399	0.0	0.0	0.0	0.0	0.000161005	-0.037878	-0.000760428	-0.0378225	0.0	0.0	0.0	0.0	5.49545e-06	-0.0378187	
26.4679181065	0.000139825	-0.0377156	0.0	0.0	0.0	0.0	0.000159869	-0.0376546	-0.000752817	-0.0376002	0.0	0.0	0.0	0.0	5.45689e-06	-0.0375964	
26.6249977392	0.000138432	-0.0374939	0.0	0.0	0.0	0.0	0.000158736	-0.0374339	-0.00074531	-0.0373805	0.0	0.0	0.0	0.0	5.41861e-06	-0.0373766	
26.7820773719	0.000137058	-0.0372747	0.0	0.0	0.0	0.0	0.000157608	-0.0372158	-0.000737905	-0.0371633	0.0	0.0	0.0	0.0	5.38062e-06	-0.0371594	
26.9391570045	0.000135703	-0.0370581	0.0	0.0	0.0	0.0	0.000156485	-0.0370001	-0.0007306	-0.0369487	0.0	0.0	0.0	0.0	5.3429e-06	-0.0369446	
27.0962366372	0.000134367	-0.0368441	0.0	0.0	0.0	0.0	0.000155366	-0.036787	-0.000723394	-0.0367365	0.0	0.0	0.0	0.0	5.30547e-06	-0.0367324	
27.2533162699	0.000133048	-0.0366324	0.0	0.0	0.0	0.0	0.000154253	-0.0365762	-0.000716285	-0.0365267	0.0	0.0	0.0	0.0	5.26831e-06	-0.0365225	
27.4103959026	0.000131747	-0.0364232	0.0	0.0	0.0	0.0	0.000153146	-0.0363679	-0.000709272	-0.0363192	0.0	0.0	0.0	0.0	5.23142e-06	-0.0363151	
27.5674755353	0.000130463	-0.0362163	0.0	0.0	0.0	0.0	0.000152044	-0.0361619	-0.000702354	-0.0361141	0.0	0.0	0.0	0.0	5.19481e-06	-0.0361099	
27.7245551679	0.000129197	-0.0360118	0.0	0.0	0.0	0.0	0.000150947	-0.0359583	-0.000695528	-0.0359113	0.0	0.0	0.0	0.0	5.15846e-06	-0.0359071	
27.8816348006	0.000127948	-0.0358096	0.0	0.0	0.0	0.0	0.000149857	-0.0357569	-0.000688794	-0.0357108	0.0	0.0	0.0	0.0	5.12239e-06	-0.0357065	
28.0387144333	0.000126715	-0.0356096	0.0	0.0	0.0	0.0	0.000148773	-0.0355577	-0.00068215	-0.0355125	0.0	0.0	0.0	0.0	5.08659e-06	-0.0355081	
28.195794066	0.000125499	-0.0354119	0.0	0.0	0.0	0.0	0.000147696	-0.0353608	-0.000675594	-0.0353163	0.0	0.0	0.0	0.0	5.05105e-06	-0.035312	
28.3528736986	0.000124298	-0.0352163	0.0	0.0	0.0	0.0	0.000146625	-0.035166	-0.000669126	-0.0351223	0.0	0.0	0.0	0.0	5.01578e-06	-0.0351179	
28.5099533313	0.000123114	-0.0350229	0.0	0.0	0.0	0.0	0.00014556	-0.0349733	-0.000662744	-0.0349304	0.0	0.0	0.0	0.0	4.98078e-06	-0.034926	
28.667032964	0.000121945	-0.0348316	0.0	0.0	0.0	0.0	0.000144502	-0.0347828	-0.000656446	-0.0347406	0.0	0.0	0.0	0.0	4.94604e-06	-0.0347362	
28.8241125967	0.000120792	-0.0346423	0.0	0.0	0.0	0.0	0.000143451	-0.0345943	-0.000650231	-0.0345528	0.0	0.0	0.0	0.0	4.91156e-06	-0.0345484	
28.9811922294	0.000119654	-0.0344551	0.0	0.0	0.0	0.0	0.000142407	-0.0344078	-0.000644098	-0.034367	0.0	0.0	0.0	0.0	4.87734e-06	-0.0343626	
29.138271862	0.000118531	-0.0342699	0.0	0.0	0.0	0.0	0.000141371	-0.0342233	-0.000638045	-0.0341833	0.0	0.0	0.0	0.0	4.84338e-06	-0.0341788	
29.2953514947	0.000117423	-0.0340867	0.0	0.0	0.0	0.0	0.000140341	-0.0340408	-0.000632072	-0.0340014	0.0	0.0	0.0	0.0	4.80969e-06	-0.033997	
29.4524311274	0.000116329	-0.0339054	0.0	0.0	0.0	0.0	0.000139318	-0.0338602	-0.000626178	-0.0338215	0.0	0.0	0.0	0.0	4.77625e-06	-0.033817	
29.6095107601	0.000115249	-0.0337261	0.0	0.0	0.0	0.0	0.000138303	-0.0336815	-0.00062036	-0.0336435	0.0	0.0	0.0	0.0	4.74306e-06	-0.033639	
29.7665903928	0.000114183	-0.0335486	0.0	0.0	0.0	0.0	0.000137295	-0.0335047	-0.000614617	-0.0334673	0.0	0.0	0.0	0.0	4.71013e-06	-0.0334628	
29.9236700254	0.000113132	-0.033373	0.0	0.0	0.0	0.0	0.000136294	-0.0333297	-0.000608949	-0.0332929	0.0	0.0	0.0	0.0	4.67746e-06	-0.0332885	
30.0807496581	0.000112093	-0.0331992	0.0	0.0	0.0	0.0	0.0001353	-0.0331566	-0.000603355	-0.0331204	0.0	0.0	0.0	0.0	4.64504e-06	-0.0331159	
30.2378292908	0.000111068	-0.0330272	0.0	0.0	0.0	0.0	0.000134314	-0.0329852	-0.000597832	-0.0329496	0.0	0.0	0.0	0.0	4.61287e-06	-0.0329452	
30.3949089235	0.000110057	-0.032857	0.0	0.0	0.0	0.0	0.000133336	-0.0328156	-0.000592381	-0.0327806	0.0	0.0	0.0	0.0	4.58095e-06	-0.0327761	
30.5519885562	0.000109058	-0.0326885	0.0	0.0	0.0	0.0	0.000132365	-0.0326477	-0.000586999	-0.0326133	0.0	0.0	0.0	0.0	4.54928e-06	-0.0326088	
30.7090681888	0.000108072	-0.0325218	0.0	0.0	0.0	0.0	0.000131401	-0.0324815	-0.000581687	-0.0324476	0.0	0.0	0.0	0.0	4.51787e-06	-0.0324432	
30.8661478215	0.000107098	-0.0323567	0.0	0.0	0.0	0.0	0.000130445	-0.032317	-0.000576442	-0.0322837	0.0	0.0	0.0	0.0	4.48669e-06	-0.0322793	
31.0232274542	0.000106137	-0.0321933	0.0	0.0	0.0	0.0	0.000129497	-0.0321542	-0.000571264	-0.0321214	0.0	0.0	0.0	0.0	4.45577e-06	-0.032117	
31.1803070869	0.000105188	-0.0320315	0.0	0.0	0.0	0.0	0.000128556	-0.031993	-0.000566151	-0.0319607	0.0	0.0	0.0	0.0	4.42509e-06	-0.0319563	
31.3373867196	0.000104251	-0.0318714	0.0	0.0	0.0	0.0	0.000127623	-0.0318334	-0.000561104	-0.0318016	0.0	0.0	0.0	0.0	4.39465e-06	-0.0317972	
31.4944663522	0.000103326	-0.0317128	0.0	0.0	0.0	0.0	0.000126697	-0.0316753	-0.00055612	-0.0316441	0.0	0.0	0.0	0.0	4.36445e-06	-0.0316397	
31.6515459849	0.000102413	-0.0315558	0.0	0.0	0.0	0.0	0.000125778	-0.0315189	-0.000551198	-0.0314881	0.0	0.0	0.0	0.0	4.3345e-06	-0.0314837	
31.8086256176	0.00010151	-0.0314004	0.0	0.0	0.0	0.0	0.000124867	-0.0313639	-0.000546338	-0.0313336	0.0	0.0	0.0	0.0	4.30479e-06	-0.0313293	
31.9657052503	0.00010062	-0.0312464	0.0	0.0	0.0	0.0	0.000123964	-0.0312105	-0.000541539	-0.0311807	0.0	0.0	0.0	0.0	4.27531e-06	-0.0311763	
32.122784883	9.97399e-05	-0.031094	0.0	0.0	0.0	0.0	0.000123068	-0.0310586	-0.0005368	-0.0310292	0.0	0.0	0.0	0.0	4.24607e-06	-0.0310249	
32.2798645156	9.88711e-05	-0.0309431	0.0	0.0	0.0	0.0	0.00012218	-0.0309081	-0.00053212	-0.0308792	0.0	0.0	0.0	0.0	4.21707e-06	-0.0308749	
32.4369441483	9.8013e-05	-0.0307936	0.0	0.0	0.0	0.0	0.000121299	-0.0307591	-0.000527497	-0.0307306	0.0	0.0	0.0	0.0	4.1883e-06	-0.0307263	
32.594023781	9.71655e-05	-0.0306455	0.0	0.0	0.0	0.0	0.000120425	-0.0306115	-0.000522932	-0.0305835	0.0	0.0	0.0	0.0	4.15976e-06	-0.0305792	
32.7511034137	9.63284e-05	-0.0304989	0.0	0.0	0.0	0.0	0.000119559	-0.0304653	-0.000518423	-0.0304377	0.0	0.0	0.0	0.0	4.13146e-06	-0.0304335	
32.9081830464	9.55016e-05	-0.0303536	0.0	0.0	0.0	0.0	0.0001187	-0.0303206	-0.00051397	-0.0302933	0.0	0.0	0.0	0.0	4.10339e-06	-0.0302891	
33.065262679	9.46849e-05	-0.0302098	0.0	0.0	0.0	0.0	0.000117848	-0.0301771	-0.00050957	-0.0301503	0.0	0.0	0.0	0.0	4.07554e-06	-0.0301461	
33.2223423117	9.38781e-05	-0.0300672	0.0	0.0	0.0	0.0	0.000117004	-0.0300351	-0.000505225	-0.0300086	0.0	0.0	0.0	0.0	4.04792e-06	-0.0300045	
33.3794219444	9.30812e-05	-0.0299261	0.0	0.0	0.0	0.0	0.000116167	-0.0298943	-0.000500932	-0.0298683	0.0	0.0	0.0	0.0	4.02053e-06	-0.0298641	
33.5365015771	9.22939e-05	-0.0297862	0.0	0.0	0.0	0.0	0.000115337	-0.0297549	-0.000496692	-0.0297292	0.0	0.0	0.0	0.0	3.99336e-06	-0.0297251	
33.6935812098	9.15161e-05	-0.0296476	0.0	0.0	0.0	0.0	0.000114514	-0.0296167	-0.000492503	-0.0295914	0.0	0.0	0.0	0.0	3.96642e-06	-0.0295873	
33.8506608424	9.07477e-05	-0.0295104	0.0	0.0	0.0	0.0	0.000113699	-0.0294799	-0.000488364	-0.0294549	0.0	0.0	0.0	0.0	3.9397e-06	-0.0294509	
34.0077404751	8.99885e-05	-0.0293743	0.0	0.0	0.0	0.0	0.000112891	-0.0293442	-0.000484275	-0.0293197	0.0	0.0	0.0	0.0	3.91319e-06	-0.0293156	
34.1648201078	8.92383e-05	-0.0292396	0.0	0.0	0.0	0.0	0.000112089	-0.0292099	-0.000480235	-0.0291857	0.0	0.0	0.0	0.0	3.88691e-06	-0.0291816	
34.3218997405	8.84972e-05	-0.029106	0.0	0.0	0.0	0.0	0.000111295	-0.0290767	-0.000476243	-0.0290529	0.0	0.0	0.0	0.0	3.86084e-06	-0.0290488	
34.4789793731	8.77648e-05	-0.0289737	0.0	0.0	0.0	0.0	0.000110507	-0.0289448	-0.000472299	-0.0289213	0.0	0.0	0.0	0.0	3.83499e-06	-0.0289173	
34.6360590058	8.70412e-05	-0.0288426	0.0	0.0	0.0	0.0	0.000109727	-0.028814	-0.000468401	-0.0287908	0.0	0.0	0.0	0.0	3.80935e-06	-0.0287869	
34.7931386385	8.63261e-05	-0.0287126	0.0	0.0	0.0	0.0	0.000108953	-0.0286844	-0.00046455	-0.0286616	0.0	0.0	0.0	0.0	3.78392e-06	-0.0286576	
34.9502182712	8.56194e-05	-0.0285839	0.0	0.0	0.0	0.0	0.000108187	-0.028556	-0.000460744	-0.0285335	0.0	0.0	0.0	0.0	3.75871e-06	-0.0285296	
35.1072979039	8.4921e-05	-0.0284562	0.0	0.0	0.0	0.0	0.000107427	-0.0284287	-0.000456983	-0.0284065	0.0	0.0	0.0	0.0	3.7337e-06	-0.0284026	
35.2643775365	8.42308e-05	-0.0283297	0.0	0.0	0.0	0.0	0.000106673	-0.0283026	-0.000453266	-0.0282807	0.0	0.0	0.0	0.0	3.7089e-06	-0.0282768	
35.4214571692	8.35486e-05	-0.0282043	0.0	0.0	0.0	0.0	0.000105927	-0.0281775	-0.000449593	-0.0281559	0.0	0.0	0.0	0.0	3.68431e-06	-0.0281521	
35.5785368019	8.28744e-05	-0.0280801	0.0	0.0	0.0	0.0	0.000105187	-0.0280536	-0.000445962	-0.0280323	0.0	0.0	0.0	0.0	3.65992e-06	-0.0280285	
35.7356164346	8.22081e-05	-0.0279569	0.0	0.0	0.0	0.0	0.000104453	-0.0279307	-0.000442373	-0.0279097	0.0	0.0	0.0	0.0	3.63573e-06	-0.0279059	
35.8926960673	8.15494e-05	-0.0278347	0.0	0.0	0.0	0.0	0.000103726	-0.0278089	-0.000438826	-0.0277882	0.0	0.0	0.0	0.0	3.61175e-06	-0.0277844	
36.0497756999	8.08983e-05	-0.0277137	0.0	0.0	0.0	0.0	0.000103006	-0.0276882	-0.00043532	-0.0276678	0.0	0.0	0.0	0.0	3.58797e-06	-0.027664	
36.2068553326	8.02547e-05	-0.0275937	0.0	0.0	0.0	0.0	0.000102292	-0.0275685	-0.000431854	-0.0275484	0.0	0.0	0.0	0.0	3.56438e-06	-0.0275446	
36.3639349653	7.96185e-05	-0.0274747	0.0	0.0	0.0	0.0	0.000101584	-0.0274499	-0.000428428	-0.02743	0.0	0.0	0.0	0.0	3.54099e-06	-0.0274263	
36.521014598	7.89896e-05	-0.0273568	0.0	0.0	0.0	0.0	0.000100883	-0.0273322	-0.000425042	-0.0273126	0.0	0.0	0.0	0.0	3.5178e-06	-0.0273089	
36.6780942307	7.83678e-05	-0.0272398	0.0	0.0	0.0	0.0	0.000100188	-0.0272156	-0.000421694	-0.0271962	0.0	0.0	0.0	0.0	3.4948e-06	-0.0271926	
36.8351738633	7.77531e-05	-0.0271239	0.0	0.0	0.0	0.0	9.94988e-05	-0.0270999	-0.000418383	-0.0270808	0.0	0.0	0.0	0.0	3.47199e-06	-0.0270772	
36.992253496	7.71453e-05	-0.0270089	0.0	0.0	0.0	0.0	9.88161e-05	-0.0269852	-0.000415111	-0.0269664	0.0	0.0	0.0	0.0	3.44937e-06	-0.0269628	
37.1493331287	7.65444e-05	-0.0268949	0.0	0.0	0.0	0.0	9.81394e-05	-0.0268715	-0.000411875	-0.0268529	0.0	0.0	0.0	0.0	3.42694e-06	-0.0268493	
37.3064127614	7.59502e-05	-0.0267819	0.0	0.0	0.0	0.0	9.74689e-05	-0.0267588	-0.000408676	-0.0267404	0.0	0.0	0.0	0.0	3.4047e-06	-0.0267369	
37.4634923941	7.53627e-05	-0.0266698	0.0	0.0	0.0	0.0	9.68043e-05	-0.0266469	-0.000405513	-0.0266288	0.0	0.0	0.0	0.0	3.38265e-06	-0.0266253	
37.6205720267	7.47818e-05	-0.0265586	0.0	0.0	0.0	0.0	9.61456e-05	-0.0265361	-0.000402385	-0.0265182	0.0	0.0	0.0	0.0	3.36078e-06	-0.0265147	
37.7776516594	7.42074e-05	-0.0264484	0.0	0.0	0.0	0.0	9.54929e-05	-0.0264261	-0.000399292	-0.0264084	0.0	0.0	0.0	0.0	3.33909e-06	-0.026405	
37.9347312921	7.36393e-05	-0.026339	0.0	0.0	0.0	0.0	9.4846e-05	-0.026317	-0.000396233	-0.0262996	0.0	0.0	0.0	0.0	3.31758e-06	-0.0262961	
38.0918109248	7.30776e-05	-0.0262306	0.0	0.0	0.0	0.0	9.42048e-05	-0.0262088	-0.000393208	-0.0261916	0.0	0.0	0.0	0.0	3.29626e-06	-0.0261882	
38.2488905575	7.2522e-05	-0.026123	0.0	0.0	0.0	0.0	9.35694e-05	-0.0261016	-0.000390217	-0.0260846	0.0	0.0	0.0	0.0	3.27511e-06	-0.0260812	
38.4059701901	7.19725e-05	-0.0260164	0.0	0.0	0.0	0.0	9.29397e-05	-0.0259951	-0.000387259	-0.0259784	0.0	0.0	0.0	0.0	3.25414e-06	-0.025975	
38.5630498228	7.14291e-05	-0.0259106	0.0	0.0	0.0	0.0	9.23156e-05	-0.0258896	-0.000384333	-0.025873	0.0	0.0	0.0	0.0	3.23334e-06	-0.0258697	
38.7201294555	7.08916e-05	-0.0258056	0.0	0.0	0.0	0.0	9.1697e-05	-0.0257849	-0.000381439	-0.0257686	0.0	0.0	0.0	0.0	3.21272e-06	-0.0257652	
38.8772090882	7.036e-05	-0.0257015	0.0	0.0	0.0	0.0	9.1084e-05	-0.025681	-0.000378577	-0.0256649	0.0	0.0	0.0	0.0	3.19227e-06	-0.0256616	
39.0342887209	6.98342e-05	-0.0255983	0.0	0.0	0.0	0.0	9.04765e-05	-0.025578	-0.000375746	-0.0255621	0.0	0.0	0.0	0.0	3.17199e-06	-0.0255588	
39.1913683535	6.93141e-05	-0.0254959	0.0	0.0	0.0	0.0	8.98743e-05	-0.0254758	-0.000372946	-0.0254601	0.0	0.0	0.0	0.0	3.15188e-06	-0.0254568	
39.3484479862	6.87995e-05	-0.0253942	0.0	0.0	0.0	0.0	8.92776e-05	-0.0253744	-0.000370176	-0.0253589	0.0	0.0	0.0	0.0	3.13193e-06	-0.0253557	
39.5055276189	6.82906e-05	-0.0252934	0.0	0.0	0.0	0.0	8.86861e-05	-0.0252738	-0.000367435	-0.0252585	0.0	0.0	0.0	0.0	3.11215e-06	-0.0252553	
39.6626072516	6.77871e-05	-0.0251934	0.0	0.0	0.0	0.0	8.80999e-05	-0.0251741	-0.000364725	-0.0251589	0.0	0.0	0.0	0.0	3.09254e-06	-0.0251557	
39.8196868843	6.7289e-05	-0.0250942	0.0	0.0	0.0	0.0	8.75189e-05	-0.025075	-0.000362043	-0.0250601	0.0	0.0	0.0	0.0	3.07309e-06	-0.0250569	
39.9767665169	6.67962e-05	-0.0249957	0.0	0.0	0.0	0.0	8.69431e-05	-0.0249768	-0.00035939	-0.024962	0.0	0.0	0.0	0.0	3.05381e-06	-0.0249589	
40.1338461496	6.63086e-05	-0.024898	0.0	0.0	0.0	0.0	8.63724e-05	-0.0248793	-0.000356765	-0.0248647	0.0	0.0	0.0	0.0	3.03468e-06	-0.0248616	
40.2909257823	6.58262e-05	-0.0248011	0.0	0.0	0.0	0.0	8.58067e-05	-0.0247826	-0.000354168	-0.0247682	0.0	0.0	0.0	0.0	3.01571e-06	-0.0247651	
40.448005415	6.5349e-05	-0.024705	0.0	0.0	0.0	0.0	8.52461e-05	-0.0246867	-0.000351599	-0.0246724	0.0	0.0	0.0	0.0	2.9969e-06	-0.0246693	
40.6050850476	6.48767e-05	-0.0246095	0.0	0.0	0.0	0.0	8.46904e-05	-0.0245914	-0.000349057	-0.0245773	0.0	0.0	0.0	0.0	2.97825e-06	-0.0245743	
40.7621646803	6.44094e-05	-0.0245148	0.0	0.0	0.0	0.0	8.41397e-05	-0.0244969	-0.000346541	-0.024483	0.0	0.0	0.0	0.0	2.95975e-06	-0.02448	
40.919244313	6.3947e-05	-0.0244209	0.0	0.0	0.0	0.0	8.35938e-05	-0.0244032	-0.000344052	-0.0243894	0.0	0.0	0.0	0.0	2.9414e-06	-0.0243864	
41.0763239457	6.34895e-05	-0.0243276	0.0	0.0	0.0	0.0	8.30527e-05	-0.0243101	-0.000341589	-0.0242965	0.0	0.0	0.0	0.0	2.92321e-06	-0.0242936	
41.2334035784	6.30367e-05	-0.0242351	0.0	0.0	0.0	0.0	8.25164e-05	-0.0242178	-0.000339151	-0.0242043	0.0	0.0	0.0	0.0	2.90517e-06	-0.0242014	
41.390483211	6.25886e-05	-0.0241432	0.0	0.0	0.0	0.0	8.19848e-05	-0.0241261	-0.000336739	-0.0241128	0.0	0.0	0.0	0.0	2.88727e-06	-0.0241099	
41.5475628437	6.21452e-05	-0.0240521	0.0	0.0	0.0	0.0	8.14579e-05	-0.0240352	-0.000334352	-0.024022	0.0	0.0	0.0	0.0	2.86953e-06	-0.0240191	
41.7046424764	6.17063e-05	-0.0239616	0.0	0.0	0.0	0.0	8.09357e-05	-0.0239449	-0.00033199	-0.0239319	0.0	0.0	0.0	0.0	2.85193e-06	-0.023929	
41.8617221091	6.1272e-05	-0.0238718	0.0	0.0	0.0	0.0	8.0418e-05	-0.0238553	-0.000329652	-0.0238424	0.0	0.0	0.0	0.0	2.83447e-06	-0.0238396	
42.0188017418	6.08421e-05	-0.0237827	0.0	0.0	0.0	0.0	7.99048e-05	-0.0237663	-0.000327337	-0.0237537	0.0	0.0	0.0	0.0	2.81716e-06	-0.0237508	
42.1758813744	6.04166e-05	-0.0236942	0.0	0.0	0.0	0.0	7.93961e-05	-0.0236781	-0.000325047	-0.0236655	0.0	0.0	0.0	0.0	2.79999e-06	-0.0236627	
42.3329610071	5.99954e-05	-0.0236064	0.0	0.0	0.0	0.0	7.88919e-05	-0.0235904	-0.00032278	-0.023578	0.0	0.0	0.0	0.0	2.78296e-06	-0.0235753	
42.4900406398	5.95786e-05	-0.0235193	0.0	0.0	0.0	0.0	7.83921e-05	-0.0235034	-0.000320536	-0.0234912	0.0	0.0	0.0	0.0	2.76608e-06	-0.0234884	
42.6471202725	5.91659e-05	-0.0234328	0.0	0.0	0.0	0.0	7.78967e-05	-0.0234171	-0.000318315	-0.023405	0.0	0.0	0.0	0.0	2.74933e-06	-0.0234023	
42.8041999052	5.87574e-05	-0.0233469	0.0	0.0	0.0	0.0	7.74055e-05	-0.0233314	-0.000316116	-0.0233194	0.0	0.0	0.0	0.0	2.73272e-06	-0.0233167	
42.9612795378	5.83531e-05	-0.0232617	0.0	0.0	0.0	0.0	7.69186e-05	-0.0232463	-0.00031394	-0.0232345	0.0	0.0	0.0	0.0	2.71624e-06	-0.0232318	
43.1183591705	5.79528e-05	-0.023177	0.0	0.0	0.0	0.0	7.6436e-05	-0.0231618	-0.000311785	-0.0231501	0.0	0.0	0.0	0.0	2.6999e-06	-0.0231475	
43.2754388032	5.75565e-05	-0.023093	0.0	0.0	0.0	0.0	7.59575e-05	-0.023078	-0.000309652	-0.0230664	0.0	0.0	0.0	0.0	2.68369e-06	-0.0230638	
43.4325184359	5.71642e-05	-0.0230096	0.0	0.0	0.0	0.0	7.54832e-05	-0.0229947	-0.00030754	-0.0229833	0.0	0.0	0.0	0.0	2.66762e-06	-0.0229807	
43.5895980686	5.67758e-05	-0.0229268	0.0	0.0	0.0	0.0	7.5013e-05	-0.0229121	-0.000305449	-0.0229008	0.0	0.0	0.0	0.0	2.65167e-06	-0.0228981	
43.7466777012	5.63912e-05	-0.0228446	0.0	0.0	0.0	0.0	7.45469e-05	-0.02283	-0.00030338	-0.0228188	0.0	0.0	0.0	0.0	2.63586e-06	-0.0228162	
43.9037573339	5.60105e-05	-0.0227629	0.0	0.0	0.0	0.0	7.40847e-05	-0.0227485	-0.00030133	-0.0227375	0.0	0.0	0.0	0.0	2.62017e-06	-0.0227349	
44.0608369666	5.56335e-05	-0.0226819	0.0	0.0	0.0	0.0	7.36266e-05	-0.0226676	-0.000299301	-0.0226567	0.0	0.0	0.0	0.0	2.60461e-06	-0.0226541	
44.2179165993	5.52602e-05	-0.0226014	0.0	0.0	0.0	0.0	7.31723e-05	-0.0225873	-0.000297292	-0.0225765	0.0	0.0	0.0	0.0	2.58918e-06	-0.0225739	
44.374996232	5.48906e-05	-0.0225215	0.0	0.0	0.0	0.0	7.2722e-05	-0.0225075	-0.000295302	-0.0224968	0.0	0.0	0.0	0.0	2.57388e-06	-0.0224943	
44.5320758646	5.45246e-05	-0.0224422	0.0	0.0	0.0	0.0	7.22755e-05	-0.0224283	-0.000293332	-0.0224178	0.0	0.0	0.0	0.0	2.55869e-06	-0.0224153	
44.6891554973	5.41621e-05	-0.0223634	0.0	0.0	0.0	0.0	7.18329e-05	-0.0223497	-0.000291382	-0.0223392	0.0	0.0	0.0	0.0	2.54363e-06	-0.0223367	
44.84623513	5.38032e-05	-0.0222851	0.0	0.0	0.0	0.0	7.1394e-05	-0.0222716	-0.00028945	-0.0222612	0.0	0.0	0.0	0.0	2.52869e-06	-0.0222588	
45.0033147627	5.34478e-05	-0.0222074	0.0	0.0	0.0	0.0	7.09589e-05	-0.022194	-0.000287537	-0.0221838	0.0	0.0	0.0	0.0	2.51387e-06	-0.0221814	
45.1603943954	5.30958e-05	-0.0221303	0.0	0.0	0.0	0.0	7.05274e-05	-0.022117	-0.000285642	-0.0221069	0.0	0.0	0.0	0.0	2.49918e-06	-0.0221045	
45.317474028	5.27472e-05	-0.0220537	0.0	0.0	0.0	0.0	7.00997e-05	-0.0220405	-0.000283766	-0.0220305	0.0	0.0	0.0	0.0	2.48459e-06	-0.0220281	
45.4745536607	5.2402e-05	-0.0219776	0.0	0.0	0.0	0.0	6.96755e-05	-0.0219646	-0.000281908	-0.0219547	0.0	0.0	0.0	0.0	2.47013e-06	-0.0219523	
45.6316332934	5.20601e-05	-0.021902	0.0	0.0	0.0	0.0	6.9255e-05	-0.0218892	-0.000280068	-0.0218793	0.0	0.0	0.0	0.0	2.45578e-06	-0.021877	
45.7887129261	5.17214e-05	-0.021827	0.0	0.0	0.0	0.0	6.8838e-05	-0.0218142	-0.000278245	-0.0218045	0.0	0.0	0.0	0.0	2.44155e-06	-0.0218022	
45.9457925588	5.1386e-05	-0.0217524	0.0	0.0	0.0	0.0	6.84245e-05	-0.0217398	-0.00027644	-0.0217302	0.0	0.0	0.0	0.0	2.42743e-06	-0.0217279	
46.1028721914	5.10537e-05	-0.0216784	0.0	0.0	0.0	0.0	6.80145e-05	-0.0216659	-0.000274652	-0.0216564	0.0	0.0	0.0	0.0	2.41342e-06	-0.0216541	
46.2599518241	5.07246e-05	-0.0216049	0.0	0.0	0.0	0.0	6.7608e-05	-0.0215925	-0.00027288	-0.0215831	0.0	0.0	0.0	0.0	2.39953e-06	-0.0215808	
46.4170314568	5.03987e-05	-0.0215319	0.0	0.0	0.0	0.0	6.72048e-05	-0.0215196	-0.000271126	-0.0215103	0.0	0.0	0.0	0.0	2.38574e-06	-0.021508	
46.5741110895	5.00757e-05	-0.0214593	0.0	0.0	0.0	0.0	6.68051e-05	-0.0214472	-0.000269388	-0.021438	0.0	0.0	0.0	0.0	2.37207e-06	-0.0214357	
46.7311907221	4.97559e-05	-0.0213873	0.0	0.0	0.0	0.0	6.64087e-05	-0.0213753	-0.000267666	-0.0213661	0.0	0.0	0.0	0.0	2.3585e-06	-0.0213639	
46.8882703548	4.9439e-05	-0.0213157	0.0	0.0	0.0	0.0	6.60156e-05	-0.0213038	-0.000265961	-0.0212948	0.0	0.0	0.0	0.0	2.34504e-06	-0.0212926	
47.0453499875	4.91251e-05	-0.0212446	0.0	0.0	0.0	0.0	6.56257e-05	-0.0212328	-0.000264272	-0.0212239	0.0	0.0	0.0	0.0	2.33169e-06	-0.0212217	
47.2024296202	4.88141e-05	-0.021174	0.0	0.0	0.0	0.0	6.52392e-05	-0.0211623	-0.000262598	-0.0211535	0.0	0.0	0.0	0.0	2.31844e-06	-0.0211513	
47.3595092529	4.8506e-05	-0.0211038	0.0	0.0	0.0	0.0	6.48558e-05	-0.0210923	-0.00026094	-0.0210835	0.0	0.0	0.0	0.0	2.3053e-06	-0.0210814	
47.5165888855	4.82007e-05	-0.0210341	0.0	0.0	0.0	0.0	6.44756e-05	-0.0210227	-0.000259297	-0.021014	0.0	0.0	0.0	0.0	2.29226e-06	-0.0210119	
47.6736685182	4.78983e-05	-0.0209649	0.0	0.0	0.0	0.0	6.40986e-05	-0.0209536	-0.000257669	-0.020945	0.0	0.0	0.0	0.0	2.27932e-06	-0.0209429	
47.8307481509	4.75986e-05	-0.0208961	0.0	0.0	0.0	0.0	6.37246e-05	-0.0208849	-0.000256057	-0.0208764	0.0	0.0	0.0	0.0	2.26649e-06	-0.0208743	
47.9878277836	4.73017e-05	-0.0208278	0.0	0.0	0.0	0.0	6.33538e-05	-0.0208167	-0.000254459	-0.0208083	0.0	0.0	0.0	0.0	2.25375e-06	-0.0208062	
48.1449074163	4.70076e-05	-0.0207599	0.0	0.0	0.0	0.0	6.2986e-05	-0.0207489	-0.000252876	-0.0207406	0.0	0.0	0.0	0.0	2.24112e-06	-0.0207385	
48.3019870489	4.67161e-05	-0.0206925	0.0	0.0	0.0	0.0	6.26212e-05	-0.0206816	-0.000251307	-0.0206733	0.0	0.0	0.0	0.0	2.22858e-06	-0.0206713	
48.4590666816	4.64273e-05	-0.0206255	0.0	0.0	0.0	0.0	6.22594e-05	-0.0206147	-0.000249753	-0.0206065	0.0	0.0	0.0	0.0	2.21615e-06	-0.0206045	
48.6161463143	4.61411e-05	-0.0205589	0.0	0.0	0.0	0.0	6.19006e-05	-0.0205482	-0.000248212	-0.0205401	0.0	0.0	0.0	0.0	2.2038e-06	-0.0205381	
48.773225947	4.58574e-05	-0.0204928	0.0	0.0	0.0	0.0	6.15447e-05	-0.0204822	-0.000246686	-0.0204742	0.0	0.0	0.0	0.0	2.19156e-06	-0.0204721	
48.9303055797	4.55764e-05	-0.020427	0.0	0.0	0.0	0.0	6.11917e-05	-0.0204165	-0.000245174	-0.0204086	0.0	0.0	0.0	0.0	2.17941e-06	-0.0204066	
49.0873852123	4.52979e-05	-0.0203617	0.0	0.0	0.0	0.0	6.08416e-05	-0.0203513	-0.000243675	-0.0203435	0.0	0.0	0.0	0.0	2.16735e-06	-0.0203415	
49.244464845	4.50219e-05	-0.0202968	0.0	0.0	0.0	0.0	6.04943e-05	-0.0202865	-0.000242189	-0.0202788	0.0	0.0	0.0	0.0	2.15539e-06	-0.0202768	
49.4015444777	4.47483e-05	-0.0202324	0.0	0.0	0.0	0.0	6.01498e-05	-0.0202222	-0.000240717	-0.0202145	0.0	0.0	0.0	0.0	2.14352e-06	-0.0202125	
49.5586241104	4.44772e-05	-0.0201683	0.0	0.0	0.0	0.0	5.98081e-05	-0.0201582	-0.000239259	-0.0201506	0.0	0.0	0.0	0.0	2.13174e-06	-0.0201486	
49.7157037431	4.42085e-05	-0.0201046	0.0	0.0	0.0	0.0	5.94692e-05	-0.0200946	-0.000237813	-0.0200871	0.0	0.0	0.0	0.0	2.12005e-06	-0.0200852	
49.8727833757	4.39422e-05	-0.0200414	0.0	0.0	0.0	0.0	5.9133e-05	-0.0200315	-0.00023638	-0.020024	0.0	0.0	0.0	0.0	2.10846e-06	-0.0200221	
50.0298630084	4.36783e-05	-0.0199785	0.0	0.0	0.0	0.0	5.87995e-05	-0.0199687	-0.000234959	-0.0199613	0.0	0.0	0.0	0.0	2.09695e-06	-0.0199594	
50.1869426411	4.34167e-05	-0.0199161	0.0	0.0	0.0	0.0	5.84687e-05	-0.0199063	-0.000233552	-0.019899	0.0	0.0	0.0	0.0	2.08553e-06	-0.0198971	
50.3440222738	4.31574e-05	-0.019854	0.0	0.0	0.0	0.0	5.81406e-05	-0.0198443	-0.000232156	-0.0198371	0.0	0.0	0.0	0.0	2.07419e-06	-0.0198352	
50.5011019065	4.29004e-05	-0.0197923	0.0	0.0	0.0	0.0	5.7815e-05	-0.0197827	-0.000230773	-0.0197755	0.0	0.0	0.0	0.0	2.06294e-06	-0.0197737	
50.6581815391	4.26456e-05	-0.019731	0.0	0.0	0.0	0.0	5.74921e-05	-0.0197215	-0.000229402	-0.0197144	0.0	0.0	0.0	0.0	2.05178e-06	-0.0197125	
50.8152611718	4.23931e-05	-0.01967	0.0	0.0	0.0	0.0	5.71717e-05	-0.0196606	-0.000228043	-0.0196536	0.0	0.0	0.0	0.0	2.04071e-06	-0.0196518	
50.9723408045	4.21428e-05	-0.0196095	0.0	0.0	0.0	0.0	5.68539e-05	-0.0196002	-0.000226696	-0.0195932	0.0	0.0	0.0	0.0	2.02972e-06	-0.0195914	
51.1294204372	4.18946e-05	-0.0195493	0.0	0.0	0.0	0.0	5.65386e-05	-0.0195401	-0.000225361	-0.0195331	0.0	0.0	0.0	0.0	2.01881e-06	-0.0195313	
51.2865000699	4.16486e-05	-0.0194895	0.0	0.0	0.0	0.0	5.62258e-05	-0.0194803	-0.000224037	-0.0194735	0.0	0.0	0.0	0.0	2.00798e-06	-0.0194717	
51.4435797025	4.14047e-05	-0.01943	0.0	0.0	0.0	0.0	5.59155e-05	-0.0194209	-0.000222725	-0.0194142	0.0	0.0	0.0	0.0	1.99724e-06	-0.0194124	
51.6006593352	4.11629e-05	-0.0193709	0.0	0.0	0.0	0.0	5.56076e-05	-0.0193619	-0.000221423	-0.0193552	0.0	0.0	0.0	0.0	1.98657e-06	-0.0193534	
51.7577389679	4.09232e-05	-0.0193122	0.0	0.0	0.0	0.0	5.53021e-05	-0.0193033	-0.000220134	-0.0192966	0.0	0.0	0.0	0.0	1.97599e-06	-0.0192949	
51.9148186006	4.06856e-05	-0.0192538	0.0	0.0	0.0	0.0	5.49991e-05	-0.019245	-0.000218855	-0.0192384	0.0	0.0	0.0	0.0	1.96549e-06	-0.0192366	
52.0718982333	4.045e-05	-0.0191958	0.0	0.0	0.0	0.0	5.46984e-05	-0.019187	-0.000217587	-0.0191805	0.0	0.0	0.0	0.0	1.95506e-06	-0.0191788	
52.2289778659	4.02164e-05	-0.0191381	0.0	0.0	0.0	0.0	5.44e-05	-0.0191294	-0.00021633	-0.0191229	0.0	0.0	0.0	0.0	1.94472e-06	-0.0191212	
52.3860574986	3.99848e-05	-0.0190807	0.0	0.0	0.0	0.0	5.4104e-05	-0.0190722	-0.000215084	-0.0190657	0.0	0.0	0.0	0.0	1.93445e-06	-0.019064	
52.5431371313	3.97551e-05	-0.0190238	0.0	0.0	0.0	0.0	5.38103e-05	-0.0190152	-0.000213848	-0.0190089	0.0	0.0	0.0	0.0	1.92426e-06	-0.0190072	
52.700216764	3.95274e-05	-0.0189671	0.0	0.0	0.0	0.0	5.35189e-05	-0.0189587	-0.000212623	-0.0189524	0.0	0.0	0.0	0.0	1.91414e-06	-0.0189507	
52.8572963966	3.93017e-05	-0.0189108	0.0	0.0	0.0	0.0	5.32298e-05	-0.0189024	-0.000211408	-0.0188962	0.0	0.0	0.0	0.0	1.9041e-06	-0.0188945	
53.0143760293	3.90778e-05	-0.0188548	0.0	0.0	0.0	0.0	5.29429e-05	-0.0188465	-0.000210203	-0.0188403	0.0	0.0	0.0	0.0	1.89413e-06	-0.0188387	
53.171455662	3.88558e-05	-0.0187991	0.0	0.0	0.0	0.0	5.26582e-05	-0.0187909	-0.000209009	-0.0187848	0.0	0.0	0.0	0.0	1.88424e-06	-0.0187832	
53.3285352947	3.86357e-05	-0.0187438	0.0	0.0	0.0	0.0	5.23757e-05	-0.0187357	-0.000207824	-0.0187296	0.0	0.0	0.0	0.0	1.87442e-06	-0.018728	
53.4856149274	3.84174e-05	-0.0186888	0.0	0.0	0.0	0.0	5.20954e-05	-0.0186807	-0.00020665	-0.0186747	0.0	0.0	0.0	0.0	1.86468e-06	-0.0186731	
53.64269456	3.82009e-05	-0.0186341	0.0	0.0	0.0	0.0	5.18172e-05	-0.0186261	-0.000205485	-0.0186202	0.0	0.0	0.0	0.0	1.855e-06	-0.0186186	
53.7997741927	3.79862e-05	-0.0185798	0.0	0.0	0.0	0.0	5.15412e-05	-0.0185718	-0.00020433	-0.0185659	0.0	0.0	0.0	0.0	1.8454e-06	-0.0185643	
53.9568538254	3.77733e-05	-0.0185257	0.0	0.0	0.0	0.0	5.12673e-05	-0.0185179	-0.000203184	-0.018512	0.0	0.0	0.0	0.0	1.83587e-06	-0.0185104	
54.1139334581	3.75622e-05	-0.018472	0.0	0.0	0.0	0.0	5.09954e-05	-0.0184642	-0.000202048	-0.0184584	0.0	0.0	0.0	0.0	1.8264e-06	-0.0184568	
54.2710130908	3.73528e-05	-0.0184186	0.0	0.0	0.0	0.0	5.07257e-05	-0.0184108	-0.000200922	-0.0184051	0.0	0.0	0.0	0.0	1.81701e-06	-0.0184035	
54.4280927234	3.71451e-05	-0.0183655	0.0	0.0	0.0	0.0	5.0458e-05	-0.0183578	-0.000199804	-0.0183521	0.0	0.0	0.0	0.0	1.80769e-06	-0.0183505	
54.5851723561	3.69392e-05	-0.0183127	0.0	0.0	0.0	0.0	5.01923e-05	-0.018305	-0.000198696	-0.0182994	0.0	0.0	0.0	0.0	1.79843e-06	-0.0182979	
54.7422519888	3.67349e-05	-0.0182602	0.0	0.0	0.0	0.0	4.99287e-05	-0.0182526	-0.000197597	-0.018247	0.0	0.0	0.0	0.0	1.78924e-06	-0.0182455	
54.8993316215	3.65323e-05	-0.018208	0.0	0.0	0.0	0.0	4.9667e-05	-0.0182005	-0.000196507	-0.0181949	0.0	0.0	0.0	0.0	1.78012e-06	-0.0181934	
55.0564112542	3.63313e-05	-0.018156	0.0	0.0	0.0	0.0	4.94073e-05	-0.0181486	-0.000195425	-0.0181431	0.0	0.0	0.0	0.0	1.77106e-06	-0.0181416	
55.2134908868	3.6132e-05	-0.0181044	0.0	0.0	0.0	0.0	4.91496e-05	-0.0180971	-0.000194353	-0.0180916	0.0	0.0	0.0	0.0	1.76207e-06	-0.0180901	
55.3705705195	3.59343e-05	-0.0180531	0.0	0.0	0.0	0.0	4.88938e-05	-0.0180458	-0.000193289	-0.0180404	0.0	0.0	0.0	0.0	1.75314e-06	-0.0180389	
55.5276501522	3.57382e-05	-0.0180021	0.0	0.0	0.0	0.0	4.86399e-05	-0.0179948	-0.000192234	-0.0179895	0.0	0.0	0.0	0.0	1.74428e-06	-0.017988	
55.6847297849	3.55436e-05	-0.0179513	0.0	0.0	0.0	0.0	4.83879e-05	-0.0179442	-0.000191187	-0.0179388	0.0	0.0	0.0	0.0	1.73549e-06	-0.0179374	
55.8418094176	3.53506e-05	-0.0179009	0.0	0.0	0.0	0.0	4.81378e-05	-0.0178938	-0.000190149	-0.0178885	0.0	0.0	0.0	0.0	1.72675e-06	-0.017887	
55.9988890502	3.51592e-05	-0.0178507	0.0	0.0	0.0	0.0	4.78896e-05	-0.0178436	-0.000189119	-0.0178384	0.0	0.0	0.0	0.0	1.71808e-06	-0.017837	
56.1559686829	3.49693e-05	-0.0178008	0.0	0.0	0.0	0.0	4.76432e-05	-0.0177938	-0.000188097	-0.0177886	0.0	0.0	0.0	0.0	1.70947e-06	-0.0177872	
56.3130483156	3.4781e-05	-0.0177512	0.0	0.0	0.0	0.0	4.73987e-05	-0.0177443	-0.000187083	-0.0177391	0.0	0.0	0.0	0.0	1.70093e-06	-0.0177377	
56.4701279483	3.45941e-05	-0.0177019	0.0	0.0	0.0	0.0	4.7156e-05	-0.017695	-0.000186078	-0.0176899	0.0	0.0	0.0	0.0	1.69244e-06	-0.0176885	
56.627207581	3.44087e-05	-0.0176528	0.0	0.0	0.0	0.0	4.6915e-05	-0.017646	-0.00018508	-0.0176409	0.0	0.0	0.0	0.0	1.68401e-06	-0.0176395	
56.7842872136	3.42247e-05	-0.017604	0.0	0.0	0.0	0.0	4.66758e-05	-0.0175972	-0.000184091	-0.0175922	0.0	0.0	0.0	0.0	1.67565e-06	-0.0175908	
56.9413668463	3.40423e-05	-0.0175555	0.0	0.0	0.0	0.0	4.64384e-05	-0.0175487	-0.000183109	-0.0175438	0.0	0.0	0.0	0.0	1.66734e-06	-0.0175424	
57.098446479	3.38612e-05	-0.0175072	0.0	0.0	0.0	0.0	4.62028e-05	-0.0175005	-0.000182135	-0.0174956	0.0	0.0	0.0	0.0	1.65909e-06	-0.0174942	
57.2555261117	3.36816e-05	-0.0174592	0.0	0.0	0.0	0.0	4.59689e-05	-0.0174526	-0.000181168	-0.0174477	0.0	0.0	0.0	0.0	1.6509e-06	-0.0174464	
57.4126057444	3.35034e-05	-0.0174115	0.0	0.0	0.0	0.0	4.57366e-05	-0.0174049	-0.00018021	-0.0174001	0.0	0.0	0.0	0.0	1.64277e-06	-0.0173987	
57.569685377	3.33266e-05	-0.017364	0.0	0.0	0.0	0.0	4.55061e-05	-0.0173575	-0.000179258	-0.0173527	0.0	0.0	0.0	0.0	1.6347e-06	-0.0173514	
57.7267650097	3.31512e-05	-0.0173168	0.0	0.0	0.0	0.0	4.52773e-05	-0.0173103	-0.000178315	-0.0173056	0.0	0.0	0.0	0.0	1.62668e-06	-0.0173042	
57.8838446424	3.29771e-05	-0.0172698	0.0	0.0	0.0	0.0	4.50501e-05	-0.0172634	-0.000177378	-0.0172587	0.0	0.0	0.0	0.0	1.61872e-06	-0.0172574	
58.0409242751	3.28044e-05	-0.0172231	0.0	0.0	0.0	0.0	4.48246e-05	-0.0172168	-0.000176449	-0.0172121	0.0	0.0	0.0	0.0	1.61082e-06	-0.0172108	
58.1980039078	3.2633e-05	-0.0171767	0.0	0.0	0.0	0.0	4.46007e-05	-0.0171704	-0.000175527	-0.0171657	0.0	0.0	0.0	0.0	1.60297e-06	-0.0171644	
58.3550835404	3.2463e-05	-0.0171305	0.0	0.0	0.0	0.0	4.43784e-05	-0.0171242	-0.000174612	-0.0171196	0.0	0.0	0.0	0.0	1.59517e-06	-0.0171183	
58.5121631731	3.22942e-05	-0.0170845	0.0	0.0	0.0	0.0	4.41578e-05	-0.0170783	-0.000173704	-0.0170737	0.0	0.0	0.0	0.0	1.58743e-06	-0.0170725	
58.6692428058	3.21268e-05	-0.0170388	0.0	0.0	0.0	0.0	4.39387e-05	-0.0170327	-0.000172803	-0.0170281	0.0	0.0	0.0	0.0	1.57974e-06	-0.0170268	
58.8263224385	3.19606e-05	-0.0169933	0.0	0.0	0.0	0.0	4.37212e-05	-0.0169872	-0.000171909	-0.0169827	0.0	0.0	0.0	0.0	1.57211e-06	-0.0169815	
58.9834020711	3.17957e-05	-0.0169481	0.0	0.0	0.0	0.0	4.35053e-05	-0.0169421	-0.000171022	-0.0169376	0.0	0.0	0.0	0.0	1.56453e-06	-0.0169363	
59.1404817038	3.16321e-05	-0.0169031	0.0	0.0	0.0	0.0	4.32909e-05	-0.0168971	-0.000170141	-0.0168927	0.0	0.0	0.0	0.0	1.557e-06	-0.0168914	
59.2975613365	3.14697e-05	-0.0168584	0.0	0.0	0.0	0.0	4.3078e-05	-0.0168524	-0.000169268	-0.016848	0.0	0.0	0.0	0.0	1.54953e-06	-0.0168468	
59.4546409692	3.13086e-05	-0.0168139	0.0	0.0	0.0	0.0	4.28667e-05	-0.016808	-0.000168401	-0.0168036	0.0	0.0	0.0	0.0	1.5421e-06	-0.0168024	
59.6117206019	3.11486e-05	-0.0167696	0.0	0.0	0.0	0.0	4.26569e-05	-0.0167637	-0.00016754	-0.0167594	0.0	0.0	0.0	0.0	1.53473e-06	-0.0167582	
59.7688002345	3.09899e-05	-0.0167256	0.0	0.0	0.0	0.0	4.24485e-05	-0.0167197	-0.000166686	-0.0167155	0.0	0.0	0.0	0.0	1.52741e-06	-0.0167142	
59.9258798672	3.08324e-05	-0.0166817	0.0	0.0	0.0	0.0	4.22416e-05	-0.016676	-0.000165839	-0.0166717	0.0	0.0	0.0	0.0	1.52014e-06	-0.0166705	
60.0829594999	3.06761e-05	-0.0166382	0.0	0.0	0.0	0.0	4.20362e-05	-0.0166324	-0.000164998	-0.0166282	0.0	0.0	0.0	0.0	1.51291e-06	-0.016627	
60.2400391326	3.05209e-05	-0.0165948	0.0	0.0	0.0	0.0	4.18323e-05	-0.0165891	-0.000164163	-0.0165849	0.0	0.0	0.0	0.0	1.50574e-06	-0.0165837	
60.3971187653	3.03669e-05	-0.0165517	0.0	0.0	0.0	0.0	4.16298e-05	-0.016546	-0.000163334	-0.0165419	0.0	0.0	0.0	0.0	1.49862e-06	-0.0165407	
60.5541983979	3.02141e-05	-0.0165088	0.0	0.0	0.0	0.0	4.14287e-05	-0.0165032	-0.000162512	-0.016499	0.0	0.0	0.0	0.0	1.49154e-06	-0.0164979	
60.7112780306	3.00623e-05	-0.0164661	0.0	0.0	0.0	0.0	4.1229e-05	-0.0164605	-0.000161696	-0.0164564	0.0	0.0	0.0	0.0	1.48451e-06	-0.0164553	
60.8683576633	2.99118e-05	-0.0164236	0.0	0.0	0.0	0.0	4.10307e-05	-0.0164181	-0.000160886	-0.016414	0.0	0.0	0.0	0.0	1.47753e-06	-0.0164129	
61.025437296	2.97623e-05	-0.0163814	0.0	0.0	0.0	0.0	4.08338e-05	-0.0163759	-0.000160082	-0.0163719	0.0	0.0	0.0	0.0	1.4706e-06	-0.0163707	
61.1825169287	2.96139e-05	-0.0163393	0.0	0.0	0.0	0.0	4.06383e-05	-0.0163339	-0.000159283	-0.0163299	0.0	0.0	0.0	0.0	1.46372e-06	-0.0163288	
61.3395965613	2.94667e-05	-0.0162975	0.0	0.0	0.0	0.0	4.04441e-05	-0.0162921	-0.000158491	-0.0162882	0.0	0.0	0.0	0.0	1.45688e-06	-0.016287	
61.496676194	2.93205e-05	-0.0162559	0.0	0.0	0.0	0.0	4.02513e-05	-0.0162506	-0.000157705	-0.0162466	0.0	0.0	0.0	0.0	1.45008e-06	-0.0162455	
61.6537558267	2.91754e-05	-0.0162145	0.0	0.0	0.0	0.0	4.00599e-05	-0.0162092	-0.000156924	-0.0162053	0.0	0.0	0.0	0.0	1.44334e-06	-0.0162042	
61.8108354594	2.90313e-05	-0.0161734	0.0	0.0	0.0	0.0	3.98697e-05	-0.0161681	-0.000156149	-0.0161642	0.0	0.0	0.0	0.0	1.43664e-06	-0.0161631	
61.9679150921	2.88883e-05	-0.0161324	0.0	0.0	0.0	0.0	3.96809e-05	-0.0161271	-0.00015538	-0.0161233	0.0	0.0	0.0	0.0	1.42998e-06	-0.0161222	
62.1249947247	2.87464e-05	-0.0160916	0.0	0.0	0.0	0.0	3.94933e-05	-0.0160864	-0.000154616	-0.0160826	0.0	0.0	0.0	0.0	1.42337e-06	-0.0160815	
62.2820743574	2.86055e-05	-0.0160511	0.0	0.0	0.0	0.0	3.93071e-05	-0.0160459	-0.000153858	-0.0160421	0.0	0.0	0.0	0.0	1.4168e-06	-0.016041	
62.4391539901	2.84656e-05	-0.0160107	0.0	0.0	0.0	0.0	3.91221e-05	-0.0160056	-0.000153105	-0.0160018	0.0	0.0	0.0	0.0	1.41027e-06	-0.0160008	
62.5962336228	2.83267e-05	-0.0159706	0.0	0.0	0.0	0.0	3.89384e-05	-0.0159655	-0.000152358	-0.0159617	0.0	0.0	0.0	0.0	1.40379e-06	-0.0159607	
62.7533132555	2.81888e-05	-0.0159306	0.0	0.0	0.0	0.0	3.8756e-05	-0.0159256	-0.000151617	-0.0159219	0.0	0.0	0.0	0.0	1.39735e-06	-0.0159208	
62.9103928881	2.8052e-05	-0.0158908	0.0	0.0	0.0	0.0	3.85748e-05	-0.0158858	-0.00015088	-0.0158822	0.0	0.0	0.0	0.0	1.39096e-06	-0.0158811	
63.0674725208	2.79161e-05	-0.0158513	0.0	0.0	0.0	0.0	3.83949e-05	-0.0158463	-0.000150149	-0.0158427	0.0	0.0	0.0	0.0	1.3846e-06	-0.0158416	
63.2245521535	2.77811e-05	-0.0158119	0.0	0.0	0.0	0.0	3.82161e-05	-0.015807	-0.000149423	-0.0158034	0.0	0.0	0.0	0.0	1.37829e-06	-0.0158023	
63.3816317862	2.76472e-05	-0.0157728	0.0	0.0	0.0	0.0	3.80386e-05	-0.0157679	-0.000148703	-0.0157643	0.0	0.0	0.0	0.0	1.37202e-06	-0.0157632	
63.5387114189	2.75142e-05	-0.0157338	0.0	0.0	0.0	0.0	3.78623e-05	-0.0157289	-0.000147987	-0.0157254	0.0	0.0	0.0	0.0	1.36579e-06	-0.0157243	
63.6957910515	2.73822e-05	-0.015695	0.0	0.0	0.0	0.0	3.76871e-05	-0.0156902	-0.000147277	-0.0156867	0.0	0.0	0.0	0.0	1.35961e-06	-0.0156856	
63.8528706842	2.7251e-05	-0.0156564	0.0	0.0	0.0	0.0	3.75132e-05	-0.0156516	-0.000146571	-0.0156481	0.0	0.0	0.0	0.0	1.35346e-06	-0.0156471	
64.0099503169	2.71209e-05	-0.015618	0.0	0.0	0.0	0.0	3.73404e-05	-0.0156133	-0.000145871	-0.0156098	0.0	0.0	0.0	0.0	1.34735e-06	-0.0156088	
64.1670299496	2.69916e-05	-0.0155798	0.0	0.0	0.0	0.0	3.71688e-05	-0.0155751	-0.000145176	-0.0155717	0.0	0.0	0.0	0.0	1.34129e-06	-0.0155706	
64.3241095823	2.68633e-05	-0.0155418	0.0	0.0	0.0	0.0	3.69983e-05	-0.0155371	-0.000144485	-0.0155337	0.0	0.0	0.0	0.0	1.33526e-06	-0.0155327	
64.4811892149	2.67358e-05	-0.015504	0.0	0.0	0.0	0.0	3.6829e-05	-0.0154993	-0.0001438	-0.0154959	0.0	0.0	0.0	0.0	1.32927e-06	-0.0154949	
64.6382688476	2.66093e-05	-0.0154663	0.0	0.0	0.0	0.0	3.66608e-05	-0.0154617	-0.000143119	-0.0154583	0.0	0.0	0.0	0.0	1.32332e-06	-0.0154573	
64.7953484803	2.64837e-05	-0.0154288	0.0	0.0	0.0	0.0	3.64938e-05	-0.0154242	-0.000142443	-0.0154209	0.0	0.0	0.0	0.0	1.31741e-06	-0.0154199	
64.952428113	2.63589e-05	-0.0153915	0.0	0.0	0.0	0.0	3.63278e-05	-0.015387	-0.000141772	-0.0153837	0.0	0.0	0.0	0.0	1.31154e-06	-0.0153827	
65.1095077456	2.6235e-05	-0.0153544	0.0	0.0	0.0	0.0	3.61629e-05	-0.0153499	-0.000141105	-0.0153466	0.0	0.0	0.0	0.0	1.3057e-06	-0.0153456	
65.2665873783	2.61119e-05	-0.0153175	0.0	0.0	0.0	0.0	3.59992e-05	-0.015313	-0.000140443	-0.0153097	0.0	0.0	0.0	0.0	1.29991e-06	-0.0153088	
65.423667011	2.59898e-05	-0.0152807	0.0	0.0	0.0	0.0	3.58365e-05	-0.0152763	-0.000139786	-0.015273	0.0	0.0	0.0	0.0	1.29415e-06	-0.0152721	
65.5807466437	2.58684e-05	-0.0152442	0.0	0.0	0.0	0.0	3.56749e-05	-0.0152397	-0.000139133	-0.0152365	0.0	0.0	0.0	0.0	1.28842e-06	-0.0152356	
65.7378262764	2.57479e-05	-0.0152078	0.0	0.0	0.0	0.0	3.55144e-05	-0.0152034	-0.000138485	-0.0152002	0.0	0.0	0.0	0.0	1.28274e-06	-0.0151992	
65.894905909	2.56283e-05	-0.0151715	0.0	0.0	0.0	0.0	3.53549e-05	-0.0151672	-0.000137841	-0.015164	0.0	0.0	0.0	0.0	1.27709e-06	-0.015163	
66.0519855417	2.55095e-05	-0.0151355	0.0	0.0	0.0	0.0	3.51964e-05	-0.0151311	-0.000137202	-0.015128	0.0	0.0	0.0	0.0	1.27147e-06	-0.015127	
66.2090651744	2.53914e-05	-0.0150996	0.0	0.0	0.0	0.0	3.5039e-05	-0.0150953	-0.000136567	-0.0150921	0.0	0.0	0.0	0.0	1.2659e-06	-0.0150912	
66.3661448071	2.52742e-05	-0.0150639	0.0	0.0	0.0	0.0	3.48827e-05	-0.0150596	-0.000135937	-0.0150565	0.0	0.0	0.0	0.0	1.26035e-06	-0.0150555	
66.5232244398	2.51578e-05	-0.0150283	0.0	0.0	0.0	0.0	3.47273e-05	-0.0150241	-0.00013531	-0.015021	0.0	0.0	0.0	0.0	1.25485e-06	-0.0150201	
66.6803040724	2.50422e-05	-0.0149929	0.0	0.0	0.0	0.0	3.4573e-05	-0.0149887	-0.000134689	-0.0149856	0.0	0.0	0.0	0.0	1.24937e-06	-0.0149847	
66.8373837051	2.49274e-05	-0.0149577	0.0	0.0	0.0	0.0	3.44196e-05	-0.0149535	-0.000134071	-0.0149505	0.0	0.0	0.0	0.0	1.24394e-06	-0.0149496	
66.9944633378	2.48134e-05	-0.0149227	0.0	0.0	0.0	0.0	3.42673e-05	-0.0149185	-0.000133457	-0.0149155	0.0	0.0	0.0	0.0	1.23853e-06	-0.0149146	
67.1515429705	2.47001e-05	-0.0148878	0.0	0.0	0.0	0.0	3.41159e-05	-0.0148836	-0.000132848	-0.0148806	0.0	0.0	0.0	0.0	1.23317e-06	-0.0148797	
67.3086226032	2.45876e-05	-0.014853	0.0	0.0	0.0	0.0	3.39656e-05	-0.0148489	-0.000132243	-0.014846	0.0	0.0	0.0	0.0	1.22783e-06	-0.0148451	
67.4657022358	2.44759e-05	-0.0148185	0.0	0.0	0.0	0.0	3.38162e-05	-0.0148144	-0.000131642	-0.0148114	0.0	0.0	0.0	0.0	1.22253e-06	-0.0148106	
67.6227818685	2.43649e-05	-0.0147841	0.0	0.0	0.0	0.0	3.36677e-05	-0.01478	-0.000131045	-0.0147771	0.0	0.0	0.0	0.0	1.21726e-06	-0.0147762	
67.7798615012	2.42546e-05	-0.0147498	0.0	0.0	0.0	0.0	3.35202e-05	-0.0147458	-0.000130452	-0.0147429	0.0	0.0	0.0	0.0	1.21202e-06	-0.014742	
67.9369411339	2.41451e-05	-0.0147157	0.0	0.0	0.0	0.0	3.33737e-05	-0.0147118	-0.000129863	-0.0147089	0.0	0.0	0.0	0.0	1.20682e-06	-0.014708	
68.0940207666	2.40364e-05	-0.0146818	0.0	0.0	0.0	0.0	3.32281e-05	-0.0146779	-0.000129278	-0.014675	0.0	0.0	0.0	0.0	1.20165e-06	-0.0146741	
68.2511003992	2.39283e-05	-0.014648	0.0	0.0	0.0	0.0	3.30834e-05	-0.0146441	-0.000128696	-0.0146412	0.0	0.0	0.0	0.0	1.19651e-06	-0.0146404	
68.4081800319	2.3821e-05	-0.0146144	0.0	0.0	0.0	0.0	3.29396e-05	-0.0146105	-0.000128119	-0.0146077	0.0	0.0	0.0	0.0	1.19141e-06	-0.0146068	
68.5652596646	2.37144e-05	-0.014581	0.0	0.0	0.0	0.0	3.27968e-05	-0.0145771	-0.000127546	-0.0145743	0.0	0.0	0.0	0.0	1.18633e-06	-0.0145734	
68.7223392973	2.36085e-05	-0.0145476	0.0	0.0	0.0	0.0	3.26549e-05	-0.0145438	-0.000126976	-0.014541	0.0	0.0	0.0	0.0	1.18129e-06	-0.0145402	
68.87941893	2.35034e-05	-0.0145145	0.0	0.0	0.0	0.0	3.25138e-05	-0.0145107	-0.00012641	-0.0145079	0.0	0.0	0.0	0.0	1.17628e-06	-0.014507	
69.0364985626	2.33989e-05	-0.0144815	0.0	0.0	0.0	0.0	3.23737e-05	-0.0144777	-0.000125848	-0.0144749	0.0	0.0	0.0	0.0	1.1713e-06	-0.0144741	
69.1935781953	2.32951e-05	-0.0144486	0.0	0.0	0.0	0.0	3.22345e-05	-0.0144448	-0.00012529	-0.0144421	0.0	0.0	0.0	0.0	1.16635e-06	-0.0144413	
69.350657828	2.31919e-05	-0.0144159	0.0	0.0	0.0	0.0	3.20961e-05	-0.0144122	-0.000124735	-0.0144094	0.0	0.0	0.0	0.0	1.16143e-06	-0.0144086	
69.5077374607	2.30895e-05	-0.0143833	0.0	0.0	0.0	0.0	3.19586e-05	-0.0143796	-0.000124184	-0.0143769	0.0	0.0	0.0	0.0	1.15654e-06	-0.0143761	
69.6648170934	2.29877e-05	-0.0143509	0.0	0.0	0.0	0.0	3.18219e-05	-0.0143472	-0.000123636	-0.0143445	0.0	0.0	0.0	0.0	1.15168e-06	-0.0143437	
69.821896726	2.28866e-05	-0.0143187	0.0	0.0	0.0	0.0	3.16862e-05	-0.014315	-0.000123093	-0.0143123	0.0	0.0	0.0	0.0	1.14685e-06	-0.0143115	
69.9789763587	2.27862e-05	-0.0142865	0.0	0.0	0.0	0.0	3.15512e-05	-0.0142829	-0.000122552	-0.0142802	0.0	0.0	0.0	0.0	1.14205e-06	-0.0142794	
70.1360559914	2.26864e-05	-0.0142546	0.0	0.0	0.0	0.0	3.14171e-05	-0.0142509	-0.000122015	-0.0142483	0.0	0.0	0.0	0.0	1.13728e-06	-0.0142475	
70.2931356241	2.25873e-05	-0.0142227	0.0	0.0	0.0	0.0	3.12839e-05	-0.0142191	-0.000121482	-0.0142165	0.0	0.0	0.0	0.0	1.13254e-06	-0.0142157	
70.4502152568	2.24888e-05	-0.014191	0.0	0.0	0.0	0.0	3.11514e-05	-0.0141874	-0.000120952	-0.0141848	0.0	0.0	0.0	0.0	1.12782e-06	-0.0141841	
70.6072948894	2.23909e-05	-0.0141595	0.0	0.0	0.0	0.0	3.10198e-05	-0.0141559	-0.000120426	-0.0141533	0.0	0.0	0.0	0.0	1.12314e-06	-0.0141526	
70.7643745221	2.22937e-05	-0.0141281	0.0	0.0	0.0	0.0	3.08891e-05	-0.0141245	-0.000119903	-0.014122	0.0	0.0	0.0	0.0	1.11848e-06	-0.0141212	
70.9214541548	2.21971e-05	-0.0140968	0.0	0.0	0.0	0.0	3.07591e-05	-0.0140933	-0.000119383	-0.0140907	0.0	0.0	0.0	0.0	1.11386e-06	-0.01409	
71.0785337875	2.21011e-05	-0.0140656	0.0	0.0	0.0	0.0	3.06299e-05	-0.0140621	-0.000118867	-0.0140596	0.0	0.0	0.0	0.0	1.10926e-06	-0.0140589	
71.2356134201	2.20057e-05	-0.0140346	0.0	0.0	0.0	0.0	3.05015e-05	-0.0140312	-0.000118354	-0.0140287	0.0	0.0	0.0	0.0	1.10468e-06	-0.0140279	
71.3926930528	2.1911e-05	-0.0140038	0.0	0.0	0.0	0.0	3.03739e-05	-0.0140003	-0.000117844	-0.0139978	0.0	0.0	0.0	0.0	1.10014e-06	-0.0139971	
71.5497726855	2.18169e-05	-0.013973	0.0	0.0	0.0	0.0	3.02471e-05	-0.0139696	-0.000117338	-0.0139671	0.0	0.0	0.0	0.0	1.09562e-06	-0.0139664	
71.7068523182	2.17233e-05	-0.0139424	0.0	0.0	0.0	0.0	3.01211e-05	-0.013939	-0.000116835	-0.0139366	0.0	0.0	0.0	0.0	1.09113e-06	-0.0139358	
71.8639319509	2.16304e-05	-0.013912	0.0	0.0	0.0	0.0	2.99958e-05	-0.0139086	-0.000116335	-0.0139062	0.0	0.0	0.0	0.0	1.08667e-06	-0.0139054	
72.0210115835	2.1538e-05	-0.0138817	0.0	0.0	0.0	0.0	2.98713e-05	-0.0138783	-0.000115838	-0.0138759	0.0	0.0	0.0	0.0	1.08223e-06	-0.0138751	
72.1780912162	2.14463e-05	-0.0138515	0.0	0.0	0.0	0.0	2.97476e-05	-0.0138481	-0.000115344	-0.0138457	0.0	0.0	0.0	0.0	1.07782e-06	-0.013845	
72.3351708489	2.13551e-05	-0.0138214	0.0	0.0	0.0	0.0	2.96246e-05	-0.0138181	-0.000114854	-0.0138157	0.0	0.0	0.0	0.0	1.07344e-06	-0.013815	
72.4922504816	2.12645e-05	-0.0137915	0.0	0.0	0.0	0.0	2.95024e-05	-0.0137882	-0.000114366	-0.0137858	0.0	0.0	0.0	0.0	1.06908e-06	-0.0137851	
72.6493301143	2.11744e-05	-0.0137617	0.0	0.0	0.0	0.0	2.93809e-05	-0.0137584	-0.000113882	-0.013756	0.0	0.0	0.0	0.0	1.06474e-06	-0.0137553	
72.8064097469	2.10849e-05	-0.013732	0.0	0.0	0.0	0.0	2.92601e-05	-0.0137287	-0.000113401	-0.0137264	0.0	0.0	0.0	0.0	1.06044e-06	-0.0137257	
72.9634893796	2.0996e-05	-0.0137024	0.0	0.0	0.0	0.0	2.91401e-05	-0.0136992	-0.000112922	-0.0136969	0.0	0.0	0.0	0.0	1.05616e-06	-0.0136962	
73.1205690123	2.09077e-05	-0.013673	0.0	0.0	0.0	0.0	2.90208e-05	-0.0136698	-0.000112447	-0.0136675	0.0	0.0	0.0	0.0	1.0519e-06	-0.0136668	
73.277648645	2.08199e-05	-0.0136437	0.0	0.0	0.0	0.0	2.89022e-05	-0.0136405	-0.000111975	-0.0136382	0.0	0.0	0.0	0.0	1.04767e-06	-0.0136375	
73.4347282777	2.07326e-05	-0.0136145	0.0	0.0	0.0	0.0	2.87843e-05	-0.0136114	-0.000111506	-0.0136091	0.0	0.0	0.0	0.0	1.04346e-06	-0.0136084	
73.5918079103	2.06459e-05	-0.0135855	0.0	0.0	0.0	0.0	2.86672e-05	-0.0135823	-0.000111039	-0.0135801	0.0	0.0	0.0	0.0	1.03928e-06	-0.0135794	
73.748887543	2.05597e-05	-0.0135566	0.0	0.0	0.0	0.0	2.85507e-05	-0.0135534	-0.000110576	-0.0135512	0.0	0.0	0.0	0.0	1.03512e-06	-0.0135505	
73.9059671757	2.04741e-05	-0.0135278	0.0	0.0	0.0	0.0	2.84349e-05	-0.0135247	-0.000110115	-0.0135224	0.0	0.0	0.0	0.0	1.03099e-06	-0.0135217	
74.0630468084	2.0389e-05	-0.0134991	0.0	0.0	0.0	0.0	2.83199e-05	-0.013496	-0.000109657	-0.0134938	0.0	0.0	0.0	0.0	1.02688e-06	-0.0134931	
74.2201264411	2.03044e-05	-0.0134705	0.0	0.0	0.0	0.0	2.82055e-05	-0.0134675	-0.000109202	-0.0134652	0.0	0.0	0.0	0.0	1.0228e-06	-0.0134646	
74.3772060737	2.02204e-05	-0.0134421	0.0	0.0	0.0	0.0	2.80917e-05	-0.013439	-0.00010875	-0.0134368	0.0	0.0	0.0	0.0	1.01874e-06	-0.0134362	
74.5342857064	2.01368e-05	-0.0134138	0.0	0.0	0.0	0.0	2.79787e-05	-0.0134107	-0.000108301	-0.0134086	0.0	0.0	0.0	0.0	1.0147e-06	-0.0134079	
74.6913653391	2.00538e-05	-0.0133856	0.0	0.0	0.0	0.0	2.78663e-05	-0.0133826	-0.000107854	-0.0133804	0.0	0.0	0.0	0.0	1.01069e-06	-0.0133797	
74.8484449718	1.99713e-05	-0.0133575	0.0	0.0	0.0	0.0	2.77546e-05	-0.0133545	-0.00010741	-0.0133523	0.0	0.0	0.0	0.0	1.0067e-06	-0.0133517	
75.0055246045	1.98893e-05	-0.0133295	0.0	0.0	0.0	0.0	2.76436e-05	-0.0133266	-0.000106969	-0.0133244	0.0	0.0	0.0	0.0	1.00273e-06	-0.0133238	
75.1626042371	1.98078e-05	-0.0133017	0.0	0.0	0.0	0.0	2.75332e-05	-0.0132987	-0.000106531	-0.0132966	0.0	0.0	0.0	0.0	9.98784e-07	-0.013296	
75.3196838698	1.97267e-05	-0.013274	0.0	0.0	0.0	0.0	2.74234e-05	-0.013271	-0.000106095	-0.0132689	0.0	0.0	0.0	0.0	9.94862e-07	-0.0132683	
75.4767635025	1.96462e-05	-0.0132463	0.0	0.0	0.0	0.0	2.73143e-05	-0.0132434	-0.000105662	-0.0132413	0.0	0.0	0.0	0.0	9.90962e-07	-0.0132407	
75.6338431352	1.95662e-05	-0.0132188	0.0	0.0	0.0	0.0	2.72059e-05	-0.0132159	-0.000105231	-0.0132139	0.0	0.0	0.0	0.0	9.87085e-07	-0.0132132	
75.7909227679	1.94866e-05	-0.0131915	0.0	0.0	0.0	0.0	2.7098e-05	-0.0131886	-0.000104803	-0.0131865	0.0	0.0	0.0	0.0	9.8323e-07	-0.0131859	
75.9480024005	1.94076e-05	-0.0131642	0.0	0.0	0.0	0.0	2.69908e-05	-0.0131613	-0.000104378	-0.0131593	0.0	0.0	0.0	0.0	9.79397e-07	-0.0131586	
76.1050820332	1.9329e-05	-0.013137	0.0	0.0	0.0	0.0	2.68842e-05	-0.0131342	-0.000103955	-0.0131321	0.0	0.0	0.0	0.0	9.75586e-07	-0.0131315	
76.2621616659	1.92509e-05	-0.01311	0.0	0.0	0.0	0.0	2.67783e-05	-0.0131072	-0.000103535	-0.0131051	0.0	0.0	0.0	0.0	9.71797e-07	-0.0131045	
76.4192412986	1.91732e-05	-0.013083	0.0	0.0	0.0	0.0	2.66729e-05	-0.0130802	-0.000103117	-0.0130782	0.0	0.0	0.0	0.0	9.68029e-07	-0.0130776	
76.5763209313	1.9096e-05	-0.0130562	0.0	0.0	0.0	0.0	2.65682e-05	-0.0130534	-0.000102702	-0.0130514	0.0	0.0	0.0	0.0	9.64283e-07	-0.0130508	
76.7334005639	1.90193e-05	-0.0130295	0.0	0.0	0.0	0.0	2.64641e-05	-0.0130267	-0.000102289	-0.0130247	0.0	0.0	0.0	0.0	9.60558e-07	-0.0130241	
76.8904801966	1.89431e-05	-0.0130029	0.0	0.0	0.0	0.0	2.63606e-05	-0.0130001	-0.000101879	-0.0129981	0.0	0.0	0.0	0.0	9.56854e-07	-0.0129975	
77.0475598293	1.88673e-05	-0.0129764	0.0	0.0	0.0	0.0	2.62576e-05	-0.0129737	-0.000101472	-0.0129717	0.0	0.0	0.0	0.0	9.53171e-07	-0.0129711	
77.204639462	1.87919e-05	-0.01295	0.0	0.0	0.0	0.0	2.61553e-05	-0.0129473	-0.000101066	-0.0129453	0.0	0.0	0.0	0.0	9.49508e-07	-0.0129447	
77.3617190946	1.8717e-05	-0.0129237	0.0	0.0	0.0	0.0	2.60535e-05	-0.012921	-0.000100663	-0.0129191	0.0	0.0	0.0	0.0	9.45867e-07	-0.0129185	
77.5187987273	1.86425e-05	-0.0128975	0.0	0.0	0.0	0.0	2.59524e-05	-0.0128949	-0.000100263	-0.0128929	0.0	0.0	0.0	0.0	9.42245e-07	-0.0128923	
77.67587836	1.85685e-05	-0.0128715	0.0	0.0	0.0	0.0	2.58518e-05	-0.0128688	-9.98646e-05	-0.0128669	0.0	0.0	0.0	0.0	9.38645e-07	-0.0128663	
77.8329579927	1.84949e-05	-0.0128455	0.0	0.0	0.0	0.0	2.57518e-05	-0.0128428	-9.94688e-05	-0.0128409	0.0	0.0	0.0	0.0	9.35064e-07	-0.0128403	
77.9900376254	1.84218e-05	-0.0128196	0.0	0.0	0.0	0.0	2.56523e-05	-0.012817	-9.90753e-05	-0.0128151	0.0	0.0	0.0	0.0	9.31503e-07	-0.0128145	
78.147117258	1.83491e-05	-0.0127939	0.0	0.0	0.0	0.0	2.55535e-05	-0.0127913	-9.86841e-05	-0.0127894	0.0	0.0	0.0	0.0	9.27962e-07	-0.0127888	
78.3041968907	1.82768e-05	-0.0127682	0.0	0.0	0.0	0.0	2.54551e-05	-0.0127656	-9.82953e-05	-0.0127637	0.0	0.0	0.0	0.0	9.24441e-07	-0.0127632	
78.4612765234	1.82049e-05	-0.0127427	0.0	0.0	0.0	0.0	2.53574e-05	-0.0127401	-9.79087e-05	-0.0127382	0.0	0.0	0.0	0.0	9.2094e-07	-0.0127376	
