0.0785398	-0.000878338	-0.443441	0	0	0	0	-0.00285803	-0.946155	-0.000878338	-0.443441	0	0	0	0	-0.00285803	-0.946155	
0.235619	-0.00146703	-0.353335	0	0	0	0	-0.00232697	-0.848668	-0.00146703	-0.353335	0	0	0	0	-0.00232697	-0.848668	
0.392699	0.000386395	-0.291258	0	0	0	0	-0.00222028	-0.768394	0.000386395	-0.291258	0	0	0	0	-0.00222028	-0.768394	
0.549779	0.000325615	-0.247049	0	0	0	0	-0.00215239	-0.699083	0.000325615	-0.247049	0	0	0	0	-0.00215239	-0.699083	
0.706858	0.000619762	-0.213398	0	0	0	0	-0.00155887	-0.640318	0.000619762	-0.213398	0	0	0	0	-0.00155887	-0.640318	
0.863938	-0.00117555	-0.186973	0	0	0	0	-0.00152991	-0.590109	-0.00117555	-0.186973	0	0	0	0	-0.00152991	-0.590109	
1.02102	-0.000621654	-0.167013	0	0	0	0	-0.000587487	-0.547048	-0.000621654	-0.167013	0	0	0	0	-0.000587487	-0.547048	
1.1781	-0.000798384	-0.15237	0	0	0	0	0.000882286	-0.508549	-0.000798384	-0.15237	0	0	0	0	0.000882286	-0.508549	
1.33518	-0.000744448	-0.138483	0	0	0	0	0.000402289	-0.476174	-0.000744448	-0.138483	0	0	0	0	0.000402289	-0.476174	
1.49226	-0.000633526	-0.126558	0	0	0	0	-7.65844e-05	-0.447287	-0.000633526	-0.126558	0	0	0	0	-7.65844e-05	-0.447287	
1.64934	-0.00103235	-0.116922	0	0	0	0	0.0006077	-0.420905	-0.00103235	-0.116922	0	0	0	0	0.0006077	-0.420905	
1.80642	-0.00117823	-0.10987	0	0	0	0	0.000166351	-0.39826	-0.00117823	-0.10987	0	0	0	0	0.000166351	-0.39826	
1.9635	0.000541267	-0.103636	0	0	0	0	0.00044622	-0.376611	0.000541267	-0.103636	0	0	0	0	0.00044622	-0.376611	
2.12058	0.000367404	-0.0965856	0	0	0	0	-0.000343785	-0.35913	0.000367404	-0.0965856	0	0	0	0	-0.000343785	-0.35913	
2.27765	0.000152097	-0.0916773	0	0	0	0	-0.000725742	-0.341595	0.000152097	-0.0916773	0	0	0	0	-0.000725742	-0.341595	
2.43473	5.44514e-05	-0.0872929	0	0	0	0	-0.00101623	-0.325468	5.44514e-05	-0.0872929	0	0	0	0	-0.00101623	-0.325468	
2.59181	6.76996e-05	-0.0828214	0	0	0	0	-0.00109068	-0.311238	6.76996e-05	-0.0828214	0	0	0	0	-0.00109068	-0.311238	
2.74889	0.000148124	-0.0785607	0	0	0	0	-0.000877199	-0.298368	0.000148124	-0.0785607	0	0	0	0	-0.000877199	-0.298368	
2.90597	0.000213849	-0.0747905	0	0	0	0	-0.000481791	-0.286375	0.000213849	-0.0747905	0	0	0	0	-0.000481791	-0.286375	
3.06305	0.00020751	-0.071544	0	0	0	0	-4.34541e-05	-0.275091	0.00020751	-0.071544	0	0	0	0	-4.34541e-05	-0.275091	
3.22013	0.000120494	-0.0687135	0	0	0	0	0.000351025	-0.264512	0.000120494	-0.0687135	0	0	0	0	0.000351025	-0.264512	
3.37721	-2.19193e-05	-0.0661686	0	0	0	0	0.000671471	-0.254665	-2.19193e-05	-0.0661686	0	0	0	0	0.000671471	-0.254665	
3.53429	-0.000183732	-0.0638106	0	0	0	0	0.000920344	-0.245543	-0.000183732	-0.0638106	0	0	0	0	0.000920344	-0.245543	
3.69137	-0.000333751	-0.0615819	0	0	0	0	0.00111133	-0.237103	-0.000333751	-0.0615819	0	0	0	0	0.00111133	-0.237103	
3.84845	-0.0004517	-0.0594559	0	0	0	0	0.00125794	-0.229273	-0.0004517	-0.0594559	0	0	0	0	0.00125794	-0.229273	
4.00553	-0.000528269	-0.0574245	0	0	0	0	0.00136965	-0.221979	-0.000528269	-0.0574245	0	0	0	0	0.00136965	-0.221979	
4.16261	-0.000562512	-0.0554879	0	0	0	0	0.001452	-0.21515	-0.000562512	-0.0554879	0	0	0	0	0.001452	-0.21515	
4.31969	-0.000558754	-0.0536484	0	0	0	0	0.00150791	-0.208727	-0.000558754	-0.0536484	0	0	0	0	0.00150791	-0.208727	
4.47677	-0.000523962	-0.0519079	0	0	0	0	0.00153906	-0.202657	-0.000523962	-0.0519079	0	0	0	0	0.00153906	-0.202657	
4.63385	-0.000465885	-0.0502658	0	0	0	0	0.00154678	-0.196902	-0.000465885	-0.0502658	0	0	0	0	0.00154678	-0.196902	
4.79093	-0.000391918	-0.0487201	0	0	0	0	0.00153259	-0.191431	-0.000391918	-0.0487201	0	0	0	0	0.00153259	-0.191431	
4.94801	-0.000308496	-0.0472668	0	0	0	0	0.00149838	-0.18622	-0.000308496	-0.0472668	0	0	0	0	0.00149838	-0.18622	
5.10509	-0.000220861	-0.0459004	0	0	0	0	0.00144639	-0.181251	-0.000220861	-0.0459004	0	0	0	0	0.00144639	-0.181251	
5.26217	-0.000133063	-0.0446158	0	0	0	0	0.00137913	-0.176506	-0.000133063	-0.0446158	0	0	0	0	0.00137913	-0.176506	
5.41925	-4.80664e-05	-0.0434064	0	0	0	0	0.00129919	-0.171973	-4.80664e-05	-0.0434064	0	0	0	0	0.00129919	-0.171973	
5.57633	3.20841e-05	-0.0422666	0	0	0	0	0.00120916	-0.167641	3.20841e-05	-0.0422666	0	0	0	0	0.00120916	-0.167641	
5.73341	0.000106085	-0.0411905	0	0	0	0	0.00111151	-0.163497	0.000106085	-0.0411905	0	0	0	0	0.00111151	-0.163497	
5.89049	0.000173211	-0.0401728	0	0	0	0	0.00100854	-0.159534	0.000173211	-0.0401728	0	0	0	0	0.00100854	-0.159534	
6.04757	0.000233166	-0.0392085	0	0	0	0	0.000902273	-0.155742	0.000233166	-0.0392085	0	0	0	0	0.000902273	-0.155742	
6.20465	0.000285972	-0.0382932	0	0	0	0	0.000794505	-0.152111	0.000285972	-0.0382932	0	0	0	0	0.000794505	-0.152111	
6.36173	0.000331862	-0.0374226	0	0	0	0	0.000686753	-0.148634	0.000331862	-0.0374226	0	0	0	0	0.000686753	-0.148634	
6.5188	0.000371217	-0.0365933	0	0	0	0	0.000580282	-0.145302	0.000371217	-0.0365933	0	0	0	0	0.000580282	-0.145302	
6.67588	0.000404498	-0.0358021	0	0	0	0	0.00047613	-0.14211	0.000404498	-0.0358021	0	0	0	0	0.00047613	-0.14211	
6.83296	0.000432218	-0.0350457	0	0	0	0	0.000375112	-0.139049	0.000432218	-0.0350457	0	0	0	0	0.000375112	-0.139049	
6.99004	0.0004549	-0.0343218	0	0	0	0	0.000277856	-0.136111	0.0004549	-0.0343218	0	0	0	0	0.000277856	-0.136111	
7.14712	0.000473061	-0.0336279	0	0	0	0	0.000184827	-0.133292	0.000473061	-0.0336279	0	0	0	0	0.000184827	-0.133292	
7.3042	0.0004872	-0.0329621	0	0	0	0	9.63486e-05	-0.130584	0.0004872	-0.0329621	0	0	0	0	9.63486e-05	-0.130584	
7.46128	0.000497783	-0.0323223	0	0	0	0	1.26248e-05	-0.127982	0.000497783	-0.0323223	0	0	0	0	1.26248e-05	-0.127982	
7.61836	0.000505247	-0.031707	0	0	0	0	-6.62366e-05	-0.12548	0.000505247	-0.031707	0	0	0	0	-6.62366e-05	-0.12548	
7.77544	0.000509987	-0.0311147	0	0	0	0	-0.000140206	-0.123073	0.000509987	-0.0311147	0	0	0	0	-0.000140206	-0.123073	
7.93252	0.000512368	-0.0305438	0	0	0	0	-0.000209321	-0.120755	0.000512368	-0.0305438	0	0	0	0	-0.000209321	-0.120755	
8.0896	0.000512714	-0.0299932	0	0	0	0	-0.000273671	-0.118524	0.000512714	-0.0299932	0	0	0	0	-0.000273671	-0.118524	
8.24668	0.000511315	-0.0294618	0	0	0	0	-0.000333379	-0.116373	0.000511315	-0.0294618	0	0	0	0	-0.000333379	-0.116373	
8.40376	0.00050843	-0.0289483	0	0	0	0	-0.0003886	-0.114298	0.00050843	-0.0289483	0	0	0	0	-0.0003886	-0.114298	
8.56084	0.000504289	-0.0284521	0	0	0	0	-0.000439513	-0.112296	0.000504289	-0.0284521	0	0	0	0	-0.000439513	-0.112296	
8.71792	0.000499094	-0.0279721	0	0	0	0	-0.000486307	-0.110363	0.000499094	-0.0279721	0	0	0	0	-0.000486307	-0.110363	
8.875	0.000493022	-0.0275076	0	0	0	0	-0.000529184	-0.108496	0.000493022	-0.0275076	0	0	0	0	-0.000529184	-0.108496	
9.03208	0.000486229	-0.0270578	0	0	0	0	-0.000568347	-0.10669	0.000486229	-0.0270578	0	0	0	0	-0.000568347	-0.10669	
9.18916	0.000478851	-0.0266219	0	0	0	0	-0.000604005	-0.104946	0.000478851	-0.0266219	0	0	0	0	-0.000604005	-0.104946	
9.34624	0.000471003	-0.0261994	0	0	0	0	-0.000636358	-0.103256	0.000471003	-0.0261994	0	0	0	0	-0.000636358	-0.103256	
9.50332	0.00046279	-0.0257897	0	0	0	0	-0.000665611	-0.101621	0.00046279	-0.0257897	0	0	0	0	-0.000665611	-0.101621	
9.6604	0.000454301	-0.0253921	0	0	0	0	-0.000691958	-0.100037	0.000454301	-0.0253921	0	0	0	0	-0.000691958	-0.100037	
9.81748	0.000445609	-0.0250062	0	0	0	0	-0.000715587	-0.0985024	0.000445609	-0.0250062	0	0	0	0	-0.000715587	-0.0985024	
9.97456	0.000436782	-0.0246313	0	0	0	0	-0.000736679	-0.0970141	0.000436782	-0.0246313	0	0	0	0	-0.000736679	-0.0970141	
10.1316	0.000427875	-0.0242672	0	0	0	0	-0.000755408	-0.0955704	0.000427875	-0.0242672	0	0	0	0	-0.000755408	-0.0955704	
10.2887	0.000418937	-0.0239133	0	0	0	0	-0.000771939	-0.0941693	0.000418937	-0.0239133	0	0	0	0	-0.000771939	-0.0941693	
10.4458	0.000410007	-0.0235692	0	0	0	0	-0.000786429	-0.0928089	0.000410007	-0.0235692	0	0	0	0	-0.000786429	-0.0928089	
10.6029	0.000401118	-0.0232345	0	0	0	0	-0.000799023	-0.0914875	0.000401118	-0.0232345	0	0	0	0	-0.000799023	-0.0914875	
10.76	0.000392303	-0.0229089	0	0	0	0	-0.000809864	-0.0902034	0.000392303	-0.0229089	0	0	0	0	-0.000809864	-0.0902034	
10.917	0.000383582	-0.022592	0	0	0	0	-0.000819082	-0.088955	0.000383582	-0.022592	0	0	0	0	-0.000819082	-0.088955	
11.0741	0.000374977	-0.0222834	0	0	0	0	-0.0008268	-0.0877408	0.000374977	-0.0222834	0	0	0	0	-0.0008268	-0.0877408	
11.2312	0.000366504	-0.0219829	0	0	0	0	-0.000833132	-0.0865596	0.000366504	-0.0219829	0	0	0	0	-0.000833132	-0.0865596	
11.3883	0.000358174	-0.0216901	0	0	0	0	-0.000838188	-0.0854097	0.000358174	-0.0216901	0	0	0	0	-0.000838188	-0.0854097	
11.5454	0.000350001	-0.0214047	0	0	0	0	-0.000842068	-0.0842902	0.000350001	-0.0214047	0	0	0	0	-0.000842068	-0.0842902	
11.7024	0.00034199	-0.0211266	0	0	0	0	-0.000844867	-0.0831997	0.00034199	-0.0211266	0	0	0	0	-0.000844867	-0.0831997	
11.8595	0.00033415	-0.0208553	0	0	0	0	-0.00084667	-0.0821372	0.00033415	-0.0208553	0	0	0	0	-0.00084667	-0.0821372	
12.0166	0.000326482	-0.0205908	0	0	0	0	-0.000847562	-0.0811015	0.000326482	-0.0205908	0	0	0	0	-0.000847562	-0.0811015	
12.1737	0.000318992	-0.0203326	0	0	0	0	-0.000847616	-0.0800917	0.000318992	-0.0203326	0	0	0	0	-0.000847616	-0.0800917	
12.3308	0.00031168	-0.0200807	0	0	0	0	-0.000846906	-0.0791067	0.00031168	-0.0200807	0	0	0	0	-0.000846906	-0.0791067	
12.4878	0.000304548	-0.0198348	0	0	0	0	-0.000845494	-0.0781457	0.000304548	-0.0198348	0	0	0	0	-0.000845494	-0.0781457	
12.6449	0.000297595	-0.0195947	0	0	0	0	-0.000843444	-0.0772078	0.000297595	-0.0195947	0	0	0	0	-0.000843444	-0.0772078	
12.802	0.000290821	-0.0193601	0	0	0	0	-0.000840809	-0.0762921	0.000290821	-0.0193601	0	0	0	0	-0.000840809	-0.0762921	
12.9591	0.000284222	-0.019131	0	0	0	0	-0.000837646	-0.075398	0.000284222	-0.019131	0	0	0	0	-0.000837646	-0.075398	
13.1161	0.000277798	-0.0189071	0	0	0	0	-0.000833999	-0.0745246	0.000277798	-0.0189071	0	0	0	0	-0.000833999	-0.0745246	
13.2732	0.000271546	-0.0186883	0	0	0	0	-0.000829916	-0.0736711	0.000271546	-0.0186883	0	0	0	0	-0.000829916	-0.0736711	
13.4303	0.000265464	-0.0184744	0	0	0	0	-0.000825437	-0.072837	0.000265464	-0.0184744	0	0	0	0	-0.000825437	-0.072837	
13.5874	0.000259547	-0.0182651	0	0	0	0	-0.000820601	-0.0720215	0.000259547	-0.0182651	0	0	0	0	-0.000820601	-0.0720215	
13.7445	0.000253793	-0.0180605	0	0	0	0	-0.000815444	-0.0712241	0.000253793	-0.0180605	0	0	0	0	-0.000815444	-0.0712241	
13.9015	0.000248198	-0.0178603	0	0	0	0	-0.000809998	-0.0704441	0.000248198	-0.0178603	0	0	0	0	-0.000809998	-0.0704441	
14.0586	0.000242758	-0.0176644	0	0	0	0	-0.000804294	-0.0696809	0.000242758	-0.0176644	0	0	0	0	-0.000804294	-0.0696809	
14.2157	0.000237468	-0.0174727	0	0	0	0	-0.00079836	-0.0689342	0.000237468	-0.0174727	0	0	0	0	-0.00079836	-0.0689342	
14.3728	0.000232328	-0.017285	0	0	0	0	-0.000792222	-0.0682032	0.000232328	-0.017285	0	0	0	0	-0.000792222	-0.0682032	
14.5299	0.000227329	-0.0171012	0	0	0	0	-0.000785905	-0.0674874	0.000227329	-0.0171012	0	0	0	0	-0.000785905	-0.0674874	
14.6869	0.000222472	-0.0169212	0	0	0	0	-0.000779428	-0.0667866	0.000222472	-0.0169212	0	0	0	0	-0.000779428	-0.0667866	
14.844	0.000217751	-0.016745	0	0	0	0	-0.000772815	-0.0661002	0.000217751	-0.016745	0	0	0	0	-0.000772815	-0.0661002	
15.0011	0.000213161	-0.0165722	0	0	0	0	-0.000766082	-0.0654276	0.000213161	-0.0165722	0	0	0	0	-0.000766082	-0.0654276	
15.1582	0.000208699	-0.016403	0	0	0	0	-0.000759248	-0.0647685	0.000208699	-0.016403	0	0	0	0	-0.000759248	-0.0647685	
15.3153	0.000204361	-0.0162371	0	0	0	0	-0.000752328	-0.0641225	0.000204361	-0.0162371	0	0	0	0	-0.000752328	-0.0641225	
15.4723	0.000200145	-0.0160745	0	0	0	0	-0.000745337	-0.0634893	0.000200145	-0.0160745	0	0	0	0	-0.000745337	-0.0634893	
15.6294	0.000196046	-0.015915	0	0	0	0	-0.000738288	-0.0628684	0.000196046	-0.015915	0	0	0	0	-0.000738288	-0.0628684	
15.7865	0.000192062	-0.0157587	0	0	0	0	-0.000731194	-0.0622595	0.000192062	-0.0157587	0	0	0	0	-0.000731194	-0.0622595	
15.9436	0.000188186	-0.0156053	0	0	0	0	-0.000724065	-0.0616622	0.000188186	-0.0156053	0	0	0	0	-0.000724065	-0.0616622	
16.1007	0.000184417	-0.0154548	0	0	0	0	-0.000716914	-0.0610762	0.000184417	-0.0154548	0	0	0	0	-0.000716914	-0.0610762	
16.2577	0.000180751	-0.0153072	0	0	0	0	-0.000709748	-0.0605012	0.000180751	-0.0153072	0	0	0	0	-0.000709748	-0.0605012	
16.4148	0.000177185	-0.0151624	0	0	0	0	-0.000702577	-0.0599369	0.000177185	-0.0151624	0	0	0	0	-0.000702577	-0.0599369	
16.5719	0.000173718	-0.0150202	0	0	0	0	-0.000695409	-0.0593829	0.000173718	-0.0150202	0	0	0	0	-0.000695409	-0.0593829	
16.729	0.000170344	-0.0148806	0	0	0	0	-0.000688251	-0.0588391	0.000170344	-0.0148806	0	0	0	0	-0.000688251	-0.0588391	
16.8861	0.00016706	-0.0147436	0	0	0	0	-0.000681109	-0.0583051	0.00016706	-0.0147436	0	0	0	0	-0.000681109	-0.0583051	
17.0431	0.000163865	-0.014609	0	0	0	0	-0.00067399	-0.0577807	0.000163865	-0.014609	0	0	0	0	-0.00067399	-0.0577807	
17.2002	0.000160755	-0.0144769	0	0	0	0	-0.000666899	-0.0572655	0.000160755	-0.0144769	0	0	0	0	-0.000666899	-0.0572655	
17.3573	0.000157728	-0.0143471	0	0	0	0	-0.000659841	-0.0567595	0.000157728	-0.0143471	0	0	0	0	-0.000659841	-0.0567595	
17.5144	0.000154781	-0.0142195	0	0	0	0	-0.000652821	-0.0562623	0.000154781	-0.0142195	0	0	0	0	-0.000652821	-0.0562623	
17.6715	0.000151912	-0.0140943	0	0	0	0	-0.000645843	-0.0557736	0.000151912	-0.0140943	0	0	0	0	-0.000645843	-0.0557736	
17.8285	0.000149117	-0.0139711	0	0	0	0	-0.000638911	-0.0552933	0.000149117	-0.0139711	0	0	0	0	-0.000638911	-0.0552933	
17.9856	0.000146395	-0.0138501	0	0	0	0	-0.000632027	-0.0548212	0.000146395	-0.0138501	0	0	0	0	-0.000632027	-0.0548212	
18.1427	0.000143743	-0.0137311	0	0	0	0	-0.000625196	-0.054357	0.000143743	-0.0137311	0	0	0	0	-0.000625196	-0.054357	
18.2998	0.000141159	-0.0136141	0	0	0	0	-0.000618418	-0.0539006	0.000141159	-0.0136141	0	0	0	0	-0.000618418	-0.0539006	
18.4569	0.000138642	-0.0134991	0	0	0	0	-0.000611699	-0.0534518	0.000138642	-0.0134991	0	0	0	0	-0.000611699	-0.0534518	
18.6139	0.00013619	-0.013386	0	0	0	0	-0.000605037	-0.0530103	0.00013619	-0.013386	0	0	0	0	-0.000605037	-0.0530103	
18.771	0.000133798	-0.0132748	0	0	0	0	-0.000598438	-0.0525761	0.000133798	-0.0132748	0	0	0	0	-0.000598438	-0.0525761	
18.9281	0.000131466	-0.0131654	0	0	0	0	-0.000591901	-0.0521488	0.000131466	-0.0131654	0	0	0	0	-0.000591901	-0.0521488	
19.0852	0.000129193	-0.0130578	0	0	0	0	-0.000585427	-0.0517284	0.000129193	-0.0130578	0	0	0	0	-0.000585427	-0.0517284	
19.2423	0.000126977	-0.0129519	0	0	0	0	-0.00057902	-0.0513147	0.000126977	-0.0129519	0	0	0	0	-0.00057902	-0.0513147	
19.3993	0.000124815	-0.0128476	0	0	0	0	-0.000572678	-0.0509075	0.000124815	-0.0128476	0	0	0	0	-0.000572678	-0.0509075	
19.5564	0.000122707	-0.0127451	0	0	0	0	-0.000566404	-0.0505067	0.000122707	-0.0127451	0	0	0	0	-0.000566404	-0.0505067	
19.7135	0.000120648	-0.0126441	0	0	0	0	-0.000560197	-0.0501121	0.000120648	-0.0126441	0	0	0	0	-0.000560197	-0.0501121	
19.8706	0.000118641	-0.0125447	0	0	0	0	-0.00055406	-0.0497236	0.000118641	-0.0125447	0	0	0	0	-0.00055406	-0.0497236	
20.0277	0.000116681	-0.0124469	0	0	0	0	-0.000547992	-0.0493411	0.000116681	-0.0124469	0	0	0	0	-0.000547992	-0.0493411	
20.1847	0.000114769	-0.0123506	0	0	0	0	-0.000541992	-0.0489644	0.000114769	-0.0123506	0	0	0	0	-0.000541992	-0.0489644	
20.3418	0.000112902	-0.0122557	0	0	0	0	-0.000536063	-0.0485933	0.000112902	-0.0122557	0	0	0	0	-0.000536063	-0.0485933	
20.4989	0.000111078	-0.0121623	0	0	0	0	-0.000530203	-0.0482278	0.000111078	-0.0121623	0	0	0	0	-0.000530203	-0.0482278	
20.656	0.000109298	-0.0120702	0	0	0	0	-0.000524413	-0.0478678	0.000109298	-0.0120702	0	0	0	0	-0.000524413	-0.0478678	
20.8131	0.000107559	-0.0119796	0	0	0	0	-0.000518693	-0.047513	0.000107559	-0.0119796	0	0	0	0	-0.000518693	-0.047513	
20.9701	0.00010586	-0.0118903	0	0	0	0	-0.000513043	-0.0471634	0.00010586	-0.0118903	0	0	0	0	-0.000513043	-0.0471634	
21.1272	0.000104201	-0.0118023	0	0	0	0	-0.000507462	-0.0468189	0.000104201	-0.0118023	0	0	0	0	-0.000507462	-0.0468189	
21.2843	0.00010258	-0.0117156	0	0	0	0	-0.00050195	-0.0464794	0.00010258	-0.0117156	0	0	0	0	-0.00050195	-0.0464794	
21.4414	0.000100995	-0.0116301	0	0	0	0	-0.000496509	-0.0461447	0.000100995	-0.0116301	0	0	0	0	-0.000496509	-0.0461447	
21.5984	9.94458e-05	-0.0115459	0	0	0	0	-0.000491134	-0.0458149	9.94458e-05	-0.0115459	0	0	0	0	-0.000491134	-0.0458149	
21.7555	9.79316e-05	-0.0114629	0	0	0	0	-0.000485829	-0.0454896	9.79316e-05	-0.0114629	0	0	0	0	-0.000485829	-0.0454896	
21.9126	9.64511e-05	-0.0113811	0	0	0	0	-0.000480591	-0.0451689	9.64511e-05	-0.0113811	0	0	0	0	-0.000480591	-0.0451689	
22.0697	9.50036e-05	-0.0113004	0	0	0	0	-0.00047542	-0.0448527	9.50036e-05	-0.0113004	0	0	0	0	-0.00047542	-0.0448527	
22.2268	9.35876e-05	-0.0112208	0	0	0	0	-0.000470316	-0.0445409	9.35876e-05	-0.0112208	0	0	0	0	-0.000470316	-0.0445409	
22.3838	9.22028e-05	-0.0111424	0	0	0	0	-0.000465279	-0.0442333	9.22028e-05	-0.0111424	0	0	0	0	-0.000465279	-0.0442333	
22.5409	9.08482e-05	-0.011065	0	0	0	0	-0.000460307	-0.04393	9.08482e-05	-0.011065	0	0	0	0	-0.000460307	-0.04393	
22.698	8.95227e-05	-0.0109887	0	0	0	0	-0.0004554	-0.0436307	8.95227e-05	-0.0109887	0	0	0	0	-0.0004554	-0.0436307	
22.8551	8.82257e-05	-0.0109135	0	0	0	0	-0.000450558	-0.0433355	8.82257e-05	-0.0109135	0	0	0	0	-0.000450558	-0.0433355	
23.0122	8.69563e-05	-0.0108392	0	0	0	0	-0.000445779	-0.0430442	8.69563e-05	-0.0108392	0	0	0	0	-0.000445779	-0.0430442	
23.1692	8.57138e-05	-0.010766	0	0	0	0	-0.000441064	-0.0427568	8.57138e-05	-0.010766	0	0	0	0	-0.000441064	-0.0427568	
23.3263	8.44974e-05	-0.0106937	0	0	0	0	-0.000436411	-0.0424732	8.44974e-05	-0.0106937	0	0	0	0	-0.000436411	-0.0424732	
23.4834	8.33067e-05	-0.0106224	0	0	0	0	-0.000431819	-0.0421934	8.33067e-05	-0.0106224	0	0	0	0	-0.000431819	-0.0421934	
23.6405	8.21406e-05	-0.0105521	0	0	0	0	-0.000427288	-0.0419171	8.21406e-05	-0.0105521	0	0	0	0	-0.000427288	-0.0419171	
23.7976	8.09986e-05	-0.0104826	0	0	0	0	-0.000422819	-0.0416444	8.09986e-05	-0.0104826	0	0	0	0	-0.000422819	-0.0416444	
23.9546	7.988e-05	-0.0104141	0	0	0	0	-0.000418408	-0.0413753	7.988e-05	-0.0104141	0	0	0	0	-0.000418408	-0.0413753	
24.1117	7.87844e-05	-0.0103465	0	0	0	0	-0.000414057	-0.0411095	7.87844e-05	-0.0103465	0	0	0	0	-0.000414057	-0.0411095	
24.2688	7.77109e-05	-0.0102797	0	0	0	0	-0.000409763	-0.0408472	7.77109e-05	-0.0102797	0	0	0	0	-0.000409763	-0.0408472	
24.4259	7.6659e-05	-0.0102138	0	0	0	0	-0.000405527	-0.0405882	7.6659e-05	-0.0102138	0	0	0	0	-0.000405527	-0.0405882	
24.583	7.56283e-05	-0.0101487	0	0	0	0	-0.000401348	-0.0403324	7.56283e-05	-0.0101487	0	0	0	0	-0.000401348	-0.0403324	
24.74	7.46181e-05	-0.0100844	0	0	0	0	-0.000397225	-0.0400798	7.46181e-05	-0.0100844	0	0	0	0	-0.000397225	-0.0400798	
24.8971	7.36278e-05	-0.010021	0	0	0	0	-0.000393156	-0.0398303	7.36278e-05	-0.010021	0	0	0	0	-0.000393156	-0.0398303	
25.0542	7.26572e-05	-0.00995827	0	0	0	0	-0.000389143	-0.039584	7.26572e-05	-0.00995827	0	0	0	0	-0.000389143	-0.039584	
25.2113	7.17053e-05	-0.00989639	0	0	0	0	-0.000385183	-0.0393406	7.17053e-05	-0.00989639	0	0	0	0	-0.000385183	-0.0393406	
25.3684	7.07721e-05	-0.00983526	0	0	0	0	-0.000381276	-0.0391001	7.07721e-05	-0.00983526	0	0	0	0	-0.000381276	-0.0391001	
25.5254	6.98569e-05	-0.00977488	0	0	0	0	-0.00037742	-0.0388626	6.98569e-05	-0.00977488	0	0	0	0	-0.00037742	-0.0388626	
25.6825	6.89592e-05	-0.00971524	0	0	0	0	-0.000373617	-0.038628	6.89592e-05	-0.00971524	0	0	0	0	-0.000373617	-0.038628	
25.8396	6.80788e-05	-0.00965631	0	0	0	0	-0.000369865	-0.0383961	6.80788e-05	-0.00965631	0	0	0	0	-0.000369865	-0.0383961	
25.9967	6.72149e-05	-0.0095981	0	0	0	0	-0.000366162	-0.038167	6.72149e-05	-0.0095981	0	0	0	0	-0.000366162	-0.038167	
26.1538	6.63674e-05	-0.00954057	0	0	0	0	-0.00036251	-0.0379407	6.63674e-05	-0.00954057	0	0	0	0	-0.00036251	-0.0379407	
26.3108	6.55357e-05	-0.00948373	0	0	0	0	-0.000358905	-0.0377169	6.55357e-05	-0.00948373	0	0	0	0	-0.000358905	-0.0377169	
26.4679	6.47197e-05	-0.00942757	0	0	0	0	-0.000355349	-0.0374957	6.47197e-05	-0.00942757	0	0	0	0	-0.000355349	-0.0374957	
26.625	6.39188e-05	-0.00937206	0	0	0	0	-0.00035184	-0.0372772	6.39188e-05	-0.00937206	0	0	0	0	-0.00035184	-0.0372772	
26.7821	6.31325e-05	-0.00931721	0	0	0	0	-0.000348378	-0.0370611	6.31325e-05	-0.00931721	0	0	0	0	-0.000348378	-0.0370611	
26.9392	6.23606e-05	-0.00926298	0	0	0	0	-0.000344961	-0.0368476	6.23606e-05	-0.00926298	0	0	0	0	-0.000344961	-0.0368476	
27.0962	6.1603e-05	-0.0092094	0	0	0	0	-0.00034159	-0.0366365	6.1603e-05	-0.0092094	0	0	0	0	-0.00034159	-0.0366365	
27.2533	6.08589e-05	-0.0091564	0	0	0	0	-0.000338263	-0.0364278	6.08589e-05	-0.0091564	0	0	0	0	-0.000338263	-0.0364278	
27.4104	6.01283e-05	-0.00910403	0	0	0	0	-0.00033498	-0.0362213	6.01283e-05	-0.00910403	0	0	0	0	-0.00033498	-0.0362213	
27.5675	5.94107e-05	-0.00905225	0	0	0	0	-0.00033174	-0.0360173	5.94107e-05	-0.00905225	0	0	0	0	-0.00033174	-0.0360173	
27.7246	5.8706e-05	-0.00900105	0	0	0	0	-0.000328543	-0.0358155	5.8706e-05	-0.00900105	0	0	0	0	-0.000328543	-0.0358155	
27.8816	5.80136e-05	-0.00895044	0	0	0	0	-0.000325388	-0.035616	5.80136e-05	-0.00895044	0	0	0	0	-0.000325388	-0.035616	
28.0387	5.73335e-05	-0.00890038	0	0	0	0	-0.000322275	-0.0354187	5.73335e-05	-0.00890038	0	0	0	0	-0.000322275	-0.0354187	
28.1958	5.66653e-05	-0.00885088	0	0	0	0	-0.000319202	-0.0352235	5.66653e-05	-0.00885088	0	0	0	0	-0.000319202	-0.0352235	
28.3529	5.60088e-05	-0.00880192	0	0	0	0	-0.000316169	-0.0350305	5.60088e-05	-0.00880192	0	0	0	0	-0.000316169	-0.0350305	
28.51	5.53636e-05	-0.00875351	0	0	0	0	-0.000313175	-0.0348395	5.53636e-05	-0.00875351	0	0	0	0	-0.000313175	-0.0348395	
28.667	5.47294e-05	-0.00870562	0	0	0	0	-0.000310221	-0.0346506	5.47294e-05	-0.00870562	0	0	0	0	-0.000310221	-0.0346506	
28.8241	5.41061e-05	-0.00865825	0	0	0	0	-0.000307304	-0.0344637	5.41061e-05	-0.00865825	0	0	0	0	-0.000307304	-0.0344637	
28.9812	5.34935e-05	-0.00861139	0	0	0	0	-0.000304426	-0.0342789	5.34935e-05	-0.00861139	0	0	0	0	-0.000304426	-0.0342789	
29.1383	5.28912e-05	-0.00856504	0	0	0	0	-0.000301585	-0.034096	5.28912e-05	-0.00856504	0	0	0	0	-0.000301585	-0.034096	
29.2954	5.22991e-05	-0.00851918	0	0	0	0	-0.00029878	-0.033915	5.22991e-05	-0.00851918	0	0	0	0	-0.00029878	-0.033915	
29.4524	5.17169e-05	-0.00847382	0	0	0	0	-0.000296012	-0.033736	5.17169e-05	-0.00847382	0	0	0	0	-0.000296012	-0.033736	
29.6095	5.11444e-05	-0.00842891	0	0	0	0	-0.000293279	-0.0335588	5.11444e-05	-0.00842891	0	0	0	0	-0.000293279	-0.0335588	
29.7666	5.05813e-05	-0.0083845	0	0	0	0	-0.00029058	-0.0333835	5.05813e-05	-0.0083845	0	0	0	0	-0.00029058	-0.0333835	
29.9237	5.00276e-05	-0.00834055	0	0	0	0	-0.000287916	-0.0332099	5.00276e-05	-0.00834055	0	0	0	0	-0.000287916	-0.0332099	
30.0807	4.94829e-05	-0.00829705	0	0	0	0	-0.000285287	-0.0330382	4.94829e-05	-0.00829705	0	0	0	0	-0.000285287	-0.0330382	
30.2378	4.8947e-05	-0.008254	0	0	0	0	-0.00028269	-0.0328682	4.8947e-05	-0.008254	0	0	0	0	-0.00028269	-0.0328682	
30.3949	4.84198e-05	-0.0082114	0	0	0	0	-0.000280127	-0.0326999	4.84198e-05	-0.0082114	0	0	0	0	-0.000280127	-0.0326999	
30.552	4.79013e-05	-0.00816923	0	0	0	0	-0.000277595	-0.0325334	4.79013e-05	-0.00816923	0	0	0	0	-0.000277595	-0.0325334	
30.7091	4.73911e-05	-0.0081275	0	0	0	0	-0.000275096	-0.0323686	4.73911e-05	-0.0081275	0	0	0	0	-0.000275096	-0.0323686	
30.8661	4.68889e-05	-0.00808619	0	0	0	0	-0.000272628	-0.0322053	4.68889e-05	-0.00808619	0	0	0	0	-0.000272628	-0.0322053	
31.0232	4.63947e-05	-0.00804529	0	0	0	0	-0.000270191	-0.0320438	4.63947e-05	-0.00804529	0	0	0	0	-0.000270191	-0.0320438	
31.1803	4.59082e-05	-0.00800482	0	0	0	0	-0.000267784	-0.0318838	4.59082e-05	-0.00800482	0	0	0	0	-0.000267784	-0.0318838	
31.3374	4.54296e-05	-0.00796474	0	0	0	0	-0.000265407	-0.0317255	4.54296e-05	-0.00796474	0	0	0	0	-0.000265407	-0.0317255	
31.4945	4.49582e-05	-0.00792506	0	0	0	0	-0.000263061	-0.0315686	4.49582e-05	-0.00792506	0	0	0	0	-0.000263061	-0.0315686	
31.6515	4.44945e-05	-0.00788577	0	0	0	0	-0.000260743	-0.0314133	4.44945e-05	-0.00788577	0	0	0	0	-0.000260743	-0.0314133	
31.8086	4.40377e-05	-0.00784687	0	0	0	0	-0.000258453	-0.0312596	4.40377e-05	-0.00784687	0	0	0	0	-0.000258453	-0.0312596	
31.9657	4.35879e-05	-0.00780834	0	0	0	0	-0.000256193	-0.0311073	4.35879e-05	-0.00780834	0	0	0	0	-0.000256193	-0.0311073	
32.1228	4.31452e-05	-0.0077702	0	0	0	0	-0.000253959	-0.0309564	4.31452e-05	-0.0077702	0	0	0	0	-0.000253959	-0.0309564	
32.2799	4.2709e-05	-0.00773244	0	0	0	0	-0.000251753	-0.0308071	4.2709e-05	-0.00773244	0	0	0	0	-0.000251753	-0.0308071	
32.4369	4.22797e-05	-0.00769503	0	0	0	0	-0.000249575	-0.0306592	4.22797e-05	-0.00769503	0	0	0	0	-0.000249575	-0.0306592	
32.594	4.18568e-05	-0.00765799	0	0	0	0	-0.000247422	-0.0305127	4.18568e-05	-0.00765799	0	0	0	0	-0.000247422	-0.0305127	
32.7511	4.144e-05	-0.0076213	0	0	0	0	-0.000245296	-0.0303675	4.144e-05	-0.0076213	0	0	0	0	-0.000245296	-0.0303675	
32.9082	4.10297e-05	-0.00758495	0	0	0	0	-0.000243196	-0.0302238	4.10297e-05	-0.00758495	0	0	0	0	-0.000243196	-0.0302238	
33.0653	4.06255e-05	-0.00754895	0	0	0	0	-0.000241121	-0.0300814	4.06255e-05	-0.00754895	0	0	0	0	-0.000241121	-0.0300814	
33.2223	4.02271e-05	-0.00751328	0	0	0	0	-0.000239071	-0.0299403	4.02271e-05	-0.00751328	0	0	0	0	-0.000239071	-0.0299403	
33.3794	3.98348e-05	-0.00747797	0	0	0	0	-0.000237046	-0.0298005	3.98348e-05	-0.00747797	0	0	0	0	-0.000237046	-0.0298005	
33.5365	3.9448e-05	-0.00744296	0	0	0	0	-0.000235045	-0.0296621	3.9448e-05	-0.00744296	0	0	0	0	-0.000235045	-0.0296621	
33.6936	3.90669e-05	-0.00740831	0	0	0	0	-0.000233068	-0.0295249	3.90669e-05	-0.00740831	0	0	0	0	-0.000233068	-0.0295249	
33.8507	3.86914e-05	-0.00737396	0	0	0	0	-0.000231114	-0.0293889	3.86914e-05	-0.00737396	0	0	0	0	-0.000231114	-0.0293889	
34.0077	3.83213e-05	-0.00733993	0	0	0	0	-0.000229183	-0.0292542	3.83213e-05	-0.00733993	0	0	0	0	-0.000229183	-0.0292542	
34.1648	3.79565e-05	-0.0073062	0	0	0	0	-0.000227276	-0.0291208	3.79565e-05	-0.0073062	0	0	0	0	-0.000227276	-0.0291208	
34.3219	3.75969e-05	-0.00727279	0	0	0	0	-0.000225391	-0.0289885	3.75969e-05	-0.00727279	0	0	0	0	-0.000225391	-0.0289885	
34.479	3.72425e-05	-0.00723968	0	0	0	0	-0.000223528	-0.0288575	3.72425e-05	-0.00723968	0	0	0	0	-0.000223528	-0.0288575	
34.6361	3.68931e-05	-0.00720688	0	0	0	0	-0.000221687	-0.0287276	3.68931e-05	-0.00720688	0	0	0	0	-0.000221687	-0.0287276	
34.7931	3.65485e-05	-0.00717437	0	0	0	0	-0.000219868	-0.0285989	3.65485e-05	-0.00717437	0	0	0	0	-0.000219868	-0.0285989	
34.9502	3.62088e-05	-0.00714216	0	0	0	0	-0.00021807	-0.0284713	3.62088e-05	-0.00714216	0	0	0	0	-0.00021807	-0.0284713	
35.1073	3.5874e-05	-0.00711023	0	0	0	0	-0.000216293	-0.0283448	3.5874e-05	-0.00711023	0	0	0	0	-0.000216293	-0.0283448	
35.2644	3.55438e-05	-0.00707858	0	0	0	0	-0.000214536	-0.0282194	3.55438e-05	-0.00707858	0	0	0	0	-0.000214536	-0.0282194	
35.4215	3.52181e-05	-0.00704722	0	0	0	0	-0.0002128	-0.0280952	3.52181e-05	-0.00704722	0	0	0	0	-0.0002128	-0.0280952	
35.5785	3.48967e-05	-0.00701612	0	0	0	0	-0.000211083	-0.027972	3.48967e-05	-0.00701612	0	0	0	0	-0.000211083	-0.027972	
35.7356	3.45801e-05	-0.0069853	0	0	0	0	-0.000209387	-0.0278499	3.45801e-05	-0.0069853	0	0	0	0	-0.000209387	-0.0278499	
35.8927	3.42676e-05	-0.00695475	0	0	0	0	-0.00020771	-0.027729	3.42676e-05	-0.00695475	0	0	0	0	-0.00020771	-0.027729	
36.0498	3.39595e-05	-0.00692448	0	0	0	0	-0.000206052	-0.0276089	3.39595e-05	-0.00692448	0	0	0	0	-0.000206052	-0.0276089	
36.2069	3.36554e-05	-0.00689445	0	0	0	0	-0.000204413	-0.02749	3.36554e-05	-0.00689445	0	0	0	0	-0.000204413	-0.02749	
36.3639	3.33553e-05	-0.00686469	0	0	0	0	-0.000202793	-0.0273721	3.33553e-05	-0.00686469	0	0	0	0	-0.000202793	-0.0273721	
36.521	3.30594e-05	-0.00683518	0	0	0	0	-0.000201191	-0.0272551	3.30594e-05	-0.00683518	0	0	0	0	-0.000201191	-0.0272551	
36.6781	3.27675e-05	-0.00680592	0	0	0	0	-0.000199607	-0.0271392	3.27675e-05	-0.00680592	0	0	0	0	-0.000199607	-0.0271392	
36.8352	3.24793e-05	-0.00677692	0	0	0	0	-0.00019804	-0.0270242	3.24793e-05	-0.00677692	0	0	0	0	-0.00019804	-0.0270242	
36.9923	3.2195e-05	-0.00674816	0	0	0	0	-0.000196492	-0.0269103	3.2195e-05	-0.00674816	0	0	0	0	-0.000196492	-0.0269103	
37.1493	3.19145e-05	-0.00671965	0	0	0	0	-0.000194961	-0.0267972	3.19145e-05	-0.00671965	0	0	0	0	-0.000194961	-0.0267972	
37.3064	3.16377e-05	-0.00669137	0	0	0	0	-0.000193446	-0.0266852	3.16377e-05	-0.00669137	0	0	0	0	-0.000193446	-0.0266852	
37.4635	3.13644e-05	-0.00666334	0	0	0	0	-0.000191949	-0.026574	3.13644e-05	-0.00666334	0	0	0	0	-0.000191949	-0.026574	
37.6206	3.10946e-05	-0.00663553	0	0	0	0	-0.000190469	-0.0264637	3.10946e-05	-0.00663553	0	0	0	0	-0.000190469	-0.0264637	
37.7777	3.08284e-05	-0.00660796	0	0	0	0	-0.000189004	-0.0263544	3.08284e-05	-0.00660796	0	0	0	0	-0.000189004	-0.0263544	
37.9347	3.05657e-05	-0.0065806	0	0	0	0	-0.000187556	-0.026246	3.05657e-05	-0.0065806	0	0	0	0	-0.000187556	-0.026246	
38.0918	3.03062e-05	-0.00655349	0	0	0	0	-0.000186124	-0.0261384	3.03062e-05	-0.00655349	0	0	0	0	-0.000186124	-0.0261384	
38.2489	3.00502e-05	-0.00652659	0	0	0	0	-0.000184708	-0.0260318	3.00502e-05	-0.00652659	0	0	0	0	-0.000184708	-0.0260318	
38.406	2.97974e-05	-0.00649991	0	0	0	0	-0.000183306	-0.0259259	2.97974e-05	-0.00649991	0	0	0	0	-0.000183306	-0.0259259	
38.563	2.95477e-05	-0.00647345	0	0	0	0	-0.00018192	-0.025821	2.95477e-05	-0.00647345	0	0	0	0	-0.00018192	-0.025821	
38.7201	2.93012e-05	-0.00644721	0	0	0	0	-0.00018055	-0.0257169	2.93012e-05	-0.00644721	0	0	0	0	-0.00018055	-0.0257169	
38.8772	2.90579e-05	-0.00642117	0	0	0	0	-0.000179194	-0.0256136	2.90579e-05	-0.00642117	0	0	0	0	-0.000179194	-0.0256136	
39.0343	2.88175e-05	-0.00639534	0	0	0	0	-0.000177853	-0.0255111	2.88175e-05	-0.00639534	0	0	0	0	-0.000177853	-0.0255111	
39.1914	2.85802e-05	-0.00636972	0	0	0	0	-0.000176526	-0.0254095	2.85802e-05	-0.00636972	0	0	0	0	-0.000176526	-0.0254095	
39.3484	2.83459e-05	-0.00634431	0	0	0	0	-0.000175213	-0.0253087	2.83459e-05	-0.00634431	0	0	0	0	-0.000175213	-0.0253087	
39.5055	2.81142e-05	-0.00631909	0	0	0	0	-0.000173915	-0.0252086	2.81142e-05	-0.00631909	0	0	0	0	-0.000173915	-0.0252086	
39.6626	2.78857e-05	-0.00629407	0	0	0	0	-0.00017263	-0.0251094	2.78857e-05	-0.00629407	0	0	0	0	-0.00017263	-0.0251094	
39.8197	2.76598e-05	-0.00626927	0	0	0	0	-0.000171359	-0.0250109	2.76598e-05	-0.00626927	0	0	0	0	-0.000171359	-0.0250109	
39.9768	2.74368e-05	-0.00624465	0	0	0	0	-0.000170101	-0.0249132	2.74368e-05	-0.00624465	0	0	0	0	-0.000170101	-0.0249132	
40.1338	2.72163e-05	-0.00622022	0	0	0	0	-0.000168857	-0.0248163	2.72163e-05	-0.00622022	0	0	0	0	-0.000168857	-0.0248163	
40.2909	2.69986e-05	-0.00619598	0	0	0	0	-0.000167626	-0.0247201	2.69986e-05	-0.00619598	0	0	0	0	-0.000167626	-0.0247201	
40.448	2.67836e-05	-0.00617192	0	0	0	0	-0.000166408	-0.0246246	2.67836e-05	-0.00617192	0	0	0	0	-0.000166408	-0.0246246	
40.6051	2.65709e-05	-0.00614806	0	0	0	0	-0.000165202	-0.0245298	2.65709e-05	-0.00614806	0	0	0	0	-0.000165202	-0.0245298	
40.7622	2.63611e-05	-0.00612438	0	0	0	0	-0.000164009	-0.0244358	2.63611e-05	-0.00612438	0	0	0	0	-0.000164009	-0.0244358	
40.9192	2.61536e-05	-0.00610088	0	0	0	0	-0.000162828	-0.0243425	2.61536e-05	-0.00610088	0	0	0	0	-0.000162828	-0.0243425	
41.0763	2.59486e-05	-0.00607756	0	0	0	0	-0.00016166	-0.02425	2.59486e-05	-0.00607756	0	0	0	0	-0.00016166	-0.02425	
41.2334	2.5746e-05	-0.00605442	0	0	0	0	-0.000160504	-0.0241581	2.5746e-05	-0.00605442	0	0	0	0	-0.000160504	-0.0241581	
41.3905	2.55458e-05	-0.00603146	0	0	0	0	-0.00015936	-0.0240669	2.55458e-05	-0.00603146	0	0	0	0	-0.00015936	-0.0240669	
41.5476	2.5348e-05	-0.00600866	0	0	0	0	-0.000158228	-0.0239764	2.5348e-05	-0.00600866	0	0	0	0	-0.000158228	-0.0239764	
41.7046	2.51524e-05	-0.00598604	0	0	0	0	-0.000157107	-0.0238866	2.51524e-05	-0.00598604	0	0	0	0	-0.000157107	-0.0238866	
41.8617	2.49592e-05	-0.00596358	0	0	0	0	-0.000155997	-0.0237974	2.49592e-05	-0.00596358	0	0	0	0	-0.000155997	-0.0237974	
42.0188	2.4768e-05	-0.0059413	0	0	0	0	-0.000154899	-0.0237089	2.4768e-05	-0.0059413	0	0	0	0	-0.000154899	-0.0237089	
42.1759	2.45792e-05	-0.00591918	0	0	0	0	-0.000153812	-0.0236211	2.45792e-05	-0.00591918	0	0	0	0	-0.000153812	-0.0236211	
42.333	2.43926e-05	-0.00589722	0	0	0	0	-0.000152736	-0.0235339	2.43926e-05	-0.00589722	0	0	0	0	-0.000152736	-0.0235339	
42.49	2.4208e-05	-0.00587543	0	0	0	0	-0.000151671	-0.0234473	2.4208e-05	-0.00587543	0	0	0	0	-0.000151671	-0.0234473	
42.6471	2.40257e-05	-0.0058538	0	0	0	0	-0.000150617	-0.0233614	2.40257e-05	-0.0058538	0	0	0	0	-0.000150617	-0.0233614	
42.8042	2.38453e-05	-0.00583233	0	0	0	0	-0.000149574	-0.0232761	2.38453e-05	-0.00583233	0	0	0	0	-0.000149574	-0.0232761	
42.9613	2.36671e-05	-0.00581102	0	0	0	0	-0.00014854	-0.0231914	2.36671e-05	-0.00581102	0	0	0	0	-0.00014854	-0.0231914	
43.1184	2.34906e-05	-0.00578984	0	0	0	0	-0.000147517	-0.0231073	2.34906e-05	-0.00578984	0	0	0	0	-0.000147517	-0.0231073	
43.2754	2.33164e-05	-0.00576884	0	0	0	0	-0.000146504	-0.0230239	2.33164e-05	-0.00576884	0	0	0	0	-0.000146504	-0.0230239	
43.4325	2.3144e-05	-0.00574798	0	0	0	0	-0.000145502	-0.0229411	2.3144e-05	-0.00574798	0	0	0	0	-0.000145502	-0.0229411	
43.5896	2.29736e-05	-0.00572729	0	0	0	0	-0.00014451	-0.0228588	2.29736e-05	-0.00572729	0	0	0	0	-0.00014451	-0.0228588	
43.7467	2.28051e-05	-0.00570672	0	0	0	0	-0.000143526	-0.0227771	2.28051e-05	-0.00570672	0	0	0	0	-0.000143526	-0.0227771	
43.9038	2.26384e-05	-0.00568631	0	0	0	0	-0.000142554	-0.022696	2.26384e-05	-0.00568631	0	0	0	0	-0.000142554	-0.022696	
44.0608	2.24736e-05	-0.00566605	0	0	0	0	-0.00014159	-0.0226155	2.24736e-05	-0.00566605	0	0	0	0	-0.00014159	-0.0226155	
44.2179	2.23105e-05	-0.00564593	0	0	0	0	-0.000140636	-0.0225355	2.23105e-05	-0.00564593	0	0	0	0	-0.000140636	-0.0225355	
44.375	2.21492e-05	-0.00562594	0	0	0	0	-0.000139691	-0.0224561	2.21492e-05	-0.00562594	0	0	0	0	-0.000139691	-0.0224561	
44.5321	2.19898e-05	-0.00560612	0	0	0	0	-0.000138755	-0.0223773	2.19898e-05	-0.00560612	0	0	0	0	-0.000138755	-0.0223773	
44.6892	2.1832e-05	-0.0055864	0	0	0	0	-0.000137828	-0.022299	2.1832e-05	-0.0055864	0	0	0	0	-0.000137828	-0.022299	
44.8462	2.16759e-05	-0.00556685	0	0	0	0	-0.00013691	-0.0222212	2.16759e-05	-0.00556685	0	0	0	0	-0.00013691	-0.0222212	
45.0033	2.15216e-05	-0.00554742	0	0	0	0	-0.000136002	-0.022144	2.15216e-05	-0.00554742	0	0	0	0	-0.000136002	-0.022144	
45.1604	2.13689e-05	-0.00552814	0	0	0	0	-0.000135102	-0.0220674	2.13689e-05	-0.00552814	0	0	0	0	-0.000135102	-0.0220674	
45.3175	2.12178e-05	-0.00550898	0	0	0	0	-0.00013421	-0.0219912	2.12178e-05	-0.00550898	0	0	0	0	-0.00013421	-0.0219912	
45.4746	2.10684e-05	-0.00548996	0	0	0	0	-0.000133328	-0.0219156	2.10684e-05	-0.00548996	0	0	0	0	-0.000133328	-0.0219156	
45.6316	2.09205e-05	-0.00547106	0	0	0	0	-0.000132453	-0.0218405	2.09205e-05	-0.00547106	0	0	0	0	-0.000132453	-0.0218405	
45.7887	2.07742e-05	-0.0054523	0	0	0	0	-0.000131587	-0.0217659	2.07742e-05	-0.0054523	0	0	0	0	-0.000131587	-0.0217659	
45.9458	2.06294e-05	-0.00543366	0	0	0	0	-0.000130729	-0.0216918	2.06294e-05	-0.00543366	0	0	0	0	-0.000130729	-0.0216918	
46.1029	2.04862e-05	-0.00541516	0	0	0	0	-0.000129879	-0.0216182	2.04862e-05	-0.00541516	0	0	0	0	-0.000129879	-0.0216182	
46.26	2.03444e-05	-0.00539677	0	0	0	0	-0.000129037	-0.0215452	2.03444e-05	-0.00539677	0	0	0	0	-0.000129037	-0.0215452	
46.417	2.02042e-05	-0.00537852	0	0	0	0	-0.000128203	-0.0214726	2.02042e-05	-0.00537852	0	0	0	0	-0.000128203	-0.0214726	
46.5741	2.00654e-05	-0.00536038	0	0	0	0	-0.000127377	-0.0214004	2.00654e-05	-0.00536038	0	0	0	0	-0.000127377	-0.0214004	
46.7312	1.99281e-05	-0.00534237	0	0	0	0	-0.000126559	-0.0213288	1.99281e-05	-0.00534237	0	0	0	0	-0.000126559	-0.0213288	
46.8883	1.97921e-05	-0.00532448	0	0	0	0	-0.000125748	-0.0212577	1.97921e-05	-0.00532448	0	0	0	0	-0.000125748	-0.0212577	
47.0453	1.96576e-05	-0.00530671	0	0	0	0	-0.000124945	-0.021187	1.96576e-05	-0.00530671	0	0	0	0	-0.000124945	-0.021187	
47.2024	1.95244e-05	-0.00528906	0	0	0	0	-0.000124149	-0.0211168	1.95244e-05	-0.00528906	0	0	0	0	-0.000124149	-0.0211168	
47.3595	1.93926e-05	-0.00527152	0	0	0	0	-0.000123361	-0.0210471	1.93926e-05	-0.00527152	0	0	0	0	-0.000123361	-0.0210471	
47.5166	1.92622e-05	-0.0052541	0	0	0	0	-0.00012258	-0.0209778	1.92622e-05	-0.0052541	0	0	0	0	-0.00012258	-0.0209778	
47.6737	1.9133e-05	-0.00523679	0	0	0	0	-0.000121805	-0.0209089	1.9133e-05	-0.00523679	0	0	0	0	-0.000121805	-0.0209089	
47.8307	1.90052e-05	-0.0052196	0	0	0	0	-0.000121039	-0.0208405	1.90052e-05	-0.0052196	0	0	0	0	-0.000121039	-0.0208405	
47.9878	1.88786e-05	-0.00520251	0	0	0	0	-0.000120279	-0.0207726	1.88786e-05	-0.00520251	0	0	0	0	-0.000120279	-0.0207726	
48.1449	1.87533e-05	-0.00518554	0	0	0	0	-0.000119526	-0.0207051	1.87533e-05	-0.00518554	0	0	0	0	-0.000119526	-0.0207051	
48.302	1.86294e-05	-0.00516869	0	0	0	0	-0.00011878	-0.020638	1.86294e-05	-0.00516869	0	0	0	0	-0.00011878	-0.020638	
48.4591	1.85066e-05	-0.00515194	0	0	0	0	-0.000118041	-0.0205714	1.85066e-05	-0.00515194	0	0	0	0	-0.000118041	-0.0205714	
48.6161	1.83851e-05	-0.00513528	0	0	0	0	-0.000117308	-0.0205052	1.83851e-05	-0.00513528	0	0	0	0	-0.000117308	-0.0205052	
48.7732	1.82647e-05	-0.00511877	0	0	0	0	-0.000116583	-0.0204394	1.82647e-05	-0.00511877	0	0	0	0	-0.000116583	-0.0204394	
48.9303	1.81456e-05	-0.00510232	0	0	0	0	-0.000115863	-0.020374	1.81456e-05	-0.00510232	0	0	0	0	-0.000115863	-0.020374	
49.0874	1.80276e-05	-0.00508601	0	0	0	0	-0.00011515	-0.0203091	1.80276e-05	-0.00508601	0	0	0	0	-0.00011515	-0.0203091	
49.2445	1.79108e-05	-0.00506979	0	0	0	0	-0.000114444	-0.0202446	1.79108e-05	-0.00506979	0	0	0	0	-0.000114444	-0.0202446	
49.4015	1.77951e-05	-0.00505367	0	0	0	0	-0.000113743	-0.0201805	1.77951e-05	-0.00505367	0	0	0	0	-0.000113743	-0.0201805	
49.5586	1.76805e-05	-0.00503766	0	0	0	0	-0.000113049	-0.0201167	1.76805e-05	-0.00503766	0	0	0	0	-0.000113049	-0.0201167	
49.7157	1.75672e-05	-0.00502174	0	0	0	0	-0.000112361	-0.0200534	1.75672e-05	-0.00502174	0	0	0	0	-0.000112361	-0.0200534	
49.8728	1.74548e-05	-0.00500592	0	0	0	0	-0.000111679	-0.0199905	1.74548e-05	-0.00500592	0	0	0	0	-0.000111679	-0.0199905	
50.0299	1.73435e-05	-0.00499021	0	0	0	0	-0.000111004	-0.0199279	1.73435e-05	-0.00499021	0	0	0	0	-0.000111004	-0.0199279	
50.1869	1.72333e-05	-0.00497461	0	0	0	0	-0.000110333	-0.0198659	1.72333e-05	-0.00497461	0	0	0	0	-0.000110333	-0.0198659	
50.344	1.71243e-05	-0.00495908	0	0	0	0	-0.00010967	-0.0198041	1.71243e-05	-0.00495908	0	0	0	0	-0.00010967	-0.0198041	
50.5011	1.70162e-05	-0.00494365	0	0	0	0	-0.000109011	-0.0197427	1.70162e-05	-0.00494365	0	0	0	0	-0.000109011	-0.0197427	
50.6582	1.69091e-05	-0.00492834	0	0	0	0	-0.000108359	-0.0196817	1.69091e-05	-0.00492834	0	0	0	0	-0.000108359	-0.0196817	
50.8153	1.68031e-05	-0.0049131	0	0	0	0	-0.000107712	-0.0196211	1.68031e-05	-0.0049131	0	0	0	0	-0.000107712	-0.0196211	
50.9723	1.66981e-05	-0.00489797	0	0	0	0	-0.000107071	-0.0195608	1.66981e-05	-0.00489797	0	0	0	0	-0.000107071	-0.0195608	
51.1294	1.6594e-05	-0.00488292	0	0	0	0	-0.000106435	-0.019501	1.6594e-05	-0.00488292	0	0	0	0	-0.000106435	-0.019501	
51.2865	1.64909e-05	-0.00486797	0	0	0	0	-0.000105805	-0.0194415	1.64909e-05	-0.00486797	0	0	0	0	-0.000105805	-0.0194415	
51.4436	1.63888e-05	-0.00485311	0	0	0	0	-0.000105181	-0.0193823	1.63888e-05	-0.00485311	0	0	0	0	-0.000105181	-0.0193823	
51.6007	1.62878e-05	-0.00483834	0	0	0	0	-0.000104561	-0.0193235	1.62878e-05	-0.00483834	0	0	0	0	-0.000104561	-0.0193235	
51.7577	1.61875e-05	-0.00482367	0	0	0	0	-0.000103948	-0.0192651	1.61875e-05	-0.00482367	0	0	0	0	-0.000103948	-0.0192651	
51.9148	1.60882e-05	-0.00480908	0	0	0	0	-0.000103339	-0.019207	1.60882e-05	-0.00480908	0	0	0	0	-0.000103339	-0.019207	
52.0719	1.59899e-05	-0.00479456	0	0	0	0	-0.000102735	-0.0191492	1.59899e-05	-0.00479456	0	0	0	0	-0.000102735	-0.0191492	
52.229	1.58925e-05	-0.00478015	0	0	0	0	-0.000102137	-0.0190919	1.58925e-05	-0.00478015	0	0	0	0	-0.000102137	-0.0190919	
52.3861	1.57959e-05	-0.00476582	0	0	0	0	-0.000101544	-0.0190348	1.57959e-05	-0.00476582	0	0	0	0	-0.000101544	-0.0190348	
52.5431	1.57003e-05	-0.00475156	0	0	0	0	-0.000100955	-0.0189781	1.57003e-05	-0.00475156	0	0	0	0	-0.000100955	-0.0189781	
52.7002	1.56055e-05	-0.00473742	0	0	0	0	-0.000100372	-0.0189217	1.56055e-05	-0.00473742	0	0	0	0	-0.000100372	-0.0189217	
52.8573	1.55116e-05	-0.00472334	0	0	0	0	-9.97935e-05	-0.0188657	1.55116e-05	-0.00472334	0	0	0	0	-9.97935e-05	-0.0188657	
53.0144	1.54185e-05	-0.00470934	0	0	0	0	-9.92198e-05	-0.0188099	1.54185e-05	-0.00470934	0	0	0	0	-9.92198e-05	-0.0188099	
53.1715	1.53263e-05	-0.00469543	0	0	0	0	-9.86509e-05	-0.0187546	1.53263e-05	-0.00469543	0	0	0	0	-9.86509e-05	-0.0187546	
53.3285	1.5235e-05	-0.0046816	0	0	0	0	-9.8087e-05	-0.0186995	1.5235e-05	-0.0046816	0	0	0	0	-9.8087e-05	-0.0186995	
53.4856	1.51444e-05	-0.00466786	0	0	0	0	-9.75277e-05	-0.0186448	1.51444e-05	-0.00466786	0	0	0	0	-9.75277e-05	-0.0186448	
53.6427	1.50547e-05	-0.0046542	0	0	0	0	-9.6973e-05	-0.0185904	1.50547e-05	-0.0046542	0	0	0	0	-9.6973e-05	-0.0185904	
53.7998	1.49657e-05	-0.0046406	0	0	0	0	-9.64229e-05	-0.0185363	1.49657e-05	-0.0046406	0	0	0	0	-9.64229e-05	-0.0185363	
53.9569	1.48776e-05	-0.00462711	0	0	0	0	-9.58772e-05	-0.0184825	1.48776e-05	-0.00462711	0	0	0	0	-9.58772e-05	-0.0184825	
54.1139	1.47902e-05	-0.00461366	0	0	0	0	-9.53361e-05	-0.018429	1.47902e-05	-0.00461366	0	0	0	0	-9.53361e-05	-0.018429	
54.271	1.47037e-05	-0.00460032	0	0	0	0	-9.47995e-05	-0.0183758	1.47037e-05	-0.00460032	0	0	0	0	-9.47995e-05	-0.0183758	
54.4281	1.46178e-05	-0.00458704	0	0	0	0	-9.42674e-05	-0.018323	1.46178e-05	-0.00458704	0	0	0	0	-9.42674e-05	-0.018323	
54.5852	1.45328e-05	-0.00457384	0	0	0	0	-9.37396e-05	-0.0182704	1.45328e-05	-0.00457384	0	0	0	0	-9.37396e-05	-0.0182704	
54.7423	1.44484e-05	-0.00456073	0	0	0	0	-9.32158e-05	-0.0182181	1.44484e-05	-0.00456073	0	0	0	0	-9.32158e-05	-0.0182181	
54.8993	1.43648e-05	-0.00454769	0	0	0	0	-9.26965e-05	-0.0181662	1.43648e-05	-0.00454769	0	0	0	0	-9.26965e-05	-0.0181662	
55.0564	1.42821e-05	-0.0045347	0	0	0	0	-9.21814e-05	-0.0181145	1.42821e-05	-0.0045347	0	0	0	0	-9.21814e-05	-0.0181145	
55.2135	1.42e-05	-0.00452181	0	0	0	0	-9.16708e-05	-0.0180631	1.42e-05	-0.00452181	0	0	0	0	-9.16708e-05	-0.0180631	
55.3706	1.41186e-05	-0.00450899	0	0	0	0	-9.1164e-05	-0.018012	1.41186e-05	-0.00450899	0	0	0	0	-9.1164e-05	-0.018012	
55.5277	1.40378e-05	-0.00449623	0	0	0	0	-9.06611e-05	-0.0179613	1.40378e-05	-0.00449623	0	0	0	0	-9.06611e-05	-0.0179613	
55.6847	1.39578e-05	-0.00448354	0	0	0	0	-9.01624e-05	-0.0179107	1.39578e-05	-0.00448354	0	0	0	0	-9.01624e-05	-0.0179107	
55.8418	1.38785e-05	-0.00447093	0	0	0	0	-8.9668e-05	-0.0178605	1.38785e-05	-0.00447093	0	0	0	0	-8.9668e-05	-0.0178605	
55.9989	1.37998e-05	-0.0044584	0	0	0	0	-8.91769e-05	-0.0178106	1.37998e-05	-0.0044584	0	0	0	0	-8.91769e-05	-0.0178106	
56.156	1.37219e-05	-0.00444593	0	0	0	0	-8.86903e-05	-0.0177609	1.37219e-05	-0.00444593	0	0	0	0	-8.86903e-05	-0.0177609	
56.313	1.36446e-05	-0.00443353	0	0	0	0	-8.82073e-05	-0.0177115	1.36446e-05	-0.00443353	0	0	0	0	-8.82073e-05	-0.0177115	
56.4701	1.35681e-05	-0.0044212	0	0	0	0	-8.77282e-05	-0.0176624	1.35681e-05	-0.0044212	0	0	0	0	-8.77282e-05	-0.0176624	
56.6272	1.34921e-05	-0.00440893	0	0	0	0	-8.72529e-05	-0.0176135	1.34921e-05	-0.00440893	0	0	0	0	-8.72529e-05	-0.0176135	
56.7843	1.34167e-05	-0.00439674	0	0	0	0	-8.67814e-05	-0.0175649	1.34167e-05	-0.00439674	0	0	0	0	-8.67814e-05	-0.0175649	
56.9414	1.3342e-05	-0.00438462	0	0	0	0	-8.63136e-05	-0.0175166	1.3342e-05	-0.00438462	0	0	0	0	-8.63136e-05	-0.0175166	
57.0984	1.32679e-05	-0.00437255	0	0	0	0	-8.58494e-05	-0.0174686	1.32679e-05	-0.00437255	0	0	0	0	-8.58494e-05	-0.0174686	
57.2555	1.31945e-05	-0.00436056	0	0	0	0	-8.53889e-05	-0.0174208	1.31945e-05	-0.00436056	0	0	0	0	-8.53889e-05	-0.0174208	
57.4126	1.31216e-05	-0.00434864	0	0	0	0	-8.49319e-05	-0.0173733	1.31216e-05	-0.00434864	0	0	0	0	-8.49319e-05	-0.0173733	
57.5697	1.30494e-05	-0.00433677	0	0	0	0	-8.44786e-05	-0.017326	1.30494e-05	-0.00433677	0	0	0	0	-8.44786e-05	-0.017326	
57.7268	1.29778e-05	-0.00432496	0	0	0	0	-8.40287e-05	-0.017279	1.29778e-05	-0.00432496	0	0	0	0	-8.40287e-05	-0.017279	
57.8838	1.29067e-05	-0.00431324	0	0	0	0	-8.35823e-05	-0.0172323	1.29067e-05	-0.00431324	0	0	0	0	-8.35823e-05	-0.0172323	
58.0409	1.28363e-05	-0.00430155	0	0	0	0	-8.31395e-05	-0.0171858	1.28363e-05	-0.00430155	0	0	0	0	-8.31395e-05	-0.0171858	
58.198	1.27665e-05	-0.00428995	0	0	0	0	-8.27e-05	-0.0171395	1.27665e-05	-0.00428995	0	0	0	0	-8.27e-05	-0.0171395	
58.3551	1.26971e-05	-0.00427841	0	0	0	0	-8.2264e-05	-0.0170935	1.26971e-05	-0.00427841	0	0	0	0	-8.2264e-05	-0.0170935	
58.5122	1.26284e-05	-0.00426692	0	0	0	0	-8.18312e-05	-0.0170477	1.26284e-05	-0.00426692	0	0	0	0	-8.18312e-05	-0.0170477	
58.6692	1.25603e-05	-0.0042555	0	0	0	0	-8.14018e-05	-0.0170022	1.25603e-05	-0.0042555	0	0	0	0	-8.14018e-05	-0.0170022	
58.8263	1.24926e-05	-0.00424414	0	0	0	0	-8.09756e-05	-0.0169569	1.24926e-05	-0.00424414	0	0	0	0	-8.09756e-05	-0.0169569	
58.9834	1.24256e-05	-0.00423284	0	0	0	0	-8.05528e-05	-0.0169119	1.24256e-05	-0.00423284	0	0	0	0	-8.05528e-05	-0.0169119	
59.1405	1.23592e-05	-0.0042216	0	0	0	0	-8.01331e-05	-0.0168671	1.23592e-05	-0.0042216	0	0	0	0	-8.01331e-05	-0.0168671	
59.2976	1.22932e-05	-0.00421042	0	0	0	0	-7.97166e-05	-0.0168225	1.22932e-05	-0.00421042	0	0	0	0	-7.97166e-05	-0.0168225	
59.4546	1.22278e-05	-0.0041993	0	0	0	0	-7.93033e-05	-0.0167782	1.22278e-05	-0.0041993	0	0	0	0	-7.93033e-05	-0.0167782	
59.6117	1.21628e-05	-0.00418823	0	0	0	0	-7.88931e-05	-0.0167341	1.21628e-05	-0.00418823	0	0	0	0	-7.88931e-05	-0.0167341	
59.7688	1.20984e-05	-0.00417722	0	0	0	0	-7.8486e-05	-0.0166903	1.20984e-05	-0.00417722	0	0	0	0	-7.8486e-05	-0.0166903	
59.9259	1.20346e-05	-0.00416627	0	0	0	0	-7.80819e-05	-0.0166466	1.20346e-05	-0.00416627	0	0	0	0	-7.80819e-05	-0.0166466	
60.083	1.19712e-05	-0.00415538	0	0	0	0	-7.76809e-05	-0.0166032	1.19712e-05	-0.00415538	0	0	0	0	-7.76809e-05	-0.0166032	
60.24	1.19084e-05	-0.00414454	0	0	0	0	-7.72829e-05	-0.0165601	1.19084e-05	-0.00414454	0	0	0	0	-7.72829e-05	-0.0165601	
60.3971	1.1846e-05	-0.00413377	0	0	0	0	-7.68879e-05	-0.0165171	1.1846e-05	-0.00413377	0	0	0	0	-7.68879e-05	-0.0165171	
60.5542	1.17842e-05	-0.00412306	0	0	0	0	-7.64958e-05	-0.0164743	1.17842e-05	-0.00412306	0	0	0	0	-7.64958e-05	-0.0164743	
60.7113	1.17229e-05	-0.00411238	0	0	0	0	-7.61066e-05	-0.0164318	1.17229e-05	-0.00411238	0	0	0	0	-7.61066e-05	-0.0164318	
60.8684	1.16619e-05	-0.00410177	0	0	0	0	-7.57203e-05	-0.0163895	1.16619e-05	-0.00410177	0	0	0	0	-7.57203e-05	-0.0163895	
61.0254	1.16015e-05	-0.00409122	0	0	0	0	-7.53369e-05	-0.0163474	1.16015e-05	-0.00409122	0	0	0	0	-7.53369e-05	-0.0163474	
61.1825	1.15415e-05	-0.00408071	0	0	0	0	-7.49563e-05	-0.0163056	1.15415e-05	-0.00408071	0	0	0	0	-7.49563e-05	-0.0163056	
61.3396	1.14821e-05	-0.00407027	0	0	0	0	-7.45785e-05	-0.0162639	1.14821e-05	-0.00407027	0	0	0	0	-7.45785e-05	-0.0162639	
61.4967	1.14231e-05	-0.00405987	0	0	0	0	-7.42034e-05	-0.0162225	1.14231e-05	-0.00405987	0	0	0	0	-7.42034e-05	-0.0162225	
61.6538	1.13646e-05	-0.00404954	0	0	0	0	-7.38311e-05	-0.0161812	1.13646e-05	-0.00404954	0	0	0	0	-7.38311e-05	-0.0161812	
61.8108	1.13065e-05	-0.00403924	0	0	0	0	-7.34616e-05	-0.0161403	1.13065e-05	-0.00403924	0	0	0	0	-7.34616e-05	-0.0161403	
61.9679	1.12488e-05	-0.004029	0	0	0	0	-7.30947e-05	-0.0160995	1.12488e-05	-0.004029	0	0	0	0	-7.30947e-05	-0.0160995	
62.125	1.11917e-05	-0.00401881	0	0	0	0	-7.27305e-05	-0.0160588	1.11917e-05	-0.00401881	0	0	0	0	-7.27305e-05	-0.0160588	
62.2821	1.11349e-05	-0.00400869	0	0	0	0	-7.2369e-05	-0.0160184	1.11349e-05	-0.00400869	0	0	0	0	-7.2369e-05	-0.0160184	
62.4392	1.10786e-05	-0.0039986	0	0	0	0	-7.20101e-05	-0.0159782	1.10786e-05	-0.0039986	0	0	0	0	-7.20101e-05	-0.0159782	
62.5962	1.10227e-05	-0.00398857	0	0	0	0	-7.16537e-05	-0.0159382	1.10227e-05	-0.00398857	0	0	0	0	-7.16537e-05	-0.0159382	
62.7533	1.09673e-05	-0.00397859	0	0	0	0	-7.12999e-05	-0.0158984	1.09673e-05	-0.00397859	0	0	0	0	-7.12999e-05	-0.0158984	
62.9104	1.09123e-05	-0.00396865	0	0	0	0	-7.09488e-05	-0.0158588	1.09123e-05	-0.00396865	0	0	0	0	-7.09488e-05	-0.0158588	
63.0675	1.08576e-05	-0.00395875	0	0	0	0	-7.06001e-05	-0.0158195	1.08576e-05	-0.00395875	0	0	0	0	-7.06001e-05	-0.0158195	
63.2246	1.08034e-05	-0.00394893	0	0	0	0	-7.02539e-05	-0.0157802	1.08034e-05	-0.00394893	0	0	0	0	-7.02539e-05	-0.0157802	
63.3816	1.07496e-05	-0.00393914	0	0	0	0	-6.99101e-05	-0.0157412	1.07496e-05	-0.00393914	0	0	0	0	-6.99101e-05	-0.0157412	
63.5387	1.06962e-05	-0.0039294	0	0	0	0	-6.95688e-05	-0.0157023	1.06962e-05	-0.0039294	0	0	0	0	-6.95688e-05	-0.0157023	
63.6958	1.06432e-05	-0.00391972	0	0	0	0	-6.923e-05	-0.0156637	1.06432e-05	-0.00391972	0	0	0	0	-6.923e-05	-0.0156637	
63.8529	1.05906e-05	-0.00391007	0	0	0	0	-6.88935e-05	-0.0156253	1.05906e-05	-0.00391007	0	0	0	0	-6.88935e-05	-0.0156253	
64.01	1.05384e-05	-0.00390048	0	0	0	0	-6.85595e-05	-0.015587	1.05384e-05	-0.00390048	0	0	0	0	-6.85595e-05	-0.015587	
64.167	1.04866e-05	-0.00389093	0	0	0	0	-6.82278e-05	-0.015549	1.04866e-05	-0.00389093	0	0	0	0	-6.82278e-05	-0.015549	
64.3241	1.04352e-05	-0.00388144	0	0	0	0	-6.78984e-05	-0.0155111	1.04352e-05	-0.00388144	0	0	0	0	-6.78984e-05	-0.0155111	
64.4812	1.03842e-05	-0.00387198	0	0	0	0	-6.75713e-05	-0.0154734	1.03842e-05	-0.00387198	0	0	0	0	-6.75713e-05	-0.0154734	
64.6383	1.03335e-05	-0.00386258	0	0	0	0	-6.72466e-05	-0.0154358	1.03335e-05	-0.00386258	0	0	0	0	-6.72466e-05	-0.0154358	
64.7953	1.02832e-05	-0.00385321	0	0	0	0	-6.69241e-05	-0.0153985	1.02832e-05	-0.00385321	0	0	0	0	-6.69241e-05	-0.0153985	
64.9524	1.02333e-05	-0.00384389	0	0	0	0	-6.66039e-05	-0.0153614	1.02333e-05	-0.00384389	0	0	0	0	-6.66039e-05	-0.0153614	
65.1095	1.01838e-05	-0.00383463	0	0	0	0	-6.62859e-05	-0.0153244	1.01838e-05	-0.00383463	0	0	0	0	-6.62859e-05	-0.0153244	
65.2666	1.01346e-05	-0.00382539	0	0	0	0	-6.59701e-05	-0.0152876	1.01346e-05	-0.00382539	0	0	0	0	-6.59701e-05	-0.0152876	
65.4237	1.00858e-05	-0.0038162	0	0	0	0	-6.56566e-05	-0.015251	1.00858e-05	-0.0038162	0	0	0	0	-6.56566e-05	-0.015251	
65.5807	1.00373e-05	-0.00380707	0	0	0	0	-6.53451e-05	-0.0152145	1.00373e-05	-0.00380707	0	0	0	0	-6.53451e-05	-0.0152145	
65.7378	9.98922e-06	-0.00379796	0	0	0	0	-6.50359e-05	-0.0151782	9.98922e-06	-0.00379796	0	0	0	0	-6.50359e-05	-0.0151782	
65.8949	9.94142e-06	-0.00378892	0	0	0	0	-6.47287e-05	-0.0151422	9.94142e-06	-0.00378892	0	0	0	0	-6.47287e-05	-0.0151422	
66.052	9.89406e-06	-0.00377991	0	0	0	0	-6.44237e-05	-0.0151063	9.89406e-06	-0.00377991	0	0	0	0	-6.44237e-05	-0.0151063	
66.2091	9.84689e-06	-0.00377093	0	0	0	0	-6.41208e-05	-0.0150705	9.84689e-06	-0.00377093	0	0	0	0	-6.41208e-05	-0.0150705	
66.3661	9.80015e-06	-0.00376202	0	0	0	0	-6.382e-05	-0.0150349	9.80015e-06	-0.00376202	0	0	0	0	-6.382e-05	-0.0150349	
66.5232	9.75376e-06	-0.00375313	0	0	0	0	-6.35212e-05	-0.0149995	9.75376e-06	-0.00375313	0	0	0	0	-6.35212e-05	-0.0149995	
66.6803	9.70767e-06	-0.0037443	0	0	0	0	-6.32243e-05	-0.0149642	9.70767e-06	-0.0037443	0	0	0	0	-6.32243e-05	-0.0149642	
66.8374	9.66203e-06	-0.00373549	0	0	0	0	-6.29296e-05	-0.0149291	9.66203e-06	-0.00373549	0	0	0	0	-6.29296e-05	-0.0149291	
66.9945	9.61659e-06	-0.00372674	0	0	0	0	-6.26369e-05	-0.0148941	9.61659e-06	-0.00372674	0	0	0	0	-6.26369e-05	-0.0148941	
67.1515	9.57146e-06	-0.00371803	0	0	0	0	-6.23462e-05	-0.0148594	9.57146e-06	-0.00371803	0	0	0	0	-6.23462e-05	-0.0148594	
67.3086	9.52668e-06	-0.00370934	0	0	0	0	-6.20573e-05	-0.0148248	9.52668e-06	-0.00370934	0	0	0	0	-6.20573e-05	-0.0148248	
67.4657	9.48221e-06	-0.00370071	0	0	0	0	-6.17705e-05	-0.0147904	9.48221e-06	-0.00370071	0	0	0	0	-6.17705e-05	-0.0147904	
67.6228	9.43808e-06	-0.00369212	0	0	0	0	-6.14856e-05	-0.014756	9.43808e-06	-0.00369212	0	0	0	0	-6.14856e-05	-0.014756	
67.7799	9.39428e-06	-0.00368356	0	0	0	0	-6.12026e-05	-0.0147219	9.39428e-06	-0.00368356	0	0	0	0	-6.12026e-05	-0.0147219	
67.9369	9.3508e-06	-0.00367504	0	0	0	0	-6.09215e-05	-0.014688	9.3508e-06	-0.00367504	0	0	0	0	-6.09215e-05	-0.014688	
68.094	9.30753e-06	-0.00366657	0	0	0	0	-6.06423e-05	-0.0146542	9.30753e-06	-0.00366657	0	0	0	0	-6.06423e-05	-0.0146542	
68.2511	9.26473e-06	-0.00365813	0	0	0	0	-6.03649e-05	-0.0146205	9.26473e-06	-0.00365813	0	0	0	0	-6.03649e-05	-0.0146205	
68.4082	9.22213e-06	-0.00364973	0	0	0	0	-6.00894e-05	-0.014587	9.22213e-06	-0.00364973	0	0	0	0	-6.00894e-05	-0.014587	
68.5653	9.17974e-06	-0.00364136	0	0	0	0	-5.98157e-05	-0.0145537	9.17974e-06	-0.00364136	0	0	0	0	-5.98157e-05	-0.0145537	
68.7223	9.13782e-06	-0.00363305	0	0	0	0	-5.95439e-05	-0.0145205	9.13782e-06	-0.00363305	0	0	0	0	-5.95439e-05	-0.0145205	
68.8794	9.09599e-06	-0.00362476	0	0	0	0	-5.92738e-05	-0.0144874	9.09599e-06	-0.00362476	0	0	0	0	-5.92738e-05	-0.0144874	
69.0365	9.05461e-06	-0.00361652	0	0	0	0	-5.90055e-05	-0.0144545	9.05461e-06	-0.00361652	0	0	0	0	-5.90055e-05	-0.0144545	
69.1936	9.01346e-06	-0.0036083	0	0	0	0	-5.8739e-05	-0.0144218	9.01346e-06	-0.0036083	0	0	0	0	-5.8739e-05	-0.0144218	
69.3507	8.97265e-06	-0.00360013	0	0	0	0	-5.84742e-05	-0.0143892	8.97265e-06	-0.00360013	0	0	0	0	-5.84742e-05	-0.0143892	
69.5077	8.93206e-06	-0.00359199	0	0	0	0	-5.82112e-05	-0.0143567	8.93206e-06	-0.00359199	0	0	0	0	-5.82112e-05	-0.0143567	
69.6648	8.89168e-06	-0.0035839	0	0	0	0	-5.79499e-05	-0.0143244	8.89168e-06	-0.0035839	0	0	0	0	-5.79499e-05	-0.0143244	
69.8219	8.85166e-06	-0.00357583	0	0	0	0	-5.76903e-05	-0.0142923	8.85166e-06	-0.00357583	0	0	0	0	-5.76903e-05	-0.0142923	
69.979	8.81198e-06	-0.00356781	0	0	0	0	-5.74324e-05	-0.0142602	8.81198e-06	-0.00356781	0	0	0	0	-5.74324e-05	-0.0142602	
70.1361	8.77239e-06	-0.00355982	0	0	0	0	-5.71761e-05	-0.0142283	8.77239e-06	-0.00355982	0	0	0	0	-5.71761e-05	-0.0142283	
70.2931	8.73316e-06	-0.00355186	0	0	0	0	-5.69216e-05	-0.0141967	8.73316e-06	-0.00355186	0	0	0	0	-5.69216e-05	-0.0141967	
70.4502	8.69427e-06	-0.00354395	0	0	0	0	-5.66686e-05	-0.014165	8.69427e-06	-0.00354395	0	0	0	0	-5.66686e-05	-0.014165	
70.6073	8.65562e-06	-0.00353606	0	0	0	0	-5.64174e-05	-0.0141336	8.65562e-06	-0.00353606	0	0	0	0	-5.64174e-05	-0.0141336	
70.7644	8.61719e-06	-0.00352822	0	0	0	0	-5.61678e-05	-0.0141023	8.61719e-06	-0.00352822	0	0	0	0	-5.61678e-05	-0.0141023	
70.9215	8.57899e-06	-0.0035204	0	0	0	0	-5.59197e-05	-0.014071	8.57899e-06	-0.0035204	0	0	0	0	-5.59197e-05	-0.014071	
71.0785	8.54103e-06	-0.00351263	0	0	0	0	-5.56732e-05	-0.0140401	8.54103e-06	-0.00351263	0	0	0	0	-5.56732e-05	-0.0140401	
71.2356	8.50341e-06	-0.00350489	0	0	0	0	-5.54283e-05	-0.0140091	8.50341e-06	-0.00350489	0	0	0	0	-5.54283e-05	-0.0140091	
71.3927	8.46603e-06	-0.00349717	0	0	0	0	-5.5185e-05	-0.0139784	8.46603e-06	-0.00349717	0	0	0	0	-5.5185e-05	-0.0139784	
71.5498	8.42888e-06	-0.00348949	0	0	0	0	-5.49433e-05	-0.0139477	8.42888e-06	-0.00348949	0	0	0	0	-5.49433e-05	-0.0139477	
71.7069	8.39197e-06	-0.00348185	0	0	0	0	-5.47031e-05	-0.0139173	8.39197e-06	-0.00348185	0	0	0	0	-5.47031e-05	-0.0139173	
71.8639	8.3553e-06	-0.00347424	0	0	0	0	-5.44644e-05	-0.0138869	8.3553e-06	-0.00347424	0	0	0	0	-5.44644e-05	-0.0138869	
72.021	8.31885e-06	-0.00346665	0	0	0	0	-5.42272e-05	-0.0138566	8.31885e-06	-0.00346665	0	0	0	0	-5.42272e-05	-0.0138566	
72.1781	8.28265e-06	-0.00345911	0	0	0	0	-5.39915e-05	-0.0138266	8.28265e-06	-0.00345911	0	0	0	0	-5.39915e-05	-0.0138266	
72.3352	8.2468e-06	-0.0034516	0	0	0	0	-5.37573e-05	-0.0137966	8.2468e-06	-0.0034516	0	0	0	0	-5.37573e-05	-0.0137966	
72.4923	8.21108e-06	-0.00344413	0	0	0	0	-5.35247e-05	-0.0137668	8.21108e-06	-0.00344413	0	0	0	0	-5.35247e-05	-0.0137668	
72.6493	8.17559e-06	-0.00343667	0	0	0	0	-5.32934e-05	-0.013737	8.17559e-06	-0.00343667	0	0	0	0	-5.32934e-05	-0.013737	
72.8064	8.14035e-06	-0.00342926	0	0	0	0	-5.30636e-05	-0.0137074	8.14035e-06	-0.00342926	0	0	0	0	-5.30636e-05	-0.0137074	
72.9635	8.10534e-06	-0.00342188	0	0	0	0	-5.28353e-05	-0.013678	8.10534e-06	-0.00342188	0	0	0	0	-5.28353e-05	-0.013678	
73.1206	8.07059e-06	-0.00341454	0	0	0	0	-5.26083e-05	-0.0136487	8.07059e-06	-0.00341454	0	0	0	0	-5.26083e-05	-0.0136487	
73.2776	8.03606e-06	-0.00340722	0	0	0	0	-5.23829e-05	-0.0136194	8.03606e-06	-0.00340722	0	0	0	0	-5.23829e-05	-0.0136194	
73.4347	8.00168e-06	-0.00339993	0	0	0	0	-5.21587e-05	-0.0135904	8.00168e-06	-0.00339993	0	0	0	0	-5.21587e-05	-0.0135904	
73.5918	7.96766e-06	-0.00339267	0	0	0	0	-5.1936e-05	-0.0135615	7.96766e-06	-0.00339267	0	0	0	0	-5.1936e-05	-0.0135615	
73.7489	7.93375e-06	-0.00338544	0	0	0	0	-5.17147e-05	-0.0135326	7.93375e-06	-0.00338544	0	0	0	0	-5.17147e-05	-0.0135326	
73.906	7.90009e-06	-0.00337825	0	0	0	0	-5.14948e-05	-0.0135039	7.90009e-06	-0.00337825	0	0	0	0	-5.14948e-05	-0.0135039	
74.063	7.86669e-06	-0.00337108	0	0	0	0	-5.12762e-05	-0.0134753	7.86669e-06	-0.00337108	0	0	0	0	-5.12762e-05	-0.0134753	
74.2201	7.83341e-06	-0.00336394	0	0	0	0	-5.10589e-05	-0.0134468	7.83341e-06	-0.00336394	0	0	0	0	-5.10589e-05	-0.0134468	
74.3772	7.80037e-06	-0.00335685	0	0	0	0	-5.0843e-05	-0.0134185	7.80037e-06	-0.00335685	0	0	0	0	-5.0843e-05	-0.0134185	
74.5343	7.7676e-06	-0.00334977	0	0	0	0	-5.06285e-05	-0.0133902	7.7676e-06	-0.00334977	0	0	0	0	-5.06285e-05	-0.0133902	
74.6914	7.73495e-06	-0.00334273	0	0	0	0	-5.04152e-05	-0.0133621	7.73495e-06	-0.00334273	0	0	0	0	-5.04152e-05	-0.0133621	
74.8484	7.70255e-06	-0.00333572	0	0	0	0	-5.02032e-05	-0.0133341	7.70255e-06	-0.00333572	0	0	0	0	-5.02032e-05	-0.0133341	
75.0055	7.67042e-06	-0.00332872	0	0	0	0	-4.99925e-05	-0.0133062	7.67042e-06	-0.00332872	0	0	0	0	-4.99925e-05	-0.0133062	
75.1626	7.6384e-06	-0.00332177	0	0	0	0	-4.97832e-05	-0.0132785	7.6384e-06	-0.00332177	0	0	0	0	-4.97832e-05	-0.0132785	
75.3197	7.60664e-06	-0.00331484	0	0	0	0	-4.95751e-05	-0.0132508	7.60664e-06	-0.00331484	0	0	0	0	-4.95751e-05	-0.0132508	
75.4768	7.57514e-06	-0.00330794	0	0	0	0	-4.93682e-05	-0.0132233	7.57514e-06	-0.00330794	0	0	0	0	-4.93682e-05	-0.0132233	
75.6338	7.54377e-06	-0.00330107	0	0	0	0	-4.91626e-05	-0.0131959	7.54377e-06	-0.00330107	0	0	0	0	-4.91626e-05	-0.0131959	
75.7909	7.51255e-06	-0.00329423	0	0	0	0	-4.89583e-05	-0.0131686	7.51255e-06	-0.00329423	0	0	0	0	-4.89583e-05	-0.0131686	
75.948	7.48156e-06	-0.00328742	0	0	0	0	-4.87552e-05	-0.0131414	7.48156e-06	-0.00328742	0	0	0	0	-4.87552e-05	-0.0131414	
76.1051	7.45073e-06	-0.00328064	0	0	0	0	-4.85534e-05	-0.0131143	7.45073e-06	-0.00328064	0	0	0	0	-4.85534e-05	-0.0131143	
76.2622	7.42015e-06	-0.00327388	0	0	0	0	-4.83526e-05	-0.0130873	7.42015e-06	-0.00327388	0	0	0	0	-4.83526e-05	-0.0130873	
76.4192	7.38984e-06	-0.00326715	0	0	0	0	-4.81532e-05	-0.0130605	7.38984e-06	-0.00326715	0	0	0	0	-4.81532e-05	-0.0130605	
76.5763	7.35956e-06	-0.00326045	0	0	0	0	-4.79549e-05	-0.0130338	7.35956e-06	-0.00326045	0	0	0	0	-4.79549e-05	-0.0130338	
76.7334	7.32953e-06	-0.00325377	0	0	0	0	-4.77578e-05	-0.0130071	7.32953e-06	-0.00325377	0	0	0	0	-4.77578e-05	-0.0130071	
76.8905	7.2997e-06	-0.00324713	0	0	0	0	-4.75619e-05	-0.0129806	7.2997e-06	-0.00324713	0	0	0	0	-4.75619e-05	-0.0129806	
77.0476	7.27004e-06	-0.00324051	0	0	0	0	-4.73672e-05	-0.0129542	7.27004e-06	-0.00324051	0	0	0	0	-4.73672e-05	-0.0129542	
77.2046	7.24057e-06	-0.00323391	0	0	0	0	-4.71736e-05	-0.0129279	7.24057e-06	-0.00323391	0	0	0	0	-4.71736e-05	-0.0129279	
77.3617	7.21128e-06	-0.00322734	0	0	0	0	-4.69812e-05	-0.0129017	7.21128e-06	-0.00322734	0	0	0	0	-4.69812e-05	-0.0129017	
77.5188	7.18217e-06	-0.00322081	0	0	0	0	-4.67898e-05	-0.0128755	7.18217e-06	-0.00322081	0	0	0	0	-4.67898e-05	-0.0128755	
77.6759	7.15323e-06	-0.0032143	0	0	0	0	-4.65997e-05	-0.0128495	7.15323e-06	-0.0032143	0	0	0	0	-4.65997e-05	-0.0128495	
77.833	7.12448e-06	-0.00320782	0	0	0	0	-4.64107e-05	-0.0128237	7.12448e-06	-0.00320782	0	0	0	0	-4.64107e-05	-0.0128237	
77.99	7.09589e-06	-0.00320135	0	0	0	0	-4.62227e-05	-0.0127978	7.09589e-06	-0.00320135	0	0	0	0	-4.62227e-05	-0.0127978	
78.1471	7.06748e-06	-0.00319492	0	0	0	0	-4.60359e-05	-0.0127722	7.06748e-06	-0.00319492	0	0	0	0	-4.60359e-05	-0.0127722	
78.3042	7.03927e-06	-0.0031885	0	0	0	0	-4.58501e-05	-0.0127466	7.03927e-06	-0.0031885	0	0	0	0	-4.58501e-05	-0.0127466	
78.4613	7.0112e-06	-0.00318213	0	0	0	0	-4.56655e-05	-0.0127211	7.0112e-06	-0.00318213	0	0	0	0	-4.56655e-05	-0.0127211	
