-10	-0.0247259	0.000505665	-0.100137	-0.000751477	-0.0247259	0.000505665	-0.100137	-0.000751477	
-9.98	-0.0247717	0.000508539	-0.100341	-0.000758215	-0.0247717	0.000508539	-0.100341	-0.000758215	
-9.96	-0.0248177	0.000511426	-0.100546	-0.000765023	-0.0248177	0.000511426	-0.100546	-0.000765023	
-9.94	-0.0248638	0.000514326	-0.100752	-0.000771903	-0.0248638	0.000514326	-0.100752	-0.000771903	
-9.92	-0.02491	0.000517238	-0.100959	-0.000778854	-0.02491	0.000517238	-0.100959	-0.000778854	
-9.9	-0.0249564	0.000520163	-0.101167	-0.000785878	-0.0249564	0.000520163	-0.101167	-0.000785878	
-9.88	-0.0250029	0.0005231	-0.101375	-0.000792976	-0.0250029	0.0005231	-0.101375	-0.000792976	
-9.86	-0.0250496	0.00052605	-0.101585	-0.000800148	-0.0250496	0.00052605	-0.101585	-0.000800148	
-9.84	-0.0250964	0.000529011	-0.101795	-0.000807395	-0.0250964	0.000529011	-0.101795	-0.000807395	
-9.82	-0.0251434	0.000531985	-0.102006	-0.000814719	-0.0251434	0.000531985	-0.102006	-0.000814719	
-9.8	-0.0251905	0.000534971	-0.102218	-0.00082212	-0.0251905	0.000534971	-0.102218	-0.00082212	
-9.78	-0.0252378	0.000537968	-0.102431	-0.0008296	-0.0252378	0.000537968	-0.102431	-0.0008296	
-9.76	-0.0252852	0.000540977	-0.102645	-0.000837159	-0.0252852	0.000540977	-0.102645	-0.000837159	
-9.74	-0.0253328	0.000543998	-0.10286	-0.000844798	-0.0253328	0.000543998	-0.10286	-0.000844798	
-9.72	-0.0253805	0.000547029	-0.103076	-0.000852518	-0.0253805	0.000547029	-0.103076	-0.000852518	
-9.7	-0.0254284	0.000550072	-0.103292	-0.00086032	-0.0254284	0.000550072	-0.103292	-0.00086032	
-9.68	-0.0254764	0.000553125	-0.10351	-0.000868206	-0.0254764	0.000553125	-0.10351	-0.000868206	
-9.66	-0.0255246	0.000556189	-0.103728	-0.000876176	-0.0255246	0.000556189	-0.103728	-0.000876176	
-9.64	-0.0255729	0.000559263	-0.103947	-0.000884231	-0.0255729	0.000559263	-0.103947	-0.000884231	
-9.62	-0.0256214	0.000562348	-0.104167	-0.000892373	-0.0256214	0.000562348	-0.104167	-0.000892373	
-9.6	-0.02567	0.000565442	-0.104389	-0.000900602	-0.02567	0.000565442	-0.104389	-0.000900602	
-9.58	-0.0257188	0.000568547	-0.104611	-0.00090892	-0.0257188	0.000568547	-0.104611	-0.00090892	
-9.56	-0.0257677	0.00057166	-0.104834	-0.000917327	-0.0257677	0.00057166	-0.104834	-0.000917327	
-9.54	-0.0258168	0.000574783	-0.105058	-0.000925825	-0.0258168	0.000574783	-0.105058	-0.000925825	
-9.52	-0.025866	0.000577915	-0.105283	-0.000934416	-0.025866	0.000577915	-0.105283	-0.000934416	
-9.5	-0.0259154	0.000581055	-0.105509	-0.000943099	-0.0259154	0.000581055	-0.105509	-0.000943099	
-9.48	-0.025965	0.000584204	-0.105736	-0.000951877	-0.025965	0.000584204	-0.105736	-0.000951877	
-9.46	-0.0260147	0.000587361	-0.105963	-0.000960751	-0.0260147	0.000587361	-0.105963	-0.000960751	
-9.44	-0.0260645	0.000590525	-0.106192	-0.000969721	-0.0260645	0.000590525	-0.106192	-0.000969721	
-9.42	-0.0261145	0.000593697	-0.106422	-0.000978789	-0.0261145	0.000593697	-0.106422	-0.000978789	
-9.4	-0.0261647	0.000596876	-0.106653	-0.000987956	-0.0261647	0.000596876	-0.106653	-0.000987956	
-9.38	-0.026215	0.000600062	-0.106885	-0.000997224	-0.026215	0.000600062	-0.106885	-0.000997224	
-9.36	-0.0262655	0.000603254	-0.107118	-0.00100659	-0.0262655	0.000603254	-0.107118	-0.00100659	
-9.34	-0.0263162	0.000606452	-0.107352	-0.00101607	-0.0263162	0.000606452	-0.107352	-0.00101607	
-9.32	-0.026367	0.000609655	-0.107587	-0.00102564	-0.026367	0.000609655	-0.107587	-0.00102564	
-9.3	-0.0264179	0.000612864	-0.107822	-0.00103533	-0.0264179	0.000612864	-0.107822	-0.00103533	
-9.28	-0.0264691	0.000616077	-0.108059	-0.00104512	-0.0264691	0.000616077	-0.108059	-0.00104512	
-9.26	-0.0265203	0.000619295	-0.108297	-0.00105502	-0.0265203	0.000619295	-0.108297	-0.00105502	
-9.24	-0.0265718	0.000622516	-0.108537	-0.00106503	-0.0265718	0.000622516	-0.108537	-0.00106503	
-9.22	-0.0266234	0.000625741	-0.108777	-0.00107515	-0.0266234	0.000625741	-0.108777	-0.00107515	
-9.2	-0.0266752	0.000628969	-0.109018	-0.00108538	-0.0266752	0.000628969	-0.109018	-0.00108538	
-9.18	-0.0267271	0.000632199	-0.10926	-0.00109573	-0.0267271	0.000632199	-0.10926	-0.00109573	
-9.16	-0.0267792	0.000635431	-0.109504	-0.00110619	-0.0267792	0.000635431	-0.109504	-0.00110619	
-9.14	-0.0268314	0.000638664	-0.109748	-0.00111677	-0.0268314	0.000638664	-0.109748	-0.00111677	
-9.12	-0.0268838	0.000641898	-0.109993	-0.00112747	-0.0268838	0.000641898	-0.109993	-0.00112747	
-9.1	-0.0269364	0.000645133	-0.11024	-0.00113829	-0.0269364	0.000645133	-0.11024	-0.00113829	
-9.08	-0.0269891	0.000648367	-0.110488	-0.00114923	-0.0269891	0.000648367	-0.110488	-0.00114923	
-9.06	-0.027042	0.0006516	-0.110737	-0.0011603	-0.027042	0.0006516	-0.110737	-0.0011603	
-9.04	-0.0270951	0.000654831	-0.110987	-0.00117149	-0.0270951	0.000654831	-0.110987	-0.00117149	
-9.02	-0.0271483	0.000658061	-0.111238	-0.00118281	-0.0271483	0.000658061	-0.111238	-0.00118281	
-9	-0.0272017	0.000661287	-0.11149	-0.00119426	-0.0272017	0.000661287	-0.11149	-0.00119426	
-8.98	-0.0272553	0.00066451	-0.111743	-0.00120583	-0.0272553	0.00066451	-0.111743	-0.00120583	
-8.96	-0.027309	0.000667728	-0.111998	-0.00121754	-0.027309	0.000667728	-0.111998	-0.00121754	
-8.94	-0.0273629	0.000670942	-0.112254	-0.00122939	-0.0273629	0.000670942	-0.112254	-0.00122939	
-8.92	-0.0274169	0.00067415	-0.11251	-0.00124137	-0.0274169	0.00067415	-0.11251	-0.00124137	
-8.9	-0.0274711	0.000677351	-0.112769	-0.00125348	-0.0274711	0.000677351	-0.112769	-0.00125348	
-8.88	-0.0275255	0.000680545	-0.113028	-0.00126574	-0.0275255	0.000680545	-0.113028	-0.00126574	
-8.86	-0.0275801	0.00068373	-0.113288	-0.00127814	-0.0275801	0.00068373	-0.113288	-0.00127814	
-8.84	-0.0276348	0.000686907	-0.11355	-0.00129068	-0.0276348	0.000686907	-0.11355	-0.00129068	
-8.82	-0.0276897	0.000690074	-0.113813	-0.00130336	-0.0276897	0.000690074	-0.113813	-0.00130336	
-8.8	-0.0277448	0.00069323	-0.114077	-0.0013162	-0.0277448	0.00069323	-0.114077	-0.0013162	
-8.78	-0.0278	0.000696374	-0.114342	-0.00132918	-0.0278	0.000696374	-0.114342	-0.00132918	
-8.76	-0.0278554	0.000699506	-0.114608	-0.00134231	-0.0278554	0.000699506	-0.114608	-0.00134231	
-8.74	-0.027911	0.000702624	-0.114876	-0.0013556	-0.027911	0.000702624	-0.114876	-0.0013556	
-8.72	-0.0279667	0.000705727	-0.115145	-0.00136904	-0.0279667	0.000705727	-0.115145	-0.00136904	
-8.7	-0.0280226	0.000708815	-0.115415	-0.00138264	-0.0280226	0.000708815	-0.115415	-0.00138264	
-8.68	-0.0280787	0.000711886	-0.115687	-0.0013964	-0.0280787	0.000711886	-0.115687	-0.0013964	
-8.66	-0.0281349	0.000714939	-0.11596	-0.00141032	-0.0281349	0.000714939	-0.11596	-0.00141032	
-8.64	-0.0281914	0.000717973	-0.116234	-0.0014244	-0.0281914	0.000717973	-0.116234	-0.0014244	
-8.62	-0.028248	0.000720987	-0.116509	-0.00143865	-0.028248	0.000720987	-0.116509	-0.00143865	
-8.6	-0.0283047	0.00072398	-0.116786	-0.00145307	-0.0283047	0.00072398	-0.116786	-0.00145307	
-8.58	-0.0283617	0.00072695	-0.117064	-0.00146766	-0.0283617	0.00072695	-0.117064	-0.00146766	
-8.56	-0.0284188	0.000729896	-0.117343	-0.00148242	-0.0284188	0.000729896	-0.117343	-0.00148242	
-8.54	-0.0284761	0.000732818	-0.117624	-0.00149736	-0.0284761	0.000732818	-0.117624	-0.00149736	
-8.52	-0.0285335	0.000735712	-0.117906	-0.00151248	-0.0285335	0.000735712	-0.117906	-0.00151248	
-8.5	-0.0285912	0.00073858	-0.118189	-0.00152778	-0.0285912	0.00073858	-0.118189	-0.00152778	
-8.48	-0.028649	0.000741417	-0.118474	-0.00154326	-0.028649	0.000741417	-0.118474	-0.00154326	
-8.46	-0.028707	0.000744225	-0.11876	-0.00155892	-0.028707	0.000744225	-0.11876	-0.00155892	
-8.44	-0.0287652	0.000747	-0.119048	-0.00157478	-0.0287652	0.000747	-0.119048	-0.00157478	
-8.42	-0.0288235	0.000749741	-0.119337	-0.00159082	-0.0288235	0.000749741	-0.119337	-0.00159082	
-8.4	-0.028882	0.000752447	-0.119627	-0.00160706	-0.028882	0.000752447	-0.119627	-0.00160706	
-8.38	-0.0289407	0.000755117	-0.119919	-0.0016235	-0.0289407	0.000755117	-0.119919	-0.0016235	
-8.36	-0.0289996	0.000757748	-0.120212	-0.00164014	-0.0289996	0.000757748	-0.120212	-0.00164014	
-8.34	-0.0290587	0.000760339	-0.120506	-0.00165697	-0.0290587	0.000760339	-0.120506	-0.00165697	
-8.32	-0.0291179	0.000762888	-0.120802	-0.00167402	-0.0291179	0.000762888	-0.120802	-0.00167402	
-8.3	-0.0291773	0.000765393	-0.1211	-0.00169127	-0.0291773	0.000765393	-0.1211	-0.00169127	
-8.28	-0.0292369	0.000767853	-0.121398	-0.00170873	-0.0292369	0.000767853	-0.121398	-0.00170873	
-8.26	-0.0292967	0.000770266	-0.121699	-0.0017264	-0.0292967	0.000770266	-0.121699	-0.0017264	
-8.24	-0.0293567	0.000772629	-0.122001	-0.00174429	-0.0293567	0.000772629	-0.122001	-0.00174429	
-8.22	-0.0294168	0.000774941	-0.122304	-0.00176241	-0.0294168	0.000774941	-0.122304	-0.00176241	
-8.2	-0.0294771	0.0007772	-0.122609	-0.00178074	-0.0294771	0.0007772	-0.122609	-0.00178074	
-8.18	-0.0295376	0.000779404	-0.122915	-0.00179931	-0.0295376	0.000779404	-0.122915	-0.00179931	
-8.16	-0.0295983	0.00078155	-0.123223	-0.0018181	-0.0295983	0.00078155	-0.123223	-0.0018181	
-8.14	-0.0296592	0.000783636	-0.123533	-0.00183712	-0.0296592	0.000783636	-0.123533	-0.00183712	
-8.12	-0.0297203	0.000785661	-0.123844	-0.00185638	-0.0297203	0.000785661	-0.123844	-0.00185638	
-8.1	-0.0297815	0.000787622	-0.124156	-0.00187589	-0.0297815	0.000787622	-0.124156	-0.00187589	
-8.08	-0.0298429	0.000789516	-0.12447	-0.00189563	-0.0298429	0.000789516	-0.12447	-0.00189563	
-8.06	-0.0299046	0.000791341	-0.124786	-0.00191562	-0.0299046	0.000791341	-0.124786	-0.00191562	
-8.04	-0.0299664	0.000793095	-0.125103	-0.00193587	-0.0299664	0.000793095	-0.125103	-0.00193587	
-8.02	-0.0300284	0.000794775	-0.125422	-0.00195636	-0.0300284	0.000794775	-0.125422	-0.00195636	
-8	-0.0300905	0.000796379	-0.125743	-0.00197712	-0.0300905	0.000796379	-0.125743	-0.00197712	
-7.98	-0.0301529	0.000797904	-0.126065	-0.00199814	-0.0301529	0.000797904	-0.126065	-0.00199814	
-7.96	-0.0302155	0.000799348	-0.126389	-0.00201942	-0.0302155	0.000799348	-0.126389	-0.00201942	
-7.94	-0.0302782	0.000800706	-0.126714	-0.00204097	-0.0302782	0.000800706	-0.126714	-0.00204097	
-7.92	-0.0303412	0.000801978	-0.127041	-0.0020628	-0.0303412	0.000801978	-0.127041	-0.0020628	
-7.9	-0.0304043	0.000803159	-0.12737	-0.0020849	-0.0304043	0.000803159	-0.12737	-0.0020849	
-7.88	-0.0304677	0.000804247	-0.127701	-0.00210729	-0.0304677	0.000804247	-0.127701	-0.00210729	
-7.86	-0.0305312	0.00080524	-0.128033	-0.00212996	-0.0305312	0.00080524	-0.128033	-0.00212996	
-7.84	-0.0305949	0.000806132	-0.128367	-0.00215292	-0.0305949	0.000806132	-0.128367	-0.00215292	
-7.82	-0.0306589	0.000806923	-0.128703	-0.00217618	-0.0306589	0.000806923	-0.128703	-0.00217618	
-7.8	-0.030723	0.000807608	-0.12904	-0.00219974	-0.030723	0.000807608	-0.12904	-0.00219974	
-7.78	-0.0307873	0.000808184	-0.129379	-0.0022236	-0.0307873	0.000808184	-0.129379	-0.0022236	
-7.76	-0.0308518	0.000808647	-0.12972	-0.00224777	-0.0308518	0.000808647	-0.12972	-0.00224777	
-7.74	-0.0309166	0.000808995	-0.130063	-0.00227225	-0.0309166	0.000808995	-0.130063	-0.00227225	
-7.72	-0.0309815	0.000809224	-0.130408	-0.00229705	-0.0309815	0.000809224	-0.130408	-0.00229705	
-7.7	-0.0310466	0.000809329	-0.130754	-0.00232218	-0.0310466	0.000809329	-0.130754	-0.00232218	
-7.68	-0.031112	0.000809308	-0.131102	-0.00234763	-0.031112	0.000809308	-0.131102	-0.00234763	
-7.66	-0.0311775	0.000809157	-0.131453	-0.00237341	-0.0311775	0.000809157	-0.131453	-0.00237341	
-7.64	-0.0312433	0.000808871	-0.131805	-0.00239953	-0.0312433	0.000808871	-0.131805	-0.00239953	
-7.62	-0.0313092	0.000808448	-0.132158	-0.00242599	-0.0313092	0.000808448	-0.132158	-0.00242599	
-7.6	-0.0313754	0.000807882	-0.132514	-0.00245281	-0.0313754	0.000807882	-0.132514	-0.00245281	
-7.58	-0.0314418	0.00080717	-0.132872	-0.00247997	-0.0314418	0.00080717	-0.132872	-0.00247997	
-7.56	-0.0315084	0.000806307	-0.133231	-0.00250749	-0.0315084	0.000806307	-0.133231	-0.00250749	
-7.54	-0.0315752	0.00080529	-0.133593	-0.00253538	-0.0315752	0.00080529	-0.133593	-0.00253538	
-7.52	-0.0316422	0.000804114	-0.133956	-0.00256364	-0.0316422	0.000804114	-0.133956	-0.00256364	
-7.5	-0.0317095	0.000802774	-0.134322	-0.00259228	-0.0317095	0.000802774	-0.134322	-0.00259228	
-7.48	-0.031777	0.000801266	-0.134689	-0.00262129	-0.031777	0.000801266	-0.134689	-0.00262129	
-7.46	-0.0318446	0.000799586	-0.135059	-0.0026507	-0.0318446	0.000799586	-0.135059	-0.0026507	
-7.44	-0.0319126	0.000797729	-0.13543	-0.00268049	-0.0319126	0.000797729	-0.13543	-0.00268049	
-7.42	-0.0319807	0.000795689	-0.135803	-0.00271069	-0.0319807	0.000795689	-0.135803	-0.00271069	
-7.4	-0.0320491	0.000793462	-0.136179	-0.0027413	-0.0320491	0.000793462	-0.136179	-0.0027413	
-7.38	-0.0321177	0.000791043	-0.136557	-0.00277231	-0.0321177	0.000791043	-0.136557	-0.00277231	
-7.36	-0.0321865	0.000788428	-0.136936	-0.00280375	-0.0321865	0.000788428	-0.136936	-0.00280375	
-7.34	-0.0322556	0.00078561	-0.137318	-0.00283561	-0.0322556	0.00078561	-0.137318	-0.00283561	
-7.32	-0.0323249	0.000782584	-0.137702	-0.0028679	-0.0323249	0.000782584	-0.137702	-0.0028679	
-7.3	-0.0323945	0.000779346	-0.138088	-0.00290064	-0.0323945	0.000779346	-0.138088	-0.00290064	
-7.28	-0.0324643	0.000775889	-0.138476	-0.00293382	-0.0324643	0.000775889	-0.138476	-0.00293382	
-7.26	-0.0325343	0.000772208	-0.138866	-0.00296745	-0.0325343	0.000772208	-0.138866	-0.00296745	
-7.24	-0.0326046	0.000768298	-0.139259	-0.00300154	-0.0326046	0.000768298	-0.139259	-0.00300154	
-7.22	-0.0326752	0.000764152	-0.139654	-0.0030361	-0.0326752	0.000764152	-0.139654	-0.0030361	
-7.2	-0.032746	0.000759766	-0.140051	-0.00307114	-0.032746	0.000759766	-0.140051	-0.00307114	
-7.18	-0.032817	0.000755132	-0.14045	-0.00310666	-0.032817	0.000755132	-0.14045	-0.00310666	
-7.16	-0.0328884	0.000750245	-0.140851	-0.00314267	-0.0328884	0.000750245	-0.140851	-0.00314267	
-7.14	-0.03296	0.000745098	-0.141255	-0.00317918	-0.03296	0.000745098	-0.141255	-0.00317918	
-7.12	-0.0330318	0.000739686	-0.141661	-0.0032162	-0.0330318	0.000739686	-0.141661	-0.0032162	
-7.1	-0.0331039	0.000734002	-0.14207	-0.00325373	-0.0331039	0.000734002	-0.14207	-0.00325373	
-7.08	-0.0331763	0.00072804	-0.14248	-0.00329179	-0.0331763	0.00072804	-0.14248	-0.00329179	
-7.06	-0.033249	0.000721792	-0.142893	-0.00333038	-0.033249	0.000721792	-0.142893	-0.00333038	
-7.04	-0.033322	0.000715253	-0.143309	-0.00336951	-0.033322	0.000715253	-0.143309	-0.00336951	
-7.02	-0.0333952	0.000708415	-0.143727	-0.00340918	-0.0333952	0.000708415	-0.143727	-0.00340918	
-7	-0.0334688	0.000701272	-0.144147	-0.00344942	-0.0334688	0.000701272	-0.144147	-0.00344942	
-6.98	-0.0335426	0.000693817	-0.14457	-0.00349022	-0.0335426	0.000693817	-0.14457	-0.00349022	
-6.96	-0.0336167	0.000686042	-0.144995	-0.00353161	-0.0336167	0.000686042	-0.144995	-0.00353161	
-6.94	-0.0336912	0.000677941	-0.145422	-0.00357357	-0.0336912	0.000677941	-0.145422	-0.00357357	
-6.92	-0.0337659	0.000669506	-0.145853	-0.00361614	-0.0337659	0.000669506	-0.145853	-0.00361614	
-6.9	-0.033841	0.00066073	-0.146285	-0.00365931	-0.033841	0.00066073	-0.146285	-0.00365931	
-6.88	-0.0339164	0.000651605	-0.146721	-0.0037031	-0.0339164	0.000651605	-0.146721	-0.0037031	
-6.86	-0.0339921	0.000642124	-0.147158	-0.00374751	-0.0339921	0.000642124	-0.147158	-0.00374751	
-6.84	-0.0340681	0.000632279	-0.147599	-0.00379256	-0.0340681	0.000632279	-0.147599	-0.00379256	
-6.82	-0.0341445	0.000622063	-0.148042	-0.00383826	-0.0341445	0.000622063	-0.148042	-0.00383826	
-6.8	-0.0342212	0.000611467	-0.148488	-0.00388461	-0.0342212	0.000611467	-0.148488	-0.00388461	
-6.78	-0.0342983	0.000600484	-0.148936	-0.00393164	-0.0342983	0.000600484	-0.148936	-0.00393164	
-6.76	-0.0343757	0.000589105	-0.149387	-0.00397935	-0.0343757	0.000589105	-0.149387	-0.00397935	
-6.74	-0.0344535	0.000577322	-0.149841	-0.00402774	-0.0344535	0.000577322	-0.149841	-0.00402774	
-6.72	-0.0345316	0.000565128	-0.150297	-0.00407685	-0.0345316	0.000565128	-0.150297	-0.00407685	
-6.7	-0.0346101	0.000552513	-0.150756	-0.00412666	-0.0346101	0.000552513	-0.150756	-0.00412666	
-6.68	-0.034689	0.00053947	-0.151218	-0.00417721	-0.034689	0.00053947	-0.151218	-0.00417721	
-6.66	-0.0347683	0.00052599	-0.151683	-0.00422849	-0.0347683	0.00052599	-0.151683	-0.00422849	
-6.64	-0.034848	0.000512064	-0.152151	-0.00428053	-0.034848	0.000512064	-0.152151	-0.00428053	
-6.62	-0.0349281	0.000497684	-0.152621	-0.00433334	-0.0349281	0.000497684	-0.152621	-0.00433334	
-6.6	-0.0350086	0.000482841	-0.153095	-0.00438692	-0.0350086	0.000482841	-0.153095	-0.00438692	
-6.58	-0.0350895	0.000467526	-0.153571	-0.00444129	-0.0350895	0.000467526	-0.153571	-0.00444129	
-6.56	-0.0351709	0.000451731	-0.15405	-0.00449647	-0.0351709	0.000451731	-0.15405	-0.00449647	
-6.54	-0.0352526	0.000435446	-0.154533	-0.00455247	-0.0352526	0.000435446	-0.154533	-0.00455247	
-6.52	-0.0353349	0.000418662	-0.155018	-0.0046093	-0.0353349	0.000418662	-0.155018	-0.0046093	
-6.5	-0.0354175	0.000401371	-0.155506	-0.00466698	-0.0354175	0.000401371	-0.155506	-0.00466698	
-6.48	-0.0355007	0.000383563	-0.155997	-0.00472552	-0.0355007	0.000383563	-0.155997	-0.00472552	
-6.46	-0.0355843	0.000365229	-0.156492	-0.00478494	-0.0355843	0.000365229	-0.156492	-0.00478494	
-6.44	-0.0356684	0.000346359	-0.156989	-0.00484526	-0.0356684	0.000346359	-0.156989	-0.00484526	
-6.42	-0.035753	0.000326945	-0.15749	-0.00490648	-0.035753	0.000326945	-0.15749	-0.00490648	
-6.4	-0.0358381	0.000306977	-0.157994	-0.00496862	-0.0358381	0.000306977	-0.157994	-0.00496862	
-6.38	-0.0359237	0.000286445	-0.158501	-0.00503171	-0.0359237	0.000286445	-0.158501	-0.00503171	
-6.36	-0.0360098	0.000265341	-0.159011	-0.00509575	-0.0360098	0.000265341	-0.159011	-0.00509575	
-6.34	-0.0360964	0.000243654	-0.159524	-0.00516076	-0.0360964	0.000243654	-0.159524	-0.00516076	
-6.32	-0.0361836	0.000221376	-0.160041	-0.00522677	-0.0361836	0.000221376	-0.160041	-0.00522677	
-6.3	-0.0362714	0.000198496	-0.160561	-0.00529378	-0.0362714	0.000198496	-0.160561	-0.00529378	
-6.28	-0.0363597	0.000175005	-0.161085	-0.00536182	-0.0363597	0.000175005	-0.161085	-0.00536182	
-6.26	-0.0364486	0.000150893	-0.161611	-0.0054309	-0.0364486	0.000150893	-0.161611	-0.0054309	
-6.24	-0.0365382	0.000126152	-0.162142	-0.00550104	-0.0365382	0.000126152	-0.162142	-0.00550104	
-6.22	-0.0366283	0.000100771	-0.162675	-0.00557227	-0.0366283	0.000100771	-0.162675	-0.00557227	
-6.2	-0.036719	7.47397e-05	-0.163212	-0.0056446	-0.036719	7.47397e-05	-0.163212	-0.0056446	
-6.18	-0.0368104	4.80499e-05	-0.163753	-0.00571804	-0.0368104	4.80499e-05	-0.163753	-0.00571804	
-6.16	-0.0369024	2.06913e-05	-0.164297	-0.00579263	-0.0369024	2.06913e-05	-0.164297	-0.00579263	
-6.14	-0.0369951	-7.34551e-06	-0.164845	-0.00586837	-0.0369951	-7.34551e-06	-0.164845	-0.00586837	
-6.12	-0.0370884	-3.60703e-05	-0.165396	-0.0059453	-0.0370884	-3.60703e-05	-0.165396	-0.0059453	
-6.1	-0.0371825	-6.54926e-05	-0.165951	-0.00602343	-0.0371825	-6.54926e-05	-0.165951	-0.00602343	
-6.08	-0.0372772	-9.5622e-05	-0.16651	-0.00610278	-0.0372772	-9.5622e-05	-0.16651	-0.00610278	
-6.06	-0.0373727	-0.000126468	-0.167073	-0.00618338	-0.0373727	-0.000126468	-0.167073	-0.00618338	
-6.04	-0.0374689	-0.00015804	-0.167639	-0.00626525	-0.0374689	-0.00015804	-0.167639	-0.00626525	
-6.02	-0.0375659	-0.000190348	-0.168209	-0.0063484	-0.0375659	-0.000190348	-0.168209	-0.0063484	
-6	-0.0376636	-0.000223401	-0.168783	-0.00643288	-0.0376636	-0.000223401	-0.168783	-0.00643288	
-5.98	-0.0377621	-0.000257208	-0.169361	-0.00651869	-0.0377621	-0.000257208	-0.169361	-0.00651869	
-5.96	-0.0378614	-0.000291779	-0.169942	-0.00660586	-0.0378614	-0.000291779	-0.169942	-0.00660586	
-5.94	-0.0379615	-0.000327123	-0.170528	-0.00669442	-0.0379615	-0.000327123	-0.170528	-0.00669442	
-5.92	-0.0380625	-0.000363249	-0.171118	-0.0067844	-0.0380625	-0.000363249	-0.171118	-0.0067844	
-5.9	-0.0381643	-0.000400166	-0.171711	-0.00687581	-0.0381643	-0.000400166	-0.171711	-0.00687581	
-5.88	-0.038267	-0.000437884	-0.172309	-0.00696869	-0.038267	-0.000437884	-0.172309	-0.00696869	
-5.86	-0.0383706	-0.000476411	-0.172911	-0.00706307	-0.0383706	-0.000476411	-0.172911	-0.00706307	
-5.84	-0.0384751	-0.000515756	-0.173517	-0.00715896	-0.0384751	-0.000515756	-0.173517	-0.00715896	
-5.82	-0.0385806	-0.000555928	-0.174127	-0.0072564	-0.0385806	-0.000555928	-0.174127	-0.0072564	
-5.8	-0.0386869	-0.000596936	-0.174741	-0.00735541	-0.0386869	-0.000596936	-0.174741	-0.00735541	
-5.78	-0.0387943	-0.000638788	-0.17536	-0.00745604	-0.0387943	-0.000638788	-0.17536	-0.00745604	
-5.76	-0.0389026	-0.000681493	-0.175983	-0.00755829	-0.0389026	-0.000681493	-0.175983	-0.00755829	
-5.74	-0.039012	-0.000725058	-0.176611	-0.00766221	-0.039012	-0.000725058	-0.176611	-0.00766221	
-5.72	-0.0391224	-0.000769493	-0.177243	-0.00776783	-0.0391224	-0.000769493	-0.177243	-0.00776783	
-5.7	-0.0392338	-0.000814805	-0.177879	-0.00787518	-0.0392338	-0.000814805	-0.177879	-0.00787518	
-5.68	-0.0393463	-0.000861002	-0.17852	-0.00798429	-0.0393463	-0.000861002	-0.17852	-0.00798429	
-5.66	-0.0394599	-0.000908092	-0.179165	-0.00809519	-0.0394599	-0.000908092	-0.179165	-0.00809519	
-5.64	-0.0395746	-0.000956083	-0.179816	-0.00820792	-0.0395746	-0.000956083	-0.179816	-0.00820792	
-5.62	-0.0396905	-0.00100498	-0.18047	-0.00832251	-0.0396905	-0.00100498	-0.18047	-0.00832251	
-5.6	-0.0398075	-0.0010548	-0.18113	-0.008439	-0.0398075	-0.0010548	-0.18113	-0.008439	
-5.58	-0.0399257	-0.00110553	-0.181794	-0.00855741	-0.0399257	-0.00110553	-0.181794	-0.00855741	
-5.56	-0.0400451	-0.0011572	-0.182463	-0.0086778	-0.0400451	-0.0011572	-0.182463	-0.0086778	
-5.54	-0.0401658	-0.00120981	-0.183137	-0.0088002	-0.0401658	-0.00120981	-0.183137	-0.0088002	
-5.52	-0.0402877	-0.00126335	-0.183816	-0.00892463	-0.0402877	-0.00126335	-0.183816	-0.00892463	
-5.5	-0.0404109	-0.00131785	-0.1845	-0.00905115	-0.0404109	-0.00131785	-0.1845	-0.00905115	
-5.48	-0.0405354	-0.0013733	-0.185188	-0.00917979	-0.0405354	-0.0013733	-0.185188	-0.00917979	
-5.46	-0.0406612	-0.00142972	-0.185882	-0.0093106	-0.0406612	-0.00142972	-0.185882	-0.0093106	
-5.44	-0.0407884	-0.00148711	-0.186581	-0.00944361	-0.0407884	-0.00148711	-0.186581	-0.00944361	
-5.42	-0.0409169	-0.00154547	-0.187286	-0.00957886	-0.0409169	-0.00154547	-0.187286	-0.00957886	
-5.4	-0.0410469	-0.00160481	-0.187995	-0.00971641	-0.0410469	-0.00160481	-0.187995	-0.00971641	
-5.38	-0.0411783	-0.00166513	-0.18871	-0.00985629	-0.0411783	-0.00166513	-0.18871	-0.00985629	
-5.36	-0.0413112	-0.00172645	-0.18943	-0.00999854	-0.0413112	-0.00172645	-0.18943	-0.00999854	
-5.34	-0.0414455	-0.00178876	-0.190156	-0.0101432	-0.0414455	-0.00178876	-0.190156	-0.0101432	
-5.32	-0.0415814	-0.00185208	-0.190887	-0.0102904	-0.0415814	-0.00185208	-0.190887	-0.0102904	
-5.3	-0.0417188	-0.00191639	-0.191624	-0.01044	-0.0417188	-0.00191639	-0.191624	-0.01044	
-5.28	-0.0418578	-0.00198172	-0.192366	-0.0105923	-0.0418578	-0.00198172	-0.192366	-0.0105923	
-5.26	-0.0419984	-0.00204807	-0.193114	-0.0107471	-0.0419984	-0.00204807	-0.193114	-0.0107471	
-5.24	-0.0421406	-0.00211543	-0.193868	-0.0109046	-0.0421406	-0.00211543	-0.193868	-0.0109046	
-5.22	-0.0422845	-0.00218381	-0.194627	-0.0110649	-0.0422845	-0.00218381	-0.194627	-0.0110649	
-5.2	-0.04243	-0.00225322	-0.195393	-0.0112279	-0.04243	-0.00225322	-0.195393	-0.0112279	
-5.18	-0.0425772	-0.00232366	-0.196164	-0.0113937	-0.0425772	-0.00232366	-0.196164	-0.0113937	
-5.16	-0.0427262	-0.00239514	-0.196942	-0.0115624	-0.0427262	-0.00239514	-0.196942	-0.0115624	
-5.14	-0.042877	-0.00246764	-0.197725	-0.0117341	-0.042877	-0.00246764	-0.197725	-0.0117341	
-5.12	-0.0430295	-0.00254119	-0.198515	-0.0119088	-0.0430295	-0.00254119	-0.198515	-0.0119088	
-5.1	-0.0431839	-0.00261578	-0.19931	-0.0120865	-0.0431839	-0.00261578	-0.19931	-0.0120865	
-5.08	-0.0433402	-0.00269142	-0.200113	-0.0122673	-0.0433402	-0.00269142	-0.200113	-0.0122673	
-5.06	-0.0434983	-0.0027681	-0.200921	-0.0124513	-0.0434983	-0.0027681	-0.200921	-0.0124513	
-5.04	-0.0436584	-0.00284583	-0.201736	-0.0126385	-0.0436584	-0.00284583	-0.201736	-0.0126385	
-5.02	-0.0438204	-0.00292461	-0.202557	-0.0128291	-0.0438204	-0.00292461	-0.202557	-0.0128291	
-5	-0.0439843	-0.00300444	-0.203386	-0.013023	-0.0439843	-0.00300444	-0.203386	-0.013023	
-4.98	-0.0441503	-0.00308533	-0.20422	-0.0132203	-0.0441503	-0.00308533	-0.20422	-0.0132203	
-4.96	-0.0443184	-0.00316727	-0.205062	-0.0134212	-0.0443184	-0.00316727	-0.205062	-0.0134212	
-4.94	-0.0444885	-0.00325028	-0.20591	-0.0136256	-0.0444885	-0.00325028	-0.20591	-0.0136256	
-4.92	-0.0446607	-0.00333434	-0.206765	-0.0138336	-0.0446607	-0.00333434	-0.206765	-0.0138336	
-4.9	-0.0448351	-0.00341946	-0.207628	-0.0140454	-0.0448351	-0.00341946	-0.207628	-0.0140454	
-4.88	-0.0450116	-0.00350564	-0.208497	-0.014261	-0.0450116	-0.00350564	-0.208497	-0.014261	
-4.86	-0.0451903	-0.00359288	-0.209373	-0.0144805	-0.0451903	-0.00359288	-0.209373	-0.0144805	
-4.84	-0.0453713	-0.00368118	-0.210257	-0.0147038	-0.0453713	-0.00368118	-0.210257	-0.0147038	
-4.82	-0.0455545	-0.00377055	-0.211148	-0.0149313	-0.0455545	-0.00377055	-0.211148	-0.0149313	
-4.8	-0.04574	-0.00386098	-0.212047	-0.0151628	-0.04574	-0.00386098	-0.212047	-0.0151628	
-4.78	-0.0459279	-0.00395248	-0.212953	-0.0153985	-0.0459279	-0.00395248	-0.212953	-0.0153985	
-4.76	-0.0461182	-0.00404503	-0.213866	-0.0156385	-0.0461182	-0.00404503	-0.213866	-0.0156385	
-4.74	-0.0463108	-0.00413865	-0.214788	-0.0158829	-0.0463108	-0.00413865	-0.214788	-0.0158829	
-4.72	-0.0465059	-0.00423334	-0.215717	-0.0161317	-0.0465059	-0.00423334	-0.215717	-0.0161317	
-4.7	-0.0467034	-0.00432909	-0.216654	-0.016385	-0.0467034	-0.00432909	-0.216654	-0.016385	
-4.68	-0.0469034	-0.0044259	-0.217599	-0.016643	-0.0469034	-0.0044259	-0.217599	-0.016643	
-4.66	-0.047106	-0.00452378	-0.218552	-0.0169057	-0.047106	-0.00452378	-0.218552	-0.0169057	
-4.64	-0.0473112	-0.00462272	-0.219513	-0.0171732	-0.0473112	-0.00462272	-0.219513	-0.0171732	
-4.62	-0.0475189	-0.00472272	-0.220483	-0.0174457	-0.0475189	-0.00472272	-0.220483	-0.0174457	
-4.6	-0.0477293	-0.00482379	-0.221461	-0.0177231	-0.0477293	-0.00482379	-0.221461	-0.0177231	
-4.58	-0.0479424	-0.00492592	-0.222447	-0.0180057	-0.0479424	-0.00492592	-0.222447	-0.0180057	
-4.56	-0.0481582	-0.00502911	-0.223442	-0.0182936	-0.0481582	-0.00502911	-0.223442	-0.0182936	
-4.54	-0.0483768	-0.00513336	-0.224446	-0.0185868	-0.0483768	-0.00513336	-0.224446	-0.0185868	
-4.52	-0.0485981	-0.00523868	-0.225459	-0.0188854	-0.0485981	-0.00523868	-0.225459	-0.0188854	
-4.5	-0.0488222	-0.00534506	-0.22648	-0.0191896	-0.0488222	-0.00534506	-0.22648	-0.0191896	
-4.48	-0.0490492	-0.0054525	-0.227511	-0.0194995	-0.0490492	-0.0054525	-0.227511	-0.0194995	
-4.46	-0.0492791	-0.005561	-0.228551	-0.0198151	-0.0492791	-0.005561	-0.228551	-0.0198151	
-4.44	-0.049512	-0.00567056	-0.2296	-0.0201367	-0.049512	-0.00567056	-0.2296	-0.0201367	
-4.42	-0.0497478	-0.00578118	-0.230658	-0.0204644	-0.0497478	-0.00578118	-0.230658	-0.0204644	
-4.4	-0.0499866	-0.00589286	-0.231726	-0.0207982	-0.0499866	-0.00589286	-0.231726	-0.0207982	
-4.38	-0.0502284	-0.00600561	-0.232804	-0.0211383	-0.0502284	-0.00600561	-0.232804	-0.0211383	
-4.36	-0.0504733	-0.00611942	-0.233891	-0.0214849	-0.0504733	-0.00611942	-0.233891	-0.0214849	
-4.34	-0.0507214	-0.00623429	-0.234988	-0.021838	-0.0507214	-0.00623429	-0.234988	-0.021838	
-4.32	-0.0509725	-0.00635022	-0.236096	-0.0221978	-0.0509725	-0.00635022	-0.236096	-0.0221978	
-4.3	-0.0512269	-0.00646721	-0.237213	-0.0225645	-0.0512269	-0.00646721	-0.237213	-0.0225645	
-4.28	-0.0514846	-0.00658527	-0.238341	-0.0229381	-0.0514846	-0.00658527	-0.238341	-0.0229381	
-4.26	-0.0517455	-0.0067044	-0.239479	-0.0233189	-0.0517455	-0.0067044	-0.239479	-0.0233189	
-4.24	-0.0520097	-0.00682459	-0.240627	-0.023707	-0.0520097	-0.00682459	-0.240627	-0.023707	
-4.22	-0.0522773	-0.00694585	-0.241786	-0.0241026	-0.0522773	-0.00694585	-0.241786	-0.0241026	
-4.2	-0.0525482	-0.00706818	-0.242956	-0.0245057	-0.0525482	-0.00706818	-0.242956	-0.0245057	
-4.18	-0.0528226	-0.00719157	-0.244137	-0.0249166	-0.0528226	-0.00719157	-0.244137	-0.0249166	
-4.16	-0.0531005	-0.00731605	-0.245329	-0.0253355	-0.0531005	-0.00731605	-0.245329	-0.0253355	
-4.14	-0.0533819	-0.0074416	-0.246533	-0.0257625	-0.0533819	-0.0074416	-0.246533	-0.0257625	
-4.12	-0.0536668	-0.00756822	-0.247747	-0.0261977	-0.0536668	-0.00756822	-0.247747	-0.0261977	
-4.1	-0.0539554	-0.00769593	-0.248974	-0.0266414	-0.0539554	-0.00769593	-0.248974	-0.0266414	
-4.08	-0.0542476	-0.00782472	-0.250211	-0.0270938	-0.0542476	-0.00782472	-0.250211	-0.0270938	
-4.06	-0.0545435	-0.00795461	-0.251461	-0.027555	-0.0545435	-0.00795461	-0.251461	-0.027555	
-4.04	-0.0548431	-0.00808558	-0.252723	-0.0280252	-0.0548431	-0.00808558	-0.252723	-0.0280252	
-4.02	-0.0551465	-0.00821765	-0.253996	-0.0285047	-0.0551465	-0.00821765	-0.253996	-0.0285047	
-4	-0.0554537	-0.00835082	-0.255282	-0.0289935	-0.0554537	-0.00835082	-0.255282	-0.0289935	
-3.98	-0.0557648	-0.0084851	-0.256581	-0.029492	-0.0557648	-0.0084851	-0.256581	-0.029492	
-3.96	-0.0560798	-0.00862049	-0.257892	-0.0300004	-0.0560798	-0.00862049	-0.257892	-0.0300004	
-3.94	-0.0563988	-0.00875699	-0.259216	-0.0305188	-0.0563988	-0.00875699	-0.259216	-0.0305188	
-3.92	-0.0567218	-0.00889462	-0.260552	-0.0310475	-0.0567218	-0.00889462	-0.260552	-0.0310475	
-3.9	-0.0570488	-0.00903339	-0.261902	-0.0315866	-0.0570488	-0.00903339	-0.261902	-0.0315866	
-3.88	-0.0573799	-0.00917328	-0.263265	-0.0321366	-0.0573799	-0.00917328	-0.263265	-0.0321366	
-3.86	-0.0577152	-0.00931433	-0.264642	-0.0326975	-0.0577152	-0.00931433	-0.264642	-0.0326975	
-3.84	-0.0580546	-0.00945653	-0.266032	-0.0332696	-0.0580546	-0.00945653	-0.266032	-0.0332696	
-3.82	-0.0583984	-0.00959989	-0.267436	-0.0338532	-0.0583984	-0.00959989	-0.267436	-0.0338532	
-3.8	-0.0587464	-0.00974443	-0.268853	-0.0344486	-0.0587464	-0.00974443	-0.268853	-0.0344486	
-3.78	-0.0590987	-0.00989015	-0.270285	-0.0350559	-0.0590987	-0.00989015	-0.270285	-0.0350559	
-3.76	-0.0594555	-0.0100371	-0.271731	-0.0356755	-0.0594555	-0.0100371	-0.271731	-0.0356755	
-3.74	-0.0598167	-0.0101852	-0.273192	-0.0363077	-0.0598167	-0.0101852	-0.273192	-0.0363077	
-3.72	-0.0601824	-0.0103345	-0.274668	-0.0369526	-0.0601824	-0.0103345	-0.274668	-0.0369526	
-3.7	-0.0605527	-0.0104851	-0.276158	-0.0376107	-0.0605527	-0.0104851	-0.276158	-0.0376107	
-3.68	-0.0609276	-0.0106369	-0.277663	-0.0382822	-0.0609276	-0.0106369	-0.277663	-0.0382822	
-3.66	-0.0613072	-0.01079	-0.279183	-0.0389675	-0.0613072	-0.01079	-0.279183	-0.0389675	
-3.64	-0.0616915	-0.0109443	-0.280719	-0.0396668	-0.0616915	-0.0109443	-0.280719	-0.0396668	
-3.62	-0.0620806	-0.0110999	-0.282271	-0.0403804	-0.0620806	-0.0110999	-0.282271	-0.0403804	
-3.6	-0.0624745	-0.0112569	-0.283838	-0.0411087	-0.0624745	-0.0112569	-0.283838	-0.0411087	
-3.58	-0.0628734	-0.0114151	-0.285421	-0.0418521	-0.0628734	-0.0114151	-0.285421	-0.0418521	
-3.56	-0.0632772	-0.0115747	-0.28702	-0.0426108	-0.0632772	-0.0115747	-0.28702	-0.0426108	
-3.54	-0.063686	-0.0117357	-0.288636	-0.0433853	-0.063686	-0.0117357	-0.288636	-0.0433853	
-3.52	-0.0640999	-0.0118981	-0.290269	-0.0441759	-0.0640999	-0.0118981	-0.290269	-0.0441759	
-3.5	-0.064519	-0.0120618	-0.291918	-0.044983	-0.064519	-0.0120618	-0.291918	-0.044983	
-3.48	-0.0649433	-0.012227	-0.293584	-0.0458069	-0.0649433	-0.012227	-0.293584	-0.0458069	
-3.46	-0.0653728	-0.0123936	-0.295267	-0.0466481	-0.0653728	-0.0123936	-0.295267	-0.0466481	
-3.44	-0.0658077	-0.0125617	-0.296968	-0.047507	-0.0658077	-0.0125617	-0.296968	-0.047507	
-3.42	-0.0662481	-0.0127314	-0.298686	-0.0483839	-0.0662481	-0.0127314	-0.298686	-0.0483839	
-3.4	-0.0666939	-0.0129025	-0.300422	-0.0492794	-0.0666939	-0.0129025	-0.300422	-0.0492794	
-3.38	-0.0671452	-0.0130752	-0.302176	-0.0501938	-0.0671452	-0.0130752	-0.302176	-0.0501938	
-3.36	-0.0676022	-0.0132495	-0.303948	-0.0511276	-0.0676022	-0.0132495	-0.303948	-0.0511276	
-3.34	-0.0680649	-0.0134254	-0.305738	-0.0520813	-0.0680649	-0.0134254	-0.305738	-0.0520813	
-3.32	-0.0685333	-0.013603	-0.307548	-0.0530553	-0.0685333	-0.013603	-0.307548	-0.0530553	
-3.3	-0.0690076	-0.0137822	-0.309375	-0.0540502	-0.0690076	-0.0137822	-0.309375	-0.0540502	
-3.28	-0.0694879	-0.0139632	-0.311222	-0.0550664	-0.0694879	-0.0139632	-0.311222	-0.0550664	
-3.26	-0.0699741	-0.0141459	-0.313089	-0.0561045	-0.0699741	-0.0141459	-0.313089	-0.0561045	
-3.24	-0.0704664	-0.0143305	-0.314974	-0.057165	-0.0704664	-0.0143305	-0.314974	-0.057165	
-3.22	-0.0709648	-0.0145169	-0.316879	-0.0582484	-0.0709648	-0.0145169	-0.316879	-0.0582484	
-3.2	-0.0714696	-0.0147051	-0.318804	-0.0593552	-0.0714696	-0.0147051	-0.318804	-0.0593552	
-3.18	-0.0719806	-0.0148953	-0.320749	-0.0604862	-0.0719806	-0.0148953	-0.320749	-0.0604862	
-3.16	-0.0724981	-0.0150875	-0.322714	-0.0616418	-0.0724981	-0.0150875	-0.322714	-0.0616418	
-3.14	-0.073022	-0.0152817	-0.3247	-0.0628226	-0.073022	-0.0152817	-0.3247	-0.0628226	
-3.12	-0.0735526	-0.015478	-0.326706	-0.0640294	-0.0735526	-0.015478	-0.326706	-0.0640294	
-3.1	-0.0740898	-0.0156764	-0.328733	-0.0652626	-0.0740898	-0.0156764	-0.328733	-0.0652626	
-3.08	-0.0746339	-0.015877	-0.33078	-0.0665231	-0.0746339	-0.015877	-0.33078	-0.0665231	
-3.06	-0.0751848	-0.0160799	-0.332849	-0.0678114	-0.0751848	-0.0160799	-0.332849	-0.0678114	
-3.04	-0.0757427	-0.016285	-0.33494	-0.0691282	-0.0757427	-0.016285	-0.33494	-0.0691282	
-3.02	-0.0763076	-0.0164926	-0.337052	-0.0704743	-0.0763076	-0.0164926	-0.337052	-0.0704743	
-3	-0.0768798	-0.0167025	-0.339185	-0.0718505	-0.0768798	-0.0167025	-0.339185	-0.0718505	
-2.98	-0.0774592	-0.016915	-0.34134	-0.0732573	-0.0774592	-0.016915	-0.34134	-0.0732573	
-2.96	-0.078046	-0.01713	-0.343518	-0.0746957	-0.078046	-0.01713	-0.343518	-0.0746957	
-2.94	-0.0786403	-0.0173477	-0.345717	-0.0761665	-0.0786403	-0.0173477	-0.345717	-0.0761665	
-2.92	-0.0792423	-0.0175682	-0.347939	-0.0776703	-0.0792423	-0.0175682	-0.347939	-0.0776703	
-2.9	-0.0798519	-0.0177914	-0.350183	-0.0792082	-0.0798519	-0.0177914	-0.350183	-0.0792082	
-2.88	-0.0804694	-0.0180175	-0.35245	-0.0807809	-0.0804694	-0.0180175	-0.35245	-0.0807809	
-2.86	-0.0810949	-0.0182467	-0.35474	-0.0823893	-0.0810949	-0.0182467	-0.35474	-0.0823893	
-2.84	-0.0817284	-0.0184788	-0.357052	-0.0840344	-0.0817284	-0.0184788	-0.357052	-0.0840344	
-2.82	-0.0823702	-0.0187142	-0.359387	-0.085717	-0.0823702	-0.0187142	-0.359387	-0.085717	
-2.8	-0.0830203	-0.0189529	-0.361745	-0.0874382	-0.0830203	-0.0189529	-0.361745	-0.0874382	
-2.78	-0.0836788	-0.0191949	-0.364127	-0.0891989	-0.0836788	-0.0191949	-0.364127	-0.0891989	
-2.76	-0.084346	-0.0194404	-0.366532	-0.0910002	-0.084346	-0.0194404	-0.366532	-0.0910002	
-2.74	-0.0850219	-0.0196895	-0.368959	-0.0928431	-0.0850219	-0.0196895	-0.368959	-0.0928431	
-2.72	-0.0857067	-0.0199423	-0.371411	-0.0947286	-0.0857067	-0.0199423	-0.371411	-0.0947286	
-2.7	-0.0864006	-0.020199	-0.373885	-0.0966579	-0.0864006	-0.020199	-0.373885	-0.0966579	
-2.68	-0.0871036	-0.0204596	-0.376383	-0.0986321	-0.0871036	-0.0204596	-0.376383	-0.0986321	
-2.66	-0.087816	-0.0207243	-0.378904	-0.100652	-0.087816	-0.0207243	-0.378904	-0.100652	
-2.64	-0.0885378	-0.0209933	-0.381448	-0.10272	-0.0885378	-0.0209933	-0.381448	-0.10272	
-2.62	-0.0892693	-0.0212667	-0.384016	-0.104836	-0.0892693	-0.0212667	-0.384016	-0.104836	
-2.6	-0.0900107	-0.0215446	-0.386607	-0.107002	-0.0900107	-0.0215446	-0.386607	-0.107002	
-2.58	-0.090762	-0.0218272	-0.389221	-0.109218	-0.090762	-0.0218272	-0.389221	-0.109218	
-2.56	-0.0915235	-0.0221146	-0.391858	-0.111487	-0.0915235	-0.0221146	-0.391858	-0.111487	
-2.54	-0.0922953	-0.0224071	-0.394518	-0.11381	-0.0922953	-0.0224071	-0.394518	-0.11381	
-2.52	-0.0930776	-0.0227048	-0.397201	-0.116188	-0.0930776	-0.0227048	-0.397201	-0.116188	
-2.5	-0.0938707	-0.0230079	-0.399907	-0.118623	-0.0938707	-0.0230079	-0.399907	-0.118623	
-2.48	-0.0946747	-0.0233165	-0.402634	-0.121115	-0.0946747	-0.0233165	-0.402634	-0.121115	
-2.46	-0.0954897	-0.023631	-0.405384	-0.123667	-0.0954897	-0.023631	-0.405384	-0.123667	
-2.44	-0.0963161	-0.0239515	-0.408156	-0.12628	-0.0963161	-0.0239515	-0.408156	-0.12628	
-2.42	-0.097154	-0.0242782	-0.410949	-0.128956	-0.097154	-0.0242782	-0.410949	-0.128956	
-2.4	-0.0980037	-0.0246113	-0.413763	-0.131696	-0.0980037	-0.0246113	-0.413763	-0.131696	
-2.38	-0.0988653	-0.0249511	-0.416598	-0.134502	-0.0988653	-0.0249511	-0.416598	-0.134502	
-2.36	-0.099739	-0.0252979	-0.419453	-0.137375	-0.099739	-0.0252979	-0.419453	-0.137375	
-2.34	-0.100625	-0.0256518	-0.422328	-0.140318	-0.100625	-0.0256518	-0.422328	-0.140318	
-2.32	-0.101524	-0.0260133	-0.425223	-0.143332	-0.101524	-0.0260133	-0.425223	-0.143332	
-2.3	-0.102436	-0.0263825	-0.428136	-0.146419	-0.102436	-0.0263825	-0.428136	-0.146419	
-2.28	-0.103361	-0.0267597	-0.431067	-0.149581	-0.103361	-0.0267597	-0.431067	-0.149581	
-2.26	-0.104299	-0.0271453	-0.434016	-0.15282	-0.104299	-0.0271453	-0.434016	-0.15282	
-2.24	-0.105251	-0.0275395	-0.436981	-0.156137	-0.105251	-0.0275395	-0.436981	-0.156137	
-2.22	-0.106217	-0.0279428	-0.439962	-0.159535	-0.106217	-0.0279428	-0.439962	-0.159535	
-2.2	-0.107197	-0.0283554	-0.442958	-0.163016	-0.107197	-0.0283554	-0.442958	-0.163016	
-2.18	-0.108192	-0.0287777	-0.445968	-0.166582	-0.108192	-0.0287777	-0.445968	-0.166582	
-2.16	-0.109202	-0.0292102	-0.448991	-0.170234	-0.109202	-0.0292102	-0.448991	-0.170234	
-2.14	-0.110226	-0.0296532	-0.452026	-0.173976	-0.110226	-0.0296532	-0.452026	-0.173976	
-2.12	-0.111267	-0.0301071	-0.455072	-0.177809	-0.111267	-0.0301071	-0.455072	-0.177809	
-2.1	-0.112323	-0.0305723	-0.458127	-0.181735	-0.112323	-0.0305723	-0.458127	-0.181735	
-2.08	-0.113395	-0.0310494	-0.461191	-0.185757	-0.113395	-0.0310494	-0.461191	-0.185757	
-2.06	-0.114483	-0.0315387	-0.464261	-0.189878	-0.114483	-0.0315387	-0.464261	-0.189878	
-2.04	-0.115589	-0.0320409	-0.467336	-0.194099	-0.115589	-0.0320409	-0.467336	-0.194099	
-2.02	-0.116712	-0.0325563	-0.470414	-0.198422	-0.116712	-0.0325563	-0.470414	-0.198422	
-2	-0.117852	-0.0330856	-0.473495	-0.202851	-0.117852	-0.0330856	-0.473495	-0.202851	
-1.98	-0.11901	-0.0336293	-0.476575	-0.207387	-0.11901	-0.0336293	-0.476575	-0.207387	
-1.96	-0.120186	-0.0341881	-0.479653	-0.212034	-0.120186	-0.0341881	-0.479653	-0.212034	
-1.94	-0.121382	-0.0347625	-0.482728	-0.216793	-0.121382	-0.0347625	-0.482728	-0.216793	
-1.92	-0.122596	-0.0353531	-0.485795	-0.221668	-0.122596	-0.0353531	-0.485795	-0.221668	
-1.9	-0.12383	-0.0359608	-0.488854	-0.22666	-0.12383	-0.0359608	-0.488854	-0.22666	
-1.88	-0.125084	-0.0365862	-0.491902	-0.231773	-0.125084	-0.0365862	-0.491902	-0.231773	
-1.86	-0.126358	-0.03723	-0.494936	-0.237008	-0.126358	-0.03723	-0.494936	-0.237008	
-1.84	-0.127654	-0.037893	-0.497953	-0.242369	-0.127654	-0.037893	-0.497953	-0.242369	
-1.82	-0.12897	-0.0385762	-0.500951	-0.247857	-0.12897	-0.0385762	-0.500951	-0.247857	
-1.8	-0.130309	-0.0392802	-0.503926	-0.253477	-0.130309	-0.0392802	-0.503926	-0.253477	
-1.78	-0.13167	-0.0400061	-0.506875	-0.259229	-0.13167	-0.0400061	-0.506875	-0.259229	
-1.76	-0.133054	-0.0407548	-0.509794	-0.265117	-0.133054	-0.0407548	-0.509794	-0.265117	
-1.74	-0.134462	-0.0415273	-0.512681	-0.271143	-0.134462	-0.0415273	-0.512681	-0.271143	
-1.72	-0.135893	-0.0423247	-0.515531	-0.27731	-0.135893	-0.0423247	-0.515531	-0.27731	
-1.7	-0.137349	-0.043148	-0.51834	-0.28362	-0.137349	-0.043148	-0.51834	-0.28362	
-1.68	-0.138829	-0.0439985	-0.521103	-0.290076	-0.138829	-0.0439985	-0.521103	-0.290076	
-1.66	-0.140336	-0.0448772	-0.523818	-0.296679	-0.140336	-0.0448772	-0.523818	-0.296679	
-1.64	-0.141868	-0.0457857	-0.526478	-0.303433	-0.141868	-0.0457857	-0.526478	-0.303433	
-1.62	-0.143428	-0.0467251	-0.52908	-0.310339	-0.143428	-0.0467251	-0.52908	-0.310339	
-1.6	-0.145014	-0.0476969	-0.531617	-0.317399	-0.145014	-0.0476969	-0.531617	-0.317399	
-1.58	-0.146629	-0.0487027	-0.534086	-0.324616	-0.146629	-0.0487027	-0.534086	-0.324616	
-1.56	-0.148272	-0.0497439	-0.53648	-0.331991	-0.148272	-0.0497439	-0.53648	-0.331991	
-1.54	-0.149944	-0.0508223	-0.538794	-0.339526	-0.149944	-0.0508223	-0.538794	-0.339526	
-1.52	-0.151646	-0.0519397	-0.541021	-0.347223	-0.151646	-0.0519397	-0.541021	-0.347223	
-1.5	-0.153378	-0.0530977	-0.543156	-0.355084	-0.153378	-0.0530977	-0.543156	-0.355084	
-1.48	-0.155142	-0.0542985	-0.545193	-0.363108	-0.155142	-0.0542985	-0.545193	-0.363108	
-1.46	-0.156937	-0.0555441	-0.547124	-0.371299	-0.156937	-0.0555441	-0.547124	-0.371299	
-1.44	-0.158764	-0.0568366	-0.548943	-0.379656	-0.158764	-0.0568366	-0.548943	-0.379656	
-1.42	-0.160624	-0.0581783	-0.550642	-0.38818	-0.160624	-0.0581783	-0.550642	-0.38818	
-1.4	-0.162517	-0.0595717	-0.552215	-0.396871	-0.162517	-0.0595717	-0.552215	-0.396871	
-1.38	-0.164444	-0.0610194	-0.553653	-0.40573	-0.164444	-0.0610194	-0.553653	-0.40573	
-1.36	-0.166406	-0.0625239	-0.55495	-0.414757	-0.166406	-0.0625239	-0.55495	-0.414757	
-1.34	-0.168403	-0.0640882	-0.556097	-0.423951	-0.168403	-0.0640882	-0.556097	-0.423951	
-1.32	-0.170436	-0.0657154	-0.557085	-0.433311	-0.170436	-0.0657154	-0.557085	-0.433311	
-1.3	-0.172505	-0.0674085	-0.557907	-0.442836	-0.172505	-0.0674085	-0.557907	-0.442836	
-1.28	-0.17461	-0.069171	-0.558554	-0.452525	-0.17461	-0.069171	-0.558554	-0.452525	
-1.26	-0.176752	-0.0710065	-0.559018	-0.462376	-0.176752	-0.0710065	-0.559018	-0.462376	
-1.24	-0.178931	-0.0729188	-0.559288	-0.472386	-0.178931	-0.0729188	-0.559288	-0.472386	
-1.22	-0.181148	-0.0749119	-0.559357	-0.482552	-0.181148	-0.0749119	-0.559357	-0.482552	
-1.2	-0.183403	-0.0769899	-0.559215	-0.492872	-0.183403	-0.0769899	-0.559215	-0.492872	
-1.18	-0.185695	-0.0791575	-0.558853	-0.503342	-0.185695	-0.0791575	-0.558853	-0.503342	
-1.16	-0.188025	-0.0814195	-0.558262	-0.513956	-0.188025	-0.0814195	-0.558262	-0.513956	
-1.14	-0.190392	-0.0837808	-0.557432	-0.524712	-0.190392	-0.0837808	-0.557432	-0.524712	
-1.12	-0.192797	-0.0862467	-0.556353	-0.535603	-0.192797	-0.0862467	-0.556353	-0.535603	
-1.1	-0.195238	-0.0888231	-0.555018	-0.546623	-0.195238	-0.0888231	-0.555018	-0.546623	
-1.08	-0.197716	-0.0915159	-0.553415	-0.557767	-0.197716	-0.0915159	-0.553415	-0.557767	
-1.06	-0.200228	-0.0943314	-0.551537	-0.569026	-0.200228	-0.0943314	-0.551537	-0.569026	
-1.04	-0.202775	-0.0972764	-0.549373	-0.580394	-0.202775	-0.0972764	-0.549373	-0.580394	
-1.02	-0.205354	-0.100358	-0.546915	-0.591862	-0.205354	-0.100358	-0.546915	-0.591862	
-1	-0.207964	-0.103584	-0.544154	-0.603421	-0.207964	-0.103584	-0.544154	-0.603421	
-0.98	-0.210602	-0.106962	-0.541082	-0.615062	-0.210602	-0.106962	-0.541082	-0.615062	
-0.96	-0.213266	-0.1105	-0.537691	-0.626774	-0.213266	-0.1105	-0.537691	-0.626774	
-0.94	-0.215953	-0.114208	-0.533972	-0.638547	-0.215953	-0.114208	-0.533972	-0.638547	
-0.92	-0.218659	-0.118094	-0.529917	-0.65037	-0.218659	-0.118094	-0.529917	-0.65037	
-0.9	-0.221381	-0.12217	-0.525521	-0.66223	-0.221381	-0.12217	-0.525521	-0.66223	
-0.88	-0.224112	-0.126444	-0.520776	-0.674116	-0.224112	-0.126444	-0.520776	-0.674116	
-0.86	-0.226848	-0.130928	-0.515676	-0.686013	-0.226848	-0.130928	-0.515676	-0.686013	
-0.84	-0.229581	-0.135634	-0.510216	-0.697908	-0.229581	-0.135634	-0.510216	-0.697908	
-0.82	-0.232304	-0.140573	-0.50439	-0.709787	-0.232304	-0.140573	-0.50439	-0.709787	
-0.8	-0.235008	-0.145758	-0.498195	-0.721636	-0.235008	-0.145758	-0.498195	-0.721636	
-0.78	-0.237684	-0.151201	-0.491628	-0.733438	-0.237684	-0.151201	-0.491628	-0.733438	
-0.76	-0.240319	-0.156917	-0.484684	-0.745179	-0.240319	-0.156917	-0.484684	-0.745179	
-0.74	-0.242901	-0.162918	-0.477363	-0.756843	-0.242901	-0.162918	-0.477363	-0.756843	
-0.72	-0.245416	-0.169219	-0.469663	-0.768414	-0.245416	-0.169219	-0.469663	-0.768414	
-0.7	-0.247845	-0.175835	-0.461584	-0.779874	-0.247845	-0.175835	-0.461584	-0.779874	
-0.68	-0.250171	-0.182779	-0.453127	-0.791207	-0.250171	-0.182779	-0.453127	-0.791207	
-0.66	-0.252373	-0.190065	-0.444293	-0.802397	-0.252373	-0.190065	-0.444293	-0.802397	
-0.64	-0.254426	-0.197709	-0.435084	-0.813427	-0.254426	-0.197709	-0.435084	-0.813427	
-0.62	-0.256304	-0.205724	-0.425505	-0.824279	-0.256304	-0.205724	-0.425505	-0.824279	
-0.6	-0.257978	-0.214121	-0.415559	-0.834938	-0.257978	-0.214121	-0.415559	-0.834938	
-0.58	-0.259414	-0.222914	-0.405252	-0.845386	-0.259414	-0.222914	-0.405252	-0.845386	
-0.56	-0.260577	-0.232112	-0.394591	-0.855607	-0.260577	-0.232112	-0.394591	-0.855607	
-0.54	-0.261426	-0.241722	-0.383582	-0.865584	-0.261426	-0.241722	-0.383582	-0.865584	
-0.52	-0.261917	-0.251752	-0.372234	-0.875304	-0.261917	-0.251752	-0.372234	-0.875304	
-0.5	-0.262003	-0.262201	-0.360556	-0.884749	-0.262003	-0.262201	-0.360556	-0.884749	
-0.48	-0.261632	-0.273069	-0.348558	-0.893905	-0.261632	-0.273069	-0.348558	-0.893905	
-0.46	-0.260749	-0.284349	-0.336251	-0.902758	-0.260749	-0.284349	-0.336251	-0.902758	
-0.44	-0.259293	-0.296026	-0.323647	-0.911296	-0.259293	-0.296026	-0.323647	-0.911296	
-0.42	-0.257203	-0.308082	-0.310758	-0.919504	-0.257203	-0.308082	-0.310758	-0.919504	
-0.4	-0.254414	-0.320488	-0.297598	-0.927371	-0.254414	-0.320488	-0.297598	-0.927371	
-0.38	-0.250858	-0.333207	-0.28418	-0.934887	-0.250858	-0.333207	-0.28418	-0.934887	
-0.36	-0.246468	-0.346193	-0.27052	-0.94204	-0.246468	-0.346193	-0.27052	-0.94204	
-0.34	-0.241176	-0.359385	-0.256633	-0.948822	-0.241176	-0.359385	-0.256633	-0.948822	
-0.32	-0.234919	-0.372714	-0.242535	-0.955225	-0.234919	-0.372714	-0.242535	-0.955225	
-0.3	-0.227636	-0.386096	-0.228241	-0.96124	-0.227636	-0.386096	-0.228241	-0.96124	
-0.28	-0.219275	-0.399434	-0.213769	-0.966862	-0.219275	-0.399434	-0.213769	-0.966862	
-0.26	-0.209791	-0.412619	-0.199137	-0.972085	-0.209791	-0.412619	-0.199137	-0.972085	
-0.24	-0.199155	-0.425528	-0.184361	-0.976904	-0.199155	-0.425528	-0.184361	-0.976904	
-0.22	-0.18735	-0.438031	-0.169459	-0.981316	-0.18735	-0.438031	-0.169459	-0.981316	
-0.2	-0.174381	-0.449984	-0.15445	-0.985318	-0.174381	-0.449984	-0.15445	-0.985318	
-0.18	-0.16027	-0.461242	-0.13935	-0.988908	-0.16027	-0.461242	-0.13935	-0.988908	
-0.16	-0.145065	-0.471654	-0.124178	-0.992084	-0.145065	-0.471654	-0.124178	-0.992084	
-0.14	-0.128838	-0.481073	-0.108952	-0.994845	-0.128838	-0.481073	-0.108952	-0.994845	
-0.12	-0.111683	-0.489359	-0.0936872	-0.997193	-0.111683	-0.489359	-0.0936872	-0.997193	
-0.1	-0.0937216	-0.496383	-0.0784013	-0.999127	-0.0937216	-0.496383	-0.0784013	-0.999127	
-0.08	-0.0750958	-0.502032	-0.0631101	-1.00065	-0.0750958	-0.502032	-0.0631101	-1.00065	
-0.06	-0.0559668	-0.506215	-0.047829	-1.00176	-0.0559668	-0.506215	-0.047829	-1.00176	
-0.04	-0.0365105	-0.508866	-0.032573	-1.00247	-0.0365105	-0.508866	-0.032573	-1.00247	
-0.02	-0.0169124	-0.509946	-0.0173561	-1.00278	-0.0169124	-0.509946	-0.0173561	-1.00278	
0	0.00263837	-0.509445	-0.00219203	-1.00269	0.00263837	-0.509445	-0.00219203	-1.00269	
0.02	0.021955	-0.507385	0.0129063	-1.00221	0.021955	-0.507385	0.0129063	-1.00221	
0.04	0.0408589	-0.503812	0.0279264	-1.00135	0.0408589	-0.503812	0.0279264	-1.00135	
0.06	0.0591852	-0.498801	0.0428565	-1.00011	0.0591852	-0.498801	0.0428565	-1.00011	
0.08	0.0767876	-0.492448	0.0576855	-0.998502	0.0767876	-0.492448	0.0576855	-0.998502	
0.1	0.0935411	-0.484866	0.0724026	-0.996531	0.0935411	-0.484866	0.0724026	-0.996531	
0.12	0.109345	-0.476184	0.0869979	-0.994207	0.109345	-0.476184	0.0869979	-0.994207	
0.14	0.124124	-0.466538	0.101462	-0.991539	0.124124	-0.466538	0.101462	-0.991539	
0.16	0.137826	-0.45607	0.115785	-0.988536	0.137826	-0.45607	0.115785	-0.988536	
0.18	0.150425	-0.444923	0.12996	-0.985207	0.150425	-0.444923	0.12996	-0.985207	
0.2	0.161912	-0.433236	0.143978	-0.981561	0.161912	-0.433236	0.143978	-0.981561	
0.22	0.172301	-0.421145	0.157833	-0.977609	0.172301	-0.421145	0.157833	-0.977609	
0.24	0.181616	-0.408774	0.171517	-0.97336	0.181616	-0.408774	0.171517	-0.97336	
0.26	0.189897	-0.396242	0.185025	-0.968823	0.189897	-0.396242	0.185025	-0.968823	
0.28	0.19719	-0.383654	0.19835	-0.964007	0.19719	-0.383654	0.19835	-0.964007	
0.3	0.203547	-0.371102	0.211488	-0.958924	0.203547	-0.371102	0.211488	-0.958924	
0.32	0.209026	-0.358667	0.224435	-0.953581	0.209026	-0.358667	0.224435	-0.953581	
0.34	0.213685	-0.346418	0.237185	-0.947989	0.213685	-0.346418	0.237185	-0.947989	
0.36	0.217583	-0.33441	0.249735	-0.942156	0.217583	-0.33441	0.249735	-0.942156	
0.38	0.22078	-0.32269	0.262083	-0.936091	0.22078	-0.32269	0.262083	-0.936091	
0.4	0.223333	-0.311292	0.274224	-0.929804	0.223333	-0.311292	0.274224	-0.929804	
0.42	0.225299	-0.300242	0.286157	-0.923304	0.225299	-0.300242	0.286157	-0.923304	
0.44	0.22673	-0.289558	0.297879	-0.916597	0.22673	-0.289558	0.297879	-0.916597	
0.46	0.227679	-0.279253	0.309389	-0.909694	0.227679	-0.279253	0.309389	-0.909694	
0.48	0.228192	-0.269333	0.320685	-0.902602	0.228192	-0.269333	0.320685	-0.902602	
0.5	0.228315	-0.259798	0.331766	-0.895328	0.228315	-0.259798	0.331766	-0.895328	
0.52	0.22809	-0.250648	0.34263	-0.887881	0.22809	-0.250648	0.34263	-0.887881	
0.54	0.227555	-0.241876	0.353278	-0.880268	0.227555	-0.241876	0.353278	-0.880268	
0.56	0.226745	-0.233476	0.363708	-0.872496	0.226745	-0.233476	0.363708	-0.872496	
0.58	0.225694	-0.225438	0.37392	-0.864572	0.225694	-0.225438	0.37392	-0.864572	
0.6	0.22443	-0.217751	0.383913	-0.856502	0.22443	-0.217751	0.383913	-0.856502	
0.62	0.222981	-0.210404	0.393688	-0.848294	0.222981	-0.210404	0.393688	-0.848294	
0.64	0.22137	-0.203385	0.403245	-0.839954	0.22137	-0.203385	0.403245	-0.839954	
0.66	0.219621	-0.19668	0.412584	-0.831487	0.219621	-0.19668	0.412584	-0.831487	
0.68	0.217751	-0.190278	0.421705	-0.8229	0.217751	-0.190278	0.421705	-0.8229	
0.7	0.21578	-0.184164	0.430609	-0.814198	0.21578	-0.184164	0.430609	-0.814198	
0.72	0.213723	-0.178327	0.439295	-0.805388	0.213723	-0.178327	0.439295	-0.805388	
0.74	0.211593	-0.172753	0.447764	-0.796474	0.211593	-0.172753	0.447764	-0.796474	
0.76	0.209404	-0.167431	0.456017	-0.787461	0.209404	-0.167431	0.456017	-0.787461	
0.78	0.207167	-0.162348	0.464055	-0.778356	0.207167	-0.162348	0.464055	-0.778356	
0.8	0.204891	-0.157492	0.471877	-0.769162	0.204891	-0.157492	0.471877	-0.769162	
0.82	0.202586	-0.152853	0.479484	-0.759886	0.202586	-0.152853	0.479484	-0.759886	
0.84	0.200258	-0.148419	0.486878	-0.75053	0.200258	-0.148419	0.486878	-0.75053	
0.86	0.197916	-0.144181	0.494057	-0.741101	0.197916	-0.144181	0.494057	-0.741101	
0.88	0.195564	-0.140127	0.501024	-0.731603	0.195564	-0.140127	0.501024	-0.731603	
0.9	0.193209	-0.13625	0.507779	-0.72204	0.193209	-0.13625	0.507779	-0.72204	
0.92	0.190854	-0.13254	0.514322	-0.712417	0.190854	-0.13254	0.514322	-0.712417	
0.94	0.188504	-0.128988	0.520653	-0.702738	0.188504	-0.128988	0.520653	-0.702738	
0.96	0.186163	-0.125586	0.526774	-0.693007	0.186163	-0.125586	0.526774	-0.693007	
0.98	0.183833	-0.122327	0.532686	-0.683229	0.183833	-0.122327	0.532686	-0.683229	
1	0.181516	-0.119202	0.538388	-0.673408	0.181516	-0.119202	0.538388	-0.673408	
1.02	0.179216	-0.116206	0.543881	-0.663549	0.179216	-0.116206	0.543881	-0.663549	
1.04	0.176935	-0.113331	0.549166	-0.653654	0.176935	-0.113331	0.549166	-0.653654	
1.06	0.174673	-0.110571	0.554245	-0.64373	0.174673	-0.110571	0.554245	-0.64373	
1.08	0.172432	-0.10792	0.559116	-0.633779	0.172432	-0.10792	0.559116	-0.633779	
1.1	0.170214	-0.105373	0.563782	-0.623807	0.170214	-0.105373	0.563782	-0.623807	
1.12	0.168019	-0.102924	0.568243	-0.613817	0.168019	-0.102924	0.568243	-0.613817	
1.14	0.165848	-0.100568	0.572499	-0.603813	0.165848	-0.100568	0.572499	-0.603813	
1.16	0.163702	-0.0983007	0.576552	-0.5938	0.163702	-0.0983007	0.576552	-0.5938	
1.18	0.161581	-0.096117	0.580403	-0.583782	0.161581	-0.096117	0.580403	-0.583782	
1.2	0.159487	-0.0940127	0.584053	-0.573762	0.159487	-0.0940127	0.584053	-0.573762	
1.22	0.157418	-0.0919838	0.587502	-0.563747	0.157418	-0.0919838	0.587502	-0.563747	
1.24	0.155375	-0.0900264	0.590751	-0.553738	0.155375	-0.0900264	0.590751	-0.553738	
1.26	0.153359	-0.0881368	0.593803	-0.543742	0.153359	-0.0881368	0.593803	-0.543742	
1.28	0.15137	-0.0863116	0.596658	-0.533761	0.15137	-0.0863116	0.596658	-0.533761	
1.3	0.149407	-0.0845475	0.599318	-0.5238	0.149407	-0.0845475	0.599318	-0.5238	
1.32	0.14747	-0.0828414	0.601784	-0.513864	0.14747	-0.0828414	0.601784	-0.513864	
1.34	0.14556	-0.0811903	0.604058	-0.503957	0.14556	-0.0811903	0.604058	-0.503957	
1.36	0.143676	-0.0795914	0.606141	-0.494082	0.143676	-0.0795914	0.606141	-0.494082	
1.38	0.141818	-0.078042	0.608035	-0.484244	0.141818	-0.078042	0.608035	-0.484244	
1.4	0.139986	-0.0765397	0.609743	-0.474448	0.139986	-0.0765397	0.609743	-0.474448	
1.42	0.138179	-0.075082	0.611265	-0.464696	0.138179	-0.075082	0.611265	-0.464696	
1.44	0.136399	-0.0736666	0.612605	-0.454994	0.136399	-0.0736666	0.612605	-0.454994	
1.46	0.134643	-0.0722915	0.613765	-0.445345	0.134643	-0.0722915	0.613765	-0.445345	
1.48	0.132913	-0.0709546	0.614747	-0.435753	0.132913	-0.0709546	0.614747	-0.435753	
1.5	0.131208	-0.069654	0.615553	-0.426222	0.131208	-0.069654	0.615553	-0.426222	
1.52	0.129527	-0.0683878	0.616186	-0.416757	0.129527	-0.0683878	0.616186	-0.416757	
1.54	0.127871	-0.0671542	0.616649	-0.40736	0.127871	-0.0671542	0.616649	-0.40736	
1.56	0.126239	-0.0659518	0.616945	-0.398035	0.126239	-0.0659518	0.616945	-0.398035	
1.58	0.124631	-0.0647788	0.617076	-0.388787	0.124631	-0.0647788	0.617076	-0.388787	
1.6	0.123047	-0.0636338	0.617047	-0.379617	0.123047	-0.0636338	0.617047	-0.379617	
1.62	0.121486	-0.0625155	0.616859	-0.370531	0.121486	-0.0625155	0.616859	-0.370531	
1.64	0.119948	-0.0614224	0.616516	-0.361531	0.119948	-0.0614224	0.616516	-0.361531	
1.66	0.118434	-0.0603534	0.616022	-0.35262	0.118434	-0.0603534	0.616022	-0.35262	
1.68	0.116942	-0.0593073	0.61538	-0.343802	0.116942	-0.0593073	0.61538	-0.343802	
1.7	0.115473	-0.0582828	0.614593	-0.335079	0.115473	-0.0582828	0.614593	-0.335079	
1.72	0.114026	-0.0572791	0.613666	-0.326454	0.114026	-0.0572791	0.613666	-0.326454	
1.74	0.112601	-0.056295	0.612602	-0.31793	0.112601	-0.056295	0.612602	-0.31793	
1.76	0.111199	-0.0553297	0.611404	-0.309509	0.111199	-0.0553297	0.611404	-0.309509	
1.78	0.109818	-0.0543822	0.610077	-0.301194	0.109818	-0.0543822	0.610077	-0.301194	
1.8	0.108459	-0.0534518	0.608625	-0.292987	0.108459	-0.0534518	0.608625	-0.292987	
1.82	0.107121	-0.0525375	0.607051	-0.284889	0.107121	-0.0525375	0.607051	-0.284889	
1.84	0.105804	-0.0516387	0.60536	-0.276904	0.105804	-0.0516387	0.60536	-0.276904	
1.86	0.104508	-0.0507547	0.603555	-0.269032	0.104508	-0.0507547	0.603555	-0.269032	
1.88	0.103233	-0.0498848	0.60164	-0.261276	0.103233	-0.0498848	0.60164	-0.261276	
1.9	0.101979	-0.0490285	0.599621	-0.253636	0.101979	-0.0490285	0.599621	-0.253636	
1.92	0.100746	-0.048185	0.5975	-0.246115	0.100746	-0.048185	0.5975	-0.246115	
1.94	0.0995323	-0.047354	0.595282	-0.238712	0.0995323	-0.047354	0.595282	-0.238712	
1.96	0.0983392	-0.0465348	0.592971	-0.23143	0.0983392	-0.0465348	0.592971	-0.23143	
1.98	0.0971661	-0.0457271	0.590571	-0.22427	0.0971661	-0.0457271	0.590571	-0.22427	
2	0.0960128	-0.0449303	0.588086	-0.217231	0.0960128	-0.0449303	0.588086	-0.217231	
2.02	0.0948793	-0.0441442	0.58552	-0.210315	0.0948793	-0.0441442	0.58552	-0.210315	
2.04	0.0937653	-0.0433682	0.582877	-0.203521	0.0937653	-0.0433682	0.582877	-0.203521	
2.06	0.0926706	-0.0426021	0.580161	-0.196851	0.0926706	-0.0426021	0.580161	-0.196851	
2.08	0.0915952	-0.0418456	0.577376	-0.190304	0.0915952	-0.0418456	0.577376	-0.190304	
2.1	0.0905389	-0.0410982	0.574526	-0.183881	0.0905389	-0.0410982	0.574526	-0.183881	
2.12	0.0895015	-0.0403599	0.571615	-0.177581	0.0895015	-0.0403599	0.571615	-0.177581	
2.14	0.0884828	-0.0396302	0.568646	-0.171404	0.0884828	-0.0396302	0.568646	-0.171404	
2.16	0.0874828	-0.0389091	0.565623	-0.16535	0.0874828	-0.0389091	0.565623	-0.16535	
2.18	0.0865011	-0.0381962	0.56255	-0.159418	0.0865011	-0.0381962	0.56255	-0.159418	
2.2	0.0855378	-0.0374914	0.55943	-0.153607	0.0855378	-0.0374914	0.55943	-0.153607	
2.22	0.0845925	-0.0367946	0.556268	-0.147918	0.0845925	-0.0367946	0.556268	-0.147918	
2.24	0.0836652	-0.0361055	0.553065	-0.142349	0.0836652	-0.0361055	0.553065	-0.142349	
2.26	0.0827557	-0.035424	0.549826	-0.1369	0.0827557	-0.035424	0.549826	-0.1369	
2.28	0.0818637	-0.0347501	0.546554	-0.131569	0.0818637	-0.0347501	0.546554	-0.131569	
2.3	0.0809892	-0.0340835	0.543252	-0.126355	0.0809892	-0.0340835	0.543252	-0.126355	
2.32	0.0801319	-0.0334242	0.539922	-0.121258	0.0801319	-0.0334242	0.539922	-0.121258	
2.34	0.0792917	-0.0327721	0.536569	-0.116275	0.0792917	-0.0327721	0.536569	-0.116275	
2.36	0.0784684	-0.0321272	0.533195	-0.111407	0.0784684	-0.0321272	0.533195	-0.111407	
2.38	0.0776618	-0.0314893	0.529802	-0.106651	0.0776618	-0.0314893	0.529802	-0.106651	
2.4	0.0768717	-0.0308584	0.526394	-0.102006	0.0768717	-0.0308584	0.526394	-0.102006	
2.42	0.0760979	-0.0302345	0.522973	-0.0974704	0.0760979	-0.0302345	0.522973	-0.0974704	
2.44	0.0753402	-0.0296175	0.519542	-0.0930432	0.0753402	-0.0296175	0.519542	-0.0930432	
2.46	0.0745984	-0.0290074	0.516102	-0.0887227	0.0745984	-0.0290074	0.516102	-0.0887227	
2.48	0.0738724	-0.0284042	0.512657	-0.0845072	0.0738724	-0.0284042	0.512657	-0.0845072	
2.5	0.0731619	-0.0278078	0.509208	-0.0803951	0.0731619	-0.0278078	0.509208	-0.0803951	
2.52	0.0724667	-0.0272182	0.505758	-0.0763847	0.0724667	-0.0272182	0.505758	-0.0763847	
2.54	0.0717867	-0.0266355	0.502309	-0.0724745	0.0717867	-0.0266355	0.502309	-0.0724745	
2.56	0.0711215	-0.0260595	0.498862	-0.0686627	0.0711215	-0.0260595	0.498862	-0.0686627	
2.58	0.070471	-0.0254904	0.495421	-0.0649475	0.070471	-0.0254904	0.495421	-0.0649475	
2.6	0.069835	-0.024928	0.491985	-0.0613274	0.069835	-0.024928	0.491985	-0.0613274	
2.62	0.0692132	-0.0243724	0.488558	-0.0578004	0.0692132	-0.0243724	0.488558	-0.0578004	
2.64	0.0686055	-0.0238237	0.485141	-0.0543649	0.0686055	-0.0238237	0.485141	-0.0543649	
2.66	0.0680115	-0.0232817	0.481735	-0.0510191	0.0680115	-0.0232817	0.481735	-0.0510191	
2.68	0.0674312	-0.0227466	0.478342	-0.0477613	0.0674312	-0.0227466	0.478342	-0.0477613	
2.7	0.0668642	-0.0222182	0.474963	-0.0445896	0.0668642	-0.0222182	0.474963	-0.0445896	
2.72	0.0663104	-0.0216967	0.4716	-0.0415023	0.0663104	-0.0216967	0.4716	-0.0415023	
2.74	0.0657694	-0.021182	0.468253	-0.0384978	0.0657694	-0.021182	0.468253	-0.0384978	
2.76	0.0652412	-0.0206742	0.464925	-0.0355741	0.0652412	-0.0206742	0.464925	-0.0355741	
2.78	0.0647254	-0.0201732	0.461615	-0.0327296	0.0647254	-0.0201732	0.461615	-0.0327296	
2.8	0.0642219	-0.019679	0.458326	-0.0299626	0.0642219	-0.019679	0.458326	-0.0299626	
2.82	0.0637304	-0.0191916	0.455058	-0.0272713	0.0637304	-0.0191916	0.455058	-0.0272713	
2.84	0.0632506	-0.0187111	0.451812	-0.0246541	0.0632506	-0.0187111	0.451812	-0.0246541	
2.86	0.0627824	-0.0182375	0.448588	-0.0221093	0.0627824	-0.0182375	0.448588	-0.0221093	
2.88	0.0623255	-0.0177706	0.445389	-0.0196351	0.0623255	-0.0177706	0.445389	-0.0196351	
2.9	0.0618797	-0.0173107	0.442214	-0.01723	0.0618797	-0.0173107	0.442214	-0.01723	
2.92	0.0614448	-0.0168575	0.439064	-0.0148924	0.0614448	-0.0168575	0.439064	-0.0148924	
2.94	0.0610206	-0.0164112	0.435939	-0.0126206	0.0610206	-0.0164112	0.435939	-0.0126206	
2.96	0.0606067	-0.0159718	0.432841	-0.0104131	0.0606067	-0.0159718	0.432841	-0.0104131	
2.98	0.0602031	-0.0155391	0.42977	-0.00826832	0.0602031	-0.0155391	0.42977	-0.00826832	
3	0.0598094	-0.0151133	0.426726	-0.00618472	0.0598094	-0.0151133	0.426726	-0.00618472	
3.02	0.0594255	-0.0146942	0.42371	-0.0041608	0.0594255	-0.0146942	0.42371	-0.0041608	
3.04	0.0590512	-0.014282	0.420722	-0.0021951	0.0590512	-0.014282	0.420722	-0.0021951	
3.06	0.0586861	-0.0138765	0.417763	-0.000286156	0.0586861	-0.0138765	0.417763	-0.000286156	
3.08	0.0583302	-0.0134777	0.414832	0.00156745	0.0583302	-0.0134777	0.414832	0.00156745	
3.1	0.0579832	-0.0130857	0.411931	0.00336711	0.0579832	-0.0130857	0.411931	0.00336711	
3.12	0.0576448	-0.0127004	0.409059	0.0051142	0.0576448	-0.0127004	0.409059	0.0051142	
3.14	0.057315	-0.0123217	0.406217	0.00681006	0.057315	-0.0123217	0.406217	0.00681006	
3.16	0.0569934	-0.0119498	0.403404	0.008456	0.0569934	-0.0119498	0.403404	0.008456	
3.18	0.0566798	-0.0115844	0.400621	0.0100533	0.0566798	-0.0115844	0.400621	0.0100533	
3.2	0.0563742	-0.0112256	0.397869	0.0116032	0.0563742	-0.0112256	0.397869	0.0116032	
3.22	0.0560762	-0.0108734	0.395146	0.013107	0.0560762	-0.0108734	0.395146	0.013107	
3.24	0.0557856	-0.0105277	0.392454	0.0145659	0.0557856	-0.0105277	0.392454	0.0145659	
3.26	0.0555023	-0.0101886	0.389792	0.015981	0.0555023	-0.0101886	0.389792	0.015981	
3.28	0.0552261	-0.00985584	0.38716	0.0173534	0.0552261	-0.00985584	0.38716	0.0173534	
3.3	0.0549568	-0.00952953	0.384559	0.0186843	0.0549568	-0.00952953	0.384559	0.0186843	
3.32	0.0546942	-0.00920959	0.381988	0.0199749	0.0546942	-0.00920959	0.381988	0.0199749	
3.34	0.0544381	-0.00889599	0.379447	0.0212261	0.0544381	-0.00889599	0.379447	0.0212261	
3.36	0.0541884	-0.00858869	0.376937	0.0224389	0.0541884	-0.00858869	0.376937	0.0224389	
3.38	0.0539448	-0.00828762	0.374456	0.0236145	0.0539448	-0.00828762	0.374456	0.0236145	
3.4	0.0537071	-0.00799275	0.372006	0.0247537	0.0537071	-0.00799275	0.372006	0.0247537	
3.42	0.0534753	-0.00770403	0.369585	0.0258576	0.0534753	-0.00770403	0.369585	0.0258576	
3.44	0.0532491	-0.00742141	0.367195	0.0269271	0.0532491	-0.00742141	0.367195	0.0269271	
3.46	0.0530284	-0.00714483	0.364834	0.0279631	0.0530284	-0.00714483	0.364834	0.0279631	
3.48	0.0528129	-0.00687425	0.362502	0.0289664	0.0528129	-0.00687425	0.362502	0.0289664	
3.5	0.0526026	-0.00660961	0.3602	0.0299379	0.0526026	-0.00660961	0.3602	0.0299379	
3.52	0.0523973	-0.00635085	0.357927	0.0308786	0.0523973	-0.00635085	0.357927	0.0308786	
3.54	0.0521967	-0.00609791	0.355683	0.031789	0.0521967	-0.00609791	0.355683	0.031789	
3.56	0.0520009	-0.00585075	0.353469	0.0326702	0.0520009	-0.00585075	0.353469	0.0326702	
3.58	0.0518095	-0.00560929	0.351282	0.0335228	0.0518095	-0.00560929	0.351282	0.0335228	
3.6	0.0516225	-0.00537349	0.349125	0.0343475	0.0516225	-0.00537349	0.349125	0.0343475	
3.62	0.0514397	-0.00514327	0.346995	0.0351451	0.0514397	-0.00514327	0.346995	0.0351451	
3.64	0.051261	-0.00491858	0.344894	0.0359164	0.051261	-0.00491858	0.344894	0.0359164	
3.66	0.0510862	-0.00469935	0.34282	0.0366619	0.0510862	-0.00469935	0.34282	0.0366619	
3.68	0.0509152	-0.00448552	0.340774	0.0373823	0.0509152	-0.00448552	0.340774	0.0373823	
3.7	0.0507478	-0.00427702	0.338756	0.0380782	0.0507478	-0.00427702	0.338756	0.0380782	
3.72	0.0505839	-0.00407379	0.336764	0.0387504	0.0505839	-0.00407379	0.336764	0.0387504	
3.74	0.0504235	-0.00387575	0.3348	0.0393993	0.0504235	-0.00387575	0.3348	0.0393993	
3.76	0.0502663	-0.00368285	0.332862	0.0400256	0.0502663	-0.00368285	0.332862	0.0400256	
3.78	0.0501122	-0.003495	0.33095	0.0406299	0.0501122	-0.003495	0.33095	0.0406299	
3.8	0.0499611	-0.00331215	0.329065	0.0412125	0.0499611	-0.00331215	0.329065	0.0412125	
3.82	0.0498129	-0.00313423	0.327205	0.0417742	0.0498129	-0.00313423	0.327205	0.0417742	
3.84	0.0496676	-0.00296115	0.325371	0.0423153	0.0496676	-0.00296115	0.325371	0.0423153	
3.86	0.0495248	-0.00279285	0.323563	0.0428365	0.0495248	-0.00279285	0.323563	0.0428365	
3.88	0.0493847	-0.00262926	0.32178	0.0433381	0.0493847	-0.00262926	0.32178	0.0433381	
3.9	0.0492469	-0.00247031	0.320021	0.0438206	0.0492469	-0.00247031	0.320021	0.0438206	
3.92	0.0491115	-0.00231592	0.318287	0.0442844	0.0491115	-0.00231592	0.318287	0.0442844	
3.94	0.0489784	-0.00216602	0.316578	0.0447301	0.0489784	-0.00216602	0.316578	0.0447301	
3.96	0.0488473	-0.00202053	0.314892	0.0451579	0.0488473	-0.00202053	0.314892	0.0451579	
3.98	0.0487184	-0.00187938	0.31323	0.0455683	0.0487184	-0.00187938	0.31323	0.0455683	
4	0.0485913	-0.0017425	0.311592	0.0459617	0.0485913	-0.0017425	0.311592	0.0459617	
4.02	0.0484661	-0.00160981	0.309977	0.0463384	0.0484661	-0.00160981	0.309977	0.0463384	
4.04	0.0483427	-0.00148124	0.308385	0.0466989	0.0483427	-0.00148124	0.308385	0.0466989	
4.06	0.0482209	-0.0013567	0.306816	0.0470433	0.0482209	-0.0013567	0.306816	0.0470433	
4.08	0.0481008	-0.00123614	0.305269	0.0473722	0.0481008	-0.00123614	0.305269	0.0473722	
4.1	0.0479821	-0.00111946	0.303744	0.0476857	0.0479821	-0.00111946	0.303744	0.0476857	
4.12	0.0478649	-0.0010066	0.302241	0.0479842	0.0478649	-0.0010066	0.302241	0.0479842	
4.14	0.047749	-0.000897477	0.30076	0.048268	0.047749	-0.000897477	0.30076	0.048268	
4.16	0.0476344	-0.00079202	0.2993	0.0485374	0.0476344	-0.00079202	0.2993	0.0485374	
4.18	0.047521	-0.000690153	0.297861	0.0487926	0.047521	-0.000690153	0.297861	0.0487926	
4.2	0.0474088	-0.000591801	0.296443	0.0490339	0.0474088	-0.000591801	0.296443	0.0490339	
4.22	0.0472976	-0.000496888	0.295045	0.0492615	0.0472976	-0.000496888	0.295045	0.0492615	
4.24	0.0471875	-0.000405342	0.293668	0.0494758	0.0471875	-0.000405342	0.293668	0.0494758	
4.26	0.0470782	-0.000317087	0.29231	0.0496768	0.0470782	-0.000317087	0.29231	0.0496768	
4.28	0.0469699	-0.000232049	0.290973	0.0498649	0.0469699	-0.000232049	0.290973	0.0498649	
4.3	0.0468624	-0.000150157	0.289654	0.0500402	0.0468624	-0.000150157	0.289654	0.0500402	
4.32	0.0467557	-7.13362e-05	0.288355	0.050203	0.0467557	-7.13362e-05	0.288355	0.050203	
4.34	0.0466497	4.48505e-06	0.287074	0.0503534	0.0466497	4.48505e-06	0.287074	0.0503534	
4.36	0.0465444	7.73787e-05	0.285813	0.0504917	0.0465444	7.73787e-05	0.285813	0.0504917	
4.38	0.0464397	0.000147416	0.284569	0.0506179	0.0464397	0.000147416	0.284569	0.0506179	
4.4	0.0463355	0.000214667	0.283343	0.0507324	0.0463355	0.000214667	0.283343	0.0507324	
4.42	0.0462319	0.000279202	0.282135	0.0508352	0.0462319	0.000279202	0.282135	0.0508352	
4.44	0.0461288	0.000341091	0.280945	0.0509265	0.0461288	0.000341091	0.280945	0.0509265	
4.46	0.0460262	0.000400401	0.279772	0.0510064	0.0460262	0.000400401	0.279772	0.0510064	
4.48	0.045924	0.000457201	0.278615	0.0510751	0.045924	0.000457201	0.278615	0.0510751	
4.5	0.0458221	0.000511557	0.277475	0.0511328	0.0458221	0.000511557	0.277475	0.0511328	
4.52	0.0457207	0.000563535	0.276352	0.0511795	0.0457207	0.000563535	0.276352	0.0511795	
4.54	0.0456195	0.000613202	0.275245	0.0512155	0.0456195	0.000613202	0.275245	0.0512155	
4.56	0.0455186	0.00066062	0.274153	0.0512407	0.0455186	0.00066062	0.274153	0.0512407	
4.58	0.0454179	0.000705854	0.273077	0.0512554	0.0454179	0.000705854	0.273077	0.0512554	
4.6	0.0453175	0.000748965	0.272016	0.0512596	0.0453175	0.000748965	0.272016	0.0512596	
4.62	0.0452173	0.000790017	0.27097	0.0512535	0.0452173	0.000790017	0.27097	0.0512535	
4.64	0.0451173	0.000829068	0.269938	0.0512371	0.0451173	0.000829068	0.269938	0.0512371	
4.66	0.0450175	0.000866179	0.268921	0.0512106	0.0450175	0.000866179	0.268921	0.0512106	
4.68	0.0449177	0.000901409	0.267918	0.051174	0.0449177	0.000901409	0.267918	0.051174	
4.7	0.0448181	0.000934814	0.266929	0.0511275	0.0448181	0.000934814	0.266929	0.0511275	
4.72	0.0447186	0.000966451	0.265953	0.0510712	0.0447186	0.000966451	0.265953	0.0510712	
4.74	0.0446192	0.000996376	0.264991	0.0510051	0.0446192	0.000996376	0.264991	0.0510051	
4.76	0.0445199	0.00102464	0.264041	0.0509293	0.0445199	0.00102464	0.264041	0.0509293	
4.78	0.0444206	0.00105131	0.263104	0.0508439	0.0444206	0.00105131	0.263104	0.0508439	
4.8	0.0443213	0.00107642	0.262179	0.050749	0.0443213	0.00107642	0.262179	0.050749	
4.82	0.0442221	0.00110003	0.261266	0.0506447	0.0442221	0.00110003	0.261266	0.0506447	
4.84	0.0441229	0.00112218	0.260365	0.0505311	0.0441229	0.00112218	0.260365	0.0505311	
4.86	0.0440238	0.00114294	0.259476	0.0504082	0.0440238	0.00114294	0.259476	0.0504082	
4.88	0.0439246	0.00116234	0.258597	0.0502761	0.0439246	0.00116234	0.258597	0.0502761	
4.9	0.0438254	0.00118044	0.25773	0.0501349	0.0438254	0.00118044	0.25773	0.0501349	
4.92	0.0437262	0.00119727	0.256873	0.0499847	0.0437262	0.00119727	0.256873	0.0499847	
4.94	0.043627	0.00121288	0.256026	0.0498256	0.043627	0.00121288	0.256026	0.0498256	
4.96	0.0435278	0.00122733	0.255189	0.0496577	0.0435278	0.00122733	0.255189	0.0496577	
4.98	0.0434286	0.00124064	0.254362	0.049481	0.0434286	0.00124064	0.254362	0.049481	
5	0.0433293	0.00125286	0.253545	0.0492956	0.0433293	0.00125286	0.253545	0.0492956	
5.02	0.04323	0.00126403	0.252736	0.0491017	0.04323	0.00126403	0.252736	0.0491017	
5.04	0.0431307	0.0012742	0.251936	0.0488992	0.0431307	0.0012742	0.251936	0.0488992	
5.06	0.0430313	0.00128339	0.251145	0.0486884	0.0430313	0.00128339	0.251145	0.0486884	
5.08	0.0429319	0.00129164	0.250362	0.0484692	0.0429319	0.00129164	0.250362	0.0484692	
5.1	0.0428325	0.001299	0.249587	0.0482418	0.0428325	0.001299	0.249587	0.0482418	
5.12	0.0427331	0.0013055	0.248819	0.0480063	0.0427331	0.0013055	0.248819	0.0480063	
5.14	0.0426336	0.00131117	0.248059	0.0477628	0.0426336	0.00131117	0.248059	0.0477628	
5.16	0.0425341	0.00131604	0.247306	0.0475114	0.0425341	0.00131604	0.247306	0.0475114	
5.18	0.0424346	0.00132016	0.24656	0.0472522	0.0424346	0.00132016	0.24656	0.0472522	
5.2	0.042335	0.00132354	0.24582	0.0469853	0.042335	0.00132354	0.24582	0.0469853	
5.22	0.0422354	0.00132622	0.245086	0.0467109	0.0422354	0.00132622	0.245086	0.0467109	
5.24	0.0421358	0.00132823	0.244358	0.046429	0.0421358	0.00132823	0.244358	0.046429	
5.26	0.0420362	0.00132959	0.243636	0.0461397	0.0420362	0.00132959	0.243636	0.0461397	
5.28	0.0419366	0.00133034	0.242919	0.0458433	0.0419366	0.00133034	0.242919	0.0458433	
5.3	0.041837	0.00133051	0.242207	0.0455397	0.041837	0.00133051	0.242207	0.0455397	
5.32	0.0417373	0.00133011	0.2415	0.0452293	0.0417373	0.00133011	0.2415	0.0452293	
5.34	0.0416377	0.00132918	0.240797	0.044912	0.0416377	0.00132918	0.240797	0.044912	
5.36	0.0415381	0.00132773	0.240099	0.0445881	0.0415381	0.00132773	0.240099	0.0445881	
5.38	0.0414385	0.0013258	0.239404	0.0442577	0.0414385	0.0013258	0.239404	0.0442577	
5.4	0.0413389	0.0013234	0.238714	0.0439209	0.0413389	0.0013234	0.238714	0.0439209	
5.42	0.0412393	0.00132056	0.238026	0.0435779	0.0412393	0.00132056	0.238026	0.0435779	
5.44	0.0411398	0.0013173	0.237342	0.0432288	0.0411398	0.0013173	0.237342	0.0432288	
5.46	0.0410403	0.00131363	0.236661	0.0428739	0.0410403	0.00131363	0.236661	0.0428739	
5.48	0.0409408	0.00130959	0.235983	0.0425133	0.0409408	0.00130959	0.235983	0.0425133	
5.5	0.0408414	0.00130518	0.235307	0.0421472	0.0408414	0.00130518	0.235307	0.0421472	
5.52	0.040742	0.00130043	0.234633	0.0417757	0.040742	0.00130043	0.234633	0.0417757	
5.54	0.0406427	0.00129535	0.233962	0.041399	0.0406427	0.00129535	0.233962	0.041399	
5.56	0.0405435	0.00128997	0.233292	0.0410173	0.0405435	0.00128997	0.233292	0.0410173	
5.58	0.0404443	0.00128429	0.232624	0.0406308	0.0404443	0.00128429	0.232624	0.0406308	
5.6	0.0403452	0.00127834	0.231957	0.0402397	0.0403452	0.00127834	0.231957	0.0402397	
5.62	0.0402461	0.00127213	0.231291	0.0398441	0.0402461	0.00127213	0.231291	0.0398441	
5.64	0.0401472	0.00126567	0.230627	0.0394444	0.0401472	0.00126567	0.230627	0.0394444	
5.66	0.0400484	0.00125899	0.229963	0.0390406	0.0400484	0.00125899	0.229963	0.0390406	
5.68	0.0399496	0.00125208	0.229299	0.038633	0.0399496	0.00125208	0.229299	0.038633	
5.7	0.039851	0.00124498	0.228637	0.0382217	0.039851	0.00124498	0.228637	0.0382217	
5.72	0.0397524	0.00123768	0.227974	0.0378071	0.0397524	0.00123768	0.227974	0.0378071	
5.74	0.039654	0.0012302	0.227312	0.0373893	0.039654	0.0012302	0.227312	0.0373893	
5.76	0.0395557	0.00122256	0.226649	0.0369685	0.0395557	0.00122256	0.226649	0.0369685	
5.78	0.0394575	0.00121476	0.225987	0.0365449	0.0394575	0.00121476	0.225987	0.0365449	
5.8	0.0393595	0.00120682	0.225324	0.0361187	0.0393595	0.00120682	0.225324	0.0361187	
5.82	0.0392616	0.00119874	0.224661	0.0356903	0.0392616	0.00119874	0.224661	0.0356903	
5.84	0.0391638	0.00119054	0.223997	0.0352596	0.0391638	0.00119054	0.223997	0.0352596	
5.86	0.0390662	0.00118223	0.223332	0.0348271	0.0390662	0.00118223	0.223332	0.0348271	
5.88	0.0389688	0.00117381	0.222667	0.0343929	0.0389688	0.00117381	0.222667	0.0343929	
5.9	0.0388715	0.00116529	0.222001	0.0339572	0.0388715	0.00116529	0.222001	0.0339572	
5.92	0.0387744	0.00115669	0.221334	0.0335203	0.0387744	0.00115669	0.221334	0.0335203	
5.94	0.0386774	0.00114801	0.220666	0.0330823	0.0386774	0.00114801	0.220666	0.0330823	
5.96	0.0385806	0.00113926	0.219997	0.0326435	0.0385806	0.00113926	0.219997	0.0326435	
5.98	0.038484	0.00113044	0.219327	0.032204	0.038484	0.00113044	0.219327	0.032204	
6	0.0383876	0.00112156	0.218655	0.0317642	0.0383876	0.00112156	0.218655	0.0317642	
6.02	0.0382913	0.00111264	0.217982	0.0313241	0.0382913	0.00111264	0.217982	0.0313241	
6.04	0.0381953	0.00110367	0.217308	0.0308841	0.0381953	0.00110367	0.217308	0.0308841	
6.06	0.0380994	0.00109466	0.216633	0.0304443	0.0380994	0.00109466	0.216633	0.0304443	
6.08	0.0380038	0.00108562	0.215956	0.0300049	0.0380038	0.00108562	0.215956	0.0300049	
6.1	0.0379084	0.00107656	0.215278	0.0295661	0.0379084	0.00107656	0.215278	0.0295661	
6.12	0.0378131	0.00106747	0.214599	0.0291281	0.0378131	0.00106747	0.214599	0.0291281	
6.14	0.0377181	0.00105837	0.213918	0.0286911	0.0377181	0.00105837	0.213918	0.0286911	
6.16	0.0376233	0.00104926	0.213236	0.0282554	0.0376233	0.00104926	0.213236	0.0282554	
6.18	0.0375288	0.00104014	0.212552	0.027821	0.0375288	0.00104014	0.212552	0.027821	
6.2	0.0374344	0.00103103	0.211867	0.0273881	0.0374344	0.00103103	0.211867	0.0273881	
6.22	0.0373403	0.00102191	0.211181	0.026957	0.0373403	0.00102191	0.211181	0.026957	
6.24	0.0372464	0.00101281	0.210494	0.0265278	0.0372464	0.00101281	0.210494	0.0265278	
6.26	0.0371528	0.00100371	0.209805	0.0261006	0.0371528	0.00100371	0.209805	0.0261006	
6.28	0.0370594	0.000994627	0.209115	0.0256757	0.0370594	0.000994627	0.209115	0.0256757	
6.3	0.0369662	0.000985563	0.208424	0.0252532	0.0369662	0.000985563	0.208424	0.0252532	
6.32	0.0368733	0.000976521	0.207731	0.0248332	0.0368733	0.000976521	0.207731	0.0248332	
6.34	0.0367806	0.000967503	0.207038	0.0244159	0.0367806	0.000967503	0.207038	0.0244159	
6.36	0.0366882	0.000958513	0.206344	0.0240015	0.0366882	0.000958513	0.206344	0.0240015	
6.38	0.036596	0.000949553	0.205648	0.02359	0.036596	0.000949553	0.205648	0.02359	
6.4	0.0365041	0.000940626	0.204952	0.0231816	0.0365041	0.000940626	0.204952	0.0231816	
6.42	0.0364125	0.000931734	0.204255	0.0227764	0.0364125	0.000931734	0.204255	0.0227764	
6.44	0.0363211	0.00092288	0.203557	0.0223746	0.0363211	0.00092288	0.203557	0.0223746	
6.46	0.0362299	0.000914066	0.202859	0.0219762	0.0362299	0.000914066	0.202859	0.0219762	
6.48	0.0361391	0.000905294	0.20216	0.0215814	0.0361391	0.000905294	0.20216	0.0215814	
6.5	0.0360485	0.000896566	0.20146	0.0211903	0.0360485	0.000896566	0.20146	0.0211903	
6.52	0.0359582	0.000887884	0.20076	0.0208029	0.0359582	0.000887884	0.20076	0.0208029	
6.54	0.0358681	0.00087925	0.20006	0.0204194	0.0358681	0.00087925	0.20006	0.0204194	
6.56	0.0357784	0.000870665	0.19936	0.0200398	0.0357784	0.000870665	0.19936	0.0200398	
6.58	0.0356889	0.000862131	0.198659	0.0196643	0.0356889	0.000862131	0.198659	0.0196643	
6.6	0.0355996	0.000853649	0.197958	0.0192928	0.0355996	0.000853649	0.197958	0.0192928	
6.62	0.0355107	0.000845221	0.197258	0.0189256	0.0355107	0.000845221	0.197258	0.0189256	
6.64	0.035422	0.000836847	0.196557	0.0185625	0.035422	0.000836847	0.196557	0.0185625	
6.66	0.0353337	0.000828529	0.195857	0.0182038	0.0353337	0.000828529	0.195857	0.0182038	
6.68	0.0352456	0.000820269	0.195156	0.0178494	0.0352456	0.000820269	0.195156	0.0178494	
6.7	0.0351578	0.000812066	0.194457	0.0174994	0.0351578	0.000812066	0.194457	0.0174994	
6.72	0.0350703	0.000803922	0.193758	0.0171538	0.0350703	0.000803922	0.193758	0.0171538	
6.74	0.034983	0.000795838	0.193059	0.0168127	0.034983	0.000795838	0.193059	0.0168127	
6.76	0.0348961	0.000787815	0.192361	0.0164761	0.0348961	0.000787815	0.192361	0.0164761	
6.78	0.0348095	0.000779852	0.191664	0.0161441	0.0348095	0.000779852	0.191664	0.0161441	
6.8	0.0347231	0.000771952	0.190968	0.0158166	0.0347231	0.000771952	0.190968	0.0158166	
6.82	0.034637	0.000764114	0.190272	0.0154938	0.034637	0.000764114	0.190272	0.0154938	
6.84	0.0345513	0.000756338	0.189578	0.0151755	0.0345513	0.000756338	0.189578	0.0151755	
6.86	0.0344658	0.000748626	0.188885	0.0148619	0.0344658	0.000748626	0.188885	0.0148619	
6.88	0.0343806	0.000740978	0.188193	0.0145528	0.0343806	0.000740978	0.188193	0.0145528	
6.9	0.0342957	0.000733393	0.187503	0.0142484	0.0342957	0.000733393	0.187503	0.0142484	
6.92	0.0342111	0.000725874	0.186814	0.0139487	0.0342111	0.000725874	0.186814	0.0139487	
6.94	0.0341268	0.000718418	0.186126	0.0136536	0.0341268	0.000718418	0.186126	0.0136536	
6.96	0.0340428	0.000711028	0.18544	0.013363	0.0340428	0.000711028	0.18544	0.013363	
6.98	0.0339591	0.000703702	0.184755	0.0130771	0.0339591	0.000703702	0.184755	0.0130771	
7	0.0338757	0.000696442	0.184073	0.0127958	0.0338757	0.000696442	0.184073	0.0127958	
7.02	0.0337926	0.000689246	0.183392	0.0125191	0.0337926	0.000689246	0.183392	0.0125191	
7.04	0.0337098	0.000682116	0.182713	0.012247	0.0337098	0.000682116	0.182713	0.012247	
7.06	0.0336273	0.000675051	0.182036	0.0119794	0.0336273	0.000675051	0.182036	0.0119794	
7.08	0.0335451	0.000668052	0.181361	0.0117163	0.0335451	0.000668052	0.181361	0.0117163	
7.1	0.0334632	0.000661117	0.180688	0.0114577	0.0334632	0.000661117	0.180688	0.0114577	
7.12	0.0333816	0.000654248	0.180017	0.0112036	0.0333816	0.000654248	0.180017	0.0112036	
7.14	0.0333003	0.000647444	0.179348	0.0109539	0.0333003	0.000647444	0.179348	0.0109539	
7.16	0.0332193	0.000640704	0.178682	0.0107086	0.0332193	0.000640704	0.178682	0.0107086	
7.18	0.0331386	0.000634029	0.178018	0.0104677	0.0331386	0.000634029	0.178018	0.0104677	
7.2	0.0330581	0.000627419	0.177357	0.0102311	0.0330581	0.000627419	0.177357	0.0102311	
7.22	0.032978	0.000620873	0.176698	0.00999874	0.032978	0.000620873	0.176698	0.00999874	
7.24	0.0328982	0.000614391	0.176042	0.00977067	0.0328982	0.000614391	0.176042	0.00977067	
7.26	0.0328187	0.000607972	0.175388	0.0095468	0.0328187	0.000607972	0.175388	0.0095468	
7.28	0.0327395	0.000601618	0.174737	0.0093271	0.0327395	0.000601618	0.174737	0.0093271	
7.3	0.0326606	0.000595326	0.174088	0.00911151	0.0326606	0.000595326	0.174088	0.00911151	
7.32	0.0325819	0.000589098	0.173442	0.0089	0.0325819	0.000589098	0.173442	0.0089	
7.34	0.0325036	0.000582932	0.172799	0.00869251	0.0325036	0.000582932	0.172799	0.00869251	
7.36	0.0324256	0.000576829	0.172159	0.008489	0.0324256	0.000576829	0.172159	0.008489	
7.38	0.0323478	0.000570787	0.171522	0.00828941	0.0323478	0.000570787	0.171522	0.00828941	
7.4	0.0322704	0.000564808	0.170887	0.00809371	0.0322704	0.000564808	0.170887	0.00809371	
7.42	0.0321933	0.000558889	0.170256	0.00790183	0.0321933	0.000558889	0.170256	0.00790183	
7.44	0.0321164	0.000553031	0.169628	0.00771373	0.0321164	0.000553031	0.169628	0.00771373	
7.46	0.0320399	0.000547234	0.169002	0.00752936	0.0320399	0.000547234	0.169002	0.00752936	
7.48	0.0319636	0.000541497	0.16838	0.00734865	0.0319636	0.000541497	0.16838	0.00734865	
7.5	0.0318877	0.000535819	0.16776	0.00717157	0.0318877	0.000535819	0.16776	0.00717157	
7.52	0.031812	0.000530201	0.167144	0.00699806	0.031812	0.000530201	0.167144	0.00699806	
7.54	0.0317366	0.000524642	0.166531	0.00682807	0.0317366	0.000524642	0.166531	0.00682807	
7.56	0.0316615	0.000519141	0.165921	0.00666154	0.0316615	0.000519141	0.165921	0.00666154	
7.58	0.0315867	0.000513698	0.165314	0.00649842	0.0315867	0.000513698	0.165314	0.00649842	
7.6	0.0315122	0.000508312	0.16471	0.00633865	0.0315122	0.000508312	0.16471	0.00633865	
7.62	0.031438	0.000502983	0.16411	0.00618219	0.031438	0.000502983	0.16411	0.00618219	
7.64	0.0313641	0.000497711	0.163512	0.00602898	0.0313641	0.000497711	0.163512	0.00602898	
7.66	0.0312904	0.000492496	0.162918	0.00587897	0.0312904	0.000492496	0.162918	0.00587897	
7.68	0.0312171	0.000487335	0.162327	0.0057321	0.0312171	0.000487335	0.162327	0.0057321	
7.7	0.031144	0.00048223	0.16174	0.00558832	0.031144	0.00048223	0.16174	0.00558832	
7.72	0.0310712	0.00047718	0.161156	0.00544758	0.0310712	0.00047718	0.161156	0.00544758	
7.74	0.0309987	0.000472184	0.160575	0.00530983	0.0309987	0.000472184	0.160575	0.00530983	
7.76	0.0309265	0.000467242	0.159997	0.00517501	0.0309265	0.000467242	0.159997	0.00517501	
7.78	0.0308546	0.000462353	0.159423	0.00504307	0.0308546	0.000462353	0.159423	0.00504307	
7.8	0.030783	0.000457517	0.158851	0.00491397	0.030783	0.000457517	0.158851	0.00491397	
7.82	0.0307116	0.000452733	0.158284	0.00478765	0.0307116	0.000452733	0.158284	0.00478765	
7.84	0.0306405	0.000448001	0.157719	0.00466406	0.0306405	0.000448001	0.157719	0.00466406	
7.86	0.0305697	0.000443321	0.157158	0.00454315	0.0305697	0.000443321	0.157158	0.00454315	
7.88	0.0304992	0.000438691	0.1566	0.00442486	0.0304992	0.000438691	0.1566	0.00442486	
7.9	0.030429	0.000434112	0.156045	0.00430917	0.030429	0.000434112	0.156045	0.00430917	
7.92	0.030359	0.000429582	0.155494	0.004196	0.030359	0.000429582	0.155494	0.004196	
7.94	0.0302893	0.000425102	0.154946	0.00408532	0.0302893	0.000425102	0.154946	0.00408532	
7.96	0.0302199	0.000420671	0.154401	0.00397708	0.0302199	0.000420671	0.154401	0.00397708	
7.98	0.0301507	0.000416289	0.15386	0.00387122	0.0301507	0.000416289	0.15386	0.00387122	
8	0.0300819	0.000411954	0.153322	0.00376772	0.0300819	0.000411954	0.153322	0.00376772	
8.02	0.0300133	0.000407667	0.152787	0.00366651	0.0300133	0.000407667	0.152787	0.00366651	
8.04	0.0299449	0.000403427	0.152255	0.00356755	0.0299449	0.000403427	0.152255	0.00356755	
8.06	0.0298769	0.000399233	0.151727	0.00347081	0.0298769	0.000399233	0.151727	0.00347081	
8.08	0.0298091	0.000395086	0.151202	0.00337623	0.0298091	0.000395086	0.151202	0.00337623	
8.1	0.0297416	0.000390984	0.15068	0.00328377	0.0297416	0.000390984	0.15068	0.00328377	
8.12	0.0296743	0.000386927	0.150161	0.00319339	0.0296743	0.000386927	0.150161	0.00319339	
8.14	0.0296073	0.000382915	0.149646	0.00310505	0.0296073	0.000382915	0.149646	0.00310505	
8.16	0.0295406	0.000378948	0.149134	0.0030187	0.0295406	0.000378948	0.149134	0.0030187	
8.18	0.0294742	0.000375024	0.148625	0.00293431	0.0294742	0.000375024	0.148625	0.00293431	
8.2	0.029408	0.000371143	0.148119	0.00285183	0.029408	0.000371143	0.148119	0.00285183	
8.22	0.029342	0.000367305	0.147617	0.00277123	0.029342	0.000367305	0.147617	0.00277123	
8.24	0.0292764	0.000363509	0.147117	0.00269246	0.0292764	0.000363509	0.147117	0.00269246	
8.26	0.029211	0.000359755	0.146621	0.0026155	0.029211	0.000359755	0.146621	0.0026155	
8.28	0.0291458	0.000356043	0.146128	0.00254029	0.0291458	0.000356043	0.146128	0.00254029	
8.3	0.0290809	0.000352372	0.145638	0.00246681	0.0290809	0.000352372	0.145638	0.00246681	
8.32	0.0290163	0.000348741	0.145151	0.00239501	0.0290163	0.000348741	0.145151	0.00239501	
8.34	0.0289519	0.00034515	0.144667	0.00232487	0.0289519	0.00034515	0.144667	0.00232487	
8.36	0.0288878	0.000341599	0.144186	0.00225635	0.0288878	0.000341599	0.144186	0.00225635	
8.38	0.0288239	0.000338087	0.143709	0.0021894	0.0288239	0.000338087	0.143709	0.0021894	
8.4	0.0287603	0.000334615	0.143234	0.00212401	0.0287603	0.000334615	0.143234	0.00212401	
8.42	0.0286969	0.00033118	0.142762	0.00206013	0.0286969	0.00033118	0.142762	0.00206013	
8.44	0.0286338	0.000327783	0.142294	0.00199773	0.0286338	0.000327783	0.142294	0.00199773	
8.46	0.0285709	0.000324424	0.141828	0.00193679	0.0285709	0.000324424	0.141828	0.00193679	
8.48	0.0285083	0.000321102	0.141365	0.00187726	0.0285083	0.000321102	0.141365	0.00187726	
8.5	0.0284459	0.000317817	0.140906	0.00181912	0.0284459	0.000317817	0.140906	0.00181912	
8.52	0.0283838	0.000314568	0.140449	0.00176235	0.0283838	0.000314568	0.140449	0.00176235	
8.54	0.0283219	0.000311355	0.139995	0.0017069	0.0283219	0.000311355	0.139995	0.0017069	
8.56	0.0282603	0.000308178	0.139544	0.00165275	0.0282603	0.000308178	0.139544	0.00165275	
8.58	0.0281989	0.000305035	0.139096	0.00159987	0.0281989	0.000305035	0.139096	0.00159987	
8.6	0.0281377	0.000301928	0.138651	0.00154824	0.0281377	0.000301928	0.138651	0.00154824	
8.62	0.0280768	0.000298854	0.138208	0.00149782	0.0280768	0.000298854	0.138208	0.00149782	
8.64	0.0280161	0.000295815	0.137769	0.0014486	0.0280161	0.000295815	0.137769	0.0014486	
8.66	0.0279557	0.000292809	0.137332	0.00140053	0.0279557	0.000292809	0.137332	0.00140053	
8.68	0.0278955	0.000289836	0.136898	0.00135361	0.0278955	0.000289836	0.136898	0.00135361	
8.7	0.0278355	0.000286896	0.136467	0.00130779	0.0278355	0.000286896	0.136467	0.00130779	
8.72	0.0277758	0.000283988	0.136039	0.00126307	0.0277758	0.000283988	0.136039	0.00126307	
8.74	0.0277163	0.000281112	0.135613	0.00121941	0.0277163	0.000281112	0.135613	0.00121941	
8.76	0.027657	0.000278268	0.13519	0.00117679	0.027657	0.000278268	0.13519	0.00117679	
8.78	0.027598	0.000275455	0.134769	0.00113518	0.027598	0.000275455	0.134769	0.00113518	
8.8	0.0275392	0.000272674	0.134352	0.00109457	0.0275392	0.000272674	0.134352	0.00109457	
8.82	0.0274806	0.000269922	0.133937	0.00105493	0.0274806	0.000269922	0.133937	0.00105493	
8.84	0.0274223	0.000267201	0.133524	0.00101624	0.0274223	0.000267201	0.133524	0.00101624	
8.86	0.0273642	0.00026451	0.133114	0.000978484	0.0273642	0.00026451	0.133114	0.000978484	
8.88	0.0273063	0.000261849	0.132707	0.000941632	0.0273063	0.000261849	0.132707	0.000941632	
8.9	0.0272486	0.000259216	0.132303	0.000905668	0.0272486	0.000259216	0.132303	0.000905668	
8.92	0.0271912	0.000256613	0.1319	0.000870572	0.0271912	0.000256613	0.1319	0.000870572	
8.94	0.027134	0.000254038	0.131501	0.000836324	0.027134	0.000254038	0.131501	0.000836324	
8.96	0.027077	0.000251491	0.131104	0.000802904	0.027077	0.000251491	0.131104	0.000802904	
8.98	0.0270202	0.000248972	0.130709	0.000770295	0.0270202	0.000248972	0.130709	0.000770295	
9	0.0269637	0.00024648	0.130317	0.000738478	0.0269637	0.00024648	0.130317	0.000738478	
9.02	0.0269073	0.000244016	0.129928	0.000707435	0.0269073	0.000244016	0.129928	0.000707435	
9.04	0.0268512	0.000241579	0.12954	0.000677148	0.0268512	0.000241579	0.12954	0.000677148	
9.06	0.0267953	0.000239168	0.129155	0.000647601	0.0267953	0.000239168	0.129155	0.000647601	
9.08	0.0267396	0.000236784	0.128773	0.000618776	0.0267396	0.000236784	0.128773	0.000618776	
9.1	0.0266842	0.000234425	0.128393	0.000590658	0.0266842	0.000234425	0.128393	0.000590658	
9.12	0.0266289	0.000232092	0.128015	0.00056323	0.0266289	0.000232092	0.128015	0.00056323	
9.14	0.0265739	0.000229785	0.12764	0.000536476	0.0265739	0.000229785	0.12764	0.000536476	
9.16	0.026519	0.000227503	0.127267	0.000510381	0.026519	0.000227503	0.127267	0.000510381	
9.18	0.0264644	0.000225245	0.126896	0.00048493	0.0264644	0.000225245	0.126896	0.00048493	
9.2	0.02641	0.000223012	0.126528	0.000460109	0.02641	0.000223012	0.126528	0.000460109	
9.22	0.0263558	0.000220803	0.126162	0.000435903	0.0263558	0.000220803	0.126162	0.000435903	
9.24	0.0263018	0.000218618	0.125798	0.000412297	0.0263018	0.000218618	0.125798	0.000412297	
9.26	0.026248	0.000216457	0.125436	0.000389279	0.026248	0.000216457	0.125436	0.000389279	
9.28	0.0261945	0.000214319	0.125076	0.000366836	0.0261945	0.000214319	0.125076	0.000366836	
9.3	0.0261411	0.000212205	0.124719	0.000344952	0.0261411	0.000212205	0.124719	0.000344952	
9.32	0.0260879	0.000210113	0.124364	0.000323617	0.0260879	0.000210113	0.124364	0.000323617	
9.34	0.026035	0.000208043	0.124011	0.000302818	0.026035	0.000208043	0.124011	0.000302818	
9.36	0.0259822	0.000205996	0.12366	0.000282541	0.0259822	0.000205996	0.12366	0.000282541	
9.38	0.0259296	0.000203971	0.123311	0.000262776	0.0259296	0.000203971	0.123311	0.000262776	
9.4	0.0258773	0.000201968	0.122964	0.00024351	0.0258773	0.000201968	0.122964	0.00024351	
9.42	0.0258251	0.000199987	0.12262	0.000224732	0.0258251	0.000199987	0.12262	0.000224732	
9.44	0.0257731	0.000198026	0.122277	0.000206432	0.0257731	0.000198026	0.122277	0.000206432	
9.46	0.0257213	0.000196087	0.121937	0.000188597	0.0257213	0.000196087	0.121937	0.000188597	
9.48	0.0256698	0.000194168	0.121598	0.000171217	0.0256698	0.000194168	0.121598	0.000171217	
9.5	0.0256184	0.00019227	0.121262	0.000154282	0.0256184	0.00019227	0.121262	0.000154282	
9.52	0.0255672	0.000190393	0.120928	0.000137782	0.0255672	0.000190393	0.120928	0.000137782	
9.54	0.0255162	0.000188535	0.120595	0.000121706	0.0255162	0.000188535	0.120595	0.000121706	
9.56	0.0254654	0.000186698	0.120265	0.000106045	0.0254654	0.000186698	0.120265	0.000106045	
9.58	0.0254148	0.000184879	0.119936	9.07898e-05	0.0254148	0.000184879	0.119936	9.07898e-05	
9.6	0.0253644	0.000183081	0.11961	7.59302e-05	0.0253644	0.000183081	0.11961	7.59302e-05	
9.62	0.0253141	0.000181301	0.119285	6.14575e-05	0.0253141	0.000181301	0.119285	6.14575e-05	
9.64	0.0252641	0.00017954	0.118962	4.73628e-05	0.0252641	0.00017954	0.118962	4.73628e-05	
9.66	0.0252142	0.000177798	0.118641	3.36373e-05	0.0252142	0.000177798	0.118641	3.36373e-05	
9.68	0.0251646	0.000176075	0.118322	2.02726e-05	0.0251646	0.000176075	0.118322	2.02726e-05	
9.7	0.0251151	0.00017437	0.118005	7.26038e-06	0.0251151	0.00017437	0.118005	7.26038e-06	
9.72	0.0250658	0.000172683	0.11769	-5.40754e-06	0.0250658	0.000172683	0.11769	-5.40754e-06	
9.74	0.0250167	0.000171014	0.117376	-1.77391e-05	0.0250167	0.000171014	0.117376	-1.77391e-05	
9.76	0.0249677	0.000169362	0.117064	-2.9742e-05	0.0249677	0.000169362	0.117064	-2.9742e-05	
9.78	0.024919	0.000167728	0.116754	-4.14238e-05	0.024919	0.000167728	0.116754	-4.14238e-05	
9.8	0.0248704	0.000166111	0.116446	-5.2792e-05	0.0248704	0.000166111	0.116446	-5.2792e-05	
9.82	0.024822	0.000164511	0.11614	-6.38538e-05	0.024822	0.000164511	0.11614	-6.38538e-05	
9.84	0.0247738	0.000162928	0.115835	-7.46163e-05	0.0247738	0.000162928	0.115835	-7.46163e-05	
9.86	0.0247257	0.000161362	0.115532	-8.50863e-05	0.0247257	0.000161362	0.115532	-8.50863e-05	
9.88	0.0246779	0.000159812	0.115231	-9.52707e-05	0.0246779	0.000159812	0.115231	-9.52707e-05	
9.9	0.0246302	0.000158279	0.114931	-0.000105176	0.0246302	0.000158279	0.114931	-0.000105176	
9.92	0.0245827	0.000156761	0.114634	-0.000114809	0.0245827	0.000156761	0.114634	-0.000114809	
9.94	0.0245354	0.000155259	0.114337	-0.000124175	0.0245354	0.000155259	0.114337	-0.000124175	
9.96	0.0244882	0.000153774	0.114043	-0.000133281	0.0244882	0.000153774	0.114043	-0.000133281	
9.98	0.0244412	0.000152303	0.11375	-0.000142134	0.0244412	0.000152303	0.11375	-0.000142134	
