0.0785398	0.321577	-0.0552743	0	0	0	0	0.297222	-0.100904	0.321577	-0.0552743	0	0	0	0	0.297222	-0.100904	
0.235619	0.318949	-0.0620244	0	0	0	0	0.293324	-0.105607	0.318949	-0.0620244	0	0	0	0	0.293324	-0.105607	
0.392699	0.314806	-0.0711116	0	0	0	0	0.288498	-0.111151	0.314806	-0.0711116	0	0	0	0	0.288498	-0.111151	
0.549779	0.309439	-0.0814628	0	0	0	0	0.282702	-0.117064	0.309439	-0.0814628	0	0	0	0	0.282702	-0.117064	
0.706858	0.302793	-0.0920526	0	0	0	0	0.27607	-0.123343	0.302793	-0.0920526	0	0	0	0	0.27607	-0.123343	
0.863938	0.295109	-0.102577	0	0	0	0	0.268704	-0.12947	0.295109	-0.102577	0	0	0	0	0.268704	-0.12947	
1.02102	0.286516	-0.112538	0	0	0	0	0.260688	-0.135314	0.286516	-0.112538	0	0	0	0	0.260688	-0.135314	
1.1781	0.27712	-0.121936	0	0	0	0	0.252284	-0.140739	0.27712	-0.121936	0	0	0	0	0.252284	-0.140739	
1.33518	0.267236	-0.130152	0	0	0	0	0.243576	-0.145846	0.267236	-0.130152	0	0	0	0	0.243576	-0.145846	
1.49226	0.257083	-0.137705	0	0	0	0	0.234524	-0.150291	0.257083	-0.137705	0	0	0	0	0.234524	-0.150291	
1.64934	0.24659	-0.144075	0	0	0	0	0.225379	-0.154252	0.24659	-0.144075	0	0	0	0	0.225379	-0.154252	
1.80642	0.236024	-0.149507	0	0	0	0	0.216096	-0.157478	0.236024	-0.149507	0	0	0	0	0.216096	-0.157478	
1.9635	0.225548	-0.15406	0	0	0	0	0.206876	-0.160122	0.225548	-0.15406	0	0	0	0	0.206876	-0.160122	
2.12058	0.215109	-0.15773	0	0	0	0	0.19778	-0.162195	0.215109	-0.15773	0	0	0	0	0.19778	-0.162195	
2.27765	0.204991	-0.160576	0	0	0	0	0.189	-0.163726	0.204991	-0.160576	0	0	0	0	0.189	-0.163726	
2.43473	0.195163	-0.162629	0	0	0	0	0.180426	-0.164711	0.195163	-0.162629	0	0	0	0	0.180426	-0.164711	
2.59181	0.185654	-0.164026	0	0	0	0	0.172093	-0.165229	0.185654	-0.164026	0	0	0	0	0.172093	-0.165229	
2.74889	0.176513	-0.164878	0	0	0	0	0.164072	-0.165352	0.176513	-0.164878	0	0	0	0	0.164072	-0.165352	
2.90597	0.167772	-0.16525	0	0	0	0	0.156393	-0.165126	0.167772	-0.16525	0	0	0	0	0.156393	-0.165126	
3.06305	0.159443	-0.165188	0	0	0	0	0.14906	-0.164584	0.159443	-0.165188	0	0	0	0	0.14906	-0.164584	
3.22013	0.151528	-0.16474	0	0	0	0	0.142067	-0.163756	0.151528	-0.16474	0	0	0	0	0.142067	-0.163756	
3.37721	0.144024	-0.163955	0	0	0	0	0.135405	-0.162676	0.144024	-0.163955	0	0	0	0	0.135405	-0.162676	
3.53429	0.136923	-0.162882	0	0	0	0	0.129069	-0.16138	0.136923	-0.162882	0	0	0	0	0.129069	-0.16138	
3.69137	0.130213	-0.16157	0	0	0	0	0.123051	-0.159902	0.130213	-0.16157	0	0	0	0	0.123051	-0.159902	
3.84845	0.123881	-0.16006	0	0	0	0	0.117345	-0.158273	0.123881	-0.16006	0	0	0	0	0.117345	-0.158273	
4.00553	0.117909	-0.158389	0	0	0	0	0.11194	-0.156522	0.117909	-0.158389	0	0	0	0	0.11194	-0.156522	
4.16261	0.112282	-0.15659	0	0	0	0	0.106826	-0.154673	0.112282	-0.15659	0	0	0	0	0.106826	-0.154673	
4.31969	0.106981	-0.154689	0	0	0	0	0.10199	-0.152747	0.106981	-0.154689	0	0	0	0	0.10199	-0.152747	
4.47677	0.101988	-0.15271	0	0	0	0	0.0974195	-0.150764	0.101988	-0.15271	0	0	0	0	0.0974195	-0.150764	
4.63385	0.0972868	-0.150672	0	0	0	0	0.0931015	-0.148737	0.0972868	-0.150672	0	0	0	0	0.0931015	-0.148737	
4.79093	0.0928594	-0.148592	0	0	0	0	0.0890221	-0.146682	0.0928594	-0.148592	0	0	0	0	0.0890221	-0.146682	
4.94801	0.0886894	-0.146484	0	0	0	0	0.0851684	-0.144608	0.0886894	-0.146484	0	0	0	0	0.0851684	-0.144608	
5.10509	0.0847608	-0.14436	0	0	0	0	0.0815272	-0.142527	0.0847608	-0.14436	0	0	0	0	0.0815272	-0.142527	
5.26217	0.0810584	-0.142231	0	0	0	0	0.0780862	-0.140445	0.0810584	-0.142231	0	0	0	0	0.0780862	-0.140445	
5.41925	0.077568	-0.140104	0	0	0	0	0.0748335	-0.13837	0.077568	-0.140104	0	0	0	0	0.0748335	-0.13837	
5.57633	0.0742758	-0.137988	0	0	0	0	0.0717576	-0.136308	0.0742758	-0.137988	0	0	0	0	0.0717576	-0.136308	
5.73341	0.0711692	-0.135887	0	0	0	0	0.0688479	-0.134264	0.0711692	-0.135887	0	0	0	0	0.0688479	-0.134264	
5.89049	0.0682362	-0.133807	0	0	0	0	0.0660942	-0.132241	0.0682362	-0.133807	0	0	0	0	0.0660942	-0.132241	
6.04757	0.0654655	-0.131753	0	0	0	0	0.063487	-0.130244	0.0654655	-0.131753	0	0	0	0	0.063487	-0.130244	
6.20465	0.0628466	-0.129726	0	0	0	0	0.0610173	-0.128274	0.0628466	-0.129726	0	0	0	0	0.0610173	-0.128274	
6.36173	0.0603699	-0.127731	0	0	0	0	0.0586766	-0.126334	0.0603699	-0.127731	0	0	0	0	0.0586766	-0.126334	
6.5188	0.058026	-0.125769	0	0	0	0	0.0564571	-0.124426	0.058026	-0.125769	0	0	0	0	0.0564571	-0.124426	
6.67588	0.0558066	-0.123841	0	0	0	0	0.0543514	-0.122552	0.0558066	-0.123841	0	0	0	0	0.0543514	-0.122552	
6.83296	0.0537037	-0.121949	0	0	0	0	0.0523526	-0.120711	0.0537037	-0.121949	0	0	0	0	0.0523526	-0.120711	
6.99004	0.0517099	-0.120093	0	0	0	0	0.0504541	-0.118906	0.0517099	-0.120093	0	0	0	0	0.0504541	-0.118906	
7.14712	0.0498184	-0.118275	0	0	0	0	0.04865	-0.117136	0.0498184	-0.118275	0	0	0	0	0.04865	-0.117136	
7.3042	0.0480228	-0.116494	0	0	0	0	0.0469346	-0.115402	0.0480228	-0.116494	0	0	0	0	0.0469346	-0.115402	
7.46128	0.0463171	-0.114751	0	0	0	0	0.0453026	-0.113703	0.0463171	-0.114751	0	0	0	0	0.0453026	-0.113703	
7.61836	0.0446958	-0.113046	0	0	0	0	0.0437492	-0.11204	0.0446958	-0.113046	0	0	0	0	0.0437492	-0.11204	
7.77544	0.0431539	-0.111377	0	0	0	0	0.0422696	-0.110413	0.0431539	-0.111377	0	0	0	0	0.0422696	-0.110413	
7.93252	0.0416864	-0.109746	0	0	0	0	0.0408597	-0.10882	0.0416864	-0.109746	0	0	0	0	0.0408597	-0.10882	
8.0896	0.040289	-0.108151	0	0	0	0	0.0395153	-0.107263	0.040289	-0.108151	0	0	0	0	0.0395153	-0.107263	
8.24668	0.0389574	-0.106592	0	0	0	0	0.0382327	-0.10574	0.0389574	-0.106592	0	0	0	0	0.0382327	-0.10574	
8.40376	0.0376879	-0.105069	0	0	0	0	0.0370085	-0.10425	0.0376879	-0.105069	0	0	0	0	0.0370085	-0.10425	
8.56084	0.0364768	-0.10358	0	0	0	0	0.0358393	-0.102794	0.0364768	-0.10358	0	0	0	0	0.0358393	-0.102794	
8.71792	0.0353208	-0.102125	0	0	0	0	0.0347221	-0.101371	0.0353208	-0.102125	0	0	0	0	0.0347221	-0.101371	
8.875	0.0342167	-0.100704	0	0	0	0	0.0336539	-0.099979	0.0342167	-0.100704	0	0	0	0	0.0336539	-0.099979	
9.03208	0.0331615	-0.099315	0	0	0	0	0.0326321	-0.0986186	0.0331615	-0.099315	0	0	0	0	0.0326321	-0.0986186	
9.18916	0.0321527	-0.0979581	0	0	0	0	0.0316543	-0.0972887	0.0321527	-0.0979581	0	0	0	0	0.0316543	-0.0972887	
9.34624	0.0311875	-0.0966323	0	0	0	0	0.0307179	-0.0959887	0.0311875	-0.0966323	0	0	0	0	0.0307179	-0.0959887	
9.50332	0.0302636	-0.0953369	0	0	0	0	0.0298208	-0.0947179	0.0302636	-0.0953369	0	0	0	0	0.0298208	-0.0947179	
9.6604	0.0293788	-0.094071	0	0	0	0	0.028961	-0.0934755	0.0293788	-0.094071	0	0	0	0	0.028961	-0.0934755	
9.81748	0.028531	-0.0928339	0	0	0	0	0.0281364	-0.0922609	0.028531	-0.0928339	0	0	0	0	0.0281364	-0.0922609	
9.97456	0.0277182	-0.0916249	0	0	0	0	0.0273453	-0.0910733	0.0277182	-0.0916249	0	0	0	0	0.0273453	-0.0910733	
10.1316	0.0269386	-0.0904433	0	0	0	0	0.026586	-0.089912	0.0269386	-0.0904433	0	0	0	0	0.026586	-0.089912	
10.2887	0.0261905	-0.0892882	0	0	0	0	0.0258568	-0.0887764	0.0261905	-0.0892882	0	0	0	0	0.0258568	-0.0887764	
10.4458	0.0254722	-0.088159	0	0	0	0	0.0251561	-0.0876659	0.0254722	-0.088159	0	0	0	0	0.0251561	-0.0876659	
10.6029	0.0247822	-0.0870549	0	0	0	0	0.0244827	-0.0865796	0.0247822	-0.0870549	0	0	0	0	0.0244827	-0.0865796	
10.76	0.0241191	-0.0859754	0	0	0	0	0.0238351	-0.0855171	0.0241191	-0.0859754	0	0	0	0	0.0238351	-0.0855171	
10.917	0.0234816	-0.0849196	0	0	0	0	0.0232121	-0.0844775	0.0234816	-0.0849196	0	0	0	0	0.0232121	-0.0844775	
11.0741	0.0228684	-0.083887	0	0	0	0	0.0226126	-0.0834605	0.0228684	-0.083887	0	0	0	0	0.0226126	-0.0834605	
11.2312	0.0222783	-0.0828769	0	0	0	0	0.0220352	-0.0824652	0.0222783	-0.0828769	0	0	0	0	0.0220352	-0.0824652	
11.3883	0.0217102	-0.0818887	0	0	0	0	0.0214791	-0.0814912	0.0217102	-0.0818887	0	0	0	0	0.0214791	-0.0814912	
11.5454	0.021163	-0.0809217	0	0	0	0	0.0209433	-0.0805378	0.021163	-0.0809217	0	0	0	0	0.0209433	-0.0805378	
11.7024	0.0206358	-0.0799754	0	0	0	0	0.0204267	-0.0796045	0.0206358	-0.0799754	0	0	0	0	0.0204267	-0.0796045	
11.8595	0.0201276	-0.0790491	0	0	0	0	0.0199285	-0.0786907	0.0201276	-0.0790491	0	0	0	0	0.0199285	-0.0786907	
12.0166	0.0196375	-0.0781424	0	0	0	0	0.0194478	-0.077796	0.0196375	-0.0781424	0	0	0	0	0.0194478	-0.077796	
12.1737	0.0191648	-0.0772547	0	0	0	0	0.0189839	-0.0769197	0.0191648	-0.0772547	0	0	0	0	0.0189839	-0.0769197	
12.3308	0.0187085	-0.0763855	0	0	0	0	0.018536	-0.0760614	0.0187085	-0.0763855	0	0	0	0	0.018536	-0.0760614	
12.4878	0.018268	-0.0755342	0	0	0	0	0.0181035	-0.0752206	0.018268	-0.0755342	0	0	0	0	0.0181035	-0.0752206	
12.6449	0.0178426	-0.0747003	0	0	0	0	0.0176855	-0.0743968	0.0178426	-0.0747003	0	0	0	0	0.0176855	-0.0743968	
12.802	0.0174316	-0.0738835	0	0	0	0	0.0172815	-0.0735896	0.0174316	-0.0738835	0	0	0	0	0.0172815	-0.0735896	
12.9591	0.0170344	-0.0730831	0	0	0	0	0.016891	-0.0727985	0.0170344	-0.0730831	0	0	0	0	0.016891	-0.0727985	
13.1161	0.0166503	-0.0722988	0	0	0	0	0.0165132	-0.0720231	0.0166503	-0.0722988	0	0	0	0	0.0165132	-0.0720231	
13.2732	0.0162789	-0.07153	0	0	0	0	0.0161477	-0.0712629	0.0162789	-0.07153	0	0	0	0	0.0161477	-0.0712629	
13.4303	0.0159195	-0.0707765	0	0	0	0	0.015794	-0.0705176	0.0159195	-0.0707765	0	0	0	0	0.015794	-0.0705176	
13.5874	0.0155717	-0.0700378	0	0	0	0	0.0154515	-0.0697868	0.0155717	-0.0700378	0	0	0	0	0.0154515	-0.0697868	
13.7445	0.015235	-0.0693134	0	0	0	0	0.0151199	-0.06907	0.015235	-0.0693134	0	0	0	0	0.0151199	-0.06907	
13.9015	0.0149089	-0.0686031	0	0	0	0	0.0147986	-0.0683669	0.0149089	-0.0686031	0	0	0	0	0.0147986	-0.0683669	
14.0586	0.014593	-0.0679063	0	0	0	0	0.0144872	-0.0676772	0.014593	-0.0679063	0	0	0	0	0.0144872	-0.0676772	
14.2157	0.0142869	-0.0672229	0	0	0	0	0.0141855	-0.0670005	0.0142869	-0.0672229	0	0	0	0	0.0141855	-0.0670005	
14.3728	0.0139901	-0.0665523	0	0	0	0	0.0138928	-0.0663364	0.0139901	-0.0665523	0	0	0	0	0.0138928	-0.0663364	
14.5299	0.0137024	-0.0658943	0	0	0	0	0.013609	-0.0656847	0.0137024	-0.0658943	0	0	0	0	0.013609	-0.0656847	
14.6869	0.0134233	-0.0652486	0	0	0	0	0.0133337	-0.065045	0.0134233	-0.0652486	0	0	0	0	0.0133337	-0.065045	
14.844	0.0131526	-0.0646148	0	0	0	0	0.0130664	-0.0644169	0.0131526	-0.0646148	0	0	0	0	0.0130664	-0.0644169	
15.0011	0.0128898	-0.0639926	0	0	0	0	0.012807	-0.0638003	0.0128898	-0.0639926	0	0	0	0	0.012807	-0.0638003	
15.1582	0.0126348	-0.0633817	0	0	0	0	0.0125552	-0.0631948	0.0126348	-0.0633817	0	0	0	0	0.0125552	-0.0631948	
15.3153	0.0123871	-0.0627819	0	0	0	0	0.0123105	-0.0626002	0.0123871	-0.0627819	0	0	0	0	0.0123105	-0.0626002	
15.4723	0.0121465	-0.0621928	0	0	0	0	0.0120729	-0.0620161	0.0121465	-0.0621928	0	0	0	0	0.0120729	-0.0620161	
15.6294	0.0119128	-0.0616141	0	0	0	0	0.011842	-0.0614423	0.0119128	-0.0616141	0	0	0	0	0.011842	-0.0614423	
15.7865	0.0116857	-0.0610458	0	0	0	0	0.0116175	-0.0608785	0.0116857	-0.0610458	0	0	0	0	0.0116175	-0.0608785	
15.9436	0.0114649	-0.0604873	0	0	0	0	0.0113992	-0.0603246	0.0114649	-0.0604873	0	0	0	0	0.0113992	-0.0603246	
16.1007	0.0112503	-0.0599386	0	0	0	0	0.011187	-0.0597802	0.0112503	-0.0599386	0	0	0	0	0.011187	-0.0597802	
16.2577	0.0110415	-0.0593994	0	0	0	0	0.0109806	-0.0592452	0.0110415	-0.0593994	0	0	0	0	0.0109806	-0.0592452	
16.4148	0.0108385	-0.0588694	0	0	0	0	0.0107797	-0.0587192	0.0108385	-0.0588694	0	0	0	0	0.0107797	-0.0587192	
16.5719	0.0106409	-0.0583484	0	0	0	0	0.0105842	-0.0582022	0.0106409	-0.0583484	0	0	0	0	0.0105842	-0.0582022	
16.729	0.0104486	-0.0578362	0	0	0	0	0.010394	-0.0576938	0.0104486	-0.0578362	0	0	0	0	0.010394	-0.0576938	
16.8861	0.0102615	-0.0573326	0	0	0	0	0.0102087	-0.0571938	0.0102615	-0.0573326	0	0	0	0	0.0102087	-0.0571938	
17.0431	0.0100792	-0.0568374	0	0	0	0	0.0100283	-0.0567021	0.0100792	-0.0568374	0	0	0	0	0.0100283	-0.0567021	
17.2002	0.00990176	-0.0563504	0	0	0	0	0.0098526	-0.0562185	0.00990176	-0.0563504	0	0	0	0	0.0098526	-0.0562185	
17.3573	0.00972888	-0.0558714	0	0	0	0	0.0096814	-0.0557428	0.00972888	-0.0558714	0	0	0	0	0.0096814	-0.0557428	
17.5144	0.00956044	-0.0554002	0	0	0	0	0.00951458	-0.0552748	0.00956044	-0.0554002	0	0	0	0	0.00951458	-0.0552748	
17.6715	0.00939629	-0.0549366	0	0	0	0	0.00935197	-0.0548143	0.00939629	-0.0549366	0	0	0	0	0.00935197	-0.0548143	
17.8285	0.00923629	-0.0544804	0	0	0	0	0.00919346	-0.0543611	0.00923629	-0.0544804	0	0	0	0	0.00919346	-0.0543611	
17.9856	0.0090803	-0.0540316	0	0	0	0	0.00903889	-0.0539152	0.0090803	-0.0540316	0	0	0	0	0.00903889	-0.0539152	
18.1427	0.0089282	-0.0535898	0	0	0	0	0.00888815	-0.0534762	0.0089282	-0.0535898	0	0	0	0	0.00888815	-0.0534762	
18.2998	0.00877984	-0.053155	0	0	0	0	0.0087411	-0.0530441	0.00877984	-0.053155	0	0	0	0	0.0087411	-0.0530441	
18.4569	0.00863512	-0.052727	0	0	0	0	0.00859764	-0.0526187	0.00863512	-0.052727	0	0	0	0	0.00859764	-0.0526187	
18.6139	0.00849392	-0.0523056	0	0	0	0	0.00845764	-0.0521999	0.00849392	-0.0523056	0	0	0	0	0.00845764	-0.0521999	
18.771	0.00835612	-0.0518907	0	0	0	0	0.008321	-0.0517874	0.00835612	-0.0518907	0	0	0	0	0.008321	-0.0517874	
18.9281	0.00822162	-0.0514821	0	0	0	0	0.00818761	-0.0513813	0.00822162	-0.0514821	0	0	0	0	0.00818761	-0.0513813	
19.0852	0.00809031	-0.0510798	0	0	0	0	0.00805737	-0.0509812	0.00809031	-0.0510798	0	0	0	0	0.00805737	-0.0509812	
19.2423	0.0079621	-0.0506835	0	0	0	0	0.00793018	-0.0505872	0.0079621	-0.0506835	0	0	0	0	0.00793018	-0.0505872	
19.3993	0.00783688	-0.0502931	0	0	0	0	0.00780595	-0.0501991	0.00783688	-0.0502931	0	0	0	0	0.00780595	-0.0501991	
19.5564	0.00771457	-0.0499086	0	0	0	0	0.00768459	-0.0498167	0.00771457	-0.0499086	0	0	0	0	0.00768459	-0.0498167	
19.7135	0.00759508	-0.0495297	0	0	0	0	0.00756601	-0.0494399	0.00759508	-0.0495297	0	0	0	0	0.00756601	-0.0494399	
19.8706	0.00747831	-0.0491565	0	0	0	0	0.00745013	-0.0490686	0.00747831	-0.0491565	0	0	0	0	0.00745013	-0.0490686	
20.0277	0.00736421	-0.0487886	0	0	0	0	0.00733686	-0.0487027	0.00736421	-0.0487886	0	0	0	0	0.00733686	-0.0487027	
20.1847	0.00725267	-0.0484261	0	0	0	0	0.00722614	-0.0483421	0.00725267	-0.0484261	0	0	0	0	0.00722614	-0.0483421	
20.3418	0.00714363	-0.0480688	0	0	0	0	0.00711789	-0.0479866	0.00714363	-0.0480688	0	0	0	0	0.00711789	-0.0479866	
20.4989	0.00703701	-0.0477166	0	0	0	0	0.00701202	-0.0476362	0.00703701	-0.0477166	0	0	0	0	0.00701202	-0.0476362	
20.656	0.00693274	-0.0473694	0	0	0	0	0.00690848	-0.0472907	0.00693274	-0.0473694	0	0	0	0	0.00690848	-0.0472907	
20.8131	0.00683075	-0.0470272	0	0	0	0	0.0068072	-0.0469501	0.00683075	-0.0470272	0	0	0	0	0.0068072	-0.0469501	
20.9701	0.00673098	-0.0466897	0	0	0	0	0.00670811	-0.0466143	0.00673098	-0.0466897	0	0	0	0	0.00670811	-0.0466143	
21.1272	0.00663337	-0.0463569	0	0	0	0	0.00661115	-0.0462831	0.00663337	-0.0463569	0	0	0	0	0.00661115	-0.0462831	
21.2843	0.00653785	-0.0460287	0	0	0	0	0.00651626	-0.0459565	0.00653785	-0.0460287	0	0	0	0	0.00651626	-0.0459565	
21.4414	0.00644437	-0.045705	0	0	0	0	0.00642339	-0.0456343	0.00644437	-0.045705	0	0	0	0	0.00642339	-0.0456343	
21.5984	0.00635286	-0.0453858	0	0	0	0	0.00633246	-0.0453165	0.00635286	-0.0453858	0	0	0	0	0.00633246	-0.0453165	
21.7555	0.00626327	-0.0450709	0	0	0	0	0.00624345	-0.045003	0.00626327	-0.0450709	0	0	0	0	0.00624345	-0.045003	
21.9126	0.00617555	-0.0447603	0	0	0	0	0.00615628	-0.0446938	0.00617555	-0.0447603	0	0	0	0	0.00615628	-0.0446938	
22.0697	0.00608966	-0.0444538	0	0	0	0	0.00607091	-0.0443886	0.00608966	-0.0444538	0	0	0	0	0.00607091	-0.0443886	
22.2268	0.00600553	-0.0441514	0	0	0	0	0.00598729	-0.0440875	0.00600553	-0.0441514	0	0	0	0	0.00598729	-0.0440875	
22.3838	0.00592312	-0.043853	0	0	0	0	0.00590537	-0.0437904	0.00592312	-0.043853	0	0	0	0	0.00590537	-0.0437904	
22.5409	0.00584238	-0.0435585	0	0	0	0	0.00582511	-0.0434972	0.00584238	-0.0435585	0	0	0	0	0.00582511	-0.0434972	
22.698	0.00576327	-0.0432679	0	0	0	0	0.00574647	-0.0432078	0.00576327	-0.0432679	0	0	0	0	0.00574647	-0.0432078	
22.8551	0.00568575	-0.042981	0	0	0	0	0.00566939	-0.0429221	0.00568575	-0.042981	0	0	0	0	0.00566939	-0.0429221	
23.0122	0.00560978	-0.0426979	0	0	0	0	0.00559385	-0.0426401	0.00560978	-0.0426979	0	0	0	0	0.00559385	-0.0426401	
23.1692	0.0055353	-0.0424184	0	0	0	0	0.00551979	-0.0423618	0.0055353	-0.0424184	0	0	0	0	0.00551979	-0.0423618	
23.3263	0.00546229	-0.0421425	0	0	0	0	0.00544719	-0.0420869	0.00546229	-0.0421425	0	0	0	0	0.00544719	-0.0420869	
23.4834	0.00539071	-0.0418701	0	0	0	0	0.005376	-0.0418156	0.00539071	-0.0418701	0	0	0	0	0.005376	-0.0418156	
23.6405	0.00532052	-0.0416011	0	0	0	0	0.00530618	-0.0415476	0.00532052	-0.0416011	0	0	0	0	0.00530618	-0.0415476	
23.7976	0.00525169	-0.0413355	0	0	0	0	0.00523771	-0.041283	0.00525169	-0.0413355	0	0	0	0	0.00523771	-0.041283	
23.9546	0.00518417	-0.0410732	0	0	0	0	0.00517055	-0.0410217	0.00518417	-0.0410732	0	0	0	0	0.00517055	-0.0410217	
24.1117	0.00511794	-0.0408141	0	0	0	0	0.00510466	-0.0407636	0.00511794	-0.0408141	0	0	0	0	0.00510466	-0.0407636	
24.2688	0.00505296	-0.0405583	0	0	0	0	0.00504002	-0.0405087	0.00505296	-0.0405583	0	0	0	0	0.00504002	-0.0405087	
24.4259	0.00498921	-0.0403056	0	0	0	0	0.00497659	-0.0402569	0.00498921	-0.0403056	0	0	0	0	0.00497659	-0.0402569	
24.583	0.00492665	-0.0400559	0	0	0	0	0.00491434	-0.0400082	0.00492665	-0.0400559	0	0	0	0	0.00491434	-0.0400082	
24.74	0.00486525	-0.0398093	0	0	0	0	0.00485325	-0.0397624	0.00486525	-0.0398093	0	0	0	0	0.00485325	-0.0397624	
24.8971	0.00480499	-0.0395657	0	0	0	0	0.00479328	-0.0395197	0.00480499	-0.0395657	0	0	0	0	0.00479328	-0.0395197	
25.0542	0.00474583	-0.039325	0	0	0	0	0.00473441	-0.0392798	0.00474583	-0.039325	0	0	0	0	0.00473441	-0.0392798	
25.2113	0.00468776	-0.0390871	0	0	0	0	0.00467661	-0.0390427	0.00468776	-0.0390871	0	0	0	0	0.00467661	-0.0390427	
25.3684	0.00463074	-0.0388521	0	0	0	0	0.00461986	-0.0388085	0.00463074	-0.0388521	0	0	0	0	0.00461986	-0.0388085	
25.5254	0.00457474	-0.0386198	0	0	0	0	0.00456413	-0.038577	0.00457474	-0.0386198	0	0	0	0	0.00456413	-0.038577	
25.6825	0.00451976	-0.0383902	0	0	0	0	0.00450939	-0.0383482	0.00451976	-0.0383902	0	0	0	0	0.00450939	-0.0383482	
25.8396	0.00446575	-0.0381633	0	0	0	0	0.00445563	-0.038122	0.00446575	-0.0381633	0	0	0	0	0.00445563	-0.038122	
25.9967	0.0044127	-0.0379391	0	0	0	0	0.00440282	-0.0378985	0.0044127	-0.0379391	0	0	0	0	0.00440282	-0.0378985	
26.1538	0.00436059	-0.0377174	0	0	0	0	0.00435093	-0.0376775	0.00436059	-0.0377174	0	0	0	0	0.00435093	-0.0376775	
26.3108	0.00430939	-0.0374983	0	0	0	0	0.00429996	-0.0374591	0.00430939	-0.0374983	0	0	0	0	0.00429996	-0.0374591	
26.4679	0.00425908	-0.0372816	0	0	0	0	0.00424987	-0.0372431	0.00425908	-0.0372816	0	0	0	0	0.00424987	-0.0372431	
26.625	0.00420964	-0.0370675	0	0	0	0	0.00420064	-0.0370296	0.00420964	-0.0370675	0	0	0	0	0.00420064	-0.0370296	
26.7821	0.00416106	-0.0368557	0	0	0	0	0.00415227	-0.0368184	0.00416106	-0.0368557	0	0	0	0	0.00415227	-0.0368184	
26.9392	0.00411331	-0.0366463	0	0	0	0	0.00410471	-0.0366097	0.00411331	-0.0366463	0	0	0	0	0.00410471	-0.0366097	
27.0962	0.00406637	-0.0364392	0	0	0	0	0.00405797	-0.0364032	0.00406637	-0.0364392	0	0	0	0	0.00405797	-0.0364032	
27.2533	0.00402023	-0.0362345	0	0	0	0	0.00401202	-0.0361991	0.00402023	-0.0362345	0	0	0	0	0.00401202	-0.0361991	
27.4104	0.00397486	-0.036032	0	0	0	0	0.00396684	-0.0359972	0.00397486	-0.036032	0	0	0	0	0.00396684	-0.0359972	
27.5675	0.00393026	-0.0358317	0	0	0	0	0.00392241	-0.0357974	0.00393026	-0.0358317	0	0	0	0	0.00392241	-0.0357974	
27.7246	0.0038864	-0.0356336	0	0	0	0	0.00387872	-0.0355999	0.0038864	-0.0356336	0	0	0	0	0.00387872	-0.0355999	
27.8816	0.00384327	-0.0354376	0	0	0	0	0.00383576	-0.0354045	0.00384327	-0.0354376	0	0	0	0	0.00383576	-0.0354045	
28.0387	0.00380084	-0.0352438	0	0	0	0	0.0037935	-0.0352112	0.00380084	-0.0352438	0	0	0	0	0.0037935	-0.0352112	
28.1958	0.00375912	-0.0350521	0	0	0	0	0.00375193	-0.03502	0.00375912	-0.0350521	0	0	0	0	0.00375193	-0.03502	
28.3529	0.00371807	-0.0348624	0	0	0	0	0.00371104	-0.0348308	0.00371807	-0.0348624	0	0	0	0	0.00371104	-0.0348308	
28.51	0.00367769	-0.0346747	0	0	0	0	0.00367081	-0.0346436	0.00367769	-0.0346747	0	0	0	0	0.00367081	-0.0346436	
28.667	0.00363796	-0.034489	0	0	0	0	0.00363123	-0.0344584	0.00363796	-0.034489	0	0	0	0	0.00363123	-0.0344584	
28.8241	0.00359887	-0.0343053	0	0	0	0	0.00359229	-0.0342752	0.00359887	-0.0343053	0	0	0	0	0.00359229	-0.0342752	
28.9812	0.00356041	-0.0341234	0	0	0	0	0.00355396	-0.0340939	0.00356041	-0.0341234	0	0	0	0	0.00355396	-0.0340939	
29.1383	0.00352255	-0.0339435	0	0	0	0	0.00351624	-0.0339144	0.00352255	-0.0339435	0	0	0	0	0.00351624	-0.0339144	
29.2954	0.00348529	-0.0337655	0	0	0	0	0.00347911	-0.0337368	0.00348529	-0.0337655	0	0	0	0	0.00347911	-0.0337368	
29.4524	0.00344862	-0.0335893	0	0	0	0	0.00344257	-0.033561	0.00344862	-0.0335893	0	0	0	0	0.00344257	-0.033561	
29.6095	0.00341253	-0.0334149	0	0	0	0	0.0034066	-0.0333871	0.00341253	-0.0334149	0	0	0	0	0.0034066	-0.0333871	
29.7666	0.00337699	-0.0332422	0	0	0	0	0.00337119	-0.0332149	0.00337699	-0.0332422	0	0	0	0	0.00337119	-0.0332149	
29.9237	0.003342	-0.0330714	0	0	0	0	0.00333632	-0.0330444	0.003342	-0.0330714	0	0	0	0	0.00333632	-0.0330444	
30.0807	0.00330756	-0.0329022	0	0	0	0	0.00330199	-0.0328757	0.00330756	-0.0329022	0	0	0	0	0.00330199	-0.0328757	
30.2378	0.00327364	-0.0327348	0	0	0	0	0.00326819	-0.0327087	0.00327364	-0.0327348	0	0	0	0	0.00326819	-0.0327087	
30.3949	0.00324024	-0.032569	0	0	0	0	0.00323489	-0.0325433	0.00324024	-0.032569	0	0	0	0	0.00323489	-0.0325433	
30.552	0.00320734	-0.0324049	0	0	0	0	0.00320211	-0.0323796	0.00320734	-0.0324049	0	0	0	0	0.00320211	-0.0323796	
30.7091	0.00317495	-0.0322424	0	0	0	0	0.00316982	-0.0322175	0.00317495	-0.0322424	0	0	0	0	0.00316982	-0.0322175	
30.8661	0.00314304	-0.0320816	0	0	0	0	0.00313801	-0.032057	0.00314304	-0.0320816	0	0	0	0	0.00313801	-0.032057	
31.0232	0.0031116	-0.0319223	0	0	0	0	0.00310667	-0.031898	0.0031116	-0.0319223	0	0	0	0	0.00310667	-0.031898	
31.1803	0.00308064	-0.0317646	0	0	0	0	0.0030758	-0.0317407	0.00308064	-0.0317646	0	0	0	0	0.0030758	-0.0317407	
31.3374	0.00305013	-0.0316084	0	0	0	0	0.00304539	-0.0315848	0.00305013	-0.0316084	0	0	0	0	0.00304539	-0.0315848	
31.4945	0.00302007	-0.0314537	0	0	0	0	0.00301543	-0.0314305	0.00302007	-0.0314537	0	0	0	0	0.00301543	-0.0314305	
31.6515	0.00299045	-0.0313005	0	0	0	0	0.0029859	-0.0312776	0.00299045	-0.0313005	0	0	0	0	0.0029859	-0.0312776	
31.8086	0.00296127	-0.0311488	0	0	0	0	0.0029568	-0.0311262	0.00296127	-0.0311488	0	0	0	0	0.0029568	-0.0311262	
31.9657	0.00293251	-0.0309985	0	0	0	0	0.00292813	-0.0309763	0.00293251	-0.0309985	0	0	0	0	0.00292813	-0.0309763	
32.1228	0.00290416	-0.0308497	0	0	0	0	0.00289987	-0.0308278	0.00290416	-0.0308497	0	0	0	0	0.00289987	-0.0308278	
32.2799	0.00287622	-0.0307022	0	0	0	0	0.00287201	-0.0306806	0.00287622	-0.0307022	0	0	0	0	0.00287201	-0.0306806	
32.4369	0.00284869	-0.0305562	0	0	0	0	0.00284455	-0.0305349	0.00284869	-0.0305562	0	0	0	0	0.00284455	-0.0305349	
32.594	0.00282154	-0.0304115	0	0	0	0	0.00281748	-0.0303905	0.00282154	-0.0304115	0	0	0	0	0.00281748	-0.0303905	
32.7511	0.00279478	-0.0302682	0	0	0	0	0.0027908	-0.0302475	0.00279478	-0.0302682	0	0	0	0	0.0027908	-0.0302475	
32.9082	0.0027684	-0.0301262	0	0	0	0	0.00276449	-0.0301058	0.0027684	-0.0301262	0	0	0	0	0.00276449	-0.0301058	
33.0653	0.00274239	-0.0299855	0	0	0	0	0.00273855	-0.0299654	0.00274239	-0.0299855	0	0	0	0	0.00273855	-0.0299654	
33.2223	0.00271674	-0.0298462	0	0	0	0	0.00271298	-0.0298263	0.00271674	-0.0298462	0	0	0	0	0.00271298	-0.0298263	
33.3794	0.00269145	-0.0297081	0	0	0	0	0.00268775	-0.0296885	0.00269145	-0.0297081	0	0	0	0	0.00268775	-0.0296885	
33.5365	0.00266651	-0.0295712	0	0	0	0	0.00266288	-0.0295519	0.00266651	-0.0295712	0	0	0	0	0.00266288	-0.0295519	
33.6936	0.00264191	-0.0294356	0	0	0	0	0.00263835	-0.0294166	0.00264191	-0.0294356	0	0	0	0	0.00263835	-0.0294166	
33.8507	0.00261765	-0.0293013	0	0	0	0	0.00261416	-0.0292825	0.00261765	-0.0293013	0	0	0	0	0.00261416	-0.0292825	
34.0077	0.00259372	-0.0291681	0	0	0	0	0.00259029	-0.0291496	0.00259372	-0.0291681	0	0	0	0	0.00259029	-0.0291496	
34.1648	0.00257012	-0.0290361	0	0	0	0	0.00256676	-0.0290179	0.00257012	-0.0290361	0	0	0	0	0.00256676	-0.0290179	
34.3219	0.00254684	-0.0289054	0	0	0	0	0.00254353	-0.0288873	0.00254684	-0.0289054	0	0	0	0	0.00254353	-0.0288873	
34.479	0.00252387	-0.0287757	0	0	0	0	0.00252063	-0.028758	0.00252387	-0.0287757	0	0	0	0	0.00252063	-0.028758	
34.6361	0.00250122	-0.0286473	0	0	0	0	0.00249803	-0.0286297	0.00250122	-0.0286473	0	0	0	0	0.00249803	-0.0286297	
34.7931	0.00247886	-0.0285199	0	0	0	0	0.00247573	-0.0285026	0.00247886	-0.0285199	0	0	0	0	0.00247573	-0.0285026	
34.9502	0.0024568	-0.0283937	0	0	0	0	0.00245372	-0.0283766	0.0024568	-0.0283937	0	0	0	0	0.00245372	-0.0283766	
35.1073	0.00243504	-0.0282686	0	0	0	0	0.00243201	-0.0282518	0.00243504	-0.0282686	0	0	0	0	0.00243201	-0.0282518	
35.2644	0.00241356	-0.0281446	0	0	0	0	0.00241059	-0.0281279	0.00241356	-0.0281446	0	0	0	0	0.00241059	-0.0281279	
35.4215	0.00239236	-0.0280216	0	0	0	0	0.00238944	-0.0280052	0.00239236	-0.0280216	0	0	0	0	0.00238944	-0.0280052	
35.5785	0.00237144	-0.0278997	0	0	0	0	0.00236857	-0.0278835	0.00237144	-0.0278997	0	0	0	0	0.00236857	-0.0278835	
35.7356	0.00235079	-0.0277789	0	0	0	0	0.00234798	-0.0277629	0.00235079	-0.0277789	0	0	0	0	0.00234798	-0.0277629	
35.8927	0.00233042	-0.0276591	0	0	0	0	0.00232765	-0.0276433	0.00233042	-0.0276591	0	0	0	0	0.00232765	-0.0276433	
36.0498	0.0023103	-0.0275403	0	0	0	0	0.00230758	-0.0275247	0.0023103	-0.0275403	0	0	0	0	0.00230758	-0.0275247	
36.2069	0.00229044	-0.0274225	0	0	0	0	0.00228777	-0.0274071	0.00229044	-0.0274225	0	0	0	0	0.00228777	-0.0274071	
36.3639	0.00227084	-0.0273057	0	0	0	0	0.00226821	-0.0272906	0.00227084	-0.0273057	0	0	0	0	0.00226821	-0.0272906	
36.521	0.00225149	-0.0271899	0	0	0	0	0.0022489	-0.0271749	0.00225149	-0.0271899	0	0	0	0	0.0022489	-0.0271749	
36.6781	0.00223238	-0.0270751	0	0	0	0	0.00222984	-0.0270603	0.00223238	-0.0270751	0	0	0	0	0.00222984	-0.0270603	
36.8352	0.00221352	-0.0269613	0	0	0	0	0.00221102	-0.0269466	0.00221352	-0.0269613	0	0	0	0	0.00221102	-0.0269466	
36.9923	0.00219489	-0.0268483	0	0	0	0	0.00219243	-0.0268339	0.00219489	-0.0268483	0	0	0	0	0.00219243	-0.0268339	
37.1493	0.00217649	-0.0267363	0	0	0	0	0.00217408	-0.0267221	0.00217649	-0.0267363	0	0	0	0	0.00217408	-0.0267221	
37.3064	0.00215833	-0.0266253	0	0	0	0	0.00215595	-0.0266112	0.00215833	-0.0266253	0	0	0	0	0.00215595	-0.0266112	
37.4635	0.00214039	-0.0265151	0	0	0	0	0.00213805	-0.0265012	0.00214039	-0.0265151	0	0	0	0	0.00213805	-0.0265012	
37.6206	0.00212267	-0.0264059	0	0	0	0	0.00212038	-0.0263921	0.00212267	-0.0264059	0	0	0	0	0.00212038	-0.0263921	
37.7777	0.00210518	-0.0262975	0	0	0	0	0.00210292	-0.026284	0.00210518	-0.0262975	0	0	0	0	0.00210292	-0.026284	
37.9347	0.00208789	-0.0261901	0	0	0	0	0.00208567	-0.0261766	0.00208789	-0.0261901	0	0	0	0	0.00208567	-0.0261766	
38.0918	0.00207082	-0.0260835	0	0	0	0	0.00206863	-0.0260702	0.00207082	-0.0260835	0	0	0	0	0.00206863	-0.0260702	
38.2489	0.00205396	-0.0259777	0	0	0	0	0.00205181	-0.0259646	0.00205396	-0.0259777	0	0	0	0	0.00205181	-0.0259646	
38.406	0.0020373	-0.0258728	0	0	0	0	0.00203518	-0.0258599	0.0020373	-0.0258728	0	0	0	0	0.00203518	-0.0258599	
38.563	0.00202084	-0.0257687	0	0	0	0	0.00201876	-0.025756	0.00202084	-0.0257687	0	0	0	0	0.00201876	-0.025756	
38.7201	0.00200459	-0.0256655	0	0	0	0	0.00200253	-0.0256529	0.00200459	-0.0256655	0	0	0	0	0.00200253	-0.0256529	
38.8772	0.00198852	-0.0255631	0	0	0	0	0.0019865	-0.0255506	0.00198852	-0.0255631	0	0	0	0	0.0019865	-0.0255506	
39.0343	0.00197265	-0.0254615	0	0	0	0	0.00197066	-0.0254492	0.00197265	-0.0254615	0	0	0	0	0.00197066	-0.0254492	
39.1914	0.00195697	-0.0253607	0	0	0	0	0.00195501	-0.0253485	0.00195697	-0.0253607	0	0	0	0	0.00195501	-0.0253485	
39.3484	0.00194147	-0.0252607	0	0	0	0	0.00193955	-0.0252486	0.00194147	-0.0252607	0	0	0	0	0.00193955	-0.0252486	
39.5055	0.00192616	-0.0251614	0	0	0	0	0.00192426	-0.0251495	0.00192616	-0.0251614	0	0	0	0	0.00192426	-0.0251495	
39.6626	0.00191102	-0.025063	0	0	0	0	0.00190916	-0.0250512	0.00191102	-0.025063	0	0	0	0	0.00190916	-0.0250512	
39.8197	0.00189607	-0.0249653	0	0	0	0	0.00189423	-0.0249536	0.00189607	-0.0249653	0	0	0	0	0.00189423	-0.0249536	
39.9768	0.00188128	-0.0248683	0	0	0	0	0.00187948	-0.0248568	0.00188128	-0.0248683	0	0	0	0	0.00187948	-0.0248568	
40.1338	0.00186667	-0.0247721	0	0	0	0	0.00186489	-0.0247608	0.00186667	-0.0247721	0	0	0	0	0.00186489	-0.0247608	
40.2909	0.00185223	-0.0246766	0	0	0	0	0.00185048	-0.0246654	0.00185223	-0.0246766	0	0	0	0	0.00185048	-0.0246654	
40.448	0.00183796	-0.0245819	0	0	0	0	0.00183623	-0.0245708	0.00183796	-0.0245819	0	0	0	0	0.00183623	-0.0245708	
40.6051	0.00182385	-0.0244879	0	0	0	0	0.00182215	-0.0244769	0.00182385	-0.0244879	0	0	0	0	0.00182215	-0.0244769	
40.7622	0.0018099	-0.0243946	0	0	0	0	0.00180822	-0.0243838	0.0018099	-0.0243946	0	0	0	0	0.00180822	-0.0243838	
40.9192	0.00179611	-0.024302	0	0	0	0	0.00179446	-0.0242913	0.00179611	-0.024302	0	0	0	0	0.00179446	-0.0242913	
41.0763	0.00178248	-0.0242101	0	0	0	0	0.00178085	-0.0241995	0.00178248	-0.0242101	0	0	0	0	0.00178085	-0.0241995	
41.2334	0.001769	-0.0241189	0	0	0	0	0.0017674	-0.0241084	0.001769	-0.0241189	0	0	0	0	0.0017674	-0.0241084	
41.3905	0.00175567	-0.0240284	0	0	0	0	0.0017541	-0.024018	0.00175567	-0.0240284	0	0	0	0	0.0017541	-0.024018	
41.5476	0.00174249	-0.0239385	0	0	0	0	0.00174094	-0.0239282	0.00174249	-0.0239385	0	0	0	0	0.00174094	-0.0239282	
41.7046	0.00172946	-0.0238493	0	0	0	0	0.00172794	-0.0238392	0.00172946	-0.0238493	0	0	0	0	0.00172794	-0.0238392	
41.8617	0.00171658	-0.0237608	0	0	0	0	0.00171507	-0.0237507	0.00171658	-0.0237608	0	0	0	0	0.00171507	-0.0237507	
42.0188	0.00170384	-0.0236729	0	0	0	0	0.00170236	-0.023663	0.00170384	-0.0236729	0	0	0	0	0.00170236	-0.023663	
42.1759	0.00169124	-0.0235856	0	0	0	0	0.00168978	-0.0235758	0.00169124	-0.0235856	0	0	0	0	0.00168978	-0.0235758	
42.333	0.00167878	-0.023499	0	0	0	0	0.00167734	-0.0234893	0.00167878	-0.023499	0	0	0	0	0.00167734	-0.0234893	
42.49	0.00166645	-0.0234131	0	0	0	0	0.00166503	-0.0234035	0.00166645	-0.0234131	0	0	0	0	0.00166503	-0.0234035	
42.6471	0.00165426	-0.0233277	0	0	0	0	0.00165287	-0.0233182	0.00165426	-0.0233277	0	0	0	0	0.00165287	-0.0233182	
42.8042	0.00164221	-0.023243	0	0	0	0	0.00164083	-0.0232336	0.00164221	-0.023243	0	0	0	0	0.00164083	-0.0232336	
42.9613	0.00163028	-0.0231589	0	0	0	0	0.00162893	-0.0231496	0.00163028	-0.0231589	0	0	0	0	0.00162893	-0.0231496	
43.1184	0.00161849	-0.0230754	0	0	0	0	0.00161715	-0.0230662	0.00161849	-0.0230754	0	0	0	0	0.00161715	-0.0230662	
43.2754	0.00160682	-0.0229924	0	0	0	0	0.0016055	-0.0229833	0.00160682	-0.0229924	0	0	0	0	0.0016055	-0.0229833	
43.4325	0.00159528	-0.0229101	0	0	0	0	0.00159398	-0.0229011	0.00159528	-0.0229101	0	0	0	0	0.00159398	-0.0229011	
43.5896	0.00158386	-0.0228284	0	0	0	0	0.00158258	-0.0228195	0.00158386	-0.0228284	0	0	0	0	0.00158258	-0.0228195	
43.7467	0.00157256	-0.0227472	0	0	0	0	0.0015713	-0.0227384	0.00157256	-0.0227472	0	0	0	0	0.0015713	-0.0227384	
43.9038	0.00156138	-0.0226666	0	0	0	0	0.00156014	-0.0226579	0.00156138	-0.0226666	0	0	0	0	0.00156014	-0.0226579	
44.0608	0.00155033	-0.0225866	0	0	0	0	0.0015491	-0.022578	0.00155033	-0.0225866	0	0	0	0	0.0015491	-0.022578	
44.2179	0.00153938	-0.0225071	0	0	0	0	0.00153817	-0.0224986	0.00153938	-0.0225071	0	0	0	0	0.00153817	-0.0224986	
44.375	0.00152856	-0.0224282	0	0	0	0	0.00152736	-0.0224198	0.00152856	-0.0224282	0	0	0	0	0.00152736	-0.0224198	
44.5321	0.00151785	-0.0223498	0	0	0	0	0.00151667	-0.0223415	0.00151785	-0.0223498	0	0	0	0	0.00151667	-0.0223415	
44.6892	0.00150725	-0.022272	0	0	0	0	0.00150608	-0.0222637	0.00150725	-0.022272	0	0	0	0	0.00150608	-0.0222637	
44.8462	0.00149676	-0.0221947	0	0	0	0	0.00149561	-0.0221865	0.00149676	-0.0221947	0	0	0	0	0.00149561	-0.0221865	
45.0033	0.00148637	-0.022118	0	0	0	0	0.00148525	-0.0221099	0.00148637	-0.022118	0	0	0	0	0.00148525	-0.0221099	
45.1604	0.0014761	-0.0220417	0	0	0	0	0.00147499	-0.0220337	0.0014761	-0.0220417	0	0	0	0	0.00147499	-0.0220337	
45.3175	0.00146593	-0.021966	0	0	0	0	0.00146483	-0.0219581	0.00146593	-0.021966	0	0	0	0	0.00146483	-0.0219581	
45.4746	0.00145587	-0.0218908	0	0	0	0	0.00145479	-0.021883	0.00145587	-0.0218908	0	0	0	0	0.00145479	-0.021883	
45.6316	0.00144591	-0.0218162	0	0	0	0	0.00144484	-0.0218084	0.00144591	-0.0218162	0	0	0	0	0.00144484	-0.0218084	
45.7887	0.00143605	-0.021742	0	0	0	0	0.001435	-0.0217343	0.00143605	-0.021742	0	0	0	0	0.001435	-0.0217343	
45.9458	0.00142629	-0.0216683	0	0	0	0	0.00142525	-0.0216607	0.00142629	-0.0216683	0	0	0	0	0.00142525	-0.0216607	
46.1029	0.00141663	-0.0215951	0	0	0	0	0.00141561	-0.0215876	0.00141663	-0.0215951	0	0	0	0	0.00141561	-0.0215876	
46.26	0.00140707	-0.0215225	0	0	0	0	0.00140606	-0.021515	0.00140707	-0.0215225	0	0	0	0	0.00140606	-0.021515	
46.417	0.00139761	-0.0214503	0	0	0	0	0.00139661	-0.0214429	0.00139761	-0.0214503	0	0	0	0	0.00139661	-0.0214429	
46.5741	0.00138824	-0.0213785	0	0	0	0	0.00138725	-0.0213712	0.00138824	-0.0213785	0	0	0	0	0.00138725	-0.0213712	
46.7312	0.00137896	-0.0213073	0	0	0	0	0.00137799	-0.0213001	0.00137896	-0.0213073	0	0	0	0	0.00137799	-0.0213001	
46.8883	0.00136978	-0.0212365	0	0	0	0	0.00136882	-0.0212294	0.00136978	-0.0212365	0	0	0	0	0.00136882	-0.0212294	
47.0453	0.00136069	-0.0211662	0	0	0	0	0.00135974	-0.0211591	0.00136069	-0.0211662	0	0	0	0	0.00135974	-0.0211591	
47.2024	0.00135168	-0.0210964	0	0	0	0	0.00135075	-0.0210894	0.00135168	-0.0210964	0	0	0	0	0.00135075	-0.0210894	
47.3595	0.00134277	-0.021027	0	0	0	0	0.00134185	-0.02102	0.00134277	-0.021027	0	0	0	0	0.00134185	-0.02102	
47.5166	0.00133395	-0.0209581	0	0	0	0	0.00133304	-0.0209512	0.00133395	-0.0209581	0	0	0	0	0.00133304	-0.0209512	
47.6737	0.00132521	-0.0208896	0	0	0	0	0.00132431	-0.0208828	0.00132521	-0.0208896	0	0	0	0	0.00132431	-0.0208828	
47.8307	0.00131655	-0.0208215	0	0	0	0	0.00131567	-0.0208148	0.00131655	-0.0208215	0	0	0	0	0.00131567	-0.0208148	
47.9878	0.00130798	-0.0207539	0	0	0	0	0.00130711	-0.0207472	0.00130798	-0.0207539	0	0	0	0	0.00130711	-0.0207472	
48.1449	0.0012995	-0.0206868	0	0	0	0	0.00129863	-0.0206801	0.0012995	-0.0206868	0	0	0	0	0.00129863	-0.0206801	
48.302	0.00129109	-0.02062	0	0	0	0	0.00129024	-0.0206135	0.00129109	-0.02062	0	0	0	0	0.00129024	-0.0206135	
48.4591	0.00128277	-0.0205537	0	0	0	0	0.00128193	-0.0205472	0.00128277	-0.0205537	0	0	0	0	0.00128193	-0.0205472	
48.6161	0.00127453	-0.0204878	0	0	0	0	0.0012737	-0.0204814	0.00127453	-0.0204878	0	0	0	0	0.0012737	-0.0204814	
48.7732	0.00126637	-0.0204224	0	0	0	0	0.00126555	-0.020416	0.00126637	-0.0204224	0	0	0	0	0.00126555	-0.020416	
48.9303	0.00125828	-0.0203573	0	0	0	0	0.00125747	-0.020351	0.00125828	-0.0203573	0	0	0	0	0.00125747	-0.020351	
49.0874	0.00125027	-0.0202927	0	0	0	0	0.00124947	-0.0202864	0.00125027	-0.0202927	0	0	0	0	0.00124947	-0.0202864	
49.2445	0.00124234	-0.0202285	0	0	0	0	0.00124155	-0.0202223	0.00124234	-0.0202285	0	0	0	0	0.00124155	-0.0202223	
49.4015	0.00123448	-0.0201646	0	0	0	0	0.0012337	-0.0201585	0.00123448	-0.0201646	0	0	0	0	0.0012337	-0.0201585	
49.5586	0.0012267	-0.0201012	0	0	0	0	0.00122593	-0.0200951	0.0012267	-0.0201012	0	0	0	0	0.00122593	-0.0200951	
49.7157	0.00121899	-0.0200382	0	0	0	0	0.00121823	-0.0200322	0.00121899	-0.0200382	0	0	0	0	0.00121823	-0.0200322	
49.8728	0.00121135	-0.0199755	0	0	0	0	0.0012106	-0.0199696	0.00121135	-0.0199755	0	0	0	0	0.0012106	-0.0199696	
50.0299	0.00120379	-0.0199133	0	0	0	0	0.00120305	-0.0199074	0.00120379	-0.0199133	0	0	0	0	0.00120305	-0.0199074	
50.1869	0.00119629	-0.0198514	0	0	0	0	0.00119556	-0.0198456	0.00119629	-0.0198514	0	0	0	0	0.00119556	-0.0198456	
50.344	0.00118887	-0.01979	0	0	0	0	0.00118814	-0.0197842	0.00118887	-0.01979	0	0	0	0	0.00118814	-0.0197842	
50.5011	0.00118151	-0.0197289	0	0	0	0	0.0011808	-0.0197231	0.00118151	-0.0197289	0	0	0	0	0.0011808	-0.0197231	
50.6582	0.00117422	-0.0196681	0	0	0	0	0.00117352	-0.0196624	0.00117422	-0.0196681	0	0	0	0	0.00117352	-0.0196624	
50.8153	0.001167	-0.0196078	0	0	0	0	0.0011663	-0.0196021	0.001167	-0.0196078	0	0	0	0	0.0011663	-0.0196021	
50.9723	0.00115985	-0.0195478	0	0	0	0	0.00115916	-0.0195422	0.00115985	-0.0195478	0	0	0	0	0.00115916	-0.0195422	
51.1294	0.00115276	-0.0194882	0	0	0	0	0.00115208	-0.0194826	0.00115276	-0.0194882	0	0	0	0	0.00115208	-0.0194826	
51.2865	0.00114573	-0.0194289	0	0	0	0	0.00114506	-0.0194234	0.00114573	-0.0194289	0	0	0	0	0.00114506	-0.0194234	
51.4436	0.00113877	-0.01937	0	0	0	0	0.00113811	-0.0193646	0.00113877	-0.01937	0	0	0	0	0.00113811	-0.0193646	
51.6007	0.00113187	-0.0193114	0	0	0	0	0.00113122	-0.0193061	0.00113187	-0.0193114	0	0	0	0	0.00113122	-0.0193061	
51.7577	0.00112504	-0.0192532	0	0	0	0	0.00112439	-0.0192479	0.00112504	-0.0192532	0	0	0	0	0.00112439	-0.0192479	
51.9148	0.00111826	-0.0191954	0	0	0	0	0.00111762	-0.0191901	0.00111826	-0.0191954	0	0	0	0	0.00111762	-0.0191901	
52.0719	0.00111155	-0.0191379	0	0	0	0	0.00111092	-0.0191326	0.00111155	-0.0191379	0	0	0	0	0.00111092	-0.0191326	
52.229	0.0011049	-0.0190807	0	0	0	0	0.00110427	-0.0190755	0.0011049	-0.0190807	0	0	0	0	0.00110427	-0.0190755	
52.3861	0.00109831	-0.0190239	0	0	0	0	0.00109769	-0.0190188	0.00109831	-0.0190239	0	0	0	0	0.00109769	-0.0190188	
52.5431	0.00109177	-0.0189674	0	0	0	0	0.00109116	-0.0189623	0.00109177	-0.0189674	0	0	0	0	0.00109116	-0.0189623	
52.7002	0.0010853	-0.0189113	0	0	0	0	0.00108469	-0.0189062	0.0010853	-0.0189113	0	0	0	0	0.00108469	-0.0189062	
52.8573	0.00107888	-0.0188554	0	0	0	0	0.00107828	-0.0188504	0.00107888	-0.0188554	0	0	0	0	0.00107828	-0.0188504	
53.0144	0.00107251	-0.0187999	0	0	0	0	0.00107193	-0.018795	0.00107251	-0.0187999	0	0	0	0	0.00107193	-0.018795	
53.1715	0.00106621	-0.0187448	0	0	0	0	0.00106563	-0.0187399	0.00106621	-0.0187448	0	0	0	0	0.00106563	-0.0187399	
53.3285	0.00105996	-0.0186899	0	0	0	0	0.00105938	-0.018685	0.00105996	-0.0186899	0	0	0	0	0.00105938	-0.018685	
53.4856	0.00105376	-0.0186354	0	0	0	0	0.00105319	-0.0186306	0.00105376	-0.0186354	0	0	0	0	0.00105319	-0.0186306	
53.6427	0.00104762	-0.0185812	0	0	0	0	0.00104706	-0.0185764	0.00104762	-0.0185812	0	0	0	0	0.00104706	-0.0185764	
53.7998	0.00104153	-0.0185273	0	0	0	0	0.00104098	-0.0185225	0.00104153	-0.0185273	0	0	0	0	0.00104098	-0.0185225	
53.9569	0.0010355	-0.0184737	0	0	0	0	0.00103495	-0.018469	0.0010355	-0.0184737	0	0	0	0	0.00103495	-0.018469	
54.1139	0.00102951	-0.0184204	0	0	0	0	0.00102897	-0.0184157	0.00102951	-0.0184204	0	0	0	0	0.00102897	-0.0184157	
54.271	0.00102358	-0.0183674	0	0	0	0	0.00102305	-0.0183628	0.00102358	-0.0183674	0	0	0	0	0.00102305	-0.0183628	
54.4281	0.0010177	-0.0183148	0	0	0	0	0.00101717	-0.0183102	0.0010177	-0.0183148	0	0	0	0	0.00101717	-0.0183102	
54.5852	0.00101187	-0.0182624	0	0	0	0	0.00101135	-0.0182578	0.00101187	-0.0182624	0	0	0	0	0.00101135	-0.0182578	
54.7423	0.00100609	-0.0182103	0	0	0	0	0.00100557	-0.0182058	0.00100609	-0.0182103	0	0	0	0	0.00100557	-0.0182058	
54.8993	0.00100036	-0.0181585	0	0	0	0	0.000999848	-0.0181541	0.00100036	-0.0181585	0	0	0	0	0.000999848	-0.0181541	
55.0564	0.000994678	-0.0181071	0	0	0	0	0.000994171	-0.0181026	0.000994678	-0.0181071	0	0	0	0	0.000994171	-0.0181026	
55.2135	0.000989044	-0.0180559	0	0	0	0	0.000988543	-0.0180515	0.000989044	-0.0180559	0	0	0	0	0.000988543	-0.0180515	
55.3706	0.000983458	-0.0180049	0	0	0	0	0.000982963	-0.0180006	0.000983458	-0.0180049	0	0	0	0	0.000982963	-0.0180006	
55.5277	0.000977919	-0.0179543	0	0	0	0	0.000977429	-0.01795	0.000977919	-0.0179543	0	0	0	0	0.000977429	-0.01795	
55.6847	0.000972426	-0.017904	0	0	0	0	0.000971943	-0.0178997	0.000972426	-0.017904	0	0	0	0	0.000971943	-0.0178997	
55.8418	0.00096698	-0.0178539	0	0	0	0	0.000966502	-0.0178497	0.00096698	-0.0178539	0	0	0	0	0.000966502	-0.0178497	
55.9989	0.00096158	-0.0178041	0	0	0	0	0.000961106	-0.0177999	0.00096158	-0.0178041	0	0	0	0	0.000961106	-0.0177999	
56.156	0.000956224	-0.0177546	0	0	0	0	0.000955756	-0.0177505	0.000956224	-0.0177546	0	0	0	0	0.000955756	-0.0177505	
56.313	0.000950913	-0.0177054	0	0	0	0	0.00095045	-0.0177013	0.000950913	-0.0177054	0	0	0	0	0.00095045	-0.0177013	
56.4701	0.000945646	-0.0176564	0	0	0	0	0.000945188	-0.0176523	0.000945646	-0.0176564	0	0	0	0	0.000945188	-0.0176523	
56.6272	0.000940422	-0.0176078	0	0	0	0	0.00093997	-0.0176037	0.000940422	-0.0176078	0	0	0	0	0.00093997	-0.0176037	
56.7843	0.000935242	-0.0175593	0	0	0	0	0.000934794	-0.0175553	0.000935242	-0.0175593	0	0	0	0	0.000934794	-0.0175553	
56.9414	0.000930105	-0.0175112	0	0	0	0	0.000929662	-0.0175072	0.000930105	-0.0175112	0	0	0	0	0.000929662	-0.0175072	
57.0984	0.000925009	-0.0174633	0	0	0	0	0.000924571	-0.0174593	0.000925009	-0.0174633	0	0	0	0	0.000924571	-0.0174593	
57.2555	0.000919955	-0.0174156	0	0	0	0	0.000919522	-0.0174117	0.000919955	-0.0174156	0	0	0	0	0.000919522	-0.0174117	
57.4126	0.000914943	-0.0173683	0	0	0	0	0.000914514	-0.0173643	0.000914943	-0.0173683	0	0	0	0	0.000914514	-0.0173643	
57.5697	0.000909971	-0.0173211	0	0	0	0	0.000909547	-0.0173173	0.000909971	-0.0173211	0	0	0	0	0.000909547	-0.0173173	
57.7268	0.00090504	-0.0172743	0	0	0	0	0.000904621	-0.0172704	0.00090504	-0.0172743	0	0	0	0	0.000904621	-0.0172704	
57.8838	0.000900149	-0.0172277	0	0	0	0	0.000899734	-0.0172238	0.000900149	-0.0172277	0	0	0	0	0.000899734	-0.0172238	
58.0409	0.000895297	-0.0171813	0	0	0	0	0.000894887	-0.0171775	0.000895297	-0.0171813	0	0	0	0	0.000894887	-0.0171775	
58.198	0.000890484	-0.0171352	0	0	0	0	0.000890078	-0.0171314	0.000890484	-0.0171352	0	0	0	0	0.000890078	-0.0171314	
58.3551	0.00088571	-0.0170893	0	0	0	0	0.000885308	-0.0170856	0.00088571	-0.0170893	0	0	0	0	0.000885308	-0.0170856	
58.5122	0.000880974	-0.0170437	0	0	0	0	0.000880577	-0.01704	0.000880974	-0.0170437	0	0	0	0	0.000880577	-0.01704	
58.6692	0.000876276	-0.0169983	0	0	0	0	0.000875883	-0.0169946	0.000876276	-0.0169983	0	0	0	0	0.000875883	-0.0169946	
58.8263	0.000871616	-0.0169532	0	0	0	0	0.000871227	-0.0169495	0.000871616	-0.0169532	0	0	0	0	0.000871227	-0.0169495	
58.9834	0.000866992	-0.0169083	0	0	0	0	0.000866607	-0.0169046	0.000866992	-0.0169083	0	0	0	0	0.000866607	-0.0169046	
59.1405	0.000862405	-0.0168636	0	0	0	0	0.000862025	-0.01686	0.000862405	-0.0168636	0	0	0	0	0.000862025	-0.01686	
59.2976	0.000857855	-0.0168191	0	0	0	0	0.000857478	-0.0168156	0.000857855	-0.0168191	0	0	0	0	0.000857478	-0.0168156	
59.4546	0.00085334	-0.0167749	0	0	0	0	0.000852967	-0.0167714	0.00085334	-0.0167749	0	0	0	0	0.000852967	-0.0167714	
59.6117	0.000848861	-0.016731	0	0	0	0	0.000848492	-0.0167275	0.000848861	-0.016731	0	0	0	0	0.000848492	-0.0167275	
59.7688	0.000844417	-0.0166872	0	0	0	0	0.000844052	-0.0166838	0.000844417	-0.0166872	0	0	0	0	0.000844052	-0.0166838	
59.9259	0.000840008	-0.0166437	0	0	0	0	0.000839647	-0.0166403	0.000840008	-0.0166437	0	0	0	0	0.000839647	-0.0166403	
60.083	0.000835633	-0.0166004	0	0	0	0	0.000835276	-0.016597	0.000835633	-0.0166004	0	0	0	0	0.000835276	-0.016597	
60.24	0.000831292	-0.0165574	0	0	0	0	0.000830938	-0.016554	0.000831292	-0.0165574	0	0	0	0	0.000830938	-0.016554	
60.3971	0.000826985	-0.0165145	0	0	0	0	0.000826635	-0.0165112	0.000826985	-0.0165145	0	0	0	0	0.000826635	-0.0165112	
60.5542	0.000822712	-0.0164719	0	0	0	0	0.000822365	-0.0164686	0.000822712	-0.0164719	0	0	0	0	0.000822365	-0.0164686	
60.7113	0.000818471	-0.0164295	0	0	0	0	0.000818128	-0.0164262	0.000818471	-0.0164295	0	0	0	0	0.000818128	-0.0164262	
60.8684	0.000814263	-0.0163873	0	0	0	0	0.000813923	-0.016384	0.000814263	-0.0163873	0	0	0	0	0.000813923	-0.016384	
61.0254	0.000810087	-0.0163454	0	0	0	0	0.000809751	-0.0163421	0.000810087	-0.0163454	0	0	0	0	0.000809751	-0.0163421	
61.1825	0.000805944	-0.0163036	0	0	0	0	0.000805611	-0.0163004	0.000805944	-0.0163036	0	0	0	0	0.000805611	-0.0163004	
61.3396	0.000801832	-0.0162621	0	0	0	0	0.000801502	-0.0162588	0.000801832	-0.0162621	0	0	0	0	0.000801502	-0.0162588	
61.4967	0.000797751	-0.0162207	0	0	0	0	0.000797425	-0.0162175	0.000797751	-0.0162207	0	0	0	0	0.000797425	-0.0162175	
61.6538	0.000793701	-0.0161796	0	0	0	0	0.000793379	-0.0161764	0.000793701	-0.0161796	0	0	0	0	0.000793379	-0.0161764	
61.8108	0.000789683	-0.0161387	0	0	0	0	0.000789363	-0.0161356	0.000789683	-0.0161387	0	0	0	0	0.000789363	-0.0161356	
61.9679	0.000785694	-0.016098	0	0	0	0	0.000785378	-0.0160949	0.000785694	-0.016098	0	0	0	0	0.000785378	-0.0160949	
62.125	0.000781736	-0.0160575	0	0	0	0	0.000781423	-0.0160544	0.000781736	-0.0160575	0	0	0	0	0.000781423	-0.0160544	
62.2821	0.000777807	-0.0160172	0	0	0	0	0.000777498	-0.0160141	0.000777807	-0.0160172	0	0	0	0	0.000777498	-0.0160141	
62.4392	0.000773908	-0.0159771	0	0	0	0	0.000773602	-0.015974	0.000773908	-0.0159771	0	0	0	0	0.000773602	-0.015974	
62.5962	0.000770039	-0.0159372	0	0	0	0	0.000769735	-0.0159342	0.000770039	-0.0159372	0	0	0	0	0.000769735	-0.0159342	
62.7533	0.000766198	-0.0158975	0	0	0	0	0.000765897	-0.0158945	0.000766198	-0.0158975	0	0	0	0	0.000765897	-0.0158945	
62.9104	0.000762386	-0.015858	0	0	0	0	0.000762088	-0.015855	0.000762386	-0.015858	0	0	0	0	0.000762088	-0.015855	
63.0675	0.000758602	-0.0158187	0	0	0	0	0.000758307	-0.0158157	0.000758602	-0.0158187	0	0	0	0	0.000758307	-0.0158157	
63.2246	0.000754846	-0.0157795	0	0	0	0	0.000754554	-0.0157766	0.000754846	-0.0157795	0	0	0	0	0.000754554	-0.0157766	
63.3816	0.000751118	-0.0157406	0	0	0	0	0.000750829	-0.0157377	0.000751118	-0.0157406	0	0	0	0	0.000750829	-0.0157377	
63.5387	0.000747418	-0.0157019	0	0	0	0	0.000747132	-0.015699	0.000747418	-0.0157019	0	0	0	0	0.000747132	-0.015699	
63.6958	0.000743745	-0.0156633	0	0	0	0	0.000743461	-0.0156605	0.000743745	-0.0156633	0	0	0	0	0.000743461	-0.0156605	
63.8529	0.000740098	-0.015625	0	0	0	0	0.000739818	-0.0156221	0.000740098	-0.015625	0	0	0	0	0.000739818	-0.0156221	
64.01	0.000736479	-0.0155868	0	0	0	0	0.000736201	-0.015584	0.000736479	-0.0155868	0	0	0	0	0.000736201	-0.015584	
64.167	0.000732886	-0.0155488	0	0	0	0	0.000732611	-0.015546	0.000732886	-0.0155488	0	0	0	0	0.000732611	-0.015546	
64.3241	0.000729319	-0.015511	0	0	0	0	0.000729047	-0.0155082	0.000729319	-0.015511	0	0	0	0	0.000729047	-0.0155082	
64.4812	0.000725778	-0.0154734	0	0	0	0	0.000725509	-0.0154707	0.000725778	-0.0154734	0	0	0	0	0.000725509	-0.0154707	
64.6383	0.000722263	-0.015436	0	0	0	0	0.000721996	-0.0154332	0.000722263	-0.015436	0	0	0	0	0.000721996	-0.0154332	
64.7953	0.000718774	-0.0153987	0	0	0	0	0.000718509	-0.015396	0.000718774	-0.0153987	0	0	0	0	0.000718509	-0.015396	
64.9524	0.000715309	-0.0153617	0	0	0	0	0.000715047	-0.015359	0.000715309	-0.0153617	0	0	0	0	0.000715047	-0.015359	
65.1095	0.00071187	-0.0153248	0	0	0	0	0.00071161	-0.0153221	0.00071187	-0.0153248	0	0	0	0	0.00071161	-0.0153221	
65.2666	0.000708455	-0.015288	0	0	0	0	0.000708198	-0.0152854	0.000708455	-0.015288	0	0	0	0	0.000708198	-0.0152854	
65.4237	0.000705065	-0.0152515	0	0	0	0	0.00070481	-0.0152488	0.000705065	-0.0152515	0	0	0	0	0.00070481	-0.0152488	
65.5807	0.000701699	-0.0152151	0	0	0	0	0.000701447	-0.0152125	0.000701699	-0.0152151	0	0	0	0	0.000701447	-0.0152125	
65.7378	0.000698357	-0.0151789	0	0	0	0	0.000698107	-0.0151763	0.000698357	-0.0151789	0	0	0	0	0.000698107	-0.0151763	
65.8949	0.000695039	-0.0151429	0	0	0	0	0.000694791	-0.0151403	0.000695039	-0.0151429	0	0	0	0	0.000694791	-0.0151403	
66.052	0.000691744	-0.0151071	0	0	0	0	0.000691499	-0.0151045	0.000691744	-0.0151071	0	0	0	0	0.000691499	-0.0151045	
66.2091	0.000688473	-0.0150714	0	0	0	0	0.00068823	-0.0150688	0.000688473	-0.0150714	0	0	0	0	0.00068823	-0.0150688	
66.3661	0.000685225	-0.0150358	0	0	0	0	0.000684984	-0.0150333	0.000685225	-0.0150358	0	0	0	0	0.000684984	-0.0150333	
66.5232	0.000682	-0.0150005	0	0	0	0	0.000681761	-0.014998	0.000682	-0.0150005	0	0	0	0	0.000681761	-0.014998	
66.6803	0.000678797	-0.0149653	0	0	0	0	0.000678561	-0.0149628	0.000678797	-0.0149653	0	0	0	0	0.000678561	-0.0149628	
66.8374	0.000675617	-0.0149303	0	0	0	0	0.000675383	-0.0149278	0.000675617	-0.0149303	0	0	0	0	0.000675383	-0.0149278	
66.9945	0.000672459	-0.0148954	0	0	0	0	0.000672228	-0.0148929	0.000672459	-0.0148954	0	0	0	0	0.000672228	-0.0148929	
67.1515	0.000669324	-0.0148607	0	0	0	0	0.000669094	-0.0148583	0.000669324	-0.0148607	0	0	0	0	0.000669094	-0.0148583	
67.3086	0.00066621	-0.0148262	0	0	0	0	0.000665983	-0.0148237	0.00066621	-0.0148262	0	0	0	0	0.000665983	-0.0148237	
67.4657	0.000663118	-0.0147918	0	0	0	0	0.000662893	-0.0147894	0.000663118	-0.0147918	0	0	0	0	0.000662893	-0.0147894	
67.6228	0.000660047	-0.0147576	0	0	0	0	0.000659824	-0.0147552	0.000660047	-0.0147576	0	0	0	0	0.000659824	-0.0147552	
67.7799	0.000656998	-0.0147235	0	0	0	0	0.000656777	-0.0147211	0.000656998	-0.0147235	0	0	0	0	0.000656777	-0.0147211	
67.9369	0.000653969	-0.0146896	0	0	0	0	0.00065375	-0.0146873	0.000653969	-0.0146896	0	0	0	0	0.00065375	-0.0146873	
68.094	0.000650962	-0.0146559	0	0	0	0	0.000650745	-0.0146535	0.000650962	-0.0146559	0	0	0	0	0.000650745	-0.0146535	
68.2511	0.000647975	-0.0146223	0	0	0	0	0.00064776	-0.0146199	0.000647975	-0.0146223	0	0	0	0	0.00064776	-0.0146199	
68.4082	0.000645009	-0.0145888	0	0	0	0	0.000644796	-0.0145865	0.000645009	-0.0145888	0	0	0	0	0.000644796	-0.0145865	
68.5653	0.000642063	-0.0145555	0	0	0	0	0.000641852	-0.0145532	0.000642063	-0.0145555	0	0	0	0	0.000641852	-0.0145532	
68.7223	0.000639137	-0.0145224	0	0	0	0	0.000638928	-0.0145201	0.000639137	-0.0145224	0	0	0	0	0.000638928	-0.0145201	
68.8794	0.000636231	-0.0144894	0	0	0	0	0.000636024	-0.0144871	0.000636231	-0.0144894	0	0	0	0	0.000636024	-0.0144871	
69.0365	0.000633345	-0.0144566	0	0	0	0	0.00063314	-0.0144543	0.000633345	-0.0144566	0	0	0	0	0.00063314	-0.0144543	
69.1936	0.000630479	-0.0144239	0	0	0	0	0.000630275	-0.0144217	0.000630479	-0.0144239	0	0	0	0	0.000630275	-0.0144217	
69.3507	0.000627631	-0.0143914	0	0	0	0	0.00062743	-0.0143891	0.000627631	-0.0143914	0	0	0	0	0.00062743	-0.0143891	
69.5077	0.000624803	-0.014359	0	0	0	0	0.000624603	-0.0143567	0.000624803	-0.014359	0	0	0	0	0.000624603	-0.0143567	
69.6648	0.000621995	-0.0143267	0	0	0	0	0.000621796	-0.0143245	0.000621995	-0.0143267	0	0	0	0	0.000621796	-0.0143245	
69.8219	0.000619205	-0.0142946	0	0	0	0	0.000619008	-0.0142924	0.000619205	-0.0142946	0	0	0	0	0.000619008	-0.0142924	
69.979	0.000616433	-0.0142626	0	0	0	0	0.000616239	-0.0142605	0.000616433	-0.0142626	0	0	0	0	0.000616239	-0.0142605	
70.1361	0.000613681	-0.0142308	0	0	0	0	0.000613488	-0.0142287	0.000613681	-0.0142308	0	0	0	0	0.000613488	-0.0142287	
70.2931	0.000610946	-0.0141991	0	0	0	0	0.000610755	-0.014197	0.000610946	-0.0141991	0	0	0	0	0.000610755	-0.014197	
70.4502	0.00060823	-0.0141676	0	0	0	0	0.000608041	-0.0141655	0.00060823	-0.0141676	0	0	0	0	0.000608041	-0.0141655	
70.6073	0.000605532	-0.0141362	0	0	0	0	0.000605344	-0.0141341	0.000605532	-0.0141362	0	0	0	0	0.000605344	-0.0141341	
70.7644	0.000602852	-0.0141049	0	0	0	0	0.000602666	-0.0141028	0.000602852	-0.0141049	0	0	0	0	0.000602666	-0.0141028	
70.9215	0.00060019	-0.0140738	0	0	0	0	0.000600005	-0.0140717	0.00060019	-0.0140738	0	0	0	0	0.000600005	-0.0140717	
71.0785	0.000597545	-0.0140428	0	0	0	0	0.000597362	-0.0140408	0.000597545	-0.0140428	0	0	0	0	0.000597362	-0.0140408	
71.2356	0.000594917	-0.014012	0	0	0	0	0.000594736	-0.0140099	0.000594917	-0.014012	0	0	0	0	0.000594736	-0.0140099	
71.3927	0.000592307	-0.0139813	0	0	0	0	0.000592128	-0.0139792	0.000592307	-0.0139813	0	0	0	0	0.000592128	-0.0139792	
71.5498	0.000589714	-0.0139507	0	0	0	0	0.000589536	-0.0139486	0.000589714	-0.0139507	0	0	0	0	0.000589536	-0.0139486	
71.7069	0.000587138	-0.0139202	0	0	0	0	0.000586962	-0.0139182	0.000587138	-0.0139202	0	0	0	0	0.000586962	-0.0139182	
71.8639	0.000584579	-0.0138899	0	0	0	0	0.000584404	-0.0138879	0.000584579	-0.0138899	0	0	0	0	0.000584404	-0.0138879	
72.021	0.000582037	-0.0138597	0	0	0	0	0.000581863	-0.0138577	0.000582037	-0.0138597	0	0	0	0	0.000581863	-0.0138577	
72.1781	0.000579511	-0.0138297	0	0	0	0	0.000579339	-0.0138277	0.000579511	-0.0138297	0	0	0	0	0.000579339	-0.0138277	
72.3352	0.000577001	-0.0137997	0	0	0	0	0.000576831	-0.0137978	0.000577001	-0.0137997	0	0	0	0	0.000576831	-0.0137978	
72.4923	0.000574508	-0.01377	0	0	0	0	0.000574339	-0.013768	0.000574508	-0.01377	0	0	0	0	0.000574339	-0.013768	
72.6493	0.000572031	-0.0137403	0	0	0	0	0.000571863	-0.0137383	0.000572031	-0.0137403	0	0	0	0	0.000571863	-0.0137383	
72.8064	0.00056957	-0.0137107	0	0	0	0	0.000569403	-0.0137088	0.00056957	-0.0137107	0	0	0	0	0.000569403	-0.0137088	
72.9635	0.000567124	-0.0136813	0	0	0	0	0.000566959	-0.0136794	0.000567124	-0.0136813	0	0	0	0	0.000566959	-0.0136794	
73.1206	0.000564695	-0.013652	0	0	0	0	0.000564531	-0.0136501	0.000564695	-0.013652	0	0	0	0	0.000564531	-0.0136501	
73.2776	0.000562281	-0.0136229	0	0	0	0	0.000562119	-0.013621	0.000562281	-0.0136229	0	0	0	0	0.000562119	-0.013621	
73.4347	0.000559882	-0.0135938	0	0	0	0	0.000559721	-0.013592	0.000559882	-0.0135938	0	0	0	0	0.000559721	-0.013592	
73.5918	0.000557499	-0.0135649	0	0	0	0	0.000557339	-0.0135631	0.000557499	-0.0135649	0	0	0	0	0.000557339	-0.0135631	
73.7489	0.00055513	-0.0135361	0	0	0	0	0.000554973	-0.0135343	0.00055513	-0.0135361	0	0	0	0	0.000554973	-0.0135343	
73.906	0.000552777	-0.0135075	0	0	0	0	0.000552621	-0.0135056	0.000552777	-0.0135075	0	0	0	0	0.000552621	-0.0135056	
74.063	0.000550439	-0.0134789	0	0	0	0	0.000550284	-0.0134771	0.000550439	-0.0134789	0	0	0	0	0.000550284	-0.0134771	
74.2201	0.000548116	-0.0134505	0	0	0	0	0.000547962	-0.0134487	0.000548116	-0.0134505	0	0	0	0	0.000547962	-0.0134487	
74.3772	0.000545807	-0.0134222	0	0	0	0	0.000545654	-0.0134204	0.000545807	-0.0134222	0	0	0	0	0.000545654	-0.0134204	
74.5343	0.000543513	-0.013394	0	0	0	0	0.000543362	-0.0133922	0.000543513	-0.013394	0	0	0	0	0.000543362	-0.0133922	
74.6914	0.000541233	-0.0133659	0	0	0	0	0.000541083	-0.0133641	0.000541233	-0.0133659	0	0	0	0	0.000541083	-0.0133641	
74.8484	0.000538968	-0.013338	0	0	0	0	0.000538819	-0.0133362	0.000538968	-0.013338	0	0	0	0	0.000538819	-0.0133362	
75.0055	0.000536716	-0.0133101	0	0	0	0	0.000536569	-0.0133084	0.000536716	-0.0133101	0	0	0	0	0.000536569	-0.0133084	
75.1626	0.000534479	-0.0132824	0	0	0	0	0.000534333	-0.0132806	0.000534479	-0.0132824	0	0	0	0	0.000534333	-0.0132806	
75.3197	0.000532256	-0.0132548	0	0	0	0	0.000532111	-0.013253	0.000532256	-0.0132548	0	0	0	0	0.000532111	-0.013253	
75.4768	0.000530047	-0.0132273	0	0	0	0	0.000529903	-0.0132256	0.000530047	-0.0132273	0	0	0	0	0.000529903	-0.0132256	
75.6338	0.000527851	-0.0131999	0	0	0	0	0.000527708	-0.0131982	0.000527851	-0.0131999	0	0	0	0	0.000527708	-0.0131982	
75.7909	0.000525669	-0.0131726	0	0	0	0	0.000525527	-0.0131709	0.000525669	-0.0131726	0	0	0	0	0.000525527	-0.0131709	
75.948	0.0005235	-0.0131455	0	0	0	0	0.00052336	-0.0131438	0.0005235	-0.0131455	0	0	0	0	0.00052336	-0.0131438	
76.1051	0.000521345	-0.0131184	0	0	0	0	0.000521206	-0.0131168	0.000521345	-0.0131184	0	0	0	0	0.000521206	-0.0131168	
76.2622	0.000519203	-0.0130915	0	0	0	0	0.000519065	-0.0130898	0.000519203	-0.0130915	0	0	0	0	0.000519065	-0.0130898	
76.4192	0.000517075	-0.0130647	0	0	0	0	0.000516938	-0.013063	0.000517075	-0.0130647	0	0	0	0	0.000516938	-0.013063	
76.5763	0.000514959	-0.013038	0	0	0	0	0.000514823	-0.0130363	0.000514959	-0.013038	0	0	0	0	0.000514823	-0.0130363	
76.7334	0.000512856	-0.0130114	0	0	0	0	0.000512721	-0.0130097	0.000512856	-0.0130114	0	0	0	0	0.000512721	-0.0130097	
76.8905	0.000510766	-0.0129849	0	0	0	0	0.000510633	-0.0129832	0.000510766	-0.0129849	0	0	0	0	0.000510633	-0.0129832	
77.0476	0.000508689	-0.0129585	0	0	0	0	0.000508556	-0.0129569	0.000508689	-0.0129585	0	0	0	0	0.000508556	-0.0129569	
77.2046	0.000506625	-0.0129322	0	0	0	0	0.000506493	-0.0129306	0.000506625	-0.0129322	0	0	0	0	0.000506493	-0.0129306	
77.3617	0.000504573	-0.012906	0	0	0	0	0.000504442	-0.0129044	0.000504573	-0.012906	0	0	0	0	0.000504442	-0.0129044	
77.5188	0.000502533	-0.01288	0	0	0	0	0.000502404	-0.0128784	0.000502533	-0.01288	0	0	0	0	0.000502404	-0.0128784	
77.6759	0.000500506	-0.012854	0	0	0	0	0.000500377	-0.0128524	0.000500506	-0.012854	0	0	0	0	0.000500377	-0.0128524	
77.833	0.000498491	-0.0128281	0	0	0	0	0.000498363	-0.0128265	0.000498491	-0.0128281	0	0	0	0	0.000498363	-0.0128265	
77.99	0.000496488	-0.0128024	0	0	0	0	0.000496362	-0.0128008	0.000496488	-0.0128024	0	0	0	0	0.000496362	-0.0128008	
78.1471	0.000494497	-0.0127767	0	0	0	0	0.000494372	-0.0127752	0.000494497	-0.0127767	0	0	0	0	0.000494372	-0.0127752	
78.3042	0.000492518	-0.0127512	0	0	0	0	0.000492394	-0.0127496	0.000492518	-0.0127512	0	0	0	0	0.000492394	-0.0127496	
78.4613	0.000490551	-0.0127257	0	0	0	0	0.000490428	-0.0127242	0.000490551	-0.0127257	0	0	0	0	0.000490428	-0.0127242	
