-10	-0.0924609	0.000770651	-0.10529	-0.00142182	-0.0924609	0.000770651	-0.10529	-0.00142182	
-9.98	-0.0926163	0.000770664	-0.10552	-0.001435	-0.0926163	0.000770664	-0.10552	-0.001435	
-9.96	-0.0927721	0.000770581	-0.105751	-0.00144831	-0.0927721	0.000770581	-0.105751	-0.00144831	
-9.94	-0.0929283	0.000770401	-0.105984	-0.00146173	-0.0929283	0.000770401	-0.105984	-0.00146173	
-9.92	-0.093085	0.00077012	-0.106217	-0.00147527	-0.093085	0.00077012	-0.106217	-0.00147527	
-9.9	-0.093242	0.000769735	-0.106452	-0.00148894	-0.093242	0.000769735	-0.106452	-0.00148894	
-9.88	-0.0933995	0.000769245	-0.106688	-0.00150273	-0.0933995	0.000769245	-0.106688	-0.00150273	
-9.86	-0.0935574	0.000768645	-0.106924	-0.00151665	-0.0935574	0.000768645	-0.106924	-0.00151665	
-9.84	-0.0937157	0.000767933	-0.107162	-0.0015307	-0.0937157	0.000767933	-0.107162	-0.0015307	
-9.82	-0.0938745	0.000767106	-0.107401	-0.00154487	-0.0938745	0.000767106	-0.107401	-0.00154487	
-9.8	-0.0940336	0.000766161	-0.107641	-0.00155918	-0.0940336	0.000766161	-0.107641	-0.00155918	
-9.78	-0.0941932	0.000765095	-0.107882	-0.00157361	-0.0941932	0.000765095	-0.107882	-0.00157361	
-9.76	-0.0943532	0.000763904	-0.108124	-0.00158818	-0.0943532	0.000763904	-0.108124	-0.00158818	
-9.74	-0.0945136	0.000762585	-0.108368	-0.00160288	-0.0945136	0.000762585	-0.108368	-0.00160288	
-9.72	-0.0946745	0.000761135	-0.108612	-0.00161772	-0.0946745	0.000761135	-0.108612	-0.00161772	
-9.7	-0.0948358	0.000759551	-0.108858	-0.00163269	-0.0948358	0.000759551	-0.108858	-0.00163269	
-9.68	-0.0949975	0.000757828	-0.109104	-0.00164781	-0.0949975	0.000757828	-0.109104	-0.00164781	
-9.66	-0.0951596	0.000755963	-0.109352	-0.00166306	-0.0951596	0.000755963	-0.109352	-0.00166306	
-9.64	-0.0953222	0.000753952	-0.109601	-0.00167845	-0.0953222	0.000753952	-0.109601	-0.00167845	
-9.62	-0.0954852	0.000751793	-0.109851	-0.00169399	-0.0954852	0.000751793	-0.109851	-0.00169399	
-9.6	-0.0956486	0.00074948	-0.110103	-0.00170967	-0.0956486	0.00074948	-0.110103	-0.00170967	
-9.58	-0.0958125	0.00074701	-0.110355	-0.00172549	-0.0958125	0.00074701	-0.110355	-0.00172549	
-9.56	-0.0959767	0.000744379	-0.110609	-0.00174147	-0.0959767	0.000744379	-0.110609	-0.00174147	
-9.54	-0.0961415	0.000741583	-0.110864	-0.00175759	-0.0961415	0.000741583	-0.110864	-0.00175759	
-9.52	-0.0963066	0.000738617	-0.11112	-0.00177386	-0.0963066	0.000738617	-0.11112	-0.00177386	
-9.5	-0.0964722	0.000735478	-0.111377	-0.00179028	-0.0964722	0.000735478	-0.111377	-0.00179028	
-9.48	-0.0966383	0.00073216	-0.111636	-0.00180685	-0.0966383	0.00073216	-0.111636	-0.00180685	
-9.46	-0.0968048	0.00072866	-0.111896	-0.00182358	-0.0968048	0.00072866	-0.111896	-0.00182358	
-9.44	-0.0969717	0.000724973	-0.112157	-0.00184047	-0.0969717	0.000724973	-0.112157	-0.00184047	
-9.42	-0.097139	0.000721093	-0.112419	-0.00185751	-0.097139	0.000721093	-0.112419	-0.00185751	
-9.4	-0.0973068	0.000717017	-0.112683	-0.00187471	-0.0973068	0.000717017	-0.112683	-0.00187471	
-9.38	-0.0974751	0.00071274	-0.112947	-0.00189208	-0.0974751	0.00071274	-0.112947	-0.00189208	
-9.36	-0.0976438	0.000708255	-0.113213	-0.0019096	-0.0976438	0.000708255	-0.113213	-0.0019096	
-9.34	-0.0978129	0.000703559	-0.113481	-0.00192729	-0.0978129	0.000703559	-0.113481	-0.00192729	
-9.32	-0.0979825	0.000698646	-0.11375	-0.00194515	-0.0979825	0.000698646	-0.11375	-0.00194515	
-9.3	-0.0981525	0.000693511	-0.11402	-0.00196317	-0.0981525	0.000693511	-0.11402	-0.00196317	
-9.28	-0.098323	0.000688148	-0.114291	-0.00198137	-0.098323	0.000688148	-0.114291	-0.00198137	
-9.26	-0.0984939	0.000682552	-0.114564	-0.00199973	-0.0984939	0.000682552	-0.114564	-0.00199973	
-9.24	-0.0986653	0.000676716	-0.114838	-0.00201827	-0.0986653	0.000676716	-0.114838	-0.00201827	
-9.22	-0.0988371	0.000670636	-0.115113	-0.00203698	-0.0988371	0.000670636	-0.115113	-0.00203698	
-9.2	-0.0990094	0.000664306	-0.11539	-0.00205587	-0.0990094	0.000664306	-0.11539	-0.00205587	
-9.18	-0.0991822	0.000657718	-0.115668	-0.00207494	-0.0991822	0.000657718	-0.115668	-0.00207494	
-9.16	-0.0993554	0.000650868	-0.115947	-0.00209419	-0.0993554	0.000650868	-0.115947	-0.00209419	
-9.14	-0.0995291	0.000643748	-0.116228	-0.00211362	-0.0995291	0.000643748	-0.116228	-0.00211362	
-9.12	-0.0997032	0.000636352	-0.11651	-0.00213323	-0.0997032	0.000636352	-0.11651	-0.00213323	
-9.1	-0.0998778	0.000628675	-0.116794	-0.00215303	-0.0998778	0.000628675	-0.116794	-0.00215303	
-9.08	-0.100053	0.000620708	-0.117079	-0.00217302	-0.100053	0.000620708	-0.117079	-0.00217302	
-9.06	-0.100228	0.000612445	-0.117366	-0.00219319	-0.100228	0.000612445	-0.117366	-0.00219319	
-9.04	-0.100404	0.00060388	-0.117654	-0.00221356	-0.100404	0.00060388	-0.117654	-0.00221356	
-9.02	-0.100581	0.000595005	-0.117943	-0.00223412	-0.100581	0.000595005	-0.117943	-0.00223412	
-9	-0.100758	0.000585812	-0.118234	-0.00225488	-0.100758	0.000585812	-0.118234	-0.00225488	
-8.98	-0.100935	0.000576295	-0.118527	-0.00227583	-0.100935	0.000576295	-0.118527	-0.00227583	
-8.96	-0.101113	0.000566446	-0.11882	-0.00229699	-0.101113	0.000566446	-0.11882	-0.00229699	
-8.94	-0.101292	0.000556256	-0.119116	-0.00231835	-0.101292	0.000556256	-0.119116	-0.00231835	
-8.92	-0.10147	0.000545719	-0.119413	-0.0023399	-0.10147	0.000545719	-0.119413	-0.0023399	
-8.9	-0.10165	0.000534825	-0.119711	-0.00236167	-0.10165	0.000534825	-0.119711	-0.00236167	
-8.88	-0.10183	0.000523568	-0.120011	-0.00238364	-0.10183	0.000523568	-0.120011	-0.00238364	
-8.86	-0.10201	0.000511938	-0.120313	-0.00240583	-0.10201	0.000511938	-0.120313	-0.00240583	
-8.84	-0.102191	0.000499927	-0.120616	-0.00242822	-0.102191	0.000499927	-0.120616	-0.00242822	
-8.82	-0.102372	0.000487526	-0.12092	-0.00245083	-0.102372	0.000487526	-0.12092	-0.00245083	
-8.8	-0.102554	0.000474726	-0.121227	-0.00247366	-0.102554	0.000474726	-0.121227	-0.00247366	
-8.78	-0.102736	0.000461519	-0.121534	-0.0024967	-0.102736	0.000461519	-0.121534	-0.0024967	
-8.76	-0.102919	0.000447895	-0.121844	-0.00251997	-0.102919	0.000447895	-0.121844	-0.00251997	
-8.74	-0.103102	0.000433844	-0.122155	-0.00254346	-0.103102	0.000433844	-0.122155	-0.00254346	
-8.72	-0.103286	0.000419358	-0.122468	-0.00256717	-0.103286	0.000419358	-0.122468	-0.00256717	
-8.7	-0.10347	0.000404425	-0.122782	-0.00259111	-0.10347	0.000404425	-0.122782	-0.00259111	
-8.68	-0.103655	0.000389037	-0.123098	-0.00261529	-0.103655	0.000389037	-0.123098	-0.00261529	
-8.66	-0.103841	0.000373184	-0.123416	-0.00263969	-0.103841	0.000373184	-0.123416	-0.00263969	
-8.64	-0.104027	0.000356854	-0.123735	-0.00266433	-0.104027	0.000356854	-0.123735	-0.00266433	
-8.62	-0.104213	0.000340037	-0.124056	-0.00268921	-0.104213	0.000340037	-0.124056	-0.00268921	
-8.6	-0.1044	0.000322723	-0.124379	-0.00271432	-0.1044	0.000322723	-0.124379	-0.00271432	
-8.58	-0.104587	0.000304901	-0.124704	-0.00273968	-0.104587	0.000304901	-0.124704	-0.00273968	
-8.56	-0.104775	0.000286559	-0.12503	-0.00276528	-0.104775	0.000286559	-0.12503	-0.00276528	
-8.54	-0.104964	0.000267686	-0.125358	-0.00279113	-0.104964	0.000267686	-0.125358	-0.00279113	
-8.52	-0.105153	0.000248271	-0.125688	-0.00281723	-0.105153	0.000248271	-0.125688	-0.00281723	
-8.5	-0.105343	0.000228302	-0.12602	-0.00284358	-0.105343	0.000228302	-0.12602	-0.00284358	
-8.48	-0.105533	0.000207767	-0.126353	-0.00287018	-0.105533	0.000207767	-0.126353	-0.00287018	
-8.46	-0.105724	0.000186654	-0.126688	-0.00289705	-0.105724	0.000186654	-0.126688	-0.00289705	
-8.44	-0.105915	0.00016495	-0.127025	-0.00292417	-0.105915	0.00016495	-0.127025	-0.00292417	
-8.42	-0.106107	0.000142643	-0.127364	-0.00295155	-0.106107	0.000142643	-0.127364	-0.00295155	
-8.4	-0.1063	0.00011972	-0.127705	-0.0029792	-0.1063	0.00011972	-0.127705	-0.0029792	
-8.38	-0.106493	9.61684e-05	-0.128048	-0.00300711	-0.106493	9.61684e-05	-0.128048	-0.00300711	
-8.36	-0.106686	7.19745e-05	-0.128393	-0.0030353	-0.106686	7.19745e-05	-0.128393	-0.0030353	
-8.34	-0.106881	4.7125e-05	-0.128739	-0.00306376	-0.106881	4.7125e-05	-0.128739	-0.00306376	
-8.32	-0.107075	2.16062e-05	-0.129088	-0.00309249	-0.107075	2.16062e-05	-0.129088	-0.00309249	
-8.3	-0.107271	-4.59589e-06	-0.129438	-0.0031215	-0.107271	-4.59589e-06	-0.129438	-0.0031215	
-8.28	-0.107467	-3.14953e-05	-0.12979	-0.00315079	-0.107467	-3.14953e-05	-0.12979	-0.00315079	
-8.26	-0.107664	-5.91063e-05	-0.130145	-0.00318037	-0.107664	-5.91063e-05	-0.130145	-0.00318037	
-8.24	-0.107861	-8.74437e-05	-0.130501	-0.00321023	-0.107861	-8.74437e-05	-0.130501	-0.00321023	
-8.22	-0.108059	-0.000116522	-0.13086	-0.00324038	-0.108059	-0.000116522	-0.13086	-0.00324038	
-8.2	-0.108257	-0.000146357	-0.13122	-0.00327083	-0.108257	-0.000146357	-0.13122	-0.00327083	
-8.18	-0.108457	-0.000176963	-0.131582	-0.00330157	-0.108457	-0.000176963	-0.131582	-0.00330157	
-8.16	-0.108657	-0.000208355	-0.131947	-0.0033326	-0.108657	-0.000208355	-0.131947	-0.0033326	
-8.14	-0.108857	-0.000240551	-0.132314	-0.00336394	-0.108857	-0.000240551	-0.132314	-0.00336394	
-8.12	-0.109058	-0.000273565	-0.132682	-0.00339558	-0.109058	-0.000273565	-0.132682	-0.00339558	
-8.1	-0.10926	-0.000307414	-0.133053	-0.00342753	-0.10926	-0.000307414	-0.133053	-0.00342753	
-8.08	-0.109463	-0.000342114	-0.133426	-0.00345978	-0.109463	-0.000342114	-0.133426	-0.00345978	
-8.06	-0.109666	-0.000377682	-0.133801	-0.00349235	-0.109666	-0.000377682	-0.133801	-0.00349235	
-8.04	-0.10987	-0.000414134	-0.134178	-0.00352524	-0.10987	-0.000414134	-0.134178	-0.00352524	
-8.02	-0.110075	-0.000451489	-0.134558	-0.00355844	-0.110075	-0.000451489	-0.134558	-0.00355844	
-8	-0.110281	-0.000489762	-0.13494	-0.00359196	-0.110281	-0.000489762	-0.13494	-0.00359196	
-7.98	-0.110487	-0.000528972	-0.135324	-0.00362581	-0.110487	-0.000528972	-0.135324	-0.00362581	
-7.96	-0.110694	-0.000569137	-0.13571	-0.00365999	-0.110694	-0.000569137	-0.13571	-0.00365999	
-7.94	-0.110902	-0.000610274	-0.136098	-0.00369449	-0.110902	-0.000610274	-0.136098	-0.00369449	
-7.92	-0.11111	-0.000652402	-0.136489	-0.00372933	-0.11111	-0.000652402	-0.136489	-0.00372933	
-7.9	-0.111319	-0.000695539	-0.136882	-0.00376451	-0.111319	-0.000695539	-0.136882	-0.00376451	
-7.88	-0.11153	-0.000739704	-0.137278	-0.00380003	-0.11153	-0.000739704	-0.137278	-0.00380003	
-7.86	-0.111741	-0.000784916	-0.137676	-0.00383589	-0.111741	-0.000784916	-0.137676	-0.00383589	
-7.84	-0.111952	-0.000831193	-0.138076	-0.00387209	-0.111952	-0.000831193	-0.138076	-0.00387209	
-7.82	-0.112165	-0.000878556	-0.138478	-0.00390865	-0.112165	-0.000878556	-0.138478	-0.00390865	
-7.8	-0.112379	-0.000927023	-0.138883	-0.00394556	-0.112379	-0.000927023	-0.138883	-0.00394556	
-7.78	-0.112593	-0.000976614	-0.139291	-0.00398282	-0.112593	-0.000976614	-0.139291	-0.00398282	
-7.76	-0.112808	-0.00102735	-0.139701	-0.00402045	-0.112808	-0.00102735	-0.139701	-0.00402045	
-7.74	-0.113024	-0.00107925	-0.140113	-0.00405843	-0.113024	-0.00107925	-0.140113	-0.00405843	
-7.72	-0.113241	-0.00113233	-0.140528	-0.00409679	-0.113241	-0.00113233	-0.140528	-0.00409679	
-7.7	-0.113459	-0.00118662	-0.140945	-0.00413551	-0.113459	-0.00118662	-0.140945	-0.00413551	
-7.68	-0.113678	-0.00124213	-0.141365	-0.0041746	-0.113678	-0.00124213	-0.141365	-0.0041746	
-7.66	-0.113898	-0.00129889	-0.141788	-0.00421407	-0.113898	-0.00129889	-0.141788	-0.00421407	
-7.64	-0.114119	-0.00135692	-0.142213	-0.00425391	-0.114119	-0.00135692	-0.142213	-0.00425391	
-7.62	-0.114341	-0.00141624	-0.142641	-0.00429414	-0.114341	-0.00141624	-0.142641	-0.00429414	
-7.6	-0.114564	-0.00147686	-0.143071	-0.00433476	-0.114564	-0.00147686	-0.143071	-0.00433476	
-7.58	-0.114789	-0.00153882	-0.143505	-0.00437576	-0.114789	-0.00153882	-0.143505	-0.00437576	
-7.56	-0.115014	-0.00160212	-0.14394	-0.00441715	-0.115014	-0.00160212	-0.14394	-0.00441715	
-7.54	-0.11524	-0.0016668	-0.144379	-0.00445894	-0.11524	-0.0016668	-0.144379	-0.00445894	
-7.52	-0.115467	-0.00173288	-0.14482	-0.00450113	-0.115467	-0.00173288	-0.14482	-0.00450113	
-7.5	-0.115696	-0.00180037	-0.145264	-0.00454372	-0.115696	-0.00180037	-0.145264	-0.00454372	
-7.48	-0.115925	-0.00186931	-0.145711	-0.00458672	-0.115925	-0.00186931	-0.145711	-0.00458672	
-7.46	-0.116156	-0.0019397	-0.146161	-0.00463013	-0.116156	-0.0019397	-0.146161	-0.00463013	
-7.44	-0.116388	-0.00201158	-0.146614	-0.00467394	-0.116388	-0.00201158	-0.146614	-0.00467394	
-7.42	-0.116622	-0.00208496	-0.147069	-0.00471817	-0.116622	-0.00208496	-0.147069	-0.00471817	
-7.4	-0.116856	-0.00215987	-0.147527	-0.00476283	-0.116856	-0.00215987	-0.147527	-0.00476283	
-7.38	-0.117092	-0.00223632	-0.147989	-0.0048079	-0.117092	-0.00223632	-0.147989	-0.0048079	
-7.36	-0.117329	-0.00231435	-0.148453	-0.0048534	-0.117329	-0.00231435	-0.148453	-0.0048534	
-7.34	-0.117568	-0.00239398	-0.14892	-0.00489933	-0.117568	-0.00239398	-0.14892	-0.00489933	
-7.32	-0.117808	-0.00247522	-0.14939	-0.00494569	-0.117808	-0.00247522	-0.14939	-0.00494569	
-7.3	-0.118049	-0.00255809	-0.149864	-0.00499248	-0.118049	-0.00255809	-0.149864	-0.00499248	
-7.28	-0.118292	-0.00264263	-0.15034	-0.00503972	-0.118292	-0.00264263	-0.15034	-0.00503972	
-7.26	-0.118536	-0.00272885	-0.15082	-0.00508739	-0.118536	-0.00272885	-0.15082	-0.00508739	
-7.24	-0.118781	-0.00281677	-0.151302	-0.00513552	-0.118781	-0.00281677	-0.151302	-0.00513552	
-7.22	-0.119029	-0.00290642	-0.151788	-0.00518409	-0.119029	-0.00290642	-0.151788	-0.00518409	
-7.2	-0.119277	-0.00299781	-0.152277	-0.00523311	-0.119277	-0.00299781	-0.152277	-0.00523311	
-7.18	-0.119528	-0.00309098	-0.152769	-0.00528259	-0.119528	-0.00309098	-0.152769	-0.00528259	
-7.16	-0.11978	-0.00318594	-0.153265	-0.00533253	-0.11978	-0.00318594	-0.153265	-0.00533253	
-7.14	-0.120033	-0.0032827	-0.153764	-0.00538293	-0.120033	-0.0032827	-0.153764	-0.00538293	
-7.12	-0.120288	-0.0033813	-0.154266	-0.00543379	-0.120288	-0.0033813	-0.154266	-0.00543379	
-7.1	-0.120545	-0.00348176	-0.154771	-0.00548513	-0.120545	-0.00348176	-0.154771	-0.00548513	
-7.08	-0.120804	-0.00358409	-0.15528	-0.00553693	-0.120804	-0.00358409	-0.15528	-0.00553693	
-7.06	-0.121065	-0.00368832	-0.155792	-0.00558921	-0.121065	-0.00368832	-0.155792	-0.00558921	
-7.04	-0.121327	-0.00379446	-0.156308	-0.00564197	-0.121327	-0.00379446	-0.156308	-0.00564197	
-7.02	-0.121592	-0.00390253	-0.156827	-0.00569521	-0.121592	-0.00390253	-0.156827	-0.00569521	
-7	-0.121858	-0.00401257	-0.15735	-0.00574893	-0.121858	-0.00401257	-0.15735	-0.00574893	
-6.98	-0.122126	-0.00412457	-0.157876	-0.00580314	-0.122126	-0.00412457	-0.157876	-0.00580314	
-6.96	-0.122396	-0.00423858	-0.158406	-0.00585785	-0.122396	-0.00423858	-0.158406	-0.00585785	
-6.94	-0.122669	-0.00435459	-0.15894	-0.00591304	-0.122669	-0.00435459	-0.15894	-0.00591304	
-6.92	-0.122943	-0.00447263	-0.159477	-0.00596873	-0.122943	-0.00447263	-0.159477	-0.00596873	
-6.9	-0.12322	-0.00459273	-0.160018	-0.00602492	-0.12322	-0.00459273	-0.160018	-0.00602492	
-6.88	-0.123498	-0.00471489	-0.160562	-0.00608161	-0.123498	-0.00471489	-0.160562	-0.00608161	
-6.86	-0.123779	-0.00483913	-0.16111	-0.00613881	-0.123779	-0.00483913	-0.16111	-0.00613881	
-6.84	-0.124062	-0.00496547	-0.161663	-0.00619652	-0.124062	-0.00496547	-0.161663	-0.00619652	
-6.82	-0.124348	-0.00509393	-0.162218	-0.00625474	-0.124348	-0.00509393	-0.162218	-0.00625474	
-6.8	-0.124636	-0.00522452	-0.162778	-0.00631347	-0.124636	-0.00522452	-0.162778	-0.00631347	
-6.78	-0.124926	-0.00535726	-0.163342	-0.00637271	-0.124926	-0.00535726	-0.163342	-0.00637271	
-6.76	-0.125219	-0.00549216	-0.16391	-0.00643248	-0.125219	-0.00549216	-0.16391	-0.00643248	
-6.74	-0.125514	-0.00562924	-0.164481	-0.00649277	-0.125514	-0.00562924	-0.164481	-0.00649277	
-6.72	-0.125812	-0.0057685	-0.165057	-0.00655358	-0.125812	-0.0057685	-0.165057	-0.00655358	
-6.7	-0.126112	-0.00590996	-0.165637	-0.00661492	-0.126112	-0.00590996	-0.165637	-0.00661492	
-6.68	-0.126416	-0.00605364	-0.166221	-0.00667679	-0.126416	-0.00605364	-0.166221	-0.00667679	
-6.66	-0.126721	-0.00619955	-0.166809	-0.00673918	-0.126721	-0.00619955	-0.166809	-0.00673918	
-6.64	-0.12703	-0.00634768	-0.167401	-0.00680212	-0.12703	-0.00634768	-0.167401	-0.00680212	
-6.62	-0.127342	-0.00649807	-0.167997	-0.00686559	-0.127342	-0.00649807	-0.167997	-0.00686559	
-6.6	-0.127656	-0.00665071	-0.168598	-0.0069296	-0.127656	-0.00665071	-0.168598	-0.0069296	
-6.58	-0.127973	-0.00680562	-0.169203	-0.00699415	-0.127973	-0.00680562	-0.169203	-0.00699415	
-6.56	-0.128293	-0.00696279	-0.169812	-0.00705924	-0.128293	-0.00696279	-0.169812	-0.00705924	
-6.54	-0.128617	-0.00712225	-0.170426	-0.00712488	-0.128617	-0.00712225	-0.170426	-0.00712488	
-6.52	-0.128943	-0.007284	-0.171044	-0.00719106	-0.128943	-0.007284	-0.171044	-0.00719106	
-6.5	-0.129273	-0.00744803	-0.171667	-0.0072578	-0.129273	-0.00744803	-0.171667	-0.0072578	
-6.48	-0.129606	-0.00761436	-0.172294	-0.00732508	-0.129606	-0.00761436	-0.172294	-0.00732508	
-6.46	-0.129942	-0.00778299	-0.172926	-0.00739292	-0.129942	-0.00778299	-0.172926	-0.00739292	
-6.44	-0.130281	-0.00795393	-0.173562	-0.00746131	-0.130281	-0.00795393	-0.173562	-0.00746131	
-6.42	-0.130624	-0.00812717	-0.174203	-0.00753026	-0.130624	-0.00812717	-0.174203	-0.00753026	
-6.4	-0.13097	-0.00830272	-0.174849	-0.00759977	-0.13097	-0.00830272	-0.174849	-0.00759977	
-6.38	-0.13132	-0.00848058	-0.175499	-0.00766984	-0.13132	-0.00848058	-0.175499	-0.00766984	
-6.36	-0.131673	-0.00866075	-0.176155	-0.00774047	-0.131673	-0.00866075	-0.176155	-0.00774047	
-6.34	-0.13203	-0.00884323	-0.176815	-0.00781166	-0.13203	-0.00884323	-0.176815	-0.00781166	
-6.32	-0.132391	-0.00902801	-0.17748	-0.00788342	-0.132391	-0.00902801	-0.17748	-0.00788342	
-6.3	-0.132756	-0.0092151	-0.17815	-0.00795574	-0.132756	-0.0092151	-0.17815	-0.00795574	
-6.28	-0.133124	-0.00940448	-0.178824	-0.00802863	-0.133124	-0.00940448	-0.178824	-0.00802863	
-6.26	-0.133496	-0.00959616	-0.179504	-0.00810209	-0.133496	-0.00959616	-0.179504	-0.00810209	
-6.24	-0.133872	-0.00979014	-0.180189	-0.00817612	-0.133872	-0.00979014	-0.180189	-0.00817612	
-6.22	-0.134252	-0.00998639	-0.180879	-0.00825072	-0.134252	-0.00998639	-0.180879	-0.00825072	
-6.2	-0.134636	-0.0101849	-0.181575	-0.0083259	-0.134636	-0.0101849	-0.181575	-0.0083259	
-6.18	-0.135025	-0.0103857	-0.182275	-0.00840164	-0.135025	-0.0103857	-0.182275	-0.00840164	
-6.16	-0.135417	-0.0105888	-0.182981	-0.00847796	-0.135417	-0.0105888	-0.182981	-0.00847796	
-6.14	-0.135814	-0.0107941	-0.183692	-0.00855486	-0.135814	-0.0107941	-0.183692	-0.00855486	
-6.12	-0.136215	-0.0110017	-0.184408	-0.00863233	-0.136215	-0.0110017	-0.184408	-0.00863233	
-6.1	-0.13662	-0.0112114	-0.18513	-0.00871038	-0.13662	-0.0112114	-0.18513	-0.00871038	
-6.08	-0.13703	-0.0114234	-0.185857	-0.00878902	-0.13703	-0.0114234	-0.185857	-0.00878902	
-6.06	-0.137444	-0.0116376	-0.18659	-0.00886823	-0.137444	-0.0116376	-0.18659	-0.00886823	
-6.04	-0.137863	-0.011854	-0.187328	-0.00894802	-0.137863	-0.011854	-0.187328	-0.00894802	
-6.02	-0.138287	-0.0120726	-0.188072	-0.00902839	-0.138287	-0.0120726	-0.188072	-0.00902839	
-6	-0.138715	-0.0122934	-0.188822	-0.00910935	-0.138715	-0.0122934	-0.188822	-0.00910935	
-5.98	-0.139148	-0.0125162	-0.189577	-0.00919089	-0.139148	-0.0125162	-0.189577	-0.00919089	
-5.96	-0.139585	-0.0127412	-0.190338	-0.00927302	-0.139585	-0.0127412	-0.190338	-0.00927302	
-5.94	-0.140028	-0.0129684	-0.191105	-0.00935574	-0.140028	-0.0129684	-0.191105	-0.00935574	
-5.92	-0.140475	-0.0131976	-0.191878	-0.00943904	-0.140475	-0.0131976	-0.191878	-0.00943904	
-5.9	-0.140928	-0.0134289	-0.192657	-0.00952293	-0.140928	-0.0134289	-0.192657	-0.00952293	
-5.88	-0.141385	-0.0136622	-0.193441	-0.00960742	-0.141385	-0.0136622	-0.193441	-0.00960742	
-5.86	-0.141847	-0.0138976	-0.194232	-0.0096925	-0.141847	-0.0138976	-0.194232	-0.0096925	
-5.84	-0.142315	-0.0141351	-0.195029	-0.00977817	-0.142315	-0.0141351	-0.195029	-0.00977817	
-5.82	-0.142788	-0.0143745	-0.195832	-0.00986444	-0.142788	-0.0143745	-0.195832	-0.00986444	
-5.8	-0.143266	-0.0146159	-0.196641	-0.0099513	-0.143266	-0.0146159	-0.196641	-0.0099513	
-5.78	-0.143749	-0.0148592	-0.197456	-0.0100388	-0.143749	-0.0148592	-0.197456	-0.0100388	
-5.76	-0.144238	-0.0151045	-0.198278	-0.0101268	-0.144238	-0.0151045	-0.198278	-0.0101268	
-5.74	-0.144732	-0.0153517	-0.199106	-0.0102155	-0.144732	-0.0153517	-0.199106	-0.0102155	
-5.72	-0.145232	-0.0156008	-0.19994	-0.0103048	-0.145232	-0.0156008	-0.19994	-0.0103048	
-5.7	-0.145737	-0.0158517	-0.200781	-0.0103947	-0.145737	-0.0158517	-0.200781	-0.0103947	
-5.68	-0.146248	-0.0161045	-0.201628	-0.0104852	-0.146248	-0.0161045	-0.201628	-0.0104852	
-5.66	-0.146764	-0.0163592	-0.202482	-0.0105764	-0.146764	-0.0163592	-0.202482	-0.0105764	
-5.64	-0.147287	-0.0166156	-0.203343	-0.0106681	-0.147287	-0.0166156	-0.203343	-0.0106681	
-5.62	-0.147814	-0.0168738	-0.20421	-0.0107605	-0.147814	-0.0168738	-0.20421	-0.0107605	
-5.6	-0.148348	-0.0171337	-0.205084	-0.0108535	-0.148348	-0.0171337	-0.205084	-0.0108535	
-5.58	-0.148888	-0.0173954	-0.205964	-0.0109472	-0.148888	-0.0173954	-0.205964	-0.0109472	
-5.56	-0.149433	-0.0176588	-0.206852	-0.0110415	-0.149433	-0.0176588	-0.206852	-0.0110415	
-5.54	-0.149985	-0.0179239	-0.207746	-0.0111365	-0.149985	-0.0179239	-0.207746	-0.0111365	
-5.52	-0.150542	-0.0181906	-0.208647	-0.0112321	-0.150542	-0.0181906	-0.208647	-0.0112321	
-5.5	-0.151105	-0.018459	-0.209555	-0.0113284	-0.151105	-0.018459	-0.209555	-0.0113284	
-5.48	-0.151675	-0.018729	-0.21047	-0.0114253	-0.151675	-0.018729	-0.21047	-0.0114253	
-5.46	-0.152251	-0.0190006	-0.211393	-0.011523	-0.152251	-0.0190006	-0.211393	-0.011523	
-5.44	-0.152832	-0.0192737	-0.212322	-0.0116213	-0.152832	-0.0192737	-0.212322	-0.0116213	
-5.42	-0.153421	-0.0195484	-0.213259	-0.0117203	-0.153421	-0.0195484	-0.213259	-0.0117203	
-5.4	-0.154015	-0.0198247	-0.214203	-0.0118201	-0.154015	-0.0198247	-0.214203	-0.0118201	
-5.38	-0.154616	-0.0201024	-0.215154	-0.0119206	-0.154616	-0.0201024	-0.215154	-0.0119206	
-5.36	-0.155223	-0.0203816	-0.216112	-0.0120218	-0.155223	-0.0203816	-0.216112	-0.0120218	
-5.34	-0.155836	-0.0206623	-0.217078	-0.0121238	-0.155836	-0.0206623	-0.217078	-0.0121238	
-5.32	-0.156456	-0.0209445	-0.218051	-0.0122265	-0.156456	-0.0209445	-0.218051	-0.0122265	
-5.3	-0.157083	-0.0212281	-0.219032	-0.0123301	-0.157083	-0.0212281	-0.219032	-0.0123301	
-5.28	-0.157716	-0.0215131	-0.22002	-0.0124344	-0.157716	-0.0215131	-0.22002	-0.0124344	
-5.26	-0.158356	-0.0217995	-0.221016	-0.0125396	-0.158356	-0.0217995	-0.221016	-0.0125396	
-5.24	-0.159002	-0.0220872	-0.22202	-0.0126456	-0.159002	-0.0220872	-0.22202	-0.0126456	
-5.22	-0.159655	-0.0223764	-0.223031	-0.0127525	-0.159655	-0.0223764	-0.223031	-0.0127525	
-5.2	-0.160315	-0.0226668	-0.22405	-0.0128603	-0.160315	-0.0226668	-0.22405	-0.0128603	
-5.18	-0.160982	-0.0229586	-0.225077	-0.0129689	-0.160982	-0.0229586	-0.225077	-0.0129689	
-5.16	-0.161655	-0.0232518	-0.226112	-0.0130786	-0.161655	-0.0232518	-0.226112	-0.0130786	
-5.14	-0.162335	-0.0235462	-0.227154	-0.0131892	-0.162335	-0.0235462	-0.227154	-0.0131892	
-5.12	-0.163023	-0.023842	-0.228205	-0.0133008	-0.163023	-0.023842	-0.228205	-0.0133008	
-5.1	-0.163717	-0.024139	-0.229263	-0.0134134	-0.163717	-0.024139	-0.229263	-0.0134134	
-5.08	-0.164418	-0.0244373	-0.23033	-0.0135271	-0.164418	-0.0244373	-0.23033	-0.0135271	
-5.06	-0.165126	-0.0247369	-0.231404	-0.0136419	-0.165126	-0.0247369	-0.231404	-0.0136419	
-5.04	-0.165841	-0.0250377	-0.232487	-0.0137578	-0.165841	-0.0250377	-0.232487	-0.0137578	
-5.02	-0.166564	-0.0253398	-0.233578	-0.0138749	-0.166564	-0.0253398	-0.233578	-0.0138749	
-5	-0.167294	-0.0256432	-0.234677	-0.0139933	-0.167294	-0.0256432	-0.234677	-0.0139933	
-4.98	-0.16803	-0.0259478	-0.235784	-0.0141129	-0.16803	-0.0259478	-0.235784	-0.0141129	
-4.96	-0.168775	-0.0262536	-0.2369	-0.0142338	-0.168775	-0.0262536	-0.2369	-0.0142338	
-4.94	-0.169526	-0.0265607	-0.238024	-0.0143561	-0.169526	-0.0265607	-0.238024	-0.0143561	
-4.92	-0.170285	-0.026869	-0.239156	-0.0144798	-0.170285	-0.026869	-0.239156	-0.0144798	
-4.9	-0.171051	-0.0271786	-0.240297	-0.014605	-0.171051	-0.0271786	-0.240297	-0.014605	
-4.88	-0.171825	-0.0274894	-0.241446	-0.0147317	-0.171825	-0.0274894	-0.241446	-0.0147317	
-4.86	-0.172606	-0.0278015	-0.242604	-0.01486	-0.172606	-0.0278015	-0.242604	-0.01486	
-4.84	-0.173395	-0.0281148	-0.243771	-0.0149899	-0.173395	-0.0281148	-0.243771	-0.0149899	
-4.82	-0.174191	-0.0284294	-0.244946	-0.0151216	-0.174191	-0.0284294	-0.244946	-0.0151216	
-4.8	-0.174995	-0.0287453	-0.24613	-0.0152551	-0.174995	-0.0287453	-0.24613	-0.0152551	
-4.78	-0.175807	-0.0290624	-0.247322	-0.0153905	-0.175807	-0.0290624	-0.247322	-0.0153905	
-4.76	-0.176626	-0.0293808	-0.248524	-0.0155279	-0.176626	-0.0293808	-0.248524	-0.0155279	
-4.74	-0.177454	-0.0297006	-0.249734	-0.0156672	-0.177454	-0.0297006	-0.249734	-0.0156672	
-4.72	-0.178289	-0.0300216	-0.250953	-0.0158087	-0.178289	-0.0300216	-0.250953	-0.0158087	
-4.7	-0.179132	-0.030344	-0.252181	-0.0159525	-0.179132	-0.030344	-0.252181	-0.0159525	
-4.68	-0.179983	-0.0306677	-0.253417	-0.0160985	-0.179983	-0.0306677	-0.253417	-0.0160985	
-4.66	-0.180842	-0.0309928	-0.254663	-0.016247	-0.180842	-0.0309928	-0.254663	-0.016247	
-4.64	-0.181709	-0.0313193	-0.255918	-0.0163979	-0.181709	-0.0313193	-0.255918	-0.0163979	
-4.62	-0.182584	-0.0316471	-0.257182	-0.0165515	-0.182584	-0.0316471	-0.257182	-0.0165515	
-4.6	-0.183468	-0.0319764	-0.258455	-0.0167078	-0.183468	-0.0319764	-0.258455	-0.0167078	
-4.58	-0.18436	-0.0323072	-0.259738	-0.016867	-0.18436	-0.0323072	-0.259738	-0.016867	
-4.56	-0.18526	-0.0326394	-0.261029	-0.0170292	-0.18526	-0.0326394	-0.261029	-0.0170292	
-4.54	-0.186168	-0.0329731	-0.26233	-0.0171945	-0.186168	-0.0329731	-0.26233	-0.0171945	
-4.52	-0.187085	-0.0333083	-0.26364	-0.017363	-0.187085	-0.0333083	-0.26364	-0.017363	
-4.5	-0.188011	-0.0336451	-0.26496	-0.0175349	-0.188011	-0.0336451	-0.26496	-0.0175349	
-4.48	-0.188945	-0.0339835	-0.266289	-0.0177103	-0.188945	-0.0339835	-0.266289	-0.0177103	
-4.46	-0.189888	-0.0343235	-0.267627	-0.0178894	-0.189888	-0.0343235	-0.267627	-0.0178894	
-4.44	-0.19084	-0.0346652	-0.268975	-0.0180723	-0.19084	-0.0346652	-0.268975	-0.0180723	
-4.42	-0.1918	-0.0350085	-0.270333	-0.0182592	-0.1918	-0.0350085	-0.270333	-0.0182592	
-4.4	-0.192769	-0.0353536	-0.271701	-0.0184502	-0.192769	-0.0353536	-0.271701	-0.0184502	
-4.38	-0.193748	-0.0357005	-0.273078	-0.0186456	-0.193748	-0.0357005	-0.273078	-0.0186456	
-4.36	-0.194735	-0.0360491	-0.274465	-0.0188455	-0.194735	-0.0360491	-0.274465	-0.0188455	
-4.34	-0.195731	-0.0363996	-0.275861	-0.0190501	-0.195731	-0.0363996	-0.275861	-0.0190501	
-4.32	-0.196737	-0.036752	-0.277268	-0.0192596	-0.196737	-0.036752	-0.277268	-0.0192596	
-4.3	-0.197752	-0.0371063	-0.278685	-0.0194742	-0.197752	-0.0371063	-0.278685	-0.0194742	
-4.28	-0.198776	-0.0374626	-0.280111	-0.019694	-0.198776	-0.0374626	-0.280111	-0.019694	
-4.26	-0.19981	-0.037821	-0.281548	-0.0199194	-0.19981	-0.037821	-0.281548	-0.0199194	
-4.24	-0.200854	-0.0381814	-0.282995	-0.0201505	-0.200854	-0.0381814	-0.282995	-0.0201505	
-4.22	-0.201907	-0.038544	-0.284452	-0.0203875	-0.201907	-0.038544	-0.284452	-0.0203875	
-4.2	-0.20297	-0.0389087	-0.28592	-0.0206307	-0.20297	-0.0389087	-0.28592	-0.0206307	
-4.18	-0.204043	-0.0392757	-0.287398	-0.0208804	-0.204043	-0.0392757	-0.287398	-0.0208804	
-4.16	-0.205126	-0.039645	-0.288886	-0.0211367	-0.205126	-0.039645	-0.288886	-0.0211367	
-4.14	-0.206219	-0.0400167	-0.290385	-0.0213999	-0.206219	-0.0400167	-0.290385	-0.0213999	
-4.12	-0.207322	-0.0403907	-0.291895	-0.0216704	-0.207322	-0.0403907	-0.291895	-0.0216704	
-4.1	-0.208435	-0.0407673	-0.293416	-0.0219483	-0.208435	-0.0407673	-0.293416	-0.0219483	
-4.08	-0.209559	-0.0411463	-0.294947	-0.0222339	-0.209559	-0.0411463	-0.294947	-0.0222339	
-4.06	-0.210694	-0.041528	-0.296489	-0.0225276	-0.210694	-0.041528	-0.296489	-0.0225276	
-4.04	-0.211839	-0.0419124	-0.298042	-0.0228296	-0.211839	-0.0419124	-0.298042	-0.0228296	
-4.02	-0.212995	-0.0422995	-0.299607	-0.0231403	-0.212995	-0.0422995	-0.299607	-0.0231403	
-4	-0.214161	-0.0426894	-0.301182	-0.0234599	-0.214161	-0.0426894	-0.301182	-0.0234599	
-3.98	-0.215339	-0.0430822	-0.302769	-0.0237888	-0.215339	-0.0430822	-0.302769	-0.0237888	
-3.96	-0.216528	-0.043478	-0.304367	-0.0241273	-0.216528	-0.043478	-0.304367	-0.0241273	
-3.94	-0.217728	-0.0438768	-0.305977	-0.0244758	-0.217728	-0.0438768	-0.305977	-0.0244758	
-3.92	-0.21894	-0.0442787	-0.307599	-0.0248345	-0.21894	-0.0442787	-0.307599	-0.0248345	
-3.9	-0.220163	-0.0446838	-0.309232	-0.025204	-0.220163	-0.0446838	-0.309232	-0.025204	
-3.88	-0.221399	-0.0450922	-0.310877	-0.0255844	-0.221399	-0.0450922	-0.310877	-0.0255844	
-3.86	-0.222645	-0.0455039	-0.312534	-0.0259762	-0.222645	-0.0455039	-0.312534	-0.0259762	
-3.84	-0.223904	-0.0459191	-0.314204	-0.0263799	-0.223904	-0.0459191	-0.314204	-0.0263799	
-3.82	-0.225175	-0.0463378	-0.315885	-0.0267957	-0.225175	-0.0463378	-0.315885	-0.0267957	
-3.8	-0.226459	-0.0467602	-0.317579	-0.0272241	-0.226459	-0.0467602	-0.317579	-0.0272241	
-3.78	-0.227755	-0.0471862	-0.319286	-0.0276656	-0.227755	-0.0471862	-0.319286	-0.0276656	
-3.76	-0.229064	-0.0476161	-0.321005	-0.0281205	-0.229064	-0.0476161	-0.321005	-0.0281205	
-3.74	-0.230385	-0.0480499	-0.322737	-0.0285893	-0.230385	-0.0480499	-0.322737	-0.0285893	
-3.72	-0.23172	-0.0484877	-0.324481	-0.0290724	-0.23172	-0.0484877	-0.324481	-0.0290724	
-3.7	-0.233067	-0.0489296	-0.326239	-0.0295703	-0.233067	-0.0489296	-0.326239	-0.0295703	
-3.68	-0.234428	-0.0493757	-0.328011	-0.0300835	-0.234428	-0.0493757	-0.328011	-0.0300835	
-3.66	-0.235803	-0.0498261	-0.329795	-0.0306124	-0.235803	-0.0498261	-0.329795	-0.0306124	
-3.64	-0.237191	-0.050281	-0.331593	-0.0311576	-0.237191	-0.050281	-0.331593	-0.0311576	
-3.62	-0.238594	-0.0507404	-0.333405	-0.0317196	-0.238594	-0.0507404	-0.333405	-0.0317196	
-3.6	-0.24001	-0.0512045	-0.335231	-0.0322988	-0.24001	-0.0512045	-0.335231	-0.0322988	
-3.58	-0.241441	-0.0516733	-0.337071	-0.0328959	-0.241441	-0.0516733	-0.337071	-0.0328959	
-3.56	-0.242886	-0.052147	-0.338925	-0.0335113	-0.242886	-0.052147	-0.338925	-0.0335113	
-3.54	-0.244347	-0.0526257	-0.340793	-0.0341456	-0.244347	-0.0526257	-0.340793	-0.0341456	
-3.52	-0.245822	-0.0531096	-0.342676	-0.0347994	-0.245822	-0.0531096	-0.342676	-0.0347994	
-3.5	-0.247312	-0.0535988	-0.344574	-0.0354733	-0.247312	-0.0535988	-0.344574	-0.0354733	
-3.48	-0.248818	-0.0540933	-0.346487	-0.0361678	-0.248818	-0.0540933	-0.346487	-0.0361678	
-3.46	-0.250339	-0.0545934	-0.348415	-0.0368836	-0.250339	-0.0545934	-0.348415	-0.0368836	
-3.44	-0.251877	-0.0550991	-0.350358	-0.0376213	-0.251877	-0.0550991	-0.350358	-0.0376213	
-3.42	-0.25343	-0.0556107	-0.352316	-0.0383816	-0.25343	-0.0556107	-0.352316	-0.0383816	
-3.4	-0.255	-0.0561283	-0.35429	-0.039165	-0.255	-0.0561283	-0.35429	-0.039165	
-3.38	-0.256587	-0.0566519	-0.35628	-0.0399723	-0.256587	-0.0566519	-0.35628	-0.0399723	
-3.36	-0.258191	-0.0571818	-0.358286	-0.0408041	-0.258191	-0.0571818	-0.358286	-0.0408041	
-3.34	-0.259812	-0.0577181	-0.360308	-0.0416612	-0.259812	-0.0577181	-0.360308	-0.0416612	
-3.32	-0.26145	-0.058261	-0.362347	-0.0425442	-0.26145	-0.058261	-0.362347	-0.0425442	
-3.3	-0.263106	-0.0588107	-0.364402	-0.0434539	-0.263106	-0.0588107	-0.364402	-0.0434539	
-3.28	-0.26478	-0.0593673	-0.366474	-0.044391	-0.26478	-0.0593673	-0.366474	-0.044391	
-3.26	-0.266472	-0.0599309	-0.368563	-0.0453564	-0.266472	-0.0599309	-0.368563	-0.0453564	
-3.24	-0.268184	-0.0605018	-0.370669	-0.0463507	-0.268184	-0.0605018	-0.370669	-0.0463507	
-3.22	-0.269914	-0.0610802	-0.372792	-0.0473747	-0.269914	-0.0610802	-0.372792	-0.0473747	
-3.2	-0.271663	-0.0616662	-0.374933	-0.0484294	-0.271663	-0.0616662	-0.374933	-0.0484294	
-3.18	-0.273432	-0.0622601	-0.377092	-0.0495155	-0.273432	-0.0622601	-0.377092	-0.0495155	
-3.16	-0.27522	-0.0628619	-0.379268	-0.0506339	-0.27522	-0.0628619	-0.379268	-0.0506339	
-3.14	-0.277029	-0.063472	-0.381462	-0.0517854	-0.277029	-0.063472	-0.381462	-0.0517854	
-3.12	-0.278859	-0.0640906	-0.383675	-0.0529709	-0.278859	-0.0640906	-0.383675	-0.0529709	
-3.1	-0.28071	-0.0647177	-0.385906	-0.0541914	-0.28071	-0.0647177	-0.385906	-0.0541914	
-3.08	-0.282581	-0.0653538	-0.388156	-0.0554478	-0.282581	-0.0653538	-0.388156	-0.0554478	
-3.06	-0.284475	-0.065999	-0.390424	-0.056741	-0.284475	-0.065999	-0.390424	-0.056741	
-3.04	-0.28639	-0.0666535	-0.392711	-0.0580721	-0.28639	-0.0666535	-0.392711	-0.0580721	
-3.02	-0.288328	-0.0673176	-0.395018	-0.0594419	-0.288328	-0.0673176	-0.395018	-0.0594419	
-3	-0.290289	-0.0679915	-0.397343	-0.0608515	-0.290289	-0.0679915	-0.397343	-0.0608515	
-2.98	-0.292273	-0.0686754	-0.399687	-0.062302	-0.292273	-0.0686754	-0.399687	-0.062302	
-2.96	-0.294281	-0.0693697	-0.402051	-0.0637944	-0.294281	-0.0693697	-0.402051	-0.0637944	
-2.94	-0.296313	-0.0700747	-0.404435	-0.0653299	-0.296313	-0.0700747	-0.404435	-0.0653299	
-2.92	-0.298369	-0.0707905	-0.406838	-0.0669094	-0.298369	-0.0707905	-0.406838	-0.0669094	
-2.9	-0.30045	-0.0715175	-0.409261	-0.0685342	-0.30045	-0.0715175	-0.409261	-0.0685342	
-2.88	-0.302557	-0.0722559	-0.411703	-0.0702053	-0.302557	-0.0722559	-0.411703	-0.0702053	
-2.86	-0.30469	-0.0730062	-0.414166	-0.0719241	-0.30469	-0.0730062	-0.414166	-0.0719241	
-2.84	-0.306848	-0.0737685	-0.416648	-0.0736916	-0.306848	-0.0737685	-0.416648	-0.0736916	
-2.82	-0.309034	-0.0745432	-0.41915	-0.0755091	-0.309034	-0.0745432	-0.41915	-0.0755091	
-2.8	-0.311247	-0.0753306	-0.421672	-0.077378	-0.311247	-0.0753306	-0.421672	-0.077378	
-2.78	-0.313488	-0.0761312	-0.424214	-0.0792994	-0.313488	-0.0761312	-0.424214	-0.0792994	
-2.76	-0.315758	-0.0769452	-0.426775	-0.0812746	-0.315758	-0.0769452	-0.426775	-0.0812746	
-2.74	-0.318056	-0.077773	-0.429357	-0.0833051	-0.318056	-0.077773	-0.429357	-0.0833051	
-2.72	-0.320384	-0.0786149	-0.431958	-0.0853922	-0.320384	-0.0786149	-0.431958	-0.0853922	
-2.7	-0.322742	-0.0794715	-0.434579	-0.0875372	-0.322742	-0.0794715	-0.434579	-0.0875372	
-2.68	-0.32513	-0.080343	-0.43722	-0.0897417	-0.32513	-0.080343	-0.43722	-0.0897417	
-2.66	-0.32755	-0.0812299	-0.43988	-0.092007	-0.32755	-0.0812299	-0.43988	-0.092007	
-2.64	-0.330002	-0.0821327	-0.442559	-0.0943347	-0.330002	-0.0821327	-0.442559	-0.0943347	
-2.62	-0.332486	-0.0830517	-0.445257	-0.0967262	-0.332486	-0.0830517	-0.445257	-0.0967262	
-2.6	-0.335003	-0.0839875	-0.447973	-0.0991831	-0.335003	-0.0839875	-0.447973	-0.0991831	
-2.58	-0.337554	-0.0849404	-0.450709	-0.101707	-0.337554	-0.0849404	-0.450709	-0.101707	
-2.56	-0.34014	-0.0859111	-0.453462	-0.104299	-0.34014	-0.0859111	-0.453462	-0.104299	
-2.54	-0.34276	-0.0869	-0.456233	-0.106962	-0.34276	-0.0869	-0.456233	-0.106962	
-2.52	-0.345417	-0.0879076	-0.459021	-0.109697	-0.345417	-0.0879076	-0.459021	-0.109697	
-2.5	-0.34811	-0.0889345	-0.461827	-0.112505	-0.34811	-0.0889345	-0.461827	-0.112505	
-2.48	-0.350841	-0.0899813	-0.464649	-0.115388	-0.350841	-0.0899813	-0.464649	-0.115388	
-2.46	-0.35361	-0.0910485	-0.467487	-0.118349	-0.35361	-0.0910485	-0.467487	-0.118349	
-2.44	-0.356418	-0.0921367	-0.47034	-0.121388	-0.356418	-0.0921367	-0.47034	-0.121388	
-2.42	-0.359265	-0.0932467	-0.473207	-0.124508	-0.359265	-0.0932467	-0.473207	-0.124508	
-2.4	-0.362154	-0.0943789	-0.476089	-0.12771	-0.362154	-0.0943789	-0.476089	-0.12771	
-2.38	-0.365084	-0.0955342	-0.478984	-0.130997	-0.365084	-0.0955342	-0.478984	-0.130997	
-2.36	-0.368056	-0.0967132	-0.481891	-0.13437	-0.368056	-0.0967132	-0.481891	-0.13437	
-2.34	-0.371071	-0.0979166	-0.48481	-0.137832	-0.371071	-0.0979166	-0.48481	-0.137832	
-2.32	-0.374131	-0.0991453	-0.487739	-0.141383	-0.374131	-0.0991453	-0.487739	-0.141383	
-2.3	-0.377236	-0.1004	-0.490677	-0.145027	-0.377236	-0.1004	-0.490677	-0.145027	
-2.28	-0.380388	-0.101681	-0.493624	-0.148765	-0.380388	-0.101681	-0.493624	-0.148765	
-2.26	-0.383586	-0.10299	-0.496578	-0.152599	-0.383586	-0.10299	-0.496578	-0.152599	
-2.24	-0.386833	-0.104328	-0.499538	-0.156531	-0.386833	-0.104328	-0.499538	-0.156531	
-2.22	-0.39013	-0.105695	-0.502503	-0.160563	-0.39013	-0.105695	-0.502503	-0.160563	
-2.2	-0.393477	-0.107093	-0.50547	-0.164698	-0.393477	-0.107093	-0.50547	-0.164698	
-2.18	-0.396875	-0.108521	-0.508439	-0.168938	-0.396875	-0.108521	-0.508439	-0.168938	
-2.16	-0.400327	-0.109983	-0.511407	-0.173284	-0.400327	-0.109983	-0.511407	-0.173284	
-2.14	-0.403833	-0.111477	-0.514374	-0.177739	-0.403833	-0.111477	-0.514374	-0.177739	
-2.12	-0.407394	-0.113007	-0.517336	-0.182305	-0.407394	-0.113007	-0.517336	-0.182305	
-2.1	-0.411012	-0.114572	-0.520293	-0.186985	-0.411012	-0.114572	-0.520293	-0.186985	
-2.08	-0.414688	-0.116174	-0.523242	-0.191779	-0.414688	-0.116174	-0.523242	-0.191779	
-2.06	-0.418423	-0.117814	-0.526181	-0.196691	-0.418423	-0.117814	-0.526181	-0.196691	
-2.04	-0.42222	-0.119494	-0.529107	-0.201723	-0.42222	-0.119494	-0.529107	-0.201723	
-2.02	-0.426079	-0.121215	-0.532019	-0.206876	-0.426079	-0.121215	-0.532019	-0.206876	
-2	-0.430001	-0.122978	-0.534913	-0.212154	-0.430001	-0.122978	-0.534913	-0.212154	
-1.98	-0.43399	-0.124785	-0.537786	-0.217558	-0.43399	-0.124785	-0.537786	-0.217558	
-1.96	-0.438045	-0.126638	-0.540636	-0.223089	-0.438045	-0.126638	-0.540636	-0.223089	
-1.94	-0.442169	-0.128537	-0.54346	-0.228752	-0.442169	-0.128537	-0.54346	-0.228752	
-1.92	-0.446364	-0.130485	-0.546255	-0.234546	-0.446364	-0.130485	-0.546255	-0.234546	
-1.9	-0.450632	-0.132484	-0.549017	-0.240475	-0.450632	-0.132484	-0.549017	-0.240475	
-1.88	-0.454973	-0.134534	-0.551742	-0.246541	-0.454973	-0.134534	-0.551742	-0.246541	
-1.86	-0.459391	-0.13664	-0.554428	-0.252744	-0.459391	-0.13664	-0.554428	-0.252744	
-1.84	-0.463887	-0.138801	-0.557069	-0.259088	-0.463887	-0.138801	-0.557069	-0.259088	
-1.82	-0.468463	-0.141021	-0.559664	-0.265574	-0.468463	-0.141021	-0.559664	-0.265574	
-1.8	-0.473122	-0.143301	-0.562206	-0.272203	-0.473122	-0.143301	-0.562206	-0.272203	
-1.78	-0.477865	-0.145644	-0.564692	-0.278978	-0.477865	-0.145644	-0.564692	-0.278978	
-1.76	-0.482695	-0.148052	-0.567117	-0.2859	-0.482695	-0.148052	-0.567117	-0.2859	
-1.74	-0.487615	-0.150529	-0.569477	-0.29297	-0.487615	-0.150529	-0.569477	-0.29297	
-1.72	-0.492626	-0.153075	-0.571766	-0.30019	-0.492626	-0.153075	-0.571766	-0.30019	
-1.7	-0.497732	-0.155695	-0.57398	-0.30756	-0.497732	-0.155695	-0.57398	-0.30756	
-1.68	-0.502935	-0.158391	-0.576113	-0.315083	-0.502935	-0.158391	-0.576113	-0.315083	
-1.66	-0.508237	-0.161167	-0.578161	-0.322758	-0.508237	-0.161167	-0.578161	-0.322758	
-1.64	-0.513643	-0.164024	-0.580117	-0.330587	-0.513643	-0.164024	-0.580117	-0.330587	
-1.62	-0.519154	-0.166968	-0.581975	-0.33857	-0.519154	-0.166968	-0.581975	-0.33857	
-1.6	-0.524774	-0.170001	-0.58373	-0.346707	-0.524774	-0.170001	-0.58373	-0.346707	
-1.58	-0.530506	-0.173127	-0.585376	-0.354999	-0.530506	-0.173127	-0.585376	-0.354999	
-1.56	-0.536353	-0.17635	-0.586906	-0.363446	-0.536353	-0.17635	-0.586906	-0.363446	
-1.54	-0.54232	-0.179673	-0.588313	-0.372047	-0.54232	-0.179673	-0.588313	-0.372047	
-1.52	-0.548409	-0.183103	-0.589592	-0.380802	-0.548409	-0.183103	-0.589592	-0.380802	
-1.5	-0.554625	-0.186642	-0.590735	-0.38971	-0.554625	-0.186642	-0.590735	-0.38971	
-1.48	-0.560971	-0.190296	-0.591736	-0.398771	-0.560971	-0.190296	-0.591736	-0.398771	
-1.46	-0.567451	-0.19407	-0.592587	-0.407982	-0.567451	-0.19407	-0.592587	-0.407982	
-1.44	-0.574071	-0.197969	-0.593281	-0.417342	-0.574071	-0.197969	-0.593281	-0.417342	
-1.42	-0.580834	-0.201998	-0.593811	-0.426849	-0.580834	-0.201998	-0.593811	-0.426849	
-1.4	-0.587746	-0.206165	-0.59417	-0.436501	-0.587746	-0.206165	-0.59417	-0.436501	
-1.38	-0.594811	-0.210474	-0.59435	-0.446296	-0.594811	-0.210474	-0.59435	-0.446296	
-1.36	-0.602035	-0.214933	-0.594344	-0.456229	-0.602035	-0.214933	-0.594344	-0.456229	
-1.34	-0.609423	-0.219549	-0.594143	-0.466299	-0.609423	-0.219549	-0.594143	-0.466299	
-1.32	-0.616981	-0.224328	-0.593741	-0.4765	-0.616981	-0.224328	-0.593741	-0.4765	
-1.3	-0.624715	-0.22928	-0.593129	-0.48683	-0.624715	-0.22928	-0.593129	-0.48683	
-1.28	-0.632632	-0.234412	-0.592301	-0.497283	-0.632632	-0.234412	-0.592301	-0.497283	
-1.26	-0.640739	-0.239733	-0.591248	-0.507855	-0.640739	-0.239733	-0.591248	-0.507855	
-1.24	-0.649043	-0.245253	-0.589963	-0.518539	-0.649043	-0.245253	-0.589963	-0.518539	
-1.22	-0.657552	-0.250981	-0.588439	-0.529331	-0.657552	-0.250981	-0.588439	-0.529331	
-1.2	-0.666273	-0.256929	-0.586668	-0.540223	-0.666273	-0.256929	-0.586668	-0.540223	
-1.18	-0.675216	-0.263108	-0.584642	-0.55121	-0.675216	-0.263108	-0.584642	-0.55121	
-1.16	-0.684391	-0.26953	-0.582356	-0.562284	-0.684391	-0.26953	-0.582356	-0.562284	
-1.14	-0.693806	-0.276208	-0.579801	-0.573437	-0.693806	-0.276208	-0.579801	-0.573437	
-1.12	-0.703474	-0.283156	-0.576972	-0.584661	-0.703474	-0.283156	-0.576972	-0.584661	
-1.1	-0.713406	-0.290389	-0.573862	-0.595948	-0.713406	-0.290389	-0.573862	-0.595948	
-1.08	-0.723614	-0.297923	-0.570465	-0.607289	-0.723614	-0.297923	-0.570465	-0.607289	
-1.06	-0.734112	-0.305776	-0.566774	-0.618674	-0.734112	-0.305776	-0.566774	-0.618674	
-1.04	-0.744914	-0.313967	-0.562786	-0.630094	-0.744914	-0.313967	-0.562786	-0.630094	
-1.02	-0.756039	-0.322515	-0.558494	-0.641538	-0.756039	-0.322515	-0.558494	-0.641538	
-1	-0.767502	-0.331445	-0.553894	-0.652996	-0.767502	-0.331445	-0.553894	-0.652996	
-0.98	-0.779324	-0.340779	-0.548982	-0.664458	-0.779324	-0.340779	-0.548982	-0.664458	
-0.96	-0.791527	-0.350544	-0.543754	-0.67591	-0.791527	-0.350544	-0.543754	-0.67591	
-0.94	-0.804136	-0.360771	-0.538206	-0.687343	-0.804136	-0.360771	-0.538206	-0.687343	
-0.92	-0.817176	-0.371493	-0.532337	-0.698744	-0.817176	-0.371493	-0.532337	-0.698744	
-0.9	-0.830678	-0.382744	-0.526144	-0.7101	-0.830678	-0.382744	-0.526144	-0.7101	
-0.88	-0.844677	-0.394568	-0.519626	-0.721401	-0.844677	-0.394568	-0.519626	-0.721401	
-0.86	-0.859212	-0.407011	-0.512781	-0.732632	-0.859212	-0.407011	-0.512781	-0.732632	
-0.84	-0.874325	-0.420126	-0.50561	-0.743781	-0.874325	-0.420126	-0.50561	-0.743781	
-0.82	-0.890068	-0.433975	-0.498112	-0.754836	-0.890068	-0.433975	-0.498112	-0.754836	
-0.8	-0.906497	-0.448629	-0.490288	-0.765784	-0.906497	-0.448629	-0.490288	-0.765784	
-0.78	-0.923679	-0.464173	-0.482141	-0.77661	-0.923679	-0.464173	-0.482141	-0.77661	
-0.76	-0.941688	-0.480708	-0.473673	-0.787304	-0.941688	-0.480708	-0.473673	-0.787304	
-0.74	-0.96061	-0.498355	-0.464886	-0.797851	-0.96061	-0.498355	-0.464886	-0.797851	
-0.72	-0.980546	-0.517262	-0.455784	-0.808238	-0.980546	-0.517262	-0.455784	-0.808238	
-0.7	-1.00161	-0.537612	-0.446371	-0.818454	-1.00161	-0.537612	-0.446371	-0.818454	
-0.68	-1.02392	-0.559634	-0.436654	-0.828486	-1.02392	-0.559634	-0.436654	-0.828486	
-0.66	-1.04762	-0.583618	-0.426636	-0.838321	-1.04762	-0.583618	-0.426636	-0.838321	
-0.64	-1.07286	-0.609933	-0.416324	-0.847947	-1.07286	-0.609933	-0.416324	-0.847947	
-0.62	-1.09979	-0.639058	-0.405726	-0.857353	-1.09979	-0.639058	-0.405726	-0.857353	
-0.6	-1.12854	-0.671615	-0.394849	-0.866528	-1.12854	-0.671615	-0.394849	-0.866528	
-0.58	-1.15919	-0.708413	-0.3837	-0.87546	-1.15919	-0.708413	-0.3837	-0.87546	
-0.56	-1.1917	-0.750508	-0.37229	-0.88414	-1.1917	-0.750508	-0.37229	-0.88414	
-0.54	-1.2258	-0.799258	-0.360625	-0.892556	-1.2258	-0.799258	-0.360625	-0.892556	
-0.52	-1.26082	-0.856367	-0.348717	-0.900701	-1.26082	-0.856367	-0.348717	-0.900701	
-0.5	-1.29541	-0.923866	-0.336576	-0.908564	-1.29541	-0.923866	-0.336576	-0.908564	
-0.48	-1.32712	-1.00393	-0.324211	-0.916138	-1.32712	-1.00393	-0.324211	-0.916138	
-0.46	-1.35193	-1.09839	-0.311634	-0.923414	-1.35193	-1.09839	-0.311634	-0.923414	
-0.44	-1.364	-1.20771	-0.298855	-0.930385	-1.364	-1.20771	-0.298855	-0.930385	
-0.42	-1.35606	-1.32943	-0.285887	-0.937046	-1.35606	-1.32943	-0.285887	-0.937046	
-0.4	-1.32124	-1.45662	-0.272742	-0.94339	-1.32124	-1.45662	-0.272742	-0.94339	
-0.38	-1.25651	-1.57795	-0.25943	-0.949412	-1.25651	-1.57795	-0.25943	-0.949412	
-0.36	-1.16576	-1.68079	-0.245963	-0.955106	-1.16576	-1.68079	-0.245963	-0.955106	
-0.34	-1.0597	-1.7564	-0.232356	-0.96047	-1.0597	-1.7564	-0.232356	-0.96047	
-0.32	-0.951553	-1.80361	-0.218618	-0.9655	-0.951553	-1.80361	-0.218618	-0.9655	
-0.3	-0.8517	-1.82791	-0.204763	-0.970194	-0.8517	-1.82791	-0.204763	-0.970194	
-0.28	-0.765198	-1.83765	-0.190803	-0.974549	-0.765198	-1.83765	-0.190803	-0.974549	
-0.26	-0.692441	-1.84054	-0.17675	-0.978563	-0.692441	-1.84054	-0.17675	-0.978563	
-0.24	-0.631174	-1.84206	-0.162615	-0.982237	-0.631174	-1.84206	-0.162615	-0.982237	
-0.22	-0.578233	-1.84539	-0.148412	-0.98557	-0.578233	-1.84539	-0.148412	-0.98557	
-0.2	-0.530534	-1.85198	-0.134152	-0.988562	-0.530534	-1.85198	-0.134152	-0.988562	
-0.18	-0.485481	-1.86216	-0.119845	-0.991215	-0.485481	-1.86216	-0.119845	-0.991215	
-0.16	-0.441045	-1.87562	-0.105505	-0.993529	-0.441045	-1.87562	-0.105505	-0.993529	
-0.14	-0.395709	-1.89169	-0.0911407	-0.995508	-0.395709	-1.89169	-0.0911407	-0.995508	
-0.12	-0.348387	-1.90953	-0.0767642	-0.997152	-0.348387	-1.90953	-0.0767642	-0.997152	
-0.1	-0.298338	-1.92823	-0.0623857	-0.998466	-0.298338	-1.92823	-0.0623857	-0.998466	
-0.08	-0.245102	-1.94685	-0.0480152	-0.999453	-0.245102	-1.94685	-0.0480152	-0.999453	
-0.06	-0.188454	-1.96447	-0.0336626	-1.00012	-0.188454	-1.96447	-0.0336626	-1.00012	
-0.04	-0.128368	-1.98021	-0.0193373	-1.00046	-0.128368	-1.98021	-0.0193373	-1.00046	
-0.02	-0.064995	-1.99325	-0.00504852	-1.00049	-0.064995	-1.99325	-0.00504852	-1.00049	
0	0.00135923	-2.00282	0.00919512	-1.0002	0.00135923	-2.00282	0.00919512	-1.0002	
0.02	0.0702538	-2.00827	0.0233853	-0.999614	0.0702538	-2.00827	0.0233853	-0.999614	
0.04	0.141132	-2.00903	0.037514	-0.998725	0.141132	-2.00903	0.037514	-0.998725	
0.06	0.213346	-2.00467	0.0515737	-0.99754	0.213346	-2.00467	0.0515737	-0.99754	
0.08	0.286178	-1.99489	0.0655573	-0.996066	0.286178	-1.99489	0.0655573	-0.996066	
0.1	0.358874	-1.97952	0.079458	-0.994308	0.358874	-1.97952	0.079458	-0.994308	
0.12	0.430666	-1.95856	0.0932693	-0.992271	0.430666	-1.95856	0.0932693	-0.992271	
0.14	0.500806	-1.93211	0.106985	-0.989962	0.500806	-1.93211	0.106985	-0.989962	
0.16	0.568591	-1.90044	0.1206	-0.987387	0.568591	-1.90044	0.1206	-0.987387	
0.18	0.633386	-1.86391	0.134109	-0.984551	0.633386	-1.86391	0.134109	-0.984551	
0.2	0.69464	-1.82298	0.147506	-0.981461	0.69464	-1.82298	0.147506	-0.981461	
0.22	0.751905	-1.77817	0.160787	-0.978123	0.751905	-1.77817	0.160787	-0.978123	
0.24	0.804837	-1.73007	0.173948	-0.974543	0.804837	-1.73007	0.173948	-0.974543	
0.26	0.853201	-1.67927	0.186985	-0.970727	0.853201	-1.67927	0.186985	-0.970727	
0.28	0.896865	-1.62637	0.199893	-0.966681	0.896865	-1.62637	0.199893	-0.966681	
0.3	0.935792	-1.57197	0.21267	-0.962411	0.935792	-1.57197	0.21267	-0.962411	
0.32	0.970031	-1.51661	0.225312	-0.957922	0.970031	-1.51661	0.225312	-0.957922	
0.34	0.999704	-1.46081	0.237816	-0.953222	0.999704	-1.46081	0.237816	-0.953222	
0.36	1.02499	-1.40502	0.25018	-0.948314	1.02499	-1.40502	0.25018	-0.948314	
0.38	1.04611	-1.34966	0.2624	-0.943206	1.04611	-1.34966	0.2624	-0.943206	
0.4	1.06333	-1.29506	0.274475	-0.937903	1.06333	-1.29506	0.274475	-0.937903	
0.42	1.07693	-1.24153	0.286402	-0.932409	1.07693	-1.24153	0.286402	-0.932409	
0.44	1.08719	-1.1893	0.29818	-0.926732	1.08719	-1.1893	0.29818	-0.926732	
0.46	1.0944	-1.13855	0.309805	-0.920875	1.0944	-1.13855	0.309805	-0.920875	
0.48	1.09886	-1.08943	0.321277	-0.914844	1.09886	-1.08943	0.321277	-0.914844	
0.5	1.10085	-1.04205	0.332593	-0.908644	1.10085	-1.04205	0.332593	-0.908644	
0.52	1.10064	-0.996474	0.343753	-0.90228	1.10064	-0.996474	0.343753	-0.90228	
0.54	1.09847	-0.952738	0.354754	-0.895756	1.09847	-0.952738	0.354754	-0.895756	
0.56	1.09458	-0.910857	0.365595	-0.889079	1.09458	-0.910857	0.365595	-0.889079	
0.58	1.08919	-0.870826	0.376274	-0.882251	1.08919	-0.870826	0.376274	-0.882251	
0.6	1.08249	-0.83262	0.386792	-0.875278	1.08249	-0.83262	0.386792	-0.875278	
0.62	1.07468	-0.796202	0.397145	-0.868164	1.07468	-0.796202	0.397145	-0.868164	
0.64	1.0659	-0.761526	0.407333	-0.860913	1.0659	-0.761526	0.407333	-0.860913	
0.66	1.05632	-0.728537	0.417354	-0.853531	1.05632	-0.728537	0.417354	-0.853531	
0.68	1.04605	-0.697174	0.427208	-0.84602	1.04605	-0.697174	0.427208	-0.84602	
0.7	1.03522	-0.667374	0.436893	-0.838385	1.03522	-0.667374	0.436893	-0.838385	
0.72	1.02394	-0.639069	0.446408	-0.830629	1.02394	-0.639069	0.446408	-0.830629	
0.74	1.01229	-0.612194	0.455752	-0.822758	1.01229	-0.612194	0.455752	-0.822758	
0.76	1.00035	-0.58668	0.464923	-0.814775	1.00035	-0.58668	0.464923	-0.814775	
0.78	0.988206	-0.562461	0.473921	-0.806684	0.988206	-0.562461	0.473921	-0.806684	
0.8	0.975907	-0.539472	0.482744	-0.798488	0.975907	-0.539472	0.482744	-0.798488	
0.82	0.963513	-0.517648	0.491391	-0.790192	0.963513	-0.517648	0.491391	-0.790192	
0.84	0.951069	-0.496929	0.499861	-0.781799	0.951069	-0.496929	0.499861	-0.781799	
0.86	0.938617	-0.477255	0.508153	-0.773313	0.938617	-0.477255	0.508153	-0.773313	
0.88	0.926191	-0.45857	0.516265	-0.764737	0.926191	-0.45857	0.516265	-0.764737	
0.9	0.913823	-0.440819	0.524196	-0.756077	0.913823	-0.440819	0.524196	-0.756077	
0.92	0.901538	-0.423951	0.531945	-0.747334	0.901538	-0.423951	0.531945	-0.747334	
0.94	0.889357	-0.407917	0.539512	-0.738514	0.889357	-0.407917	0.539512	-0.738514	
0.96	0.8773	-0.39267	0.546894	-0.72962	0.8773	-0.39267	0.546894	-0.72962	
0.98	0.865382	-0.378167	0.554091	-0.720656	0.865382	-0.378167	0.554091	-0.720656	
1	0.853614	-0.364365	0.561101	-0.711625	0.853614	-0.364365	0.561101	-0.711625	
1.02	0.842009	-0.351226	0.567924	-0.702531	0.842009	-0.351226	0.567924	-0.702531	
1.04	0.830575	-0.338713	0.574559	-0.693379	0.830575	-0.338713	0.574559	-0.693379	
1.06	0.819317	-0.326791	0.581004	-0.684173	0.819317	-0.326791	0.581004	-0.684173	
1.08	0.808242	-0.315427	0.587259	-0.674915	0.808242	-0.315427	0.587259	-0.674915	
1.1	0.797353	-0.30459	0.593322	-0.665611	0.797353	-0.30459	0.593322	-0.665611	
1.12	0.786652	-0.294252	0.599193	-0.656265	0.786652	-0.294252	0.599193	-0.656265	
1.14	0.776143	-0.284385	0.604871	-0.64688	0.776143	-0.284385	0.604871	-0.64688	
1.16	0.765824	-0.274963	0.610356	-0.637461	0.765824	-0.274963	0.610356	-0.637461	
1.18	0.755698	-0.265962	0.615647	-0.628012	0.755698	-0.265962	0.615647	-0.628012	
1.2	0.745762	-0.257359	0.620742	-0.618537	0.745762	-0.257359	0.620742	-0.618537	
1.22	0.736016	-0.249134	0.625643	-0.60904	0.736016	-0.249134	0.625643	-0.60904	
1.24	0.726458	-0.241266	0.630349	-0.599527	0.726458	-0.241266	0.630349	-0.599527	
1.26	0.717086	-0.233737	0.634859	-0.59	0.717086	-0.233737	0.634859	-0.59	
1.28	0.707899	-0.226528	0.639173	-0.580465	0.707899	-0.226528	0.639173	-0.580465	
1.3	0.698893	-0.219623	0.643292	-0.570926	0.698893	-0.219623	0.643292	-0.570926	
1.32	0.690066	-0.213007	0.647216	-0.561388	0.690066	-0.213007	0.647216	-0.561388	
1.34	0.681415	-0.206663	0.650945	-0.551855	0.681415	-0.206663	0.650945	-0.551855	
1.36	0.672937	-0.20058	0.654479	-0.542331	0.672937	-0.20058	0.654479	-0.542331	
1.38	0.664628	-0.194743	0.657819	-0.532821	0.664628	-0.194743	0.657819	-0.532821	
1.4	0.656486	-0.189141	0.660966	-0.52333	0.656486	-0.189141	0.660966	-0.52333	
1.42	0.648507	-0.183761	0.66392	-0.513861	0.648507	-0.183761	0.66392	-0.513861	
1.44	0.640687	-0.178593	0.666683	-0.50442	0.640687	-0.178593	0.666683	-0.50442	
1.46	0.633024	-0.173626	0.669256	-0.49501	0.633024	-0.173626	0.669256	-0.49501	
1.48	0.625514	-0.168851	0.67164	-0.485637	0.625514	-0.168851	0.67164	-0.485637	
1.5	0.618153	-0.164258	0.673837	-0.476305	0.618153	-0.164258	0.673837	-0.476305	
1.52	0.610938	-0.159839	0.675848	-0.467017	0.610938	-0.159839	0.675848	-0.467017	
1.54	0.603866	-0.155586	0.677675	-0.457779	0.603866	-0.155586	0.677675	-0.457779	
1.56	0.596934	-0.15149	0.67932	-0.448594	0.596934	-0.15149	0.67932	-0.448594	
1.58	0.590138	-0.147546	0.680785	-0.439467	0.590138	-0.147546	0.680785	-0.439467	
1.6	0.583474	-0.143745	0.682072	-0.430401	0.583474	-0.143745	0.682072	-0.430401	
1.62	0.576941	-0.14008	0.683184	-0.421402	0.576941	-0.14008	0.683184	-0.421402	
1.64	0.570534	-0.136547	0.684123	-0.412471	0.570534	-0.136547	0.684123	-0.412471	
1.66	0.564251	-0.133139	0.684892	-0.403614	0.564251	-0.133139	0.684892	-0.403614	
1.68	0.558088	-0.129851	0.685492	-0.394834	0.558088	-0.129851	0.685492	-0.394834	
1.7	0.552043	-0.126677	0.685929	-0.386135	0.552043	-0.126677	0.685929	-0.386135	
1.72	0.546113	-0.123612	0.686203	-0.37752	0.546113	-0.123612	0.686203	-0.37752	
1.74	0.540295	-0.120651	0.686319	-0.368992	0.540295	-0.120651	0.686319	-0.368992	
1.76	0.534586	-0.117791	0.686279	-0.360554	0.534586	-0.117791	0.686279	-0.360554	
1.78	0.528983	-0.115026	0.686087	-0.352211	0.528983	-0.115026	0.686087	-0.352211	
1.8	0.523485	-0.112353	0.685747	-0.343963	0.523485	-0.112353	0.685747	-0.343963	
1.82	0.518088	-0.109768	0.685261	-0.335816	0.518088	-0.109768	0.685261	-0.335816	
1.84	0.51279	-0.107268	0.684633	-0.32777	0.51279	-0.107268	0.684633	-0.32777	
1.86	0.507588	-0.104848	0.683867	-0.319829	0.507588	-0.104848	0.683867	-0.319829	
1.88	0.50248	-0.102506	0.682967	-0.311994	0.50248	-0.102506	0.682967	-0.311994	
1.9	0.497464	-0.100238	0.681935	-0.304269	0.497464	-0.100238	0.681935	-0.304269	
1.92	0.492538	-0.0980413	0.680777	-0.296655	0.492538	-0.0980413	0.680777	-0.296655	
1.94	0.487699	-0.0959134	0.679496	-0.289153	0.487699	-0.0959134	0.679496	-0.289153	
1.96	0.482946	-0.0938512	0.678095	-0.281766	0.482946	-0.0938512	0.678095	-0.281766	
1.98	0.478275	-0.0918523	0.676578	-0.274496	0.478275	-0.0918523	0.676578	-0.274496	
2	0.473686	-0.0899142	0.67495	-0.267343	0.473686	-0.0899142	0.67495	-0.267343	
2.02	0.469176	-0.0880346	0.673213	-0.260309	0.469176	-0.0880346	0.673213	-0.260309	
2.04	0.464743	-0.0862111	0.671373	-0.253395	0.464743	-0.0862111	0.671373	-0.253395	
2.06	0.460386	-0.0844418	0.669433	-0.246601	0.460386	-0.0844418	0.669433	-0.246601	
2.08	0.456102	-0.0827245	0.667396	-0.23993	0.456102	-0.0827245	0.667396	-0.23993	
2.1	0.451891	-0.0810572	0.665267	-0.233381	0.451891	-0.0810572	0.665267	-0.233381	
2.12	0.44775	-0.0794382	0.66305	-0.226954	0.44775	-0.0794382	0.66305	-0.226954	
2.14	0.443677	-0.0778656	0.660747	-0.220651	0.443677	-0.0778656	0.660747	-0.220651	
2.16	0.439671	-0.0763378	0.658364	-0.214472	0.439671	-0.0763378	0.658364	-0.214472	
2.18	0.435731	-0.0748531	0.655903	-0.208416	0.435731	-0.0748531	0.655903	-0.208416	
2.2	0.431854	-0.07341	0.653368	-0.202484	0.431854	-0.07341	0.653368	-0.202484	
2.22	0.42804	-0.072007	0.650763	-0.196675	0.42804	-0.072007	0.650763	-0.196675	
2.24	0.424287	-0.0706426	0.648091	-0.190989	0.424287	-0.0706426	0.648091	-0.190989	
2.26	0.420594	-0.0693155	0.645356	-0.185427	0.420594	-0.0693155	0.645356	-0.185427	
2.28	0.416958	-0.0680243	0.642561	-0.179986	0.416958	-0.0680243	0.642561	-0.179986	
2.3	0.41338	-0.0667679	0.639709	-0.174667	0.41338	-0.0667679	0.639709	-0.174667	
2.32	0.409857	-0.0655451	0.636805	-0.16947	0.409857	-0.0655451	0.636805	-0.16947	
2.34	0.406389	-0.0643546	0.63385	-0.164392	0.406389	-0.0643546	0.63385	-0.164392	
2.36	0.402974	-0.0631954	0.630849	-0.159434	0.402974	-0.0631954	0.630849	-0.159434	
2.38	0.39961	-0.0620664	0.627804	-0.154594	0.39961	-0.0620664	0.627804	-0.154594	
2.4	0.396298	-0.0609665	0.624718	-0.149872	0.396298	-0.0609665	0.624718	-0.149872	
2.42	0.393035	-0.0598949	0.621593	-0.145266	0.393035	-0.0598949	0.621593	-0.145266	
2.44	0.389821	-0.0588506	0.618434	-0.140775	0.389821	-0.0588506	0.618434	-0.140775	
2.46	0.386654	-0.0578327	0.615242	-0.136398	0.386654	-0.0578327	0.615242	-0.136398	
2.48	0.383534	-0.0568402	0.612021	-0.132133	0.383534	-0.0568402	0.612021	-0.132133	
2.5	0.38046	-0.0558725	0.608772	-0.127979	0.38046	-0.0558725	0.608772	-0.127979	
2.52	0.37743	-0.0549286	0.605498	-0.123935	0.37743	-0.0549286	0.605498	-0.123935	
2.54	0.374443	-0.0540078	0.602201	-0.119999	0.374443	-0.0540078	0.602201	-0.119999	
2.56	0.3715	-0.0531094	0.598885	-0.11617	0.3715	-0.0531094	0.598885	-0.11617	
2.58	0.368598	-0.0522326	0.595551	-0.112445	0.368598	-0.0522326	0.595551	-0.112445	
2.6	0.365736	-0.0513768	0.592201	-0.108825	0.365736	-0.0513768	0.592201	-0.108825	
2.62	0.362915	-0.0505413	0.588837	-0.105306	0.362915	-0.0505413	0.588837	-0.105306	
2.64	0.360133	-0.0497254	0.585461	-0.101887	0.360133	-0.0497254	0.585461	-0.101887	
2.66	0.35739	-0.0489287	0.582075	-0.0985674	0.35739	-0.0489287	0.582075	-0.0985674	
2.68	0.354684	-0.0481503	0.578682	-0.0953442	0.354684	-0.0481503	0.578682	-0.0953442	
2.7	0.352015	-0.0473899	0.575281	-0.0922161	0.352015	-0.0473899	0.575281	-0.0922161	
2.72	0.349382	-0.0466468	0.571877	-0.0891814	0.349382	-0.0466468	0.571877	-0.0891814	
2.74	0.346784	-0.0459205	0.568469	-0.0862383	0.346784	-0.0459205	0.568469	-0.0862383	
2.76	0.344221	-0.0452105	0.565059	-0.0833851	0.344221	-0.0452105	0.565059	-0.0833851	
2.78	0.341692	-0.0445163	0.561649	-0.0806201	0.341692	-0.0445163	0.561649	-0.0806201	
2.8	0.339196	-0.0438375	0.558241	-0.0779414	0.339196	-0.0438375	0.558241	-0.0779414	
2.82	0.336732	-0.0431735	0.554835	-0.0753474	0.336732	-0.0431735	0.554835	-0.0753474	
2.84	0.334301	-0.0425239	0.551432	-0.0728362	0.334301	-0.0425239	0.551432	-0.0728362	
2.86	0.331901	-0.0418884	0.548035	-0.0704061	0.331901	-0.0418884	0.548035	-0.0704061	
2.88	0.329531	-0.0412664	0.544643	-0.0680553	0.329531	-0.0412664	0.544643	-0.0680553	
2.9	0.327192	-0.0406576	0.541259	-0.0657822	0.327192	-0.0406576	0.541259	-0.0657822	
2.92	0.324883	-0.0400616	0.537882	-0.0635849	0.324883	-0.0400616	0.537882	-0.0635849	
2.94	0.322602	-0.039478	0.534515	-0.0614618	0.322602	-0.039478	0.534515	-0.0614618	
2.96	0.32035	-0.0389064	0.531157	-0.0594112	0.32035	-0.0389064	0.531157	-0.0594112	
2.98	0.318125	-0.0383466	0.527809	-0.0574313	0.318125	-0.0383466	0.527809	-0.0574313	
3	0.315928	-0.0377981	0.524474	-0.0555204	0.315928	-0.0377981	0.524474	-0.0555204	
3.02	0.313758	-0.0372607	0.52115	-0.0536769	0.313758	-0.0372607	0.52115	-0.0536769	
3.04	0.311614	-0.036734	0.517839	-0.0518993	0.311614	-0.036734	0.517839	-0.0518993	
3.06	0.309496	-0.0362178	0.514541	-0.0501857	0.309496	-0.0362178	0.514541	-0.0501857	
3.08	0.307403	-0.0357116	0.511257	-0.0485346	0.307403	-0.0357116	0.511257	-0.0485346	
3.1	0.305336	-0.0352153	0.507988	-0.0469445	0.305336	-0.0352153	0.507988	-0.0469445	
3.12	0.303292	-0.0347285	0.504734	-0.0454137	0.303292	-0.0347285	0.504734	-0.0454137	
3.14	0.301273	-0.034251	0.501495	-0.0439408	0.301273	-0.034251	0.501495	-0.0439408	
3.16	0.299278	-0.0337826	0.498272	-0.0425241	0.299278	-0.0337826	0.498272	-0.0425241	
3.18	0.297305	-0.0333229	0.495065	-0.0411621	0.297305	-0.0333229	0.495065	-0.0411621	
3.2	0.295355	-0.0328717	0.491875	-0.0398535	0.295355	-0.0328717	0.491875	-0.0398535	
3.22	0.293428	-0.0324288	0.488702	-0.0385967	0.293428	-0.0324288	0.488702	-0.0385967	
3.24	0.291522	-0.031994	0.485545	-0.0373903	0.291522	-0.031994	0.485545	-0.0373903	
3.26	0.289638	-0.031567	0.482407	-0.0362329	0.289638	-0.031567	0.482407	-0.0362329	
3.28	0.287776	-0.0311476	0.479286	-0.0351231	0.287776	-0.0311476	0.479286	-0.0351231	
3.3	0.285934	-0.0307357	0.476183	-0.0340594	0.285934	-0.0307357	0.476183	-0.0340594	
3.32	0.284112	-0.0303309	0.473098	-0.0330407	0.284112	-0.0303309	0.473098	-0.0330407	
3.34	0.282311	-0.0299331	0.470031	-0.0320655	0.282311	-0.0299331	0.470031	-0.0320655	
3.36	0.280529	-0.0295421	0.466982	-0.0311326	0.280529	-0.0295421	0.466982	-0.0311326	
3.38	0.278767	-0.0291578	0.463952	-0.0302407	0.278767	-0.0291578	0.463952	-0.0302407	
3.4	0.277024	-0.0287798	0.460941	-0.0293885	0.277024	-0.0287798	0.460941	-0.0293885	
3.42	0.2753	-0.0284082	0.457948	-0.0285748	0.2753	-0.0284082	0.457948	-0.0285748	
3.44	0.273594	-0.0280426	0.454974	-0.0277984	0.273594	-0.0280426	0.454974	-0.0277984	
3.46	0.271906	-0.027683	0.452018	-0.0270581	0.271906	-0.027683	0.452018	-0.0270581	
3.48	0.270236	-0.0273291	0.449082	-0.0263528	0.270236	-0.0273291	0.449082	-0.0263528	
3.5	0.268584	-0.0269808	0.446164	-0.0256814	0.268584	-0.0269808	0.446164	-0.0256814	
3.52	0.266949	-0.026638	0.443264	-0.0250427	0.266949	-0.026638	0.443264	-0.0250427	
3.54	0.265331	-0.0263005	0.440384	-0.0244356	0.265331	-0.0263005	0.440384	-0.0244356	
3.56	0.26373	-0.0259681	0.437522	-0.0238591	0.26373	-0.0259681	0.437522	-0.0238591	
3.58	0.262145	-0.0256408	0.434679	-0.0233121	0.262145	-0.0256408	0.434679	-0.0233121	
3.6	0.260577	-0.0253183	0.431855	-0.0227935	0.260577	-0.0253183	0.431855	-0.0227935	
3.62	0.259024	-0.0250006	0.429049	-0.0223025	0.259024	-0.0250006	0.429049	-0.0223025	
3.64	0.257487	-0.0246875	0.426262	-0.021838	0.257487	-0.0246875	0.426262	-0.021838	
3.66	0.255965	-0.024379	0.423493	-0.0213991	0.255965	-0.024379	0.423493	-0.0213991	
3.68	0.254459	-0.0240748	0.420742	-0.0209848	0.254459	-0.0240748	0.420742	-0.0209848	
3.7	0.252968	-0.0237748	0.41801	-0.0205941	0.252968	-0.0237748	0.41801	-0.0205941	
3.72	0.251491	-0.023479	0.415296	-0.0202263	0.251491	-0.023479	0.415296	-0.0202263	
3.74	0.250029	-0.0231872	0.4126	-0.0198803	0.250029	-0.0231872	0.4126	-0.0198803	
3.76	0.248581	-0.0228994	0.409923	-0.0195554	0.248581	-0.0228994	0.409923	-0.0195554	
3.78	0.247148	-0.0226153	0.407263	-0.0192508	0.247148	-0.0226153	0.407263	-0.0192508	
3.8	0.245728	-0.022335	0.404621	-0.0189655	0.245728	-0.022335	0.404621	-0.0189655	
3.82	0.244321	-0.0220583	0.401997	-0.0186988	0.244321	-0.0220583	0.401997	-0.0186988	
3.84	0.242929	-0.0217851	0.399391	-0.0184499	0.242929	-0.0217851	0.399391	-0.0184499	
3.86	0.241549	-0.0215153	0.396802	-0.0182181	0.241549	-0.0215153	0.396802	-0.0182181	
3.88	0.240183	-0.0212488	0.39423	-0.0180026	0.240183	-0.0212488	0.39423	-0.0180026	
3.9	0.238829	-0.0209856	0.391676	-0.0178026	0.238829	-0.0209856	0.391676	-0.0178026	
3.92	0.237488	-0.0207255	0.38914	-0.0176175	0.237488	-0.0207255	0.38914	-0.0176175	
3.94	0.236159	-0.0204685	0.38662	-0.0174465	0.236159	-0.0204685	0.38662	-0.0174465	
3.96	0.234843	-0.0202144	0.384118	-0.017289	0.234843	-0.0202144	0.384118	-0.017289	
3.98	0.233539	-0.0199632	0.381632	-0.0171444	0.233539	-0.0199632	0.381632	-0.0171444	
4	0.232247	-0.0197149	0.379163	-0.0170119	0.232247	-0.0197149	0.379163	-0.0170119	
4.02	0.230967	-0.0194693	0.376712	-0.016891	0.230967	-0.0194693	0.376712	-0.016891	
4.04	0.229698	-0.0192263	0.374276	-0.016781	0.229698	-0.0192263	0.374276	-0.016781	
4.06	0.228441	-0.0189859	0.371858	-0.0166814	0.228441	-0.0189859	0.371858	-0.0166814	
4.08	0.227195	-0.0187481	0.369456	-0.0165916	0.227195	-0.0187481	0.369456	-0.0165916	
4.1	0.22596	-0.0185126	0.36707	-0.016511	0.22596	-0.0185126	0.36707	-0.016511	
4.12	0.224736	-0.0182796	0.364701	-0.0164391	0.224736	-0.0182796	0.364701	-0.0164391	
4.14	0.223523	-0.0180489	0.362348	-0.0163754	0.223523	-0.0180489	0.362348	-0.0163754	
4.16	0.222321	-0.0178204	0.360011	-0.0163193	0.222321	-0.0178204	0.360011	-0.0163193	
4.18	0.221129	-0.017594	0.357691	-0.0162703	0.221129	-0.017594	0.357691	-0.0162703	
4.2	0.219948	-0.0173698	0.355386	-0.016228	0.219948	-0.0173698	0.355386	-0.016228	
4.22	0.218777	-0.0171477	0.353097	-0.0161919	0.218777	-0.0171477	0.353097	-0.0161919	
4.24	0.217616	-0.0169276	0.350825	-0.0161616	0.217616	-0.0169276	0.350825	-0.0161616	
4.26	0.216465	-0.0167093	0.348568	-0.0161365	0.216465	-0.0167093	0.348568	-0.0161365	
4.28	0.215324	-0.016493	0.346327	-0.0161164	0.215324	-0.016493	0.346327	-0.0161164	
4.3	0.214193	-0.0162785	0.344101	-0.0161007	0.214193	-0.0162785	0.344101	-0.0161007	
4.32	0.213071	-0.0160658	0.341892	-0.0160891	0.213071	-0.0160658	0.341892	-0.0160891	
4.34	0.211959	-0.0158548	0.339698	-0.0160812	0.211959	-0.0158548	0.339698	-0.0160812	
4.36	0.210856	-0.0156455	0.337519	-0.0160767	0.210856	-0.0156455	0.337519	-0.0160767	
4.38	0.209762	-0.0154377	0.335356	-0.0160751	0.209762	-0.0154377	0.335356	-0.0160751	
4.4	0.208677	-0.0152316	0.333209	-0.0160763	0.208677	-0.0152316	0.333209	-0.0160763	
4.42	0.207602	-0.015027	0.331077	-0.0160797	0.207602	-0.015027	0.331077	-0.0160797	
4.44	0.206535	-0.0148238	0.32896	-0.0160852	0.206535	-0.0148238	0.32896	-0.0160852	
4.46	0.205477	-0.0146221	0.326859	-0.0160923	0.205477	-0.0146221	0.326859	-0.0160923	
4.48	0.204427	-0.0144218	0.324773	-0.0161009	0.204427	-0.0144218	0.324773	-0.0161009	
4.5	0.203387	-0.0142228	0.322702	-0.0161107	0.203387	-0.0142228	0.322702	-0.0161107	
4.52	0.202354	-0.0140251	0.320647	-0.0161214	0.202354	-0.0140251	0.320647	-0.0161214	
4.54	0.20133	-0.0138286	0.318607	-0.0161327	0.20133	-0.0138286	0.318607	-0.0161327	
4.56	0.200314	-0.0136334	0.316582	-0.0161445	0.200314	-0.0136334	0.316582	-0.0161445	
4.58	0.199307	-0.0134393	0.314572	-0.0161564	0.199307	-0.0134393	0.314572	-0.0161564	
4.6	0.198307	-0.0132464	0.312577	-0.0161683	0.198307	-0.0132464	0.312577	-0.0161683	
4.62	0.197315	-0.0130545	0.310598	-0.01618	0.197315	-0.0130545	0.310598	-0.01618	
4.64	0.196331	-0.0128638	0.308633	-0.0161913	0.196331	-0.0128638	0.308633	-0.0161913	
4.66	0.195355	-0.012674	0.306684	-0.016202	0.195355	-0.012674	0.306684	-0.016202	
4.68	0.194387	-0.0124852	0.304749	-0.016212	0.194387	-0.0124852	0.304749	-0.016212	
4.7	0.193426	-0.0122973	0.30283	-0.016221	0.193426	-0.0122973	0.30283	-0.016221	
4.72	0.192472	-0.0121104	0.300926	-0.0162289	0.192472	-0.0121104	0.300926	-0.0162289	
4.74	0.191526	-0.0119243	0.299036	-0.0162357	0.191526	-0.0119243	0.299036	-0.0162357	
4.76	0.190587	-0.0117391	0.297162	-0.0162411	0.190587	-0.0117391	0.297162	-0.0162411	
4.78	0.189656	-0.0115547	0.295302	-0.0162451	0.189656	-0.0115547	0.295302	-0.0162451	
4.8	0.188731	-0.011371	0.293457	-0.0162475	0.188731	-0.011371	0.293457	-0.0162475	
4.82	0.187814	-0.0111881	0.291628	-0.0162482	0.187814	-0.0111881	0.291628	-0.0162482	
4.84	0.186903	-0.0110059	0.289812	-0.0162472	0.186903	-0.0110059	0.289812	-0.0162472	
4.86	0.186	-0.0108243	0.288012	-0.0162443	0.186	-0.0108243	0.288012	-0.0162443	
4.88	0.185103	-0.0106434	0.286227	-0.0162395	0.185103	-0.0106434	0.286227	-0.0162395	
4.9	0.184213	-0.0104632	0.284456	-0.0162327	0.184213	-0.0104632	0.284456	-0.0162327	
4.92	0.183329	-0.0102835	0.2827	-0.0162239	0.183329	-0.0102835	0.2827	-0.0162239	
4.94	0.182452	-0.0101043	0.280959	-0.016213	0.182452	-0.0101043	0.280959	-0.016213	
4.96	0.181582	-0.00992567	0.279232	-0.0161999	0.181582	-0.00992567	0.279232	-0.0161999	
4.98	0.180718	-0.00974753	0.27752	-0.0161846	0.180718	-0.00974753	0.27752	-0.0161846	
5	0.17986	-0.00956985	0.275822	-0.0161671	0.17986	-0.00956985	0.275822	-0.0161671	
5.02	0.179009	-0.00939261	0.274139	-0.0161473	0.179009	-0.00939261	0.274139	-0.0161473	
5.04	0.178164	-0.00921577	0.272471	-0.0161253	0.178164	-0.00921577	0.272471	-0.0161253	
5.06	0.177325	-0.00903931	0.270817	-0.016101	0.177325	-0.00903931	0.270817	-0.016101	
5.08	0.176492	-0.0088632	0.269177	-0.0160744	0.176492	-0.0088632	0.269177	-0.0160744	
5.1	0.175665	-0.00868742	0.267552	-0.0160454	0.175665	-0.00868742	0.267552	-0.0160454	
5.12	0.174844	-0.00851193	0.265941	-0.0160142	0.174844	-0.00851193	0.265941	-0.0160142	
5.14	0.174029	-0.00833671	0.264344	-0.0159806	0.174029	-0.00833671	0.264344	-0.0159806	
5.16	0.173219	-0.00816173	0.262762	-0.0159448	0.173219	-0.00816173	0.262762	-0.0159448	
5.18	0.172416	-0.00798696	0.261193	-0.0159067	0.172416	-0.00798696	0.261193	-0.0159067	
5.2	0.171618	-0.00781238	0.259639	-0.0158663	0.171618	-0.00781238	0.259639	-0.0158663	
5.22	0.170825	-0.00763797	0.258098	-0.0158236	0.170825	-0.00763797	0.258098	-0.0158236	
5.24	0.170039	-0.00746369	0.256572	-0.0157788	0.170039	-0.00746369	0.256572	-0.0157788	
5.26	0.169258	-0.00728951	0.255059	-0.0157317	0.169258	-0.00728951	0.255059	-0.0157317	
5.28	0.168482	-0.00711543	0.253561	-0.0156825	0.168482	-0.00711543	0.253561	-0.0156825	
5.3	0.167712	-0.0069414	0.252076	-0.0156311	0.167712	-0.0069414	0.252076	-0.0156311	
5.32	0.166947	-0.0067674	0.250605	-0.0155776	0.166947	-0.0067674	0.250605	-0.0155776	
5.34	0.166187	-0.00659341	0.249147	-0.0155221	0.166187	-0.00659341	0.249147	-0.0155221	
5.36	0.165432	-0.0064194	0.247703	-0.0154645	0.165432	-0.0064194	0.247703	-0.0154645	
5.38	0.164683	-0.00624535	0.246273	-0.015405	0.164683	-0.00624535	0.246273	-0.015405	
5.4	0.163939	-0.00607122	0.244855	-0.0153435	0.163939	-0.00607122	0.244855	-0.0153435	
5.42	0.1632	-0.005897	0.243452	-0.0152801	0.1632	-0.005897	0.243452	-0.0152801	
5.44	0.162466	-0.00572266	0.242061	-0.0152149	0.162466	-0.00572266	0.242061	-0.0152149	
5.46	0.161737	-0.00554818	0.240684	-0.0151479	0.161737	-0.00554818	0.240684	-0.0151479	
5.48	0.161013	-0.00537352	0.239319	-0.0150791	0.161013	-0.00537352	0.239319	-0.0150791	
5.5	0.160294	-0.00519866	0.237968	-0.0150086	0.160294	-0.00519866	0.237968	-0.0150086	
5.52	0.15958	-0.00502358	0.236629	-0.0149365	0.15958	-0.00502358	0.236629	-0.0149365	
5.54	0.15887	-0.00484825	0.235303	-0.0148628	0.15887	-0.00484825	0.235303	-0.0148628	
5.56	0.158165	-0.00467265	0.23399	-0.0147875	0.158165	-0.00467265	0.23399	-0.0147875	
5.58	0.157465	-0.00449674	0.23269	-0.0147107	0.157465	-0.00449674	0.23269	-0.0147107	
5.6	0.15677	-0.00432051	0.231402	-0.0146325	0.15677	-0.00432051	0.231402	-0.0146325	
5.62	0.156079	-0.00414393	0.230127	-0.0145529	0.156079	-0.00414393	0.230127	-0.0145529	
5.64	0.155393	-0.00396697	0.228864	-0.014472	0.155393	-0.00396697	0.228864	-0.014472	
5.66	0.154712	-0.00378961	0.227613	-0.0143898	0.154712	-0.00378961	0.227613	-0.0143898	
5.68	0.154035	-0.00361182	0.226374	-0.0143064	0.154035	-0.00361182	0.226374	-0.0143064	
5.7	0.153362	-0.00343357	0.225147	-0.0142218	0.153362	-0.00343357	0.225147	-0.0142218	
5.72	0.152694	-0.00325484	0.223932	-0.0141361	0.152694	-0.00325484	0.223932	-0.0141361	
5.74	0.15203	-0.0030756	0.222729	-0.0140493	0.15203	-0.0030756	0.222729	-0.0140493	
5.76	0.151371	-0.00289582	0.221538	-0.0139615	0.151371	-0.00289582	0.221538	-0.0139615	
5.78	0.150716	-0.00271548	0.220359	-0.0138728	0.150716	-0.00271548	0.220359	-0.0138728	
5.8	0.150065	-0.00253455	0.219191	-0.0137831	0.150065	-0.00253455	0.219191	-0.0137831	
5.82	0.149419	-0.002353	0.218034	-0.0136926	0.149419	-0.002353	0.218034	-0.0136926	
5.84	0.148777	-0.00217081	0.216889	-0.0136013	0.148777	-0.00217081	0.216889	-0.0136013	
5.86	0.148139	-0.00198794	0.215754	-0.0135092	0.148139	-0.00198794	0.215754	-0.0135092	
5.88	0.147505	-0.00180438	0.214631	-0.0134164	0.147505	-0.00180438	0.214631	-0.0134164	
5.9	0.146875	-0.00162008	0.213519	-0.0133229	0.146875	-0.00162008	0.213519	-0.0133229	
5.92	0.14625	-0.00143503	0.212418	-0.0132289	0.14625	-0.00143503	0.212418	-0.0132289	
5.94	0.145628	-0.0012492	0.211328	-0.0131343	0.145628	-0.0012492	0.211328	-0.0131343	
5.96	0.145011	-0.00106255	0.210248	-0.0130391	0.145011	-0.00106255	0.210248	-0.0130391	
5.98	0.144398	-0.000875059	0.209179	-0.0129435	0.144398	-0.000875059	0.209179	-0.0129435	
6	0.143789	-0.000686697	0.20812	-0.0128474	0.143789	-0.000686697	0.20812	-0.0128474	
6.02	0.143184	-0.000497435	0.207072	-0.012751	0.143184	-0.000497435	0.207072	-0.012751	
6.04	0.142582	-0.000307243	0.206034	-0.0126542	0.142582	-0.000307243	0.206034	-0.0126542	
6.06	0.141985	-0.000116091	0.205006	-0.0125571	0.141985	-0.000116091	0.205006	-0.0125571	
6.08	0.141392	7.60501e-05	0.203988	-0.0124598	0.141392	7.60501e-05	0.203988	-0.0124598	
6.1	0.140803	0.000269211	0.20298	-0.0123622	0.140803	0.000269211	0.20298	-0.0123622	
6.12	0.140217	0.000463422	0.201982	-0.0122645	0.140217	0.000463422	0.201982	-0.0122645	
6.14	0.139636	0.000658714	0.200994	-0.0121666	0.139636	0.000658714	0.200994	-0.0121666	
6.16	0.139058	0.000855118	0.200015	-0.0120685	0.139058	0.000855118	0.200015	-0.0120685	
6.18	0.138484	0.00105266	0.199046	-0.0119704	0.138484	0.00105266	0.199046	-0.0119704	
6.2	0.137914	0.00125138	0.198086	-0.0118723	0.137914	0.00125138	0.198086	-0.0118723	
6.22	0.137348	0.00145131	0.197135	-0.0117742	0.137348	0.00145131	0.197135	-0.0117742	
6.24	0.136786	0.00165247	0.196194	-0.011676	0.136786	0.00165247	0.196194	-0.011676	
6.26	0.136228	0.0018549	0.195261	-0.011578	0.136228	0.0018549	0.195261	-0.011578	
6.28	0.135674	0.00205863	0.194338	-0.01148	0.135674	0.00205863	0.194338	-0.01148	
6.3	0.135123	0.00226369	0.193423	-0.0113821	0.135123	0.00226369	0.193423	-0.0113821	
6.32	0.134576	0.00247012	0.192518	-0.0112844	0.134576	0.00247012	0.192518	-0.0112844	
6.34	0.134033	0.00267795	0.191621	-0.0111868	0.134033	0.00267795	0.191621	-0.0111868	
6.36	0.133494	0.0028872	0.190732	-0.0110895	0.133494	0.0028872	0.190732	-0.0110895	
6.38	0.132959	0.00309792	0.189852	-0.0109923	0.132959	0.00309792	0.189852	-0.0109923	
6.4	0.132427	0.00331014	0.188981	-0.0108955	0.132427	0.00331014	0.188981	-0.0108955	
6.42	0.1319	0.00352388	0.188117	-0.0107988	0.1319	0.00352388	0.188117	-0.0107988	
6.44	0.131376	0.00373919	0.187262	-0.0107025	0.131376	0.00373919	0.187262	-0.0107025	
6.46	0.130856	0.00395609	0.186415	-0.0106065	0.130856	0.00395609	0.186415	-0.0106065	
6.48	0.13034	0.00417461	0.185576	-0.0105108	0.13034	0.00417461	0.185576	-0.0105108	
6.5	0.129828	0.0043948	0.184745	-0.0104155	0.129828	0.0043948	0.184745	-0.0104155	
6.52	0.12932	0.00461668	0.183922	-0.0103205	0.12932	0.00461668	0.183922	-0.0103205	
6.54	0.128815	0.00484029	0.183106	-0.010226	0.128815	0.00484029	0.183106	-0.010226	
6.56	0.128315	0.00506566	0.182298	-0.0101318	0.128315	0.00506566	0.182298	-0.0101318	
6.58	0.127819	0.00529282	0.181497	-0.0100381	0.127819	0.00529282	0.181497	-0.0100381	
6.6	0.127326	0.00552181	0.180704	-0.00994484	0.127326	0.00552181	0.180704	-0.00994484	
6.62	0.126838	0.00575265	0.179918	-0.00985203	0.126838	0.00575265	0.179918	-0.00985203	
6.64	0.126353	0.00598538	0.17914	-0.00975969	0.126353	0.00598538	0.17914	-0.00975969	
6.66	0.125873	0.00622003	0.178368	-0.00966784	0.125873	0.00622003	0.178368	-0.00966784	
6.68	0.125396	0.00645663	0.177604	-0.00957649	0.125396	0.00645663	0.177604	-0.00957649	
6.7	0.124924	0.00669522	0.176847	-0.00948565	0.124924	0.00669522	0.176847	-0.00948565	
6.72	0.124456	0.00693582	0.176096	-0.00939534	0.124456	0.00693582	0.176096	-0.00939534	
6.74	0.123992	0.00717846	0.175353	-0.00930556	0.123992	0.00717846	0.175353	-0.00930556	
6.76	0.123532	0.00742318	0.174616	-0.00921633	0.123532	0.00742318	0.174616	-0.00921633	
6.78	0.123077	0.00766999	0.173886	-0.00912766	0.123077	0.00766999	0.173886	-0.00912766	
6.8	0.122625	0.00791894	0.173162	-0.00903956	0.122625	0.00791894	0.173162	-0.00903956	
6.82	0.122178	0.00817004	0.172445	-0.00895203	0.122178	0.00817004	0.172445	-0.00895203	
6.84	0.121736	0.00842333	0.171734	-0.00886508	0.121736	0.00842333	0.171734	-0.00886508	
6.86	0.121298	0.00867882	0.17103	-0.00877872	0.121298	0.00867882	0.17103	-0.00877872	
6.88	0.120864	0.00893655	0.170332	-0.00869296	0.120864	0.00893655	0.170332	-0.00869296	
6.9	0.120435	0.00919653	0.16964	-0.00860781	0.120435	0.00919653	0.16964	-0.00860781	
6.92	0.120011	0.00945879	0.168954	-0.00852327	0.120011	0.00945879	0.168954	-0.00852327	
6.94	0.119591	0.00972335	0.168274	-0.00843934	0.119591	0.00972335	0.168274	-0.00843934	
6.96	0.119176	0.00999022	0.167601	-0.00835604	0.119176	0.00999022	0.167601	-0.00835604	
6.98	0.118766	0.0102594	0.166933	-0.00827336	0.118766	0.0102594	0.166933	-0.00827336	
7	0.118361	0.010531	0.16627	-0.00819131	0.118361	0.010531	0.16627	-0.00819131	
7.02	0.117961	0.0108049	0.165614	-0.0081099	0.117961	0.0108049	0.165614	-0.0081099	
7.04	0.117565	0.0110812	0.164963	-0.00802913	0.117565	0.0110812	0.164963	-0.00802913	
7.06	0.117175	0.0113599	0.164318	-0.00794899	0.117175	0.0113599	0.164318	-0.00794899	
7.08	0.11679	0.0116409	0.163678	-0.0078695	0.11679	0.0116409	0.163678	-0.0078695	
7.1	0.11641	0.0119244	0.163044	-0.00779066	0.11641	0.0119244	0.163044	-0.00779066	
7.12	0.116036	0.0122103	0.162415	-0.00771246	0.116036	0.0122103	0.162415	-0.00771246	
7.14	0.115667	0.0124985	0.161792	-0.00763492	0.115667	0.0124985	0.161792	-0.00763492	
7.16	0.115303	0.0127892	0.161174	-0.00755802	0.115303	0.0127892	0.161174	-0.00755802	
7.18	0.114945	0.0130822	0.160561	-0.00748178	0.114945	0.0130822	0.160561	-0.00748178	
7.2	0.114593	0.0133776	0.159953	-0.00740619	0.114593	0.0133776	0.159953	-0.00740619	
7.22	0.114247	0.0136754	0.15935	-0.00733125	0.114247	0.0136754	0.15935	-0.00733125	
7.24	0.113907	0.0139755	0.158752	-0.00725697	0.113907	0.0139755	0.158752	-0.00725697	
7.26	0.113573	0.014278	0.158159	-0.00718334	0.113573	0.014278	0.158159	-0.00718334	
7.28	0.113245	0.0145827	0.157571	-0.00711036	0.113245	0.0145827	0.157571	-0.00711036	
7.3	0.112923	0.0148898	0.156988	-0.00703804	0.112923	0.0148898	0.156988	-0.00703804	
7.32	0.112607	0.015199	0.15641	-0.00696636	0.112607	0.015199	0.15641	-0.00696636	
7.34	0.112298	0.0155105	0.155836	-0.00689534	0.112298	0.0155105	0.155836	-0.00689534	
7.36	0.111996	0.0158241	0.155267	-0.00682496	0.111996	0.0158241	0.155267	-0.00682496	
7.38	0.111701	0.0161398	0.154703	-0.00675524	0.111701	0.0161398	0.154703	-0.00675524	
7.4	0.111412	0.0164575	0.154143	-0.00668616	0.111412	0.0164575	0.154143	-0.00668616	
7.42	0.11113	0.0167773	0.153587	-0.00661772	0.11113	0.0167773	0.153587	-0.00661772	
7.44	0.110856	0.017099	0.153036	-0.00654992	0.110856	0.017099	0.153036	-0.00654992	
7.46	0.110589	0.0174225	0.15249	-0.00648277	0.110589	0.0174225	0.15249	-0.00648277	
7.48	0.110329	0.0177477	0.151948	-0.00641625	0.110329	0.0177477	0.151948	-0.00641625	
7.5	0.110076	0.0180747	0.15141	-0.00635036	0.110076	0.0180747	0.15141	-0.00635036	
7.52	0.109832	0.0184032	0.150876	-0.00628511	0.109832	0.0184032	0.150876	-0.00628511	
7.54	0.109595	0.0187332	0.150346	-0.00622049	0.109595	0.0187332	0.150346	-0.00622049	
7.56	0.109366	0.0190646	0.149821	-0.00615649	0.109366	0.0190646	0.149821	-0.00615649	
7.58	0.109145	0.0193973	0.1493	-0.00609312	0.109145	0.0193973	0.1493	-0.00609312	
7.6	0.108933	0.0197311	0.148782	-0.00603036	0.108933	0.0197311	0.148782	-0.00603036	
7.62	0.108728	0.0200659	0.148269	-0.00596822	0.108728	0.0200659	0.148269	-0.00596822	
7.64	0.108533	0.0204016	0.14776	-0.0059067	0.108533	0.0204016	0.14776	-0.0059067	
7.66	0.108345	0.0207379	0.147254	-0.00584578	0.108345	0.0207379	0.147254	-0.00584578	
7.68	0.108167	0.0210748	0.146753	-0.00578547	0.108167	0.0210748	0.146753	-0.00578547	
7.7	0.107998	0.0214121	0.146255	-0.00572577	0.107998	0.0214121	0.146255	-0.00572577	
7.72	0.107837	0.0217496	0.145761	-0.00566666	0.107837	0.0217496	0.145761	-0.00566666	
7.74	0.107686	0.0220872	0.14527	-0.00560814	0.107686	0.0220872	0.14527	-0.00560814	
7.76	0.107544	0.0224245	0.144784	-0.00555022	0.107544	0.0224245	0.144784	-0.00555022	
7.78	0.107411	0.0227615	0.144301	-0.00549288	0.107411	0.0227615	0.144301	-0.00549288	
7.8	0.107287	0.0230978	0.143821	-0.00543613	0.107287	0.0230978	0.143821	-0.00543613	
7.82	0.107174	0.0234334	0.143345	-0.00537995	0.107174	0.0234334	0.143345	-0.00537995	
7.84	0.10707	0.0237679	0.142873	-0.00532435	0.10707	0.0237679	0.142873	-0.00532435	
7.86	0.106975	0.0241011	0.142404	-0.00526932	0.106975	0.0241011	0.142404	-0.00526932	
7.88	0.106891	0.0244327	0.141938	-0.00521485	0.106891	0.0244327	0.141938	-0.00521485	
7.9	0.106817	0.0247625	0.141476	-0.00516095	0.106817	0.0247625	0.141476	-0.00516095	
7.92	0.106752	0.0250902	0.141017	-0.0051076	0.106752	0.0250902	0.141017	-0.0051076	
7.94	0.106698	0.0254156	0.140562	-0.0050548	0.106698	0.0254156	0.140562	-0.0050548	
7.96	0.106653	0.0257383	0.14011	-0.00500255	0.106653	0.0257383	0.14011	-0.00500255	
7.98	0.106619	0.026058	0.139661	-0.00495085	0.106619	0.026058	0.139661	-0.00495085	
8	0.106595	0.0263745	0.139215	-0.00489969	0.106595	0.0263745	0.139215	-0.00489969	
8.02	0.106582	0.0266874	0.138772	-0.00484906	0.106582	0.0266874	0.138772	-0.00484906	
8.04	0.106578	0.0269963	0.138333	-0.00479896	0.106578	0.0269963	0.138333	-0.00479896	
8.06	0.106585	0.0273011	0.137896	-0.00474938	0.106585	0.0273011	0.137896	-0.00474938	
8.08	0.106601	0.0276013	0.137463	-0.00470033	0.106601	0.0276013	0.137463	-0.00470033	
8.1	0.106628	0.0278966	0.137033	-0.0046518	0.106628	0.0278966	0.137033	-0.0046518	
8.12	0.106665	0.0281866	0.136606	-0.00460377	0.106665	0.0281866	0.136606	-0.00460377	
8.14	0.106712	0.0284711	0.136181	-0.00455626	0.106712	0.0284711	0.136181	-0.00455626	
8.16	0.106769	0.0287496	0.13576	-0.00450924	0.106769	0.0287496	0.13576	-0.00450924	
8.18	0.106835	0.0290218	0.135341	-0.00446273	0.106835	0.0290218	0.135341	-0.00446273	
8.2	0.106912	0.0292874	0.134926	-0.00441671	0.106912	0.0292874	0.134926	-0.00441671	
8.22	0.106997	0.029546	0.134513	-0.00437117	0.106997	0.029546	0.134513	-0.00437117	
8.24	0.107093	0.0297972	0.134103	-0.00432613	0.107093	0.0297972	0.134103	-0.00432613	
8.26	0.107197	0.0300408	0.133696	-0.00428156	0.107197	0.0300408	0.133696	-0.00428156	
8.28	0.10731	0.0302763	0.133292	-0.00423747	0.10731	0.0302763	0.133292	-0.00423747	
8.3	0.107432	0.0305034	0.13289	-0.00419384	0.107432	0.0305034	0.13289	-0.00419384	
8.32	0.107563	0.0307217	0.132491	-0.00415069	0.107563	0.0307217	0.132491	-0.00415069	
8.34	0.107701	0.0309311	0.132094	-0.004108	0.107701	0.0309311	0.132094	-0.004108	
8.36	0.107848	0.031131	0.131701	-0.00406576	0.107848	0.031131	0.131701	-0.00406576	
8.38	0.108003	0.0313213	0.13131	-0.00402398	0.108003	0.0313213	0.13131	-0.00402398	
8.4	0.108165	0.0315015	0.130921	-0.00398265	0.108165	0.0315015	0.130921	-0.00398265	
8.42	0.108334	0.0316715	0.130535	-0.00394176	0.108334	0.0316715	0.130535	-0.00394176	
8.44	0.108509	0.031831	0.130151	-0.00390131	0.108509	0.031831	0.130151	-0.00390131	
8.46	0.108691	0.0319796	0.12977	-0.00386129	0.108691	0.0319796	0.12977	-0.00386129	
8.48	0.108879	0.0321171	0.129392	-0.00382171	0.108879	0.0321171	0.129392	-0.00382171	
8.5	0.109073	0.0322434	0.129016	-0.00378255	0.109073	0.0322434	0.129016	-0.00378255	
8.52	0.109272	0.0323582	0.128642	-0.00374381	0.109272	0.0323582	0.128642	-0.00374381	
8.54	0.109475	0.0324612	0.128271	-0.0037055	0.109475	0.0324612	0.128271	-0.0037055	
8.56	0.109683	0.0325524	0.127902	-0.00366759	0.109683	0.0325524	0.127902	-0.00366759	
8.58	0.109895	0.0326316	0.127536	-0.0036301	0.109895	0.0326316	0.127536	-0.0036301	
8.6	0.11011	0.0326986	0.127171	-0.00359301	0.11011	0.0326986	0.127171	-0.00359301	
8.62	0.110328	0.0327533	0.12681	-0.00355632	0.110328	0.0327533	0.12681	-0.00355632	
8.64	0.110549	0.0327957	0.12645	-0.00352002	0.110549	0.0327957	0.12645	-0.00352002	
8.66	0.110772	0.0328257	0.126093	-0.00348412	0.110772	0.0328257	0.126093	-0.00348412	
8.68	0.110996	0.0328432	0.125737	-0.00344861	0.110996	0.0328432	0.125737	-0.00344861	
8.7	0.111221	0.0328483	0.125385	-0.00341348	0.111221	0.0328483	0.125385	-0.00341348	
8.72	0.111447	0.0328409	0.125034	-0.00337873	0.111447	0.0328409	0.125034	-0.00337873	
8.74	0.111673	0.032821	0.124685	-0.00334436	0.111673	0.032821	0.124685	-0.00334436	
8.76	0.111899	0.0327888	0.124339	-0.00331036	0.111899	0.0327888	0.124339	-0.00331036	
8.78	0.112124	0.0327443	0.123995	-0.00327673	0.112124	0.0327443	0.123995	-0.00327673	
8.8	0.112348	0.0326876	0.123652	-0.00324346	0.112348	0.0326876	0.123652	-0.00324346	
8.82	0.11257	0.0326188	0.123312	-0.00321055	0.11257	0.0326188	0.123312	-0.00321055	
8.84	0.112789	0.0325381	0.122974	-0.003178	0.112789	0.0325381	0.122974	-0.003178	
8.86	0.113006	0.0324456	0.122638	-0.0031458	0.113006	0.0324456	0.122638	-0.0031458	
8.88	0.11322	0.0323416	0.122304	-0.00311395	0.11322	0.0323416	0.122304	-0.00311395	
8.9	0.113431	0.0322262	0.121972	-0.00308244	0.113431	0.0322262	0.121972	-0.00308244	
8.92	0.113637	0.0320997	0.121642	-0.00305128	0.113637	0.0320997	0.121642	-0.00305128	
8.94	0.11384	0.0319623	0.121314	-0.00302045	0.11384	0.0319623	0.121314	-0.00302045	
8.96	0.114037	0.0318144	0.120988	-0.00298996	0.114037	0.0318144	0.120988	-0.00298996	
8.98	0.11423	0.0316561	0.120664	-0.00295979	0.11423	0.0316561	0.120664	-0.00295979	
9	0.114417	0.0314878	0.120342	-0.00292995	0.114417	0.0314878	0.120342	-0.00292995	
9.02	0.114598	0.0313097	0.120022	-0.00290044	0.114598	0.0313097	0.120022	-0.00290044	
9.04	0.114774	0.0311223	0.119703	-0.00287124	0.114774	0.0311223	0.119703	-0.00287124	
9.06	0.114943	0.0309258	0.119387	-0.00284236	0.114943	0.0309258	0.119387	-0.00284236	
9.08	0.115106	0.0307206	0.119072	-0.0028138	0.115106	0.0307206	0.119072	-0.0028138	
9.1	0.115261	0.030507	0.118759	-0.00278554	0.115261	0.030507	0.118759	-0.00278554	
9.12	0.11541	0.0302855	0.118448	-0.00275758	0.11541	0.0302855	0.118448	-0.00275758	
9.14	0.115552	0.0300563	0.118138	-0.00272993	0.115552	0.0300563	0.118138	-0.00272993	
9.16	0.115686	0.0298198	0.117831	-0.00270258	0.115686	0.0298198	0.117831	-0.00270258	
9.18	0.115812	0.0295765	0.117525	-0.00267552	0.115812	0.0295765	0.117525	-0.00267552	
9.2	0.115931	0.0293266	0.117221	-0.00264875	0.115931	0.0293266	0.117221	-0.00264875	
9.22	0.116042	0.0290706	0.116919	-0.00262227	0.116042	0.0290706	0.116919	-0.00262227	
9.24	0.116145	0.0288089	0.116618	-0.00259608	0.116145	0.0288089	0.116618	-0.00259608	
9.26	0.116239	0.0285418	0.116319	-0.00257017	0.116239	0.0285418	0.116319	-0.00257017	
9.28	0.116326	0.0282696	0.116022	-0.00254454	0.116326	0.0282696	0.116022	-0.00254454	
9.3	0.116404	0.0279928	0.115726	-0.00251918	0.116404	0.0279928	0.115726	-0.00251918	
9.32	0.116474	0.0277118	0.115432	-0.0024941	0.116474	0.0277118	0.115432	-0.0024941	
9.34	0.116536	0.0274268	0.11514	-0.00246928	0.116536	0.0274268	0.11514	-0.00246928	
9.36	0.11659	0.0271383	0.114849	-0.00244474	0.11659	0.0271383	0.114849	-0.00244474	
9.38	0.116635	0.0268466	0.11456	-0.00242045	0.116635	0.0268466	0.11456	-0.00242045	
9.4	0.116672	0.026552	0.114273	-0.00239643	0.116672	0.026552	0.114273	-0.00239643	
9.42	0.116701	0.0262549	0.113987	-0.00237267	0.116701	0.0262549	0.113987	-0.00237267	
9.44	0.116721	0.0259556	0.113702	-0.00234916	0.116721	0.0259556	0.113702	-0.00234916	
9.46	0.116734	0.0256544	0.11342	-0.0023259	0.116734	0.0256544	0.11342	-0.0023259	
9.48	0.116739	0.0253517	0.113138	-0.00230289	0.116739	0.0253517	0.113138	-0.00230289	
9.5	0.116735	0.0250476	0.112858	-0.00228013	0.116735	0.0250476	0.112858	-0.00228013	
9.52	0.116724	0.0247426	0.11258	-0.00225761	0.116724	0.0247426	0.11258	-0.00225761	
9.54	0.116705	0.0244368	0.112303	-0.00223533	0.116705	0.0244368	0.112303	-0.00223533	
9.56	0.116678	0.0241306	0.112028	-0.00221329	0.116678	0.0241306	0.112028	-0.00221329	
9.58	0.116644	0.0238242	0.111754	-0.00219148	0.116644	0.0238242	0.111754	-0.00219148	
9.6	0.116603	0.0235179	0.111482	-0.00216991	0.116603	0.0235179	0.111482	-0.00216991	
9.62	0.116554	0.0232118	0.111211	-0.00214857	0.116554	0.0232118	0.111211	-0.00214857	
9.64	0.116499	0.0229063	0.110942	-0.00212745	0.116499	0.0229063	0.110942	-0.00212745	
9.66	0.116436	0.0226015	0.110674	-0.00210656	0.116436	0.0226015	0.110674	-0.00210656	
9.68	0.116367	0.0222976	0.110407	-0.00208589	0.116367	0.0222976	0.110407	-0.00208589	
9.7	0.116291	0.0219949	0.110142	-0.00206545	0.116291	0.0219949	0.110142	-0.00206545	
9.72	0.116208	0.0216934	0.109878	-0.00204521	0.116208	0.0216934	0.109878	-0.00204521	
9.74	0.116119	0.0213935	0.109615	-0.0020252	0.116119	0.0213935	0.109615	-0.0020252	
9.76	0.116024	0.0210952	0.109354	-0.00200539	0.116024	0.0210952	0.109354	-0.00200539	
9.78	0.115923	0.0207986	0.109095	-0.0019858	0.115923	0.0207986	0.109095	-0.0019858	
9.8	0.115817	0.0205041	0.108836	-0.00196641	0.115817	0.0205041	0.108836	-0.00196641	
9.82	0.115704	0.0202116	0.108579	-0.00194723	0.115704	0.0202116	0.108579	-0.00194723	
9.84	0.115587	0.0199213	0.108323	-0.00192825	0.115587	0.0199213	0.108323	-0.00192825	
9.86	0.115463	0.0196333	0.108069	-0.00190947	0.115463	0.0196333	0.108069	-0.00190947	
9.88	0.115335	0.0193478	0.107816	-0.00189089	0.115335	0.0193478	0.107816	-0.00189089	
9.9	0.115202	0.0190647	0.107564	-0.00187251	0.115202	0.0190647	0.107564	-0.00187251	
9.92	0.115064	0.0187843	0.107313	-0.00185432	0.115064	0.0187843	0.107313	-0.00185432	
9.94	0.114921	0.0185066	0.107064	-0.00183632	0.114921	0.0185066	0.107064	-0.00183632	
9.96	0.114774	0.0182316	0.106816	-0.00181851	0.114774	0.0182316	0.106816	-0.00181851	
9.98	0.114623	0.0179596	0.106569	-0.00180089	0.114623	0.0179596	0.106569	-0.00180089	
