0.0785398163397	0.00670677	-1.87303	0.0	0.0	0.0	0.0	-0.00193231	-0.973912	0.0126445	-1.87007	0.0	0.0	0.0	0.0	-0.000629441	-0.974107	
0.235619449019	0.00230798	-1.59961	0.0	0.0	0.0	0.0	-0.000817175	-0.89875	0.00451319	-1.5994	0.0	0.0	0.0	0.0	-0.000154308	-0.900584	
0.392699081699	0.0062227	-1.3747	0.0	0.0	0.0	0.0	-0.000929547	-0.829796	0.00575381	-1.37287	0.0	0.0	0.0	0.0	0.00107855	-0.831875	
0.549778714378	0.00828998	-1.19196	0.0	0.0	0.0	0.0	0.000489902	-0.768682	0.00656201	-1.193	0.0	0.0	0.0	0.0	0.000979986	-0.769181	
0.706858347058	0.0038652	-1.0454	0.0	0.0	0.0	0.0	0.000862501	-0.712436	0.00635418	-1.03905	0.0	0.0	0.0	0.0	0.0016676	-0.712769	
0.863937979737	0.000585976	-0.922783	0.0	0.0	0.0	0.0	0.00270206	-0.663907	0.010519	-0.921504	0.0	0.0	0.0	0.0	0.000424985	-0.662334	
1.02101761242	-0.00242814	-0.81953	0.0	0.0	0.0	0.0	0.00237331	-0.62009	0.0105167	-0.823935	0.0	0.0	0.0	0.0	0.0014463	-0.617205	
1.1780972451	-0.00687516	-0.741796	0.0	0.0	0.0	0.0	0.00223544	-0.577948	0.00805281	-0.735539	0.0	0.0	0.0	0.0	-0.000794361	-0.575642	
1.33517687778	0.0024031	-0.668804	0.0	0.0	0.0	0.0	0.00222455	-0.5408	0.00173049	-0.67071	0.0	0.0	0.0	0.0	-0.000484843	-0.537296	
1.49225651046	-0.00368942	-0.611991	0.0	0.0	0.0	0.0	0.00246494	-0.50463	9.94053e-05	-0.610608	0.0	0.0	0.0	0.0	-0.00171889	-0.503497	
1.64933614313	-0.00547769	-0.565516	0.0	0.0	0.0	0.0	0.00411662	-0.474992	0.00225193	-0.56206	0.0	0.0	0.0	0.0	0.00194263	-0.476845	
1.80641577581	-0.00911852	-0.527336	0.0	0.0	0.0	0.0	0.00346227	-0.449041	-0.00159475	-0.516379	0.0	0.0	0.0	0.0	0.000697094	-0.44929	
1.96349540849	-0.00720967	-0.487569	0.0	0.0	0.0	0.0	0.00186715	-0.426058	-0.00533765	-0.482187	0.0	0.0	0.0	0.0	0.000179936	-0.424455	
2.12057504117	-0.005766	-0.446689	0.0	0.0	0.0	0.0	-0.00120679	-0.402877	-0.0103925	-0.442916	0.0	0.0	0.0	0.0	-0.00267889	-0.40311	
2.27765467385	0.00104888	-0.416514	0.0	0.0	0.0	0.0	-0.00133206	-0.381701	-0.00826383	-0.413755	0.0	0.0	0.0	0.0	-0.00195932	-0.382785	
2.43473430653	0.00139962	-0.393714	0.0	0.0	0.0	0.0	-0.00119	-0.361765	-0.0044777	-0.391304	0.0	0.0	0.0	0.0	-0.000108986	-0.362899	
2.59181393921	-0.00131622	-0.373217	0.0	0.0	0.0	0.0	-0.00130585	-0.34321	-0.00219448	-0.370853	0.0	0.0	0.0	0.0	0.000921162	-0.344255	
2.74889357189	-0.00238019	-0.353335	0.0	0.0	0.0	0.0	-0.00143466	-0.326495	-0.00134855	-0.351128	0.0	0.0	0.0	0.0	0.00105685	-0.327433	
2.90597320457	-0.00110459	-0.334425	0.0	0.0	0.0	0.0	-0.00155426	-0.311706	-0.00113598	-0.332482	0.0	0.0	0.0	0.0	0.000807906	-0.312463	
3.06305283725	0.00114104	-0.317168	0.0	0.0	0.0	0.0	-0.00176139	-0.298593	-0.00104934	-0.3154	0.0	0.0	0.0	0.0	0.000544937	-0.299076	
3.22013246993	0.0030266	-0.301889	0.0	0.0	0.0	0.0	-0.00209151	-0.286795	-0.000927613	-0.300062	0.0	0.0	0.0	0.0	0.000399087	-0.286948	
3.37721210261	0.00394125	-0.288527	0.0	0.0	0.0	0.0	-0.00249523	-0.275998	-0.00077919	-0.286393	0.0	0.0	0.0	0.0	0.000362209	-0.275814	
3.53429173529	0.00387255	-0.276806	0.0	0.0	0.0	0.0	-0.00288683	-0.265975	-0.00065208	-0.274191	0.0	0.0	0.0	0.0	0.000382525	-0.265487	
3.69137136797	0.00310127	-0.266382	0.0	0.0	0.0	0.0	-0.00318984	-0.256582	-0.000579648	-0.263225	0.0	0.0	0.0	0.0	0.00041352	-0.255843	
3.84845100065	0.00196894	-0.256945	0.0	0.0	0.0	0.0	-0.00335811	-0.247733	-0.000570556	-0.253283	0.0	0.0	0.0	0.0	0.000428493	-0.246802	
4.00553063333	0.000759378	-0.248246	0.0	0.0	0.0	0.0	-0.00337737	-0.239374	-0.00061549	-0.24419	0.0	0.0	0.0	0.0	0.000418845	-0.238308	
4.16261026601	-0.000337894	-0.240108	0.0	0.0	0.0	0.0	-0.00325744	-0.231472	-0.000696629	-0.235806	0.0	0.0	0.0	0.0	0.000387544	-0.230319	
4.31968989869	-0.00122154	-0.232411	0.0	0.0	0.0	0.0	-0.0030224	-0.223999	-0.000794758	-0.228023	0.0	0.0	0.0	0.0	0.000342957	-0.222798	
4.47676953137	-0.00185646	-0.225079	0.0	0.0	0.0	0.0	-0.00270215	-0.216934	-0.0008933	-0.220757	0.0	0.0	0.0	0.0	0.000294595	-0.215713	
4.63384916404	-0.00225028	-0.218068	0.0	0.0	0.0	0.0	-0.00232667	-0.210254	-0.000979921	-0.213945	0.0	0.0	0.0	0.0	0.000250754	-0.209034	
4.79092879672	-0.00243414	-0.211351	0.0	0.0	0.0	0.0	-0.00192262	-0.203936	-0.00104668	-0.207533	0.0	0.0	0.0	0.0	0.000217538	-0.202731	
4.9480084294	-0.00244903	-0.204914	0.0	0.0	0.0	0.0	-0.00151187	-0.197958	-0.00108942	-0.201482	0.0	0.0	0.0	0.0	0.000198712	-0.196778	
5.10508806208	-0.0023372	-0.198748	0.0	0.0	0.0	0.0	-0.00111109	-0.192297	-0.00110693	-0.195757	0.0	0.0	0.0	0.0	0.000195989	-0.191149	
5.26216769476	-0.00213735	-0.192847	0.0	0.0	0.0	0.0	-0.000732196	-0.186934	-0.00110004	-0.19033	0.0	0.0	0.0	0.0	0.000209484	-0.18582	
5.41924732744	-0.00188231	-0.187206	0.0	0.0	0.0	0.0	-0.00038299	-0.181847	-0.00107093	-0.185176	0.0	0.0	0.0	0.0	0.000238184	-0.18077	
5.57632696012	-0.00159848	-0.181818	0.0	0.0	0.0	0.0	-6.79681e-05	-0.177018	-0.00102251	-0.180276	0.0	0.0	0.0	0.0	0.000280357	-0.175977	
5.7334065928	-0.00130603	-0.176677	0.0	0.0	0.0	0.0	0.000210912	-0.172429	-0.000958015	-0.17561	0.0	0.0	0.0	0.0	0.000333888	-0.171424	
5.89048622548	-0.00101972	-0.171775	0.0	0.0	0.0	0.0	0.000453557	-0.168063	-0.000880684	-0.171162	0.0	0.0	0.0	0.0	0.000396524	-0.167094	
6.04756585816	-0.000749722	-0.167104	0.0	0.0	0.0	0.0	0.000661175	-0.163905	-0.000793599	-0.166918	0.0	0.0	0.0	0.0	0.000466041	-0.16297	
6.20464549084	-0.000502577	-0.162653	0.0	0.0	0.0	0.0	0.00083583	-0.15994	-0.00069956	-0.162865	0.0	0.0	0.0	0.0	0.000540361	-0.159039	
6.36172512352	-0.000282016	-0.158414	0.0	0.0	0.0	0.0	0.000980098	-0.156157	-0.00060103	-0.15899	0.0	0.0	0.0	0.0	0.000617613	-0.155288	
6.5188047562	-8.96646e-05	-0.154375	0.0	0.0	0.0	0.0	0.00109682	-0.152542	-0.000500123	-0.155283	0.0	0.0	0.0	0.0	0.000696163	-0.151704	
6.67588438888	7.43687e-05	-0.150527	0.0	0.0	0.0	0.0	0.00118889	-0.149086	-0.00039861	-0.151733	0.0	0.0	0.0	0.0	0.000774626	-0.148277	
6.83296402156	0.000211029	-0.14686	0.0	0.0	0.0	0.0	0.0012592	-0.145777	-0.000297943	-0.148332	0.0	0.0	0.0	0.0	0.000851853	-0.144997	
6.99004365424	0.000321952	-0.143364	0.0	0.0	0.0	0.0	0.00131045	-0.142608	-0.000199285	-0.14507	0.0	0.0	0.0	0.0	0.00092692	-0.141854	
7.14712328692	0.000409191	-0.140028	0.0	0.0	0.0	0.0	0.0013452	-0.139569	-0.000103546	-0.141941	0.0	0.0	0.0	0.0	0.000999099	-0.138842	
7.3042029196	0.000475017	-0.136845	0.0	0.0	0.0	0.0	0.00136579	-0.136653	-1.14141e-05	-0.138936	0.0	0.0	0.0	0.0	0.00106784	-0.135951	
7.46128255228	0.000521769	-0.133804	0.0	0.0	0.0	0.0	0.00137431	-0.133853	7.66066e-05	-0.136049	0.0	0.0	0.0	0.0	0.00113275	-0.133174	
7.61836218496	0.000551757	-0.130898	0.0	0.0	0.0	0.0	0.00137266	-0.131161	0.000160169	-0.133273	0.0	0.0	0.0	0.0	0.00119355	-0.130506	
7.77544181763	0.000567192	-0.128119	0.0	0.0	0.0	0.0	0.00136252	-0.128573	0.000239056	-0.130602	0.0	0.0	0.0	0.0	0.00125009	-0.127939	
7.93252145031	0.000570143	-0.125459	0.0	0.0	0.0	0.0	0.00134536	-0.126081	0.000313153	-0.128031	0.0	0.0	0.0	0.0	0.00130229	-0.125469	
8.08960108299	0.000562513	-0.12291	0.0	0.0	0.0	0.0	0.00132246	-0.123682	0.000382432	-0.125555	0.0	0.0	0.0	0.0	0.00135015	-0.12309	
8.24668071567	0.000546031	-0.120467	0.0	0.0	0.0	0.0	0.00129494	-0.12137	0.000446933	-0.123169	0.0	0.0	0.0	0.0	0.00139372	-0.120797	
8.40376034835	0.000522244	-0.118124	0.0	0.0	0.0	0.0	0.00126377	-0.11914	0.000506744	-0.120869	0.0	0.0	0.0	0.0	0.0014331	-0.118586	
8.56083998103	0.000492531	-0.115874	0.0	0.0	0.0	0.0	0.00122978	-0.116988	0.000561997	-0.118649	0.0	0.0	0.0	0.0	0.00146842	-0.116453	
8.71791961371	0.000458102	-0.113712	0.0	0.0	0.0	0.0	0.00119367	-0.114911	0.00061285	-0.116506	0.0	0.0	0.0	0.0	0.00149985	-0.114393	
8.87499924639	0.000420015	-0.111633	0.0	0.0	0.0	0.0	0.00115605	-0.112904	0.000659483	-0.114437	0.0	0.0	0.0	0.0	0.00152756	-0.112403	
9.03207887907	0.000379189	-0.109633	0.0	0.0	0.0	0.0	0.00111743	-0.110965	0.00070209	-0.112438	0.0	0.0	0.0	0.0	0.00155172	-0.11048	
9.18915851175	0.000336413	-0.107706	0.0	0.0	0.0	0.0	0.00107823	-0.109089	0.000740874	-0.110505	0.0	0.0	0.0	0.0	0.00157255	-0.10862	
9.34623814443	0.000292365	-0.10585	0.0	0.0	0.0	0.0	0.00103881	-0.107274	0.000776041	-0.108635	0.0	0.0	0.0	0.0	0.00159023	-0.106821	
9.50331777711	0.000247616	-0.10406	0.0	0.0	0.0	0.0	0.000999471	-0.105518	0.000807798	-0.106826	0.0	0.0	0.0	0.0	0.00160496	-0.105079	
9.66039740979	0.00020265	-0.102332	0.0	0.0	0.0	0.0	0.000960455	-0.103817	0.00083635	-0.105074	0.0	0.0	0.0	0.0	0.00161694	-0.103391	
9.81747704247	0.000157871	-0.100664	0.0	0.0	0.0	0.0	0.000921961	-0.102168	0.000861896	-0.103378	0.0	0.0	0.0	0.0	0.00162634	-0.101756	
9.97455667515	0.000113612	-0.0990517	0.0	0.0	0.0	0.0	0.000884149	-0.10057	0.000884631	-0.101734	0.0	0.0	0.0	0.0	0.00163336	-0.100172	
10.1316363078	7.01469e-05	-0.097493	0.0	0.0	0.0	0.0	0.000847146	-0.0990205	0.000904742	-0.100141	0.0	0.0	0.0	0.0	0.00163817	-0.0986345	
10.2887159405	2.76955e-05	-0.0959849	0.0	0.0	0.0	0.0	0.000811052	-0.097517	0.00092241	-0.0985953	0.0	0.0	0.0	0.0	0.00164093	-0.0971431	
10.4457955732	-1.35668e-05	-0.094525	0.0	0.0	0.0	0.0	0.000775942	-0.0960577	0.000937806	-0.0970959	0.0	0.0	0.0	0.0	0.00164182	-0.0956954	
10.6028752059	-5.35039e-05	-0.0931108	0.0	0.0	0.0	0.0	0.000741871	-0.0946406	0.000951091	-0.0956407	0.0	0.0	0.0	0.0	0.00164097	-0.0942896	
10.7599548385	-9.2013e-05	-0.0917403	0.0	0.0	0.0	0.0	0.000708879	-0.0932641	0.000962422	-0.0942276	0.0	0.0	0.0	0.0	0.00163854	-0.0929239	
10.9170344712	-0.00012902	-0.0904113	0.0	0.0	0.0	0.0	0.000676988	-0.0919264	0.000971942	-0.092855	0.0	0.0	0.0	0.0	0.00163465	-0.0915967	
11.0741141039	-0.000164474	-0.0891219	0.0	0.0	0.0	0.0	0.000646212	-0.090626	0.00097979	-0.0915212	0.0	0.0	0.0	0.0	0.00162943	-0.0903063	
11.2311937366	-0.000198344	-0.0878702	0.0	0.0	0.0	0.0	0.000616554	-0.0893613	0.000986093	-0.0902246	0.0	0.0	0.0	0.0	0.00162301	-0.0890513	
11.3882733693	-0.000230619	-0.0866547	0.0	0.0	0.0	0.0	0.000588007	-0.0881309	0.000990972	-0.0889637	0.0	0.0	0.0	0.0	0.00161549	-0.0878303	
11.5453530019	-0.000261299	-0.0854736	0.0	0.0	0.0	0.0	0.000560561	-0.0869335	0.000994541	-0.0877371	0.0	0.0	0.0	0.0	0.00160698	-0.0866419	
11.7024326346	-0.000290395	-0.0843256	0.0	0.0	0.0	0.0	0.000534199	-0.0857678	0.000996905	-0.0865435	0.0	0.0	0.0	0.0	0.00159757	-0.0854849	
11.8595122673	-0.000317931	-0.083209	0.0	0.0	0.0	0.0	0.000508897	-0.0846326	0.000998161	-0.0853815	0.0	0.0	0.0	0.0	0.00158735	-0.0843581	
12.0165919	-0.000343936	-0.0821227	0.0	0.0	0.0	0.0	0.000484633	-0.0835267	0.000998403	-0.08425	0.0	0.0	0.0	0.0	0.0015764	-0.0832603	
12.1736715327	-0.000368446	-0.0810653	0.0	0.0	0.0	0.0	0.000461379	-0.0824489	0.000997715	-0.0831478	0.0	0.0	0.0	0.0	0.00156481	-0.0821904	
12.3307511653	-0.000391501	-0.0800358	0.0	0.0	0.0	0.0	0.000439105	-0.0813984	0.000996176	-0.0820738	0.0	0.0	0.0	0.0	0.00155264	-0.0811473	
12.487830798	-0.000413146	-0.0790328	0.0	0.0	0.0	0.0	0.000417781	-0.080374	0.000993862	-0.0810269	0.0	0.0	0.0	0.0	0.00153996	-0.0801302	
12.6449104307	-0.000433428	-0.0780555	0.0	0.0	0.0	0.0	0.000397376	-0.0793748	0.000990839	-0.0800062	0.0	0.0	0.0	0.0	0.00152683	-0.0791381	
12.8019900634	-0.000452394	-0.0771027	0.0	0.0	0.0	0.0	0.000377858	-0.0783999	0.000987172	-0.0790107	0.0	0.0	0.0	0.0	0.0015133	-0.07817	
12.9590696961	-0.000470096	-0.0761735	0.0	0.0	0.0	0.0	0.000359194	-0.0774485	0.000982919	-0.0780395	0.0	0.0	0.0	0.0	0.00149943	-0.0772251	
13.1161493287	-0.000486584	-0.0752671	0.0	0.0	0.0	0.0	0.000341353	-0.0765197	0.000978136	-0.0770917	0.0	0.0	0.0	0.0	0.00148527	-0.0763025	
13.2732289614	-0.000501908	-0.0743825	0.0	0.0	0.0	0.0	0.000324302	-0.0756127	0.000972873	-0.0761665	0.0	0.0	0.0	0.0	0.00147085	-0.0754017	
13.4303085941	-0.000516119	-0.073519	0.0	0.0	0.0	0.0	0.000308011	-0.0747268	0.000967177	-0.0752632	0.0	0.0	0.0	0.0	0.00145622	-0.0745216	
13.5873882268	-0.000529267	-0.0726758	0.0	0.0	0.0	0.0	0.000292448	-0.0738613	0.00096109	-0.0743808	0.0	0.0	0.0	0.0	0.00144142	-0.0736618	
13.7444678595	-0.000541401	-0.0718522	0.0	0.0	0.0	0.0	0.000277584	-0.0730154	0.000954654	-0.0735189	0.0	0.0	0.0	0.0	0.00142648	-0.0728214	
13.9015474921	-0.000552568	-0.0710474	0.0	0.0	0.0	0.0	0.000263388	-0.0721886	0.000947904	-0.0726766	0.0	0.0	0.0	0.0	0.00141143	-0.0719999	
14.0586271248	-0.000562817	-0.0702608	0.0	0.0	0.0	0.0	0.000249834	-0.0713802	0.000940876	-0.0718533	0.0	0.0	0.0	0.0	0.0013963	-0.0711966	
14.2157067575	-0.000572192	-0.0694918	0.0	0.0	0.0	0.0	0.000236892	-0.0705895	0.000933601	-0.0710484	0.0	0.0	0.0	0.0	0.00138112	-0.0704109	
14.3727863902	-0.000580737	-0.0687398	0.0	0.0	0.0	0.0	0.000224536	-0.0698161	0.000926107	-0.0702612	0.0	0.0	0.0	0.0	0.0013659	-0.0696422	
14.5298660229	-0.000588495	-0.0680041	0.0	0.0	0.0	0.0	0.000212741	-0.0690593	0.000918422	-0.0694913	0.0	0.0	0.0	0.0	0.00135068	-0.0688901	
14.6869456555	-0.000595507	-0.0672843	0.0	0.0	0.0	0.0	0.000201481	-0.0683187	0.000910571	-0.0687379	0.0	0.0	0.0	0.0	0.00133546	-0.068154	
14.8440252882	-0.000601812	-0.0665798	0.0	0.0	0.0	0.0	0.000190733	-0.0675937	0.000902576	-0.0680007	0.0	0.0	0.0	0.0	0.00132027	-0.0674333	
15.0011049209	-0.000607449	-0.0658902	0.0	0.0	0.0	0.0	0.000180474	-0.0668839	0.000894458	-0.0672792	0.0	0.0	0.0	0.0	0.00130513	-0.0667277	
15.1581845536	-0.000612453	-0.0652149	0.0	0.0	0.0	0.0	0.000170681	-0.0661888	0.000886237	-0.0665727	0.0	0.0	0.0	0.0	0.00129005	-0.0660366	
15.3152641863	-0.00061686	-0.0645535	0.0	0.0	0.0	0.0	0.000161334	-0.0655079	0.00087793	-0.0658809	0.0	0.0	0.0	0.0	0.00127503	-0.0653596	
15.4723438189	-0.000620703	-0.0639056	0.0	0.0	0.0	0.0	0.000152411	-0.0648408	0.000869553	-0.0652033	0.0	0.0	0.0	0.0	0.0012601	-0.0646963	
15.6294234516	-0.000624013	-0.0632707	0.0	0.0	0.0	0.0	0.000143895	-0.0641871	0.000861122	-0.0645394	0.0	0.0	0.0	0.0	0.00124527	-0.0640463	
15.7865030843	-0.000626822	-0.0626485	0.0	0.0	0.0	0.0	0.000135766	-0.0635464	0.000852651	-0.063889	0.0	0.0	0.0	0.0	0.00123054	-0.0634091	
15.943582717	-0.000629157	-0.0620385	0.0	0.0	0.0	0.0	0.000128006	-0.0629183	0.000844151	-0.0632515	0.0	0.0	0.0	0.0	0.00121592	-0.0627845	
16.1006623496	-0.000631047	-0.0614404	0.0	0.0	0.0	0.0	0.000120599	-0.0623024	0.000835634	-0.0626265	0.0	0.0	0.0	0.0	0.00120143	-0.062172	
16.2577419823	-0.000632518	-0.0608539	0.0	0.0	0.0	0.0	0.000113528	-0.0616985	0.000827112	-0.0620138	0.0	0.0	0.0	0.0	0.00118706	-0.0615712	
16.414821615	-0.000633594	-0.0602786	0.0	0.0	0.0	0.0	0.000106778	-0.0611061	0.000818593	-0.061413	0.0	0.0	0.0	0.0	0.00117282	-0.060982	
16.5719012477	-0.000634299	-0.0597141	0.0	0.0	0.0	0.0	0.000100334	-0.060525	0.000810087	-0.0608237	0.0	0.0	0.0	0.0	0.00115872	-0.0604039	
16.7289808804	-0.000634657	-0.0591602	0.0	0.0	0.0	0.0	9.41824e-05	-0.0599548	0.000801601	-0.0602456	0.0	0.0	0.0	0.0	0.00114477	-0.0598366	
16.886060513	-0.000634688	-0.0586166	0.0	0.0	0.0	0.0	8.83093e-05	-0.0593952	0.000793143	-0.0596784	0.0	0.0	0.0	0.0	0.00113096	-0.0592798	
17.0431401457	-0.000634412	-0.058083	0.0	0.0	0.0	0.0	8.2702e-05	-0.0588459	0.000784719	-0.0591218	0.0	0.0	0.0	0.0	0.00111731	-0.0587333	
17.2002197784	-0.000633849	-0.0575591	0.0	0.0	0.0	0.0	7.73484e-05	-0.0583066	0.000776336	-0.0585754	0.0	0.0	0.0	0.0	0.00110381	-0.0581967	
17.3572994111	-0.000633016	-0.0570446	0.0	0.0	0.0	0.0	7.22368e-05	-0.0577772	0.000767998	-0.0580391	0.0	0.0	0.0	0.0	0.00109046	-0.0576698	
17.5143790438	-0.000631932	-0.0565393	0.0	0.0	0.0	0.0	6.73561e-05	-0.0572572	0.000759712	-0.0575125	0.0	0.0	0.0	0.0	0.00107727	-0.0571524	
17.6714586764	-0.000630613	-0.0560429	0.0	0.0	0.0	0.0	6.26958e-05	-0.0567465	0.00075148	-0.0569953	0.0	0.0	0.0	0.0	0.00106424	-0.0566441	
17.8285383091	-0.000629073	-0.0555552	0.0	0.0	0.0	0.0	5.82458e-05	-0.0562448	0.000743308	-0.0564874	0.0	0.0	0.0	0.0	0.00105138	-0.0561448	
17.9856179418	-0.000627329	-0.055076	0.0	0.0	0.0	0.0	5.39965e-05	-0.0557519	0.000735199	-0.0559885	0.0	0.0	0.0	0.0	0.00103867	-0.0556542	
18.1426975745	-0.000625392	-0.054605	0.0	0.0	0.0	0.0	4.99388e-05	-0.0552675	0.000727156	-0.0554983	0.0	0.0	0.0	0.0	0.00102613	-0.055172	
18.2997772072	-0.000623278	-0.054142	0.0	0.0	0.0	0.0	4.60639e-05	-0.0547915	0.000719181	-0.0550166	0.0	0.0	0.0	0.0	0.00101375	-0.0546982	
18.4568568398	-0.000620997	-0.0536869	0.0	0.0	0.0	0.0	4.23636e-05	-0.0543235	0.000711278	-0.0545433	0.0	0.0	0.0	0.0	0.00100153	-0.0542323	
18.6139364725	-0.000618562	-0.0532394	0.0	0.0	0.0	0.0	3.88299e-05	-0.0538635	0.000703449	-0.054078	0.0	0.0	0.0	0.0	0.000989478	-0.0537744	
18.7710161052	-0.000615985	-0.0527993	0.0	0.0	0.0	0.0	3.54554e-05	-0.0534112	0.000695695	-0.0536206	0.0	0.0	0.0	0.0	0.000977587	-0.0533241	
18.9280957379	-0.000613274	-0.0523665	0.0	0.0	0.0	0.0	3.22328e-05	-0.0529665	0.000688019	-0.0531708	0.0	0.0	0.0	0.0	0.000965857	-0.0528812	
19.0851753706	-0.000610441	-0.0519407	0.0	0.0	0.0	0.0	2.91553e-05	-0.052529	0.000680421	-0.0527286	0.0	0.0	0.0	0.0	0.000954288	-0.0524457	
19.2422550032	-0.000607494	-0.0515218	0.0	0.0	0.0	0.0	2.62165e-05	-0.0520987	0.000672904	-0.0522937	0.0	0.0	0.0	0.0	0.00094288	-0.0520172	
19.3993346359	-0.000604442	-0.0511097	0.0	0.0	0.0	0.0	2.341e-05	-0.0516754	0.000665467	-0.0518659	0.0	0.0	0.0	0.0	0.000931631	-0.0515957	
19.5564142686	-0.000601294	-0.0507041	0.0	0.0	0.0	0.0	2.073e-05	-0.051259	0.000658112	-0.051445	0.0	0.0	0.0	0.0	0.000920541	-0.0511809	
19.7134939013	-0.000598058	-0.0503049	0.0	0.0	0.0	0.0	1.81708e-05	-0.0508491	0.00065084	-0.051031	0.0	0.0	0.0	0.0	0.000909607	-0.0507728	
19.870573534	-0.000594741	-0.049912	0.0	0.0	0.0	0.0	1.57271e-05	-0.0504458	0.000643651	-0.0506235	0.0	0.0	0.0	0.0	0.000898829	-0.0503711	
20.0276531666	-0.00059135	-0.0495252	0.0	0.0	0.0	0.0	1.33937e-05	-0.0500488	0.000636545	-0.0502225	0.0	0.0	0.0	0.0	0.000888205	-0.0499757	
20.1847327993	-0.000587891	-0.0491443	0.0	0.0	0.0	0.0	1.11658e-05	-0.049658	0.000629523	-0.0498279	0.0	0.0	0.0	0.0	0.000877734	-0.0495864	
20.341812432	-0.000584371	-0.0487692	0.0	0.0	0.0	0.0	9.03865e-06	-0.0492733	0.000622585	-0.0494394	0.0	0.0	0.0	0.0	0.000867414	-0.0492032	
20.4988920647	-0.000580795	-0.0483999	0.0	0.0	0.0	0.0	7.00787e-06	-0.0488945	0.000615731	-0.0490569	0.0	0.0	0.0	0.0	0.000857244	-0.0488258	
20.6559716974	-0.00057717	-0.0480361	0.0	0.0	0.0	0.0	5.06919e-06	-0.0485214	0.000608961	-0.0486803	0.0	0.0	0.0	0.0	0.000847222	-0.0484542	
20.81305133	-0.0005735	-0.0476778	0.0	0.0	0.0	0.0	3.21859e-06	-0.048154	0.000602274	-0.0483094	0.0	0.0	0.0	0.0	0.000837346	-0.0480881	
20.9701309627	-0.00056979	-0.0473247	0.0	0.0	0.0	0.0	1.45222e-06	-0.0477921	0.000595671	-0.0479442	0.0	0.0	0.0	0.0	0.000827614	-0.0477276	
21.1272105954	-0.000566046	-0.0469769	0.0	0.0	0.0	0.0	-2.33609e-07	-0.0474357	0.000589151	-0.0475844	0.0	0.0	0.0	0.0	0.000818025	-0.0473724	
21.2842902281	-0.00056227	-0.0466341	0.0	0.0	0.0	0.0	-1.8424e-06	-0.0470844	0.000582713	-0.0472301	0.0	0.0	0.0	0.0	0.000808577	-0.0470225	
21.4413698608	-0.000558467	-0.0462963	0.0	0.0	0.0	0.0	-3.37749e-06	-0.0467384	0.000576358	-0.0468809	0.0	0.0	0.0	0.0	0.000799267	-0.0466777	
21.5984494934	-0.000554642	-0.0459634	0.0	0.0	0.0	0.0	-4.84208e-06	-0.0463974	0.000570085	-0.0465369	0.0	0.0	0.0	0.0	0.000790095	-0.0463379	
21.7555291261	-0.000550797	-0.0456352	0.0	0.0	0.0	0.0	-6.23922e-06	-0.0460613	0.000563893	-0.046198	0.0	0.0	0.0	0.0	0.000781058	-0.046003	
21.9126087588	-0.000546936	-0.0453117	0.0	0.0	0.0	0.0	-7.57182e-06	-0.0457301	0.000557781	-0.0458639	0.0	0.0	0.0	0.0	0.000772154	-0.0456729	
22.0696883915	-0.000543063	-0.0449927	0.0	0.0	0.0	0.0	-8.84265e-06	-0.0454036	0.00055175	-0.0455347	0.0	0.0	0.0	0.0	0.000763382	-0.0453475	
22.2267680241	-0.00053918	-0.0446782	0.0	0.0	0.0	0.0	-1.00544e-05	-0.0450817	0.000545797	-0.0452101	0.0	0.0	0.0	0.0	0.00075474	-0.0450267	
22.3838476568	-0.000535289	-0.0443681	0.0	0.0	0.0	0.0	-1.12095e-05	-0.0447644	0.000539923	-0.0448902	0.0	0.0	0.0	0.0	0.000746225	-0.0447105	
22.5409272895	-0.000531395	-0.0440622	0.0	0.0	0.0	0.0	-1.23105e-05	-0.0444515	0.000534127	-0.0445747	0.0	0.0	0.0	0.0	0.000737835	-0.0443986	
22.6980069222	-0.000527498	-0.0437606	0.0	0.0	0.0	0.0	-1.33596e-05	-0.0441429	0.000528408	-0.0442637	0.0	0.0	0.0	0.0	0.00072957	-0.044091	
22.8550865549	-0.000523602	-0.043463	0.0	0.0	0.0	0.0	-1.43591e-05	-0.0438386	0.000522765	-0.043957	0.0	0.0	0.0	0.0	0.000721427	-0.0437877	
23.0121661875	-0.000519709	-0.0431695	0.0	0.0	0.0	0.0	-1.53111e-05	-0.0435384	0.000517198	-0.0436545	0.0	0.0	0.0	0.0	0.000713404	-0.0434885	
23.1692458202	-0.00051582	-0.0428798	0.0	0.0	0.0	0.0	-1.62175e-05	-0.0432424	0.000511705	-0.0433561	0.0	0.0	0.0	0.0	0.000705499	-0.0431934	
23.3263254529	-0.000511938	-0.0425941	0.0	0.0	0.0	0.0	-1.70804e-05	-0.0429503	0.000506286	-0.0430618	0.0	0.0	0.0	0.0	0.00069771	-0.0429022	
23.4834050856	-0.000508064	-0.0423121	0.0	0.0	0.0	0.0	-1.79014e-05	-0.0426622	0.00050094	-0.0427715	0.0	0.0	0.0	0.0	0.000690037	-0.042615	
23.6404847183	-0.000504201	-0.0420338	0.0	0.0	0.0	0.0	-1.86826e-05	-0.0423779	0.000495666	-0.0424851	0.0	0.0	0.0	0.0	0.000682476	-0.0423316	
23.7975643509	-0.000500348	-0.0417592	0.0	0.0	0.0	0.0	-1.94254e-05	-0.0420973	0.000490463	-0.0422025	0.0	0.0	0.0	0.0	0.000675026	-0.0420519	
23.9546439836	-0.000496509	-0.0414881	0.0	0.0	0.0	0.0	-2.01315e-05	-0.0418205	0.00048533	-0.0419237	0.0	0.0	0.0	0.0	0.000667685	-0.0417759	
24.1117236163	-0.000492684	-0.0412206	0.0	0.0	0.0	0.0	-2.08024e-05	-0.0415473	0.000480266	-0.0416485	0.0	0.0	0.0	0.0	0.000660452	-0.0415034	
24.268803249	-0.000488874	-0.0409564	0.0	0.0	0.0	0.0	-2.14397e-05	-0.0412776	0.000475271	-0.0413769	0.0	0.0	0.0	0.0	0.000653325	-0.0412345	
24.4258828817	-0.000485081	-0.0406956	0.0	0.0	0.0	0.0	-2.20447e-05	-0.0410114	0.000470344	-0.0411089	0.0	0.0	0.0	0.0	0.000646301	-0.0409691	
24.5829625143	-0.000481306	-0.0404381	0.0	0.0	0.0	0.0	-2.26188e-05	-0.0407486	0.000465483	-0.0408442	0.0	0.0	0.0	0.0	0.000639381	-0.0407071	
24.740042147	-0.000477549	-0.0401839	0.0	0.0	0.0	0.0	-2.31632e-05	-0.0404891	0.000460688	-0.040583	0.0	0.0	0.0	0.0	0.00063256	-0.0404484	
24.8971217797	-0.000473812	-0.0399328	0.0	0.0	0.0	0.0	-2.36792e-05	-0.040233	0.000455958	-0.0403252	0.0	0.0	0.0	0.0	0.000625839	-0.0401929	
25.0542014124	-0.000470096	-0.0396848	0.0	0.0	0.0	0.0	-2.4168e-05	-0.03998	0.000451292	-0.0400705	0.0	0.0	0.0	0.0	0.000619215	-0.0399407	
25.2112810451	-0.000466401	-0.0394399	0.0	0.0	0.0	0.0	-2.46307e-05	-0.0397303	0.000446689	-0.0398191	0.0	0.0	0.0	0.0	0.000612687	-0.0396916	
25.3683606777	-0.000462728	-0.039198	0.0	0.0	0.0	0.0	-2.50684e-05	-0.0394836	0.000442148	-0.0395708	0.0	0.0	0.0	0.0	0.000606253	-0.0394456	
25.5254403104	-0.000459078	-0.038959	0.0	0.0	0.0	0.0	-2.54822e-05	-0.03924	0.000437668	-0.0393256	0.0	0.0	0.0	0.0	0.000599912	-0.0392026	
25.6825199431	-0.000455451	-0.038723	0.0	0.0	0.0	0.0	-2.58729e-05	-0.0389993	0.000433249	-0.0390835	0.0	0.0	0.0	0.0	0.000593662	-0.0389626	
25.8395995758	-0.000451847	-0.0384897	0.0	0.0	0.0	0.0	-2.62416e-05	-0.0387616	0.00042889	-0.0388443	0.0	0.0	0.0	0.0	0.000587501	-0.0387256	
25.9966792085	-0.000448269	-0.0382593	0.0	0.0	0.0	0.0	-2.65893e-05	-0.0385268	0.000424589	-0.038608	0.0	0.0	0.0	0.0	0.000581429	-0.0384913	
26.1537588411	-0.000444715	-0.0380316	0.0	0.0	0.0	0.0	-2.69166e-05	-0.0382948	0.000420346	-0.0383746	0.0	0.0	0.0	0.0	0.000575443	-0.0382599	
26.3108384738	-0.000441186	-0.0378066	0.0	0.0	0.0	0.0	-2.72246e-05	-0.0380656	0.00041616	-0.038144	0.0	0.0	0.0	0.0	0.000569542	-0.0380313	
26.4679181065	-0.000437683	-0.0375842	0.0	0.0	0.0	0.0	-2.75139e-05	-0.0378391	0.000412031	-0.0379161	0.0	0.0	0.0	0.0	0.000563725	-0.0378054	
26.6249977392	-0.000434205	-0.0373644	0.0	0.0	0.0	0.0	-2.77854e-05	-0.0376153	0.000407956	-0.037691	0.0	0.0	0.0	0.0	0.000557991	-0.0375821	
26.7820773719	-0.000430754	-0.0371472	0.0	0.0	0.0	0.0	-2.80399e-05	-0.0373941	0.000403937	-0.0374685	0.0	0.0	0.0	0.0	0.000552337	-0.0373615	
26.9391570045	-0.00042733	-0.0369325	0.0	0.0	0.0	0.0	-2.82779e-05	-0.0371755	0.000399971	-0.0372486	0.0	0.0	0.0	0.0	0.000546763	-0.0371435	
27.0962366372	-0.000423932	-0.0367202	0.0	0.0	0.0	0.0	-2.85002e-05	-0.0369595	0.000396057	-0.0370314	0.0	0.0	0.0	0.0	0.000541267	-0.0369279	
27.2533162699	-0.000420561	-0.0365104	0.0	0.0	0.0	0.0	-2.87074e-05	-0.0367459	0.000392196	-0.0368166	0.0	0.0	0.0	0.0	0.000535849	-0.0367149	
27.4103959026	-0.000417217	-0.036303	0.0	0.0	0.0	0.0	-2.89001e-05	-0.0365348	0.000388387	-0.0366043	0.0	0.0	0.0	0.0	0.000530505	-0.0365043	
27.5674755353	-0.0004139	-0.0360978	0.0	0.0	0.0	0.0	-2.90791e-05	-0.0363261	0.000384628	-0.0363945	0.0	0.0	0.0	0.0	0.000525237	-0.0362961	
27.7245551679	-0.000410611	-0.035895	0.0	0.0	0.0	0.0	-2.92447e-05	-0.0361198	0.000380918	-0.036187	0.0	0.0	0.0	0.0	0.000520041	-0.0360903	
27.8816348006	-0.000407349	-0.0356945	0.0	0.0	0.0	0.0	-2.93976e-05	-0.0359159	0.000377258	-0.0359819	0.0	0.0	0.0	0.0	0.000514918	-0.0358868	
28.0387144333	-0.000404115	-0.0354962	0.0	0.0	0.0	0.0	-2.95382e-05	-0.0357142	0.000373646	-0.0357792	0.0	0.0	0.0	0.0	0.000509865	-0.0356856	
28.195794066	-0.000400908	-0.0353	0.0	0.0	0.0	0.0	-2.96672e-05	-0.0355147	0.000370082	-0.0355787	0.0	0.0	0.0	0.0	0.000504881	-0.0354866	
28.3528736986	-0.000397729	-0.0351061	0.0	0.0	0.0	0.0	-2.9785e-05	-0.0353175	0.000366564	-0.0353804	0.0	0.0	0.0	0.0	0.000499967	-0.0352898	
28.5099533313	-0.000394577	-0.0349142	0.0	0.0	0.0	0.0	-2.9892e-05	-0.0351225	0.000363093	-0.0351844	0.0	0.0	0.0	0.0	0.000495119	-0.0350952	
28.667032964	-0.000391453	-0.0347244	0.0	0.0	0.0	0.0	-2.99887e-05	-0.0349296	0.000359667	-0.0349905	0.0	0.0	0.0	0.0	0.000490337	-0.0349027	
28.8241125967	-0.000388357	-0.0345367	0.0	0.0	0.0	0.0	-3.00755e-05	-0.0347388	0.000356286	-0.0347987	0.0	0.0	0.0	0.0	0.000485621	-0.0347124	
28.9811922294	-0.000385288	-0.0343509	0.0	0.0	0.0	0.0	-3.01528e-05	-0.0345501	0.000352948	-0.034609	0.0	0.0	0.0	0.0	0.000480969	-0.0345241	
29.138271862	-0.000382246	-0.0341672	0.0	0.0	0.0	0.0	-3.02211e-05	-0.0343634	0.000349654	-0.0344214	0.0	0.0	0.0	0.0	0.000476379	-0.0343378	
29.2953514947	-0.000379232	-0.0339854	0.0	0.0	0.0	0.0	-3.02807e-05	-0.0341787	0.000346403	-0.0342359	0.0	0.0	0.0	0.0	0.000471851	-0.0341535	
29.4524311274	-0.000376246	-0.0338056	0.0	0.0	0.0	0.0	-3.03319e-05	-0.033996	0.000343194	-0.0340523	0.0	0.0	0.0	0.0	0.000467384	-0.0339712	
29.6095107601	-0.000373286	-0.0336276	0.0	0.0	0.0	0.0	-3.03752e-05	-0.0338153	0.000340026	-0.0338706	0.0	0.0	0.0	0.0	0.000462977	-0.0337908	
29.7665903928	-0.000370354	-0.0334515	0.0	0.0	0.0	0.0	-3.04108e-05	-0.0336365	0.000336899	-0.033691	0.0	0.0	0.0	0.0	0.000458629	-0.0336124	
29.9236700254	-0.000367448	-0.0332772	0.0	0.0	0.0	0.0	-3.04391e-05	-0.0334595	0.000333812	-0.0335132	0.0	0.0	0.0	0.0	0.000454339	-0.0334358	
30.0807496581	-0.00036457	-0.0331047	0.0	0.0	0.0	0.0	-3.04603e-05	-0.0332844	0.000330765	-0.0333372	0.0	0.0	0.0	0.0	0.000450105	-0.033261	
30.2378292908	-0.000361718	-0.032934	0.0	0.0	0.0	0.0	-3.04749e-05	-0.0331111	0.000327757	-0.0331632	0.0	0.0	0.0	0.0	0.000445928	-0.0330881	
30.3949089235	-0.000358893	-0.0327651	0.0	0.0	0.0	0.0	-3.0483e-05	-0.0329397	0.000324786	-0.0329909	0.0	0.0	0.0	0.0	0.000441805	-0.032917	
30.5519885562	-0.000356095	-0.0325978	0.0	0.0	0.0	0.0	-3.04849e-05	-0.0327699	0.000321854	-0.0328204	0.0	0.0	0.0	0.0	0.000437737	-0.0327476	
30.7090681888	-0.000353323	-0.0324323	0.0	0.0	0.0	0.0	-3.04809e-05	-0.032602	0.000318959	-0.0326517	0.0	0.0	0.0	0.0	0.000433722	-0.0325799	
30.8661478215	-0.000350577	-0.0322684	0.0	0.0	0.0	0.0	-3.04713e-05	-0.0324357	0.0003161	-0.0324847	0.0	0.0	0.0	0.0	0.00042976	-0.032414	
31.0232274542	-0.000347857	-0.0321062	0.0	0.0	0.0	0.0	-3.04563e-05	-0.0322712	0.000313277	-0.0323194	0.0	0.0	0.0	0.0	0.000425849	-0.0322498	
31.1803070869	-0.000345163	-0.0319456	0.0	0.0	0.0	0.0	-3.04362e-05	-0.0321082	0.00031049	-0.0321558	0.0	0.0	0.0	0.0	0.000421988	-0.0320872	
31.3373867196	-0.000342494	-0.0317866	0.0	0.0	0.0	0.0	-3.04111e-05	-0.031947	0.000307738	-0.0319938	0.0	0.0	0.0	0.0	0.000418178	-0.0319262	
31.4944663522	-0.000339851	-0.0316291	0.0	0.0	0.0	0.0	-3.03812e-05	-0.0317873	0.00030502	-0.0318334	0.0	0.0	0.0	0.0	0.000414417	-0.0317668	
31.6515459849	-0.000337234	-0.0314732	0.0	0.0	0.0	0.0	-3.03469e-05	-0.0316293	0.000302336	-0.0316747	0.0	0.0	0.0	0.0	0.000410704	-0.0316091	
31.8086256176	-0.000334641	-0.0313189	0.0	0.0	0.0	0.0	-3.03082e-05	-0.0314727	0.000299685	-0.0315175	0.0	0.0	0.0	0.0	0.000407039	-0.0314528	
31.9657052503	-0.000332073	-0.031166	0.0	0.0	0.0	0.0	-3.02653e-05	-0.0313178	0.000297067	-0.0313619	0.0	0.0	0.0	0.0	0.00040342	-0.0312982	
32.122784883	-0.000329531	-0.0310146	0.0	0.0	0.0	0.0	-3.02186e-05	-0.0311643	0.000294482	-0.0312079	0.0	0.0	0.0	0.0	0.000399848	-0.031145	
32.2798645156	-0.000327012	-0.0308647	0.0	0.0	0.0	0.0	-3.01681e-05	-0.0310124	0.000291928	-0.0310553	0.0	0.0	0.0	0.0	0.00039632	-0.0309933	
32.4369441483	-0.000324518	-0.0307163	0.0	0.0	0.0	0.0	-3.01139e-05	-0.0308619	0.000289406	-0.0309042	0.0	0.0	0.0	0.0	0.000392838	-0.0308431	
32.594023781	-0.000322048	-0.0305692	0.0	0.0	0.0	0.0	-3.00564e-05	-0.0307129	0.000286914	-0.0307546	0.0	0.0	0.0	0.0	0.000389399	-0.0306944	
32.7511034137	-0.000319602	-0.0304235	0.0	0.0	0.0	0.0	-2.99955e-05	-0.0305653	0.000284453	-0.0306064	0.0	0.0	0.0	0.0	0.000386003	-0.030547	
32.9081830464	-0.00031718	-0.0302793	0.0	0.0	0.0	0.0	-2.99315e-05	-0.0304192	0.000282022	-0.0304597	0.0	0.0	0.0	0.0	0.00038265	-0.0304011	
33.065262679	-0.000314781	-0.0301363	0.0	0.0	0.0	0.0	-2.98646e-05	-0.0302744	0.000279621	-0.0303143	0.0	0.0	0.0	0.0	0.000379339	-0.0302566	
33.2223423117	-0.000312406	-0.0299948	0.0	0.0	0.0	0.0	-2.97948e-05	-0.030131	0.000277248	-0.0301704	0.0	0.0	0.0	0.0	0.000376069	-0.0301134	
33.3794219444	-0.000310053	-0.0298545	0.0	0.0	0.0	0.0	-2.97223e-05	-0.0299889	0.000274905	-0.0300278	0.0	0.0	0.0	0.0	0.000372839	-0.0299716	
33.5365015771	-0.000307724	-0.0297155	0.0	0.0	0.0	0.0	-2.96472e-05	-0.0298482	0.000272589	-0.0298865	0.0	0.0	0.0	0.0	0.000369649	-0.0298311	
33.6935812098	-0.000305417	-0.0295779	0.0	0.0	0.0	0.0	-2.95697e-05	-0.0297088	0.000270301	-0.0297466	0.0	0.0	0.0	0.0	0.000366499	-0.0296919	
33.8506608424	-0.000303133	-0.0294415	0.0	0.0	0.0	0.0	-2.94898e-05	-0.0295707	0.000268041	-0.029608	0.0	0.0	0.0	0.0	0.000363387	-0.0295541	
34.0077404751	-0.000300871	-0.0293063	0.0	0.0	0.0	0.0	-2.94077e-05	-0.0294339	0.000265807	-0.0294706	0.0	0.0	0.0	0.0	0.000360313	-0.0294175	
34.1648201078	-0.000298631	-0.0291724	0.0	0.0	0.0	0.0	-2.93235e-05	-0.0292983	0.000263601	-0.0293345	0.0	0.0	0.0	0.0	0.000357277	-0.0292821	
34.3218997405	-0.000296412	-0.0290397	0.0	0.0	0.0	0.0	-2.92373e-05	-0.029164	0.00026142	-0.0291997	0.0	0.0	0.0	0.0	0.000354277	-0.029148	
34.4789793731	-0.000294216	-0.0289082	0.0	0.0	0.0	0.0	-2.91492e-05	-0.0290309	0.000259265	-0.0290662	0.0	0.0	0.0	0.0	0.000351314	-0.0290151	
34.6360590058	-0.000292041	-0.0287779	0.0	0.0	0.0	0.0	-2.90593e-05	-0.028899	0.000257135	-0.0289338	0.0	0.0	0.0	0.0	0.000348386	-0.0288834	
34.7931386385	-0.000289887	-0.0286487	0.0	0.0	0.0	0.0	-2.89677e-05	-0.0287683	0.000255031	-0.0288026	0.0	0.0	0.0	0.0	0.000345494	-0.0287529	
34.9502182712	-0.000287754	-0.0285207	0.0	0.0	0.0	0.0	-2.88744e-05	-0.0286388	0.000252951	-0.0286727	0.0	0.0	0.0	0.0	0.000342637	-0.0286236	
35.1072979039	-0.000285641	-0.0283938	0.0	0.0	0.0	0.0	-2.87797e-05	-0.0285104	0.000250895	-0.0285439	0.0	0.0	0.0	0.0	0.000339813	-0.0284955	
35.2643775365	-0.00028355	-0.0282681	0.0	0.0	0.0	0.0	-2.86835e-05	-0.0283832	0.000248864	-0.0284162	0.0	0.0	0.0	0.0	0.000337023	-0.0283685	
35.4214571692	-0.000281478	-0.0281435	0.0	0.0	0.0	0.0	-2.85859e-05	-0.0282571	0.000246856	-0.0282897	0.0	0.0	0.0	0.0	0.000334267	-0.0282426	
35.5785368019	-0.000279427	-0.0280199	0.0	0.0	0.0	0.0	-2.8487e-05	-0.0281322	0.000244871	-0.0281643	0.0	0.0	0.0	0.0	0.000331542	-0.0281178	
35.7356164346	-0.000277396	-0.0278974	0.0	0.0	0.0	0.0	-2.8387e-05	-0.0280083	0.000242909	-0.02804	0.0	0.0	0.0	0.0	0.00032885	-0.0279941	
35.8926960673	-0.000275384	-0.027776	0.0	0.0	0.0	0.0	-2.82857e-05	-0.0278856	0.00024097	-0.0279169	0.0	0.0	0.0	0.0	0.00032619	-0.0278715	
36.0497756999	-0.000273392	-0.0276557	0.0	0.0	0.0	0.0	-2.81835e-05	-0.0277638	0.000239052	-0.0277948	0.0	0.0	0.0	0.0	0.000323561	-0.02775	
36.2068553326	-0.000271419	-0.0275364	0.0	0.0	0.0	0.0	-2.80802e-05	-0.0276432	0.000237157	-0.0276737	0.0	0.0	0.0	0.0	0.000320962	-0.0276295	
36.3639349653	-0.000269466	-0.0274181	0.0	0.0	0.0	0.0	-2.79759e-05	-0.0275236	0.000235284	-0.0275537	0.0	0.0	0.0	0.0	0.000318394	-0.0275101	
36.521014598	-0.000267531	-0.0273008	0.0	0.0	0.0	0.0	-2.78708e-05	-0.027405	0.000233431	-0.0274348	0.0	0.0	0.0	0.0	0.000315855	-0.0273917	
36.6780942307	-0.000265615	-0.0271845	0.0	0.0	0.0	0.0	-2.77649e-05	-0.0272875	0.0002316	-0.0273168	0.0	0.0	0.0	0.0	0.000313346	-0.0272743	
36.8351738633	-0.000263718	-0.0270692	0.0	0.0	0.0	0.0	-2.76582e-05	-0.0271709	0.00022979	-0.0271999	0.0	0.0	0.0	0.0	0.000310866	-0.0271579	
36.992253496	-0.000261839	-0.0269549	0.0	0.0	0.0	0.0	-2.75508e-05	-0.0270554	0.000227999	-0.027084	0.0	0.0	0.0	0.0	0.000308414	-0.0270425	
37.1493331287	-0.000259978	-0.0268415	0.0	0.0	0.0	0.0	-2.74427e-05	-0.0269408	0.000226229	-0.0269691	0.0	0.0	0.0	0.0	0.00030599	-0.0269281	
37.3064127614	-0.000258135	-0.0267291	0.0	0.0	0.0	0.0	-2.7334e-05	-0.0268272	0.000224479	-0.0268551	0.0	0.0	0.0	0.0	0.000303594	-0.0268147	
37.4634923941	-0.000256309	-0.0266176	0.0	0.0	0.0	0.0	-2.72248e-05	-0.0267145	0.000222748	-0.0267421	0.0	0.0	0.0	0.0	0.000301225	-0.0267022	
37.6205720267	-0.000254502	-0.026507	0.0	0.0	0.0	0.0	-2.71151e-05	-0.0266028	0.000221037	-0.0266301	0.0	0.0	0.0	0.0	0.000298883	-0.0265906	
37.7776516594	-0.000252711	-0.0263974	0.0	0.0	0.0	0.0	-2.70048e-05	-0.0264921	0.000219344	-0.026519	0.0	0.0	0.0	0.0	0.000296568	-0.02648	
37.9347312921	-0.000250938	-0.0262886	0.0	0.0	0.0	0.0	-2.68942e-05	-0.0263822	0.00021767	-0.0264088	0.0	0.0	0.0	0.0	0.000294278	-0.0263703	
38.0918109248	-0.000249182	-0.0261808	0.0	0.0	0.0	0.0	-2.67832e-05	-0.0262732	0.000216015	-0.0262995	0.0	0.0	0.0	0.0	0.000292015	-0.0262614	
38.2488905575	-0.000247442	-0.0260738	0.0	0.0	0.0	0.0	-2.66718e-05	-0.0261652	0.000214378	-0.0261911	0.0	0.0	0.0	0.0	0.000289776	-0.0261535	
38.4059701901	-0.00024572	-0.0259677	0.0	0.0	0.0	0.0	-2.65602e-05	-0.026058	0.000212759	-0.0260836	0.0	0.0	0.0	0.0	0.000287563	-0.0260465	
38.5630498228	-0.000244013	-0.0258625	0.0	0.0	0.0	0.0	-2.64482e-05	-0.0259517	0.000211157	-0.025977	0.0	0.0	0.0	0.0	0.000285374	-0.0259403	
38.7201294555	-0.000242323	-0.0257581	0.0	0.0	0.0	0.0	-2.63361e-05	-0.0258463	0.000209573	-0.0258713	0.0	0.0	0.0	0.0	0.000283209	-0.025835	
38.8772090882	-0.000240649	-0.0256545	0.0	0.0	0.0	0.0	-2.62237e-05	-0.0257417	0.000208006	-0.0257664	0.0	0.0	0.0	0.0	0.000281068	-0.0257306	
39.0342887209	-0.000238991	-0.0255518	0.0	0.0	0.0	0.0	-2.61111e-05	-0.025638	0.000206456	-0.0256624	0.0	0.0	0.0	0.0	0.000278951	-0.025627	
39.1913683535	-0.000237349	-0.0254498	0.0	0.0	0.0	0.0	-2.59985e-05	-0.0255351	0.000204923	-0.0255592	0.0	0.0	0.0	0.0	0.000276857	-0.0255242	
39.3484479862	-0.000235722	-0.0253487	0.0	0.0	0.0	0.0	-2.58857e-05	-0.025433	0.000203406	-0.0254568	0.0	0.0	0.0	0.0	0.000274786	-0.0254223	
39.5055276189	-0.00023411	-0.0252484	0.0	0.0	0.0	0.0	-2.57728e-05	-0.0253317	0.000201906	-0.0253553	0.0	0.0	0.0	0.0	0.000272738	-0.0253211	
39.6626072516	-0.000232514	-0.0251489	0.0	0.0	0.0	0.0	-2.56599e-05	-0.0252313	0.000200421	-0.0252545	0.0	0.0	0.0	0.0	0.000270712	-0.0252208	
39.8196868843	-0.000230933	-0.0250502	0.0	0.0	0.0	0.0	-2.5547e-05	-0.0251316	0.000198953	-0.0251546	0.0	0.0	0.0	0.0	0.000268707	-0.0251212	
39.9767665169	-0.000229367	-0.0249522	0.0	0.0	0.0	0.0	-2.54341e-05	-0.0250327	0.0001975	-0.0250554	0.0	0.0	0.0	0.0	0.000266725	-0.0250225	
40.1338461496	-0.000227815	-0.024855	0.0	0.0	0.0	0.0	-2.53212e-05	-0.0249346	0.000196062	-0.0249571	0.0	0.0	0.0	0.0	0.000264764	-0.0249245	
40.2909257823	-0.000226278	-0.0247585	0.0	0.0	0.0	0.0	-2.52083e-05	-0.0248373	0.00019464	-0.0248595	0.0	0.0	0.0	0.0	0.000262823	-0.0248273	
40.448005415	-0.000224755	-0.0246628	0.0	0.0	0.0	0.0	-2.50956e-05	-0.0247407	0.000193232	-0.0247626	0.0	0.0	0.0	0.0	0.000260904	-0.0247308	
40.6050850476	-0.000223247	-0.0245679	0.0	0.0	0.0	0.0	-2.49829e-05	-0.0246448	0.00019184	-0.0246665	0.0	0.0	0.0	0.0	0.000259005	-0.0246351	
40.7621646803	-0.000221753	-0.0244736	0.0	0.0	0.0	0.0	-2.48703e-05	-0.0245498	0.000190462	-0.0245712	0.0	0.0	0.0	0.0	0.000257126	-0.0245401	
40.919244313	-0.000220272	-0.0243801	0.0	0.0	0.0	0.0	-2.47579e-05	-0.0244554	0.000189098	-0.0244766	0.0	0.0	0.0	0.0	0.000255267	-0.0244458	
41.0763239457	-0.000218806	-0.0242873	0.0	0.0	0.0	0.0	-2.46456e-05	-0.0243617	0.000187749	-0.0243827	0.0	0.0	0.0	0.0	0.000253428	-0.0243523	
41.2334035784	-0.000217353	-0.0241952	0.0	0.0	0.0	0.0	-2.45335e-05	-0.0242688	0.000186413	-0.0242896	0.0	0.0	0.0	0.0	0.000251608	-0.0242595	
41.390483211	-0.000215913	-0.0241037	0.0	0.0	0.0	0.0	-2.44215e-05	-0.0241766	0.000185092	-0.0241971	0.0	0.0	0.0	0.0	0.000249807	-0.0241673	
41.5475628437	-0.000214487	-0.024013	0.0	0.0	0.0	0.0	-2.43098e-05	-0.0240851	0.000183784	-0.0241053	0.0	0.0	0.0	0.0	0.000248025	-0.0240759	
41.7046424764	-0.000213074	-0.023923	0.0	0.0	0.0	0.0	-2.41983e-05	-0.0239942	0.000182489	-0.0240143	0.0	0.0	0.0	0.0	0.000246262	-0.0239852	
41.8617221091	-0.000211674	-0.0238336	0.0	0.0	0.0	0.0	-2.4087e-05	-0.0239041	0.000181208	-0.0239239	0.0	0.0	0.0	0.0	0.000244517	-0.0238952	
42.0188017418	-0.000210287	-0.0237449	0.0	0.0	0.0	0.0	-2.3976e-05	-0.0238146	0.00017994	-0.0238342	0.0	0.0	0.0	0.0	0.00024279	-0.0238058	
42.1758813744	-0.000208912	-0.0236568	0.0	0.0	0.0	0.0	-2.38653e-05	-0.0237258	0.000178684	-0.0237452	0.0	0.0	0.0	0.0	0.000241081	-0.0237171	
42.3329610071	-0.00020755	-0.0235694	0.0	0.0	0.0	0.0	-2.37548e-05	-0.0236377	0.000177442	-0.0236569	0.0	0.0	0.0	0.0	0.000239389	-0.023629	
42.4900406398	-0.000206201	-0.0234826	0.0	0.0	0.0	0.0	-2.36446e-05	-0.0235502	0.000176212	-0.0235691	0.0	0.0	0.0	0.0	0.000237715	-0.0235416	
42.6471202725	-0.000204864	-0.0233965	0.0	0.0	0.0	0.0	-2.35347e-05	-0.0234633	0.000174994	-0.0234821	0.0	0.0	0.0	0.0	0.000236058	-0.0234549	
42.8041999052	-0.000203539	-0.023311	0.0	0.0	0.0	0.0	-2.34251e-05	-0.0233771	0.000173789	-0.0233957	0.0	0.0	0.0	0.0	0.000234418	-0.0233687	
42.9612795378	-0.000202226	-0.0232261	0.0	0.0	0.0	0.0	-2.33159e-05	-0.0232916	0.000172596	-0.0233099	0.0	0.0	0.0	0.0	0.000232795	-0.0232833	
43.1183591705	-0.000200925	-0.0231419	0.0	0.0	0.0	0.0	-2.32069e-05	-0.0232066	0.000171415	-0.0232248	0.0	0.0	0.0	0.0	0.000231188	-0.0231984	
43.2754388032	-0.000199636	-0.0230582	0.0	0.0	0.0	0.0	-2.30984e-05	-0.0231223	0.000170246	-0.0231402	0.0	0.0	0.0	0.0	0.000229597	-0.0231142	
43.4325184359	-0.000198359	-0.0229751	0.0	0.0	0.0	0.0	-2.29901e-05	-0.0230385	0.000169088	-0.0230563	0.0	0.0	0.0	0.0	0.000228023	-0.0230305	
43.5895980686	-0.000197093	-0.0228927	0.0	0.0	0.0	0.0	-2.28823e-05	-0.0229554	0.000167942	-0.022973	0.0	0.0	0.0	0.0	0.000226464	-0.0229475	
43.7466777012	-0.000195838	-0.0228108	0.0	0.0	0.0	0.0	-2.27748e-05	-0.0228729	0.000166807	-0.0228903	0.0	0.0	0.0	0.0	0.000224921	-0.022865	
43.9037573339	-0.000194595	-0.0227295	0.0	0.0	0.0	0.0	-2.26677e-05	-0.022791	0.000165683	-0.0228082	0.0	0.0	0.0	0.0	0.000223393	-0.0227832	
44.0608369666	-0.000193363	-0.0226488	0.0	0.0	0.0	0.0	-2.25609e-05	-0.0227096	0.00016457	-0.0227267	0.0	0.0	0.0	0.0	0.00022188	-0.0227019	
44.2179165993	-0.000192142	-0.0225687	0.0	0.0	0.0	0.0	-2.24546e-05	-0.0226289	0.000163469	-0.0226457	0.0	0.0	0.0	0.0	0.000220383	-0.0226212	
44.374996232	-0.000190932	-0.0224891	0.0	0.0	0.0	0.0	-2.23487e-05	-0.0225487	0.000162378	-0.0225653	0.0	0.0	0.0	0.0	0.0002189	-0.0225411	
44.5320758646	-0.000189732	-0.0224101	0.0	0.0	0.0	0.0	-2.22431e-05	-0.022469	0.000161297	-0.0224855	0.0	0.0	0.0	0.0	0.000217432	-0.0224616	
44.6891554973	-0.000188544	-0.0223316	0.0	0.0	0.0	0.0	-2.2138e-05	-0.02239	0.000160228	-0.0224063	0.0	0.0	0.0	0.0	0.000215978	-0.0223826	
44.84623513	-0.000187366	-0.0222537	0.0	0.0	0.0	0.0	-2.20333e-05	-0.0223115	0.000159168	-0.0223276	0.0	0.0	0.0	0.0	0.000214539	-0.0223042	
45.0033147627	-0.000186198	-0.0221763	0.0	0.0	0.0	0.0	-2.19291e-05	-0.0222335	0.000158119	-0.0222495	0.0	0.0	0.0	0.0	0.000213114	-0.0222263	
45.1603943954	-0.00018504	-0.0220995	0.0	0.0	0.0	0.0	-2.18252e-05	-0.0221561	0.00015708	-0.0221719	0.0	0.0	0.0	0.0	0.000211702	-0.0221489	
45.317474028	-0.000183893	-0.0220231	0.0	0.0	0.0	0.0	-2.17218e-05	-0.0220792	0.000156051	-0.0220949	0.0	0.0	0.0	0.0	0.000210305	-0.0220721	
45.4745536607	-0.000182756	-0.0219473	0.0	0.0	0.0	0.0	-2.16188e-05	-0.0220029	0.000155032	-0.0220184	0.0	0.0	0.0	0.0	0.000208921	-0.0219958	
45.6316332934	-0.000181629	-0.0218721	0.0	0.0	0.0	0.0	-2.15163e-05	-0.021927	0.000154022	-0.0219424	0.0	0.0	0.0	0.0	0.00020755	-0.0219201	
45.7887129261	-0.000180512	-0.0217973	0.0	0.0	0.0	0.0	-2.14142e-05	-0.0218517	0.000153022	-0.0218669	0.0	0.0	0.0	0.0	0.000206192	-0.0218449	
45.9457925588	-0.000179404	-0.0217231	0.0	0.0	0.0	0.0	-2.13126e-05	-0.021777	0.000152032	-0.021792	0.0	0.0	0.0	0.0	0.000204848	-0.0217701	
46.1028721914	-0.000178307	-0.0216493	0.0	0.0	0.0	0.0	-2.12114e-05	-0.0217027	0.000151051	-0.0217175	0.0	0.0	0.0	0.0	0.000203516	-0.0216959	
46.2599518241	-0.000177218	-0.0215761	0.0	0.0	0.0	0.0	-2.11107e-05	-0.0216289	0.000150079	-0.0216436	0.0	0.0	0.0	0.0	0.000202198	-0.0216222	
46.4170314568	-0.00017614	-0.0215033	0.0	0.0	0.0	0.0	-2.10105e-05	-0.0215556	0.000149117	-0.0215702	0.0	0.0	0.0	0.0	0.000200891	-0.021549	
46.5741110895	-0.00017507	-0.0214311	0.0	0.0	0.0	0.0	-2.09107e-05	-0.0214829	0.000148163	-0.0214973	0.0	0.0	0.0	0.0	0.000199597	-0.0214763	
46.7311907221	-0.00017401	-0.0213593	0.0	0.0	0.0	0.0	-2.08113e-05	-0.0214106	0.000147219	-0.0214249	0.0	0.0	0.0	0.0	0.000198316	-0.0214041	
46.8882703548	-0.000172959	-0.021288	0.0	0.0	0.0	0.0	-2.07125e-05	-0.0213388	0.000146283	-0.0213529	0.0	0.0	0.0	0.0	0.000197046	-0.0213324	
47.0453499875	-0.000171917	-0.0212171	0.0	0.0	0.0	0.0	-2.06141e-05	-0.0212674	0.000145356	-0.0212814	0.0	0.0	0.0	0.0	0.000195789	-0.0212611	
47.2024296202	-0.000170884	-0.0211468	0.0	0.0	0.0	0.0	-2.05162e-05	-0.0211966	0.000144438	-0.0212105	0.0	0.0	0.0	0.0	0.000194543	-0.0211903	
47.3595092529	-0.00016986	-0.0210769	0.0	0.0	0.0	0.0	-2.04188e-05	-0.0211262	0.000143528	-0.02114	0.0	0.0	0.0	0.0	0.000193309	-0.02112	
47.5165888855	-0.000168845	-0.0210075	0.0	0.0	0.0	0.0	-2.03218e-05	-0.0210563	0.000142626	-0.0210699	0.0	0.0	0.0	0.0	0.000192086	-0.0210502	
47.6736685182	-0.000167838	-0.0209385	0.0	0.0	0.0	0.0	-2.02253e-05	-0.0209869	0.000141733	-0.0210003	0.0	0.0	0.0	0.0	0.000190875	-0.0209808	
47.8307481509	-0.00016684	-0.0208699	0.0	0.0	0.0	0.0	-2.01293e-05	-0.0209179	0.000140848	-0.0209312	0.0	0.0	0.0	0.0	0.000189675	-0.0209118	
47.9878277836	-0.000165851	-0.0208019	0.0	0.0	0.0	0.0	-2.00338e-05	-0.0208493	0.000139971	-0.0208625	0.0	0.0	0.0	0.0	0.000188486	-0.0208434	
48.1449074163	-0.00016487	-0.0207342	0.0	0.0	0.0	0.0	-1.99387e-05	-0.0207813	0.000139102	-0.0207943	0.0	0.0	0.0	0.0	0.000187308	-0.0207753	
48.3019870489	-0.000163897	-0.020667	0.0	0.0	0.0	0.0	-1.98442e-05	-0.0207136	0.000138242	-0.0207265	0.0	0.0	0.0	0.0	0.000186141	-0.0207077	
48.4590666816	-0.000162932	-0.0206002	0.0	0.0	0.0	0.0	-1.97501e-05	-0.0206464	0.000137388	-0.0206592	0.0	0.0	0.0	0.0	0.000184985	-0.0206406	
48.6161463143	-0.000161976	-0.0205339	0.0	0.0	0.0	0.0	-1.96565e-05	-0.0205796	0.000136543	-0.0205923	0.0	0.0	0.0	0.0	0.000183839	-0.0205739	
48.773225947	-0.000161027	-0.020468	0.0	0.0	0.0	0.0	-1.95634e-05	-0.0205133	0.000135705	-0.0205259	0.0	0.0	0.0	0.0	0.000182704	-0.0205076	
48.9303055797	-0.000160087	-0.0204025	0.0	0.0	0.0	0.0	-1.94707e-05	-0.0204474	0.000134875	-0.0204598	0.0	0.0	0.0	0.0	0.000181579	-0.0204417	
49.0873852123	-0.000159154	-0.0203374	0.0	0.0	0.0	0.0	-1.93786e-05	-0.0203819	0.000134052	-0.0203942	0.0	0.0	0.0	0.0	0.000180464	-0.0203763	
49.244464845	-0.000158229	-0.0202728	0.0	0.0	0.0	0.0	-1.92869e-05	-0.0203168	0.000133237	-0.020329	0.0	0.0	0.0	0.0	0.000179359	-0.0203113	
49.4015444777	-0.000157312	-0.0202085	0.0	0.0	0.0	0.0	-1.91957e-05	-0.0202521	0.000132429	-0.0202642	0.0	0.0	0.0	0.0	0.000178264	-0.0202466	
49.5586241104	-0.000156403	-0.0201447	0.0	0.0	0.0	0.0	-1.9105e-05	-0.0201879	0.000131628	-0.0201999	0.0	0.0	0.0	0.0	0.00017718	-0.0201824	
49.7157037431	-0.000155501	-0.0200812	0.0	0.0	0.0	0.0	-1.90148e-05	-0.020124	0.000130834	-0.0201359	0.0	0.0	0.0	0.0	0.000176104	-0.0201187	
49.8727833757	-0.000154606	-0.0200182	0.0	0.0	0.0	0.0	-1.89251e-05	-0.0200606	0.000130048	-0.0200724	0.0	0.0	0.0	0.0	0.000175039	-0.0200553	
50.0298630084	-0.000153719	-0.0199555	0.0	0.0	0.0	0.0	-1.88358e-05	-0.0199976	0.000129268	-0.0200092	0.0	0.0	0.0	0.0	0.000173983	-0.0199923	
50.1869426411	-0.00015284	-0.0198932	0.0	0.0	0.0	0.0	-1.8747e-05	-0.0199349	0.000128495	-0.0199465	0.0	0.0	0.0	0.0	0.000172936	-0.0199297	
50.3440222738	-0.000151967	-0.0198314	0.0	0.0	0.0	0.0	-1.86588e-05	-0.0198727	0.000127729	-0.0198841	0.0	0.0	0.0	0.0	0.000171899	-0.0198675	
50.5011019065	-0.000151102	-0.0197699	0.0	0.0	0.0	0.0	-1.85709e-05	-0.0198108	0.000126969	-0.0198221	0.0	0.0	0.0	0.0	0.000170871	-0.0198056	
50.6581815391	-0.000150244	-0.0197088	0.0	0.0	0.0	0.0	-1.84836e-05	-0.0197493	0.000126217	-0.0197605	0.0	0.0	0.0	0.0	0.000169852	-0.0197442	
50.8152611718	-0.000149393	-0.019648	0.0	0.0	0.0	0.0	-1.83968e-05	-0.0196882	0.000125471	-0.0196993	0.0	0.0	0.0	0.0	0.000168841	-0.0196831	
50.9723408045	-0.000148548	-0.0195877	0.0	0.0	0.0	0.0	-1.83104e-05	-0.0196275	0.000124731	-0.0196385	0.0	0.0	0.0	0.0	0.00016784	-0.0196225	
51.1294204372	-0.000147711	-0.0195277	0.0	0.0	0.0	0.0	-1.82245e-05	-0.0195671	0.000123998	-0.019578	0.0	0.0	0.0	0.0	0.000166848	-0.0195622	
51.2865000699	-0.000146881	-0.019468	0.0	0.0	0.0	0.0	-1.81391e-05	-0.0195071	0.000123271	-0.019518	0.0	0.0	0.0	0.0	0.000165864	-0.0195022	
51.4435797025	-0.000146057	-0.0194088	0.0	0.0	0.0	0.0	-1.80541e-05	-0.0194475	0.00012255	-0.0194583	0.0	0.0	0.0	0.0	0.000164888	-0.0194427	
51.6006593352	-0.00014524	-0.0193499	0.0	0.0	0.0	0.0	-1.79696e-05	-0.0193883	0.000121836	-0.0193989	0.0	0.0	0.0	0.0	0.000163922	-0.0193834	
51.7577389679	-0.000144429	-0.0192913	0.0	0.0	0.0	0.0	-1.78856e-05	-0.0193294	0.000121127	-0.0193399	0.0	0.0	0.0	0.0	0.000162963	-0.0193246	
51.9148186006	-0.000143625	-0.0192331	0.0	0.0	0.0	0.0	-1.78021e-05	-0.0192709	0.000120425	-0.0192813	0.0	0.0	0.0	0.0	0.000162013	-0.0192661	
52.0718982333	-0.000142827	-0.0191753	0.0	0.0	0.0	0.0	-1.7719e-05	-0.0192127	0.000119729	-0.019223	0.0	0.0	0.0	0.0	0.000161071	-0.019208	
52.2289778659	-0.000142036	-0.0191178	0.0	0.0	0.0	0.0	-1.76364e-05	-0.0191548	0.000119038	-0.0191651	0.0	0.0	0.0	0.0	0.000160137	-0.0191502	
52.3860574986	-0.000141252	-0.0190606	0.0	0.0	0.0	0.0	-1.75543e-05	-0.0190974	0.000118354	-0.0191075	0.0	0.0	0.0	0.0	0.000159211	-0.0190927	
52.5431371313	-0.000140473	-0.0190038	0.0	0.0	0.0	0.0	-1.74726e-05	-0.0190402	0.000117675	-0.0190503	0.0	0.0	0.0	0.0	0.000158293	-0.0190356	
52.700216764	-0.000139701	-0.0189473	0.0	0.0	0.0	0.0	-1.73914e-05	-0.0189834	0.000117002	-0.0189934	0.0	0.0	0.0	0.0	0.000157383	-0.0189789	
52.8572963966	-0.000138934	-0.0188911	0.0	0.0	0.0	0.0	-1.73106e-05	-0.018927	0.000116335	-0.0189368	0.0	0.0	0.0	0.0	0.00015648	-0.0189225	
53.0143760293	-0.000138174	-0.0188353	0.0	0.0	0.0	0.0	-1.72303e-05	-0.0188708	0.000115673	-0.0188806	0.0	0.0	0.0	0.0	0.000155585	-0.0188664	
53.171455662	-0.00013742	-0.0187798	0.0	0.0	0.0	0.0	-1.71505e-05	-0.018815	0.000115017	-0.0188248	0.0	0.0	0.0	0.0	0.000154698	-0.0188106	
53.3285352947	-0.000136672	-0.0187247	0.0	0.0	0.0	0.0	-1.70711e-05	-0.0187596	0.000114367	-0.0187692	0.0	0.0	0.0	0.0	0.000153818	-0.0187552	
53.4856149274	-0.00013593	-0.0186698	0.0	0.0	0.0	0.0	-1.69922e-05	-0.0187044	0.000113722	-0.018714	0.0	0.0	0.0	0.0	0.000152946	-0.0187001	
53.64269456	-0.000135193	-0.0186153	0.0	0.0	0.0	0.0	-1.69137e-05	-0.0186496	0.000113082	-0.0186591	0.0	0.0	0.0	0.0	0.000152081	-0.0186453	
53.7997741927	-0.000134463	-0.0185611	0.0	0.0	0.0	0.0	-1.68357e-05	-0.0185951	0.000112447	-0.0186045	0.0	0.0	0.0	0.0	0.000151223	-0.0185909	
53.9568538254	-0.000133738	-0.0185072	0.0	0.0	0.0	0.0	-1.67581e-05	-0.0185409	0.000111818	-0.0185502	0.0	0.0	0.0	0.0	0.000150372	-0.0185367	
54.1139334581	-0.000133019	-0.0184537	0.0	0.0	0.0	0.0	-1.6681e-05	-0.0184871	0.000111194	-0.0184963	0.0	0.0	0.0	0.0	0.000149528	-0.0184829	
54.2710130908	-0.000132305	-0.0184004	0.0	0.0	0.0	0.0	-1.66043e-05	-0.0184335	0.000110575	-0.0184427	0.0	0.0	0.0	0.0	0.000148692	-0.0184294	
54.4280927234	-0.000131597	-0.0183474	0.0	0.0	0.0	0.0	-1.65281e-05	-0.0183803	0.000109961	-0.0183894	0.0	0.0	0.0	0.0	0.000147862	-0.0183762	
54.5851723561	-0.000130894	-0.0182948	0.0	0.0	0.0	0.0	-1.64523e-05	-0.0183274	0.000109352	-0.0183363	0.0	0.0	0.0	0.0	0.000147039	-0.0183233	
54.7422519888	-0.000130197	-0.0182424	0.0	0.0	0.0	0.0	-1.63769e-05	-0.0182747	0.000108748	-0.0182836	0.0	0.0	0.0	0.0	0.000146223	-0.0182707	
54.8993316215	-0.000129505	-0.0181904	0.0	0.0	0.0	0.0	-1.6302e-05	-0.0182224	0.000108149	-0.0182312	0.0	0.0	0.0	0.0	0.000145414	-0.0182184	
55.0564112542	-0.000128819	-0.0181386	0.0	0.0	0.0	0.0	-1.62275e-05	-0.0181704	0.000107555	-0.0181791	0.0	0.0	0.0	0.0	0.000144611	-0.0181664	
55.2134908868	-0.000128138	-0.0180871	0.0	0.0	0.0	0.0	-1.61534e-05	-0.0181186	0.000106966	-0.0181273	0.0	0.0	0.0	0.0	0.000143815	-0.0181147	
55.3705705195	-0.000127462	-0.0180359	0.0	0.0	0.0	0.0	-1.60798e-05	-0.0180672	0.000106381	-0.0180758	0.0	0.0	0.0	0.0	0.000143025	-0.0180633	
55.5276501522	-0.000126791	-0.0179851	0.0	0.0	0.0	0.0	-1.60065e-05	-0.018016	0.000105802	-0.0180246	0.0	0.0	0.0	0.0	0.000142242	-0.0180122	
55.6847297849	-0.000126125	-0.0179344	0.0	0.0	0.0	0.0	-1.59338e-05	-0.0179652	0.000105227	-0.0179737	0.0	0.0	0.0	0.0	0.000141465	-0.0179613	
55.8418094176	-0.000125465	-0.0178841	0.0	0.0	0.0	0.0	-1.58614e-05	-0.0179146	0.000104656	-0.017923	0.0	0.0	0.0	0.0	0.000140694	-0.0179108	
55.9988890502	-0.000124809	-0.0178341	0.0	0.0	0.0	0.0	-1.57895e-05	-0.0178643	0.00010409	-0.0178727	0.0	0.0	0.0	0.0	0.000139929	-0.0178605	
56.1559686829	-0.000124159	-0.0177843	0.0	0.0	0.0	0.0	-1.57179e-05	-0.0178143	0.000103529	-0.0178226	0.0	0.0	0.0	0.0	0.000139171	-0.0178106	
56.3130483156	-0.000123513	-0.0177348	0.0	0.0	0.0	0.0	-1.56468e-05	-0.0177646	0.000102972	-0.0177728	0.0	0.0	0.0	0.0	0.000138419	-0.0177609	
56.4701279483	-0.000122872	-0.0176856	0.0	0.0	0.0	0.0	-1.55761e-05	-0.0177151	0.000102419	-0.0177233	0.0	0.0	0.0	0.0	0.000137672	-0.0177114	
56.627207581	-0.000122236	-0.0176367	0.0	0.0	0.0	0.0	-1.55059e-05	-0.017666	0.000101871	-0.017674	0.0	0.0	0.0	0.0	0.000136932	-0.0176623	
56.7842872136	-0.000121605	-0.017588	0.0	0.0	0.0	0.0	-1.5436e-05	-0.0176171	0.000101327	-0.017625	0.0	0.0	0.0	0.0	0.000136198	-0.0176134	
56.9413668463	-0.000120979	-0.0175396	0.0	0.0	0.0	0.0	-1.53665e-05	-0.0175684	0.000100788	-0.0175763	0.0	0.0	0.0	0.0	0.000135469	-0.0175648	
57.098446479	-0.000120357	-0.0174915	0.0	0.0	0.0	0.0	-1.52975e-05	-0.0175201	0.000100252	-0.0175279	0.0	0.0	0.0	0.0	0.000134746	-0.0175165	
57.2555261117	-0.00011974	-0.0174436	0.0	0.0	0.0	0.0	-1.52288e-05	-0.017472	9.97214e-05	-0.0174798	0.0	0.0	0.0	0.0	0.000134029	-0.0174684	
57.4126057444	-0.000119128	-0.017396	0.0	0.0	0.0	0.0	-1.51606e-05	-0.0174241	9.91944e-05	-0.0174319	0.0	0.0	0.0	0.0	0.000133318	-0.0174206	
57.569685377	-0.00011852	-0.0173487	0.0	0.0	0.0	0.0	-1.50927e-05	-0.0173766	9.86716e-05	-0.0173842	0.0	0.0	0.0	0.0	0.000132612	-0.0173731	
57.7267650097	-0.000117917	-0.0173016	0.0	0.0	0.0	0.0	-1.50253e-05	-0.0173292	9.81529e-05	-0.0173368	0.0	0.0	0.0	0.0	0.000131911	-0.0173258	
57.8838446424	-0.000117318	-0.0172547	0.0	0.0	0.0	0.0	-1.49582e-05	-0.0172822	9.76382e-05	-0.0172897	0.0	0.0	0.0	0.0	0.000131217	-0.0172787	
58.0409242751	-0.000116723	-0.0172082	0.0	0.0	0.0	0.0	-1.48916e-05	-0.0172354	9.71275e-05	-0.0172429	0.0	0.0	0.0	0.0	0.000130527	-0.017232	
58.1980039078	-0.000116133	-0.0171618	0.0	0.0	0.0	0.0	-1.48253e-05	-0.0171888	9.66207e-05	-0.0171962	0.0	0.0	0.0	0.0	0.000129843	-0.0171854	
58.3550835404	-0.000115548	-0.0171157	0.0	0.0	0.0	0.0	-1.47594e-05	-0.0171425	9.61178e-05	-0.0171499	0.0	0.0	0.0	0.0	0.000129164	-0.0171392	
58.5121631731	-0.000114966	-0.0170699	0.0	0.0	0.0	0.0	-1.46939e-05	-0.0170965	9.56189e-05	-0.0171038	0.0	0.0	0.0	0.0	0.000128491	-0.0170931	
58.6692428058	-0.000114389	-0.0170243	0.0	0.0	0.0	0.0	-1.46288e-05	-0.0170507	9.51237e-05	-0.0170579	0.0	0.0	0.0	0.0	0.000127823	-0.0170474	
58.8263224385	-0.000113816	-0.0169789	0.0	0.0	0.0	0.0	-1.4564e-05	-0.0170051	9.46323e-05	-0.0170123	0.0	0.0	0.0	0.0	0.000127159	-0.0170018	
58.9834020711	-0.000113247	-0.0169338	0.0	0.0	0.0	0.0	-1.44997e-05	-0.0169598	9.41447e-05	-0.0169669	0.0	0.0	0.0	0.0	0.000126501	-0.0169565	
59.1404817038	-0.000112683	-0.016889	0.0	0.0	0.0	0.0	-1.44357e-05	-0.0169147	9.36608e-05	-0.0169218	0.0	0.0	0.0	0.0	0.000125848	-0.0169115	
59.2975613365	-0.000112122	-0.0168443	0.0	0.0	0.0	0.0	-1.43721e-05	-0.0168699	9.31806e-05	-0.0168769	0.0	0.0	0.0	0.0	0.0001252	-0.0168667	
59.4546409692	-0.000111566	-0.0167999	0.0	0.0	0.0	0.0	-1.43088e-05	-0.0168253	9.2704e-05	-0.0168322	0.0	0.0	0.0	0.0	0.000124557	-0.0168221	
59.6117206019	-0.000111014	-0.0167557	0.0	0.0	0.0	0.0	-1.4246e-05	-0.0167809	9.2231e-05	-0.0167878	0.0	0.0	0.0	0.0	0.000123919	-0.0167778	
59.7688002345	-0.000110465	-0.0167118	0.0	0.0	0.0	0.0	-1.41835e-05	-0.0167368	9.17616e-05	-0.0167436	0.0	0.0	0.0	0.0	0.000123286	-0.0167337	
59.9258798672	-0.000109921	-0.0166681	0.0	0.0	0.0	0.0	-1.41213e-05	-0.0166929	9.12957e-05	-0.0166997	0.0	0.0	0.0	0.0	0.000122657	-0.0166898	
60.0829594999	-0.00010938	-0.0166246	0.0	0.0	0.0	0.0	-1.40596e-05	-0.0166492	9.08334e-05	-0.016656	0.0	0.0	0.0	0.0	0.000122033	-0.0166461	
60.2400391326	-0.000108844	-0.0165814	0.0	0.0	0.0	0.0	-1.39981e-05	-0.0166058	9.03745e-05	-0.0166125	0.0	0.0	0.0	0.0	0.000121414	-0.0166027	
60.3971187653	-0.000108311	-0.0165383	0.0	0.0	0.0	0.0	-1.39371e-05	-0.0165626	8.9919e-05	-0.0165692	0.0	0.0	0.0	0.0	0.0001208	-0.0165595	
60.5541983979	-0.000107782	-0.0164955	0.0	0.0	0.0	0.0	-1.38764e-05	-0.0165196	8.94669e-05	-0.0165261	0.0	0.0	0.0	0.0	0.00012019	-0.0165166	
60.7112780306	-0.000107257	-0.0164529	0.0	0.0	0.0	0.0	-1.38161e-05	-0.0164768	8.90182e-05	-0.0164833	0.0	0.0	0.0	0.0	0.000119585	-0.0164738	
60.8683576633	-0.000106735	-0.0164106	0.0	0.0	0.0	0.0	-1.37561e-05	-0.0164342	8.85728e-05	-0.0164407	0.0	0.0	0.0	0.0	0.000118984	-0.0164313	
61.025437296	-0.000106217	-0.0163684	0.0	0.0	0.0	0.0	-1.36964e-05	-0.0163919	8.81307e-05	-0.0163984	0.0	0.0	0.0	0.0	0.000118388	-0.016389	
61.1825169287	-0.000105703	-0.0163265	0.0	0.0	0.0	0.0	-1.36371e-05	-0.0163498	8.76919e-05	-0.0163562	0.0	0.0	0.0	0.0	0.000117796	-0.0163469	
61.3395965613	-0.000105193	-0.0162848	0.0	0.0	0.0	0.0	-1.35782e-05	-0.0163079	8.72563e-05	-0.0163143	0.0	0.0	0.0	0.0	0.000117208	-0.016305	
61.496676194	-0.000104686	-0.0162433	0.0	0.0	0.0	0.0	-1.35196e-05	-0.0162662	8.68239e-05	-0.0162725	0.0	0.0	0.0	0.0	0.000116625	-0.0162634	
61.6537558267	-0.000104183	-0.016202	0.0	0.0	0.0	0.0	-1.34613e-05	-0.0162248	8.63947e-05	-0.016231	0.0	0.0	0.0	0.0	0.000116047	-0.0162219	
61.8108354594	-0.000103683	-0.0161609	0.0	0.0	0.0	0.0	-1.34034e-05	-0.0161835	8.59686e-05	-0.0161897	0.0	0.0	0.0	0.0	0.000115472	-0.0161807	
61.9679150921	-0.000103187	-0.01612	0.0	0.0	0.0	0.0	-1.33458e-05	-0.0161425	8.55457e-05	-0.0161486	0.0	0.0	0.0	0.0	0.000114902	-0.0161396	
62.1249947247	-0.000102694	-0.0160793	0.0	0.0	0.0	0.0	-1.32885e-05	-0.0161016	8.51258e-05	-0.0161077	0.0	0.0	0.0	0.0	0.000114335	-0.0160988	
62.2820743574	-0.000102205	-0.0160389	0.0	0.0	0.0	0.0	-1.32316e-05	-0.016061	8.4709e-05	-0.016067	0.0	0.0	0.0	0.0	0.000113773	-0.0160582	
62.4391539901	-0.000101719	-0.0159986	0.0	0.0	0.0	0.0	-1.3175e-05	-0.0160206	8.42952e-05	-0.0160266	0.0	0.0	0.0	0.0	0.000113216	-0.0160178	
62.5962336228	-0.000101237	-0.0159585	0.0	0.0	0.0	0.0	-1.31188e-05	-0.0159803	8.38844e-05	-0.0159863	0.0	0.0	0.0	0.0	0.000112662	-0.0159776	
62.7533132555	-0.000100757	-0.0159187	0.0	0.0	0.0	0.0	-1.30628e-05	-0.0159403	8.34765e-05	-0.0159462	0.0	0.0	0.0	0.0	0.000112112	-0.0159376	
62.9103928881	-0.000100282	-0.015879	0.0	0.0	0.0	0.0	-1.30072e-05	-0.0159005	8.30716e-05	-0.0159064	0.0	0.0	0.0	0.0	0.000111566	-0.0158978	
63.0674725208	-9.9809e-05	-0.0158395	0.0	0.0	0.0	0.0	-1.29519e-05	-0.0158609	8.26696e-05	-0.0158667	0.0	0.0	0.0	0.0	0.000111024	-0.0158582	
63.2245521535	-9.93398e-05	-0.0158003	0.0	0.0	0.0	0.0	-1.2897e-05	-0.0158214	8.22705e-05	-0.0158272	0.0	0.0	0.0	0.0	0.000110486	-0.0158188	
63.3816317862	-9.88737e-05	-0.0157612	0.0	0.0	0.0	0.0	-1.28423e-05	-0.0157822	8.18743e-05	-0.0157879	0.0	0.0	0.0	0.0	0.000109952	-0.0157796	
63.5387114189	-9.84109e-05	-0.0157223	0.0	0.0	0.0	0.0	-1.2788e-05	-0.0157431	8.14808e-05	-0.0157489	0.0	0.0	0.0	0.0	0.000109422	-0.0157405	
63.6957910515	-9.79512e-05	-0.0156836	0.0	0.0	0.0	0.0	-1.2734e-05	-0.0157043	8.10902e-05	-0.01571	0.0	0.0	0.0	0.0	0.000108895	-0.0157017	
63.8528706842	-9.74947e-05	-0.0156451	0.0	0.0	0.0	0.0	-1.26803e-05	-0.0156656	8.07023e-05	-0.0156713	0.0	0.0	0.0	0.0	0.000108372	-0.0156631	
64.0099503169	-9.70413e-05	-0.0156068	0.0	0.0	0.0	0.0	-1.26269e-05	-0.0156272	8.03172e-05	-0.0156328	0.0	0.0	0.0	0.0	0.000107853	-0.0156246	
64.1670299496	-9.6591e-05	-0.0155686	0.0	0.0	0.0	0.0	-1.25738e-05	-0.0155889	7.99349e-05	-0.0155944	0.0	0.0	0.0	0.0	0.000107338	-0.0155864	
64.3241095823	-9.61437e-05	-0.0155307	0.0	0.0	0.0	0.0	-1.2521e-05	-0.0155508	7.95552e-05	-0.0155563	0.0	0.0	0.0	0.0	0.000106826	-0.0155483	
64.4811892149	-9.56995e-05	-0.0154929	0.0	0.0	0.0	0.0	-1.24685e-05	-0.0155129	7.91782e-05	-0.0155184	0.0	0.0	0.0	0.0	0.000106318	-0.0155104	
64.6382688476	-9.52583e-05	-0.0154554	0.0	0.0	0.0	0.0	-1.24163e-05	-0.0154752	7.88038e-05	-0.0154806	0.0	0.0	0.0	0.0	0.000105814	-0.0154727	
64.7953484803	-9.48201e-05	-0.015418	0.0	0.0	0.0	0.0	-1.23644e-05	-0.0154377	7.84321e-05	-0.015443	0.0	0.0	0.0	0.0	0.000105313	-0.0154352	
64.952428113	-9.43848e-05	-0.0153808	0.0	0.0	0.0	0.0	-1.23129e-05	-0.0154003	7.80629e-05	-0.0154056	0.0	0.0	0.0	0.0	0.000104815	-0.0153979	
65.1095077456	-9.39525e-05	-0.0153437	0.0	0.0	0.0	0.0	-1.22616e-05	-0.0153631	7.76963e-05	-0.0153684	0.0	0.0	0.0	0.0	0.000104322	-0.0153607	
65.2665873783	-9.35231e-05	-0.0153069	0.0	0.0	0.0	0.0	-1.22106e-05	-0.0153261	7.73323e-05	-0.0153314	0.0	0.0	0.0	0.0	0.000103831	-0.0153237	
65.423667011	-9.30965e-05	-0.0152702	0.0	0.0	0.0	0.0	-1.21599e-05	-0.0152893	7.69709e-05	-0.0152945	0.0	0.0	0.0	0.0	0.000103344	-0.0152869	
65.5807466437	-9.26728e-05	-0.0152337	0.0	0.0	0.0	0.0	-1.21095e-05	-0.0152527	7.66119e-05	-0.0152579	0.0	0.0	0.0	0.0	0.00010286	-0.0152503	
65.7378262764	-9.2252e-05	-0.0151973	0.0	0.0	0.0	0.0	-1.20594e-05	-0.0152162	7.62554e-05	-0.0152214	0.0	0.0	0.0	0.0	0.00010238	-0.0152138	
65.894905909	-9.18339e-05	-0.0151612	0.0	0.0	0.0	0.0	-1.20095e-05	-0.0151799	7.59013e-05	-0.015185	0.0	0.0	0.0	0.0	0.000101903	-0.0151776	
66.0519855417	-9.14187e-05	-0.0151252	0.0	0.0	0.0	0.0	-1.196e-05	-0.0151438	7.55497e-05	-0.0151489	0.0	0.0	0.0	0.0	0.000101429	-0.0151415	
66.2090651744	-9.10061e-05	-0.0150894	0.0	0.0	0.0	0.0	-1.19107e-05	-0.0151078	7.52006e-05	-0.0151129	0.0	0.0	0.0	0.0	0.000100959	-0.0151055	
66.3661448071	-9.05964e-05	-0.0150537	0.0	0.0	0.0	0.0	-1.18617e-05	-0.0150721	7.48538e-05	-0.0150771	0.0	0.0	0.0	0.0	0.000100492	-0.0150698	
66.5232244398	-9.01893e-05	-0.0150182	0.0	0.0	0.0	0.0	-1.1813e-05	-0.0150365	7.45094e-05	-0.0150414	0.0	0.0	0.0	0.0	0.000100028	-0.0150342	
66.6803040724	-8.97849e-05	-0.0149829	0.0	0.0	0.0	0.0	-1.17646e-05	-0.015001	7.41673e-05	-0.015006	0.0	0.0	0.0	0.0	9.95673e-05	-0.0149988	
66.8373837051	-8.93832e-05	-0.0149478	0.0	0.0	0.0	0.0	-1.17164e-05	-0.0149657	7.38275e-05	-0.0149706	0.0	0.0	0.0	0.0	9.91097e-05	-0.0149635	
66.9944633378	-8.89841e-05	-0.0149128	0.0	0.0	0.0	0.0	-1.16685e-05	-0.0149306	7.34901e-05	-0.0149355	0.0	0.0	0.0	0.0	9.86552e-05	-0.0149284	
67.1515429705	-8.85876e-05	-0.014878	0.0	0.0	0.0	0.0	-1.16209e-05	-0.0148957	7.3155e-05	-0.0149005	0.0	0.0	0.0	0.0	9.82038e-05	-0.0148935	
67.3086226032	-8.81938e-05	-0.0148433	0.0	0.0	0.0	0.0	-1.15736e-05	-0.0148609	7.28221e-05	-0.0148657	0.0	0.0	0.0	0.0	9.77555e-05	-0.0148587	
67.4657022358	-8.78025e-05	-0.0148088	0.0	0.0	0.0	0.0	-1.15265e-05	-0.0148263	7.24915e-05	-0.0148311	0.0	0.0	0.0	0.0	9.73102e-05	-0.0148241	
67.6227818685	-8.74137e-05	-0.0147745	0.0	0.0	0.0	0.0	-1.14797e-05	-0.0147918	7.21631e-05	-0.0147966	0.0	0.0	0.0	0.0	9.68679e-05	-0.0147897	
67.7798615012	-8.70275e-05	-0.0147403	0.0	0.0	0.0	0.0	-1.14332e-05	-0.0147575	7.18369e-05	-0.0147622	0.0	0.0	0.0	0.0	9.64287e-05	-0.0147554	
67.9369411339	-8.66438e-05	-0.0147063	0.0	0.0	0.0	0.0	-1.13869e-05	-0.0147234	7.15129e-05	-0.0147281	0.0	0.0	0.0	0.0	9.59923e-05	-0.0147213	
68.0940207666	-8.62626e-05	-0.0146724	0.0	0.0	0.0	0.0	-1.13409e-05	-0.0146894	7.1191e-05	-0.0146941	0.0	0.0	0.0	0.0	9.5559e-05	-0.0146873	
68.2511003992	-8.58838e-05	-0.0146387	0.0	0.0	0.0	0.0	-1.12951e-05	-0.0146556	7.08714e-05	-0.0146602	0.0	0.0	0.0	0.0	9.51285e-05	-0.0146535	
68.4081800319	-8.55075e-05	-0.0146052	0.0	0.0	0.0	0.0	-1.12496e-05	-0.0146219	7.05538e-05	-0.0146265	0.0	0.0	0.0	0.0	9.47009e-05	-0.0146198	
68.5652596646	-8.51336e-05	-0.0145718	0.0	0.0	0.0	0.0	-1.12043e-05	-0.0145884	7.02384e-05	-0.014593	0.0	0.0	0.0	0.0	9.42762e-05	-0.0145863	
68.7223392973	-8.47622e-05	-0.0145385	0.0	0.0	0.0	0.0	-1.11593e-05	-0.014555	6.9925e-05	-0.0145596	0.0	0.0	0.0	0.0	9.38543e-05	-0.014553	
68.87941893	-8.43931e-05	-0.0145054	0.0	0.0	0.0	0.0	-1.11146e-05	-0.0145218	6.96137e-05	-0.0145263	0.0	0.0	0.0	0.0	9.34352e-05	-0.0145198	
69.0364985626	-8.40263e-05	-0.0144725	0.0	0.0	0.0	0.0	-1.10701e-05	-0.0144888	6.93045e-05	-0.0144932	0.0	0.0	0.0	0.0	9.30188e-05	-0.0144867	
69.1935781953	-8.36619e-05	-0.0144397	0.0	0.0	0.0	0.0	-1.10259e-05	-0.0144559	6.89973e-05	-0.0144603	0.0	0.0	0.0	0.0	9.26053e-05	-0.0144538	
69.350657828	-8.32999e-05	-0.014407	0.0	0.0	0.0	0.0	-1.09819e-05	-0.0144231	6.86922e-05	-0.0144275	0.0	0.0	0.0	0.0	9.21944e-05	-0.0144211	
69.5077374607	-8.29401e-05	-0.0143745	0.0	0.0	0.0	0.0	-1.09381e-05	-0.0143905	6.8389e-05	-0.0143949	0.0	0.0	0.0	0.0	9.17863e-05	-0.0143885	
69.6648170934	-8.25827e-05	-0.0143421	0.0	0.0	0.0	0.0	-1.08946e-05	-0.014358	6.80879e-05	-0.0143624	0.0	0.0	0.0	0.0	9.13809e-05	-0.0143561	
69.821896726	-8.22275e-05	-0.0143099	0.0	0.0	0.0	0.0	-1.08514e-05	-0.0143257	6.77887e-05	-0.01433	0.0	0.0	0.0	0.0	9.09781e-05	-0.0143238	
69.9789763587	-8.18745e-05	-0.0142779	0.0	0.0	0.0	0.0	-1.08083e-05	-0.0142935	6.74914e-05	-0.0142978	0.0	0.0	0.0	0.0	9.0578e-05	-0.0142916	
70.1360559914	-8.15238e-05	-0.0142459	0.0	0.0	0.0	0.0	-1.07656e-05	-0.0142615	6.71961e-05	-0.0142658	0.0	0.0	0.0	0.0	9.01805e-05	-0.0142596	
70.2931356241	-8.11753e-05	-0.0142142	0.0	0.0	0.0	0.0	-1.0723e-05	-0.0142296	6.69027e-05	-0.0142339	0.0	0.0	0.0	0.0	8.97855e-05	-0.0142277	
70.4502152568	-8.08289e-05	-0.0141825	0.0	0.0	0.0	0.0	-1.06807e-05	-0.0141979	6.66112e-05	-0.0142021	0.0	0.0	0.0	0.0	8.93932e-05	-0.014196	
70.6072948894	-8.04848e-05	-0.014151	0.0	0.0	0.0	0.0	-1.06386e-05	-0.0141663	6.63216e-05	-0.0141705	0.0	0.0	0.0	0.0	8.90034e-05	-0.0141644	
70.7643745221	-8.01428e-05	-0.0141197	0.0	0.0	0.0	0.0	-1.05968e-05	-0.0141348	6.60339e-05	-0.014139	0.0	0.0	0.0	0.0	8.86161e-05	-0.0141329	
70.9214541548	-7.9803e-05	-0.0140884	0.0	0.0	0.0	0.0	-1.05552e-05	-0.0141035	6.5748e-05	-0.0141076	0.0	0.0	0.0	0.0	8.82313e-05	-0.0141016	
71.0785337875	-7.94653e-05	-0.0140574	0.0	0.0	0.0	0.0	-1.05138e-05	-0.0140723	6.5464e-05	-0.0140764	0.0	0.0	0.0	0.0	8.7849e-05	-0.0140705	
71.2356134201	-7.91296e-05	-0.0140264	0.0	0.0	0.0	0.0	-1.04726e-05	-0.0140413	6.51817e-05	-0.0140453	0.0	0.0	0.0	0.0	8.74692e-05	-0.0140394	
71.3926930528	-7.87961e-05	-0.0139956	0.0	0.0	0.0	0.0	-1.04317e-05	-0.0140104	6.49013e-05	-0.0140144	0.0	0.0	0.0	0.0	8.70918e-05	-0.0140085	
71.5497726855	-7.84646e-05	-0.0139649	0.0	0.0	0.0	0.0	-1.0391e-05	-0.0139796	6.46227e-05	-0.0139836	0.0	0.0	0.0	0.0	8.67169e-05	-0.0139778	
71.7068523182	-7.81352e-05	-0.0139344	0.0	0.0	0.0	0.0	-1.03505e-05	-0.013949	6.43459e-05	-0.0139529	0.0	0.0	0.0	0.0	8.63443e-05	-0.0139471	
71.8639319509	-7.78079e-05	-0.013904	0.0	0.0	0.0	0.0	-1.03103e-05	-0.0139185	6.40708e-05	-0.0139224	0.0	0.0	0.0	0.0	8.59741e-05	-0.0139167	
72.0210115835	-7.74825e-05	-0.0138737	0.0	0.0	0.0	0.0	-1.02703e-05	-0.0138881	6.37974e-05	-0.013892	0.0	0.0	0.0	0.0	8.56063e-05	-0.0138863	
72.1780912162	-7.71592e-05	-0.0138435	0.0	0.0	0.0	0.0	-1.02304e-05	-0.0138579	6.35258e-05	-0.0138617	0.0	0.0	0.0	0.0	8.52408e-05	-0.0138561	
72.3351708489	-7.68378e-05	-0.0138135	0.0	0.0	0.0	0.0	-1.01908e-05	-0.0138277	6.32559e-05	-0.0138316	0.0	0.0	0.0	0.0	8.48777e-05	-0.013826	
72.4922504816	-7.65185e-05	-0.0137836	0.0	0.0	0.0	0.0	-1.01515e-05	-0.0137978	6.29878e-05	-0.0138016	0.0	0.0	0.0	0.0	8.45168e-05	-0.013796	
72.6493301143	-7.6201e-05	-0.0137539	0.0	0.0	0.0	0.0	-1.01123e-05	-0.0137679	6.27213e-05	-0.0137717	0.0	0.0	0.0	0.0	8.41582e-05	-0.0137662	
72.8064097469	-7.58856e-05	-0.0137243	0.0	0.0	0.0	0.0	-1.00733e-05	-0.0137382	6.24565e-05	-0.013742	0.0	0.0	0.0	0.0	8.38019e-05	-0.0137365	
72.9634893796	-7.5572e-05	-0.0136948	0.0	0.0	0.0	0.0	-1.00346e-05	-0.0137086	6.21933e-05	-0.0137124	0.0	0.0	0.0	0.0	8.34479e-05	-0.0137069	
73.1205690123	-7.52604e-05	-0.0136654	0.0	0.0	0.0	0.0	-9.99607e-06	-0.0136792	6.19318e-05	-0.0136829	0.0	0.0	0.0	0.0	8.3096e-05	-0.0136774	
73.277648645	-7.49506e-05	-0.0136361	0.0	0.0	0.0	0.0	-9.95775e-06	-0.0136498	6.16719e-05	-0.0136535	0.0	0.0	0.0	0.0	8.27464e-05	-0.0136481	
73.4347282777	-7.46427e-05	-0.013607	0.0	0.0	0.0	0.0	-9.91964e-06	-0.0136206	6.14137e-05	-0.0136243	0.0	0.0	0.0	0.0	8.23989e-05	-0.0136189	
73.5918079103	-7.43367e-05	-0.013578	0.0	0.0	0.0	0.0	-9.88174e-06	-0.0135915	6.1157e-05	-0.0135952	0.0	0.0	0.0	0.0	8.20536e-05	-0.0135898	
73.748887543	-7.40326e-05	-0.0135491	0.0	0.0	0.0	0.0	-9.84404e-06	-0.0135626	6.0902e-05	-0.0135662	0.0	0.0	0.0	0.0	8.17105e-05	-0.0135609	
73.9059671757	-7.37302e-05	-0.0135204	0.0	0.0	0.0	0.0	-9.80654e-06	-0.0135337	6.06485e-05	-0.0135374	0.0	0.0	0.0	0.0	8.13695e-05	-0.0135321	
74.0630468084	-7.34297e-05	-0.0134918	0.0	0.0	0.0	0.0	-9.76925e-06	-0.013505	6.03966e-05	-0.0135086	0.0	0.0	0.0	0.0	8.10307e-05	-0.0135034	
74.2201264411	-7.31311e-05	-0.0134632	0.0	0.0	0.0	0.0	-9.73215e-06	-0.0134764	6.01462e-05	-0.01348	0.0	0.0	0.0	0.0	8.06939e-05	-0.0134748	
74.3772060737	-7.28342e-05	-0.0134348	0.0	0.0	0.0	0.0	-9.69526e-06	-0.0134479	5.98974e-05	-0.0134515	0.0	0.0	0.0	0.0	8.03592e-05	-0.0134463	
74.5342857064	-7.2539e-05	-0.0134066	0.0	0.0	0.0	0.0	-9.65856e-06	-0.0134196	5.96502e-05	-0.0134231	0.0	0.0	0.0	0.0	8.00266e-05	-0.013418	
74.6913653391	-7.22457e-05	-0.0133784	0.0	0.0	0.0	0.0	-9.62207e-06	-0.0133914	5.94044e-05	-0.0133949	0.0	0.0	0.0	0.0	7.9696e-05	-0.0133897	
74.8484449718	-7.19541e-05	-0.0133504	0.0	0.0	0.0	0.0	-9.58576e-06	-0.0133632	5.91601e-05	-0.0133667	0.0	0.0	0.0	0.0	7.93674e-05	-0.0133616	
75.0055246045	-7.16642e-05	-0.0133225	0.0	0.0	0.0	0.0	-9.54966e-06	-0.0133352	5.89174e-05	-0.0133387	0.0	0.0	0.0	0.0	7.90409e-05	-0.0133336	
75.1626042371	-7.13761e-05	-0.0132947	0.0	0.0	0.0	0.0	-9.51374e-06	-0.0133074	5.86761e-05	-0.0133108	0.0	0.0	0.0	0.0	7.87164e-05	-0.0133058	
75.3196838698	-7.10896e-05	-0.013267	0.0	0.0	0.0	0.0	-9.47802e-06	-0.0132796	5.84363e-05	-0.013283	0.0	0.0	0.0	0.0	7.83938e-05	-0.013278	
75.4767635025	-7.08049e-05	-0.0132394	0.0	0.0	0.0	0.0	-9.44249e-06	-0.0132519	5.81979e-05	-0.0132554	0.0	0.0	0.0	0.0	7.80733e-05	-0.0132504	
75.6338431352	-7.05218e-05	-0.013212	0.0	0.0	0.0	0.0	-9.40715e-06	-0.0132244	5.7961e-05	-0.0132278	0.0	0.0	0.0	0.0	7.77546e-05	-0.0132229	
75.7909227679	-7.02404e-05	-0.0131846	0.0	0.0	0.0	0.0	-9.37199e-06	-0.013197	5.77256e-05	-0.0132004	0.0	0.0	0.0	0.0	7.74379e-05	-0.0131954	
75.9480024005	-6.99607e-05	-0.0131574	0.0	0.0	0.0	0.0	-9.33703e-06	-0.0131697	5.74915e-05	-0.013173	0.0	0.0	0.0	0.0	7.71232e-05	-0.0131681	
76.1050820332	-6.96826e-05	-0.0131303	0.0	0.0	0.0	0.0	-9.30225e-06	-0.0131425	5.72589e-05	-0.0131458	0.0	0.0	0.0	0.0	7.68103e-05	-0.013141	
76.2621616659	-6.94062e-05	-0.0131033	0.0	0.0	0.0	0.0	-9.26765e-06	-0.0131154	5.70276e-05	-0.0131187	0.0	0.0	0.0	0.0	7.64993e-05	-0.0131139	
76.4192412986	-6.91314e-05	-0.0130764	0.0	0.0	0.0	0.0	-9.23324e-06	-0.0130884	5.67978e-05	-0.0130917	0.0	0.0	0.0	0.0	7.61902e-05	-0.0130869	
76.5763209313	-6.88581e-05	-0.0130496	0.0	0.0	0.0	0.0	-9.19901e-06	-0.0130616	5.65693e-05	-0.0130648	0.0	0.0	0.0	0.0	7.5883e-05	-0.0130601	
76.7334005639	-6.85865e-05	-0.0130229	0.0	0.0	0.0	0.0	-9.16496e-06	-0.0130348	5.63422e-05	-0.0130381	0.0	0.0	0.0	0.0	7.55776e-05	-0.0130333	
76.8904801966	-6.83165e-05	-0.0129963	0.0	0.0	0.0	0.0	-9.13109e-06	-0.0130082	5.61164e-05	-0.0130114	0.0	0.0	0.0	0.0	7.5274e-05	-0.0130067	
77.0475598293	-6.8048e-05	-0.0129699	0.0	0.0	0.0	0.0	-9.09739e-06	-0.0129817	5.5892e-05	-0.0129849	0.0	0.0	0.0	0.0	7.49722e-05	-0.0129802	
77.204639462	-6.77811e-05	-0.0129435	0.0	0.0	0.0	0.0	-9.06388e-06	-0.0129552	5.5669e-05	-0.0129584	0.0	0.0	0.0	0.0	7.46723e-05	-0.0129538	
77.3617190946	-6.75157e-05	-0.0129173	0.0	0.0	0.0	0.0	-9.03054e-06	-0.0129289	5.54472e-05	-0.0129321	0.0	0.0	0.0	0.0	7.43741e-05	-0.0129275	
77.5187987273	-6.72519e-05	-0.0128911	0.0	0.0	0.0	0.0	-8.99738e-06	-0.0129027	5.52268e-05	-0.0129059	0.0	0.0	0.0	0.0	7.40777e-05	-0.0129013	
77.67587836	-6.69895e-05	-0.0128651	0.0	0.0	0.0	0.0	-8.96439e-06	-0.0128766	5.50077e-05	-0.0128797	0.0	0.0	0.0	0.0	7.37831e-05	-0.0128752	
77.8329579927	-6.67287e-05	-0.0128392	0.0	0.0	0.0	0.0	-8.93157e-06	-0.0128506	5.47898e-05	-0.0128537	0.0	0.0	0.0	0.0	7.34902e-05	-0.0128492	
77.9900376254	-6.64694e-05	-0.0128133	0.0	0.0	0.0	0.0	-8.89893e-06	-0.0128247	5.45733e-05	-0.0128278	0.0	0.0	0.0	0.0	7.3199e-05	-0.0128233	
78.147117258	-6.62116e-05	-0.0127876	0.0	0.0	0.0	0.0	-8.86645e-06	-0.0127989	5.4358e-05	-0.012802	0.0	0.0	0.0	0.0	7.29096e-05	-0.0127975	
78.3041968907	-6.59553e-05	-0.012762	0.0	0.0	0.0	0.0	-8.83415e-06	-0.0127732	5.4144e-05	-0.0127763	0.0	0.0	0.0	0.0	7.26218e-05	-0.0127718	
78.4612765234	-6.57004e-05	-0.0127365	0.0	0.0	0.0	0.0	-8.80201e-06	-0.0127477	5.39312e-05	-0.0127507	0.0	0.0	0.0	0.0	7.23358e-05	-0.0127463	
