0.0785398163397	-0.0124712	-1.57374	0.0	0.0	0.0	0.0	0.0138323	-0.902844	-0.000640198	-1.57128	0.0	0.0	0.0	0.0	0.0138109	-0.902165	
0.235619449019	-0.0146827	-1.12978	0.0	0.0	0.0	0.0	0.00972326	-0.759029	-0.00614478	-1.13315	0.0	0.0	0.0	0.0	0.00947575	-0.760335	
0.392699081699	0.00260908	-0.867193	0.0	0.0	0.0	0.0	0.00629004	-0.652159	-0.00242617	-0.873078	0.0	0.0	0.0	0.0	0.00584616	-0.65308	
0.549778714378	-0.00038707	-0.709756	0.0	0.0	0.0	0.0	0.00142943	-0.571695	-0.000750293	-0.708109	0.0	0.0	0.0	0.0	0.00109622	-0.572054	
0.706858347058	-0.00598785	-0.607662	0.0	0.0	0.0	0.0	0.000566157	-0.511606	-0.00792443	-0.606522	0.0	0.0	0.0	0.0	0.000849939	-0.512857	
0.863937979737	-0.00297721	-0.540443	0.0	0.0	0.0	0.0	-2.33131e-05	-0.463742	-0.00815092	-0.538146	0.0	0.0	0.0	0.0	-0.00111745	-0.465169	
1.02101761242	0.00269228	-0.472194	0.0	0.0	0.0	0.0	0.000257317	-0.424412	0.0020976	-0.474198	0.0	0.0	0.0	0.0	-0.00128803	-0.426168	
1.1780972451	0.00388236	-0.436653	0.0	0.0	0.0	0.0	0.00121553	-0.393184	-0.00504029	-0.438676	0.0	0.0	0.0	0.0	0.000509929	-0.396729	
1.33517687778	0.000284138	-0.407271	0.0	0.0	0.0	0.0	0.00156198	-0.367828	0.000459795	-0.402125	0.0	0.0	0.0	0.0	0.000197308	-0.370756	
1.49225651046	-0.0040944	-0.372607	0.0	0.0	0.0	0.0	0.0033682	-0.347863	-0.00544917	-0.370764	0.0	0.0	0.0	0.0	0.00130422	-0.347175	
1.64933614313	0.00506327	-0.350588	0.0	0.0	0.0	0.0	0.00226185	-0.331235	0.007649	-0.353524	0.0	0.0	0.0	0.0	0.00220803	-0.329025	
1.80641577581	-0.00105972	-0.330484	0.0	0.0	0.0	0.0	0.000399999	-0.315673	0.00180187	-0.332102	0.0	0.0	0.0	0.0	0.00114403	-0.315459	
1.96349540849	-0.00623253	-0.311928	0.0	0.0	0.0	0.0	0.00122743	-0.303762	0.00172035	-0.308759	0.0	0.0	0.0	0.0	0.00423635	-0.303464	
2.12057504117	-0.00395608	-0.301837	0.0	0.0	0.0	0.0	0.00197668	-0.288947	0.00205089	-0.302486	0.0	0.0	0.0	0.0	0.00260099	-0.290778	
2.27765467385	0.00196186	-0.292535	0.0	0.0	0.0	0.0	0.00293304	-0.277399	0.00338603	-0.291615	0.0	0.0	0.0	0.0	0.00253497	-0.278008	
2.43473430653	0.00290437	-0.280401	0.0	0.0	0.0	0.0	0.0030672	-0.267665	0.00161405	-0.278724	0.0	0.0	0.0	0.0	0.00272046	-0.266935	
2.59181393921	0.000605822	-0.26777	0.0	0.0	0.0	0.0	0.00247152	-0.258677	-0.00107103	-0.26796	0.0	0.0	0.0	0.0	0.00251042	-0.257715	
2.74889357189	-0.00162165	-0.256868	0.0	0.0	0.0	0.0	0.0017056	-0.25033	-0.00265956	-0.259483	0.0	0.0	0.0	0.0	0.00216274	-0.249685	
2.90597320457	-0.00257437	-0.24811	0.0	0.0	0.0	0.0	0.00115077	-0.242592	-0.00305315	-0.252022	0.0	0.0	0.0	0.0	0.00191884	-0.242239	
3.06305283725	-0.0024953	-0.240884	0.0	0.0	0.0	0.0	0.000919991	-0.235312	-0.00291948	-0.244635	0.0	0.0	0.0	0.0	0.00182601	-0.235065	
3.22013246993	-0.00196783	-0.234427	0.0	0.0	0.0	0.0	0.000968821	-0.228327	-0.00279592	-0.237009	0.0	0.0	0.0	0.0	0.00183912	-0.228067	
3.37721210261	-0.0014126	-0.22821	0.0	0.0	0.0	0.0	0.0012002	-0.22154	-0.00288019	-0.229223	0.0	0.0	0.0	0.0	0.00190445	-0.22126	
3.53429173529	-0.001014	-0.221985	0.0	0.0	0.0	0.0	0.00152049	-0.214929	-0.00313742	-0.221491	0.0	0.0	0.0	0.0	0.00198721	-0.214688	
3.69137136797	-0.000797765	-0.215701	0.0	0.0	0.0	0.0	0.00185939	-0.208517	-0.00344661	-0.214019	0.0	0.0	0.0	0.0	0.00207052	-0.208391	
3.84845100065	-0.000718027	-0.209412	0.0	0.0	0.0	0.0	0.0021719	-0.202343	-0.00369288	-0.206947	0.0	0.0	0.0	0.0	0.0021477	-0.202392	
4.00553063333	-0.000713307	-0.203207	0.0	0.0	0.0	0.0	0.00243341	-0.196446	-0.00380392	-0.200345	0.0	0.0	0.0	0.0	0.00221623	-0.1967	
4.16261026601	-0.000732643	-0.197169	0.0	0.0	0.0	0.0	0.00263375	-0.190849	-0.00375274	-0.19423	0.0	0.0	0.0	0.0	0.00227466	-0.191308	
4.31968989869	-0.000743086	-0.191365	0.0	0.0	0.0	0.0	0.0027719	-0.185561	-0.00354637	-0.188585	0.0	0.0	0.0	0.0	0.00232162	-0.186205	
4.47676953137	-0.000728212	-0.185834	0.0	0.0	0.0	0.0	0.00285216	-0.18058	-0.00321188	-0.183371	0.0	0.0	0.0	0.0	0.00235572	-0.181372	
4.63384916404	-0.000683603	-0.180598	0.0	0.0	0.0	0.0	0.00288153	-0.175894	-0.00278484	-0.178542	0.0	0.0	0.0	0.0	0.00237583	-0.176792	
4.79092879672	-0.000612175	-0.17566	0.0	0.0	0.0	0.0	0.00286802	-0.171485	-0.00230144	-0.174053	0.0	0.0	0.0	0.0	0.00238128	-0.172444	
4.9480084294	-0.000520498	-0.171012	0.0	0.0	0.0	0.0	0.00281963	-0.167331	-0.0017939	-0.169857	0.0	0.0	0.0	0.0	0.00237197	-0.168312	
5.10508806208	-0.000416284	-0.16664	0.0	0.0	0.0	0.0	0.0027438	-0.163412	-0.00128847	-0.165917	0.0	0.0	0.0	0.0	0.00234836	-0.164377	
5.26216769476	-0.000306885	-0.162525	0.0	0.0	0.0	0.0	0.00264715	-0.159704	-0.000804901	-0.1622	0.0	0.0	0.0	0.0	0.0023114	-0.160625	
5.41924732744	-0.000198527	-0.158646	0.0	0.0	0.0	0.0	0.00253536	-0.156189	-0.000356928	-0.158675	0.0	0.0	0.0	0.0	0.00226235	-0.157042	
5.57632696012	-9.60262e-05	-0.154983	0.0	0.0	0.0	0.0	0.00241319	-0.152847	4.68502e-05	-0.155321	0.0	0.0	0.0	0.0	0.00220274	-0.153614	
5.7334065928	-2.79255e-06	-0.151517	0.0	0.0	0.0	0.0	0.00228457	-0.149662	0.000401956	-0.152117	0.0	0.0	0.0	0.0	0.0021342	-0.150332	
5.89048622548	7.90135e-05	-0.148229	0.0	0.0	0.0	0.0	0.00215267	-0.146619	0.000707048	-0.149047	0.0	0.0	0.0	0.0	0.00205836	-0.147184	
6.04756585816	0.000148265	-0.145102	0.0	0.0	0.0	0.0	0.00202	-0.143705	0.000963054	-0.146099	0.0	0.0	0.0	0.0	0.00197682	-0.144163	
6.20464549084	0.000204639	-0.142122	0.0	0.0	0.0	0.0	0.0018885	-0.14091	0.00117245	-0.143262	0.0	0.0	0.0	0.0	0.00189107	-0.141259	
6.36172512352	0.000248409	-0.139276	0.0	0.0	0.0	0.0	0.00175967	-0.138223	0.00133869	-0.140527	0.0	0.0	0.0	0.0	0.00180246	-0.138466	
6.5188047562	0.000280259	-0.136552	0.0	0.0	0.0	0.0	0.00163462	-0.135637	0.00146579	-0.137886	0.0	0.0	0.0	0.0	0.00171219	-0.135777	
6.67588438888	0.00030114	-0.133939	0.0	0.0	0.0	0.0	0.00151413	-0.133143	0.00155796	-0.135333	0.0	0.0	0.0	0.0	0.0016213	-0.133186	
6.83296402156	0.000312156	-0.13143	0.0	0.0	0.0	0.0	0.00139876	-0.130736	0.00161946	-0.132863	0.0	0.0	0.0	0.0	0.00153069	-0.130687	
6.99004365424	0.000314473	-0.129015	0.0	0.0	0.0	0.0	0.00128885	-0.128409	0.00165434	-0.130472	0.0	0.0	0.0	0.0	0.00144111	-0.128276	
7.14712328692	0.000309264	-0.126689	0.0	0.0	0.0	0.0	0.00118458	-0.126159	0.00166646	-0.128154	0.0	0.0	0.0	0.0	0.00135318	-0.125948	
7.3042029196	0.000297658	-0.124446	0.0	0.0	0.0	0.0	0.00108602	-0.123981	0.00165933	-0.125908	0.0	0.0	0.0	0.0	0.00126737	-0.123698	
7.46128255228	0.000280718	-0.122279	0.0	0.0	0.0	0.0	0.000993139	-0.12187	0.00163614	-0.123729	0.0	0.0	0.0	0.0	0.00118409	-0.121523	
7.61836218496	0.000259421	-0.120184	0.0	0.0	0.0	0.0	0.000905836	-0.119824	0.00159975	-0.121615	0.0	0.0	0.0	0.0	0.00110362	-0.119419	
7.77544181763	0.000234649	-0.118158	0.0	0.0	0.0	0.0	0.000823959	-0.11784	0.00155268	-0.119563	0.0	0.0	0.0	0.0	0.00102618	-0.117383	
7.93252145031	0.000207189	-0.116196	0.0	0.0	0.0	0.0	0.000747316	-0.115914	0.00149712	-0.117571	0.0	0.0	0.0	0.0	0.000951911	-0.115412	
8.08960108299	0.000177733	-0.114294	0.0	0.0	0.0	0.0	0.00067569	-0.114043	0.001435	-0.115636	0.0	0.0	0.0	0.0	0.000880898	-0.113502	
8.24668071567	0.000146884	-0.11245	0.0	0.0	0.0	0.0	0.000608851	-0.112227	0.00136797	-0.113756	0.0	0.0	0.0	0.0	0.000813181	-0.11165	
8.40376034835	0.000115159	-0.110662	0.0	0.0	0.0	0.0	0.000546554	-0.110461	0.00129742	-0.111929	0.0	0.0	0.0	0.0	0.000748761	-0.109855	
8.56083998103	8.29998e-05	-0.108925	0.0	0.0	0.0	0.0	0.000488557	-0.108745	0.00122457	-0.110154	0.0	0.0	0.0	0.0	0.000687606	-0.108114	
8.71791961371	5.07771e-05	-0.107239	0.0	0.0	0.0	0.0	0.000434616	-0.107077	0.0011504	-0.108427	0.0	0.0	0.0	0.0	0.000629659	-0.106424	
8.87499924639	1.88006e-05	-0.1056	0.0	0.0	0.0	0.0	0.000384489	-0.105453	0.00107577	-0.106749	0.0	0.0	0.0	0.0	0.000574845	-0.104783	
9.03207887907	-1.26753e-05	-0.104007	0.0	0.0	0.0	0.0	0.000337944	-0.103874	0.00100136	-0.105116	0.0	0.0	0.0	0.0	0.000523071	-0.10319	
9.18915851175	-4.34443e-05	-0.102458	0.0	0.0	0.0	0.0	0.000294756	-0.102337	0.000927741	-0.103528	0.0	0.0	0.0	0.0	0.000474234	-0.101641	
9.34623814443	-7.33422e-05	-0.100951	0.0	0.0	0.0	0.0	0.000254709	-0.10084	0.000855375	-0.101982	0.0	0.0	0.0	0.0	0.000428225	-0.100136	
9.50331777711	-0.000102241	-0.0994847	0.0	0.0	0.0	0.0	0.000217597	-0.099383	0.000784626	-0.100478	0.0	0.0	0.0	0.0	0.000384927	-0.0986733	
9.66039740979	-0.000130043	-0.0980572	0.0	0.0	0.0	0.0	0.000183224	-0.0979636	0.000715784	-0.0990137	0.0	0.0	0.0	0.0	0.000344222	-0.0972502	
9.81747704247	-0.000156678	-0.0966672	0.0	0.0	0.0	0.0	0.000151407	-0.0965806	0.000649067	-0.0975878	0.0	0.0	0.0	0.0	0.00030599	-0.0958656	
9.97455667515	-0.000182098	-0.0953133	0.0	0.0	0.0	0.0	0.00012197	-0.0952329	0.000584639	-0.096199	0.0	0.0	0.0	0.0	0.000270111	-0.094518	
10.1316363078	-0.000206274	-0.0939941	0.0	0.0	0.0	0.0	9.47506e-05	-0.0939192	0.000522614	-0.0948461	0.0	0.0	0.0	0.0	0.000236466	-0.0932061	
10.2887159405	-0.000229192	-0.0927084	0.0	0.0	0.0	0.0	6.95944e-05	-0.0926384	0.000463068	-0.0935278	0.0	0.0	0.0	0.0	0.000204941	-0.0919284	
10.4457955732	-0.000250852	-0.0914551	0.0	0.0	0.0	0.0	4.63576e-05	-0.0913894	0.000406041	-0.0922431	0.0	0.0	0.0	0.0	0.000175422	-0.0906837	
10.6028752059	-0.000271263	-0.0902329	0.0	0.0	0.0	0.0	2.49055e-05	-0.0901711	0.000351548	-0.0909907	0.0	0.0	0.0	0.0	0.000147799	-0.0894707	
10.7599548385	-0.000290446	-0.0890408	0.0	0.0	0.0	0.0	5.11262e-06	-0.0889826	0.000299579	-0.0897696	0.0	0.0	0.0	0.0	0.000121968	-0.0882884	
10.9170344712	-0.000308424	-0.0878778	0.0	0.0	0.0	0.0	-1.31385e-05	-0.0878227	0.000250108	-0.0885787	0.0	0.0	0.0	0.0	9.78263e-05	-0.0871356	
11.0741141039	-0.000325231	-0.0867429	0.0	0.0	0.0	0.0	-2.99571e-05	-0.0866906	0.000203092	-0.087417	0.0	0.0	0.0	0.0	7.52777e-05	-0.0860113	
11.2311937366	-0.0003409	-0.0856351	0.0	0.0	0.0	0.0	-4.5445e-05	-0.0855854	0.000158478	-0.0862835	0.0	0.0	0.0	0.0	5.42293e-05	-0.0849145	
11.3882733693	-0.000355471	-0.0845536	0.0	0.0	0.0	0.0	-5.96968e-05	-0.0845062	0.000116202	-0.0851774	0.0	0.0	0.0	0.0	3.45929e-05	-0.0838442	
11.5453530019	-0.000368985	-0.0834975	0.0	0.0	0.0	0.0	-7.28009e-05	-0.0834522	7.61963e-05	-0.0840977	0.0	0.0	0.0	0.0	1.62847e-05	-0.0827994	
11.7024326346	-0.000381483	-0.0824659	0.0	0.0	0.0	0.0	-8.4839e-05	-0.0824225	3.83852e-05	-0.0830436	0.0	0.0	0.0	0.0	-7.74984e-07	-0.0817794	
11.8595122673	-0.000393009	-0.0814581	0.0	0.0	0.0	0.0	-9.58874e-05	-0.0814165	2.6906e-06	-0.0820141	0.0	0.0	0.0	0.0	-1.66614e-05	-0.0807833	
12.0165919	-0.000403606	-0.0804733	0.0	0.0	0.0	0.0	-0.000106017	-0.0804333	-3.09678e-05	-0.0810087	0.0	0.0	0.0	0.0	-3.14458e-05	-0.0798103	
12.1736715327	-0.000413317	-0.0795108	0.0	0.0	0.0	0.0	-0.000115293	-0.0794723	-6.26715e-05	-0.0800263	0.0	0.0	0.0	0.0	-4.51956e-05	-0.0788595	
12.3307511653	-0.000422186	-0.0785699	0.0	0.0	0.0	0.0	-0.000123777	-0.0785327	-9.25025e-05	-0.0790664	0.0	0.0	0.0	0.0	-5.79743e-05	-0.0779304	
12.487830798	-0.000430255	-0.0776498	0.0	0.0	0.0	0.0	-0.000131526	-0.0776139	-0.000120542	-0.0781282	0.0	0.0	0.0	0.0	-6.98417e-05	-0.0770221	
12.6449104307	-0.000437564	-0.07675	0.0	0.0	0.0	0.0	-0.000138591	-0.0767153	-0.000146871	-0.0772111	0.0	0.0	0.0	0.0	-8.08544e-05	-0.0761341	
12.8019900634	-0.000444155	-0.0758699	0.0	0.0	0.0	0.0	-0.000145023	-0.0758362	-0.000171569	-0.0763143	0.0	0.0	0.0	0.0	-9.10653e-05	-0.0752656	
12.9590696961	-0.000450065	-0.0750087	0.0	0.0	0.0	0.0	-0.000150867	-0.0749761	-0.000194712	-0.0754373	0.0	0.0	0.0	0.0	-0.000100525	-0.0744161	
13.1161493287	-0.000455334	-0.0741661	0.0	0.0	0.0	0.0	-0.000156164	-0.0741344	-0.000216376	-0.0745794	0.0	0.0	0.0	0.0	-0.000109279	-0.0735849	
13.2732289614	-0.000459997	-0.0733413	0.0	0.0	0.0	0.0	-0.000160955	-0.0733105	-0.000236634	-0.07374	0.0	0.0	0.0	0.0	-0.000117373	-0.0727715	
13.4303085941	-0.000464089	-0.0725338	0.0	0.0	0.0	0.0	-0.000165274	-0.072504	-0.000255557	-0.0729187	0.0	0.0	0.0	0.0	-0.000124848	-0.0719753	
13.5873882268	-0.000467643	-0.0717433	0.0	0.0	0.0	0.0	-0.000169157	-0.0717142	-0.000273212	-0.0721147	0.0	0.0	0.0	0.0	-0.000131742	-0.0711958	
13.7444678595	-0.000470692	-0.070969	0.0	0.0	0.0	0.0	-0.000172635	-0.0709407	-0.000289665	-0.0713277	0.0	0.0	0.0	0.0	-0.000138093	-0.0704326	
13.9015474921	-0.000473266	-0.0702107	0.0	0.0	0.0	0.0	-0.000175736	-0.0701831	-0.000304979	-0.0705571	0.0	0.0	0.0	0.0	-0.000143935	-0.069685	
14.0586271248	-0.000475394	-0.0694677	0.0	0.0	0.0	0.0	-0.000178488	-0.0694409	-0.000319214	-0.0698025	0.0	0.0	0.0	0.0	-0.0001493	-0.0689527	
14.2157067575	-0.000477103	-0.0687398	0.0	0.0	0.0	0.0	-0.000180916	-0.0687136	-0.000332428	-0.0690633	0.0	0.0	0.0	0.0	-0.000154218	-0.0682352	
14.3727863902	-0.000478421	-0.0680264	0.0	0.0	0.0	0.0	-0.000183044	-0.0680008	-0.000344675	-0.0683391	0.0	0.0	0.0	0.0	-0.000158718	-0.0675321	
14.5298660229	-0.000479373	-0.0673271	0.0	0.0	0.0	0.0	-0.000184893	-0.0673021	-0.000356009	-0.0676295	0.0	0.0	0.0	0.0	-0.000162826	-0.0668429	
14.6869456555	-0.000479981	-0.0666415	0.0	0.0	0.0	0.0	-0.000186484	-0.0666171	-0.000366478	-0.066934	0.0	0.0	0.0	0.0	-0.000166567	-0.0661673	
14.8440252882	-0.000480269	-0.0659693	0.0	0.0	0.0	0.0	-0.000187834	-0.0659455	-0.000376132	-0.0662524	0.0	0.0	0.0	0.0	-0.000169965	-0.0655048	
15.0011049209	-0.000480257	-0.0653101	0.0	0.0	0.0	0.0	-0.000188963	-0.0652868	-0.000385014	-0.065584	0.0	0.0	0.0	0.0	-0.000173041	-0.0648551	
15.1581845536	-0.000479966	-0.0646635	0.0	0.0	0.0	0.0	-0.000189886	-0.0646407	-0.000393169	-0.0649287	0.0	0.0	0.0	0.0	-0.000175817	-0.0642179	
15.3152641863	-0.000479415	-0.0640292	0.0	0.0	0.0	0.0	-0.000190618	-0.0640069	-0.000400637	-0.064286	0.0	0.0	0.0	0.0	-0.000178311	-0.0635928	
15.4723438189	-0.000478622	-0.0634068	0.0	0.0	0.0	0.0	-0.000191174	-0.063385	-0.000407457	-0.0636556	0.0	0.0	0.0	0.0	-0.000180541	-0.0629794	
15.6294234516	-0.000477604	-0.0627961	0.0	0.0	0.0	0.0	-0.000191566	-0.0627748	-0.000413665	-0.0630371	0.0	0.0	0.0	0.0	-0.000182525	-0.0623775	
15.7865030843	-0.000476377	-0.0621967	0.0	0.0	0.0	0.0	-0.000191806	-0.0621758	-0.000419298	-0.0624303	0.0	0.0	0.0	0.0	-0.000184279	-0.0617866	
15.943582717	-0.000474955	-0.0616083	0.0	0.0	0.0	0.0	-0.000191907	-0.0615878	-0.000424387	-0.0618347	0.0	0.0	0.0	0.0	-0.000185816	-0.0612067	
16.1006623496	-0.000473354	-0.0610306	0.0	0.0	0.0	0.0	-0.000191879	-0.0610105	-0.000428965	-0.0612502	0.0	0.0	0.0	0.0	-0.000187153	-0.0606372	
16.2577419823	-0.000471586	-0.0604633	0.0	0.0	0.0	0.0	-0.00019173	-0.0604437	-0.000433061	-0.0606763	0.0	0.0	0.0	0.0	-0.000188301	-0.0600781	
16.414821615	-0.000469665	-0.0599062	0.0	0.0	0.0	0.0	-0.000191472	-0.059887	-0.000436702	-0.0601129	0.0	0.0	0.0	0.0	-0.000189273	-0.0595289	
16.5719012477	-0.000467601	-0.0593591	0.0	0.0	0.0	0.0	-0.000191112	-0.0593402	-0.000439917	-0.0595596	0.0	0.0	0.0	0.0	-0.00019008	-0.0589894	
16.7289808804	-0.000465407	-0.0588216	0.0	0.0	0.0	0.0	-0.000190658	-0.0588031	-0.00044273	-0.0590162	0.0	0.0	0.0	0.0	-0.000190734	-0.0584595	
16.886060513	-0.000463092	-0.0582935	0.0	0.0	0.0	0.0	-0.000190118	-0.0582754	-0.000445164	-0.0584825	0.0	0.0	0.0	0.0	-0.000191244	-0.0579387	
17.0431401457	-0.000460667	-0.0577745	0.0	0.0	0.0	0.0	-0.000189498	-0.0577568	-0.000447242	-0.0579581	0.0	0.0	0.0	0.0	-0.000191621	-0.057427	
17.2002197784	-0.000458141	-0.0572645	0.0	0.0	0.0	0.0	-0.000188805	-0.0572471	-0.000448987	-0.0574429	0.0	0.0	0.0	0.0	-0.000191872	-0.0569241	
17.3572994111	-0.000455523	-0.0567633	0.0	0.0	0.0	0.0	-0.000188045	-0.0567462	-0.000450417	-0.0569366	0.0	0.0	0.0	0.0	-0.000192007	-0.0564297	
17.5143790438	-0.00045282	-0.0562705	0.0	0.0	0.0	0.0	-0.000187223	-0.0562538	-0.000451552	-0.056439	0.0	0.0	0.0	0.0	-0.000192033	-0.0559437	
17.6714586764	-0.000450041	-0.0557861	0.0	0.0	0.0	0.0	-0.000186346	-0.0557696	-0.00045241	-0.0559498	0.0	0.0	0.0	0.0	-0.000191959	-0.0554658	
17.8285383091	-0.000447192	-0.0553097	0.0	0.0	0.0	0.0	-0.000185417	-0.0552936	-0.000453007	-0.0554689	0.0	0.0	0.0	0.0	-0.000191789	-0.0549959	
17.9856179418	-0.000444281	-0.0548412	0.0	0.0	0.0	0.0	-0.00018444	-0.0548254	-0.000453361	-0.0549961	0.0	0.0	0.0	0.0	-0.000191533	-0.0545337	
18.1426975745	-0.000441313	-0.0543804	0.0	0.0	0.0	0.0	-0.000183422	-0.0543649	-0.000453486	-0.0545311	0.0	0.0	0.0	0.0	-0.000191194	-0.054079	
18.2997772072	-0.000438295	-0.0539272	0.0	0.0	0.0	0.0	-0.000182364	-0.053912	-0.000453396	-0.0540738	0.0	0.0	0.0	0.0	-0.00019078	-0.0536318	
18.4568568398	-0.000435233	-0.0534813	0.0	0.0	0.0	0.0	-0.000181271	-0.0534664	-0.000453106	-0.053624	0.0	0.0	0.0	0.0	-0.000190295	-0.0531917	
18.6139364725	-0.00043213	-0.0530426	0.0	0.0	0.0	0.0	-0.000180147	-0.0530279	-0.000452627	-0.0531815	0.0	0.0	0.0	0.0	-0.000189745	-0.0527587	
18.7710161052	-0.000428994	-0.0526109	0.0	0.0	0.0	0.0	-0.000178994	-0.0525965	-0.000451972	-0.0527462	0.0	0.0	0.0	0.0	-0.000189134	-0.0523326	
18.9280957379	-0.000425827	-0.052186	0.0	0.0	0.0	0.0	-0.000177815	-0.0521719	-0.000451153	-0.0523178	0.0	0.0	0.0	0.0	-0.000188467	-0.0519132	
19.0851753706	-0.000422634	-0.0517678	0.0	0.0	0.0	0.0	-0.000176614	-0.051754	-0.00045018	-0.0518962	0.0	0.0	0.0	0.0	-0.000187748	-0.0515003	
19.2422550032	-0.000419419	-0.0513562	0.0	0.0	0.0	0.0	-0.000175392	-0.0513426	-0.000449063	-0.0514812	0.0	0.0	0.0	0.0	-0.000186981	-0.0510939	
19.3993346359	-0.000416186	-0.0509509	0.0	0.0	0.0	0.0	-0.000174152	-0.0509375	-0.000447812	-0.0510728	0.0	0.0	0.0	0.0	-0.00018617	-0.0506937	
19.5564142686	-0.000412939	-0.0505519	0.0	0.0	0.0	0.0	-0.000172897	-0.0505387	-0.000446436	-0.0506707	0.0	0.0	0.0	0.0	-0.000185318	-0.0502996	
19.7134939013	-0.00040968	-0.0501589	0.0	0.0	0.0	0.0	-0.000171628	-0.050146	-0.000444944	-0.0502748	0.0	0.0	0.0	0.0	-0.000184428	-0.0499115	
19.870573534	-0.000406413	-0.049772	0.0	0.0	0.0	0.0	-0.000170348	-0.0497593	-0.000443343	-0.0498849	0.0	0.0	0.0	0.0	-0.000183504	-0.0495293	
20.0276531666	-0.00040314	-0.0493908	0.0	0.0	0.0	0.0	-0.000169057	-0.0493784	-0.000441642	-0.049501	0.0	0.0	0.0	0.0	-0.000182548	-0.0491528	
20.1847327993	-0.000399865	-0.0490154	0.0	0.0	0.0	0.0	-0.000167758	-0.0490032	-0.000439847	-0.0491229	0.0	0.0	0.0	0.0	-0.000181563	-0.0487819	
20.341812432	-0.000396589	-0.0486455	0.0	0.0	0.0	0.0	-0.000166453	-0.0486335	-0.000437966	-0.0487504	0.0	0.0	0.0	0.0	-0.000180552	-0.0484164	
20.4988920647	-0.000393315	-0.0482811	0.0	0.0	0.0	0.0	-0.000165142	-0.0482693	-0.000436004	-0.0483835	0.0	0.0	0.0	0.0	-0.000179516	-0.0480563	
20.6559716974	-0.000390045	-0.0479221	0.0	0.0	0.0	0.0	-0.000163827	-0.0479105	-0.000433969	-0.048022	0.0	0.0	0.0	0.0	-0.000178459	-0.0477015	
20.81305133	-0.00038678	-0.0475682	0.0	0.0	0.0	0.0	-0.00016251	-0.0475568	-0.000431864	-0.0476658	0.0	0.0	0.0	0.0	-0.000177382	-0.0473518	
20.9701309627	-0.000383524	-0.0472195	0.0	0.0	0.0	0.0	-0.000161191	-0.0472083	-0.000429697	-0.0473147	0.0	0.0	0.0	0.0	-0.000176287	-0.0470071	
21.1272105954	-0.000380277	-0.0468758	0.0	0.0	0.0	0.0	-0.000159872	-0.0468648	-0.000427472	-0.0469688	0.0	0.0	0.0	0.0	-0.000175176	-0.0466673	
21.2842902281	-0.000377041	-0.046537	0.0	0.0	0.0	0.0	-0.000158553	-0.0465262	-0.000425193	-0.0466278	0.0	0.0	0.0	0.0	-0.000174051	-0.0463323	
21.4413698608	-0.000373818	-0.0462029	0.0	0.0	0.0	0.0	-0.000157235	-0.0461923	-0.000422866	-0.0462917	0.0	0.0	0.0	0.0	-0.000172913	-0.046002	
21.5984494934	-0.000370609	-0.0458736	0.0	0.0	0.0	0.0	-0.00015592	-0.0458632	-0.000420494	-0.0459604	0.0	0.0	0.0	0.0	-0.000171765	-0.0456764	
21.7555291261	-0.000367414	-0.0455489	0.0	0.0	0.0	0.0	-0.000154608	-0.0455386	-0.000418082	-0.0456337	0.0	0.0	0.0	0.0	-0.000170606	-0.0453553	
21.9126087588	-0.000364236	-0.0452287	0.0	0.0	0.0	0.0	-0.0001533	-0.0452186	-0.000415634	-0.0453116	0.0	0.0	0.0	0.0	-0.000169439	-0.0450385	
22.0696883915	-0.000361075	-0.0449129	0.0	0.0	0.0	0.0	-0.000151996	-0.044903	-0.000413152	-0.0449939	0.0	0.0	0.0	0.0	-0.000168265	-0.0447262	
22.2267680241	-0.000357933	-0.0446014	0.0	0.0	0.0	0.0	-0.000150697	-0.0445917	-0.000410641	-0.0446807	0.0	0.0	0.0	0.0	-0.000167085	-0.0444181	
22.3838476568	-0.000354809	-0.0442942	0.0	0.0	0.0	0.0	-0.000149404	-0.0442846	-0.000408103	-0.0443717	0.0	0.0	0.0	0.0	-0.0001659	-0.0441141	
22.5409272895	-0.000351706	-0.0439911	0.0	0.0	0.0	0.0	-0.000148117	-0.0439817	-0.000405541	-0.0440669	0.0	0.0	0.0	0.0	-0.000164712	-0.0438142	
22.6980069222	-0.000348623	-0.0436921	0.0	0.0	0.0	0.0	-0.000146837	-0.0436828	-0.000402959	-0.0437663	0.0	0.0	0.0	0.0	-0.00016352	-0.0435184	
22.8550865549	-0.000345561	-0.0433971	0.0	0.0	0.0	0.0	-0.000145563	-0.043388	-0.000400359	-0.0434696	0.0	0.0	0.0	0.0	-0.000162327	-0.0432264	
23.0121661875	-0.000342522	-0.043106	0.0	0.0	0.0	0.0	-0.000144297	-0.043097	-0.000397743	-0.043177	0.0	0.0	0.0	0.0	-0.000161132	-0.0429383	
23.1692458202	-0.000339505	-0.0428187	0.0	0.0	0.0	0.0	-0.000143039	-0.0428099	-0.000395114	-0.0428882	0.0	0.0	0.0	0.0	-0.000159937	-0.042654	
23.3263254529	-0.000336511	-0.0425352	0.0	0.0	0.0	0.0	-0.00014179	-0.0425265	-0.000392474	-0.0426032	0.0	0.0	0.0	0.0	-0.000158743	-0.0423733	
23.4834050856	-0.00033354	-0.0422554	0.0	0.0	0.0	0.0	-0.000140548	-0.0422469	-0.000389825	-0.042322	0.0	0.0	0.0	0.0	-0.000157549	-0.0420963	
23.6404847183	-0.000330594	-0.0419792	0.0	0.0	0.0	0.0	-0.000139315	-0.0419708	-0.000387169	-0.0420444	0.0	0.0	0.0	0.0	-0.000156357	-0.0418229	
23.7975643509	-0.000327671	-0.0417066	0.0	0.0	0.0	0.0	-0.000138092	-0.0416983	-0.000384508	-0.0417704	0.0	0.0	0.0	0.0	-0.000155168	-0.0415529	
23.9546439836	-0.000324773	-0.0414374	0.0	0.0	0.0	0.0	-0.000136877	-0.0414293	-0.000381843	-0.0415	0.0	0.0	0.0	0.0	-0.000153981	-0.0412864	
24.1117236163	-0.0003219	-0.0411717	0.0	0.0	0.0	0.0	-0.000135672	-0.0411637	-0.000379176	-0.041233	0.0	0.0	0.0	0.0	-0.000152797	-0.0410232	
24.268803249	-0.000319052	-0.0409093	0.0	0.0	0.0	0.0	-0.000134477	-0.0409014	-0.000376509	-0.0409693	0.0	0.0	0.0	0.0	-0.000151618	-0.0407633	
24.4258828817	-0.000316229	-0.0406502	0.0	0.0	0.0	0.0	-0.000133291	-0.0406424	-0.000373843	-0.040709	0.0	0.0	0.0	0.0	-0.000150442	-0.0405067	
24.5829625143	-0.000313431	-0.0403943	0.0	0.0	0.0	0.0	-0.000132115	-0.0403867	-0.00037118	-0.040452	0.0	0.0	0.0	0.0	-0.000149272	-0.0402532	
24.740042147	-0.000310659	-0.0401416	0.0	0.0	0.0	0.0	-0.000130949	-0.0401341	-0.00036852	-0.0401981	0.0	0.0	0.0	0.0	-0.000148106	-0.0400029	
24.8971217797	-0.000307913	-0.0398921	0.0	0.0	0.0	0.0	-0.000129794	-0.0398847	-0.000365865	-0.0399475	0.0	0.0	0.0	0.0	-0.000146946	-0.0397556	
25.0542014124	-0.000305192	-0.0396455	0.0	0.0	0.0	0.0	-0.000128648	-0.0396383	-0.000363216	-0.0396998	0.0	0.0	0.0	0.0	-0.000145792	-0.0395113	
25.2112810451	-0.000302497	-0.039402	0.0	0.0	0.0	0.0	-0.000127513	-0.0393949	-0.000360574	-0.0394553	0.0	0.0	0.0	0.0	-0.000144643	-0.03927	
25.3683606777	-0.000299827	-0.0391614	0.0	0.0	0.0	0.0	-0.000126388	-0.0391544	-0.00035794	-0.0392137	0.0	0.0	0.0	0.0	-0.000143501	-0.0390316	
25.5254403104	-0.000297184	-0.0389238	0.0	0.0	0.0	0.0	-0.000125273	-0.0389168	-0.000355314	-0.038975	0.0	0.0	0.0	0.0	-0.000142366	-0.0387961	
25.6825199431	-0.000294566	-0.0386889	0.0	0.0	0.0	0.0	-0.000124169	-0.0386821	-0.000352698	-0.0387392	0.0	0.0	0.0	0.0	-0.000141237	-0.0385633	
25.8395995758	-0.000291974	-0.0384569	0.0	0.0	0.0	0.0	-0.000123075	-0.0384501	-0.000350093	-0.0385062	0.0	0.0	0.0	0.0	-0.000140115	-0.0383333	
25.9966792085	-0.000289408	-0.0382276	0.0	0.0	0.0	0.0	-0.000121992	-0.038221	-0.000347499	-0.0382759	0.0	0.0	0.0	0.0	-0.000139001	-0.038106	
26.1537588411	-0.000286867	-0.038001	0.0	0.0	0.0	0.0	-0.000120919	-0.0379944	-0.000344916	-0.0380484	0.0	0.0	0.0	0.0	-0.000137894	-0.0378813	
26.3108384738	-0.000284352	-0.037777	0.0	0.0	0.0	0.0	-0.000119857	-0.0377706	-0.000342346	-0.0378236	0.0	0.0	0.0	0.0	-0.000136794	-0.0376593	
26.4679181065	-0.000281862	-0.0375557	0.0	0.0	0.0	0.0	-0.000118805	-0.0375493	-0.000339789	-0.0376014	0.0	0.0	0.0	0.0	-0.000135703	-0.0374398	
26.6249977392	-0.000279398	-0.0373369	0.0	0.0	0.0	0.0	-0.000117764	-0.0373306	-0.000337245	-0.0373817	0.0	0.0	0.0	0.0	-0.000134619	-0.0372228	
26.7820773719	-0.000276959	-0.0371206	0.0	0.0	0.0	0.0	-0.000116733	-0.0371145	-0.000334716	-0.0371646	0.0	0.0	0.0	0.0	-0.000133543	-0.0370084	
26.9391570045	-0.000274545	-0.0369068	0.0	0.0	0.0	0.0	-0.000115712	-0.0369007	-0.0003322	-0.03695	0.0	0.0	0.0	0.0	-0.000132475	-0.0367963	
27.0962366372	-0.000272155	-0.0366954	0.0	0.0	0.0	0.0	-0.000114702	-0.0366895	-0.0003297	-0.0367379	0.0	0.0	0.0	0.0	-0.000131415	-0.0365867	
27.2533162699	-0.000269791	-0.0364865	0.0	0.0	0.0	0.0	-0.000113702	-0.0364806	-0.000327215	-0.0365281	0.0	0.0	0.0	0.0	-0.000130363	-0.0363794	
27.4103959026	-0.000267452	-0.0362798	0.0	0.0	0.0	0.0	-0.000112713	-0.036274	-0.000324746	-0.0363208	0.0	0.0	0.0	0.0	-0.00012932	-0.0361744	
27.5674755353	-0.000265137	-0.0360755	0.0	0.0	0.0	0.0	-0.000111733	-0.0360698	-0.000322292	-0.0361157	0.0	0.0	0.0	0.0	-0.000128285	-0.0359717	
27.7245551679	-0.000262846	-0.0358735	0.0	0.0	0.0	0.0	-0.000110764	-0.0358678	-0.000319855	-0.035913	0.0	0.0	0.0	0.0	-0.000127259	-0.0357712	
27.8816348006	-0.00026058	-0.0356736	0.0	0.0	0.0	0.0	-0.000109805	-0.0356681	-0.000317434	-0.0357125	0.0	0.0	0.0	0.0	-0.000126241	-0.035573	
28.0387144333	-0.000258337	-0.035476	0.0	0.0	0.0	0.0	-0.000108856	-0.0354706	-0.00031503	-0.0355142	0.0	0.0	0.0	0.0	-0.000125232	-0.0353769	
28.195794066	-0.000256119	-0.0352806	0.0	0.0	0.0	0.0	-0.000107917	-0.0352752	-0.000312643	-0.035318	0.0	0.0	0.0	0.0	-0.000124231	-0.0351829	
28.3528736986	-0.000253924	-0.0350872	0.0	0.0	0.0	0.0	-0.000106987	-0.0350819	-0.000310273	-0.0351241	0.0	0.0	0.0	0.0	-0.000123238	-0.0349911	
28.5099533313	-0.000251752	-0.034896	0.0	0.0	0.0	0.0	-0.000106068	-0.0348908	-0.000307921	-0.0349322	0.0	0.0	0.0	0.0	-0.000122255	-0.0348013	
28.667032964	-0.000249604	-0.0347068	0.0	0.0	0.0	0.0	-0.000105158	-0.0347017	-0.000305586	-0.0347424	0.0	0.0	0.0	0.0	-0.00012128	-0.0346135	
28.8241125967	-0.000247478	-0.0345197	0.0	0.0	0.0	0.0	-0.000104258	-0.0345146	-0.000303268	-0.0345547	0.0	0.0	0.0	0.0	-0.000120313	-0.0344278	
28.9811922294	-0.000245376	-0.0343345	0.0	0.0	0.0	0.0	-0.000103368	-0.0343295	-0.000300968	-0.0343689	0.0	0.0	0.0	0.0	-0.000119355	-0.034244	
29.138271862	-0.000243296	-0.0341514	0.0	0.0	0.0	0.0	-0.000102487	-0.0341464	-0.000298686	-0.0341852	0.0	0.0	0.0	0.0	-0.000118406	-0.0340621	
29.2953514947	-0.000241238	-0.0339701	0.0	0.0	0.0	0.0	-0.000101616	-0.0339652	-0.000296422	-0.0340034	0.0	0.0	0.0	0.0	-0.000117465	-0.0338822	
29.4524311274	-0.000239203	-0.0337908	0.0	0.0	0.0	0.0	-0.000100754	-0.0337859	-0.000294176	-0.0338235	0.0	0.0	0.0	0.0	-0.000116532	-0.0337041	
29.6095107601	-0.000237189	-0.0336133	0.0	0.0	0.0	0.0	-9.99009e-05	-0.0336085	-0.000291948	-0.0336454	0.0	0.0	0.0	0.0	-0.000115609	-0.0335279	
29.7665903928	-0.000235198	-0.0334376	0.0	0.0	0.0	0.0	-9.90574e-05	-0.033433	-0.000289738	-0.0334693	0.0	0.0	0.0	0.0	-0.000114693	-0.0333535	
29.9236700254	-0.000233227	-0.0332638	0.0	0.0	0.0	0.0	-9.82229e-05	-0.0332592	-0.000287546	-0.0332949	0.0	0.0	0.0	0.0	-0.000113786	-0.0331809	
30.0807496581	-0.000231279	-0.0330918	0.0	0.0	0.0	0.0	-9.73974e-05	-0.0330872	-0.000285372	-0.0331224	0.0	0.0	0.0	0.0	-0.000112888	-0.03301	
30.2378292908	-0.000229351	-0.0329215	0.0	0.0	0.0	0.0	-9.65809e-05	-0.032917	-0.000283217	-0.0329516	0.0	0.0	0.0	0.0	-0.000111998	-0.0328409	
30.3949089235	-0.000227444	-0.032753	0.0	0.0	0.0	0.0	-9.57732e-05	-0.0327485	-0.000281079	-0.0327826	0.0	0.0	0.0	0.0	-0.000111116	-0.0326735	
30.5519885562	-0.000225558	-0.0325861	0.0	0.0	0.0	0.0	-9.49742e-05	-0.0325818	-0.000278959	-0.0326153	0.0	0.0	0.0	0.0	-0.000110243	-0.0325078	
30.7090681888	-0.000223692	-0.032421	0.0	0.0	0.0	0.0	-9.41839e-05	-0.0324167	-0.000276858	-0.0324497	0.0	0.0	0.0	0.0	-0.000109377	-0.0323438	
30.8661478215	-0.000221846	-0.0322575	0.0	0.0	0.0	0.0	-9.34022e-05	-0.0322532	-0.000274774	-0.0322857	0.0	0.0	0.0	0.0	-0.000108521	-0.0321814	
31.0232274542	-0.000220021	-0.0320956	0.0	0.0	0.0	0.0	-9.26289e-05	-0.0320914	-0.000272709	-0.0321234	0.0	0.0	0.0	0.0	-0.000107672	-0.0320206	
31.1803070869	-0.000218215	-0.0319354	0.0	0.0	0.0	0.0	-9.1864e-05	-0.0319312	-0.000270661	-0.0319628	0.0	0.0	0.0	0.0	-0.000106831	-0.0318614	
31.3373867196	-0.000216429	-0.0317767	0.0	0.0	0.0	0.0	-9.11074e-05	-0.0317726	-0.000268631	-0.0318037	0.0	0.0	0.0	0.0	-0.000105999	-0.0317037	
31.4944663522	-0.000214662	-0.0316196	0.0	0.0	0.0	0.0	-9.03591e-05	-0.0316156	-0.00026662	-0.0316461	0.0	0.0	0.0	0.0	-0.000105174	-0.0315476	
31.6515459849	-0.000212914	-0.031464	0.0	0.0	0.0	0.0	-8.96188e-05	-0.0314601	-0.000264625	-0.0314902	0.0	0.0	0.0	0.0	-0.000104357	-0.0313931	
31.8086256176	-0.000211185	-0.03131	0.0	0.0	0.0	0.0	-8.88866e-05	-0.0313061	-0.000262649	-0.0313357	0.0	0.0	0.0	0.0	-0.000103548	-0.03124	
31.9657052503	-0.000209475	-0.0311574	0.0	0.0	0.0	0.0	-8.81623e-05	-0.0311535	-0.00026069	-0.0311828	0.0	0.0	0.0	0.0	-0.000102748	-0.0310884	
32.122784883	-0.000207783	-0.0310063	0.0	0.0	0.0	0.0	-8.74458e-05	-0.0310025	-0.000258748	-0.0310313	0.0	0.0	0.0	0.0	-0.000101954	-0.0309382	
32.2798645156	-0.00020611	-0.0308567	0.0	0.0	0.0	0.0	-8.67372e-05	-0.0308529	-0.000256824	-0.0308813	0.0	0.0	0.0	0.0	-0.000101169	-0.0307895	
32.4369441483	-0.000204454	-0.0307085	0.0	0.0	0.0	0.0	-8.60361e-05	-0.0307048	-0.000254917	-0.0307327	0.0	0.0	0.0	0.0	-0.000100391	-0.0306422	
32.594023781	-0.000202817	-0.0305617	0.0	0.0	0.0	0.0	-8.53427e-05	-0.030558	-0.000253028	-0.0305855	0.0	0.0	0.0	0.0	-9.96209e-05	-0.0304963	
32.7511034137	-0.000201197	-0.0304163	0.0	0.0	0.0	0.0	-8.46568e-05	-0.0304127	-0.000251155	-0.0304398	0.0	0.0	0.0	0.0	-9.88582e-05	-0.0303518	
32.9081830464	-0.000199594	-0.0302722	0.0	0.0	0.0	0.0	-8.39782e-05	-0.0302687	-0.000249299	-0.0302954	0.0	0.0	0.0	0.0	-9.81029e-05	-0.0302086	
33.065262679	-0.000198009	-0.0301296	0.0	0.0	0.0	0.0	-8.3307e-05	-0.030126	-0.000247461	-0.0301524	0.0	0.0	0.0	0.0	-9.73551e-05	-0.0300667	
33.2223423117	-0.000196441	-0.0299882	0.0	0.0	0.0	0.0	-8.26431e-05	-0.0299847	-0.000245639	-0.0300107	0.0	0.0	0.0	0.0	-9.66145e-05	-0.0299262	
33.3794219444	-0.000194889	-0.0298482	0.0	0.0	0.0	0.0	-8.19862e-05	-0.0298447	-0.000243834	-0.0298703	0.0	0.0	0.0	0.0	-9.58813e-05	-0.029787	
33.5365015771	-0.000193354	-0.0297094	0.0	0.0	0.0	0.0	-8.13365e-05	-0.029706	-0.000242045	-0.0297313	0.0	0.0	0.0	0.0	-9.51552e-05	-0.0296491	
33.6935812098	-0.000191836	-0.029572	0.0	0.0	0.0	0.0	-8.06937e-05	-0.0295686	-0.000240273	-0.0295935	0.0	0.0	0.0	0.0	-9.44362e-05	-0.0295124	
33.8506608424	-0.000190334	-0.0294358	0.0	0.0	0.0	0.0	-8.00578e-05	-0.0294324	-0.000238517	-0.029457	0.0	0.0	0.0	0.0	-9.37243e-05	-0.029377	
34.0077404751	-0.000188847	-0.0293008	0.0	0.0	0.0	0.0	-7.94288e-05	-0.0292975	-0.000236777	-0.0293217	0.0	0.0	0.0	0.0	-9.30194e-05	-0.0292428	
34.1648201078	-0.000187377	-0.0291671	0.0	0.0	0.0	0.0	-7.88064e-05	-0.0291638	-0.000235053	-0.0291877	0.0	0.0	0.0	0.0	-9.23215e-05	-0.0291098	
34.3218997405	-0.000185922	-0.0290346	0.0	0.0	0.0	0.0	-7.81908e-05	-0.0290314	-0.000233345	-0.0290549	0.0	0.0	0.0	0.0	-9.16304e-05	-0.028978	
34.4789793731	-0.000184483	-0.0289032	0.0	0.0	0.0	0.0	-7.75817e-05	-0.0289001	-0.000231653	-0.0289233	0.0	0.0	0.0	0.0	-9.0946e-05	-0.0288474	
34.6360590058	-0.000183059	-0.0287731	0.0	0.0	0.0	0.0	-7.69791e-05	-0.02877	-0.000229977	-0.0287928	0.0	0.0	0.0	0.0	-9.02684e-05	-0.0287179	
34.7931386385	-0.00018165	-0.0286441	0.0	0.0	0.0	0.0	-7.63829e-05	-0.028641	-0.000228316	-0.0286636	0.0	0.0	0.0	0.0	-8.95975e-05	-0.0285897	
34.9502182712	-0.000180256	-0.0285162	0.0	0.0	0.0	0.0	-7.5793e-05	-0.0285132	-0.00022667	-0.0285355	0.0	0.0	0.0	0.0	-8.89332e-05	-0.0284625	
35.1072979039	-0.000178877	-0.0283895	0.0	0.0	0.0	0.0	-7.52094e-05	-0.0283865	-0.00022504	-0.0284085	0.0	0.0	0.0	0.0	-8.82754e-05	-0.0283365	
35.2643775365	-0.000177512	-0.0282639	0.0	0.0	0.0	0.0	-7.4632e-05	-0.028261	-0.000223425	-0.0282826	0.0	0.0	0.0	0.0	-8.7624e-05	-0.0282115	
35.4214571692	-0.000176161	-0.0281395	0.0	0.0	0.0	0.0	-7.40607e-05	-0.0281365	-0.000221825	-0.0281579	0.0	0.0	0.0	0.0	-8.6979e-05	-0.0280877	
35.5785368019	-0.000174825	-0.0280161	0.0	0.0	0.0	0.0	-7.34955e-05	-0.0280132	-0.00022024	-0.0280342	0.0	0.0	0.0	0.0	-8.63404e-05	-0.0279649	
35.7356164346	-0.000173503	-0.0278937	0.0	0.0	0.0	0.0	-7.29361e-05	-0.0278909	-0.00021867	-0.0279116	0.0	0.0	0.0	0.0	-8.5708e-05	-0.0278432	
35.8926960673	-0.000172195	-0.0277725	0.0	0.0	0.0	0.0	-7.23827e-05	-0.0277696	-0.000217114	-0.0277901	0.0	0.0	0.0	0.0	-8.50819e-05	-0.0277226	
36.0497756999	-0.0001709	-0.0276522	0.0	0.0	0.0	0.0	-7.18351e-05	-0.0276494	-0.000215573	-0.0276697	0.0	0.0	0.0	0.0	-8.44618e-05	-0.027603	
36.2068553326	-0.000169618	-0.027533	0.0	0.0	0.0	0.0	-7.12932e-05	-0.0275303	-0.000214046	-0.0275502	0.0	0.0	0.0	0.0	-8.38479e-05	-0.0274844	
36.3639349653	-0.000168351	-0.0274149	0.0	0.0	0.0	0.0	-7.07571e-05	-0.0274121	-0.000212533	-0.0274318	0.0	0.0	0.0	0.0	-8.32399e-05	-0.0273668	
36.521014598	-0.000167096	-0.0272977	0.0	0.0	0.0	0.0	-7.02265e-05	-0.027295	-0.000211034	-0.0273145	0.0	0.0	0.0	0.0	-8.26379e-05	-0.0272502	
36.6780942307	-0.000165854	-0.0271815	0.0	0.0	0.0	0.0	-6.97014e-05	-0.0271789	-0.000209549	-0.0271981	0.0	0.0	0.0	0.0	-8.20418e-05	-0.0271346	
36.8351738633	-0.000164625	-0.0270663	0.0	0.0	0.0	0.0	-6.91818e-05	-0.0270637	-0.000208079	-0.0270827	0.0	0.0	0.0	0.0	-8.14514e-05	-0.02702	
36.992253496	-0.000163409	-0.0269521	0.0	0.0	0.0	0.0	-6.86676e-05	-0.0269495	-0.000206621	-0.0269682	0.0	0.0	0.0	0.0	-8.08668e-05	-0.0269064	
37.1493331287	-0.000162205	-0.0268388	0.0	0.0	0.0	0.0	-6.81587e-05	-0.0268363	-0.000205178	-0.0268547	0.0	0.0	0.0	0.0	-8.0288e-05	-0.0267936	
37.3064127614	-0.000161014	-0.0267265	0.0	0.0	0.0	0.0	-6.76551e-05	-0.026724	-0.000203747	-0.0267422	0.0	0.0	0.0	0.0	-7.97147e-05	-0.0266819	
37.4634923941	-0.000159835	-0.0266151	0.0	0.0	0.0	0.0	-6.71567e-05	-0.0266126	-0.00020233	-0.0266306	0.0	0.0	0.0	0.0	-7.9147e-05	-0.026571	
37.6205720267	-0.000158668	-0.0265047	0.0	0.0	0.0	0.0	-6.66635e-05	-0.0265022	-0.000200927	-0.02652	0.0	0.0	0.0	0.0	-7.85848e-05	-0.0264611	
37.7776516594	-0.000157513	-0.0263951	0.0	0.0	0.0	0.0	-6.61753e-05	-0.0263927	-0.000199536	-0.0264102	0.0	0.0	0.0	0.0	-7.80281e-05	-0.026352	
37.9347312921	-0.000156369	-0.0262865	0.0	0.0	0.0	0.0	-6.56921e-05	-0.026284	-0.000198158	-0.0263014	0.0	0.0	0.0	0.0	-7.74768e-05	-0.0262439	
38.0918109248	-0.000155238	-0.0261787	0.0	0.0	0.0	0.0	-6.52139e-05	-0.0261763	-0.000196793	-0.0261934	0.0	0.0	0.0	0.0	-7.69307e-05	-0.0261366	
38.2488905575	-0.000154117	-0.0260718	0.0	0.0	0.0	0.0	-6.47405e-05	-0.0260694	-0.00019544	-0.0260863	0.0	0.0	0.0	0.0	-7.639e-05	-0.0260302	
38.4059701901	-0.000153008	-0.0259658	0.0	0.0	0.0	0.0	-6.4272e-05	-0.0259634	-0.0001941	-0.0259801	0.0	0.0	0.0	0.0	-7.58544e-05	-0.0259247	
38.5630498228	-0.000151911	-0.0258606	0.0	0.0	0.0	0.0	-6.38083e-05	-0.0258583	-0.000192773	-0.0258748	0.0	0.0	0.0	0.0	-7.53241e-05	-0.02582	
38.7201294555	-0.000150824	-0.0257563	0.0	0.0	0.0	0.0	-6.33492e-05	-0.025754	-0.000191457	-0.0257703	0.0	0.0	0.0	0.0	-7.47988e-05	-0.0257161	
38.8772090882	-0.000149749	-0.0256528	0.0	0.0	0.0	0.0	-6.28948e-05	-0.0256505	-0.000190154	-0.0256666	0.0	0.0	0.0	0.0	-7.42785e-05	-0.0256131	
39.0342887209	-0.000148684	-0.0255501	0.0	0.0	0.0	0.0	-6.2445e-05	-0.0255479	-0.000188863	-0.0255638	0.0	0.0	0.0	0.0	-7.37633e-05	-0.0255109	
39.1913683535	-0.00014763	-0.0254483	0.0	0.0	0.0	0.0	-6.19998e-05	-0.0254461	-0.000187584	-0.0254618	0.0	0.0	0.0	0.0	-7.3253e-05	-0.0254095	
39.3484479862	-0.000146586	-0.0253472	0.0	0.0	0.0	0.0	-6.1559e-05	-0.0253451	-0.000186316	-0.0253606	0.0	0.0	0.0	0.0	-7.27475e-05	-0.0253089	
39.5055276189	-0.000145553	-0.025247	0.0	0.0	0.0	0.0	-6.11226e-05	-0.0252448	-0.000185061	-0.0252602	0.0	0.0	0.0	0.0	-7.22469e-05	-0.0252091	
39.6626072516	-0.00014453	-0.0251475	0.0	0.0	0.0	0.0	-6.06906e-05	-0.0251454	-0.000183816	-0.0251605	0.0	0.0	0.0	0.0	-7.1751e-05	-0.02511	
39.8196868843	-0.000143517	-0.0250489	0.0	0.0	0.0	0.0	-6.0263e-05	-0.0250467	-0.000182583	-0.0250617	0.0	0.0	0.0	0.0	-7.12599e-05	-0.0250118	
39.9767665169	-0.000142515	-0.024951	0.0	0.0	0.0	0.0	-5.98396e-05	-0.0249489	-0.000181362	-0.0249636	0.0	0.0	0.0	0.0	-7.07734e-05	-0.0249143	
40.1338461496	-0.000141522	-0.0248538	0.0	0.0	0.0	0.0	-5.94204e-05	-0.0248517	-0.000180151	-0.0248663	0.0	0.0	0.0	0.0	-7.02915e-05	-0.0248176	
40.2909257823	-0.000140539	-0.0247574	0.0	0.0	0.0	0.0	-5.90054e-05	-0.0247554	-0.000178952	-0.0247698	0.0	0.0	0.0	0.0	-6.98142e-05	-0.0247216	
40.448005415	-0.000139565	-0.0246618	0.0	0.0	0.0	0.0	-5.85945e-05	-0.0246597	-0.000177763	-0.024674	0.0	0.0	0.0	0.0	-6.93414e-05	-0.0246263	
40.6050850476	-0.000138602	-0.0245668	0.0	0.0	0.0	0.0	-5.81876e-05	-0.0245648	-0.000176586	-0.0245789	0.0	0.0	0.0	0.0	-6.88731e-05	-0.0245318	
40.7621646803	-0.000137647	-0.0244726	0.0	0.0	0.0	0.0	-5.77848e-05	-0.0244707	-0.000175419	-0.0244846	0.0	0.0	0.0	0.0	-6.84091e-05	-0.024438	
40.919244313	-0.000136702	-0.0243792	0.0	0.0	0.0	0.0	-5.73859e-05	-0.0243772	-0.000174263	-0.024391	0.0	0.0	0.0	0.0	-6.79495e-05	-0.0243449	
41.0763239457	-0.000135767	-0.0242864	0.0	0.0	0.0	0.0	-5.69909e-05	-0.0242845	-0.000173117	-0.0242981	0.0	0.0	0.0	0.0	-6.74943e-05	-0.0242525	
41.2334035784	-0.00013484	-0.0241943	0.0	0.0	0.0	0.0	-5.65999e-05	-0.0241924	-0.000171982	-0.0242059	0.0	0.0	0.0	0.0	-6.70433e-05	-0.0241608	
41.390483211	-0.000133922	-0.024103	0.0	0.0	0.0	0.0	-5.62126e-05	-0.0241011	-0.000170856	-0.0241144	0.0	0.0	0.0	0.0	-6.65965e-05	-0.0240698	
41.5475628437	-0.000133013	-0.0240123	0.0	0.0	0.0	0.0	-5.58291e-05	-0.0240104	-0.000169742	-0.0240235	0.0	0.0	0.0	0.0	-6.61538e-05	-0.0239795	
41.7046424764	-0.000132113	-0.0239223	0.0	0.0	0.0	0.0	-5.54493e-05	-0.0239204	-0.000168637	-0.0239334	0.0	0.0	0.0	0.0	-6.57153e-05	-0.0238898	
41.8617221091	-0.000131222	-0.0238329	0.0	0.0	0.0	0.0	-5.50732e-05	-0.0238311	-0.000167542	-0.0238439	0.0	0.0	0.0	0.0	-6.52809e-05	-0.0238008	
42.0188017418	-0.000130339	-0.0237443	0.0	0.0	0.0	0.0	-5.47008e-05	-0.0237424	-0.000166457	-0.0237551	0.0	0.0	0.0	0.0	-6.48505e-05	-0.0237125	
42.1758813744	-0.000129465	-0.0236562	0.0	0.0	0.0	0.0	-5.43319e-05	-0.0236544	-0.000165381	-0.023667	0.0	0.0	0.0	0.0	-6.44241e-05	-0.0236248	
42.3329610071	-0.000128599	-0.0235689	0.0	0.0	0.0	0.0	-5.39666e-05	-0.0235671	-0.000164316	-0.0235795	0.0	0.0	0.0	0.0	-6.40016e-05	-0.0235378	
42.4900406398	-0.000127741	-0.0234821	0.0	0.0	0.0	0.0	-5.36048e-05	-0.0234804	-0.000163259	-0.0234927	0.0	0.0	0.0	0.0	-6.3583e-05	-0.0234514	
42.6471202725	-0.000126892	-0.023396	0.0	0.0	0.0	0.0	-5.32465e-05	-0.0233943	-0.000162213	-0.0234064	0.0	0.0	0.0	0.0	-6.31683e-05	-0.0233656	
42.8041999052	-0.00012605	-0.0233106	0.0	0.0	0.0	0.0	-5.28916e-05	-0.0233088	-0.000161175	-0.0233209	0.0	0.0	0.0	0.0	-6.27573e-05	-0.0232805	
42.9612795378	-0.000125217	-0.0232257	0.0	0.0	0.0	0.0	-5.25401e-05	-0.023224	-0.000160147	-0.0232359	0.0	0.0	0.0	0.0	-6.23502e-05	-0.0231959	
43.1183591705	-0.000124391	-0.0231415	0.0	0.0	0.0	0.0	-5.21919e-05	-0.0231398	-0.000159128	-0.0231515	0.0	0.0	0.0	0.0	-6.19468e-05	-0.023112	
43.2754388032	-0.000123574	-0.0230579	0.0	0.0	0.0	0.0	-5.1847e-05	-0.0230562	-0.000158118	-0.0230678	0.0	0.0	0.0	0.0	-6.1547e-05	-0.0230287	
43.4325184359	-0.000122764	-0.0229748	0.0	0.0	0.0	0.0	-5.15054e-05	-0.0229732	-0.000157117	-0.0229847	0.0	0.0	0.0	0.0	-6.11509e-05	-0.022946	
43.5895980686	-0.000121961	-0.0228924	0.0	0.0	0.0	0.0	-5.11671e-05	-0.0228908	-0.000156125	-0.0229021	0.0	0.0	0.0	0.0	-6.07584e-05	-0.0228638	
43.7466777012	-0.000121166	-0.0228106	0.0	0.0	0.0	0.0	-5.08319e-05	-0.0228089	-0.000155142	-0.0228202	0.0	0.0	0.0	0.0	-6.03694e-05	-0.0227823	
43.9037573339	-0.000120379	-0.0227293	0.0	0.0	0.0	0.0	-5.04998e-05	-0.0227277	-0.000154167	-0.0227388	0.0	0.0	0.0	0.0	-5.9984e-05	-0.0227013	
44.0608369666	-0.000119598	-0.0226486	0.0	0.0	0.0	0.0	-5.01709e-05	-0.022647	-0.000153201	-0.022658	0.0	0.0	0.0	0.0	-5.96021e-05	-0.0226209	
44.2179165993	-0.000118825	-0.0225685	0.0	0.0	0.0	0.0	-4.98451e-05	-0.0225669	-0.000152243	-0.0225778	0.0	0.0	0.0	0.0	-5.92236e-05	-0.0225411	
44.374996232	-0.00011806	-0.022489	0.0	0.0	0.0	0.0	-4.95223e-05	-0.0224874	-0.000151294	-0.0224982	0.0	0.0	0.0	0.0	-5.88485e-05	-0.0224618	
44.5320758646	-0.000117301	-0.02241	0.0	0.0	0.0	0.0	-4.92025e-05	-0.0224084	-0.000150353	-0.0224191	0.0	0.0	0.0	0.0	-5.84768e-05	-0.0223831	
44.6891554973	-0.000116549	-0.0223315	0.0	0.0	0.0	0.0	-4.88856e-05	-0.02233	-0.00014942	-0.0223405	0.0	0.0	0.0	0.0	-5.81084e-05	-0.0223049	
44.84623513	-0.000115804	-0.0222536	0.0	0.0	0.0	0.0	-4.85717e-05	-0.0222521	-0.000148496	-0.0222625	0.0	0.0	0.0	0.0	-5.77433e-05	-0.0222273	
45.0033147627	-0.000115067	-0.0221763	0.0	0.0	0.0	0.0	-4.82607e-05	-0.0221748	-0.000147579	-0.0221851	0.0	0.0	0.0	0.0	-5.73814e-05	-0.0221502	
45.1603943954	-0.000114335	-0.0220994	0.0	0.0	0.0	0.0	-4.79526e-05	-0.022098	-0.000146671	-0.0221082	0.0	0.0	0.0	0.0	-5.70228e-05	-0.0220736	
45.317474028	-0.000113611	-0.0220232	0.0	0.0	0.0	0.0	-4.76473e-05	-0.0220217	-0.00014577	-0.0220318	0.0	0.0	0.0	0.0	-5.66674e-05	-0.0219976	
45.4745536607	-0.000112893	-0.0219474	0.0	0.0	0.0	0.0	-4.73448e-05	-0.0219459	-0.000144877	-0.0219559	0.0	0.0	0.0	0.0	-5.63151e-05	-0.0219221	
45.6316332934	-0.000112182	-0.0218721	0.0	0.0	0.0	0.0	-4.70451e-05	-0.0218707	-0.000143992	-0.0218806	0.0	0.0	0.0	0.0	-5.5966e-05	-0.0218471	
45.7887129261	-0.000111477	-0.0217974	0.0	0.0	0.0	0.0	-4.67481e-05	-0.021796	-0.000143115	-0.0218058	0.0	0.0	0.0	0.0	-5.56199e-05	-0.0217726	
45.9457925588	-0.000110778	-0.0217232	0.0	0.0	0.0	0.0	-4.64538e-05	-0.0217218	-0.000142245	-0.0217314	0.0	0.0	0.0	0.0	-5.52768e-05	-0.0216986	
46.1028721914	-0.000110086	-0.0216494	0.0	0.0	0.0	0.0	-4.61622e-05	-0.021648	-0.000141382	-0.0216576	0.0	0.0	0.0	0.0	-5.49368e-05	-0.0216251	
46.2599518241	-0.0001094	-0.0215762	0.0	0.0	0.0	0.0	-4.58732e-05	-0.0215748	-0.000140527	-0.0215843	0.0	0.0	0.0	0.0	-5.45998e-05	-0.0215521	
46.4170314568	-0.00010872	-0.0215035	0.0	0.0	0.0	0.0	-4.55868e-05	-0.0215021	-0.000139679	-0.0215115	0.0	0.0	0.0	0.0	-5.42657e-05	-0.0214796	
46.5741110895	-0.000108047	-0.0214312	0.0	0.0	0.0	0.0	-4.5303e-05	-0.0214299	-0.000138839	-0.0214392	0.0	0.0	0.0	0.0	-5.39346e-05	-0.0214076	
46.7311907221	-0.000107379	-0.0213595	0.0	0.0	0.0	0.0	-4.50218e-05	-0.0213581	-0.000138005	-0.0213673	0.0	0.0	0.0	0.0	-5.36063e-05	-0.0213361	
46.8882703548	-0.000106717	-0.0212882	0.0	0.0	0.0	0.0	-4.47431e-05	-0.0212868	-0.000137179	-0.0212959	0.0	0.0	0.0	0.0	-5.32809e-05	-0.021265	
47.0453499875	-0.000106061	-0.0212174	0.0	0.0	0.0	0.0	-4.44669e-05	-0.021216	-0.00013636	-0.0212251	0.0	0.0	0.0	0.0	-5.29583e-05	-0.0211944	
47.2024296202	-0.000105411	-0.021147	0.0	0.0	0.0	0.0	-4.41931e-05	-0.0211457	-0.000135547	-0.0211546	0.0	0.0	0.0	0.0	-5.26385e-05	-0.0211243	
47.3595092529	-0.000104767	-0.0210771	0.0	0.0	0.0	0.0	-4.39218e-05	-0.0210758	-0.000134742	-0.0210847	0.0	0.0	0.0	0.0	-5.23214e-05	-0.0210547	
47.5165888855	-0.000104128	-0.0210077	0.0	0.0	0.0	0.0	-4.36529e-05	-0.0210064	-0.000133943	-0.0210152	0.0	0.0	0.0	0.0	-5.20071e-05	-0.0209854	
47.6736685182	-0.000103495	-0.0209387	0.0	0.0	0.0	0.0	-4.33864e-05	-0.0209375	-0.000133151	-0.0209461	0.0	0.0	0.0	0.0	-5.16955e-05	-0.0209167	
47.8307481509	-0.000102868	-0.0208702	0.0	0.0	0.0	0.0	-4.31223e-05	-0.020869	-0.000132366	-0.0208775	0.0	0.0	0.0	0.0	-5.13866e-05	-0.0208484	
47.9878277836	-0.000102246	-0.0208022	0.0	0.0	0.0	0.0	-4.28604e-05	-0.0208009	-0.000131587	-0.0208094	0.0	0.0	0.0	0.0	-5.10803e-05	-0.0207805	
48.1449074163	-0.00010163	-0.0207345	0.0	0.0	0.0	0.0	-4.26009e-05	-0.0207333	-0.000130815	-0.0207417	0.0	0.0	0.0	0.0	-5.07767e-05	-0.0207131	
48.3019870489	-0.000101019	-0.0206673	0.0	0.0	0.0	0.0	-4.23436e-05	-0.0206661	-0.000130049	-0.0206744	0.0	0.0	0.0	0.0	-5.04756e-05	-0.0206461	
48.4590666816	-0.000100413	-0.0206006	0.0	0.0	0.0	0.0	-4.20886e-05	-0.0205994	-0.00012929	-0.0206076	0.0	0.0	0.0	0.0	-5.01771e-05	-0.0205796	
48.6161463143	-9.98125e-05	-0.0205343	0.0	0.0	0.0	0.0	-4.18359e-05	-0.020533	-0.000128537	-0.0205412	0.0	0.0	0.0	0.0	-4.98811e-05	-0.0205134	
48.773225947	-9.92172e-05	-0.0204683	0.0	0.0	0.0	0.0	-4.15853e-05	-0.0204672	-0.00012779	-0.0204752	0.0	0.0	0.0	0.0	-4.95876e-05	-0.0204477	
48.9303055797	-9.8627e-05	-0.0204029	0.0	0.0	0.0	0.0	-4.13369e-05	-0.0204017	-0.000127049	-0.0204097	0.0	0.0	0.0	0.0	-4.92966e-05	-0.0203824	
49.0873852123	-9.8042e-05	-0.0203378	0.0	0.0	0.0	0.0	-4.10907e-05	-0.0203366	-0.000126315	-0.0203446	0.0	0.0	0.0	0.0	-4.90081e-05	-0.0203175	
49.244464845	-9.7462e-05	-0.0202731	0.0	0.0	0.0	0.0	-4.08466e-05	-0.020272	-0.000125587	-0.0202798	0.0	0.0	0.0	0.0	-4.8722e-05	-0.0202531	
49.4015444777	-9.68869e-05	-0.0202089	0.0	0.0	0.0	0.0	-4.06045e-05	-0.0202077	-0.000124864	-0.0202155	0.0	0.0	0.0	0.0	-4.84383e-05	-0.020189	
49.5586241104	-9.63168e-05	-0.0201451	0.0	0.0	0.0	0.0	-4.03646e-05	-0.0201439	-0.000124148	-0.0201516	0.0	0.0	0.0	0.0	-4.8157e-05	-0.0201254	
49.7157037431	-9.57516e-05	-0.0200816	0.0	0.0	0.0	0.0	-4.01268e-05	-0.0200805	-0.000123437	-0.0200881	0.0	0.0	0.0	0.0	-4.7878e-05	-0.0200621	
49.8727833757	-9.51911e-05	-0.0200186	0.0	0.0	0.0	0.0	-3.98909e-05	-0.0200175	-0.000122732	-0.020025	0.0	0.0	0.0	0.0	-4.76013e-05	-0.0199992	
50.0298630084	-9.46355e-05	-0.0199559	0.0	0.0	0.0	0.0	-3.96571e-05	-0.0199548	-0.000122033	-0.0199623	0.0	0.0	0.0	0.0	-4.7327e-05	-0.0199368	
50.1869426411	-9.40845e-05	-0.0198937	0.0	0.0	0.0	0.0	-3.94253e-05	-0.0198926	-0.00012134	-0.0199	0.0	0.0	0.0	0.0	-4.70549e-05	-0.0198747	
50.3440222738	-9.35382e-05	-0.0198318	0.0	0.0	0.0	0.0	-3.91954e-05	-0.0198307	-0.000120652	-0.0198381	0.0	0.0	0.0	0.0	-4.67851e-05	-0.019813	
50.5011019065	-9.29965e-05	-0.0197703	0.0	0.0	0.0	0.0	-3.89675e-05	-0.0197692	-0.00011997	-0.0197765	0.0	0.0	0.0	0.0	-4.65175e-05	-0.0197517	
50.6581815391	-9.24594e-05	-0.0197092	0.0	0.0	0.0	0.0	-3.87416e-05	-0.0197081	-0.000119294	-0.0197154	0.0	0.0	0.0	0.0	-4.62521e-05	-0.0196907	
50.8152611718	-9.19267e-05	-0.0196485	0.0	0.0	0.0	0.0	-3.85175e-05	-0.0196474	-0.000118623	-0.0196546	0.0	0.0	0.0	0.0	-4.59889e-05	-0.0196302	
50.9723408045	-9.13986e-05	-0.0195881	0.0	0.0	0.0	0.0	-3.82953e-05	-0.0195871	-0.000117957	-0.0195941	0.0	0.0	0.0	0.0	-4.57279e-05	-0.01957	
51.1294204372	-9.08748e-05	-0.0195281	0.0	0.0	0.0	0.0	-3.8075e-05	-0.0195271	-0.000117297	-0.0195341	0.0	0.0	0.0	0.0	-4.5469e-05	-0.0195101	
51.2865000699	-9.03554e-05	-0.0194685	0.0	0.0	0.0	0.0	-3.78565e-05	-0.0194675	-0.000116642	-0.0194744	0.0	0.0	0.0	0.0	-4.52122e-05	-0.0194507	
51.4435797025	-8.98403e-05	-0.0194092	0.0	0.0	0.0	0.0	-3.76399e-05	-0.0194082	-0.000115992	-0.0194151	0.0	0.0	0.0	0.0	-4.49576e-05	-0.0193916	
51.6006593352	-8.93295e-05	-0.0193503	0.0	0.0	0.0	0.0	-3.7425e-05	-0.0193493	-0.000115347	-0.0193561	0.0	0.0	0.0	0.0	-4.4705e-05	-0.0193328	
51.7577389679	-8.8823e-05	-0.0192918	0.0	0.0	0.0	0.0	-3.7212e-05	-0.0192908	-0.000114708	-0.0192975	0.0	0.0	0.0	0.0	-4.44544e-05	-0.0192744	
51.9148186006	-8.83206e-05	-0.0192336	0.0	0.0	0.0	0.0	-3.70007e-05	-0.0192326	-0.000114074	-0.0192393	0.0	0.0	0.0	0.0	-4.42059e-05	-0.0192164	
52.0718982333	-8.78223e-05	-0.0191758	0.0	0.0	0.0	0.0	-3.67912e-05	-0.0191748	-0.000113444	-0.0191814	0.0	0.0	0.0	0.0	-4.39593e-05	-0.0191587	
52.2289778659	-8.73282e-05	-0.0191183	0.0	0.0	0.0	0.0	-3.65834e-05	-0.0191173	-0.00011282	-0.0191239	0.0	0.0	0.0	0.0	-4.37148e-05	-0.0191014	
52.3860574986	-8.68381e-05	-0.0190611	0.0	0.0	0.0	0.0	-3.63773e-05	-0.0190601	-0.000112201	-0.0190666	0.0	0.0	0.0	0.0	-4.34723e-05	-0.0190444	
52.5431371313	-8.6352e-05	-0.0190043	0.0	0.0	0.0	0.0	-3.61729e-05	-0.0190033	-0.000111586	-0.0190098	0.0	0.0	0.0	0.0	-4.32316e-05	-0.0189877	
52.700216764	-8.58698e-05	-0.0189478	0.0	0.0	0.0	0.0	-3.59701e-05	-0.0189469	-0.000110977	-0.0189533	0.0	0.0	0.0	0.0	-4.2993e-05	-0.0189314	
52.8572963966	-8.53916e-05	-0.0188917	0.0	0.0	0.0	0.0	-3.57691e-05	-0.0188907	-0.000110372	-0.0188971	0.0	0.0	0.0	0.0	-4.27562e-05	-0.0188753	
53.0143760293	-8.49173e-05	-0.0188359	0.0	0.0	0.0	0.0	-3.55696e-05	-0.0188349	-0.000109772	-0.0188412	0.0	0.0	0.0	0.0	-4.25213e-05	-0.0188197	
53.171455662	-8.44468e-05	-0.0187804	0.0	0.0	0.0	0.0	-3.53718e-05	-0.0187794	-0.000109176	-0.0187857	0.0	0.0	0.0	0.0	-4.22883e-05	-0.0187643	
53.3285352947	-8.39801e-05	-0.0187252	0.0	0.0	0.0	0.0	-3.51756e-05	-0.0187243	-0.000108586	-0.0187305	0.0	0.0	0.0	0.0	-4.20571e-05	-0.0187093	
53.4856149274	-8.35172e-05	-0.0186704	0.0	0.0	0.0	0.0	-3.4981e-05	-0.0186695	-0.000108	-0.0186756	0.0	0.0	0.0	0.0	-4.18278e-05	-0.0186546	
53.64269456	-8.3058e-05	-0.0186159	0.0	0.0	0.0	0.0	-3.4788e-05	-0.018615	-0.000107418	-0.018621	0.0	0.0	0.0	0.0	-4.16002e-05	-0.0186002	
53.7997741927	-8.26025e-05	-0.0185617	0.0	0.0	0.0	0.0	-3.45965e-05	-0.0185608	-0.000106841	-0.0185668	0.0	0.0	0.0	0.0	-4.13745e-05	-0.0185462	
53.9568538254	-8.21506e-05	-0.0185078	0.0	0.0	0.0	0.0	-3.44066e-05	-0.0185069	-0.000106268	-0.0185128	0.0	0.0	0.0	0.0	-4.11506e-05	-0.0184924	
54.1139334581	-8.17024e-05	-0.0184542	0.0	0.0	0.0	0.0	-3.42181e-05	-0.0184533	-0.0001057	-0.0184592	0.0	0.0	0.0	0.0	-4.09284e-05	-0.018439	
54.2710130908	-8.12577e-05	-0.0184009	0.0	0.0	0.0	0.0	-3.40312e-05	-0.0184001	-0.000105137	-0.0184059	0.0	0.0	0.0	0.0	-4.07079e-05	-0.0183858	
54.4280927234	-8.08165e-05	-0.018348	0.0	0.0	0.0	0.0	-3.38458e-05	-0.0183471	-0.000104577	-0.0183529	0.0	0.0	0.0	0.0	-4.04892e-05	-0.018333	
54.5851723561	-8.03789e-05	-0.0182953	0.0	0.0	0.0	0.0	-3.36619e-05	-0.0182945	-0.000104022	-0.0183002	0.0	0.0	0.0	0.0	-4.02722e-05	-0.0182805	
54.7422519888	-7.99447e-05	-0.018243	0.0	0.0	0.0	0.0	-3.34794e-05	-0.0182421	-0.000103471	-0.0182478	0.0	0.0	0.0	0.0	-4.00568e-05	-0.0182282	
54.8993316215	-7.95139e-05	-0.0181909	0.0	0.0	0.0	0.0	-3.32984e-05	-0.0181901	-0.000102925	-0.0181957	0.0	0.0	0.0	0.0	-3.98432e-05	-0.0181763	
55.0564112542	-7.90865e-05	-0.0181392	0.0	0.0	0.0	0.0	-3.31188e-05	-0.0181383	-0.000102382	-0.0181439	0.0	0.0	0.0	0.0	-3.96312e-05	-0.0181247	
55.2134908868	-7.86625e-05	-0.0180877	0.0	0.0	0.0	0.0	-3.29406e-05	-0.0180869	-0.000101844	-0.0180924	0.0	0.0	0.0	0.0	-3.94208e-05	-0.0180733	
55.3705705195	-7.82418e-05	-0.0180365	0.0	0.0	0.0	0.0	-3.27638e-05	-0.0180357	-0.00010131	-0.0180412	0.0	0.0	0.0	0.0	-3.92121e-05	-0.0180223	
55.5276501522	-7.78244e-05	-0.0179856	0.0	0.0	0.0	0.0	-3.25884e-05	-0.0179848	-0.00010078	-0.0179903	0.0	0.0	0.0	0.0	-3.90049e-05	-0.0179715	
55.6847297849	-7.74103e-05	-0.017935	0.0	0.0	0.0	0.0	-3.24144e-05	-0.0179342	-0.000100253	-0.0179396	0.0	0.0	0.0	0.0	-3.87994e-05	-0.017921	
55.8418094176	-7.69994e-05	-0.0178847	0.0	0.0	0.0	0.0	-3.22418e-05	-0.0178839	-9.97313e-05	-0.0178893	0.0	0.0	0.0	0.0	-3.85954e-05	-0.0178708	
55.9988890502	-7.65916e-05	-0.0178347	0.0	0.0	0.0	0.0	-3.20704e-05	-0.0178339	-9.92131e-05	-0.0178392	0.0	0.0	0.0	0.0	-3.8393e-05	-0.0178209	
56.1559686829	-7.61871e-05	-0.0177849	0.0	0.0	0.0	0.0	-3.19005e-05	-0.0177841	-9.86988e-05	-0.0177894	0.0	0.0	0.0	0.0	-3.81922e-05	-0.0177712	
56.3130483156	-7.57856e-05	-0.0177354	0.0	0.0	0.0	0.0	-3.17318e-05	-0.0177346	-9.81883e-05	-0.0177399	0.0	0.0	0.0	0.0	-3.79928e-05	-0.0177219	
56.4701279483	-7.53873e-05	-0.0176862	0.0	0.0	0.0	0.0	-3.15645e-05	-0.0176854	-9.76817e-05	-0.0176906	0.0	0.0	0.0	0.0	-3.7795e-05	-0.0176728	
56.627207581	-7.4992e-05	-0.0176373	0.0	0.0	0.0	0.0	-3.13984e-05	-0.0176365	-9.71788e-05	-0.0176417	0.0	0.0	0.0	0.0	-3.75987e-05	-0.0176239	
56.7842872136	-7.45997e-05	-0.0175886	0.0	0.0	0.0	0.0	-3.12336e-05	-0.0175878	-9.66798e-05	-0.017593	0.0	0.0	0.0	0.0	-3.74039e-05	-0.0175754	
56.9413668463	-7.42105e-05	-0.0175402	0.0	0.0	0.0	0.0	-3.10701e-05	-0.0175395	-9.61844e-05	-0.0175445	0.0	0.0	0.0	0.0	-3.72105e-05	-0.0175271	
57.098446479	-7.38242e-05	-0.0174921	0.0	0.0	0.0	0.0	-3.09079e-05	-0.0174913	-9.56927e-05	-0.0174963	0.0	0.0	0.0	0.0	-3.70186e-05	-0.0174791	
57.2555261117	-7.34409e-05	-0.0174442	0.0	0.0	0.0	0.0	-3.07469e-05	-0.0174435	-9.52047e-05	-0.0174484	0.0	0.0	0.0	0.0	-3.68281e-05	-0.0174313	
57.4126057444	-7.30605e-05	-0.0173966	0.0	0.0	0.0	0.0	-3.05871e-05	-0.0173959	-9.47203e-05	-0.0174008	0.0	0.0	0.0	0.0	-3.66391e-05	-0.0173838	
57.569685377	-7.26829e-05	-0.0173493	0.0	0.0	0.0	0.0	-3.04285e-05	-0.0173485	-9.42394e-05	-0.0173534	0.0	0.0	0.0	0.0	-3.64515e-05	-0.0173365	
57.7267650097	-7.23083e-05	-0.0173022	0.0	0.0	0.0	0.0	-3.02712e-05	-0.0173014	-9.37621e-05	-0.0173063	0.0	0.0	0.0	0.0	-3.62653e-05	-0.0172896	
57.8838446424	-7.19364e-05	-0.0172553	0.0	0.0	0.0	0.0	-3.0115e-05	-0.0172546	-9.32883e-05	-0.0172594	0.0	0.0	0.0	0.0	-3.60804e-05	-0.0172428	
58.0409242751	-7.15674e-05	-0.0172087	0.0	0.0	0.0	0.0	-2.996e-05	-0.017208	-9.2818e-05	-0.0172128	0.0	0.0	0.0	0.0	-3.5897e-05	-0.0171963	
58.1980039078	-7.12011e-05	-0.0171624	0.0	0.0	0.0	0.0	-2.98062e-05	-0.0171617	-9.23511e-05	-0.0171664	0.0	0.0	0.0	0.0	-3.57149e-05	-0.0171501	
58.3550835404	-7.08376e-05	-0.0171163	0.0	0.0	0.0	0.0	-2.96535e-05	-0.0171156	-9.18877e-05	-0.0171203	0.0	0.0	0.0	0.0	-3.55341e-05	-0.0171041	
58.5121631731	-7.04768e-05	-0.0170705	0.0	0.0	0.0	0.0	-2.9502e-05	-0.0170698	-9.14276e-05	-0.0170744	0.0	0.0	0.0	0.0	-3.53547e-05	-0.0170584	
58.6692428058	-7.01187e-05	-0.0170249	0.0	0.0	0.0	0.0	-2.93517e-05	-0.0170242	-9.09709e-05	-0.0170288	0.0	0.0	0.0	0.0	-3.51766e-05	-0.0170129	
58.8263224385	-6.97633e-05	-0.0169795	0.0	0.0	0.0	0.0	-2.92024e-05	-0.0169788	-9.05175e-05	-0.0169834	0.0	0.0	0.0	0.0	-3.49999e-05	-0.0169676	
58.9834020711	-6.94105e-05	-0.0169344	0.0	0.0	0.0	0.0	-2.90543e-05	-0.0169337	-9.00674e-05	-0.0169383	0.0	0.0	0.0	0.0	-3.48244e-05	-0.0169226	
59.1404817038	-6.90604e-05	-0.0168895	0.0	0.0	0.0	0.0	-2.89073e-05	-0.0168889	-8.96205e-05	-0.0168934	0.0	0.0	0.0	0.0	-3.46502e-05	-0.0168778	
59.2975613365	-6.87128e-05	-0.0168449	0.0	0.0	0.0	0.0	-2.87613e-05	-0.0168442	-8.91769e-05	-0.0168487	0.0	0.0	0.0	0.0	-3.44773e-05	-0.0168332	
59.4546409692	-6.83678e-05	-0.0168005	0.0	0.0	0.0	0.0	-2.86165e-05	-0.0167998	-8.87364e-05	-0.0168043	0.0	0.0	0.0	0.0	-3.43056e-05	-0.0167889	
59.6117206019	-6.80253e-05	-0.0167563	0.0	0.0	0.0	0.0	-2.84727e-05	-0.0167557	-8.82992e-05	-0.0167601	0.0	0.0	0.0	0.0	-3.41352e-05	-0.0167449	
59.7688002345	-6.76854e-05	-0.0167124	0.0	0.0	0.0	0.0	-2.833e-05	-0.0167117	-8.7865e-05	-0.0167161	0.0	0.0	0.0	0.0	-3.3966e-05	-0.016701	
59.9258798672	-6.73479e-05	-0.0166687	0.0	0.0	0.0	0.0	-2.81883e-05	-0.016668	-8.7434e-05	-0.0166724	0.0	0.0	0.0	0.0	-3.3798e-05	-0.0166574	
60.0829594999	-6.7013e-05	-0.0166252	0.0	0.0	0.0	0.0	-2.80477e-05	-0.0166245	-8.70061e-05	-0.0166289	0.0	0.0	0.0	0.0	-3.36313e-05	-0.016614	
60.2400391326	-6.66804e-05	-0.0165819	0.0	0.0	0.0	0.0	-2.79081e-05	-0.0165813	-8.65812e-05	-0.0165856	0.0	0.0	0.0	0.0	-3.34658e-05	-0.0165708	
60.3971187653	-6.63503e-05	-0.0165389	0.0	0.0	0.0	0.0	-2.77695e-05	-0.0165383	-8.61593e-05	-0.0165425	0.0	0.0	0.0	0.0	-3.33014e-05	-0.0165279	
60.5541983979	-6.60226e-05	-0.0164961	0.0	0.0	0.0	0.0	-2.76319e-05	-0.0164955	-8.57404e-05	-0.0164997	0.0	0.0	0.0	0.0	-3.31383e-05	-0.0164852	
60.7112780306	-6.56973e-05	-0.0164535	0.0	0.0	0.0	0.0	-2.74954e-05	-0.0164529	-8.53245e-05	-0.0164571	0.0	0.0	0.0	0.0	-3.29763e-05	-0.0164427	
60.8683576633	-6.53743e-05	-0.0164112	0.0	0.0	0.0	0.0	-2.73598e-05	-0.0164105	-8.49115e-05	-0.0164147	0.0	0.0	0.0	0.0	-3.28154e-05	-0.0164004	
61.025437296	-6.50536e-05	-0.016369	0.0	0.0	0.0	0.0	-2.72252e-05	-0.0163684	-8.45015e-05	-0.0163725	0.0	0.0	0.0	0.0	-3.26558e-05	-0.0163583	
61.1825169287	-6.47353e-05	-0.0163271	0.0	0.0	0.0	0.0	-2.70916e-05	-0.0163265	-8.40943e-05	-0.0163305	0.0	0.0	0.0	0.0	-3.24972e-05	-0.0163164	
61.3395965613	-6.44193e-05	-0.0162854	0.0	0.0	0.0	0.0	-2.6959e-05	-0.0162847	-8.369e-05	-0.0162888	0.0	0.0	0.0	0.0	-3.23398e-05	-0.0162748	
61.496676194	-6.41055e-05	-0.0162438	0.0	0.0	0.0	0.0	-2.68273e-05	-0.0162432	-8.32885e-05	-0.0162472	0.0	0.0	0.0	0.0	-3.21835e-05	-0.0162334	
61.6537558267	-6.3794e-05	-0.0162025	0.0	0.0	0.0	0.0	-2.66965e-05	-0.0162019	-8.28899e-05	-0.0162059	0.0	0.0	0.0	0.0	-3.20283e-05	-0.0161922	
61.8108354594	-6.34847e-05	-0.0161615	0.0	0.0	0.0	0.0	-2.65667e-05	-0.0161609	-8.2494e-05	-0.0161648	0.0	0.0	0.0	0.0	-3.18742e-05	-0.0161511	
61.9679150921	-6.31776e-05	-0.0161206	0.0	0.0	0.0	0.0	-2.64378e-05	-0.01612	-8.21009e-05	-0.0161239	0.0	0.0	0.0	0.0	-3.17212e-05	-0.0161103	
62.1249947247	-6.28726e-05	-0.0160799	0.0	0.0	0.0	0.0	-2.63099e-05	-0.0160793	-8.17105e-05	-0.0160832	0.0	0.0	0.0	0.0	-3.15692e-05	-0.0160697	
62.2820743574	-6.25699e-05	-0.0160394	0.0	0.0	0.0	0.0	-2.61828e-05	-0.0160388	-8.13229e-05	-0.0160427	0.0	0.0	0.0	0.0	-3.14183e-05	-0.0160294	
62.4391539901	-6.22693e-05	-0.0159992	0.0	0.0	0.0	0.0	-2.60567e-05	-0.0159986	-8.09379e-05	-0.0160024	0.0	0.0	0.0	0.0	-3.12685e-05	-0.0159892	
62.5962336228	-6.19708e-05	-0.0159591	0.0	0.0	0.0	0.0	-2.59315e-05	-0.0159585	-8.05556e-05	-0.0159623	0.0	0.0	0.0	0.0	-3.11197e-05	-0.0159492	
62.7533132555	-6.16744e-05	-0.0159192	0.0	0.0	0.0	0.0	-2.58071e-05	-0.0159187	-8.01759e-05	-0.0159224	0.0	0.0	0.0	0.0	-3.0972e-05	-0.0159094	
62.9103928881	-6.13801e-05	-0.0158796	0.0	0.0	0.0	0.0	-2.56836e-05	-0.015879	-7.97988e-05	-0.0158827	0.0	0.0	0.0	0.0	-3.08253e-05	-0.0158698	
63.0674725208	-6.10879e-05	-0.0158401	0.0	0.0	0.0	0.0	-2.5561e-05	-0.0158395	-7.94243e-05	-0.0158432	0.0	0.0	0.0	0.0	-3.06796e-05	-0.0158304	
63.2245521535	-6.07977e-05	-0.0158008	0.0	0.0	0.0	0.0	-2.54392e-05	-0.0158003	-7.90524e-05	-0.015804	0.0	0.0	0.0	0.0	-3.05349e-05	-0.0157912	
63.3816317862	-6.05096e-05	-0.0157617	0.0	0.0	0.0	0.0	-2.53183e-05	-0.0157612	-7.86831e-05	-0.0157648	0.0	0.0	0.0	0.0	-3.03913e-05	-0.0157522	
63.5387114189	-6.02234e-05	-0.0157229	0.0	0.0	0.0	0.0	-2.51983e-05	-0.0157223	-7.83162e-05	-0.0157259	0.0	0.0	0.0	0.0	-3.02486e-05	-0.0157133	
63.6957910515	-5.99393e-05	-0.0156842	0.0	0.0	0.0	0.0	-2.50791e-05	-0.0156836	-7.79519e-05	-0.0156872	0.0	0.0	0.0	0.0	-3.01069e-05	-0.0156747	
63.8528706842	-5.96571e-05	-0.0156457	0.0	0.0	0.0	0.0	-2.49607e-05	-0.0156451	-7.759e-05	-0.0156487	0.0	0.0	0.0	0.0	-2.99661e-05	-0.0156363	
64.0099503169	-5.93769e-05	-0.0156073	0.0	0.0	0.0	0.0	-2.48431e-05	-0.0156068	-7.72306e-05	-0.0156103	0.0	0.0	0.0	0.0	-2.98264e-05	-0.015598	
64.1670299496	-5.90986e-05	-0.0155692	0.0	0.0	0.0	0.0	-2.47264e-05	-0.0155687	-7.68737e-05	-0.0155722	0.0	0.0	0.0	0.0	-2.96876e-05	-0.01556	
64.3241095823	-5.88223e-05	-0.0155313	0.0	0.0	0.0	0.0	-2.46105e-05	-0.0155307	-7.65191e-05	-0.0155342	0.0	0.0	0.0	0.0	-2.95497e-05	-0.0155221	
64.4811892149	-5.85478e-05	-0.0154935	0.0	0.0	0.0	0.0	-2.44953e-05	-0.015493	-7.6167e-05	-0.0154964	0.0	0.0	0.0	0.0	-2.94128e-05	-0.0154844	
64.6382688476	-5.82752e-05	-0.0154559	0.0	0.0	0.0	0.0	-2.4381e-05	-0.0154554	-7.58172e-05	-0.0154588	0.0	0.0	0.0	0.0	-2.92768e-05	-0.0154469	
64.7953484803	-5.80045e-05	-0.0154185	0.0	0.0	0.0	0.0	-2.42674e-05	-0.015418	-7.54697e-05	-0.0154214	0.0	0.0	0.0	0.0	-2.91417e-05	-0.0154095	
64.952428113	-5.77357e-05	-0.0153813	0.0	0.0	0.0	0.0	-2.41547e-05	-0.0153808	-7.51246e-05	-0.0153842	0.0	0.0	0.0	0.0	-2.90076e-05	-0.0153724	
65.1095077456	-5.74687e-05	-0.0153443	0.0	0.0	0.0	0.0	-2.40427e-05	-0.0153437	-7.47818e-05	-0.0153471	0.0	0.0	0.0	0.0	-2.88743e-05	-0.0153354	
65.2665873783	-5.72035e-05	-0.0153074	0.0	0.0	0.0	0.0	-2.39314e-05	-0.0153069	-7.44413e-05	-0.0153102	0.0	0.0	0.0	0.0	-2.8742e-05	-0.0152986	
65.423667011	-5.69401e-05	-0.0152707	0.0	0.0	0.0	0.0	-2.3821e-05	-0.0152702	-7.41031e-05	-0.0152735	0.0	0.0	0.0	0.0	-2.86105e-05	-0.015262	
65.5807466437	-5.66785e-05	-0.0152342	0.0	0.0	0.0	0.0	-2.37112e-05	-0.0152337	-7.37671e-05	-0.015237	0.0	0.0	0.0	0.0	-2.848e-05	-0.0152256	
65.7378262764	-5.64187e-05	-0.0151979	0.0	0.0	0.0	0.0	-2.36023e-05	-0.0151974	-7.34333e-05	-0.0152007	0.0	0.0	0.0	0.0	-2.83503e-05	-0.0151893	
65.894905909	-5.61606e-05	-0.0151617	0.0	0.0	0.0	0.0	-2.3494e-05	-0.0151612	-7.31018e-05	-0.0151645	0.0	0.0	0.0	0.0	-2.82214e-05	-0.0151532	
66.0519855417	-5.59042e-05	-0.0151257	0.0	0.0	0.0	0.0	-2.33865e-05	-0.0151252	-7.27725e-05	-0.0151285	0.0	0.0	0.0	0.0	-2.80935e-05	-0.0151173	
66.2090651744	-5.56496e-05	-0.0150899	0.0	0.0	0.0	0.0	-2.32797e-05	-0.0150894	-7.24453e-05	-0.0150926	0.0	0.0	0.0	0.0	-2.79664e-05	-0.0150815	
66.3661448071	-5.53967e-05	-0.0150543	0.0	0.0	0.0	0.0	-2.31737e-05	-0.0150538	-7.21203e-05	-0.015057	0.0	0.0	0.0	0.0	-2.78401e-05	-0.0150459	
66.5232244398	-5.51455e-05	-0.0150188	0.0	0.0	0.0	0.0	-2.30683e-05	-0.0150183	-7.17974e-05	-0.0150215	0.0	0.0	0.0	0.0	-2.77147e-05	-0.0150105	
66.6803040724	-5.4896e-05	-0.0149835	0.0	0.0	0.0	0.0	-2.29637e-05	-0.014983	-7.14766e-05	-0.0149861	0.0	0.0	0.0	0.0	-2.75901e-05	-0.0149752	
66.8373837051	-5.46481e-05	-0.0149483	0.0	0.0	0.0	0.0	-2.28597e-05	-0.0149478	-7.1158e-05	-0.014951	0.0	0.0	0.0	0.0	-2.74663e-05	-0.0149401	
66.9944633378	-5.44019e-05	-0.0149133	0.0	0.0	0.0	0.0	-2.27565e-05	-0.0149129	-7.08414e-05	-0.014916	0.0	0.0	0.0	0.0	-2.73433e-05	-0.0149052	
67.1515429705	-5.41574e-05	-0.0148785	0.0	0.0	0.0	0.0	-2.26539e-05	-0.014878	-7.05269e-05	-0.0148811	0.0	0.0	0.0	0.0	-2.72212e-05	-0.0148704	
67.3086226032	-5.39144e-05	-0.0148438	0.0	0.0	0.0	0.0	-2.25521e-05	-0.0148434	-7.02144e-05	-0.0148464	0.0	0.0	0.0	0.0	-2.70998e-05	-0.0148358	
67.4657022358	-5.36731e-05	-0.0148093	0.0	0.0	0.0	0.0	-2.24509e-05	-0.0148089	-6.9904e-05	-0.0148119	0.0	0.0	0.0	0.0	-2.69793e-05	-0.0148014	
67.6227818685	-5.34333e-05	-0.014775	0.0	0.0	0.0	0.0	-2.23503e-05	-0.0147745	-6.95956e-05	-0.0147776	0.0	0.0	0.0	0.0	-2.68595e-05	-0.0147671	
67.7798615012	-5.31951e-05	-0.0147408	0.0	0.0	0.0	0.0	-2.22505e-05	-0.0147404	-6.92891e-05	-0.0147434	0.0	0.0	0.0	0.0	-2.67405e-05	-0.014733	
67.9369411339	-5.29585e-05	-0.0147068	0.0	0.0	0.0	0.0	-2.21513e-05	-0.0147063	-6.89847e-05	-0.0147093	0.0	0.0	0.0	0.0	-2.66223e-05	-0.014699	
68.0940207666	-5.27235e-05	-0.0146729	0.0	0.0	0.0	0.0	-2.20527e-05	-0.0146725	-6.86822e-05	-0.0146754	0.0	0.0	0.0	0.0	-2.65049e-05	-0.0146652	
68.2511003992	-5.249e-05	-0.0146392	0.0	0.0	0.0	0.0	-2.19548e-05	-0.0146388	-6.83817e-05	-0.0146417	0.0	0.0	0.0	0.0	-2.63882e-05	-0.0146315	
68.4081800319	-5.2258e-05	-0.0146057	0.0	0.0	0.0	0.0	-2.18575e-05	-0.0146052	-6.80831e-05	-0.0146081	0.0	0.0	0.0	0.0	-2.62723e-05	-0.014598	
68.5652596646	-5.20275e-05	-0.0145723	0.0	0.0	0.0	0.0	-2.17609e-05	-0.0145718	-6.77864e-05	-0.0145747	0.0	0.0	0.0	0.0	-2.61571e-05	-0.0145647	
68.7223392973	-5.17986e-05	-0.014539	0.0	0.0	0.0	0.0	-2.16649e-05	-0.0145386	-6.74916e-05	-0.0145414	0.0	0.0	0.0	0.0	-2.60427e-05	-0.0145315	
68.87941893	-5.15711e-05	-0.0145059	0.0	0.0	0.0	0.0	-2.15696e-05	-0.0145055	-6.71987e-05	-0.0145083	0.0	0.0	0.0	0.0	-2.5929e-05	-0.0144984	
69.0364985626	-5.13451e-05	-0.014473	0.0	0.0	0.0	0.0	-2.14748e-05	-0.0144725	-6.69077e-05	-0.0144754	0.0	0.0	0.0	0.0	-2.5816e-05	-0.0144655	
69.1935781953	-5.11205e-05	-0.0144402	0.0	0.0	0.0	0.0	-2.13807e-05	-0.0144397	-6.66185e-05	-0.0144425	0.0	0.0	0.0	0.0	-2.57038e-05	-0.0144328	
69.350657828	-5.08974e-05	-0.0144075	0.0	0.0	0.0	0.0	-2.12871e-05	-0.0144071	-6.63311e-05	-0.0144099	0.0	0.0	0.0	0.0	-2.55923e-05	-0.0144002	
69.5077374607	-5.06758e-05	-0.014375	0.0	0.0	0.0	0.0	-2.11942e-05	-0.0143746	-6.60456e-05	-0.0143774	0.0	0.0	0.0	0.0	-2.54815e-05	-0.0143677	
69.6648170934	-5.04555e-05	-0.0143426	0.0	0.0	0.0	0.0	-2.11019e-05	-0.0143422	-6.57619e-05	-0.014345	0.0	0.0	0.0	0.0	-2.53714e-05	-0.0143354	
69.821896726	-5.02367e-05	-0.0143104	0.0	0.0	0.0	0.0	-2.10102e-05	-0.01431	-6.54799e-05	-0.0143127	0.0	0.0	0.0	0.0	-2.5262e-05	-0.0143032	
69.9789763587	-5.00193e-05	-0.0142784	0.0	0.0	0.0	0.0	-2.0919e-05	-0.0142779	-6.51998e-05	-0.0142807	0.0	0.0	0.0	0.0	-2.51533e-05	-0.0142712	
70.1360559914	-4.98033e-05	-0.0142464	0.0	0.0	0.0	0.0	-2.08285e-05	-0.014246	-6.49214e-05	-0.0142487	0.0	0.0	0.0	0.0	-2.50453e-05	-0.0142393	
70.2931356241	-4.95886e-05	-0.0142147	0.0	0.0	0.0	0.0	-2.07385e-05	-0.0142142	-6.46447e-05	-0.0142169	0.0	0.0	0.0	0.0	-2.49379e-05	-0.0142076	
70.4502152568	-4.93753e-05	-0.014183	0.0	0.0	0.0	0.0	-2.06491e-05	-0.0141826	-6.43698e-05	-0.0141853	0.0	0.0	0.0	0.0	-2.48313e-05	-0.014176	
70.6072948894	-4.91634e-05	-0.0141515	0.0	0.0	0.0	0.0	-2.05603e-05	-0.0141511	-6.40966e-05	-0.0141537	0.0	0.0	0.0	0.0	-2.47253e-05	-0.0141445	
70.7643745221	-4.89528e-05	-0.0141201	0.0	0.0	0.0	0.0	-2.0472e-05	-0.0141197	-6.38251e-05	-0.0141224	0.0	0.0	0.0	0.0	-2.462e-05	-0.0141132	
70.9214541548	-4.87436e-05	-0.0140889	0.0	0.0	0.0	0.0	-2.03843e-05	-0.0140885	-6.35553e-05	-0.0140911	0.0	0.0	0.0	0.0	-2.45153e-05	-0.0140821	
71.0785337875	-4.85357e-05	-0.0140578	0.0	0.0	0.0	0.0	-2.02972e-05	-0.0140574	-6.32872e-05	-0.01406	0.0	0.0	0.0	0.0	-2.44113e-05	-0.014051	
71.2356134201	-4.8329e-05	-0.0140269	0.0	0.0	0.0	0.0	-2.02106e-05	-0.0140265	-6.30207e-05	-0.0140291	0.0	0.0	0.0	0.0	-2.4308e-05	-0.0140201	
71.3926930528	-4.81237e-05	-0.0139961	0.0	0.0	0.0	0.0	-2.01245e-05	-0.0139957	-6.27559e-05	-0.0139982	0.0	0.0	0.0	0.0	-2.42053e-05	-0.0139893	
71.5497726855	-4.79197e-05	-0.0139654	0.0	0.0	0.0	0.0	-2.0039e-05	-0.013965	-6.24927e-05	-0.0139675	0.0	0.0	0.0	0.0	-2.41032e-05	-0.0139587	
71.7068523182	-4.77169e-05	-0.0139349	0.0	0.0	0.0	0.0	-1.99541e-05	-0.0139345	-6.22312e-05	-0.013937	0.0	0.0	0.0	0.0	-2.40018e-05	-0.0139282	
71.8639319509	-4.75155e-05	-0.0139044	0.0	0.0	0.0	0.0	-1.98696e-05	-0.0139041	-6.19712e-05	-0.0139066	0.0	0.0	0.0	0.0	-2.3901e-05	-0.0138978	
72.0210115835	-4.73152e-05	-0.0138742	0.0	0.0	0.0	0.0	-1.97857e-05	-0.0138738	-6.17129e-05	-0.0138763	0.0	0.0	0.0	0.0	-2.38008e-05	-0.0138676	
72.1780912162	-4.71163e-05	-0.013844	0.0	0.0	0.0	0.0	-1.97023e-05	-0.0138436	-6.14561e-05	-0.0138461	0.0	0.0	0.0	0.0	-2.37013e-05	-0.0138375	
72.3351708489	-4.69185e-05	-0.013814	0.0	0.0	0.0	0.0	-1.96195e-05	-0.0138136	-6.12009e-05	-0.0138161	0.0	0.0	0.0	0.0	-2.36023e-05	-0.0138075	
72.4922504816	-4.6722e-05	-0.0137841	0.0	0.0	0.0	0.0	-1.95371e-05	-0.0137837	-6.09473e-05	-0.0137862	0.0	0.0	0.0	0.0	-2.3504e-05	-0.0137777	
72.6493301143	-4.65267e-05	-0.0137544	0.0	0.0	0.0	0.0	-1.94553e-05	-0.013754	-6.06952e-05	-0.0137564	0.0	0.0	0.0	0.0	-2.34063e-05	-0.013748	
72.8064097469	-4.63326e-05	-0.0137247	0.0	0.0	0.0	0.0	-1.93739e-05	-0.0137244	-6.04447e-05	-0.0137268	0.0	0.0	0.0	0.0	-2.33092e-05	-0.0137184	
72.9634893796	-4.61397e-05	-0.0136952	0.0	0.0	0.0	0.0	-1.92931e-05	-0.0136949	-6.01957e-05	-0.0136972	0.0	0.0	0.0	0.0	-2.32126e-05	-0.0136889	
73.1205690123	-4.5948e-05	-0.0136658	0.0	0.0	0.0	0.0	-1.92128e-05	-0.0136655	-5.99482e-05	-0.0136679	0.0	0.0	0.0	0.0	-2.31167e-05	-0.0136596	
73.277648645	-4.57575e-05	-0.0136366	0.0	0.0	0.0	0.0	-1.9133e-05	-0.0136362	-5.97021e-05	-0.0136386	0.0	0.0	0.0	0.0	-2.30213e-05	-0.0136304	
73.4347282777	-4.55682e-05	-0.0136075	0.0	0.0	0.0	0.0	-1.90536e-05	-0.0136071	-5.94576e-05	-0.0136095	0.0	0.0	0.0	0.0	-2.29266e-05	-0.0136013	
73.5918079103	-4.538e-05	-0.0135785	0.0	0.0	0.0	0.0	-1.89748e-05	-0.0135781	-5.92146e-05	-0.0135804	0.0	0.0	0.0	0.0	-2.28324e-05	-0.0135723	
73.748887543	-4.51929e-05	-0.0135496	0.0	0.0	0.0	0.0	-1.88964e-05	-0.0135492	-5.8973e-05	-0.0135516	0.0	0.0	0.0	0.0	-2.27387e-05	-0.0135435	
73.9059671757	-4.5007e-05	-0.0135208	0.0	0.0	0.0	0.0	-1.88185e-05	-0.0135205	-5.87328e-05	-0.0135228	0.0	0.0	0.0	0.0	-2.26457e-05	-0.0135148	
74.0630468084	-4.48222e-05	-0.0134922	0.0	0.0	0.0	0.0	-1.87411e-05	-0.0134918	-5.84941e-05	-0.0134941	0.0	0.0	0.0	0.0	-2.25532e-05	-0.0134862	
74.2201264411	-4.46386e-05	-0.0134637	0.0	0.0	0.0	0.0	-1.86641e-05	-0.0134633	-5.82569e-05	-0.0134656	0.0	0.0	0.0	0.0	-2.24612e-05	-0.0134577	
74.3772060737	-4.44561e-05	-0.0134353	0.0	0.0	0.0	0.0	-1.85877e-05	-0.0134349	-5.8021e-05	-0.0134372	0.0	0.0	0.0	0.0	-2.23698e-05	-0.0134293	
74.5342857064	-4.42746e-05	-0.013407	0.0	0.0	0.0	0.0	-1.85116e-05	-0.0134067	-5.77866e-05	-0.0134089	0.0	0.0	0.0	0.0	-2.2279e-05	-0.0134011	
74.6913653391	-4.40943e-05	-0.0133789	0.0	0.0	0.0	0.0	-1.84361e-05	-0.0133785	-5.75535e-05	-0.0133808	0.0	0.0	0.0	0.0	-2.21887e-05	-0.013373	
74.8484449718	-4.3915e-05	-0.0133508	0.0	0.0	0.0	0.0	-1.8361e-05	-0.0133505	-5.73219e-05	-0.0133527	0.0	0.0	0.0	0.0	-2.20989e-05	-0.013345	
75.0055246045	-4.37369e-05	-0.0133229	0.0	0.0	0.0	0.0	-1.82863e-05	-0.0133226	-5.70916e-05	-0.0133248	0.0	0.0	0.0	0.0	-2.20097e-05	-0.0133171	
75.1626042371	-4.35598e-05	-0.0132951	0.0	0.0	0.0	0.0	-1.82122e-05	-0.0132948	-5.68627e-05	-0.013297	0.0	0.0	0.0	0.0	-2.1921e-05	-0.0132893	
75.3196838698	-4.33837e-05	-0.0132674	0.0	0.0	0.0	0.0	-1.81384e-05	-0.0132671	-5.66351e-05	-0.0132693	0.0	0.0	0.0	0.0	-2.18329e-05	-0.0132617	
75.4767635025	-4.32087e-05	-0.0132398	0.0	0.0	0.0	0.0	-1.80651e-05	-0.0132395	-5.64089e-05	-0.0132417	0.0	0.0	0.0	0.0	-2.17452e-05	-0.0132341	
75.6338431352	-4.30348e-05	-0.0132124	0.0	0.0	0.0	0.0	-1.79922e-05	-0.0132121	-5.6184e-05	-0.0132142	0.0	0.0	0.0	0.0	-2.16581e-05	-0.0132067	
75.7909227679	-4.28619e-05	-0.013185	0.0	0.0	0.0	0.0	-1.79198e-05	-0.0131847	-5.59604e-05	-0.0131868	0.0	0.0	0.0	0.0	-2.15715e-05	-0.0131794	
75.9480024005	-4.269e-05	-0.0131578	0.0	0.0	0.0	0.0	-1.78478e-05	-0.0131575	-5.57381e-05	-0.0131596	0.0	0.0	0.0	0.0	-2.14854e-05	-0.0131522	
76.1050820332	-4.25192e-05	-0.0131307	0.0	0.0	0.0	0.0	-1.77762e-05	-0.0131304	-5.55172e-05	-0.0131325	0.0	0.0	0.0	0.0	-2.13999e-05	-0.0131251	
76.2621616659	-4.23493e-05	-0.0131037	0.0	0.0	0.0	0.0	-1.77051e-05	-0.0131034	-5.52975e-05	-0.0131055	0.0	0.0	0.0	0.0	-2.13148e-05	-0.0130981	
76.4192412986	-4.21805e-05	-0.0130768	0.0	0.0	0.0	0.0	-1.76344e-05	-0.0130765	-5.50791e-05	-0.0130785	0.0	0.0	0.0	0.0	-2.12302e-05	-0.0130713	
76.5763209313	-4.20126e-05	-0.01305	0.0	0.0	0.0	0.0	-1.75641e-05	-0.0130497	-5.4862e-05	-0.0130517	0.0	0.0	0.0	0.0	-2.11461e-05	-0.0130445	
76.7334005639	-4.18458e-05	-0.0130233	0.0	0.0	0.0	0.0	-1.74942e-05	-0.013023	-5.46462e-05	-0.0130251	0.0	0.0	0.0	0.0	-2.10625e-05	-0.0130179	
76.8904801966	-4.16799e-05	-0.0129967	0.0	0.0	0.0	0.0	-1.74247e-05	-0.0129964	-5.44316e-05	-0.0129985	0.0	0.0	0.0	0.0	-2.09794e-05	-0.0129913	
77.0475598293	-4.1515e-05	-0.0129703	0.0	0.0	0.0	0.0	-1.73556e-05	-0.01297	-5.42182e-05	-0.012972	0.0	0.0	0.0	0.0	-2.08968e-05	-0.0129649	
77.204639462	-4.13511e-05	-0.0129439	0.0	0.0	0.0	0.0	-1.7287e-05	-0.0129436	-5.40061e-05	-0.0129456	0.0	0.0	0.0	0.0	-2.08147e-05	-0.0129386	
77.3617190946	-4.11881e-05	-0.0129177	0.0	0.0	0.0	0.0	-1.72187e-05	-0.0129174	-5.37952e-05	-0.0129194	0.0	0.0	0.0	0.0	-2.0733e-05	-0.0129124	
77.5187987273	-4.10261e-05	-0.0128915	0.0	0.0	0.0	0.0	-1.71508e-05	-0.0128912	-5.35855e-05	-0.0128932	0.0	0.0	0.0	0.0	-2.06518e-05	-0.0128863	
77.67587836	-4.0865e-05	-0.0128655	0.0	0.0	0.0	0.0	-1.70834e-05	-0.0128652	-5.3377e-05	-0.0128672	0.0	0.0	0.0	0.0	-2.05711e-05	-0.0128603	
77.8329579927	-4.07049e-05	-0.0128396	0.0	0.0	0.0	0.0	-1.70163e-05	-0.0128393	-5.31697e-05	-0.0128412	0.0	0.0	0.0	0.0	-2.04909e-05	-0.0128344	
77.9900376254	-4.05457e-05	-0.0128138	0.0	0.0	0.0	0.0	-1.69496e-05	-0.0128135	-5.29637e-05	-0.0128154	0.0	0.0	0.0	0.0	-2.04111e-05	-0.0128086	
78.147117258	-4.03874e-05	-0.012788	0.0	0.0	0.0	0.0	-1.68833e-05	-0.0127877	-5.27587e-05	-0.0127897	0.0	0.0	0.0	0.0	-2.03318e-05	-0.0127829	
78.3041968907	-4.023e-05	-0.0127624	0.0	0.0	0.0	0.0	-1.68174e-05	-0.0127621	-5.2555e-05	-0.012764	0.0	0.0	0.0	0.0	-2.02529e-05	-0.0127573	
78.4612765234	-4.00735e-05	-0.0127369	0.0	0.0	0.0	0.0	-1.67519e-05	-0.0127366	-5.23524e-05	-0.0127385	0.0	0.0	0.0	0.0	-2.01745e-05	-0.0127318	
