-10	-0.109792	-1.95664e-06	-0.110745	2.81684e-06	-0.109792	-1.95664e-06	-0.110745	2.81684e-06	
-9.98	-0.110034	-2.0601e-06	-0.110993	2.84332e-06	-0.110034	-2.0601e-06	-0.110993	2.84332e-06	
-9.96	-0.110277	-2.16649e-06	-0.111242	2.87007e-06	-0.110277	-2.16649e-06	-0.111242	2.87007e-06	
-9.94	-0.110521	-2.2759e-06	-0.111493	2.89712e-06	-0.110521	-2.2759e-06	-0.111493	2.89712e-06	
-9.92	-0.110766	-2.38841e-06	-0.111745	2.92446e-06	-0.110766	-2.38841e-06	-0.111745	2.92446e-06	
-9.9	-0.111012	-2.5041e-06	-0.111998	2.95209e-06	-0.111012	-2.5041e-06	-0.111998	2.95209e-06	
-9.88	-0.111259	-2.62305e-06	-0.112252	2.98002e-06	-0.111259	-2.62305e-06	-0.112252	2.98002e-06	
-9.86	-0.111508	-2.74535e-06	-0.112507	3.00825e-06	-0.111508	-2.74535e-06	-0.112507	3.00825e-06	
-9.84	-0.111757	-2.87109e-06	-0.112763	3.03679e-06	-0.111757	-2.87109e-06	-0.112763	3.03679e-06	
-9.82	-0.112008	-3.00036e-06	-0.113021	3.06563e-06	-0.112008	-3.00036e-06	-0.113021	3.06563e-06	
-9.8	-0.11226	-3.13326e-06	-0.11328	3.09479e-06	-0.11226	-3.13326e-06	-0.11328	3.09479e-06	
-9.78	-0.112513	-3.26988e-06	-0.11354	3.12426e-06	-0.112513	-3.26988e-06	-0.11354	3.12426e-06	
-9.76	-0.112767	-3.41033e-06	-0.113801	3.15405e-06	-0.112767	-3.41033e-06	-0.113801	3.15405e-06	
-9.74	-0.113022	-3.55469e-06	-0.114063	3.18416e-06	-0.113022	-3.55469e-06	-0.114063	3.18416e-06	
-9.72	-0.113279	-3.70308e-06	-0.114327	3.2146e-06	-0.113279	-3.70308e-06	-0.114327	3.2146e-06	
-9.7	-0.113536	-3.85561e-06	-0.114592	3.24538e-06	-0.113536	-3.85561e-06	-0.114592	3.24538e-06	
-9.68	-0.113795	-4.01238e-06	-0.114858	3.27649e-06	-0.113795	-4.01238e-06	-0.114858	3.27649e-06	
-9.66	-0.114055	-4.17352e-06	-0.115125	3.30793e-06	-0.114055	-4.17352e-06	-0.115125	3.30793e-06	
-9.64	-0.114316	-4.33912e-06	-0.115394	3.33972e-06	-0.114316	-4.33912e-06	-0.115394	3.33972e-06	
-9.62	-0.114578	-4.50932e-06	-0.115664	3.37186e-06	-0.114578	-4.50932e-06	-0.115664	3.37186e-06	
-9.6	-0.114842	-4.68424e-06	-0.115935	3.40435e-06	-0.114842	-4.68424e-06	-0.115935	3.40435e-06	
-9.58	-0.115107	-4.864e-06	-0.116207	3.4372e-06	-0.115107	-4.864e-06	-0.116207	3.4372e-06	
-9.56	-0.115372	-5.04873e-06	-0.116481	3.4704e-06	-0.115372	-5.04873e-06	-0.116481	3.4704e-06	
-9.54	-0.11564	-5.23857e-06	-0.116756	3.50397e-06	-0.11564	-5.23857e-06	-0.116756	3.50397e-06	
-9.52	-0.115908	-5.43365e-06	-0.117032	3.53791e-06	-0.115908	-5.43365e-06	-0.117032	3.53791e-06	
-9.5	-0.116178	-5.63411e-06	-0.11731	3.57222e-06	-0.116178	-5.63411e-06	-0.11731	3.57222e-06	
-9.48	-0.116449	-5.84009e-06	-0.117589	3.60691e-06	-0.116449	-5.84009e-06	-0.117589	3.60691e-06	
-9.46	-0.116721	-6.05175e-06	-0.117869	3.64198e-06	-0.116721	-6.05175e-06	-0.117869	3.64198e-06	
-9.44	-0.116994	-6.26923e-06	-0.118151	3.67743e-06	-0.116994	-6.26923e-06	-0.118151	3.67743e-06	
-9.42	-0.117269	-6.49269e-06	-0.118434	3.71328e-06	-0.117269	-6.49269e-06	-0.118434	3.71328e-06	
-9.4	-0.117545	-6.72229e-06	-0.118719	3.74952e-06	-0.117545	-6.72229e-06	-0.118719	3.74952e-06	
-9.38	-0.117822	-6.9582e-06	-0.119004	3.78617e-06	-0.117822	-6.9582e-06	-0.119004	3.78617e-06	
-9.36	-0.118101	-7.20058e-06	-0.119292	3.82322e-06	-0.118101	-7.20058e-06	-0.119292	3.82322e-06	
-9.34	-0.118381	-7.4496e-06	-0.11958	3.86068e-06	-0.118381	-7.4496e-06	-0.11958	3.86068e-06	
-9.32	-0.118662	-7.70544e-06	-0.11987	3.89855e-06	-0.118662	-7.70544e-06	-0.11987	3.89855e-06	
-9.3	-0.118945	-7.9683e-06	-0.120162	3.93685e-06	-0.118945	-7.9683e-06	-0.120162	3.93685e-06	
-9.28	-0.119229	-8.23834e-06	-0.120455	3.97557e-06	-0.119229	-8.23834e-06	-0.120455	3.97557e-06	
-9.26	-0.119514	-8.51577e-06	-0.120749	4.01472e-06	-0.119514	-8.51577e-06	-0.120749	4.01472e-06	
-9.24	-0.119801	-8.80078e-06	-0.121045	4.05431e-06	-0.119801	-8.80078e-06	-0.121045	4.05431e-06	
-9.22	-0.120089	-9.09358e-06	-0.121342	4.09434e-06	-0.120089	-9.09358e-06	-0.121342	4.09434e-06	
-9.2	-0.120379	-9.39437e-06	-0.121641	4.13481e-06	-0.120379	-9.39437e-06	-0.121641	4.13481e-06	
-9.18	-0.12067	-9.70337e-06	-0.121941	4.17574e-06	-0.12067	-9.70337e-06	-0.121941	4.17574e-06	
-9.16	-0.120962	-1.00208e-05	-0.122243	4.21712e-06	-0.120962	-1.00208e-05	-0.122243	4.21712e-06	
-9.14	-0.121256	-1.03469e-05	-0.122546	4.25896e-06	-0.121256	-1.03469e-05	-0.122546	4.25896e-06	
-9.12	-0.121551	-1.06818e-05	-0.122851	4.30128e-06	-0.121551	-1.06818e-05	-0.122851	4.30128e-06	
-9.1	-0.121847	-1.10259e-05	-0.123157	4.34406e-06	-0.121847	-1.10259e-05	-0.123157	4.34406e-06	
-9.08	-0.122145	-1.13794e-05	-0.123465	4.38733e-06	-0.122145	-1.13794e-05	-0.123465	4.38733e-06	
-9.06	-0.122445	-1.17424e-05	-0.123775	4.43108e-06	-0.122445	-1.17424e-05	-0.123775	4.43108e-06	
-9.04	-0.122746	-1.21154e-05	-0.124086	4.47532e-06	-0.122746	-1.21154e-05	-0.124086	4.47532e-06	
-9.02	-0.123048	-1.24985e-05	-0.124398	4.52006e-06	-0.123048	-1.24985e-05	-0.124398	4.52006e-06	
-9	-0.123352	-1.28919e-05	-0.124712	4.5653e-06	-0.123352	-1.28919e-05	-0.124712	4.5653e-06	
-8.98	-0.123658	-1.32961e-05	-0.125028	4.61105e-06	-0.123658	-1.32961e-05	-0.125028	4.61105e-06	
-8.96	-0.123965	-1.37112e-05	-0.125346	4.65731e-06	-0.123965	-1.37112e-05	-0.125346	4.65731e-06	
-8.94	-0.124273	-1.41376e-05	-0.125665	4.70409e-06	-0.124273	-1.41376e-05	-0.125665	4.70409e-06	
-8.92	-0.124583	-1.45756e-05	-0.125985	4.7514e-06	-0.124583	-1.45756e-05	-0.125985	4.7514e-06	
-8.9	-0.124895	-1.50254e-05	-0.126308	4.79925e-06	-0.124895	-1.50254e-05	-0.126308	4.79925e-06	
-8.88	-0.125208	-1.54874e-05	-0.126632	4.84763e-06	-0.125208	-1.54874e-05	-0.126632	4.84763e-06	
-8.86	-0.125523	-1.5962e-05	-0.126957	4.89656e-06	-0.125523	-1.5962e-05	-0.126957	4.89656e-06	
-8.84	-0.125839	-1.64493e-05	-0.127285	4.94605e-06	-0.125839	-1.64493e-05	-0.127285	4.94605e-06	
-8.82	-0.126157	-1.69499e-05	-0.127614	4.99609e-06	-0.126157	-1.69499e-05	-0.127614	4.99609e-06	
-8.8	-0.126476	-1.7464e-05	-0.127945	5.0467e-06	-0.126476	-1.7464e-05	-0.127945	5.0467e-06	
-8.78	-0.126798	-1.7992e-05	-0.128278	5.09788e-06	-0.126798	-1.7992e-05	-0.128278	5.09788e-06	
-8.76	-0.12712	-1.85342e-05	-0.128612	5.14964e-06	-0.12712	-1.85342e-05	-0.128612	5.14964e-06	
-8.74	-0.127445	-1.90911e-05	-0.128948	5.20198e-06	-0.127445	-1.90911e-05	-0.128948	5.20198e-06	
-8.72	-0.127771	-1.96631e-05	-0.129286	5.25492e-06	-0.127771	-1.96631e-05	-0.129286	5.25492e-06	
-8.7	-0.128099	-2.02504e-05	-0.129626	5.30846e-06	-0.128099	-2.02504e-05	-0.129626	5.30846e-06	
-8.68	-0.128428	-2.08536e-05	-0.129967	5.36261e-06	-0.128428	-2.08536e-05	-0.129967	5.36261e-06	
-8.66	-0.128759	-2.14731e-05	-0.130311	5.41737e-06	-0.128759	-2.14731e-05	-0.130311	5.41737e-06	
-8.64	-0.129092	-2.21092e-05	-0.130656	5.47275e-06	-0.129092	-2.21092e-05	-0.130656	5.47275e-06	
-8.62	-0.129427	-2.27625e-05	-0.131003	5.52876e-06	-0.129427	-2.27625e-05	-0.131003	5.52876e-06	
-8.6	-0.129763	-2.34333e-05	-0.131352	5.5854e-06	-0.129763	-2.34333e-05	-0.131352	5.5854e-06	
-8.58	-0.130101	-2.41222e-05	-0.131702	5.64269e-06	-0.130101	-2.41222e-05	-0.131702	5.64269e-06	
-8.56	-0.130441	-2.48296e-05	-0.132055	5.70063e-06	-0.130441	-2.48296e-05	-0.132055	5.70063e-06	
-8.54	-0.130782	-2.5556e-05	-0.13241	5.75923e-06	-0.130782	-2.5556e-05	-0.13241	5.75923e-06	
-8.52	-0.131126	-2.63019e-05	-0.132766	5.8185e-06	-0.131126	-2.63019e-05	-0.132766	5.8185e-06	
-8.5	-0.131471	-2.70678e-05	-0.133125	5.87844e-06	-0.131471	-2.70678e-05	-0.133125	5.87844e-06	
-8.48	-0.131818	-2.78543e-05	-0.133485	5.93906e-06	-0.131818	-2.78543e-05	-0.133485	5.93906e-06	
-8.46	-0.132167	-2.86618e-05	-0.133848	6.00037e-06	-0.132167	-2.86618e-05	-0.133848	6.00037e-06	
-8.44	-0.132518	-2.94909e-05	-0.134212	6.06237e-06	-0.132518	-2.94909e-05	-0.134212	6.06237e-06	
-8.42	-0.13287	-3.03422e-05	-0.134579	6.12508e-06	-0.13287	-3.03422e-05	-0.134579	6.12508e-06	
-8.4	-0.133225	-3.12163e-05	-0.134947	6.18851e-06	-0.133225	-3.12163e-05	-0.134947	6.18851e-06	
-8.38	-0.133581	-3.21137e-05	-0.135318	6.25265e-06	-0.133581	-3.21137e-05	-0.135318	6.25265e-06	
-8.36	-0.13394	-3.30351e-05	-0.13569	6.31753e-06	-0.13394	-3.30351e-05	-0.13569	6.31753e-06	
-8.34	-0.1343	-3.3981e-05	-0.136065	6.38314e-06	-0.1343	-3.3981e-05	-0.136065	6.38314e-06	
-8.32	-0.134662	-3.49522e-05	-0.136442	6.4495e-06	-0.134662	-3.49522e-05	-0.136442	6.4495e-06	
-8.3	-0.135026	-3.59492e-05	-0.136821	6.51661e-06	-0.135026	-3.59492e-05	-0.136821	6.51661e-06	
-8.28	-0.135392	-3.69727e-05	-0.137202	6.58449e-06	-0.135392	-3.69727e-05	-0.137202	6.58449e-06	
-8.26	-0.13576	-3.80234e-05	-0.137585	6.65314e-06	-0.13576	-3.80234e-05	-0.137585	6.65314e-06	
-8.24	-0.13613	-3.91021e-05	-0.137971	6.72256e-06	-0.13613	-3.91021e-05	-0.137971	6.72256e-06	
-8.22	-0.136502	-4.02093e-05	-0.138358	6.79278e-06	-0.136502	-4.02093e-05	-0.138358	6.79278e-06	
-8.2	-0.136877	-4.13458e-05	-0.138748	6.86379e-06	-0.136877	-4.13458e-05	-0.138748	6.86379e-06	
-8.18	-0.137253	-4.25124e-05	-0.13914	6.9356e-06	-0.137253	-4.25124e-05	-0.13914	6.9356e-06	
-8.16	-0.137631	-4.37099e-05	-0.139534	7.00823e-06	-0.137631	-4.37099e-05	-0.139534	7.00823e-06	
-8.14	-0.138012	-4.4939e-05	-0.139931	7.08168e-06	-0.138012	-4.4939e-05	-0.139931	7.08168e-06	
-8.12	-0.138394	-4.62004e-05	-0.14033	7.15596e-06	-0.138394	-4.62004e-05	-0.14033	7.15596e-06	
-8.1	-0.138779	-4.74951e-05	-0.140731	7.23109e-06	-0.138779	-4.74951e-05	-0.140731	7.23109e-06	
-8.08	-0.139166	-4.88239e-05	-0.141135	7.30706e-06	-0.139166	-4.88239e-05	-0.141135	7.30706e-06	
-8.06	-0.139555	-5.01875e-05	-0.14154	7.38389e-06	-0.139555	-5.01875e-05	-0.14154	7.38389e-06	
-8.04	-0.139946	-5.15869e-05	-0.141949	7.46158e-06	-0.139946	-5.15869e-05	-0.141949	7.46158e-06	
-8.02	-0.140339	-5.3023e-05	-0.142359	7.54016e-06	-0.140339	-5.3023e-05	-0.142359	7.54016e-06	
-8	-0.140735	-5.44966e-05	-0.142772	7.61961e-06	-0.140735	-5.44966e-05	-0.142772	7.61961e-06	
-7.98	-0.141132	-5.60086e-05	-0.143188	7.69996e-06	-0.141132	-5.60086e-05	-0.143188	7.69996e-06	
-7.96	-0.141533	-5.75601e-05	-0.143606	7.78121e-06	-0.141533	-5.75601e-05	-0.143606	7.78121e-06	
-7.94	-0.141935	-5.9152e-05	-0.144026	7.86338e-06	-0.141935	-5.9152e-05	-0.144026	7.86338e-06	
-7.92	-0.14234	-6.07852e-05	-0.144449	7.94646e-06	-0.14234	-6.07852e-05	-0.144449	7.94646e-06	
-7.9	-0.142747	-6.24607e-05	-0.144875	8.03047e-06	-0.142747	-6.24607e-05	-0.144875	8.03047e-06	
-7.88	-0.143156	-6.41796e-05	-0.145303	8.11542e-06	-0.143156	-6.41796e-05	-0.145303	8.11542e-06	
-7.86	-0.143568	-6.59429e-05	-0.145733	8.20132e-06	-0.143568	-6.59429e-05	-0.145733	8.20132e-06	
-7.84	-0.143982	-6.77517e-05	-0.146166	8.28817e-06	-0.143982	-6.77517e-05	-0.146166	8.28817e-06	
-7.82	-0.144398	-6.9607e-05	-0.146602	8.37598e-06	-0.144398	-6.9607e-05	-0.146602	8.37598e-06	
-7.8	-0.144817	-7.15099e-05	-0.147041	8.46477e-06	-0.144817	-7.15099e-05	-0.147041	8.46477e-06	
-7.78	-0.145238	-7.34616e-05	-0.147482	8.55454e-06	-0.145238	-7.34616e-05	-0.147482	8.55454e-06	
-7.76	-0.145662	-7.54631e-05	-0.147926	8.64531e-06	-0.145662	-7.54631e-05	-0.147926	8.64531e-06	
-7.74	-0.146089	-7.75157e-05	-0.148372	8.73707e-06	-0.146089	-7.75157e-05	-0.148372	8.73707e-06	
-7.72	-0.146517	-7.96205e-05	-0.148822	8.82983e-06	-0.146517	-7.96205e-05	-0.148822	8.82983e-06	
-7.7	-0.146949	-8.17787e-05	-0.149274	8.92362e-06	-0.146949	-8.17787e-05	-0.149274	8.92362e-06	
-7.68	-0.147383	-8.39916e-05	-0.149728	9.01843e-06	-0.147383	-8.39916e-05	-0.149728	9.01843e-06	
-7.66	-0.147819	-8.62602e-05	-0.150186	9.11427e-06	-0.147819	-8.62602e-05	-0.150186	9.11427e-06	
-7.64	-0.148258	-8.8586e-05	-0.150647	9.21115e-06	-0.148258	-8.8586e-05	-0.150647	9.21115e-06	
-7.62	-0.1487	-9.09702e-05	-0.15111	9.30908e-06	-0.1487	-9.09702e-05	-0.15111	9.30908e-06	
-7.6	-0.149144	-9.3414e-05	-0.151576	9.40807e-06	-0.149144	-9.3414e-05	-0.151576	9.40807e-06	
-7.58	-0.149592	-9.59188e-05	-0.152046	9.50812e-06	-0.149592	-9.59188e-05	-0.152046	9.50812e-06	
-7.56	-0.150041	-9.84859e-05	-0.152518	9.60924e-06	-0.150041	-9.84859e-05	-0.152518	9.60924e-06	
-7.54	-0.150494	-0.000101117	-0.152993	9.71144e-06	-0.150494	-0.000101117	-0.152993	9.71144e-06	
-7.52	-0.150949	-0.000103812	-0.153471	9.81472e-06	-0.150949	-0.000103812	-0.153471	9.81472e-06	
-7.5	-0.151407	-0.000106575	-0.153953	9.9191e-06	-0.151407	-0.000106575	-0.153953	9.9191e-06	
-7.48	-0.151868	-0.000109405	-0.154437	1.00246e-05	-0.151868	-0.000109405	-0.154437	1.00246e-05	
-7.46	-0.152332	-0.000112304	-0.154925	1.01312e-05	-0.152332	-0.000112304	-0.154925	1.01312e-05	
-7.44	-0.152798	-0.000115274	-0.155415	1.02389e-05	-0.152798	-0.000115274	-0.155415	1.02389e-05	
-7.42	-0.153268	-0.000118316	-0.155909	1.03477e-05	-0.153268	-0.000118316	-0.155909	1.03477e-05	
-7.4	-0.15374	-0.000121431	-0.156406	1.04576e-05	-0.15374	-0.000121431	-0.156406	1.04576e-05	
-7.38	-0.154216	-0.000124622	-0.156906	1.05687e-05	-0.154216	-0.000124622	-0.156906	1.05687e-05	
-7.36	-0.154694	-0.000127889	-0.15741	1.06809e-05	-0.154694	-0.000127889	-0.15741	1.06809e-05	
-7.34	-0.155175	-0.000131234	-0.157916	1.07942e-05	-0.155175	-0.000131234	-0.157916	1.07942e-05	
-7.32	-0.15566	-0.000134659	-0.158426	1.09087e-05	-0.15566	-0.000134659	-0.158426	1.09087e-05	
-7.3	-0.156147	-0.000138165	-0.15894	1.10243e-05	-0.156147	-0.000138165	-0.15894	1.10243e-05	
-7.28	-0.156637	-0.000141753	-0.159457	1.11411e-05	-0.156637	-0.000141753	-0.159457	1.11411e-05	
-7.26	-0.157131	-0.000145426	-0.159977	1.1259e-05	-0.157131	-0.000145426	-0.159977	1.1259e-05	
-7.24	-0.157628	-0.000149184	-0.160501	1.1378e-05	-0.157628	-0.000149184	-0.160501	1.1378e-05	
-7.22	-0.158128	-0.00015303	-0.161028	1.14983e-05	-0.158128	-0.00015303	-0.161028	1.14983e-05	
-7.2	-0.158631	-0.000156964	-0.161559	1.16196e-05	-0.158631	-0.000156964	-0.161559	1.16196e-05	
-7.18	-0.159137	-0.000160989	-0.162093	1.17422e-05	-0.159137	-0.000160989	-0.162093	1.17422e-05	
-7.16	-0.159647	-0.000165107	-0.162631	1.18659e-05	-0.159647	-0.000165107	-0.162631	1.18659e-05	
-7.14	-0.16016	-0.000169317	-0.163173	1.19907e-05	-0.16016	-0.000169317	-0.163173	1.19907e-05	
-7.12	-0.160677	-0.000173623	-0.163718	1.21167e-05	-0.160677	-0.000173623	-0.163718	1.21167e-05	
-7.1	-0.161196	-0.000178026	-0.164267	1.22438e-05	-0.161196	-0.000178026	-0.164267	1.22438e-05	
-7.08	-0.161719	-0.000182527	-0.16482	1.23721e-05	-0.161719	-0.000182527	-0.16482	1.23721e-05	
-7.06	-0.162246	-0.000187129	-0.165377	1.25015e-05	-0.162246	-0.000187129	-0.165377	1.25015e-05	
-7.04	-0.162776	-0.000191832	-0.165937	1.26321e-05	-0.162776	-0.000191832	-0.165937	1.26321e-05	
-7.02	-0.16331	-0.000196638	-0.166501	1.27638e-05	-0.16331	-0.000196638	-0.166501	1.27638e-05	
-7	-0.163847	-0.000201549	-0.16707	1.28966e-05	-0.163847	-0.000201549	-0.16707	1.28966e-05	
-6.98	-0.164388	-0.000206566	-0.167642	1.30305e-05	-0.164388	-0.000206566	-0.167642	1.30305e-05	
-6.96	-0.164932	-0.000211692	-0.168218	1.31655e-05	-0.164932	-0.000211692	-0.168218	1.31655e-05	
-6.94	-0.16548	-0.000216926	-0.168798	1.33016e-05	-0.16548	-0.000216926	-0.168798	1.33016e-05	
-6.92	-0.166032	-0.000222272	-0.169383	1.34388e-05	-0.166032	-0.000222272	-0.169383	1.34388e-05	
-6.9	-0.166588	-0.000227731	-0.169971	1.3577e-05	-0.166588	-0.000227731	-0.169971	1.3577e-05	
-6.88	-0.167147	-0.000233304	-0.170564	1.37163e-05	-0.167147	-0.000233304	-0.170564	1.37163e-05	
-6.86	-0.167711	-0.000238992	-0.171161	1.38567e-05	-0.167711	-0.000238992	-0.171161	1.38567e-05	
-6.84	-0.168278	-0.000244798	-0.171762	1.3998e-05	-0.168278	-0.000244798	-0.171762	1.3998e-05	
-6.82	-0.168849	-0.000250722	-0.172368	1.41403e-05	-0.168849	-0.000250722	-0.172368	1.41403e-05	
-6.8	-0.169424	-0.000256767	-0.172978	1.42836e-05	-0.169424	-0.000256767	-0.172978	1.42836e-05	
-6.78	-0.170003	-0.000262933	-0.173592	1.44279e-05	-0.170003	-0.000262933	-0.173592	1.44279e-05	
-6.76	-0.170586	-0.000269222	-0.174211	1.45731e-05	-0.170586	-0.000269222	-0.174211	1.45731e-05	
-6.74	-0.171173	-0.000275636	-0.174834	1.47191e-05	-0.171173	-0.000275636	-0.174834	1.47191e-05	
-6.72	-0.171764	-0.000282175	-0.175462	1.48661e-05	-0.171764	-0.000282175	-0.175462	1.48661e-05	
-6.7	-0.172359	-0.000288841	-0.176095	1.50138e-05	-0.172359	-0.000288841	-0.176095	1.50138e-05	
-6.68	-0.172959	-0.000295636	-0.176732	1.51624e-05	-0.172959	-0.000295636	-0.176732	1.51624e-05	
-6.66	-0.173563	-0.000302561	-0.177374	1.53117e-05	-0.173563	-0.000302561	-0.177374	1.53117e-05	
-6.64	-0.174171	-0.000309617	-0.17802	1.54618e-05	-0.174171	-0.000309617	-0.17802	1.54618e-05	
-6.62	-0.174784	-0.000316805	-0.178672	1.56125e-05	-0.174784	-0.000316805	-0.178672	1.56125e-05	
-6.6	-0.175401	-0.000324126	-0.179328	1.57638e-05	-0.175401	-0.000324126	-0.179328	1.57638e-05	
-6.58	-0.176022	-0.000331582	-0.17999	1.59157e-05	-0.176022	-0.000331582	-0.17999	1.59157e-05	
-6.56	-0.176648	-0.000339174	-0.180656	1.60682e-05	-0.176648	-0.000339174	-0.180656	1.60682e-05	
-6.54	-0.177279	-0.000346903	-0.181327	1.62211e-05	-0.177279	-0.000346903	-0.181327	1.62211e-05	
-6.52	-0.177914	-0.00035477	-0.182004	1.63744e-05	-0.177914	-0.00035477	-0.182004	1.63744e-05	
-6.5	-0.178554	-0.000362776	-0.182685	1.65281e-05	-0.178554	-0.000362776	-0.182685	1.65281e-05	
-6.48	-0.179198	-0.000370922	-0.183372	1.66821e-05	-0.179198	-0.000370922	-0.183372	1.66821e-05	
-6.46	-0.179848	-0.000379209	-0.184065	1.68362e-05	-0.179848	-0.000379209	-0.184065	1.68362e-05	
-6.44	-0.180502	-0.000387637	-0.184762	1.69905e-05	-0.180502	-0.000387637	-0.184762	1.69905e-05	
-6.42	-0.181161	-0.000396209	-0.185465	1.71449e-05	-0.181161	-0.000396209	-0.185465	1.71449e-05	
-6.4	-0.181825	-0.000404925	-0.186174	1.72992e-05	-0.181825	-0.000404925	-0.186174	1.72992e-05	
-6.38	-0.182494	-0.000413784	-0.186888	1.74533e-05	-0.182494	-0.000413784	-0.186888	1.74533e-05	
-6.36	-0.183168	-0.00042279	-0.187608	1.76073e-05	-0.183168	-0.00042279	-0.187608	1.76073e-05	
-6.34	-0.183847	-0.000431941	-0.188333	1.77609e-05	-0.183847	-0.000431941	-0.188333	1.77609e-05	
-6.32	-0.184531	-0.000441239	-0.189064	1.79141e-05	-0.184531	-0.000441239	-0.189064	1.79141e-05	
-6.3	-0.185221	-0.000450684	-0.189801	1.80668e-05	-0.185221	-0.000450684	-0.189801	1.80668e-05	
-6.28	-0.185916	-0.000460278	-0.190544	1.82188e-05	-0.185916	-0.000460278	-0.190544	1.82188e-05	
-6.26	-0.186616	-0.00047002	-0.191293	1.83699e-05	-0.186616	-0.00047002	-0.191293	1.83699e-05	
-6.24	-0.187322	-0.000479912	-0.192048	1.85202e-05	-0.187322	-0.000479912	-0.192048	1.85202e-05	
-6.22	-0.188033	-0.000489954	-0.192809	1.86694e-05	-0.188033	-0.000489954	-0.192809	1.86694e-05	
-6.2	-0.188749	-0.000500146	-0.193576	1.88173e-05	-0.188749	-0.000500146	-0.193576	1.88173e-05	
-6.18	-0.189472	-0.000510489	-0.19435	1.89639e-05	-0.189472	-0.000510489	-0.19435	1.89639e-05	
-6.16	-0.1902	-0.000520983	-0.19513	1.91089e-05	-0.1902	-0.000520983	-0.19513	1.91089e-05	
-6.14	-0.190933	-0.000531629	-0.195916	1.92521e-05	-0.190933	-0.000531629	-0.195916	1.92521e-05	
-6.12	-0.191673	-0.000542428	-0.196709	1.93935e-05	-0.191673	-0.000542428	-0.196709	1.93935e-05	
-6.1	-0.192418	-0.000553379	-0.197508	1.95327e-05	-0.192418	-0.000553379	-0.197508	1.95327e-05	
-6.08	-0.19317	-0.000564483	-0.198314	1.96696e-05	-0.19317	-0.000564483	-0.198314	1.96696e-05	
-6.06	-0.193927	-0.000575741	-0.199127	1.9804e-05	-0.193927	-0.000575741	-0.199127	1.9804e-05	
-6.04	-0.194691	-0.000587152	-0.199947	1.99355e-05	-0.194691	-0.000587152	-0.199947	1.99355e-05	
-6.02	-0.195461	-0.000598718	-0.200774	2.00641e-05	-0.195461	-0.000598718	-0.200774	2.00641e-05	
-6	-0.196237	-0.000610439	-0.201608	2.01894e-05	-0.196237	-0.000610439	-0.201608	2.01894e-05	
-5.98	-0.197019	-0.000622314	-0.202449	2.03111e-05	-0.197019	-0.000622314	-0.202449	2.03111e-05	
-5.96	-0.197808	-0.000634344	-0.203297	2.0429e-05	-0.197808	-0.000634344	-0.203297	2.0429e-05	
-5.94	-0.198603	-0.000646531	-0.204152	2.05427e-05	-0.198603	-0.000646531	-0.204152	2.05427e-05	
-5.92	-0.199405	-0.000658873	-0.205015	2.0652e-05	-0.199405	-0.000658873	-0.205015	2.0652e-05	
-5.9	-0.200213	-0.000671371	-0.205886	2.07566e-05	-0.200213	-0.000671371	-0.205886	2.07566e-05	
-5.88	-0.201028	-0.000684026	-0.206764	2.08559e-05	-0.201028	-0.000684026	-0.206764	2.08559e-05	
-5.86	-0.20185	-0.000696839	-0.207649	2.09498e-05	-0.20185	-0.000696839	-0.207649	2.09498e-05	
-5.84	-0.202679	-0.000709809	-0.208543	2.10378e-05	-0.202679	-0.000709809	-0.208543	2.10378e-05	
-5.82	-0.203515	-0.000722937	-0.209445	2.11195e-05	-0.203515	-0.000722937	-0.209445	2.11195e-05	
-5.8	-0.204358	-0.000736223	-0.210354	2.11944e-05	-0.204358	-0.000736223	-0.210354	2.11944e-05	
-5.78	-0.205208	-0.000749668	-0.211272	2.12621e-05	-0.205208	-0.000749668	-0.211272	2.12621e-05	
-5.76	-0.206065	-0.000763273	-0.212198	2.13222e-05	-0.206065	-0.000763273	-0.212198	2.13222e-05	
-5.74	-0.20693	-0.000777038	-0.213132	2.13742e-05	-0.20693	-0.000777038	-0.213132	2.13742e-05	
-5.72	-0.207802	-0.000790964	-0.214075	2.14174e-05	-0.207802	-0.000790964	-0.214075	2.14174e-05	
-5.7	-0.208682	-0.000805051	-0.215027	2.14514e-05	-0.208682	-0.000805051	-0.215027	2.14514e-05	
-5.68	-0.209569	-0.0008193	-0.215987	2.14755e-05	-0.209569	-0.0008193	-0.215987	2.14755e-05	
-5.66	-0.210465	-0.000833713	-0.216956	2.14893e-05	-0.210465	-0.000833713	-0.216956	2.14893e-05	
-5.64	-0.211368	-0.000848289	-0.217934	2.14919e-05	-0.211368	-0.000848289	-0.217934	2.14919e-05	
-5.62	-0.212278	-0.000863029	-0.218921	2.14828e-05	-0.212278	-0.000863029	-0.218921	2.14828e-05	
-5.6	-0.213197	-0.000877935	-0.219918	2.14611e-05	-0.213197	-0.000877935	-0.219918	2.14611e-05	
-5.58	-0.214124	-0.000893008	-0.220924	2.14263e-05	-0.214124	-0.000893008	-0.220924	2.14263e-05	
-5.56	-0.21506	-0.000908249	-0.221939	2.13774e-05	-0.21506	-0.000908249	-0.221939	2.13774e-05	
-5.54	-0.216004	-0.000923659	-0.222964	2.13137e-05	-0.216004	-0.000923659	-0.222964	2.13137e-05	
-5.52	-0.216956	-0.000939239	-0.223999	2.12342e-05	-0.216956	-0.000939239	-0.223999	2.12342e-05	
-5.5	-0.217916	-0.000954991	-0.225044	2.11381e-05	-0.217916	-0.000954991	-0.225044	2.11381e-05	
-5.48	-0.218886	-0.000970915	-0.226099	2.10244e-05	-0.218886	-0.000970915	-0.226099	2.10244e-05	
-5.46	-0.219864	-0.000987015	-0.227164	2.08921e-05	-0.219864	-0.000987015	-0.227164	2.08921e-05	
-5.44	-0.220852	-0.00100329	-0.22824	2.074e-05	-0.220852	-0.00100329	-0.22824	2.074e-05	
-5.42	-0.221848	-0.00101975	-0.229326	2.05672e-05	-0.221848	-0.00101975	-0.229326	2.05672e-05	
-5.4	-0.222853	-0.00103638	-0.230423	2.03723e-05	-0.222853	-0.00103638	-0.230423	2.03723e-05	
-5.38	-0.223868	-0.0010532	-0.23153	2.01542e-05	-0.223868	-0.0010532	-0.23153	2.01542e-05	
-5.36	-0.224892	-0.0010702	-0.232649	1.99115e-05	-0.224892	-0.0010702	-0.232649	1.99115e-05	
-5.34	-0.225926	-0.00108738	-0.233779	1.96429e-05	-0.225926	-0.00108738	-0.233779	1.96429e-05	
-5.32	-0.22697	-0.00110476	-0.234921	1.9347e-05	-0.22697	-0.00110476	-0.234921	1.9347e-05	
-5.3	-0.228023	-0.00112233	-0.236073	1.90221e-05	-0.228023	-0.00112233	-0.236073	1.90221e-05	
-5.28	-0.229087	-0.00114009	-0.237238	1.86667e-05	-0.229087	-0.00114009	-0.237238	1.86667e-05	
-5.26	-0.23016	-0.00115804	-0.238415	1.82791e-05	-0.23016	-0.00115804	-0.238415	1.82791e-05	
-5.24	-0.231244	-0.0011762	-0.239604	1.78576e-05	-0.231244	-0.0011762	-0.239604	1.78576e-05	
-5.22	-0.232338	-0.00119456	-0.240805	1.74002e-05	-0.232338	-0.00119456	-0.240805	1.74002e-05	
-5.2	-0.233443	-0.00121313	-0.242018	1.69051e-05	-0.233443	-0.00121313	-0.242018	1.69051e-05	
-5.18	-0.234558	-0.0012319	-0.243245	1.637e-05	-0.234558	-0.0012319	-0.243245	1.637e-05	
-5.16	-0.235685	-0.00125089	-0.244484	1.5793e-05	-0.235685	-0.00125089	-0.244484	1.5793e-05	
-5.14	-0.236822	-0.00127009	-0.245737	1.51716e-05	-0.236822	-0.00127009	-0.245737	1.51716e-05	
-5.12	-0.237971	-0.00128951	-0.247002	1.45034e-05	-0.237971	-0.00128951	-0.247002	1.45034e-05	
-5.1	-0.239131	-0.00130916	-0.248282	1.3786e-05	-0.239131	-0.00130916	-0.248282	1.3786e-05	
-5.08	-0.240302	-0.00132904	-0.249575	1.30166e-05	-0.240302	-0.00132904	-0.249575	1.30166e-05	
-5.06	-0.241485	-0.00134915	-0.250882	1.21925e-05	-0.241485	-0.00134915	-0.250882	1.21925e-05	
-5.04	-0.24268	-0.00136949	-0.252204	1.13107e-05	-0.24268	-0.00136949	-0.252204	1.13107e-05	
-5.02	-0.243887	-0.00139008	-0.25354	1.0368e-05	-0.243887	-0.00139008	-0.25354	1.0368e-05	
-5	-0.245107	-0.00141092	-0.25489	9.36116e-06	-0.245107	-0.00141092	-0.25489	9.36116e-06	
-4.98	-0.246338	-0.001432	-0.256256	8.28675e-06	-0.246338	-0.001432	-0.256256	8.28675e-06	
-4.96	-0.247583	-0.00145335	-0.257637	7.1411e-06	-0.247583	-0.00145335	-0.257637	7.1411e-06	
-4.94	-0.24884	-0.00147495	-0.259034	5.92036e-06	-0.24884	-0.00147495	-0.259034	5.92036e-06	
-4.92	-0.25011	-0.00149683	-0.260446	4.6205e-06	-0.25011	-0.00149683	-0.260446	4.6205e-06	
-4.9	-0.251393	-0.00151898	-0.261875	3.23725e-06	-0.251393	-0.00151898	-0.261875	3.23725e-06	
-4.88	-0.25269	-0.00154141	-0.26332	1.7661e-06	-0.25269	-0.00154141	-0.26332	1.7661e-06	
-4.86	-0.254	-0.00156412	-0.264781	2.02322e-07	-0.254	-0.00156412	-0.264781	2.02322e-07	
-4.84	-0.255324	-0.00158713	-0.26626	-1.45909e-06	-0.255324	-0.00158713	-0.26626	-1.45909e-06	
-4.82	-0.256663	-0.00161044	-0.267756	-3.2234e-06	-0.256663	-0.00161044	-0.267756	-3.2234e-06	
-4.8	-0.258015	-0.00163406	-0.269269	-5.09616e-06	-0.258015	-0.00163406	-0.269269	-5.09616e-06	
-4.78	-0.259382	-0.001658	-0.270801	-7.08325e-06	-0.259382	-0.001658	-0.270801	-7.08325e-06	
-4.76	-0.260764	-0.00168225	-0.27235	-9.19083e-06	-0.260764	-0.00168225	-0.27235	-9.19083e-06	
-4.74	-0.26216	-0.00170684	-0.273918	-1.14254e-05	-0.26216	-0.00170684	-0.273918	-1.14254e-05	
-4.72	-0.263572	-0.00173176	-0.275505	-1.3794e-05	-0.263572	-0.00173176	-0.275505	-1.3794e-05	
-4.7	-0.265	-0.00175703	-0.277112	-1.63036e-05	-0.265	-0.00175703	-0.277112	-1.63036e-05	
-4.68	-0.266443	-0.00178266	-0.278738	-1.89622e-05	-0.266443	-0.00178266	-0.278738	-1.89622e-05	
-4.66	-0.267902	-0.00180865	-0.280384	-2.17776e-05	-0.267902	-0.00180865	-0.280384	-2.17776e-05	
-4.64	-0.269377	-0.00183502	-0.28205	-2.47586e-05	-0.269377	-0.00183502	-0.28205	-2.47586e-05	
-4.62	-0.270869	-0.00186177	-0.283737	-2.79141e-05	-0.270869	-0.00186177	-0.283737	-2.79141e-05	
-4.6	-0.272378	-0.00188891	-0.285446	-3.12536e-05	-0.272378	-0.00188891	-0.285446	-3.12536e-05	
-4.58	-0.273904	-0.00191646	-0.287176	-3.47872e-05	-0.273904	-0.00191646	-0.287176	-3.47872e-05	
-4.56	-0.275447	-0.00194442	-0.288928	-3.85256e-05	-0.275447	-0.00194442	-0.288928	-3.85256e-05	
-4.54	-0.277008	-0.00197281	-0.290703	-4.248e-05	-0.277008	-0.00197281	-0.290703	-4.248e-05	
-4.52	-0.278587	-0.00200163	-0.2925	-4.66623e-05	-0.278587	-0.00200163	-0.2925	-4.66623e-05	
-4.5	-0.280184	-0.0020309	-0.294321	-5.10851e-05	-0.280184	-0.0020309	-0.294321	-5.10851e-05	
-4.48	-0.281799	-0.00206064	-0.296166	-5.57617e-05	-0.281799	-0.00206064	-0.296166	-5.57617e-05	
-4.46	-0.283434	-0.00209085	-0.298035	-6.07061e-05	-0.283434	-0.00209085	-0.298035	-6.07061e-05	
-4.44	-0.285088	-0.00212154	-0.29993	-6.59332e-05	-0.285088	-0.00212154	-0.29993	-6.59332e-05	
-4.42	-0.286762	-0.00215274	-0.301849	-7.14588e-05	-0.286762	-0.00215274	-0.301849	-7.14588e-05	
-4.4	-0.288456	-0.00218445	-0.303794	-7.72996e-05	-0.288456	-0.00218445	-0.303794	-7.72996e-05	
-4.38	-0.29017	-0.00221669	-0.305766	-8.34731e-05	-0.29017	-0.00221669	-0.305766	-8.34731e-05	
-4.36	-0.291904	-0.00224947	-0.307765	-8.9998e-05	-0.291904	-0.00224947	-0.307765	-8.9998e-05	
-4.34	-0.29366	-0.00228281	-0.309792	-9.68942e-05	-0.29366	-0.00228281	-0.309792	-9.68942e-05	
-4.32	-0.295437	-0.00231673	-0.311847	-0.000104183	-0.295437	-0.00231673	-0.311847	-0.000104183	
-4.3	-0.297237	-0.00235124	-0.31393	-0.000111885	-0.297237	-0.00235124	-0.31393	-0.000111885	
-4.28	-0.299058	-0.00238636	-0.316043	-0.000120026	-0.299058	-0.00238636	-0.316043	-0.000120026	
-4.26	-0.300902	-0.0024221	-0.318186	-0.000128629	-0.300902	-0.0024221	-0.318186	-0.000128629	
-4.24	-0.30277	-0.00245849	-0.32036	-0.000137722	-0.30277	-0.00245849	-0.32036	-0.000137722	
-4.22	-0.304661	-0.00249555	-0.322566	-0.000147333	-0.304661	-0.00249555	-0.322566	-0.000147333	
-4.2	-0.306576	-0.00253329	-0.324804	-0.00015749	-0.306576	-0.00253329	-0.324804	-0.00015749	
-4.18	-0.308515	-0.00257174	-0.327074	-0.000168226	-0.308515	-0.00257174	-0.327074	-0.000168226	
-4.16	-0.31048	-0.00261091	-0.329378	-0.000179575	-0.31048	-0.00261091	-0.329378	-0.000179575	
-4.14	-0.31247	-0.00265083	-0.331717	-0.000191572	-0.31247	-0.00265083	-0.331717	-0.000191572	
-4.12	-0.314486	-0.00269152	-0.334091	-0.000204254	-0.314486	-0.00269152	-0.334091	-0.000204254	
-4.1	-0.316528	-0.00273301	-0.336501	-0.000217662	-0.316528	-0.00273301	-0.336501	-0.000217662	
-4.08	-0.318597	-0.00277532	-0.338948	-0.000231839	-0.318597	-0.00277532	-0.338948	-0.000231839	
-4.06	-0.320694	-0.00281847	-0.341433	-0.00024683	-0.320694	-0.00281847	-0.341433	-0.00024683	
-4.04	-0.322819	-0.0028625	-0.343957	-0.000262684	-0.322819	-0.0028625	-0.343957	-0.000262684	
-4.02	-0.324973	-0.00290742	-0.346521	-0.000279451	-0.324973	-0.00290742	-0.346521	-0.000279451	
-4	-0.327156	-0.00295328	-0.349125	-0.000297187	-0.327156	-0.00295328	-0.349125	-0.000297187	
-3.98	-0.329369	-0.00300009	-0.351771	-0.000315949	-0.329369	-0.00300009	-0.351771	-0.000315949	
-3.96	-0.331613	-0.0030479	-0.35446	-0.0003358	-0.331613	-0.0030479	-0.35446	-0.0003358	
-3.94	-0.333887	-0.00309673	-0.357193	-0.000356806	-0.333887	-0.00309673	-0.357193	-0.000356806	
-3.92	-0.336194	-0.00314662	-0.35997	-0.000379037	-0.336194	-0.00314662	-0.35997	-0.000379037	
-3.9	-0.338533	-0.0031976	-0.362794	-0.000402567	-0.338533	-0.0031976	-0.362794	-0.000402567	
-3.88	-0.340905	-0.0032497	-0.365666	-0.000427477	-0.340905	-0.0032497	-0.365666	-0.000427477	
-3.86	-0.34331	-0.00330298	-0.368586	-0.000453852	-0.34331	-0.00330298	-0.368586	-0.000453852	
-3.84	-0.345751	-0.00335746	-0.371556	-0.000481783	-0.345751	-0.00335746	-0.371556	-0.000481783	
-3.82	-0.348227	-0.00341319	-0.374577	-0.000511368	-0.348227	-0.00341319	-0.374577	-0.000511368	
-3.8	-0.350739	-0.00347022	-0.377651	-0.000542709	-0.350739	-0.00347022	-0.377651	-0.000542709	
-3.78	-0.353288	-0.00352858	-0.380779	-0.000575917	-0.353288	-0.00352858	-0.380779	-0.000575917	
-3.76	-0.355875	-0.00358832	-0.383962	-0.000611111	-0.355875	-0.00358832	-0.383962	-0.000611111	
-3.74	-0.3585	-0.0036495	-0.387203	-0.000648418	-0.3585	-0.0036495	-0.387203	-0.000648418	
-3.72	-0.361165	-0.00371217	-0.390503	-0.000687972	-0.361165	-0.00371217	-0.390503	-0.000687972	
-3.7	-0.363871	-0.00377638	-0.393863	-0.000729919	-0.363871	-0.00377638	-0.393863	-0.000729919	
-3.68	-0.366617	-0.00384218	-0.397285	-0.000774414	-0.366617	-0.00384218	-0.397285	-0.000774414	
-3.66	-0.369407	-0.00390964	-0.400771	-0.000821622	-0.369407	-0.00390964	-0.400771	-0.000821622	
-3.64	-0.372239	-0.00397881	-0.404324	-0.000871721	-0.372239	-0.00397881	-0.404324	-0.000871721	
-3.62	-0.375116	-0.00404977	-0.407944	-0.000924903	-0.375116	-0.00404977	-0.407944	-0.000924903	
-3.6	-0.378038	-0.00412257	-0.411634	-0.000981371	-0.378038	-0.00412257	-0.411634	-0.000981371	
-3.58	-0.381006	-0.0041973	-0.415396	-0.00104135	-0.381006	-0.0041973	-0.415396	-0.00104135	
-3.56	-0.384023	-0.00427402	-0.419232	-0.00110506	-0.384023	-0.00427402	-0.419232	-0.00110506	
-3.54	-0.387088	-0.00435282	-0.423146	-0.00117277	-0.387088	-0.00435282	-0.423146	-0.00117277	
-3.52	-0.390203	-0.00443376	-0.427138	-0.00124475	-0.390203	-0.00443376	-0.427138	-0.00124475	
-3.5	-0.393369	-0.00451695	-0.431211	-0.00132128	-0.393369	-0.00451695	-0.431211	-0.00132128	
-3.48	-0.396588	-0.00460247	-0.435369	-0.00140269	-0.396588	-0.00460247	-0.435369	-0.00140269	
-3.46	-0.39986	-0.00469042	-0.439613	-0.00148931	-0.39986	-0.00469042	-0.439613	-0.00148931	
-3.44	-0.403188	-0.00478088	-0.443948	-0.0015815	-0.403188	-0.00478088	-0.443948	-0.0015815	
-3.42	-0.406572	-0.00487398	-0.448375	-0.00167966	-0.406572	-0.00487398	-0.448375	-0.00167966	
-3.4	-0.410015	-0.00496982	-0.452898	-0.00178421	-0.410015	-0.00496982	-0.452898	-0.00178421	
-3.38	-0.413517	-0.00506851	-0.45752	-0.00189561	-0.413517	-0.00506851	-0.45752	-0.00189561	
-3.36	-0.41708	-0.00517018	-0.462245	-0.00201434	-0.41708	-0.00517018	-0.462245	-0.00201434	
-3.34	-0.420706	-0.00527495	-0.467075	-0.00214095	-0.420706	-0.00527495	-0.467075	-0.00214095	
-3.32	-0.424397	-0.00538296	-0.472016	-0.002276	-0.424397	-0.00538296	-0.472016	-0.002276	
-3.3	-0.428153	-0.00549435	-0.47707	-0.00242012	-0.428153	-0.00549435	-0.47707	-0.00242012	
-3.28	-0.431978	-0.00560927	-0.482243	-0.00257398	-0.431978	-0.00560927	-0.482243	-0.00257398	
-3.26	-0.435873	-0.00572789	-0.487537	-0.00273831	-0.435873	-0.00572789	-0.487537	-0.00273831	
-3.24	-0.43984	-0.00585036	-0.492959	-0.00291389	-0.43984	-0.00585036	-0.492959	-0.00291389	
-3.22	-0.44388	-0.00597687	-0.498512	-0.00310159	-0.44388	-0.00597687	-0.498512	-0.00310159	
-3.2	-0.447997	-0.00610759	-0.504202	-0.00330233	-0.447997	-0.00610759	-0.504202	-0.00330233	
-3.18	-0.452191	-0.00624274	-0.510033	-0.00351711	-0.452191	-0.00624274	-0.510033	-0.00351711	
-3.16	-0.456467	-0.0063825	-0.516012	-0.00374703	-0.456467	-0.0063825	-0.516012	-0.00374703	
-3.14	-0.460825	-0.00652712	-0.522145	-0.00399329	-0.460825	-0.00652712	-0.522145	-0.00399329	
-3.12	-0.465268	-0.00667681	-0.528437	-0.00425718	-0.465268	-0.00667681	-0.528437	-0.00425718	
-3.1	-0.469799	-0.00683183	-0.534894	-0.00454011	-0.469799	-0.00683183	-0.534894	-0.00454011	
-3.08	-0.474421	-0.00699244	-0.541525	-0.00484362	-0.474421	-0.00699244	-0.541525	-0.00484362	
-3.06	-0.479135	-0.00715892	-0.548335	-0.00516939	-0.479135	-0.00715892	-0.548335	-0.00516939	
-3.04	-0.483946	-0.00733155	-0.555334	-0.00551925	-0.483946	-0.00733155	-0.555334	-0.00551925	
-3.02	-0.488856	-0.00751066	-0.562528	-0.00589522	-0.488856	-0.00751066	-0.562528	-0.00589522	
-3	-0.493868	-0.00769658	-0.569926	-0.00629947	-0.493868	-0.00769658	-0.569926	-0.00629947	
-2.98	-0.498986	-0.00788965	-0.577538	-0.00673441	-0.498986	-0.00788965	-0.577538	-0.00673441	
-2.96	-0.504212	-0.00809026	-0.585373	-0.00720267	-0.504212	-0.00809026	-0.585373	-0.00720267	
-2.94	-0.509551	-0.0082988	-0.593441	-0.00770714	-0.509551	-0.0082988	-0.593441	-0.00770714	
-2.92	-0.515006	-0.0085157	-0.601753	-0.00825099	-0.515006	-0.0085157	-0.601753	-0.00825099	
-2.9	-0.52058	-0.00874141	-0.610321	-0.00883771	-0.52058	-0.00874141	-0.610321	-0.00883771	
-2.88	-0.526279	-0.00897641	-0.619156	-0.00947114	-0.526279	-0.00897641	-0.619156	-0.00947114	
-2.86	-0.532105	-0.00922123	-0.628271	-0.0101555	-0.532105	-0.00922123	-0.628271	-0.0101555	
-2.84	-0.538065	-0.00947639	-0.637681	-0.0108954	-0.538065	-0.00947639	-0.637681	-0.0108954	
-2.82	-0.544161	-0.0097425	-0.6474	-0.0116961	-0.544161	-0.0097425	-0.6474	-0.0116961	
-2.8	-0.550399	-0.0100202	-0.657444	-0.0125633	-0.550399	-0.0100202	-0.657444	-0.0125633	
-2.78	-0.556785	-0.0103101	-0.667829	-0.0135032	-0.556785	-0.0103101	-0.667829	-0.0135032	
-2.76	-0.563322	-0.010613	-0.678573	-0.0145228	-0.563322	-0.010613	-0.678573	-0.0145228	
-2.74	-0.570018	-0.0109296	-0.689695	-0.0156299	-0.570018	-0.0109296	-0.689695	-0.0156299	
-2.72	-0.576877	-0.0112607	-0.701216	-0.0168331	-0.576877	-0.0112607	-0.701216	-0.0168331	
-2.7	-0.583906	-0.0116073	-0.713157	-0.0181421	-0.583906	-0.0116073	-0.713157	-0.0181421	
-2.68	-0.591111	-0.0119703	-0.725543	-0.0195674	-0.591111	-0.0119703	-0.725543	-0.0195674	
-2.66	-0.598499	-0.0123506	-0.738397	-0.0211211	-0.598499	-0.0123506	-0.738397	-0.0211211	
-2.64	-0.606078	-0.0127494	-0.751746	-0.0228165	-0.606078	-0.0127494	-0.751746	-0.0228165	
-2.62	-0.613853	-0.013168	-0.765621	-0.0246685	-0.613853	-0.013168	-0.765621	-0.0246685	
-2.6	-0.621835	-0.0136074	-0.780051	-0.0266939	-0.621835	-0.0136074	-0.780051	-0.0266939	
-2.58	-0.63003	-0.0140691	-0.79507	-0.0289115	-0.63003	-0.0140691	-0.79507	-0.0289115	
-2.56	-0.638447	-0.0145546	-0.810714	-0.0313426	-0.638447	-0.0145546	-0.810714	-0.0313426	
-2.54	-0.647096	-0.0150655	-0.827021	-0.0340109	-0.647096	-0.0150655	-0.827021	-0.0340109	
-2.52	-0.655987	-0.0156035	-0.844034	-0.0369434	-0.655987	-0.0156035	-0.844034	-0.0369434	
-2.5	-0.66513	-0.0161704	-0.861797	-0.0401708	-0.66513	-0.0161704	-0.861797	-0.0401708	
-2.48	-0.674535	-0.0167682	-0.880359	-0.0437274	-0.674535	-0.0167682	-0.880359	-0.0437274	
-2.46	-0.684214	-0.0173992	-0.899772	-0.0476527	-0.684214	-0.0173992	-0.899772	-0.0476527	
-2.44	-0.69418	-0.0180657	-0.920092	-0.0519912	-0.69418	-0.0180657	-0.920092	-0.0519912	
-2.42	-0.704446	-0.0187703	-0.941381	-0.0567941	-0.704446	-0.0187703	-0.941381	-0.0567941	
-2.4	-0.715024	-0.0195157	-0.963703	-0.0621194	-0.715024	-0.0195157	-0.963703	-0.0621194	
-2.38	-0.725931	-0.0203051	-0.987131	-0.068034	-0.725931	-0.0203051	-0.987131	-0.068034	
-2.36	-0.73718	-0.0211417	-1.01174	-0.0746143	-0.73718	-0.0211417	-1.01174	-0.0746143	
-2.34	-0.74879	-0.0220292	-1.03761	-0.0819485	-0.74879	-0.0220292	-1.03761	-0.0819485	
-2.32	-0.760777	-0.0229715	-1.06484	-0.0901381	-0.760777	-0.0229715	-1.06484	-0.0901381	
-2.3	-0.77316	-0.0239729	-1.09351	-0.0993003	-0.77316	-0.0239729	-1.09351	-0.0993003	
-2.28	-0.785959	-0.0250383	-1.12372	-0.109571	-0.785959	-0.0250383	-1.12372	-0.109571	
-2.26	-0.799196	-0.0261727	-1.15559	-0.121108	-0.799196	-0.0261727	-1.15559	-0.121108	
-2.24	-0.812894	-0.027382	-1.18923	-0.134095	-0.812894	-0.027382	-1.18923	-0.134095	
-2.22	-0.827076	-0.0286723	-1.22475	-0.148745	-0.827076	-0.0286723	-1.22475	-0.148745	
-2.2	-0.841769	-0.0300507	-1.26227	-0.165308	-0.841769	-0.0300507	-1.26227	-0.165308	
-2.18	-0.857001	-0.0315247	-1.30192	-0.184077	-0.857001	-0.0315247	-1.30192	-0.184077	
-2.16	-0.872803	-0.0331028	-1.34381	-0.205394	-0.872803	-0.0331028	-1.34381	-0.205394	
-2.14	-0.889207	-0.0347944	-1.38807	-0.22966	-0.889207	-0.0347944	-1.38807	-0.22966	
-2.12	-0.906247	-0.0366098	-1.43479	-0.257348	-0.906247	-0.0366098	-1.43479	-0.257348	
-2.1	-0.923962	-0.0385605	-1.48404	-0.28901	-0.923962	-0.0385605	-1.48404	-0.28901	
-2.08	-0.942393	-0.0406593	-1.53587	-0.325297	-0.942393	-0.0406593	-1.53587	-0.325297	
-2.06	-0.961582	-0.0429206	-1.59024	-0.366969	-0.961582	-0.0429206	-1.59024	-0.366969	
-2.04	-0.981579	-0.0453603	-1.64706	-0.414912	-0.981579	-0.0453603	-1.64706	-0.414912	
-2.02	-1.00243	-0.0479962	-1.7061	-0.470155	-1.00243	-0.0479962	-1.7061	-0.470155	
-2	-1.0242	-0.0508483	-1.76695	-0.533879	-1.0242	-0.0508483	-1.76695	-0.533879	
-1.98	-1.04695	-0.0539394	-1.82898	-0.607422	-1.04695	-0.0539394	-1.82898	-0.607422	
-1.96	-1.07074	-0.0572946	-1.89122	-0.692271	-1.07074	-0.0572946	-1.89122	-0.692271	
-1.94	-1.09564	-0.0609428	-1.95229	-0.790027	-1.09564	-0.0609428	-1.95229	-0.790027	
-1.92	-1.12173	-0.0649164	-2.01023	-0.90233	-1.12173	-0.0649164	-2.01023	-0.90233	
-1.9	-1.14911	-0.0692523	-2.06241	-1.03073	-1.14911	-0.0692523	-2.06241	-1.03073	
-1.88	-1.17786	-0.0739927	-2.10535	-1.17649	-1.17786	-0.0739927	-2.10535	-1.17649	
-1.86	-1.20809	-0.0791854	-2.13466	-1.34021	-1.20809	-0.0791854	-2.13466	-1.34021	
-1.84	-1.23992	-0.0848854	-2.14505	-1.52148	-1.23992	-0.0848854	-2.14505	-1.52148	
-1.82	-1.27347	-0.0911559	-2.1305	-1.71824	-1.27347	-0.0911559	-2.1305	-1.71824	
-1.8	-1.30888	-0.0980698	-2.08483	-1.92631	-1.30888	-0.0980698	-2.08483	-1.92631	
-1.78	-1.34632	-0.105711	-2.00247	-2.13897	-1.34632	-0.105711	-2.00247	-2.13897	
-1.76	-1.38594	-0.114178	-1.87973	-2.34692	-1.38594	-0.114178	-1.87973	-2.34692	
-1.74	-1.42795	-0.123584	-1.71605	-2.53897	-1.42795	-0.123584	-1.71605	-2.53897	
-1.72	-1.47256	-0.134063	-1.51501	-2.70339	-1.47256	-0.134063	-1.51501	-2.70339	
-1.7	-1.52	-0.145771	-1.28454	-2.82989	-1.52	-0.145771	-1.28454	-2.82989	
-1.68	-1.57056	-0.158894	-1.03606	-2.91152	-1.57056	-0.158894	-1.03606	-2.91152	
-1.66	-1.62452	-0.17365	-0.782609	-2.94593	-1.62452	-0.17365	-0.782609	-2.94593	
-1.64	-1.68223	-0.1903	-0.536727	-2.93548	-1.68223	-0.1903	-0.536727	-2.93548	
-1.62	-1.74407	-0.209159	-0.308584	-2.8863	-1.74407	-0.209159	-0.308584	-2.8863	
-1.6	-1.81047	-0.230602	-0.105009	-2.80669	-1.81047	-0.230602	-0.105009	-2.80669	
-1.58	-1.88192	-0.255087	0.0705971	-2.70552	-1.88192	-0.255087	0.0705971	-2.70552	
-1.56	-1.95896	-0.283168	0.217705	-2.591	-1.95896	-0.283168	0.217705	-2.591	
-1.54	-2.04223	-0.31553	0.337815	-2.47	-2.04223	-0.31553	0.337815	-2.47	
-1.52	-2.13242	-0.353012	0.433629	-2.34778	-2.13242	-0.353012	0.433629	-2.34778	
-1.5	-2.23032	-0.396664	0.508376	-2.22809	-2.23032	-0.396664	0.508376	-2.22809	
-1.48	-2.33682	-0.447794	0.565357	-2.11343	-2.33682	-0.447794	0.565357	-2.11343	
-1.46	-2.4529	-0.508058	0.607665	-2.00528	-2.4529	-0.508058	0.607665	-2.00528	
-1.44	-2.57963	-0.579558	0.638051	-1.90439	-2.57963	-0.579558	0.638051	-1.90439	
-1.42	-2.71815	-0.664987	0.658873	-1.811	-2.71815	-0.664987	0.658873	-1.811	
-1.4	-2.8696	-0.767822	0.672109	-1.72503	-2.8696	-0.767822	0.672109	-1.72503	
-1.38	-3.03504	-0.892576	0.679384	-1.64617	-3.03504	-0.892576	0.679384	-1.64617	
-1.36	-3.21522	-1.04515	0.682024	-1.57402	-3.21522	-1.04515	0.682024	-1.57402	
-1.34	-3.41022	-1.23326	0.681098	-1.50807	-3.41022	-1.23326	0.681098	-1.50807	
-1.32	-3.61881	-1.46703	0.677461	-1.44785	-3.61881	-1.46703	0.677461	-1.44785	
-1.3	-3.83729	-1.75958	0.671798	-1.39285	-3.83729	-1.75958	0.671798	-1.39285	
-1.28	-4.05755	-2.12755	0.664655	-1.34261	-4.05755	-2.12755	0.664655	-1.34261	
-1.26	-4.26389	-2.59112	0.656463	-1.29668	-4.26389	-2.59112	0.656463	-1.29668	
-1.24	-4.42812	-3.17227	0.647566	-1.25465	-4.42812	-3.17227	0.647566	-1.25465	
-1.22	-4.50314	-3.88925	0.638232	-1.21614	-4.50314	-3.88925	0.638232	-1.21614	
-1.2	-4.41728	-4.74358	0.628677	-1.18083	-4.41728	-4.74358	0.628677	-1.18083	
-1.18	-4.07738	-5.69658	0.619065	-1.1484	-4.07738	-5.69658	0.619065	-1.1484	
-1.16	-3.39532	-6.64141	0.609529	-1.11856	-3.39532	-6.64141	0.609529	-1.11856	
-1.14	-2.34817	-7.39843	0.600169	-1.09108	-2.34817	-7.39843	0.600169	-1.09108	
-1.12	-1.04154	-7.77501	0.591063	-1.06572	-1.04154	-7.77501	0.591063	-1.06572	
-1.1	0.301828	-7.67788	0.58227	-1.04228	0.301828	-7.67788	0.58227	-1.04228	
-1.08	1.45424	-7.17461	0.573834	-1.02057	1.45424	-7.17461	0.573834	-1.02057	
-1.06	2.29404	-6.43573	0.565787	-1.00044	2.29404	-6.43573	0.565787	-1.00044	
-1.04	2.81975	-5.6297	0.55815	-0.981716	2.81975	-5.6297	0.55815	-0.981716	
-1.02	3.09561	-4.86565	0.550937	-0.964279	3.09561	-4.86565	0.550937	-0.964279	
-1	3.1984	-4.19311	0.544157	-0.948001	3.1984	-4.19311	0.544157	-0.948001	
-0.98	3.19175	-3.6236	0.537811	-0.93277	3.19175	-3.6236	0.537811	-0.93277	
-0.96	3.12073	-3.15021	0.531897	-0.918486	3.12073	-3.15021	0.531897	-0.918486	
-0.94	3.01474	-2.75944	0.526411	-0.905055	3.01474	-2.75944	0.526411	-0.905055	
-0.92	2.89204	-2.43698	0.521344	-0.892395	2.89204	-2.43698	0.521344	-0.892395	
-0.9	2.7636	-2.16997	0.516685	-0.880428	2.7636	-2.16997	0.516685	-0.880428	
-0.88	2.63581	-1.94768	0.512422	-0.869085	2.63581	-1.94768	0.512422	-0.869085	
-0.86	2.51223	-1.76145	0.508541	-0.858303	2.51223	-1.76145	0.508541	-0.858303	
-0.84	2.39471	-1.60437	0.505028	-0.848024	2.39471	-1.60437	0.505028	-0.848024	
-0.82	2.2841	-1.47099	0.501865	-0.838196	2.2841	-1.47099	0.501865	-0.838196	
-0.8	2.18061	-1.357	0.499037	-0.82877	2.18061	-1.357	0.499037	-0.82877	
-0.78	2.08413	-1.25899	0.496525	-0.819704	2.08413	-1.25899	0.496525	-0.819704	
-0.76	1.99437	-1.17423	0.494311	-0.810959	1.99437	-1.17423	0.494311	-0.810959	
-0.74	1.91093	-1.10054	0.492378	-0.802499	1.91093	-1.10054	0.492378	-0.802499	
-0.72	1.83337	-1.03617	0.490708	-0.794291	1.83337	-1.03617	0.490708	-0.794291	
-0.7	1.76125	-0.97968	0.489281	-0.786309	1.76125	-0.97968	0.489281	-0.786309	
-0.68	1.69415	-0.929914	0.48808	-0.778525	1.69415	-0.929914	0.48808	-0.778525	
-0.66	1.63168	-0.885911	0.487087	-0.770917	1.63168	-0.885911	0.487087	-0.770917	
-0.64	1.57346	-0.846878	0.486284	-0.763465	1.57346	-0.846878	0.486284	-0.763465	
-0.62	1.51915	-0.812154	0.485655	-0.756152	1.51915	-0.812154	0.485655	-0.756152	
-0.6	1.46845	-0.781187	0.485182	-0.748962	1.46845	-0.781187	0.485182	-0.748962	
-0.58	1.42107	-0.75351	0.484849	-0.741882	1.42107	-0.75351	0.484849	-0.741882	
-0.56	1.37677	-0.728728	0.484641	-0.734902	1.37677	-0.728728	0.484641	-0.734902	
-0.54	1.33531	-0.706504	0.484544	-0.728011	1.33531	-0.706504	0.484544	-0.728011	
-0.52	1.2965	-0.68655	0.484543	-0.721202	1.2965	-0.68655	0.484543	-0.721202	
-0.5	1.26015	-0.668615	0.484625	-0.714469	1.26015	-0.668615	0.484625	-0.714469	
-0.48	1.22609	-0.652485	0.484779	-0.707808	1.22609	-0.652485	0.484779	-0.707808	
-0.46	1.19419	-0.63797	0.484992	-0.701215	1.19419	-0.63797	0.484992	-0.701215	
-0.44	1.1643	-0.624904	0.485256	-0.694687	1.1643	-0.624904	0.485256	-0.694687	
-0.42	1.13632	-0.613142	0.485559	-0.688224	1.13632	-0.613142	0.485559	-0.688224	
-0.4	1.11012	-0.602553	0.485895	-0.681824	1.11012	-0.602553	0.485895	-0.681824	
-0.38	1.08563	-0.59302	0.486255	-0.675488	1.08563	-0.59302	0.486255	-0.675488	
-0.36	1.06275	-0.584436	0.486633	-0.669217	1.06275	-0.584436	0.486633	-0.669217	
-0.34	1.04141	-0.576704	0.487023	-0.663012	1.04141	-0.576704	0.487023	-0.663012	
-0.32	1.02154	-0.569736	0.487421	-0.656875	1.02154	-0.569736	0.487421	-0.656875	
-0.3	1.00308	-0.563447	0.487824	-0.650808	1.00308	-0.563447	0.487824	-0.650808	
-0.28	0.985981	-0.557759	0.488228	-0.644813	0.985981	-0.557759	0.488228	-0.644813	
-0.26	0.970183	-0.552597	0.488632	-0.638892	0.970183	-0.552597	0.488632	-0.638892	
-0.24	0.955644	-0.547889	0.489034	-0.633048	0.955644	-0.547889	0.489034	-0.633048	
-0.22	0.942322	-0.543565	0.489434	-0.627283	0.942322	-0.543565	0.489434	-0.627283	
-0.2	0.930178	-0.539557	0.489833	-0.6216	0.930178	-0.539557	0.489833	-0.6216	
-0.18	0.919174	-0.535796	0.490231	-0.616001	0.919174	-0.535796	0.490231	-0.616001	
-0.16	0.909273	-0.532216	0.49063	-0.610486	0.909273	-0.532216	0.49063	-0.610486	
-0.14	0.900439	-0.528748	0.491033	-0.605059	0.900439	-0.528748	0.491033	-0.605059	
-0.12	0.892634	-0.525326	0.491441	-0.599721	0.892634	-0.525326	0.491441	-0.599721	
-0.1	0.885819	-0.521881	0.491859	-0.594471	0.885819	-0.521881	0.491859	-0.594471	
-0.08	0.879953	-0.518348	0.49229	-0.589312	0.879953	-0.518348	0.49229	-0.589312	
-0.06	0.874991	-0.514658	0.492739	-0.584242	0.874991	-0.514658	0.492739	-0.584242	
-0.04	0.870885	-0.510746	0.493208	-0.579263	0.870885	-0.510746	0.493208	-0.579263	
-0.02	0.867581	-0.506546	0.493704	-0.574372	0.867581	-0.506546	0.493704	-0.574372	
0	0.865021	-0.501998	0.494231	-0.569569	0.865021	-0.501998	0.494231	-0.569569	
0.02	0.863142	-0.49704	0.494793	-0.564852	0.863142	-0.49704	0.494793	-0.564852	
0.04	0.861873	-0.491619	0.495397	-0.560219	0.861873	-0.491619	0.495397	-0.560219	
0.06	0.86114	-0.485686	0.496048	-0.555667	0.86114	-0.485686	0.496048	-0.555667	
0.08	0.860861	-0.479197	0.496751	-0.551192	0.860861	-0.479197	0.496751	-0.551192	
0.1	0.860951	-0.472119	0.49751	-0.546791	0.860951	-0.472119	0.49751	-0.546791	
0.12	0.86132	-0.464425	0.498332	-0.54246	0.86132	-0.464425	0.498332	-0.54246	
0.14	0.861877	-0.4561	0.499222	-0.538192	0.861877	-0.4561	0.499222	-0.538192	
0.16	0.862527	-0.44714	0.500184	-0.533984	0.862527	-0.44714	0.500184	-0.533984	
0.18	0.863176	-0.437551	0.501223	-0.529828	0.863176	-0.437551	0.501223	-0.529828	
0.2	0.863733	-0.427351	0.502343	-0.525718	0.863733	-0.427351	0.502343	-0.525718	
0.22	0.86411	-0.41657	0.503549	-0.521647	0.86411	-0.41657	0.503549	-0.521647	
0.24	0.864225	-0.40525	0.504845	-0.517606	0.864225	-0.40525	0.504845	-0.517606	
0.26	0.864001	-0.393439	0.506233	-0.513589	0.864001	-0.393439	0.506233	-0.513589	
0.28	0.863372	-0.381196	0.507716	-0.509585	0.863372	-0.381196	0.507716	-0.509585	
0.3	0.862281	-0.368589	0.509296	-0.505586	0.862281	-0.368589	0.509296	-0.505586	
0.32	0.860682	-0.355687	0.510976	-0.501581	0.860682	-0.355687	0.510976	-0.501581	
0.34	0.85854	-0.342566	0.512755	-0.497561	0.85854	-0.342566	0.512755	-0.497561	
0.36	0.855832	-0.329301	0.514634	-0.493516	0.855832	-0.329301	0.514634	-0.493516	
0.38	0.852545	-0.315969	0.516613	-0.489433	0.852545	-0.315969	0.516613	-0.489433	
0.4	0.848678	-0.302644	0.518689	-0.485303	0.848678	-0.302644	0.518689	-0.485303	
0.42	0.844239	-0.289396	0.520861	-0.481113	0.844239	-0.289396	0.520861	-0.481113	
0.44	0.839245	-0.27629	0.523124	-0.476853	0.839245	-0.27629	0.523124	-0.476853	
0.46	0.833719	-0.263387	0.525475	-0.472511	0.833719	-0.263387	0.525475	-0.472511	
0.48	0.827693	-0.250739	0.527907	-0.468074	0.827693	-0.250739	0.527907	-0.468074	
0.5	0.821202	-0.238394	0.530415	-0.463533	0.821202	-0.238394	0.530415	-0.463533	
0.52	0.814285	-0.226392	0.53299	-0.458876	0.814285	-0.226392	0.53299	-0.458876	
0.54	0.806983	-0.214763	0.535625	-0.454091	0.806983	-0.214763	0.535625	-0.454091	
0.56	0.799339	-0.203536	0.538308	-0.44917	0.799339	-0.203536	0.538308	-0.44917	
0.58	0.791396	-0.192728	0.541028	-0.444102	0.791396	-0.192728	0.541028	-0.444102	
0.6	0.783197	-0.182353	0.543775	-0.43888	0.783197	-0.182353	0.543775	-0.43888	
0.62	0.774782	-0.17242	0.546534	-0.433494	0.774782	-0.17242	0.546534	-0.433494	
0.64	0.766191	-0.162931	0.549291	-0.427938	0.766191	-0.162931	0.549291	-0.427938	
0.66	0.757461	-0.153886	0.552032	-0.422207	0.757461	-0.153886	0.552032	-0.422207	
0.68	0.748628	-0.145281	0.554741	-0.416296	0.748628	-0.145281	0.554741	-0.416296	
0.7	0.739724	-0.137107	0.557401	-0.410203	0.739724	-0.137107	0.557401	-0.410203	
0.72	0.730777	-0.129356	0.559995	-0.403926	0.730777	-0.129356	0.559995	-0.403926	
0.74	0.721816	-0.122014	0.562507	-0.397465	0.721816	-0.122014	0.562507	-0.397465	
0.76	0.712865	-0.115069	0.564919	-0.390822	0.712865	-0.115069	0.564919	-0.390822	
0.78	0.703944	-0.108506	0.567213	-0.384001	0.703944	-0.108506	0.567213	-0.384001	
0.8	0.695074	-0.102309	0.569374	-0.377007	0.695074	-0.102309	0.569374	-0.377007	
0.82	0.68627	-0.0964636	0.571383	-0.369848	0.68627	-0.0964636	0.571383	-0.369848	
0.84	0.677547	-0.0909524	0.573225	-0.362531	0.677547	-0.0909524	0.573225	-0.362531	
0.86	0.668919	-0.0857597	0.574884	-0.355067	0.668919	-0.0857597	0.574884	-0.355067	
0.88	0.660395	-0.0808692	0.576347	-0.347468	0.660395	-0.0808692	0.576347	-0.347468	
0.9	0.651984	-0.0762653	0.577601	-0.339747	0.651984	-0.0762653	0.577601	-0.339747	
0.92	0.643694	-0.0719326	0.578632	-0.331919	0.643694	-0.0719326	0.578632	-0.331919	
0.94	0.635531	-0.067856	0.579433	-0.323999	0.635531	-0.067856	0.579433	-0.323999	
0.96	0.6275	-0.0640212	0.579993	-0.316004	0.6275	-0.0640212	0.579993	-0.316004	
0.98	0.619605	-0.0604143	0.580305	-0.30795	0.619605	-0.0604143	0.580305	-0.30795	
1	0.611848	-0.057022	0.580365	-0.299856	0.611848	-0.057022	0.580365	-0.299856	
1.02	0.604231	-0.0538316	0.580169	-0.29174	0.604231	-0.0538316	0.580169	-0.29174	
1.04	0.596755	-0.0508311	0.579715	-0.283618	0.596755	-0.0508311	0.579715	-0.283618	
1.06	0.589421	-0.0480092	0.579003	-0.275511	0.589421	-0.0480092	0.579003	-0.275511	
1.08	0.582229	-0.045355	0.578035	-0.267434	0.582229	-0.045355	0.578035	-0.267434	
1.1	0.575178	-0.0428582	0.576813	-0.259407	0.575178	-0.0428582	0.576813	-0.259407	
1.12	0.568267	-0.0405092	0.575343	-0.251444	0.568267	-0.0405092	0.575343	-0.251444	
1.14	0.561496	-0.0382991	0.573632	-0.243562	0.561496	-0.0382991	0.573632	-0.243562	
1.16	0.554861	-0.0362191	0.571685	-0.235775	0.554861	-0.0362191	0.571685	-0.235775	
1.18	0.548362	-0.0342614	0.569513	-0.228098	0.548362	-0.0342614	0.569513	-0.228098	
1.2	0.541997	-0.0324183	0.567123	-0.220544	0.541997	-0.0324183	0.567123	-0.220544	
1.22	0.535762	-0.0306828	0.564528	-0.213123	0.535762	-0.0306828	0.564528	-0.213123	
1.24	0.529657	-0.0290483	0.561737	-0.205847	0.529657	-0.0290483	0.561737	-0.205847	
1.26	0.523678	-0.0275084	0.558763	-0.198724	0.523678	-0.0275084	0.558763	-0.198724	
1.28	0.517823	-0.0260575	0.555616	-0.191763	0.517823	-0.0260575	0.555616	-0.191763	
1.3	0.512088	-0.02469	0.552311	-0.18497	0.512088	-0.02469	0.552311	-0.18497	
1.32	0.506473	-0.0234008	0.548858	-0.178351	0.506473	-0.0234008	0.548858	-0.178351	
1.34	0.500973	-0.0221852	0.54527	-0.171911	0.500973	-0.0221852	0.54527	-0.171911	
1.36	0.495587	-0.0210386	0.541559	-0.165652	0.495587	-0.0210386	0.541559	-0.165652	
1.38	0.490311	-0.0199568	0.537738	-0.159577	0.490311	-0.0199568	0.537738	-0.159577	
1.4	0.485142	-0.018936	0.533818	-0.153689	0.485142	-0.018936	0.533818	-0.153689	
1.42	0.480079	-0.0179724	0.52981	-0.147986	0.480079	-0.0179724	0.52981	-0.147986	
1.44	0.475119	-0.0170627	0.525726	-0.142469	0.475119	-0.0170627	0.525726	-0.142469	
1.46	0.470259	-0.0162035	0.521577	-0.137137	0.470259	-0.0162035	0.521577	-0.137137	
1.48	0.465496	-0.0153918	0.517371	-0.131988	0.465496	-0.0153918	0.517371	-0.131988	
1.5	0.460829	-0.0146249	0.51312	-0.127021	0.460829	-0.0146249	0.51312	-0.127021	
1.52	0.456253	-0.0139	0.508831	-0.122231	0.456253	-0.0139	0.508831	-0.122231	
1.54	0.451769	-0.0132148	0.504514	-0.117617	0.451769	-0.0132148	0.504514	-0.117617	
1.56	0.447372	-0.0125668	0.500177	-0.113175	0.447372	-0.0125668	0.500177	-0.113175	
1.58	0.44306	-0.0119539	0.495826	-0.1089	0.44306	-0.0119539	0.495826	-0.1089	
1.6	0.438832	-0.0113741	0.491469	-0.104788	0.438832	-0.0113741	0.491469	-0.104788	
1.62	0.434685	-0.0108254	0.487113	-0.100836	0.434685	-0.0108254	0.487113	-0.100836	
1.64	0.430617	-0.010306	0.482763	-0.0970388	0.430617	-0.010306	0.482763	-0.0970388	
1.66	0.426627	-0.00981425	0.478425	-0.0933914	0.426627	-0.00981425	0.478425	-0.0933914	
1.68	0.422711	-0.00934857	0.474104	-0.0898894	0.422711	-0.00934857	0.474104	-0.0898894	
1.7	0.418868	-0.00890747	0.469803	-0.0865278	0.418868	-0.00890747	0.469803	-0.0865278	
1.72	0.415096	-0.00848956	0.465528	-0.0833021	0.415096	-0.00848956	0.465528	-0.0833021	
1.74	0.411394	-0.00809351	0.461281	-0.0802072	0.411394	-0.00809351	0.461281	-0.0802072	
1.76	0.407759	-0.0077181	0.457067	-0.0772386	0.407759	-0.0077181	0.457067	-0.0772386	
1.78	0.40419	-0.00736218	0.452888	-0.0743916	0.40419	-0.00736218	0.452888	-0.0743916	
1.8	0.400685	-0.00702465	0.448747	-0.0716614	0.400685	-0.00702465	0.448747	-0.0716614	
1.82	0.397243	-0.00670449	0.444646	-0.0690435	0.397243	-0.00670449	0.444646	-0.0690435	
1.84	0.393861	-0.00640075	0.440586	-0.0665336	0.393861	-0.00640075	0.440586	-0.0665336	
1.86	0.390539	-0.00611251	0.436571	-0.0641272	0.390539	-0.00611251	0.436571	-0.0641272	
1.88	0.387275	-0.00583893	0.4326	-0.0618201	0.387275	-0.00583893	0.4326	-0.0618201	
1.9	0.384067	-0.0055792	0.428677	-0.0596083	0.384067	-0.0055792	0.428677	-0.0596083	
1.92	0.380913	-0.00533257	0.4248	-0.0574877	0.380913	-0.00533257	0.4248	-0.0574877	
1.94	0.377814	-0.00509833	0.420972	-0.0554544	0.377814	-0.00509833	0.420972	-0.0554544	
1.96	0.374767	-0.00487581	0.417194	-0.0535049	0.374767	-0.00487581	0.417194	-0.0535049	
1.98	0.37177	-0.00466438	0.413464	-0.0516354	0.37177	-0.00466438	0.413464	-0.0516354	
2	0.368823	-0.00446344	0.409785	-0.0498426	0.368823	-0.00446344	0.409785	-0.0498426	
2.02	0.365925	-0.00427244	0.406156	-0.048123	0.365925	-0.00427244	0.406156	-0.048123	
2.04	0.363074	-0.00409084	0.402577	-0.0464735	0.363074	-0.00409084	0.402577	-0.0464735	
2.06	0.36027	-0.00391815	0.399049	-0.044891	0.36027	-0.00391815	0.399049	-0.044891	
2.08	0.35751	-0.00375389	0.395571	-0.0433726	0.35751	-0.00375389	0.395571	-0.0433726	
2.1	0.354794	-0.00359762	0.392143	-0.0419154	0.354794	-0.00359762	0.392143	-0.0419154	
2.12	0.352122	-0.00344893	0.388765	-0.0405167	0.352122	-0.00344893	0.388765	-0.0405167	
2.14	0.349491	-0.00330741	0.385437	-0.039174	0.349491	-0.00330741	0.385437	-0.039174	
2.16	0.346901	-0.00317269	0.382157	-0.0378847	0.346901	-0.00317269	0.382157	-0.0378847	
2.18	0.344351	-0.00304443	0.378927	-0.0366464	0.344351	-0.00304443	0.378927	-0.0366464	
2.2	0.341841	-0.00292227	0.375744	-0.035457	0.341841	-0.00292227	0.375744	-0.035457	
2.22	0.339368	-0.00280592	0.37261	-0.0343142	0.339368	-0.00280592	0.37261	-0.0343142	
2.24	0.336933	-0.00269508	0.369522	-0.033216	0.336933	-0.00269508	0.369522	-0.033216	
2.26	0.334534	-0.00258945	0.366481	-0.0321604	0.334534	-0.00258945	0.366481	-0.0321604	
2.28	0.332171	-0.00248878	0.363487	-0.0311455	0.332171	-0.00248878	0.363487	-0.0311455	
2.3	0.329842	-0.0023928	0.360537	-0.0301695	0.329842	-0.0023928	0.360537	-0.0301695	
2.32	0.327548	-0.0023013	0.357632	-0.0292307	0.327548	-0.0023013	0.357632	-0.0292307	
2.34	0.325287	-0.00221403	0.354772	-0.0283275	0.325287	-0.00221403	0.354772	-0.0283275	
2.36	0.323059	-0.00213078	0.351954	-0.0274582	0.323059	-0.00213078	0.351954	-0.0274582	
2.38	0.320862	-0.00205136	0.34918	-0.0266215	0.320862	-0.00205136	0.34918	-0.0266215	
2.4	0.318697	-0.00197557	0.346447	-0.0258159	0.318697	-0.00197557	0.346447	-0.0258159	
2.42	0.316562	-0.00190322	0.343756	-0.02504	0.316562	-0.00190322	0.343756	-0.02504	
2.44	0.314457	-0.00183416	0.341105	-0.0242925	0.314457	-0.00183416	0.341105	-0.0242925	
2.46	0.312381	-0.00176821	0.338495	-0.0235723	0.312381	-0.00176821	0.338495	-0.0235723	
2.48	0.310333	-0.00170522	0.335923	-0.0228781	0.310333	-0.00170522	0.335923	-0.0228781	
2.5	0.308314	-0.00164504	0.33339	-0.0222089	0.308314	-0.00164504	0.33339	-0.0222089	
2.52	0.306322	-0.00158755	0.330895	-0.0215635	0.306322	-0.00158755	0.330895	-0.0215635	
2.54	0.304357	-0.00153259	0.328437	-0.020941	0.304357	-0.00153259	0.328437	-0.020941	
2.56	0.302418	-0.00148006	0.326015	-0.0203404	0.302418	-0.00148006	0.326015	-0.0203404	
2.58	0.300505	-0.00142983	0.32363	-0.0197607	0.300505	-0.00142983	0.32363	-0.0197607	
2.6	0.298618	-0.00138179	0.321279	-0.0192011	0.298618	-0.00138179	0.321279	-0.0192011	
2.62	0.296754	-0.00133583	0.318963	-0.0186608	0.296754	-0.00133583	0.318963	-0.0186608	
2.64	0.294916	-0.00129186	0.316681	-0.0181389	0.294916	-0.00129186	0.316681	-0.0181389	
2.66	0.2931	-0.00124977	0.314431	-0.0176347	0.2931	-0.00124977	0.314431	-0.0176347	
2.68	0.291308	-0.00120948	0.312215	-0.0171474	0.291308	-0.00120948	0.312215	-0.0171474	
2.7	0.289539	-0.0011709	0.31003	-0.0166765	0.289539	-0.0011709	0.31003	-0.0166765	
2.72	0.287793	-0.00113395	0.307877	-0.0162211	0.287793	-0.00113395	0.307877	-0.0162211	
2.74	0.286068	-0.00109855	0.305754	-0.0157807	0.286068	-0.00109855	0.305754	-0.0157807	
2.76	0.284364	-0.00106462	0.303662	-0.0153546	0.284364	-0.00106462	0.303662	-0.0153546	
2.78	0.282682	-0.0010321	0.301599	-0.0149423	0.282682	-0.0010321	0.301599	-0.0149423	
2.8	0.281021	-0.00100093	0.299565	-0.0145433	0.281021	-0.00100093	0.299565	-0.0145433	
2.82	0.279379	-0.000971024	0.29756	-0.014157	0.279379	-0.000971024	0.29756	-0.014157	
2.84	0.277758	-0.000942338	0.295582	-0.0137829	0.277758	-0.000942338	0.295582	-0.0137829	
2.86	0.276156	-0.000914812	0.293632	-0.0134206	0.276156	-0.000914812	0.293632	-0.0134206	
2.88	0.274574	-0.000888389	0.291709	-0.0130695	0.274574	-0.000888389	0.291709	-0.0130695	
2.9	0.27301	-0.00086302	0.289811	-0.0127293	0.27301	-0.00086302	0.289811	-0.0127293	
2.92	0.271465	-0.000838654	0.28794	-0.0123995	0.271465	-0.000838654	0.28794	-0.0123995	
2.94	0.269937	-0.000815245	0.286094	-0.0120797	0.269937	-0.000815245	0.286094	-0.0120797	
2.96	0.268428	-0.000792749	0.284273	-0.0117695	0.268428	-0.000792749	0.284273	-0.0117695	
2.98	0.266936	-0.000771122	0.282476	-0.0114687	0.266936	-0.000771122	0.282476	-0.0114687	
3	0.265462	-0.000750326	0.280704	-0.0111768	0.265462	-0.000750326	0.280704	-0.0111768	
3.02	0.264004	-0.00073032	0.278954	-0.0108934	0.264004	-0.00073032	0.278954	-0.0108934	
3.04	0.262563	-0.00071107	0.277228	-0.0106184	0.262563	-0.00071107	0.277228	-0.0106184	
3.06	0.261138	-0.00069254	0.275524	-0.0103513	0.261138	-0.00069254	0.275524	-0.0103513	
3.08	0.259729	-0.000674698	0.273842	-0.0100919	0.259729	-0.000674698	0.273842	-0.0100919	
3.1	0.258336	-0.000657511	0.272183	-0.0098399	0.258336	-0.000657511	0.272183	-0.0098399	
3.12	0.256958	-0.000640951	0.270544	-0.00959504	0.256958	-0.000640951	0.270544	-0.00959504	
3.14	0.255595	-0.000624988	0.268926	-0.00935705	0.255595	-0.000624988	0.268926	-0.00935705	
3.16	0.254248	-0.000609595	0.267329	-0.0091257	0.254248	-0.000609595	0.267329	-0.0091257	
3.18	0.252915	-0.000594748	0.265752	-0.00890073	0.252915	-0.000594748	0.265752	-0.00890073	
3.2	0.251596	-0.00058042	0.264195	-0.00868194	0.251596	-0.00058042	0.264195	-0.00868194	
3.22	0.250292	-0.000566589	0.262658	-0.0084691	0.250292	-0.000566589	0.262658	-0.0084691	
3.24	0.249002	-0.000553233	0.261139	-0.008262	0.249002	-0.000553233	0.261139	-0.008262	
3.26	0.247725	-0.00054033	0.259639	-0.00806045	0.247725	-0.00054033	0.259639	-0.00806045	
3.28	0.246462	-0.00052786	0.258158	-0.00786426	0.246462	-0.00052786	0.258158	-0.00786426	
3.3	0.245212	-0.000515804	0.256694	-0.00767324	0.245212	-0.000515804	0.256694	-0.00767324	
3.32	0.243976	-0.000504143	0.255249	-0.00748722	0.243976	-0.000504143	0.255249	-0.00748722	
3.34	0.242752	-0.000492861	0.253821	-0.00730603	0.242752	-0.000492861	0.253821	-0.00730603	
3.36	0.241541	-0.00048194	0.252409	-0.0071295	0.241541	-0.00048194	0.252409	-0.0071295	
3.38	0.240342	-0.000471365	0.251015	-0.00695749	0.240342	-0.000471365	0.251015	-0.00695749	
3.4	0.239155	-0.00046112	0.249638	-0.00678985	0.239155	-0.00046112	0.249638	-0.00678985	
3.42	0.237981	-0.000451192	0.248276	-0.00662643	0.237981	-0.000451192	0.248276	-0.00662643	
3.44	0.236818	-0.000441567	0.246931	-0.00646709	0.236818	-0.000441567	0.246931	-0.00646709	
3.46	0.235668	-0.000432231	0.245601	-0.00631171	0.235668	-0.000432231	0.245601	-0.00631171	
3.48	0.234528	-0.000423173	0.244286	-0.00616015	0.234528	-0.000423173	0.244286	-0.00616015	
3.5	0.2334	-0.00041438	0.242987	-0.0060123	0.2334	-0.00041438	0.242987	-0.0060123	
3.52	0.232283	-0.000405841	0.241703	-0.00586805	0.232283	-0.000405841	0.241703	-0.00586805	
3.54	0.231178	-0.000397546	0.240433	-0.00572726	0.231178	-0.000397546	0.240433	-0.00572726	
3.56	0.230083	-0.000389485	0.239177	-0.00558985	0.230083	-0.000389485	0.239177	-0.00558985	
3.58	0.228998	-0.000381647	0.237936	-0.00545571	0.228998	-0.000381647	0.237936	-0.00545571	
3.6	0.227924	-0.000374024	0.236709	-0.00532473	0.227924	-0.000374024	0.236709	-0.00532473	
3.62	0.226861	-0.000366606	0.235495	-0.00519683	0.226861	-0.000366606	0.235495	-0.00519683	
3.64	0.225808	-0.000359386	0.234295	-0.00507191	0.225808	-0.000359386	0.234295	-0.00507191	
3.66	0.224764	-0.000352355	0.233108	-0.00494988	0.224764	-0.000352355	0.233108	-0.00494988	
3.68	0.223731	-0.000345507	0.231934	-0.00483065	0.223731	-0.000345507	0.231934	-0.00483065	
3.7	0.222707	-0.000338833	0.230773	-0.00471416	0.222707	-0.000338833	0.230773	-0.00471416	
3.72	0.221693	-0.000332327	0.229625	-0.00460031	0.221693	-0.000332327	0.229625	-0.00460031	
3.74	0.220689	-0.000325982	0.228489	-0.00448904	0.220689	-0.000325982	0.228489	-0.00448904	
3.76	0.219694	-0.000319792	0.227365	-0.00438026	0.219694	-0.000319792	0.227365	-0.00438026	
3.78	0.218708	-0.000313752	0.226253	-0.00427392	0.218708	-0.000313752	0.226253	-0.00427392	
3.8	0.217731	-0.000307855	0.225153	-0.00416994	0.217731	-0.000307855	0.225153	-0.00416994	
3.82	0.216763	-0.000302096	0.224065	-0.00406826	0.216763	-0.000302096	0.224065	-0.00406826	
3.84	0.215804	-0.000296471	0.222988	-0.00396882	0.215804	-0.000296471	0.222988	-0.00396882	
3.86	0.214854	-0.000290974	0.221922	-0.00387156	0.214854	-0.000290974	0.221922	-0.00387156	
3.88	0.213912	-0.000285601	0.220867	-0.00377643	0.213912	-0.000285601	0.220867	-0.00377643	
3.9	0.212978	-0.000280347	0.219824	-0.00368335	0.212978	-0.000280347	0.219824	-0.00368335	
3.92	0.212053	-0.000275209	0.218791	-0.0035923	0.212053	-0.000275209	0.218791	-0.0035923	
3.94	0.211137	-0.000270182	0.217769	-0.0035032	0.211137	-0.000270182	0.217769	-0.0035032	
3.96	0.210228	-0.000265262	0.216757	-0.00341602	0.210228	-0.000265262	0.216757	-0.00341602	
3.98	0.209327	-0.000260447	0.215755	-0.00333071	0.209327	-0.000260447	0.215755	-0.00333071	
4	0.208435	-0.000255732	0.214764	-0.00324723	0.208435	-0.000255732	0.214764	-0.00324723	
4.02	0.20755	-0.000251114	0.213782	-0.00316552	0.20755	-0.000251114	0.213782	-0.00316552	
4.04	0.206672	-0.000246591	0.21281	-0.00308555	0.206672	-0.000246591	0.21281	-0.00308555	
4.06	0.205803	-0.000242159	0.211848	-0.00300727	0.205803	-0.000242159	0.211848	-0.00300727	
4.08	0.204941	-0.000237816	0.210896	-0.00293066	0.204941	-0.000237816	0.210896	-0.00293066	
4.1	0.204086	-0.000233558	0.209953	-0.00285566	0.204086	-0.000233558	0.209953	-0.00285566	
4.12	0.203238	-0.000229384	0.209019	-0.00278226	0.203238	-0.000229384	0.209019	-0.00278226	
4.14	0.202398	-0.000225292	0.208094	-0.0027104	0.202398	-0.000225292	0.208094	-0.0027104	
4.16	0.201565	-0.000221277	0.207178	-0.00264007	0.201565	-0.000221277	0.207178	-0.00264007	
4.18	0.200739	-0.00021734	0.206272	-0.00257121	0.200739	-0.00021734	0.206272	-0.00257121	
4.2	0.19992	-0.000213477	0.205373	-0.00250382	0.19992	-0.000213477	0.205373	-0.00250382	
4.22	0.199107	-0.000209686	0.204484	-0.00243785	0.199107	-0.000209686	0.204484	-0.00243785	
4.24	0.198301	-0.000205966	0.203603	-0.00237328	0.198301	-0.000205966	0.203603	-0.00237328	
4.26	0.197502	-0.000202314	0.20273	-0.00231008	0.197502	-0.000202314	0.20273	-0.00231008	
4.28	0.19671	-0.00019873	0.201865	-0.00224822	0.19671	-0.00019873	0.201865	-0.00224822	
4.3	0.195924	-0.000195212	0.201009	-0.00218769	0.195924	-0.000195212	0.201009	-0.00218769	
4.32	0.195145	-0.000191757	0.20016	-0.00212844	0.195145	-0.000191757	0.20016	-0.00212844	
4.34	0.194372	-0.000188364	0.19932	-0.00207046	0.194372	-0.000188364	0.19932	-0.00207046	
4.36	0.193605	-0.000185033	0.198487	-0.00201373	0.193605	-0.000185033	0.198487	-0.00201373	
4.38	0.192844	-0.000181761	0.197662	-0.00195823	0.192844	-0.000181761	0.197662	-0.00195823	
4.4	0.192089	-0.000178547	0.196844	-0.00190392	0.192089	-0.000178547	0.196844	-0.00190392	
4.42	0.191341	-0.00017539	0.196034	-0.0018508	0.191341	-0.00017539	0.196034	-0.0018508	
4.44	0.190598	-0.000172289	0.195231	-0.00179884	0.190598	-0.000172289	0.195231	-0.00179884	
4.46	0.189861	-0.000169243	0.194435	-0.00174802	0.189861	-0.000169243	0.194435	-0.00174802	
4.48	0.18913	-0.00016625	0.193647	-0.00169832	0.18913	-0.00016625	0.193647	-0.00169832	
4.5	0.188405	-0.00016331	0.192865	-0.00164972	0.188405	-0.00016331	0.192865	-0.00164972	
4.52	0.187686	-0.000160421	0.192091	-0.00160221	0.187686	-0.000160421	0.192091	-0.00160221	
4.54	0.186972	-0.000157582	0.191323	-0.00155577	0.186972	-0.000157582	0.191323	-0.00155577	
4.56	0.186263	-0.000154793	0.190562	-0.00151037	0.186263	-0.000154793	0.190562	-0.00151037	
4.58	0.18556	-0.000152052	0.189808	-0.00146601	0.18556	-0.000152052	0.189808	-0.00146601	
4.6	0.184863	-0.000149359	0.18906	-0.00142266	0.184863	-0.000149359	0.18906	-0.00142266	
4.62	0.184171	-0.000146712	0.188319	-0.00138031	0.184171	-0.000146712	0.188319	-0.00138031	
4.64	0.183484	-0.000144112	0.187584	-0.00133895	0.183484	-0.000144112	0.187584	-0.00133895	
4.66	0.182802	-0.000141556	0.186855	-0.00129855	0.182802	-0.000141556	0.186855	-0.00129855	
4.68	0.182126	-0.000139045	0.186133	-0.00125911	0.182126	-0.000139045	0.186133	-0.00125911	
4.7	0.181454	-0.000136578	0.185416	-0.0012206	0.181454	-0.000136578	0.185416	-0.0012206	
4.72	0.180788	-0.000134153	0.184706	-0.00118301	0.180788	-0.000134153	0.184706	-0.00118301	
4.74	0.180127	-0.00013177	0.184001	-0.00114634	0.180127	-0.00013177	0.184001	-0.00114634	
4.76	0.17947	-0.000129428	0.183303	-0.00111055	0.17947	-0.000129428	0.183303	-0.00111055	
4.78	0.178818	-0.000127127	0.18261	-0.00107565	0.178818	-0.000127127	0.18261	-0.00107565	
4.8	0.178172	-0.000124866	0.181923	-0.0010416	0.178172	-0.000124866	0.181923	-0.0010416	
4.82	0.17753	-0.000122645	0.181241	-0.00100841	0.17753	-0.000122645	0.181241	-0.00100841	
4.84	0.176892	-0.000120462	0.180566	-0.000976052	0.176892	-0.000120462	0.180566	-0.000976052	
4.86	0.17626	-0.000118317	0.179895	-0.000944516	0.17626	-0.000118317	0.179895	-0.000944516	
4.88	0.175632	-0.000116209	0.17923	-0.000913788	0.175632	-0.000116209	0.17923	-0.000913788	
4.9	0.175008	-0.000114139	0.17857	-0.000883855	0.175008	-0.000114139	0.17857	-0.000883855	
4.92	0.174389	-0.000112104	0.177916	-0.000854701	0.174389	-0.000112104	0.177916	-0.000854701	
4.94	0.173775	-0.000110105	0.177266	-0.000826315	0.173775	-0.000110105	0.177266	-0.000826315	
4.96	0.173165	-0.000108141	0.176622	-0.000798682	0.173165	-0.000108141	0.176622	-0.000798682	
4.98	0.172559	-0.000106212	0.175983	-0.000771789	0.172559	-0.000106212	0.175983	-0.000771789	
5	0.171957	-0.000104317	0.175349	-0.000745623	0.171957	-0.000104317	0.175349	-0.000745623	
5.02	0.17136	-0.000102455	0.174719	-0.00072017	0.17136	-0.000102455	0.174719	-0.00072017	
5.04	0.170767	-0.000100625	0.174095	-0.000695417	0.170767	-0.000100625	0.174095	-0.000695417	
5.06	0.170178	-9.88286e-05	0.173475	-0.00067135	0.170178	-9.88286e-05	0.173475	-0.00067135	
5.08	0.169594	-9.70636e-05	0.17286	-0.000647957	0.169594	-9.70636e-05	0.17286	-0.000647957	
5.1	0.169013	-9.533e-05	0.17225	-0.000625225	0.169013	-9.533e-05	0.17225	-0.000625225	
5.12	0.168436	-9.36271e-05	0.171644	-0.00060314	0.168436	-9.36271e-05	0.171644	-0.00060314	
5.14	0.167864	-9.19546e-05	0.171043	-0.00058169	0.167864	-9.19546e-05	0.171043	-0.00058169	
5.16	0.167295	-9.03119e-05	0.170446	-0.000560861	0.167295	-9.03119e-05	0.170446	-0.000560861	
5.18	0.16673	-8.86986e-05	0.169854	-0.000540641	0.16673	-8.86986e-05	0.169854	-0.000540641	
5.2	0.166169	-8.71142e-05	0.169266	-0.000521017	0.166169	-8.71142e-05	0.169266	-0.000521017	
5.22	0.165612	-8.55581e-05	0.168682	-0.000501976	0.165612	-8.55581e-05	0.168682	-0.000501976	
5.24	0.165059	-8.403e-05	0.168102	-0.000483506	0.165059	-8.403e-05	0.168102	-0.000483506	
5.26	0.16451	-8.25294e-05	0.167527	-0.000465594	0.16451	-8.25294e-05	0.167527	-0.000465594	
5.28	0.163964	-8.10559e-05	0.166956	-0.000448228	0.163964	-8.10559e-05	0.166956	-0.000448228	
5.3	0.163422	-7.96089e-05	0.166389	-0.000431396	0.163422	-7.96089e-05	0.166389	-0.000431396	
5.32	0.162883	-7.81881e-05	0.165826	-0.000415084	0.162883	-7.81881e-05	0.165826	-0.000415084	
5.34	0.162348	-7.67931e-05	0.165267	-0.000399282	0.162348	-7.67931e-05	0.165267	-0.000399282	
5.36	0.161817	-7.54233e-05	0.164712	-0.000383977	0.161817	-7.54233e-05	0.164712	-0.000383977	
5.38	0.161289	-7.40784e-05	0.16416	-0.000369156	0.161289	-7.40784e-05	0.16416	-0.000369156	
5.4	0.160765	-7.2758e-05	0.163613	-0.00035481	0.160765	-7.2758e-05	0.163613	-0.00035481	
5.42	0.160244	-7.14616e-05	0.163069	-0.000340924	0.160244	-7.14616e-05	0.163069	-0.000340924	
5.44	0.159726	-7.01889e-05	0.162529	-0.000327489	0.159726	-7.01889e-05	0.162529	-0.000327489	
5.46	0.159212	-6.89394e-05	0.161993	-0.000314493	0.159212	-6.89394e-05	0.161993	-0.000314493	
5.48	0.158702	-6.77128e-05	0.161461	-0.000301924	0.158702	-6.77128e-05	0.161461	-0.000301924	
5.5	0.158194	-6.65086e-05	0.160932	-0.000289772	0.158194	-6.65086e-05	0.160932	-0.000289772	
5.52	0.15769	-6.53265e-05	0.160406	-0.000278025	0.15769	-6.53265e-05	0.160406	-0.000278025	
5.54	0.157189	-6.41661e-05	0.159885	-0.000266672	0.157189	-6.41661e-05	0.159885	-0.000266672	
5.56	0.156691	-6.30271e-05	0.159366	-0.000255704	0.156691	-6.30271e-05	0.159366	-0.000255704	
5.58	0.156197	-6.19089e-05	0.158851	-0.000245109	0.156197	-6.19089e-05	0.158851	-0.000245109	
5.6	0.155706	-6.08114e-05	0.15834	-0.000234877	0.155706	-6.08114e-05	0.15834	-0.000234877	
5.62	0.155217	-5.97341e-05	0.157832	-0.000224999	0.155217	-5.97341e-05	0.157832	-0.000224999	
5.64	0.154732	-5.86767e-05	0.157327	-0.000215463	0.154732	-5.86767e-05	0.157327	-0.000215463	
5.66	0.15425	-5.76388e-05	0.156826	-0.000206261	0.15425	-5.76388e-05	0.156826	-0.000206261	
5.68	0.153771	-5.66201e-05	0.156327	-0.000197383	0.153771	-5.66201e-05	0.156327	-0.000197383	
5.7	0.153295	-5.56202e-05	0.155832	-0.000188818	0.153295	-5.56202e-05	0.155832	-0.000188818	
5.72	0.152822	-5.46389e-05	0.155341	-0.000180559	0.152822	-5.46389e-05	0.155341	-0.000180559	
5.74	0.152352	-5.36757e-05	0.154852	-0.000172596	0.152352	-5.36757e-05	0.154852	-0.000172596	
5.76	0.151885	-5.27303e-05	0.154366	-0.000164919	0.151885	-5.27303e-05	0.154366	-0.000164919	
5.78	0.151421	-5.18025e-05	0.153884	-0.000157521	0.151421	-5.18025e-05	0.153884	-0.000157521	
5.8	0.15096	-5.08919e-05	0.153405	-0.000150393	0.15096	-5.08919e-05	0.153405	-0.000150393	
5.82	0.150501	-4.99982e-05	0.152928	-0.000143526	0.150501	-4.99982e-05	0.152928	-0.000143526	
5.84	0.150045	-4.91211e-05	0.152455	-0.000136912	0.150045	-4.91211e-05	0.152455	-0.000136912	
5.86	0.149592	-4.82603e-05	0.151984	-0.000130544	0.149592	-4.82603e-05	0.151984	-0.000130544	
5.88	0.149142	-4.74155e-05	0.151517	-0.000124413	0.149142	-4.74155e-05	0.151517	-0.000124413	
5.9	0.148695	-4.65864e-05	0.151052	-0.000118513	0.148695	-4.65864e-05	0.151052	-0.000118513	
5.92	0.14825	-4.57728e-05	0.150591	-0.000112834	0.14825	-4.57728e-05	0.150591	-0.000112834	
5.94	0.147808	-4.49742e-05	0.150132	-0.000107371	0.147808	-4.49742e-05	0.150132	-0.000107371	
5.96	0.147369	-4.41905e-05	0.149676	-0.000102117	0.147369	-4.41905e-05	0.149676	-0.000102117	
5.98	0.146932	-4.34214e-05	0.149223	-9.70637e-05	0.146932	-4.34214e-05	0.149223	-9.70637e-05	
6	0.146498	-4.26666e-05	0.148772	-9.22052e-05	0.146498	-4.26666e-05	0.148772	-9.22052e-05	
6.02	0.146066	-4.19259e-05	0.148324	-8.7535e-05	0.146066	-4.19259e-05	0.148324	-8.7535e-05	
6.04	0.145637	-4.11989e-05	0.147879	-8.30466e-05	0.145637	-4.11989e-05	0.147879	-8.30466e-05	
6.06	0.145211	-4.04854e-05	0.147437	-7.87339e-05	0.145211	-4.04854e-05	0.147437	-7.87339e-05	
6.08	0.144787	-3.97853e-05	0.146997	-7.45909e-05	0.144787	-3.97853e-05	0.146997	-7.45909e-05	
6.1	0.144365	-3.90981e-05	0.14656	-7.06118e-05	0.144365	-3.90981e-05	0.14656	-7.06118e-05	
6.12	0.143946	-3.84237e-05	0.146126	-6.6791e-05	0.143946	-3.84237e-05	0.146126	-6.6791e-05	
6.14	0.14353	-3.77619e-05	0.145694	-6.31228e-05	0.14353	-3.77619e-05	0.145694	-6.31228e-05	
6.16	0.143116	-3.71124e-05	0.145264	-5.9602e-05	0.143116	-3.71124e-05	0.145264	-5.9602e-05	
6.18	0.142704	-3.64749e-05	0.144838	-5.62235e-05	0.142704	-3.64749e-05	0.144838	-5.62235e-05	
6.2	0.142295	-3.58493e-05	0.144413	-5.29821e-05	0.142295	-3.58493e-05	0.144413	-5.29821e-05	
6.22	0.141888	-3.52353e-05	0.143991	-4.98729e-05	0.141888	-3.52353e-05	0.143991	-4.98729e-05	
6.24	0.141483	-3.46326e-05	0.143572	-4.68914e-05	0.141483	-3.46326e-05	0.143572	-4.68914e-05	
6.26	0.141081	-3.40412e-05	0.143155	-4.40328e-05	0.141081	-3.40412e-05	0.143155	-4.40328e-05	
6.28	0.140681	-3.34608e-05	0.142741	-4.12927e-05	0.140681	-3.34608e-05	0.142741	-4.12927e-05	
6.3	0.140284	-3.2891e-05	0.142329	-3.86669e-05	0.140284	-3.2891e-05	0.142329	-3.86669e-05	
6.32	0.139888	-3.23319e-05	0.141919	-3.61511e-05	0.139888	-3.23319e-05	0.141919	-3.61511e-05	
6.34	0.139495	-3.17831e-05	0.141512	-3.37413e-05	0.139495	-3.17831e-05	0.141512	-3.37413e-05	
6.36	0.139104	-3.12445e-05	0.141107	-3.14337e-05	0.139104	-3.12445e-05	0.141107	-3.14337e-05	
6.38	0.138715	-3.07158e-05	0.140704	-2.92244e-05	0.138715	-3.07158e-05	0.140704	-2.92244e-05	
6.4	0.138329	-3.01968e-05	0.140304	-2.71098e-05	0.138329	-3.01968e-05	0.140304	-2.71098e-05	
6.42	0.137945	-2.96875e-05	0.139905	-2.50863e-05	0.137945	-2.96875e-05	0.139905	-2.50863e-05	
6.44	0.137562	-2.91876e-05	0.13951	-2.31505e-05	0.137562	-2.91876e-05	0.13951	-2.31505e-05	
6.46	0.137182	-2.86968e-05	0.139116	-2.12992e-05	0.137182	-2.86968e-05	0.139116	-2.12992e-05	
6.48	0.136804	-2.82152e-05	0.138724	-1.95291e-05	0.136804	-2.82152e-05	0.138724	-1.95291e-05	
6.5	0.136428	-2.77423e-05	0.138335	-1.78371e-05	0.136428	-2.77423e-05	0.138335	-1.78371e-05	
6.52	0.136055	-2.72782e-05	0.137948	-1.62203e-05	0.136055	-2.72782e-05	0.137948	-1.62203e-05	
6.54	0.135683	-2.68226e-05	0.137563	-1.46757e-05	0.135683	-2.68226e-05	0.137563	-1.46757e-05	
6.56	0.135313	-2.63754e-05	0.137181	-1.32007e-05	0.135313	-2.63754e-05	0.137181	-1.32007e-05	
6.58	0.134946	-2.59364e-05	0.1368	-1.17925e-05	0.134946	-2.59364e-05	0.1368	-1.17925e-05	
6.6	0.13458	-2.55054e-05	0.136422	-1.04485e-05	0.13458	-2.55054e-05	0.136422	-1.04485e-05	
6.62	0.134216	-2.50823e-05	0.136045	-9.16631e-06	0.134216	-2.50823e-05	0.136045	-9.16631e-06	
6.64	0.133855	-2.46669e-05	0.135671	-7.9434e-06	0.133855	-2.46669e-05	0.135671	-7.9434e-06	
6.66	0.133495	-2.42591e-05	0.135299	-6.7775e-06	0.133495	-2.42591e-05	0.135299	-6.7775e-06	
6.68	0.133137	-2.38588e-05	0.134928	-5.66635e-06	0.133137	-2.38588e-05	0.134928	-5.66635e-06	
6.7	0.132781	-2.34657e-05	0.13456	-4.6078e-06	0.132781	-2.34657e-05	0.13456	-4.6078e-06	
6.72	0.132427	-2.30798e-05	0.134194	-3.59977e-06	0.132427	-2.30798e-05	0.134194	-3.59977e-06	
6.74	0.132075	-2.2701e-05	0.13383	-2.64024e-06	0.132075	-2.2701e-05	0.13383	-2.64024e-06	
6.76	0.131725	-2.2329e-05	0.133467	-1.72729e-06	0.131725	-2.2329e-05	0.133467	-1.72729e-06	
6.78	0.131377	-2.19637e-05	0.133107	-8.59039e-07	0.131377	-2.19637e-05	0.133107	-8.59039e-07	
6.8	0.131031	-2.16051e-05	0.132749	-3.37007e-08	0.131031	-2.16051e-05	0.132749	-3.37007e-08	
6.82	0.130686	-2.1253e-05	0.132392	7.50458e-07	0.130686	-2.1253e-05	0.132392	7.50458e-07	
6.84	0.130343	-2.09072e-05	0.132038	1.4951e-06	0.130343	-2.09072e-05	0.132038	1.4951e-06	
6.86	0.130002	-2.05677e-05	0.131685	2.20184e-06	0.130002	-2.05677e-05	0.131685	2.20184e-06	
6.88	0.129663	-2.02343e-05	0.131335	2.87221e-06	0.129663	-2.02343e-05	0.131335	2.87221e-06	
6.9	0.129326	-1.99068e-05	0.130986	3.50771e-06	0.129326	-1.99068e-05	0.130986	3.50771e-06	
6.92	0.12899	-1.95853e-05	0.130639	4.10977e-06	0.12899	-1.95853e-05	0.130639	4.10977e-06	
6.94	0.128656	-1.92696e-05	0.130294	4.67976e-06	0.128656	-1.92696e-05	0.130294	4.67976e-06	
6.96	0.128324	-1.89595e-05	0.12995	5.21901e-06	0.128324	-1.89595e-05	0.12995	5.21901e-06	
6.98	0.127994	-1.8655e-05	0.129609	5.72879e-06	0.127994	-1.8655e-05	0.129609	5.72879e-06	
7	0.127665	-1.83559e-05	0.129269	6.21034e-06	0.127665	-1.83559e-05	0.129269	6.21034e-06	
7.02	0.127338	-1.80621e-05	0.128931	6.66484e-06	0.127338	-1.80621e-05	0.128931	6.66484e-06	
7.04	0.127013	-1.77736e-05	0.128595	7.09341e-06	0.127013	-1.77736e-05	0.128595	7.09341e-06	
7.06	0.126689	-1.74903e-05	0.12826	7.49716e-06	0.126689	-1.74903e-05	0.12826	7.49716e-06	
7.08	0.126367	-1.72119e-05	0.127928	7.87714e-06	0.126367	-1.72119e-05	0.127928	7.87714e-06	
7.1	0.126047	-1.69385e-05	0.127597	8.23434e-06	0.126047	-1.69385e-05	0.127597	8.23434e-06	
7.12	0.125728	-1.667e-05	0.127267	8.56975e-06	0.125728	-1.667e-05	0.127267	8.56975e-06	
7.14	0.125411	-1.64062e-05	0.12694	8.88429e-06	0.125411	-1.64062e-05	0.12694	8.88429e-06	
7.16	0.125095	-1.61471e-05	0.126614	9.17888e-06	0.125095	-1.61471e-05	0.126614	9.17888e-06	
7.18	0.124781	-1.58925e-05	0.12629	9.45435e-06	0.124781	-1.58925e-05	0.12629	9.45435e-06	
7.2	0.124469	-1.56425e-05	0.125967	9.71155e-06	0.124469	-1.56425e-05	0.125967	9.71155e-06	
7.22	0.124158	-1.53968e-05	0.125646	9.95128e-06	0.124158	-1.53968e-05	0.125646	9.95128e-06	
7.24	0.123849	-1.51554e-05	0.125327	1.01743e-05	0.123849	-1.51554e-05	0.125327	1.01743e-05	
7.26	0.123542	-1.49183e-05	0.125009	1.03813e-05	0.123542	-1.49183e-05	0.125009	1.03813e-05	
7.28	0.123236	-1.46853e-05	0.124693	1.05731e-05	0.123236	-1.46853e-05	0.124693	1.05731e-05	
7.3	0.122931	-1.44564e-05	0.124379	1.07502e-05	0.122931	-1.44564e-05	0.124379	1.07502e-05	
7.32	0.122628	-1.42315e-05	0.124066	1.09134e-05	0.122628	-1.42315e-05	0.124066	1.09134e-05	
7.34	0.122326	-1.40106e-05	0.123755	1.10633e-05	0.122326	-1.40106e-05	0.123755	1.10633e-05	
7.36	0.122026	-1.37934e-05	0.123445	1.12005e-05	0.122026	-1.37934e-05	0.123445	1.12005e-05	
7.38	0.121728	-1.35801e-05	0.123137	1.13256e-05	0.121728	-1.35801e-05	0.123137	1.13256e-05	
7.4	0.12143	-1.33704e-05	0.12283	1.1439e-05	0.12143	-1.33704e-05	0.12283	1.1439e-05	
7.42	0.121135	-1.31644e-05	0.122525	1.15414e-05	0.121135	-1.31644e-05	0.122525	1.15414e-05	
7.44	0.120841	-1.29619e-05	0.122222	1.16332e-05	0.120841	-1.29619e-05	0.122222	1.16332e-05	
7.46	0.120548	-1.27629e-05	0.12192	1.1715e-05	0.120548	-1.27629e-05	0.12192	1.1715e-05	
7.48	0.120256	-1.25674e-05	0.121619	1.17872e-05	0.120256	-1.25674e-05	0.121619	1.17872e-05	
7.5	0.119966	-1.23752e-05	0.12132	1.18502e-05	0.119966	-1.23752e-05	0.12132	1.18502e-05	
7.52	0.119678	-1.21863e-05	0.121022	1.19046e-05	0.119678	-1.21863e-05	0.121022	1.19046e-05	
7.54	0.119391	-1.20006e-05	0.120726	1.19506e-05	0.119391	-1.20006e-05	0.120726	1.19506e-05	
7.56	0.119105	-1.18182e-05	0.120432	1.19888e-05	0.119105	-1.18182e-05	0.120432	1.19888e-05	
7.58	0.118821	-1.16388e-05	0.120138	1.20195e-05	0.118821	-1.16388e-05	0.120138	1.20195e-05	
7.6	0.118538	-1.14625e-05	0.119847	1.2043e-05	0.118538	-1.14625e-05	0.119847	1.2043e-05	
7.62	0.118256	-1.12892e-05	0.119556	1.20597e-05	0.118256	-1.12892e-05	0.119556	1.20597e-05	
7.64	0.117975	-1.11189e-05	0.119267	1.20699e-05	0.117975	-1.11189e-05	0.119267	1.20699e-05	
7.66	0.117696	-1.09514e-05	0.11898	1.2074e-05	0.117696	-1.09514e-05	0.11898	1.2074e-05	
7.68	0.117419	-1.07868e-05	0.118694	1.20723e-05	0.117419	-1.07868e-05	0.118694	1.20723e-05	
7.7	0.117142	-1.06249e-05	0.118409	1.20651e-05	0.117142	-1.06249e-05	0.118409	1.20651e-05	
7.72	0.116867	-1.04658e-05	0.118125	1.20526e-05	0.116867	-1.04658e-05	0.118125	1.20526e-05	
7.74	0.116594	-1.03094e-05	0.117843	1.20351e-05	0.116594	-1.03094e-05	0.117843	1.20351e-05	
7.76	0.116321	-1.01556e-05	0.117563	1.20129e-05	0.116321	-1.01556e-05	0.117563	1.20129e-05	
7.78	0.11605	-1.00044e-05	0.117283	1.19863e-05	0.11605	-1.00044e-05	0.117283	1.19863e-05	
7.8	0.11578	-9.85567e-06	0.117005	1.19554e-05	0.11578	-9.85567e-06	0.117005	1.19554e-05	
7.82	0.115511	-9.70947e-06	0.116728	1.19206e-05	0.115511	-9.70947e-06	0.116728	1.19206e-05	
7.84	0.115244	-9.56571e-06	0.116453	1.18819e-05	0.115244	-9.56571e-06	0.116453	1.18819e-05	
7.86	0.114978	-9.42434e-06	0.116179	1.18397e-05	0.114978	-9.42434e-06	0.116179	1.18397e-05	
7.88	0.114713	-9.28533e-06	0.115906	1.17942e-05	0.114713	-9.28533e-06	0.115906	1.17942e-05	
7.9	0.114449	-9.14862e-06	0.115635	1.17454e-05	0.114449	-9.14862e-06	0.115635	1.17454e-05	
7.92	0.114186	-9.01419e-06	0.115364	1.16937e-05	0.114186	-9.01419e-06	0.115364	1.16937e-05	
7.94	0.113925	-8.88197e-06	0.115095	1.16392e-05	0.113925	-8.88197e-06	0.115095	1.16392e-05	
7.96	0.113665	-8.75194e-06	0.114828	1.1582e-05	0.113665	-8.75194e-06	0.114828	1.1582e-05	
7.98	0.113406	-8.62405e-06	0.114561	1.15224e-05	0.113406	-8.62405e-06	0.114561	1.15224e-05	
8	0.113148	-8.49827e-06	0.114296	1.14605e-05	0.113148	-8.49827e-06	0.114296	1.14605e-05	
8.02	0.112892	-8.37456e-06	0.114032	1.13963e-05	0.112892	-8.37456e-06	0.114032	1.13963e-05	
8.04	0.112637	-8.25287e-06	0.113769	1.13302e-05	0.112637	-8.25287e-06	0.113769	1.13302e-05	
8.06	0.112382	-8.13317e-06	0.113508	1.12621e-05	0.112382	-8.13317e-06	0.113508	1.12621e-05	
8.08	0.112129	-8.01543e-06	0.113247	1.11923e-05	0.112129	-8.01543e-06	0.113247	1.11923e-05	
8.1	0.111877	-7.89961e-06	0.112988	1.11208e-05	0.111877	-7.89961e-06	0.112988	1.11208e-05	
8.12	0.111626	-7.78567e-06	0.11273	1.10478e-05	0.111626	-7.78567e-06	0.11273	1.10478e-05	
8.14	0.111377	-7.67359e-06	0.112474	1.09734e-05	0.111377	-7.67359e-06	0.112474	1.09734e-05	
8.16	0.111128	-7.56332e-06	0.112218	1.08976e-05	0.111128	-7.56332e-06	0.112218	1.08976e-05	
8.18	0.110881	-7.45484e-06	0.111964	1.08207e-05	0.110881	-7.45484e-06	0.111964	1.08207e-05	
8.2	0.110634	-7.34811e-06	0.11171	1.07427e-05	0.110634	-7.34811e-06	0.11171	1.07427e-05	
8.22	0.110389	-7.2431e-06	0.111458	1.06637e-05	0.110389	-7.2431e-06	0.111458	1.06637e-05	
8.24	0.110145	-7.13978e-06	0.111207	1.05837e-05	0.110145	-7.13978e-06	0.111207	1.05837e-05	
8.26	0.109902	-7.03813e-06	0.110957	1.05029e-05	0.109902	-7.03813e-06	0.110957	1.05029e-05	
8.28	0.10966	-6.9381e-06	0.110709	1.04214e-05	0.10966	-6.9381e-06	0.110709	1.04214e-05	
8.3	0.109419	-6.83967e-06	0.110461	1.03392e-05	0.109419	-6.83967e-06	0.110461	1.03392e-05	
8.32	0.109179	-6.74282e-06	0.110215	1.02563e-05	0.109179	-6.74282e-06	0.110215	1.02563e-05	
8.34	0.10894	-6.64751e-06	0.109969	1.0173e-05	0.10894	-6.64751e-06	0.109969	1.0173e-05	
8.36	0.108703	-6.55372e-06	0.109725	1.00892e-05	0.108703	-6.55372e-06	0.109725	1.00892e-05	
8.38	0.108466	-6.46142e-06	0.109482	1.0005e-05	0.108466	-6.46142e-06	0.109482	1.0005e-05	
8.4	0.10823	-6.37058e-06	0.10924	9.92041e-06	0.10823	-6.37058e-06	0.10924	9.92041e-06	
8.42	0.107996	-6.28119e-06	0.108999	9.83558e-06	0.107996	-6.28119e-06	0.108999	9.83558e-06	
8.44	0.107762	-6.1932e-06	0.108759	9.75052e-06	0.107762	-6.1932e-06	0.108759	9.75052e-06	
8.46	0.107529	-6.1066e-06	0.10852	9.6653e-06	0.107529	-6.1066e-06	0.10852	9.6653e-06	
8.48	0.107298	-6.02137e-06	0.108282	9.57995e-06	0.107298	-6.02137e-06	0.108282	9.57995e-06	
8.5	0.107067	-5.93747e-06	0.108045	9.49452e-06	0.107067	-5.93747e-06	0.108045	9.49452e-06	
8.52	0.106838	-5.85489e-06	0.10781	9.40907e-06	0.106838	-5.85489e-06	0.10781	9.40907e-06	
8.54	0.106609	-5.77361e-06	0.107575	9.32363e-06	0.106609	-5.77361e-06	0.107575	9.32363e-06	
8.56	0.106381	-5.69359e-06	0.107341	9.23824e-06	0.106381	-5.69359e-06	0.107341	9.23824e-06	
8.58	0.106155	-5.61483e-06	0.107109	9.15295e-06	0.106155	-5.61483e-06	0.107109	9.15295e-06	
8.6	0.105929	-5.53729e-06	0.106877	9.06778e-06	0.105929	-5.53729e-06	0.106877	9.06778e-06	
8.62	0.105704	-5.46095e-06	0.106646	8.98278e-06	0.105704	-5.46095e-06	0.106646	8.98278e-06	
8.64	0.10548	-5.3858e-06	0.106417	8.89797e-06	0.10548	-5.3858e-06	0.106417	8.89797e-06	
8.66	0.105257	-5.31181e-06	0.106188	8.8134e-06	0.105257	-5.31181e-06	0.106188	8.8134e-06	
8.68	0.105036	-5.23897e-06	0.105961	8.72907e-06	0.105036	-5.23897e-06	0.105961	8.72907e-06	
8.7	0.104815	-5.16725e-06	0.105734	8.64504e-06	0.104815	-5.16725e-06	0.105734	8.64504e-06	
8.72	0.104595	-5.09663e-06	0.105508	8.56131e-06	0.104595	-5.09663e-06	0.105508	8.56131e-06	
8.74	0.104375	-5.0271e-06	0.105283	8.47792e-06	0.104375	-5.0271e-06	0.105283	8.47792e-06	
8.76	0.104157	-4.95864e-06	0.10506	8.39488e-06	0.104157	-4.95864e-06	0.10506	8.39488e-06	
8.78	0.10394	-4.89122e-06	0.104837	8.31223e-06	0.10394	-4.89122e-06	0.104837	8.31223e-06	
8.8	0.103724	-4.82484e-06	0.104615	8.22997e-06	0.103724	-4.82484e-06	0.104615	8.22997e-06	
8.82	0.103508	-4.75947e-06	0.104394	8.14814e-06	0.103508	-4.75947e-06	0.104394	8.14814e-06	
8.84	0.103294	-4.69509e-06	0.104174	8.06674e-06	0.103294	-4.69509e-06	0.104174	8.06674e-06	
8.86	0.10308	-4.63169e-06	0.103955	7.9858e-06	0.10308	-4.63169e-06	0.103955	7.9858e-06	
8.88	0.102867	-4.56926e-06	0.103737	7.90533e-06	0.102867	-4.56926e-06	0.103737	7.90533e-06	
8.9	0.102655	-4.50777e-06	0.10352	7.82534e-06	0.102655	-4.50777e-06	0.10352	7.82534e-06	
8.92	0.102444	-4.44721e-06	0.103304	7.74585e-06	0.102444	-4.44721e-06	0.103304	7.74585e-06	
8.94	0.102234	-4.38756e-06	0.103088	7.66688e-06	0.102234	-4.38756e-06	0.103088	7.66688e-06	
8.96	0.102025	-4.32881e-06	0.102874	7.58843e-06	0.102025	-4.32881e-06	0.102874	7.58843e-06	
8.98	0.101816	-4.27095e-06	0.10266	7.51052e-06	0.101816	-4.27095e-06	0.10266	7.51052e-06	
9	0.101609	-4.21395e-06	0.102448	7.43315e-06	0.101609	-4.21395e-06	0.102448	7.43315e-06	
9.02	0.101402	-4.15781e-06	0.102236	7.35633e-06	0.101402	-4.15781e-06	0.102236	7.35633e-06	
9.04	0.101196	-4.10251e-06	0.102025	7.28008e-06	0.101196	-4.10251e-06	0.102025	7.28008e-06	
9.06	0.100991	-4.04803e-06	0.101815	7.2044e-06	0.100991	-4.04803e-06	0.101815	7.2044e-06	
9.08	0.100787	-3.99437e-06	0.101606	7.1293e-06	0.100787	-3.99437e-06	0.101606	7.1293e-06	
9.1	0.100583	-3.9415e-06	0.101397	7.05479e-06	0.100583	-3.9415e-06	0.101397	7.05479e-06	
9.12	0.100381	-3.88942e-06	0.10119	6.98087e-06	0.100381	-3.88942e-06	0.10119	6.98087e-06	
9.14	0.100179	-3.83811e-06	0.100983	6.90754e-06	0.100179	-3.83811e-06	0.100983	6.90754e-06	
9.16	0.099978	-3.78755e-06	0.100778	6.83482e-06	0.099978	-3.78755e-06	0.100778	6.83482e-06	
9.18	0.0997779	-3.73775e-06	0.100573	6.7627e-06	0.0997779	-3.73775e-06	0.100573	6.7627e-06	
9.2	0.0995786	-3.68868e-06	0.100369	6.69119e-06	0.0995786	-3.68868e-06	0.100369	6.69119e-06	
9.22	0.09938	-3.64033e-06	0.100166	6.6203e-06	0.09938	-3.64033e-06	0.100166	6.6203e-06	
9.24	0.0991823	-3.59269e-06	0.0999632	6.55002e-06	0.0991823	-3.59269e-06	0.0999632	6.55002e-06	
9.26	0.0989853	-3.54575e-06	0.0997617	6.48036e-06	0.0989853	-3.54575e-06	0.0997617	6.48036e-06	
9.28	0.0987891	-3.4995e-06	0.0995609	6.41132e-06	0.0987891	-3.4995e-06	0.0995609	6.41132e-06	
9.3	0.0985937	-3.45392e-06	0.099361	6.34291e-06	0.0985937	-3.45392e-06	0.099361	6.34291e-06	
9.32	0.0983991	-3.409e-06	0.0991619	6.27511e-06	0.0983991	-3.409e-06	0.0991619	6.27511e-06	
9.34	0.0982053	-3.36474e-06	0.0989636	6.20794e-06	0.0982053	-3.36474e-06	0.0989636	6.20794e-06	
9.36	0.0980122	-3.32113e-06	0.0987661	6.14139e-06	0.0980122	-3.32113e-06	0.0987661	6.14139e-06	
9.38	0.0978198	-3.27814e-06	0.0985693	6.07547e-06	0.0978198	-3.27814e-06	0.0985693	6.07547e-06	
9.4	0.0976283	-3.23578e-06	0.0983734	6.01017e-06	0.0976283	-3.23578e-06	0.0983734	6.01017e-06	
9.42	0.0974374	-3.19403e-06	0.0981783	5.9455e-06	0.0974374	-3.19403e-06	0.0981783	5.9455e-06	
9.44	0.0972474	-3.15288e-06	0.0979839	5.88145e-06	0.0972474	-3.15288e-06	0.0979839	5.88145e-06	
9.46	0.097058	-3.11233e-06	0.0977903	5.81802e-06	0.097058	-3.11233e-06	0.0977903	5.81802e-06	
9.48	0.0968694	-3.07236e-06	0.0975975	5.75521e-06	0.0968694	-3.07236e-06	0.0975975	5.75521e-06	
9.5	0.0966816	-3.03296e-06	0.0974054	5.69301e-06	0.0966816	-3.03296e-06	0.0974054	5.69301e-06	
9.52	0.0964945	-2.99412e-06	0.0972141	5.63144e-06	0.0964945	-2.99412e-06	0.0972141	5.63144e-06	
9.54	0.0963081	-2.95584e-06	0.0970236	5.57048e-06	0.0963081	-2.95584e-06	0.0970236	5.57048e-06	
9.56	0.0961224	-2.91811e-06	0.0968338	5.51013e-06	0.0961224	-2.91811e-06	0.0968338	5.51013e-06	
9.58	0.0959374	-2.88092e-06	0.0966447	5.4504e-06	0.0959374	-2.88092e-06	0.0966447	5.4504e-06	
9.6	0.0957532	-2.84425e-06	0.0964564	5.39127e-06	0.0957532	-2.84425e-06	0.0964564	5.39127e-06	
9.62	0.0955696	-2.80811e-06	0.0962689	5.33274e-06	0.0955696	-2.80811e-06	0.0962689	5.33274e-06	
9.64	0.0953868	-2.77247e-06	0.096082	5.27482e-06	0.0953868	-2.77247e-06	0.096082	5.27482e-06	
9.66	0.0952046	-2.73734e-06	0.0958959	5.2175e-06	0.0952046	-2.73734e-06	0.0958959	5.2175e-06	
9.68	0.0950232	-2.70271e-06	0.0957106	5.16077e-06	0.0950232	-2.70271e-06	0.0957106	5.16077e-06	
9.7	0.0948424	-2.66857e-06	0.0955259	5.10464e-06	0.0948424	-2.66857e-06	0.0955259	5.10464e-06	
9.72	0.0946624	-2.6349e-06	0.095342	5.04909e-06	0.0946624	-2.6349e-06	0.095342	5.04909e-06	
9.74	0.094483	-2.60171e-06	0.0951587	4.99413e-06	0.094483	-2.60171e-06	0.0951587	4.99413e-06	
9.76	0.0943043	-2.56899e-06	0.0949762	4.93976e-06	0.0943043	-2.56899e-06	0.0949762	4.93976e-06	
9.78	0.0941263	-2.53672e-06	0.0947944	4.88596e-06	0.0941263	-2.53672e-06	0.0947944	4.88596e-06	
9.8	0.0939489	-2.50491e-06	0.0946133	4.83273e-06	0.0939489	-2.50491e-06	0.0946133	4.83273e-06	
9.82	0.0937723	-2.47353e-06	0.0944329	4.78007e-06	0.0937723	-2.47353e-06	0.0944329	4.78007e-06	
9.84	0.0935962	-2.4426e-06	0.0942532	4.72798e-06	0.0935962	-2.4426e-06	0.0942532	4.72798e-06	
9.86	0.0934209	-2.4121e-06	0.0940741	4.67646e-06	0.0934209	-2.4121e-06	0.0940741	4.67646e-06	
9.88	0.0932462	-2.38201e-06	0.0938958	4.62549e-06	0.0932462	-2.38201e-06	0.0938958	4.62549e-06	
9.9	0.0930722	-2.35235e-06	0.0937181	4.57507e-06	0.0930722	-2.35235e-06	0.0937181	4.57507e-06	
9.92	0.0928988	-2.3231e-06	0.0935411	4.5252e-06	0.0928988	-2.3231e-06	0.0935411	4.5252e-06	
9.94	0.092726	-2.29425e-06	0.0933648	4.47588e-06	0.092726	-2.29425e-06	0.0933648	4.47588e-06	
9.96	0.0925539	-2.2658e-06	0.0931892	4.4271e-06	0.0925539	-2.2658e-06	0.0931892	4.4271e-06	
9.98	0.0923825	-2.23774e-06	0.0930142	4.37885e-06	0.0923825	-2.23774e-06	0.0930142	4.37885e-06	
