0.0785398	0.0158431	-1.80038	0	0	0	0	0.00146119	-0.95838	0.0158431	-1.80038	0	0	0	0	0.00146119	-0.95838	
0.235619	0.0116382	-1.48534	0	0	0	0	0.000981197	-0.877407	0.0116382	-1.48534	0	0	0	0	0.000981197	-0.877407	
0.392699	0.0123772	-1.2568	0	0	0	0	0.000278682	-0.806172	0.0123772	-1.2568	0	0	0	0	0.000278682	-0.806172	
0.549779	0.00873594	-1.08065	0	0	0	0	0.000538507	-0.743469	0.00873594	-1.08065	0	0	0	0	0.000538507	-0.743469	
0.706858	0.00448279	-0.945262	0	0	0	0	0.000195626	-0.687587	0.00448279	-0.945262	0	0	0	0	0.000195626	-0.687587	
0.863938	0.00681147	-0.840163	0	0	0	0	0.000842463	-0.638254	0.00681147	-0.840163	0	0	0	0	0.000842463	-0.638254	
1.02102	0.00430741	-0.754738	0	0	0	0	7.19994e-05	-0.594138	0.00430741	-0.754738	0	0	0	0	7.19994e-05	-0.594138	
1.1781	0.00360558	-0.683363	0	0	0	0	-0.000446701	-0.554705	0.00360558	-0.683363	0	0	0	0	-0.000446701	-0.554705	
1.33518	0.0024057	-0.620997	0	0	0	0	-8.25983e-05	-0.519223	0.0024057	-0.620997	0	0	0	0	-8.25983e-05	-0.519223	
1.49226	0.000468638	-0.569144	0	0	0	0	0.000676658	-0.487681	0.000468638	-0.569144	0	0	0	0	0.000676658	-0.487681	
1.64934	0.0031204	-0.526104	0	0	0	0	0.000584032	-0.459343	0.0031204	-0.526104	0	0	0	0	0.000584032	-0.459343	
1.80642	0.000964514	-0.487862	0	0	0	0	0.000357609	-0.432501	0.000964514	-0.487862	0	0	0	0	0.000357609	-0.432501	
1.9635	0.00173607	-0.462851	0	0	0	0	-0.000743111	-0.408961	0.00173607	-0.462851	0	0	0	0	-0.000743111	-0.408961	
2.12058	0.000736659	-0.430982	0	0	0	0	-0.000363427	-0.386376	0.000736659	-0.430982	0	0	0	0	-0.000363427	-0.386376	
2.27765	0.00164402	-0.40491	0	0	0	0	-0.000942501	-0.367825	0.00164402	-0.40491	0	0	0	0	-0.000942501	-0.367825	
2.43473	0.00265395	-0.381418	0	0	0	0	-0.00122973	-0.350737	0.00265395	-0.381418	0	0	0	0	-0.00122973	-0.350737	
2.59181	0.00327671	-0.359154	0	0	0	0	-0.00111931	-0.334149	0.00327671	-0.359154	0	0	0	0	-0.00111931	-0.334149	
2.74889	0.00359198	-0.339083	0	0	0	0	-0.00101105	-0.318498	0.00359198	-0.339083	0	0	0	0	-0.00101105	-0.318498	
2.90597	0.00357563	-0.32181	0	0	0	0	-0.00108811	-0.304234	0.00357563	-0.32181	0	0	0	0	-0.00108811	-0.304234	
3.06305	0.00318985	-0.307077	0	0	0	0	-0.00130797	-0.291434	0.00318985	-0.307077	0	0	0	0	-0.00130797	-0.291434	
3.22013	0.00249746	-0.29424	0	0	0	0	-0.00156351	-0.279919	0.00249746	-0.29424	0	0	0	0	-0.00156351	-0.279919	
3.37721	0.00164242	-0.282684	0	0	0	0	-0.00177586	-0.26944	0.00164242	-0.282684	0	0	0	0	-0.00177586	-0.26944	
3.53429	0.000782194	-0.271983	0	0	0	0	-0.00191278	-0.259775	0.000782194	-0.271983	0	0	0	0	-0.00191278	-0.259775	
3.69137	3.86905e-05	-0.261901	0	0	0	0	-0.00197522	-0.250761	3.86905e-05	-0.261901	0	0	0	0	-0.00197522	-0.250761	
3.84845	-0.000518516	-0.252333	0	0	0	0	-0.00197961	-0.242289	-0.000518516	-0.252333	0	0	0	0	-0.00197961	-0.242289	
4.00553	-0.000867276	-0.243244	0	0	0	0	-0.0019458	-0.23429	-0.000867276	-0.243244	0	0	0	0	-0.0019458	-0.23429	
4.16261	-0.00101914	-0.234632	0	0	0	0	-0.00189092	-0.22672	-0.00101914	-0.234632	0	0	0	0	-0.00189092	-0.22672	
4.31969	-0.00100496	-0.226496	0	0	0	0	-0.00182745	-0.219549	-0.00100496	-0.226496	0	0	0	0	-0.00182745	-0.219549	
4.47677	-0.000863444	-0.218836	0	0	0	0	-0.0017633	-0.212754	-0.000863444	-0.218836	0	0	0	0	-0.0017633	-0.212754	
4.63385	-0.000633525	-0.21164	0	0	0	0	-0.00170282	-0.206314	-0.000633525	-0.21164	0	0	0	0	-0.00170282	-0.206314	
4.79093	-0.000349976	-0.204891	0	0	0	0	-0.00164784	-0.200209	-0.000349976	-0.204891	0	0	0	0	-0.00164784	-0.200209	
4.94801	-4.14465e-05	-0.198562	0	0	0	0	-0.00159867	-0.194422	-4.14465e-05	-0.198562	0	0	0	0	-0.00159867	-0.194422	
5.10509	0.000270004	-0.192628	0	0	0	0	-0.00155474	-0.188934	0.000270004	-0.192628	0	0	0	0	-0.00155474	-0.188934	
5.26217	0.000568383	-0.187057	0	0	0	0	-0.00151511	-0.183726	0.000568383	-0.187057	0	0	0	0	-0.00151511	-0.183726	
5.41925	0.000842925	-0.18182	0	0	0	0	-0.00147876	-0.178782	0.000842925	-0.18182	0	0	0	0	-0.00147876	-0.178782	
5.57633	0.00108711	-0.17689	0	0	0	0	-0.00144472	-0.174084	0.00108711	-0.17689	0	0	0	0	-0.00144472	-0.174084	
5.73341	0.00129763	-0.17224	0	0	0	0	-0.00141217	-0.169617	0.00129763	-0.17224	0	0	0	0	-0.00141217	-0.169617	
5.89049	0.00147361	-0.167844	0	0	0	0	-0.0013805	-0.165365	0.00147361	-0.167844	0	0	0	0	-0.0013805	-0.165365	
6.04757	0.00161581	-0.163682	0	0	0	0	-0.00134925	-0.161313	0.00161581	-0.163682	0	0	0	0	-0.00134925	-0.161313	
6.20465	0.00172613	-0.159732	0	0	0	0	-0.0013181	-0.15745	0.00172613	-0.159732	0	0	0	0	-0.0013181	-0.15745	
6.36173	0.00180716	-0.155978	0	0	0	0	-0.00128687	-0.153763	0.00180716	-0.155978	0	0	0	0	-0.00128687	-0.153763	
6.5188	0.00186183	-0.152402	0	0	0	0	-0.00125546	-0.15024	0.00186183	-0.152402	0	0	0	0	-0.00125546	-0.15024	
6.67588	0.00189321	-0.14899	0	0	0	0	-0.00122387	-0.146872	0.00189321	-0.14899	0	0	0	0	-0.00122387	-0.146872	
6.83296	0.00190435	-0.145732	0	0	0	0	-0.00119212	-0.143647	0.00190435	-0.145732	0	0	0	0	-0.00119212	-0.143647	
6.99004	0.00189815	-0.142613	0	0	0	0	-0.00116027	-0.140559	0.00189815	-0.142613	0	0	0	0	-0.00116027	-0.140559	
7.14712	0.00187731	-0.139626	0	0	0	0	-0.00112843	-0.137597	0.00187731	-0.139626	0	0	0	0	-0.00112843	-0.137597	
7.3042	0.00184431	-0.13676	0	0	0	0	-0.00109668	-0.134755	0.00184431	-0.13676	0	0	0	0	-0.00109668	-0.134755	
7.46128	0.00180136	-0.134008	0	0	0	0	-0.00106512	-0.132026	0.00180136	-0.134008	0	0	0	0	-0.00106512	-0.132026	
7.61836	0.00175045	-0.131364	0	0	0	0	-0.00103387	-0.129402	0.00175045	-0.131364	0	0	0	0	-0.00103387	-0.129402	
7.77544	0.00169329	-0.128818	0	0	0	0	-0.00100298	-0.12688	0.00169329	-0.128818	0	0	0	0	-0.00100298	-0.12688	
7.93252	0.00163138	-0.126367	0	0	0	0	-0.000972557	-0.124451	0.00163138	-0.126367	0	0	0	0	-0.000972557	-0.124451	
8.0896	0.00156602	-0.124004	0	0	0	0	-0.000942675	-0.122112	0.00156602	-0.124004	0	0	0	0	-0.000942675	-0.122112	
8.24668	0.00149831	-0.121726	0	0	0	0	-0.000913386	-0.119858	0.00149831	-0.121726	0	0	0	0	-0.000913386	-0.119858	
8.40376	0.00142919	-0.119526	0	0	0	0	-0.000884746	-0.117683	0.00142919	-0.119526	0	0	0	0	-0.000884746	-0.117683	
8.56084	0.00135944	-0.117401	0	0	0	0	-0.000856804	-0.115585	0.00135944	-0.117401	0	0	0	0	-0.000856804	-0.115585	
8.71792	0.0012897	-0.115348	0	0	0	0	-0.000829583	-0.113559	0.0012897	-0.115348	0	0	0	0	-0.000829583	-0.113559	
8.875	0.00122053	-0.113362	0	0	0	0	-0.000803104	-0.111601	0.00122053	-0.113362	0	0	0	0	-0.000803104	-0.111601	
9.03208	0.00115234	-0.111441	0	0	0	0	-0.000777395	-0.109709	0.00115234	-0.111441	0	0	0	0	-0.000777395	-0.109709	
9.18916	0.0010855	-0.109582	0	0	0	0	-0.000752462	-0.107879	0.0010855	-0.109582	0	0	0	0	-0.000752462	-0.107879	
9.34624	0.00102028	-0.10778	0	0	0	0	-0.00072831	-0.106107	0.00102028	-0.10778	0	0	0	0	-0.00072831	-0.106107	
9.50332	0.000956895	-0.106035	0	0	0	0	-0.000704935	-0.104392	0.000956895	-0.106035	0	0	0	0	-0.000704935	-0.104392	
9.6604	0.000895504	-0.104342	0	0	0	0	-0.000682339	-0.102731	0.000895504	-0.104342	0	0	0	0	-0.000682339	-0.102731	
9.81748	0.000836224	-0.102701	0	0	0	0	-0.000660506	-0.101121	0.000836224	-0.102701	0	0	0	0	-0.000660506	-0.101121	
9.97456	0.000779134	-0.101108	0	0	0	0	-0.00063943	-0.0995595	0.000779134	-0.101108	0	0	0	0	-0.00063943	-0.0995595	
10.1316	0.000724283	-0.0995621	0	0	0	0	-0.000619095	-0.098045	0.000724283	-0.0995621	0	0	0	0	-0.000619095	-0.098045	
10.2887	0.00067168	-0.0980612	0	0	0	0	-0.000599486	-0.0965752	0.00067168	-0.0980612	0	0	0	0	-0.000599486	-0.0965752	
10.4458	0.000621338	-0.0966029	0	0	0	0	-0.000580584	-0.0951482	0.000621338	-0.0966029	0	0	0	0	-0.000580584	-0.0951482	
10.6029	0.000573229	-0.0951858	0	0	0	0	-0.000562371	-0.0937622	0.000573229	-0.0951858	0	0	0	0	-0.000562371	-0.0937622	
10.76	0.000527326	-0.0938082	0	0	0	0	-0.000544826	-0.0924154	0.000527326	-0.0938082	0	0	0	0	-0.000544826	-0.0924154	
10.917	0.000483582	-0.0924686	0	0	0	0	-0.000527931	-0.0911062	0.000483582	-0.0924686	0	0	0	0	-0.000527931	-0.0911062	
11.0741	0.000441949	-0.0911653	0	0	0	0	-0.000511663	-0.0898331	0.000441949	-0.0911653	0	0	0	0	-0.000511663	-0.0898331	
11.2312	0.000402365	-0.0898971	0	0	0	0	-0.000496003	-0.0885947	0.000402365	-0.0898971	0	0	0	0	-0.000496003	-0.0885947	
11.3883	0.00036476	-0.0886625	0	0	0	0	-0.000480927	-0.0873896	0.00036476	-0.0886625	0	0	0	0	-0.000480927	-0.0873896	
11.5454	0.000329082	-0.0874603	0	0	0	0	-0.000466418	-0.0862164	0.000329082	-0.0874603	0	0	0	0	-0.000466418	-0.0862164	
11.7024	0.000295244	-0.0862894	0	0	0	0	-0.000452453	-0.0850739	0.000295244	-0.0862894	0	0	0	0	-0.000452453	-0.0850739	
11.8595	0.000263185	-0.0851484	0	0	0	0	-0.000439011	-0.083961	0.000263185	-0.0851484	0	0	0	0	-0.000439011	-0.083961	
12.0166	0.000232833	-0.0840365	0	0	0	0	-0.000426074	-0.0828765	0.000232833	-0.0840365	0	0	0	0	-0.000426074	-0.0828765	
12.1737	0.000204108	-0.0829524	0	0	0	0	-0.000413621	-0.0818194	0.000204108	-0.0829524	0	0	0	0	-0.000413621	-0.0818194	
12.3308	0.000176952	-0.0818952	0	0	0	0	-0.000401634	-0.0807887	0.000176952	-0.0818952	0	0	0	0	-0.000401634	-0.0807887	
12.4878	0.000151285	-0.0808639	0	0	0	0	-0.000390093	-0.0797833	0.000151285	-0.0808639	0	0	0	0	-0.000390093	-0.0797833	
12.6449	0.000127042	-0.0798577	0	0	0	0	-0.000378982	-0.0788023	0.000127042	-0.0798577	0	0	0	0	-0.000378982	-0.0788023	
12.802	0.000104158	-0.0788756	0	0	0	0	-0.000368283	-0.0778451	0.000104158	-0.0788756	0	0	0	0	-0.000368283	-0.0778451	
12.9591	8.25619e-05	-0.0779168	0	0	0	0	-0.000357979	-0.0769106	8.25619e-05	-0.0779168	0	0	0	0	-0.000357979	-0.0769106	
13.1161	6.22006e-05	-0.0769806	0	0	0	0	-0.000348054	-0.075998	6.22006e-05	-0.0769806	0	0	0	0	-0.000348054	-0.075998	
13.2732	4.30043e-05	-0.0760662	0	0	0	0	-0.000338492	-0.0751067	4.30043e-05	-0.0760662	0	0	0	0	-0.000338492	-0.0751067	
13.4303	2.49235e-05	-0.0751727	0	0	0	0	-0.000329278	-0.0742358	2.49235e-05	-0.0751727	0	0	0	0	-0.000329278	-0.0742358	
13.5874	7.89968e-06	-0.0742997	0	0	0	0	-0.000320398	-0.0733848	7.89968e-06	-0.0742997	0	0	0	0	-0.000320398	-0.0733848	
13.7445	-8.13119e-06	-0.0734462	0	0	0	0	-0.000311839	-0.0725529	-8.13119e-06	-0.0734462	0	0	0	0	-0.000311839	-0.0725529	
13.9015	-2.32024e-05	-0.0726119	0	0	0	0	-0.000303587	-0.0717395	-2.32024e-05	-0.0726119	0	0	0	0	-0.000303587	-0.0717395	
14.0586	-3.73777e-05	-0.071796	0	0	0	0	-0.000295629	-0.070944	-3.73777e-05	-0.071796	0	0	0	0	-0.000295629	-0.070944	
14.2157	-5.069e-05	-0.0709979	0	0	0	0	-0.000287952	-0.0701659	-5.069e-05	-0.0709979	0	0	0	0	-0.000287952	-0.0701659	
14.3728	-6.31976e-05	-0.0702171	0	0	0	0	-0.000280547	-0.0694045	-6.31976e-05	-0.0702171	0	0	0	0	-0.000280547	-0.0694045	
14.5299	-7.49386e-05	-0.069453	0	0	0	0	-0.000273401	-0.0686593	-7.49386e-05	-0.069453	0	0	0	0	-0.000273401	-0.0686593	
14.6869	-8.59552e-05	-0.0687052	0	0	0	0	-0.000266503	-0.0679299	-8.59552e-05	-0.0687052	0	0	0	0	-0.000266503	-0.0679299	
14.844	-9.62807e-05	-0.0679731	0	0	0	0	-0.000259844	-0.0672157	-9.62807e-05	-0.0679731	0	0	0	0	-0.000259844	-0.0672157	
15.0011	-0.000105953	-0.0672561	0	0	0	0	-0.000253413	-0.0665163	-0.000105953	-0.0672561	0	0	0	0	-0.000253413	-0.0665163	
15.1582	-0.000115013	-0.066554	0	0	0	0	-0.000247201	-0.0658312	-0.000115013	-0.066554	0	0	0	0	-0.000247201	-0.0658312	
15.3153	-0.000123483	-0.0658662	0	0	0	0	-0.0002412	-0.06516	-0.000123483	-0.0658662	0	0	0	0	-0.0002412	-0.06516	
15.4723	-0.000131405	-0.0651924	0	0	0	0	-0.0002354	-0.0645022	-0.000131405	-0.0651924	0	0	0	0	-0.0002354	-0.0645022	
15.6294	-0.000138805	-0.0645319	0	0	0	0	-0.000229794	-0.0638576	-0.000138805	-0.0645319	0	0	0	0	-0.000229794	-0.0638576	
15.7865	-0.000145707	-0.0638846	0	0	0	0	-0.000224374	-0.0632256	-0.000145707	-0.0638846	0	0	0	0	-0.000224374	-0.0632256	
15.9436	-0.000152145	-0.0632501	0	0	0	0	-0.000219132	-0.062606	-0.000152145	-0.0632501	0	0	0	0	-0.000219132	-0.062606	
16.1007	-0.000158142	-0.0626279	0	0	0	0	-0.000214061	-0.0619983	-0.000158142	-0.0626279	0	0	0	0	-0.000214061	-0.0619983	
16.2577	-0.00016372	-0.0620177	0	0	0	0	-0.000209155	-0.0614022	-0.00016372	-0.0620177	0	0	0	0	-0.000209155	-0.0614022	
16.4148	-0.0001689	-0.0614192	0	0	0	0	-0.000204407	-0.0608175	-0.0001689	-0.0614192	0	0	0	0	-0.000204407	-0.0608175	
16.5719	-0.000173709	-0.0608321	0	0	0	0	-0.00019981	-0.0602437	-0.000173709	-0.0608321	0	0	0	0	-0.00019981	-0.0602437	
16.729	-0.000178166	-0.0602559	0	0	0	0	-0.000195359	-0.0596806	-0.000178166	-0.0602559	0	0	0	0	-0.000195359	-0.0596806	
16.8861	-0.000182287	-0.0596905	0	0	0	0	-0.000191048	-0.0591279	-0.000182287	-0.0596905	0	0	0	0	-0.000191048	-0.0591279	
17.0431	-0.000186093	-0.0591356	0	0	0	0	-0.000186872	-0.0585852	-0.000186093	-0.0591356	0	0	0	0	-0.000186872	-0.0585852	
17.2002	-0.000189605	-0.0585907	0	0	0	0	-0.000182825	-0.0580525	-0.000189605	-0.0585907	0	0	0	0	-0.000182825	-0.0580525	
17.3573	-0.000192833	-0.0580558	0	0	0	0	-0.000178903	-0.0575293	-0.000192833	-0.0580558	0	0	0	0	-0.000178903	-0.0575293	
17.5144	-0.000195794	-0.0575305	0	0	0	0	-0.0001751	-0.0570153	-0.000195794	-0.0575305	0	0	0	0	-0.0001751	-0.0570153	
17.6715	-0.0001985	-0.0570145	0	0	0	0	-0.000171412	-0.0565105	-0.0001985	-0.0570145	0	0	0	0	-0.000171412	-0.0565105	
17.8285	-0.000200975	-0.0565077	0	0	0	0	-0.000167836	-0.0560145	-0.000200975	-0.0565077	0	0	0	0	-0.000167836	-0.0560145	
17.9856	-0.000203222	-0.0560098	0	0	0	0	-0.000164366	-0.055527	-0.000203222	-0.0560098	0	0	0	0	-0.000164366	-0.055527	
18.1427	-0.000205259	-0.0555204	0	0	0	0	-0.000160998	-0.055048	-0.000205259	-0.0555204	0	0	0	0	-0.000160998	-0.055048	
18.2998	-0.000207093	-0.0550396	0	0	0	0	-0.00015773	-0.0545772	-0.000207093	-0.0550396	0	0	0	0	-0.00015773	-0.0545772	
18.4569	-0.000208742	-0.054567	0	0	0	0	-0.000154557	-0.0541143	-0.000208742	-0.054567	0	0	0	0	-0.000154557	-0.0541143	
18.6139	-0.000210213	-0.0541023	0	0	0	0	-0.000151476	-0.0536591	-0.000210213	-0.0541023	0	0	0	0	-0.000151476	-0.0536591	
18.771	-0.000211515	-0.0536455	0	0	0	0	-0.000148483	-0.0532115	-0.000211515	-0.0536455	0	0	0	0	-0.000148483	-0.0532115	
18.9281	-0.000212655	-0.0531963	0	0	0	0	-0.000145576	-0.0527713	-0.000212655	-0.0531963	0	0	0	0	-0.000145576	-0.0527713	
19.0852	-0.000213649	-0.0527546	0	0	0	0	-0.00014275	-0.0523383	-0.000213649	-0.0527546	0	0	0	0	-0.00014275	-0.0523383	
19.2423	-0.000214501	-0.0523201	0	0	0	0	-0.000140004	-0.0519124	-0.000214501	-0.0523201	0	0	0	0	-0.000140004	-0.0519124	
19.3993	-0.000215218	-0.0518926	0	0	0	0	-0.000137335	-0.0514932	-0.000215218	-0.0518926	0	0	0	0	-0.000137335	-0.0514932	
19.5564	-0.000215813	-0.0514721	0	0	0	0	-0.000134739	-0.0510808	-0.000215813	-0.0514721	0	0	0	0	-0.000134739	-0.0510808	
19.7135	-0.000216287	-0.0510583	0	0	0	0	-0.000132214	-0.050675	-0.000216287	-0.0510583	0	0	0	0	-0.000132214	-0.050675	
19.8706	-0.000216653	-0.0506511	0	0	0	0	-0.000129758	-0.0502755	-0.000216653	-0.0506511	0	0	0	0	-0.000129758	-0.0502755	
20.0277	-0.000216912	-0.0502503	0	0	0	0	-0.000127368	-0.0498822	-0.000216912	-0.0502503	0	0	0	0	-0.000127368	-0.0498822	
20.1847	-0.000217068	-0.0498558	0	0	0	0	-0.000125043	-0.049495	-0.000217068	-0.0498558	0	0	0	0	-0.000125043	-0.049495	
20.3418	-0.000217137	-0.0494674	0	0	0	0	-0.000122779	-0.0491138	-0.000217137	-0.0494674	0	0	0	0	-0.000122779	-0.0491138	
20.4989	-0.000217115	-0.0490851	0	0	0	0	-0.000120575	-0.0487384	-0.000217115	-0.0490851	0	0	0	0	-0.000120575	-0.0487384	
20.656	-0.000217012	-0.0487085	0	0	0	0	-0.000118429	-0.0483686	-0.000217012	-0.0487085	0	0	0	0	-0.000118429	-0.0483686	
20.8131	-0.000216831	-0.0483377	0	0	0	0	-0.000116339	-0.0480044	-0.000216831	-0.0483377	0	0	0	0	-0.000116339	-0.0480044	
20.9701	-0.000216577	-0.0479725	0	0	0	0	-0.000114302	-0.0476457	-0.000216577	-0.0479725	0	0	0	0	-0.000114302	-0.0476457	
21.1272	-0.000216255	-0.0476128	0	0	0	0	-0.000112318	-0.0472922	-0.000216255	-0.0476128	0	0	0	0	-0.000112318	-0.0472922	
21.2843	-0.000215869	-0.0472584	0	0	0	0	-0.000110384	-0.046944	-0.000215869	-0.0472584	0	0	0	0	-0.000110384	-0.046944	
21.4414	-0.000215423	-0.0469092	0	0	0	0	-0.000108499	-0.0466009	-0.000215423	-0.0469092	0	0	0	0	-0.000108499	-0.0466009	
21.5984	-0.000214915	-0.0465651	0	0	0	0	-0.000106662	-0.0462627	-0.000214915	-0.0465651	0	0	0	0	-0.000106662	-0.0462627	
21.7555	-0.000214361	-0.0462261	0	0	0	0	-0.00010487	-0.0459294	-0.000214361	-0.0462261	0	0	0	0	-0.00010487	-0.0459294	
21.9126	-0.000213754	-0.0458919	0	0	0	0	-0.000103122	-0.0456008	-0.000213754	-0.0458919	0	0	0	0	-0.000103122	-0.0456008	
22.0697	-0.0002131	-0.0455626	0	0	0	0	-0.000101417	-0.0452768	-0.0002131	-0.0455626	0	0	0	0	-0.000101417	-0.0452768	
22.2268	-0.000212405	-0.0452379	0	0	0	0	-9.97534e-05	-0.0449576	-0.000212405	-0.0452379	0	0	0	0	-9.97534e-05	-0.0449576	
22.3838	-0.000211665	-0.0449179	0	0	0	0	-9.813e-05	-0.0446427	-0.000211665	-0.0449179	0	0	0	0	-9.813e-05	-0.0446427	
22.5409	-0.000210894	-0.0446023	0	0	0	0	-9.6546e-05	-0.0443322	-0.000210894	-0.0446023	0	0	0	0	-9.6546e-05	-0.0443322	
22.698	-0.000210081	-0.0442911	0	0	0	0	-9.49997e-05	-0.0440259	-0.000210081	-0.0442911	0	0	0	0	-9.49997e-05	-0.0440259	
22.8551	-0.000209238	-0.0439843	0	0	0	0	-9.34895e-05	-0.0437239	-0.000209238	-0.0439843	0	0	0	0	-9.34895e-05	-0.0437239	
23.0122	-0.000208367	-0.0436816	0	0	0	0	-9.20152e-05	-0.0434259	-0.000208367	-0.0436816	0	0	0	0	-9.20152e-05	-0.0434259	
23.1692	-0.000207463	-0.0433831	0	0	0	0	-9.05749e-05	-0.043132	-0.000207463	-0.0433831	0	0	0	0	-9.05749e-05	-0.043132	
23.3263	-0.000206534	-0.0430886	0	0	0	0	-8.91682e-05	-0.0428421	-0.000206534	-0.0430886	0	0	0	0	-8.91682e-05	-0.0428421	
23.4834	-0.00020558	-0.0427981	0	0	0	0	-8.77938e-05	-0.042556	-0.00020558	-0.0427981	0	0	0	0	-8.77938e-05	-0.042556	
23.6405	-0.000204604	-0.0425116	0	0	0	0	-8.64508e-05	-0.0422737	-0.000204604	-0.0425116	0	0	0	0	-8.64508e-05	-0.0422737	
23.7976	-0.000203607	-0.0422288	0	0	0	0	-8.5138e-05	-0.0419952	-0.000203607	-0.0422288	0	0	0	0	-8.5138e-05	-0.0419952	
23.9546	-0.000202591	-0.0419497	0	0	0	0	-8.38554e-05	-0.0417202	-0.000202591	-0.0419497	0	0	0	0	-8.38554e-05	-0.0417202	
24.1117	-0.000201557	-0.0416743	0	0	0	0	-8.26008e-05	-0.0414488	-0.000201557	-0.0416743	0	0	0	0	-8.26008e-05	-0.0414488	
24.2688	-0.000200507	-0.0414025	0	0	0	0	-8.13745e-05	-0.041181	-0.000200507	-0.0414025	0	0	0	0	-8.13745e-05	-0.041181	
24.4259	-0.000199442	-0.0411343	0	0	0	0	-8.01747e-05	-0.0409165	-0.000199442	-0.0411343	0	0	0	0	-8.01747e-05	-0.0409165	
24.583	-0.000198363	-0.0408694	0	0	0	0	-7.90015e-05	-0.0406555	-0.000198363	-0.0408694	0	0	0	0	-7.90015e-05	-0.0406555	
24.74	-0.000197272	-0.040608	0	0	0	0	-7.78543e-05	-0.0403977	-0.000197272	-0.040608	0	0	0	0	-7.78543e-05	-0.0403977	
24.8971	-0.00019617	-0.0403499	0	0	0	0	-7.67314e-05	-0.0401432	-0.00019617	-0.0403499	0	0	0	0	-7.67314e-05	-0.0401432	
25.0542	-0.000195059	-0.040095	0	0	0	0	-7.56324e-05	-0.0398918	-0.000195059	-0.040095	0	0	0	0	-7.56324e-05	-0.0398918	
25.2113	-0.000193938	-0.0398434	0	0	0	0	-7.45573e-05	-0.0396436	-0.000193938	-0.0398434	0	0	0	0	-7.45573e-05	-0.0396436	
25.3684	-0.00019281	-0.0395949	0	0	0	0	-7.35045e-05	-0.0393985	-0.00019281	-0.0395949	0	0	0	0	-7.35045e-05	-0.0393985	
25.5254	-0.000191675	-0.0393495	0	0	0	0	-7.24742e-05	-0.0391564	-0.000191675	-0.0393495	0	0	0	0	-7.24742e-05	-0.0391564	
25.6825	-0.000190533	-0.0391071	0	0	0	0	-7.14652e-05	-0.0389172	-0.000190533	-0.0391071	0	0	0	0	-7.14652e-05	-0.0389172	
25.8396	-0.000189386	-0.0388677	0	0	0	0	-7.04773e-05	-0.038681	-0.000189386	-0.0388677	0	0	0	0	-7.04773e-05	-0.038681	
25.9967	-0.000188235	-0.0386312	0	0	0	0	-6.95098e-05	-0.0384475	-0.000188235	-0.0386312	0	0	0	0	-6.95098e-05	-0.0384475	
26.1538	-0.000187081	-0.0383976	0	0	0	0	-6.85619e-05	-0.0382169	-0.000187081	-0.0383976	0	0	0	0	-6.85619e-05	-0.0382169	
26.3108	-0.000185924	-0.0381667	0	0	0	0	-6.76335e-05	-0.037989	-0.000185924	-0.0381667	0	0	0	0	-6.76335e-05	-0.037989	
26.4679	-0.000184764	-0.0379386	0	0	0	0	-6.67239e-05	-0.0377638	-0.000184764	-0.0379386	0	0	0	0	-6.67239e-05	-0.0377638	
26.625	-0.000183603	-0.0377133	0	0	0	0	-6.58324e-05	-0.0375413	-0.000183603	-0.0377133	0	0	0	0	-6.58324e-05	-0.0375413	
26.7821	-0.000182441	-0.0374906	0	0	0	0	-6.4959e-05	-0.0373214	-0.000182441	-0.0374906	0	0	0	0	-6.4959e-05	-0.0373214	
26.9392	-0.000181278	-0.0372705	0	0	0	0	-6.41028e-05	-0.037104	-0.000181278	-0.0372705	0	0	0	0	-6.41028e-05	-0.037104	
27.0962	-0.000180116	-0.037053	0	0	0	0	-6.32633e-05	-0.0368891	-0.000180116	-0.037053	0	0	0	0	-6.32633e-05	-0.0368891	
27.2533	-0.000178954	-0.036838	0	0	0	0	-6.24403e-05	-0.0366768	-0.000178954	-0.036838	0	0	0	0	-6.24403e-05	-0.0366768	
27.4104	-0.000177794	-0.0366255	0	0	0	0	-6.16334e-05	-0.0364668	-0.000177794	-0.0366255	0	0	0	0	-6.16334e-05	-0.0364668	
27.5675	-0.000176634	-0.0364155	0	0	0	0	-6.08422e-05	-0.0362592	-0.000176634	-0.0364155	0	0	0	0	-6.08422e-05	-0.0362592	
27.7246	-0.000175477	-0.0362077	0	0	0	0	-6.00661e-05	-0.036054	-0.000175477	-0.0362077	0	0	0	0	-6.00661e-05	-0.036054	
27.8816	-0.000174322	-0.0360024	0	0	0	0	-5.9305e-05	-0.0358511	-0.000174322	-0.0360024	0	0	0	0	-5.9305e-05	-0.0358511	
28.0387	-0.00017317	-0.0357995	0	0	0	0	-5.85579e-05	-0.0356505	-0.00017317	-0.0357995	0	0	0	0	-5.85579e-05	-0.0356505	
28.1958	-0.000172022	-0.0355987	0	0	0	0	-5.78257e-05	-0.035452	-0.000172022	-0.0355987	0	0	0	0	-5.78257e-05	-0.035452	
28.3529	-0.000170876	-0.0354003	0	0	0	0	-5.71067e-05	-0.0352558	-0.000170876	-0.0354003	0	0	0	0	-5.71067e-05	-0.0352558	
28.51	-0.000169734	-0.035204	0	0	0	0	-5.64007e-05	-0.0350618	-0.000169734	-0.035204	0	0	0	0	-5.64007e-05	-0.0350618	
28.667	-0.000168597	-0.0350099	0	0	0	0	-5.57084e-05	-0.0348698	-0.000168597	-0.0350099	0	0	0	0	-5.57084e-05	-0.0348698	
28.8241	-0.000167463	-0.034818	0	0	0	0	-5.5029e-05	-0.03468	-0.000167463	-0.034818	0	0	0	0	-5.5029e-05	-0.03468	
28.9812	-0.000166334	-0.0346281	0	0	0	0	-5.43615e-05	-0.0344922	-0.000166334	-0.0346281	0	0	0	0	-5.43615e-05	-0.0344922	
29.1383	-0.00016521	-0.0344403	0	0	0	0	-5.37064e-05	-0.0343064	-0.00016521	-0.0344403	0	0	0	0	-5.37064e-05	-0.0343064	
29.2954	-0.000164091	-0.0342545	0	0	0	0	-5.30634e-05	-0.0341226	-0.000164091	-0.0342545	0	0	0	0	-5.30634e-05	-0.0341226	
29.4524	-0.000162977	-0.0340707	0	0	0	0	-5.24317e-05	-0.0339408	-0.000162977	-0.0340707	0	0	0	0	-5.24317e-05	-0.0339408	
29.6095	-0.000161869	-0.0338889	0	0	0	0	-5.18109e-05	-0.0337609	-0.000161869	-0.0338889	0	0	0	0	-5.18109e-05	-0.0337609	
29.7666	-0.000160766	-0.033709	0	0	0	0	-5.12018e-05	-0.0335829	-0.000160766	-0.033709	0	0	0	0	-5.12018e-05	-0.0335829	
29.9237	-0.000159669	-0.033531	0	0	0	0	-5.06032e-05	-0.0334067	-0.000159669	-0.033531	0	0	0	0	-5.06032e-05	-0.0334067	
30.0807	-0.000158577	-0.0333549	0	0	0	0	-5.00153e-05	-0.0332325	-0.000158577	-0.0333549	0	0	0	0	-5.00153e-05	-0.0332325	
30.2378	-0.000157492	-0.0331806	0	0	0	0	-4.94374e-05	-0.03306	-0.000157492	-0.0331806	0	0	0	0	-4.94374e-05	-0.03306	
30.3949	-0.000156412	-0.0330082	0	0	0	0	-4.88698e-05	-0.0328893	-0.000156412	-0.0330082	0	0	0	0	-4.88698e-05	-0.0328893	
30.552	-0.00015534	-0.0328375	0	0	0	0	-4.83115e-05	-0.0327203	-0.00015534	-0.0328375	0	0	0	0	-4.83115e-05	-0.0327203	
30.7091	-0.000154273	-0.0326686	0	0	0	0	-4.77633e-05	-0.0325531	-0.000154273	-0.0326686	0	0	0	0	-4.77633e-05	-0.0325531	
30.8661	-0.000153213	-0.0325014	0	0	0	0	-4.72244e-05	-0.0323876	-0.000153213	-0.0325014	0	0	0	0	-4.72244e-05	-0.0323876	
31.0232	-0.00015216	-0.0323359	0	0	0	0	-4.66946e-05	-0.0322237	-0.00015216	-0.0323359	0	0	0	0	-4.66946e-05	-0.0322237	
31.1803	-0.000151113	-0.0321721	0	0	0	0	-4.61737e-05	-0.0320615	-0.000151113	-0.0321721	0	0	0	0	-4.61737e-05	-0.0320615	
31.3374	-0.000150073	-0.0320099	0	0	0	0	-4.56616e-05	-0.0319009	-0.000150073	-0.0320099	0	0	0	0	-4.56616e-05	-0.0319009	
31.4945	-0.00014904	-0.0318494	0	0	0	0	-4.51578e-05	-0.0317419	-0.00014904	-0.0318494	0	0	0	0	-4.51578e-05	-0.0317419	
31.6515	-0.000148014	-0.0316905	0	0	0	0	-4.46627e-05	-0.0315845	-0.000148014	-0.0316905	0	0	0	0	-4.46627e-05	-0.0315845	
31.8086	-0.000146994	-0.0315332	0	0	0	0	-4.41759e-05	-0.0314286	-0.000146994	-0.0315332	0	0	0	0	-4.41759e-05	-0.0314286	
31.9657	-0.000145982	-0.0313774	0	0	0	0	-4.36964e-05	-0.0312743	-0.000145982	-0.0313774	0	0	0	0	-4.36964e-05	-0.0312743	
32.1228	-0.000144977	-0.0312232	0	0	0	0	-4.32255e-05	-0.0311215	-0.000144977	-0.0312232	0	0	0	0	-4.32255e-05	-0.0311215	
32.2799	-0.000143979	-0.0310704	0	0	0	0	-4.27619e-05	-0.0309701	-0.000143979	-0.0310704	0	0	0	0	-4.27619e-05	-0.0309701	
32.4369	-0.000142988	-0.0309192	0	0	0	0	-4.23055e-05	-0.0308203	-0.000142988	-0.0309192	0	0	0	0	-4.23055e-05	-0.0308203	
32.594	-0.000142004	-0.0307694	0	0	0	0	-4.1857e-05	-0.0306719	-0.000142004	-0.0307694	0	0	0	0	-4.1857e-05	-0.0306719	
32.7511	-0.000141027	-0.0306211	0	0	0	0	-4.14153e-05	-0.0305248	-0.000141027	-0.0306211	0	0	0	0	-4.14153e-05	-0.0305248	
32.9082	-0.000140057	-0.0304742	0	0	0	0	-4.09807e-05	-0.0303793	-0.000140057	-0.0304742	0	0	0	0	-4.09807e-05	-0.0303793	
33.0653	-0.000139095	-0.0303287	0	0	0	0	-4.0553e-05	-0.030235	-0.000139095	-0.0303287	0	0	0	0	-4.0553e-05	-0.030235	
33.2223	-0.000138139	-0.0301846	0	0	0	0	-4.0132e-05	-0.0300921	-0.000138139	-0.0301846	0	0	0	0	-4.0132e-05	-0.0300921	
33.3794	-0.000137191	-0.0300418	0	0	0	0	-3.97177e-05	-0.0299506	-0.000137191	-0.0300418	0	0	0	0	-3.97177e-05	-0.0299506	
33.5365	-0.00013625	-0.0299004	0	0	0	0	-3.931e-05	-0.0298104	-0.00013625	-0.0299004	0	0	0	0	-3.931e-05	-0.0298104	
33.6936	-0.000135316	-0.0297603	0	0	0	0	-3.89085e-05	-0.0296715	-0.000135316	-0.0297603	0	0	0	0	-3.89085e-05	-0.0296715	
33.8507	-0.000134389	-0.0296216	0	0	0	0	-3.85131e-05	-0.029534	-0.000134389	-0.0296216	0	0	0	0	-3.85131e-05	-0.029534	
34.0077	-0.00013347	-0.0294841	0	0	0	0	-3.81239e-05	-0.0293976	-0.00013347	-0.0294841	0	0	0	0	-3.81239e-05	-0.0293976	
34.1648	-0.000132558	-0.0293479	0	0	0	0	-3.77403e-05	-0.0292625	-0.000132558	-0.0293479	0	0	0	0	-3.77403e-05	-0.0292625	
34.3219	-0.000131652	-0.0292129	0	0	0	0	-3.73628e-05	-0.0291287	-0.000131652	-0.0292129	0	0	0	0	-3.73628e-05	-0.0291287	
34.479	-0.000130754	-0.0290792	0	0	0	0	-3.69909e-05	-0.028996	-0.000130754	-0.0290792	0	0	0	0	-3.69909e-05	-0.028996	
34.6361	-0.000129863	-0.0289467	0	0	0	0	-3.66246e-05	-0.0288646	-0.000129863	-0.0289467	0	0	0	0	-3.66246e-05	-0.0288646	
34.7931	-0.000128979	-0.0288154	0	0	0	0	-3.62638e-05	-0.0287344	-0.000128979	-0.0288154	0	0	0	0	-3.62638e-05	-0.0287344	
34.9502	-0.000128102	-0.0286853	0	0	0	0	-3.59081e-05	-0.0286053	-0.000128102	-0.0286853	0	0	0	0	-3.59081e-05	-0.0286053	
35.1073	-0.000127233	-0.0285564	0	0	0	0	-3.55579e-05	-0.0284774	-0.000127233	-0.0285564	0	0	0	0	-3.55579e-05	-0.0284774	
35.2644	-0.00012637	-0.0284286	0	0	0	0	-3.52133e-05	-0.0283506	-0.00012637	-0.0284286	0	0	0	0	-3.52133e-05	-0.0283506	
35.4215	-0.000125514	-0.0283019	0	0	0	0	-3.48732e-05	-0.028225	-0.000125514	-0.0283019	0	0	0	0	-3.48732e-05	-0.028225	
35.5785	-0.000124666	-0.0281764	0	0	0	0	-3.45381e-05	-0.0281004	-0.000124666	-0.0281764	0	0	0	0	-3.45381e-05	-0.0281004	
35.7356	-0.000123824	-0.028052	0	0	0	0	-3.42079e-05	-0.027977	-0.000123824	-0.028052	0	0	0	0	-3.42079e-05	-0.027977	
35.8927	-0.000122989	-0.0279287	0	0	0	0	-3.38825e-05	-0.0278546	-0.000122989	-0.0279287	0	0	0	0	-3.38825e-05	-0.0278546	
36.0498	-0.00012216	-0.0278064	0	0	0	0	-3.35618e-05	-0.0277333	-0.00012216	-0.0278064	0	0	0	0	-3.35618e-05	-0.0277333	
36.2069	-0.000121339	-0.0276853	0	0	0	0	-3.32457e-05	-0.027613	-0.000121339	-0.0276853	0	0	0	0	-3.32457e-05	-0.027613	
36.3639	-0.000120524	-0.0275652	0	0	0	0	-3.2934e-05	-0.0274938	-0.000120524	-0.0275652	0	0	0	0	-3.2934e-05	-0.0274938	
36.521	-0.000119717	-0.0274461	0	0	0	0	-3.26268e-05	-0.0273756	-0.000119717	-0.0274461	0	0	0	0	-3.26268e-05	-0.0273756	
36.6781	-0.000118915	-0.0273281	0	0	0	0	-3.23239e-05	-0.0272584	-0.000118915	-0.0273281	0	0	0	0	-3.23239e-05	-0.0272584	
36.8352	-0.00011812	-0.027211	0	0	0	0	-3.20252e-05	-0.0271423	-0.00011812	-0.027211	0	0	0	0	-3.20252e-05	-0.0271423	
36.9923	-0.000117333	-0.027095	0	0	0	0	-3.17308e-05	-0.0270271	-0.000117333	-0.027095	0	0	0	0	-3.17308e-05	-0.0270271	
37.1493	-0.000116551	-0.02698	0	0	0	0	-3.14404e-05	-0.0269128	-0.000116551	-0.02698	0	0	0	0	-3.14404e-05	-0.0269128	
37.3064	-0.000115776	-0.0268659	0	0	0	0	-3.1154e-05	-0.0267996	-0.000115776	-0.0268659	0	0	0	0	-3.1154e-05	-0.0267996	
37.4635	-0.000115008	-0.0267528	0	0	0	0	-3.08716e-05	-0.0266873	-0.000115008	-0.0267528	0	0	0	0	-3.08716e-05	-0.0266873	
37.6206	-0.000114246	-0.0266406	0	0	0	0	-3.0593e-05	-0.0265759	-0.000114246	-0.0266406	0	0	0	0	-3.0593e-05	-0.0265759	
37.7777	-0.00011349	-0.0265294	0	0	0	0	-3.03182e-05	-0.0264654	-0.00011349	-0.0265294	0	0	0	0	-3.03182e-05	-0.0264654	
37.9347	-0.000112741	-0.0264191	0	0	0	0	-3.00472e-05	-0.0263559	-0.000112741	-0.0264191	0	0	0	0	-3.00472e-05	-0.0263559	
38.0918	-0.000111998	-0.0263097	0	0	0	0	-2.97799e-05	-0.0262472	-0.000111998	-0.0263097	0	0	0	0	-2.97799e-05	-0.0262472	
38.2489	-0.000111261	-0.0262012	0	0	0	0	-2.95161e-05	-0.0261395	-0.000111261	-0.0262012	0	0	0	0	-2.95161e-05	-0.0261395	
38.406	-0.000110531	-0.0260936	0	0	0	0	-2.92558e-05	-0.0260327	-0.000110531	-0.0260936	0	0	0	0	-2.92558e-05	-0.0260327	
38.563	-0.000109806	-0.025987	0	0	0	0	-2.8999e-05	-0.0259267	-0.000109806	-0.025987	0	0	0	0	-2.8999e-05	-0.0259267	
38.7201	-0.000109089	-0.0258811	0	0	0	0	-2.87456e-05	-0.0258215	-0.000109089	-0.0258811	0	0	0	0	-2.87456e-05	-0.0258215	
38.8772	-0.000108376	-0.0257761	0	0	0	0	-2.84956e-05	-0.0257172	-0.000108376	-0.0257761	0	0	0	0	-2.84956e-05	-0.0257172	
39.0343	-0.00010767	-0.025672	0	0	0	0	-2.82489e-05	-0.0256138	-0.00010767	-0.025672	0	0	0	0	-2.82489e-05	-0.0256138	
39.1914	-0.00010697	-0.0255687	0	0	0	0	-2.80054e-05	-0.0255112	-0.00010697	-0.0255687	0	0	0	0	-2.80054e-05	-0.0255112	
39.3484	-0.000106276	-0.0254663	0	0	0	0	-2.7765e-05	-0.0254094	-0.000106276	-0.0254663	0	0	0	0	-2.7765e-05	-0.0254094	
39.5055	-0.000105587	-0.0253646	0	0	0	0	-2.75278e-05	-0.0253084	-0.000105587	-0.0253646	0	0	0	0	-2.75278e-05	-0.0253084	
39.6626	-0.000104905	-0.0252638	0	0	0	0	-2.72936e-05	-0.0252082	-0.000104905	-0.0252638	0	0	0	0	-2.72936e-05	-0.0252082	
39.8197	-0.000104228	-0.0251638	0	0	0	0	-2.70626e-05	-0.0251088	-0.000104228	-0.0251638	0	0	0	0	-2.70626e-05	-0.0251088	
39.9768	-0.000103557	-0.0250645	0	0	0	0	-2.68343e-05	-0.0250102	-0.000103557	-0.0250645	0	0	0	0	-2.68343e-05	-0.0250102	
40.1338	-0.000102892	-0.024966	0	0	0	0	-2.6609e-05	-0.0249123	-0.000102892	-0.024966	0	0	0	0	-2.6609e-05	-0.0249123	
40.2909	-0.000102232	-0.0248684	0	0	0	0	-2.63867e-05	-0.0248152	-0.000102232	-0.0248684	0	0	0	0	-2.63867e-05	-0.0248152	
40.448	-0.000101577	-0.0247715	0	0	0	0	-2.6167e-05	-0.0247189	-0.000101577	-0.0247715	0	0	0	0	-2.6167e-05	-0.0247189	
40.6051	-0.000100929	-0.0246753	0	0	0	0	-2.59502e-05	-0.0246233	-0.000100929	-0.0246753	0	0	0	0	-2.59502e-05	-0.0246233	
40.7622	-0.000100286	-0.0245799	0	0	0	0	-2.5736e-05	-0.0245285	-0.000100286	-0.0245799	0	0	0	0	-2.5736e-05	-0.0245285	
40.9192	-9.96483e-05	-0.0244852	0	0	0	0	-2.55245e-05	-0.0244344	-9.96483e-05	-0.0244852	0	0	0	0	-2.55245e-05	-0.0244344	
41.0763	-9.90162e-05	-0.0243912	0	0	0	0	-2.53158e-05	-0.0243409	-9.90162e-05	-0.0243912	0	0	0	0	-2.53158e-05	-0.0243409	
41.2334	-9.8389e-05	-0.0242979	0	0	0	0	-2.51095e-05	-0.0242482	-9.8389e-05	-0.0242979	0	0	0	0	-2.51095e-05	-0.0242482	
41.3905	-9.77677e-05	-0.0242054	0	0	0	0	-2.49058e-05	-0.0241563	-9.77677e-05	-0.0242054	0	0	0	0	-2.49058e-05	-0.0241563	
41.5476	-9.71508e-05	-0.0241135	0	0	0	0	-2.47046e-05	-0.024065	-9.71508e-05	-0.0241135	0	0	0	0	-2.47046e-05	-0.024065	
41.7046	-9.65398e-05	-0.0240224	0	0	0	0	-2.45058e-05	-0.0239744	-9.65398e-05	-0.0240224	0	0	0	0	-2.45058e-05	-0.0239744	
41.8617	-9.59339e-05	-0.0239319	0	0	0	0	-2.43095e-05	-0.0238844	-9.59339e-05	-0.0239319	0	0	0	0	-2.43095e-05	-0.0238844	
42.0188	-9.53323e-05	-0.0238422	0	0	0	0	-2.41155e-05	-0.0237952	-9.53323e-05	-0.0238422	0	0	0	0	-2.41155e-05	-0.0237952	
42.1759	-9.47368e-05	-0.0237531	0	0	0	0	-2.39239e-05	-0.0237066	-9.47368e-05	-0.0237531	0	0	0	0	-2.39239e-05	-0.0237066	
42.333	-9.41457e-05	-0.0236646	0	0	0	0	-2.37346e-05	-0.0236187	-9.41457e-05	-0.0236646	0	0	0	0	-2.37346e-05	-0.0236187	
42.49	-9.35597e-05	-0.0235769	0	0	0	0	-2.35476e-05	-0.0235314	-9.35597e-05	-0.0235769	0	0	0	0	-2.35476e-05	-0.0235314	
42.6471	-9.29787e-05	-0.0234897	0	0	0	0	-2.33627e-05	-0.0234447	-9.29787e-05	-0.0234897	0	0	0	0	-2.33627e-05	-0.0234447	
42.8042	-9.24027e-05	-0.0234033	0	0	0	0	-2.31801e-05	-0.0233587	-9.24027e-05	-0.0234033	0	0	0	0	-2.31801e-05	-0.0233587	
42.9613	-9.18318e-05	-0.0233174	0	0	0	0	-2.29997e-05	-0.0232733	-9.18318e-05	-0.0233174	0	0	0	0	-2.29997e-05	-0.0232733	
43.1184	-9.12651e-05	-0.0232322	0	0	0	0	-2.28213e-05	-0.0231886	-9.12651e-05	-0.0232322	0	0	0	0	-2.28213e-05	-0.0231886	
43.2754	-9.07038e-05	-0.0231476	0	0	0	0	-2.26451e-05	-0.0231044	-9.07038e-05	-0.0231476	0	0	0	0	-2.26451e-05	-0.0231044	
43.4325	-9.01467e-05	-0.0230636	0	0	0	0	-2.24708e-05	-0.0230209	-9.01467e-05	-0.0230636	0	0	0	0	-2.24708e-05	-0.0230209	
43.5896	-8.95942e-05	-0.0229802	0	0	0	0	-2.22987e-05	-0.022938	-8.95942e-05	-0.0229802	0	0	0	0	-2.22987e-05	-0.022938	
43.7467	-8.90462e-05	-0.0228975	0	0	0	0	-2.21285e-05	-0.0228557	-8.90462e-05	-0.0228975	0	0	0	0	-2.21285e-05	-0.0228557	
43.9038	-8.8503e-05	-0.0228153	0	0	0	0	-2.19603e-05	-0.0227739	-8.8503e-05	-0.0228153	0	0	0	0	-2.19603e-05	-0.0227739	
44.0608	-8.79644e-05	-0.0227337	0	0	0	0	-2.1794e-05	-0.0226927	-8.79644e-05	-0.0227337	0	0	0	0	-2.1794e-05	-0.0226927	
44.2179	-8.743e-05	-0.0226527	0	0	0	0	-2.16297e-05	-0.0226121	-8.743e-05	-0.0226527	0	0	0	0	-2.16297e-05	-0.0226121	
44.375	-8.69007e-05	-0.0225723	0	0	0	0	-2.14672e-05	-0.0225321	-8.69007e-05	-0.0225723	0	0	0	0	-2.14672e-05	-0.0225321	
44.5321	-8.63751e-05	-0.0224924	0	0	0	0	-2.13065e-05	-0.0224527	-8.63751e-05	-0.0224924	0	0	0	0	-2.13065e-05	-0.0224527	
44.6892	-8.58542e-05	-0.0224131	0	0	0	0	-2.11477e-05	-0.0223738	-8.58542e-05	-0.0224131	0	0	0	0	-2.11477e-05	-0.0223738	
44.8462	-8.53376e-05	-0.0223343	0	0	0	0	-2.09906e-05	-0.0222955	-8.53376e-05	-0.0223343	0	0	0	0	-2.09906e-05	-0.0222955	
45.0033	-8.48251e-05	-0.0222561	0	0	0	0	-2.08354e-05	-0.0222176	-8.48251e-05	-0.0222561	0	0	0	0	-2.08354e-05	-0.0222176	
45.1604	-8.43169e-05	-0.0221785	0	0	0	0	-2.06818e-05	-0.0221404	-8.43169e-05	-0.0221785	0	0	0	0	-2.06818e-05	-0.0221404	
45.3175	-8.38134e-05	-0.0221014	0	0	0	0	-2.053e-05	-0.0220636	-8.38134e-05	-0.0221014	0	0	0	0	-2.053e-05	-0.0220636	
45.4746	-8.33132e-05	-0.0220248	0	0	0	0	-2.03798e-05	-0.0219875	-8.33132e-05	-0.0220248	0	0	0	0	-2.03798e-05	-0.0219875	
45.6316	-8.28177e-05	-0.0219488	0	0	0	0	-2.02313e-05	-0.0219118	-8.28177e-05	-0.0219488	0	0	0	0	-2.02313e-05	-0.0219118	
45.7887	-8.23255e-05	-0.0218733	0	0	0	0	-2.00845e-05	-0.0218367	-8.23255e-05	-0.0218733	0	0	0	0	-2.00845e-05	-0.0218367	
45.9458	-8.18386e-05	-0.0217983	0	0	0	0	-1.99393e-05	-0.021762	-8.18386e-05	-0.0217983	0	0	0	0	-1.99393e-05	-0.021762	
46.1029	-8.1355e-05	-0.0217238	0	0	0	0	-1.97956e-05	-0.0216879	-8.1355e-05	-0.0217238	0	0	0	0	-1.97956e-05	-0.0216879	
46.26	-8.08753e-05	-0.0216498	0	0	0	0	-1.96535e-05	-0.0216143	-8.08753e-05	-0.0216498	0	0	0	0	-1.96535e-05	-0.0216143	
46.417	-8.03992e-05	-0.0215763	0	0	0	0	-1.9513e-05	-0.0215411	-8.03992e-05	-0.0215763	0	0	0	0	-1.9513e-05	-0.0215411	
46.5741	-7.99281e-05	-0.0215033	0	0	0	0	-1.93739e-05	-0.0214685	-7.99281e-05	-0.0215033	0	0	0	0	-1.93739e-05	-0.0214685	
46.7312	-7.94597e-05	-0.0214309	0	0	0	0	-1.92364e-05	-0.0213964	-7.94597e-05	-0.0214309	0	0	0	0	-1.92364e-05	-0.0213964	
46.8883	-7.89957e-05	-0.0213589	0	0	0	0	-1.91003e-05	-0.0213247	-7.89957e-05	-0.0213589	0	0	0	0	-1.91003e-05	-0.0213247	
47.0453	-7.85351e-05	-0.0212874	0	0	0	0	-1.89658e-05	-0.0212535	-7.85351e-05	-0.0212874	0	0	0	0	-1.89658e-05	-0.0212535	
47.2024	-7.80783e-05	-0.0212163	0	0	0	0	-1.88326e-05	-0.0211828	-7.80783e-05	-0.0212163	0	0	0	0	-1.88326e-05	-0.0211828	
47.3595	-7.76254e-05	-0.0211458	0	0	0	0	-1.87009e-05	-0.0211126	-7.76254e-05	-0.0211458	0	0	0	0	-1.87009e-05	-0.0211126	
47.5166	-7.71763e-05	-0.0210757	0	0	0	0	-1.85705e-05	-0.0210428	-7.71763e-05	-0.0210757	0	0	0	0	-1.85705e-05	-0.0210428	
47.6737	-7.67307e-05	-0.021006	0	0	0	0	-1.84415e-05	-0.0209735	-7.67307e-05	-0.021006	0	0	0	0	-1.84415e-05	-0.0209735	
47.8307	-7.62884e-05	-0.0209369	0	0	0	0	-1.83139e-05	-0.0209046	-7.62884e-05	-0.0209369	0	0	0	0	-1.83139e-05	-0.0209046	
47.9878	-7.585e-05	-0.0208682	0	0	0	0	-1.81876e-05	-0.0208362	-7.585e-05	-0.0208682	0	0	0	0	-1.81876e-05	-0.0208362	
48.1449	-7.5415e-05	-0.0207999	0	0	0	0	-1.80626e-05	-0.0207682	-7.5415e-05	-0.0207999	0	0	0	0	-1.80626e-05	-0.0207682	
48.302	-7.49835e-05	-0.0207321	0	0	0	0	-1.79389e-05	-0.0207007	-7.49835e-05	-0.0207321	0	0	0	0	-1.79389e-05	-0.0207007	
48.4591	-7.45558e-05	-0.0206647	0	0	0	0	-1.78165e-05	-0.0206337	-7.45558e-05	-0.0206647	0	0	0	0	-1.78165e-05	-0.0206337	
48.6161	-7.41311e-05	-0.0205978	0	0	0	0	-1.76954e-05	-0.020567	-7.41311e-05	-0.0205978	0	0	0	0	-1.76954e-05	-0.020567	
48.7732	-7.37099e-05	-0.0205312	0	0	0	0	-1.75755e-05	-0.0205008	-7.37099e-05	-0.0205312	0	0	0	0	-1.75755e-05	-0.0205008	
48.9303	-7.3292e-05	-0.0204652	0	0	0	0	-1.74568e-05	-0.020435	-7.3292e-05	-0.0204652	0	0	0	0	-1.74568e-05	-0.020435	
49.0874	-7.28777e-05	-0.0203995	0	0	0	0	-1.73394e-05	-0.0203696	-7.28777e-05	-0.0203995	0	0	0	0	-1.73394e-05	-0.0203696	
49.2445	-7.24668e-05	-0.0203343	0	0	0	0	-1.72231e-05	-0.0203047	-7.24668e-05	-0.0203343	0	0	0	0	-1.72231e-05	-0.0203047	
49.4015	-7.20583e-05	-0.0202694	0	0	0	0	-1.71081e-05	-0.0202401	-7.20583e-05	-0.0202694	0	0	0	0	-1.71081e-05	-0.0202401	
49.5586	-7.16534e-05	-0.020205	0	0	0	0	-1.69941e-05	-0.020176	-7.16534e-05	-0.020205	0	0	0	0	-1.69941e-05	-0.020176	
49.7157	-7.12524e-05	-0.020141	0	0	0	0	-1.68814e-05	-0.0201122	-7.12524e-05	-0.020141	0	0	0	0	-1.68814e-05	-0.0201122	
49.8728	-7.08539e-05	-0.0200774	0	0	0	0	-1.67697e-05	-0.0200489	-7.08539e-05	-0.0200774	0	0	0	0	-1.67697e-05	-0.0200489	
50.0299	-7.04584e-05	-0.0200142	0	0	0	0	-1.66592e-05	-0.019986	-7.04584e-05	-0.0200142	0	0	0	0	-1.66592e-05	-0.019986	
50.1869	-7.00664e-05	-0.0199514	0	0	0	0	-1.65498e-05	-0.0199234	-7.00664e-05	-0.0199514	0	0	0	0	-1.65498e-05	-0.0199234	
50.344	-6.96779e-05	-0.019889	0	0	0	0	-1.64414e-05	-0.0198613	-6.96779e-05	-0.019889	0	0	0	0	-1.64414e-05	-0.0198613	
50.5011	-6.92918e-05	-0.019827	0	0	0	0	-1.63342e-05	-0.0197995	-6.92918e-05	-0.019827	0	0	0	0	-1.63342e-05	-0.0197995	
50.6582	-6.89089e-05	-0.0197654	0	0	0	0	-1.62279e-05	-0.0197382	-6.89089e-05	-0.0197654	0	0	0	0	-1.62279e-05	-0.0197382	
50.8153	-6.85289e-05	-0.0197041	0	0	0	0	-1.61228e-05	-0.0196772	-6.85289e-05	-0.0197041	0	0	0	0	-1.61228e-05	-0.0196772	
50.9723	-6.81515e-05	-0.0196433	0	0	0	0	-1.60187e-05	-0.0196165	-6.81515e-05	-0.0196433	0	0	0	0	-1.60187e-05	-0.0196165	
51.1294	-6.77781e-05	-0.0195828	0	0	0	0	-1.59155e-05	-0.0195563	-6.77781e-05	-0.0195828	0	0	0	0	-1.59155e-05	-0.0195563	
51.2865	-6.74068e-05	-0.0195227	0	0	0	0	-1.58134e-05	-0.0194964	-6.74068e-05	-0.0195227	0	0	0	0	-1.58134e-05	-0.0194964	
51.4436	-6.7038e-05	-0.0194629	0	0	0	0	-1.57123e-05	-0.0194369	-6.7038e-05	-0.0194629	0	0	0	0	-1.57123e-05	-0.0194369	
51.6007	-6.66727e-05	-0.0194035	0	0	0	0	-1.56121e-05	-0.0193777	-6.66727e-05	-0.0194035	0	0	0	0	-1.56121e-05	-0.0193777	
51.7577	-6.63106e-05	-0.0193445	0	0	0	0	-1.5513e-05	-0.0193189	-6.63106e-05	-0.0193445	0	0	0	0	-1.5513e-05	-0.0193189	
51.9148	-6.59504e-05	-0.0192859	0	0	0	0	-1.54147e-05	-0.0192605	-6.59504e-05	-0.0192859	0	0	0	0	-1.54147e-05	-0.0192605	
52.0719	-6.55938e-05	-0.0192275	0	0	0	0	-1.53175e-05	-0.0192024	-6.55938e-05	-0.0192275	0	0	0	0	-1.53175e-05	-0.0192024	
52.229	-6.52394e-05	-0.0191696	0	0	0	0	-1.52211e-05	-0.0191446	-6.52394e-05	-0.0191696	0	0	0	0	-1.52211e-05	-0.0191446	
52.3861	-6.4888e-05	-0.0191119	0	0	0	0	-1.51256e-05	-0.0190873	-6.4888e-05	-0.0191119	0	0	0	0	-1.51256e-05	-0.0190873	
52.5431	-6.45391e-05	-0.0190547	0	0	0	0	-1.50311e-05	-0.0190302	-6.45391e-05	-0.0190547	0	0	0	0	-1.50311e-05	-0.0190302	
52.7002	-6.41929e-05	-0.0189977	0	0	0	0	-1.49375e-05	-0.0189735	-6.41929e-05	-0.0189977	0	0	0	0	-1.49375e-05	-0.0189735	
52.8573	-6.38493e-05	-0.0189412	0	0	0	0	-1.48447e-05	-0.0189171	-6.38493e-05	-0.0189412	0	0	0	0	-1.48447e-05	-0.0189171	
53.0144	-6.35082e-05	-0.0188849	0	0	0	0	-1.47528e-05	-0.0188611	-6.35082e-05	-0.0188849	0	0	0	0	-1.47528e-05	-0.0188611	
53.1715	-6.31698e-05	-0.018829	0	0	0	0	-1.46617e-05	-0.0188054	-6.31698e-05	-0.018829	0	0	0	0	-1.46617e-05	-0.0188054	
53.3285	-6.28345e-05	-0.0187734	0	0	0	0	-1.45716e-05	-0.01875	-6.28345e-05	-0.0187734	0	0	0	0	-1.45716e-05	-0.01875	
53.4856	-6.25013e-05	-0.0187181	0	0	0	0	-1.44822e-05	-0.0186949	-6.25013e-05	-0.0187181	0	0	0	0	-1.44822e-05	-0.0186949	
53.6427	-6.21701e-05	-0.0186632	0	0	0	0	-1.43937e-05	-0.0186402	-6.21701e-05	-0.0186632	0	0	0	0	-1.43937e-05	-0.0186402	
53.7998	-6.18417e-05	-0.0186086	0	0	0	0	-1.4306e-05	-0.0185858	-6.18417e-05	-0.0186086	0	0	0	0	-1.4306e-05	-0.0185858	
53.9569	-6.15163e-05	-0.0185543	0	0	0	0	-1.42191e-05	-0.0185317	-6.15163e-05	-0.0185543	0	0	0	0	-1.42191e-05	-0.0185317	
54.1139	-6.11926e-05	-0.0185003	0	0	0	0	-1.4133e-05	-0.0184779	-6.11926e-05	-0.0185003	0	0	0	0	-1.4133e-05	-0.0184779	
54.271	-6.08726e-05	-0.0184466	0	0	0	0	-1.40477e-05	-0.0184244	-6.08726e-05	-0.0184466	0	0	0	0	-1.40477e-05	-0.0184244	
54.4281	-6.05536e-05	-0.0183933	0	0	0	0	-1.39631e-05	-0.0183713	-6.05536e-05	-0.0183933	0	0	0	0	-1.39631e-05	-0.0183713	
54.5852	-6.02373e-05	-0.0183402	0	0	0	0	-1.38794e-05	-0.0183184	-6.02373e-05	-0.0183402	0	0	0	0	-1.38794e-05	-0.0183184	
54.7423	-5.99242e-05	-0.0182875	0	0	0	0	-1.37964e-05	-0.0182659	-5.99242e-05	-0.0182875	0	0	0	0	-1.37964e-05	-0.0182659	
54.8993	-5.96126e-05	-0.0182351	0	0	0	0	-1.37141e-05	-0.0182136	-5.96126e-05	-0.0182351	0	0	0	0	-1.37141e-05	-0.0182136	
55.0564	-5.93033e-05	-0.0181829	0	0	0	0	-1.36326e-05	-0.0181617	-5.93033e-05	-0.0181829	0	0	0	0	-1.36326e-05	-0.0181617	
55.2135	-5.89971e-05	-0.0181311	0	0	0	0	-1.35518e-05	-0.01811	-5.89971e-05	-0.0181311	0	0	0	0	-1.35518e-05	-0.01811	
55.3706	-5.86926e-05	-0.0180796	0	0	0	0	-1.34717e-05	-0.0180586	-5.86926e-05	-0.0180796	0	0	0	0	-1.34717e-05	-0.0180586	
55.5277	-5.83903e-05	-0.0180283	0	0	0	0	-1.33924e-05	-0.0180076	-5.83903e-05	-0.0180283	0	0	0	0	-1.33924e-05	-0.0180076	
55.6847	-5.80901e-05	-0.0179774	0	0	0	0	-1.33138e-05	-0.0179568	-5.80901e-05	-0.0179774	0	0	0	0	-1.33138e-05	-0.0179568	
55.8418	-5.77926e-05	-0.0179267	0	0	0	0	-1.32358e-05	-0.0179063	-5.77926e-05	-0.0179267	0	0	0	0	-1.32358e-05	-0.0179063	
55.9989	-5.74967e-05	-0.0178763	0	0	0	0	-1.31586e-05	-0.017856	-5.74967e-05	-0.0178763	0	0	0	0	-1.31586e-05	-0.017856	
56.156	-5.72034e-05	-0.0178262	0	0	0	0	-1.3082e-05	-0.0178061	-5.72034e-05	-0.0178262	0	0	0	0	-1.3082e-05	-0.0178061	
56.313	-5.69121e-05	-0.0177764	0	0	0	0	-1.30061e-05	-0.0177564	-5.69121e-05	-0.0177764	0	0	0	0	-1.30061e-05	-0.0177564	
56.4701	-5.66229e-05	-0.0177268	0	0	0	0	-1.29309e-05	-0.017707	-5.66229e-05	-0.0177268	0	0	0	0	-1.29309e-05	-0.017707	
56.6272	-5.63361e-05	-0.0176776	0	0	0	0	-1.28563e-05	-0.0176579	-5.63361e-05	-0.0176776	0	0	0	0	-1.28563e-05	-0.0176579	
56.7843	-5.6051e-05	-0.0176286	0	0	0	0	-1.27823e-05	-0.0176091	-5.6051e-05	-0.0176286	0	0	0	0	-1.27823e-05	-0.0176091	
56.9414	-5.57679e-05	-0.0175798	0	0	0	0	-1.27091e-05	-0.0175605	-5.57679e-05	-0.0175798	0	0	0	0	-1.27091e-05	-0.0175605	
57.0984	-5.54875e-05	-0.0175314	0	0	0	0	-1.26364e-05	-0.0175122	-5.54875e-05	-0.0175314	0	0	0	0	-1.26364e-05	-0.0175122	
57.2555	-5.52086e-05	-0.0174832	0	0	0	0	-1.25644e-05	-0.0174642	-5.52086e-05	-0.0174832	0	0	0	0	-1.25644e-05	-0.0174642	
57.4126	-5.49315e-05	-0.0174353	0	0	0	0	-1.2493e-05	-0.0174164	-5.49315e-05	-0.0174353	0	0	0	0	-1.2493e-05	-0.0174164	
57.5697	-5.46571e-05	-0.0173876	0	0	0	0	-1.24222e-05	-0.0173689	-5.46571e-05	-0.0173876	0	0	0	0	-1.24222e-05	-0.0173689	
57.7268	-5.43844e-05	-0.0173402	0	0	0	0	-1.2352e-05	-0.0173217	-5.43844e-05	-0.0173402	0	0	0	0	-1.2352e-05	-0.0173217	
57.8838	-5.41134e-05	-0.017293	0	0	0	0	-1.22824e-05	-0.0172747	-5.41134e-05	-0.017293	0	0	0	0	-1.22824e-05	-0.0172747	
58.0409	-5.38442e-05	-0.0172462	0	0	0	0	-1.22134e-05	-0.017228	-5.38442e-05	-0.0172462	0	0	0	0	-1.22134e-05	-0.017228	
58.198	-5.35773e-05	-0.0171995	0	0	0	0	-1.2145e-05	-0.0171815	-5.35773e-05	-0.0171995	0	0	0	0	-1.2145e-05	-0.0171815	
58.3551	-5.33122e-05	-0.0171531	0	0	0	0	-1.20772e-05	-0.0171352	-5.33122e-05	-0.0171531	0	0	0	0	-1.20772e-05	-0.0171352	
58.5122	-5.30494e-05	-0.017107	0	0	0	0	-1.20099e-05	-0.0170892	-5.30494e-05	-0.017107	0	0	0	0	-1.20099e-05	-0.0170892	
58.6692	-5.2788e-05	-0.0170611	0	0	0	0	-1.19432e-05	-0.0170435	-5.2788e-05	-0.0170611	0	0	0	0	-1.19432e-05	-0.0170435	
58.8263	-5.25285e-05	-0.0170155	0	0	0	0	-1.18771e-05	-0.016998	-5.25285e-05	-0.0170155	0	0	0	0	-1.18771e-05	-0.016998	
58.9834	-5.22709e-05	-0.0169701	0	0	0	0	-1.18115e-05	-0.0169527	-5.22709e-05	-0.0169701	0	0	0	0	-1.18115e-05	-0.0169527	
59.1405	-5.20151e-05	-0.0169249	0	0	0	0	-1.17464e-05	-0.0169077	-5.20151e-05	-0.0169249	0	0	0	0	-1.17464e-05	-0.0169077	
59.2976	-5.17614e-05	-0.01688	0	0	0	0	-1.1682e-05	-0.0168629	-5.17614e-05	-0.01688	0	0	0	0	-1.1682e-05	-0.0168629	
59.4546	-5.15091e-05	-0.0168353	0	0	0	0	-1.1618e-05	-0.0168183	-5.15091e-05	-0.0168353	0	0	0	0	-1.1618e-05	-0.0168183	
59.6117	-5.12588e-05	-0.0167909	0	0	0	0	-1.15546e-05	-0.016774	-5.12588e-05	-0.0167909	0	0	0	0	-1.15546e-05	-0.016774	
59.7688	-5.101e-05	-0.0167467	0	0	0	0	-1.14917e-05	-0.0167299	-5.101e-05	-0.0167467	0	0	0	0	-1.14917e-05	-0.0167299	
59.9259	-5.07632e-05	-0.0167027	0	0	0	0	-1.14293e-05	-0.0166861	-5.07632e-05	-0.0167027	0	0	0	0	-1.14293e-05	-0.0166861	
60.083	-5.0518e-05	-0.0166589	0	0	0	0	-1.13674e-05	-0.0166425	-5.0518e-05	-0.0166589	0	0	0	0	-1.13674e-05	-0.0166425	
60.24	-5.02743e-05	-0.0166155	0	0	0	0	-1.1306e-05	-0.0165991	-5.02743e-05	-0.0166155	0	0	0	0	-1.1306e-05	-0.0165991	
60.3971	-5.00327e-05	-0.0165722	0	0	0	0	-1.12451e-05	-0.0165559	-5.00327e-05	-0.0165722	0	0	0	0	-1.12451e-05	-0.0165559	
60.5542	-4.97927e-05	-0.0165291	0	0	0	0	-1.11847e-05	-0.016513	-4.97927e-05	-0.0165291	0	0	0	0	-1.11847e-05	-0.016513	
60.7113	-4.95544e-05	-0.0164863	0	0	0	0	-1.11249e-05	-0.0164703	-4.95544e-05	-0.0164863	0	0	0	0	-1.11249e-05	-0.0164703	
60.8684	-4.93177e-05	-0.0164436	0	0	0	0	-1.10655e-05	-0.0164278	-4.93177e-05	-0.0164436	0	0	0	0	-1.10655e-05	-0.0164278	
61.0254	-4.90821e-05	-0.0164012	0	0	0	0	-1.10066e-05	-0.0163855	-4.90821e-05	-0.0164012	0	0	0	0	-1.10066e-05	-0.0163855	
61.1825	-4.88487e-05	-0.0163591	0	0	0	0	-1.0948e-05	-0.0163435	-4.88487e-05	-0.0163591	0	0	0	0	-1.0948e-05	-0.0163435	
61.3396	-4.86171e-05	-0.0163171	0	0	0	0	-1.08901e-05	-0.0163016	-4.86171e-05	-0.0163171	0	0	0	0	-1.08901e-05	-0.0163016	
61.4967	-4.83866e-05	-0.0162753	0	0	0	0	-1.08326e-05	-0.01626	-4.83866e-05	-0.0162753	0	0	0	0	-1.08326e-05	-0.01626	
61.6538	-4.81579e-05	-0.0162338	0	0	0	0	-1.07755e-05	-0.0162186	-4.81579e-05	-0.0162338	0	0	0	0	-1.07755e-05	-0.0162186	
61.8108	-4.7931e-05	-0.0161925	0	0	0	0	-1.07189e-05	-0.0161774	-4.7931e-05	-0.0161925	0	0	0	0	-1.07189e-05	-0.0161774	
61.9679	-4.77052e-05	-0.0161514	0	0	0	0	-1.06627e-05	-0.0161363	-4.77052e-05	-0.0161514	0	0	0	0	-1.06627e-05	-0.0161363	
62.125	-4.74814e-05	-0.0161104	0	0	0	0	-1.0607e-05	-0.0160955	-4.74814e-05	-0.0161104	0	0	0	0	-1.0607e-05	-0.0160955	
62.2821	-4.72587e-05	-0.0160698	0	0	0	0	-1.05517e-05	-0.016055	-4.72587e-05	-0.0160698	0	0	0	0	-1.05517e-05	-0.016055	
62.4392	-4.70375e-05	-0.0160292	0	0	0	0	-1.04969e-05	-0.0160146	-4.70375e-05	-0.0160292	0	0	0	0	-1.04969e-05	-0.0160146	
62.5962	-4.6818e-05	-0.015989	0	0	0	0	-1.04425e-05	-0.0159744	-4.6818e-05	-0.015989	0	0	0	0	-1.04425e-05	-0.0159744	
62.7533	-4.65998e-05	-0.0159489	0	0	0	0	-1.03885e-05	-0.0159344	-4.65998e-05	-0.0159489	0	0	0	0	-1.03885e-05	-0.0159344	
62.9104	-4.63837e-05	-0.015909	0	0	0	0	-1.03349e-05	-0.0158946	-4.63837e-05	-0.015909	0	0	0	0	-1.03349e-05	-0.0158946	
63.0675	-4.61683e-05	-0.0158693	0	0	0	0	-1.02818e-05	-0.015855	-4.61683e-05	-0.0158693	0	0	0	0	-1.02818e-05	-0.015855	
63.2246	-4.59548e-05	-0.0158298	0	0	0	0	-1.02291e-05	-0.0158156	-4.59548e-05	-0.0158298	0	0	0	0	-1.02291e-05	-0.0158156	
63.3816	-4.57428e-05	-0.0157905	0	0	0	0	-1.01767e-05	-0.0157764	-4.57428e-05	-0.0157905	0	0	0	0	-1.01767e-05	-0.0157764	
63.5387	-4.55316e-05	-0.0157514	0	0	0	0	-1.01248e-05	-0.0157374	-4.55316e-05	-0.0157514	0	0	0	0	-1.01248e-05	-0.0157374	
63.6958	-4.53225e-05	-0.0157125	0	0	0	0	-1.00733e-05	-0.0156986	-4.53225e-05	-0.0157125	0	0	0	0	-1.00733e-05	-0.0156986	
63.8529	-4.51147e-05	-0.0156738	0	0	0	0	-1.00221e-05	-0.01566	-4.51147e-05	-0.0156738	0	0	0	0	-1.00221e-05	-0.01566	
64.01	-4.4908e-05	-0.0156353	0	0	0	0	-9.9714e-06	-0.0156216	-4.4908e-05	-0.0156353	0	0	0	0	-9.9714e-06	-0.0156216	
64.167	-4.47028e-05	-0.0155969	0	0	0	0	-9.92102e-06	-0.0155834	-4.47028e-05	-0.0155969	0	0	0	0	-9.92102e-06	-0.0155834	
64.3241	-4.4499e-05	-0.0155588	0	0	0	0	-9.87107e-06	-0.0155453	-4.4499e-05	-0.0155588	0	0	0	0	-9.87107e-06	-0.0155453	
64.4812	-4.42962e-05	-0.0155208	0	0	0	0	-9.82151e-06	-0.0155075	-4.42962e-05	-0.0155208	0	0	0	0	-9.82151e-06	-0.0155075	
64.6383	-4.4095e-05	-0.0154831	0	0	0	0	-9.77232e-06	-0.0154698	-4.4095e-05	-0.0154831	0	0	0	0	-9.77232e-06	-0.0154698	
64.7953	-4.38954e-05	-0.0154454	0	0	0	0	-9.72344e-06	-0.0154323	-4.38954e-05	-0.0154454	0	0	0	0	-9.72344e-06	-0.0154323	
64.9524	-4.36967e-05	-0.0154081	0	0	0	0	-9.675e-06	-0.015395	-4.36967e-05	-0.0154081	0	0	0	0	-9.675e-06	-0.015395	
65.1095	-4.34997e-05	-0.0153708	0	0	0	0	-9.62682e-06	-0.0153579	-4.34997e-05	-0.0153708	0	0	0	0	-9.62682e-06	-0.0153579	
65.2666	-4.33037e-05	-0.0153338	0	0	0	0	-9.57913e-06	-0.0153209	-4.33037e-05	-0.0153338	0	0	0	0	-9.57913e-06	-0.0153209	
65.4237	-4.31094e-05	-0.0152969	0	0	0	0	-9.53172e-06	-0.0152841	-4.31094e-05	-0.0152969	0	0	0	0	-9.53172e-06	-0.0152841	
65.5807	-4.29157e-05	-0.0152602	0	0	0	0	-9.48469e-06	-0.0152475	-4.29157e-05	-0.0152602	0	0	0	0	-9.48469e-06	-0.0152475	
65.7378	-4.27235e-05	-0.0152237	0	0	0	0	-9.43799e-06	-0.0152111	-4.27235e-05	-0.0152237	0	0	0	0	-9.43799e-06	-0.0152111	
65.8949	-4.2533e-05	-0.0151874	0	0	0	0	-9.39172e-06	-0.0151748	-4.2533e-05	-0.0151874	0	0	0	0	-9.39172e-06	-0.0151748	
66.052	-4.23432e-05	-0.0151512	0	0	0	0	-9.34567e-06	-0.0151388	-4.23432e-05	-0.0151512	0	0	0	0	-9.34567e-06	-0.0151388	
66.2091	-4.21551e-05	-0.0151152	0	0	0	0	-9.30004e-06	-0.0151028	-4.21551e-05	-0.0151152	0	0	0	0	-9.30004e-06	-0.0151028	
66.3661	-4.19681e-05	-0.0150794	0	0	0	0	-9.25469e-06	-0.0150671	-4.19681e-05	-0.0150794	0	0	0	0	-9.25469e-06	-0.0150671	
66.5232	-4.17817e-05	-0.0150437	0	0	0	0	-9.20975e-06	-0.0150315	-4.17817e-05	-0.0150437	0	0	0	0	-9.20975e-06	-0.0150315	
66.6803	-4.15972e-05	-0.0150082	0	0	0	0	-9.16509e-06	-0.0149961	-4.15972e-05	-0.0150082	0	0	0	0	-9.16509e-06	-0.0149961	
66.8374	-4.14138e-05	-0.0149729	0	0	0	0	-9.12072e-06	-0.0149609	-4.14138e-05	-0.0149729	0	0	0	0	-9.12072e-06	-0.0149609	
66.9945	-4.12316e-05	-0.0149377	0	0	0	0	-9.07673e-06	-0.0149258	-4.12316e-05	-0.0149377	0	0	0	0	-9.07673e-06	-0.0149258	
67.1515	-4.10501e-05	-0.0149027	0	0	0	0	-9.03303e-06	-0.0148909	-4.10501e-05	-0.0149027	0	0	0	0	-9.03303e-06	-0.0148909	
67.3086	-4.08699e-05	-0.0148679	0	0	0	0	-8.98969e-06	-0.0148561	-4.08699e-05	-0.0148679	0	0	0	0	-8.98969e-06	-0.0148561	
67.4657	-4.06915e-05	-0.0148332	0	0	0	0	-8.94661e-06	-0.0148215	-4.06915e-05	-0.0148332	0	0	0	0	-8.94661e-06	-0.0148215	
67.6228	-4.05138e-05	-0.0147987	0	0	0	0	-8.90386e-06	-0.0147871	-4.05138e-05	-0.0147987	0	0	0	0	-8.90386e-06	-0.0147871	
67.7799	-4.03369e-05	-0.0147644	0	0	0	0	-8.86146e-06	-0.0147528	-4.03369e-05	-0.0147644	0	0	0	0	-8.86146e-06	-0.0147528	
67.9369	-4.01613e-05	-0.0147302	0	0	0	0	-8.8193e-06	-0.0147187	-4.01613e-05	-0.0147302	0	0	0	0	-8.8193e-06	-0.0147187	
68.094	-3.9987e-05	-0.0146962	0	0	0	0	-8.77747e-06	-0.0146848	-3.9987e-05	-0.0146962	0	0	0	0	-8.77747e-06	-0.0146848	
68.2511	-3.9814e-05	-0.0146623	0	0	0	0	-8.73593e-06	-0.014651	-3.9814e-05	-0.0146623	0	0	0	0	-8.73593e-06	-0.014651	
68.4082	-3.96418e-05	-0.0146286	0	0	0	0	-8.69471e-06	-0.0146174	-3.96418e-05	-0.0146286	0	0	0	0	-8.69471e-06	-0.0146174	
68.5653	-3.94705e-05	-0.014595	0	0	0	0	-8.65373e-06	-0.0145839	-3.94705e-05	-0.014595	0	0	0	0	-8.65373e-06	-0.0145839	
68.7223	-3.93005e-05	-0.0145616	0	0	0	0	-8.61313e-06	-0.0145505	-3.93005e-05	-0.0145616	0	0	0	0	-8.61313e-06	-0.0145505	
68.8794	-3.91319e-05	-0.0145284	0	0	0	0	-8.57278e-06	-0.0145174	-3.91319e-05	-0.0145284	0	0	0	0	-8.57278e-06	-0.0145174	
69.0365	-3.89641e-05	-0.0144953	0	0	0	0	-8.53267e-06	-0.0144843	-3.89641e-05	-0.0144953	0	0	0	0	-8.53267e-06	-0.0144843	
69.1936	-3.87972e-05	-0.0144623	0	0	0	0	-8.49291e-06	-0.0144515	-3.87972e-05	-0.0144623	0	0	0	0	-8.49291e-06	-0.0144515	
69.3507	-3.86317e-05	-0.0144295	0	0	0	0	-8.45339e-06	-0.0144187	-3.86317e-05	-0.0144295	0	0	0	0	-8.45339e-06	-0.0144187	
69.5077	-3.84665e-05	-0.0143969	0	0	0	0	-8.41411e-06	-0.0143862	-3.84665e-05	-0.0143969	0	0	0	0	-8.41411e-06	-0.0143862	
69.6648	-3.83028e-05	-0.0143643	0	0	0	0	-8.37519e-06	-0.0143537	-3.83028e-05	-0.0143643	0	0	0	0	-8.37519e-06	-0.0143537	
69.8219	-3.81405e-05	-0.014332	0	0	0	0	-8.33648e-06	-0.0143214	-3.81405e-05	-0.014332	0	0	0	0	-8.33648e-06	-0.0143214	
69.979	-3.79786e-05	-0.0142998	0	0	0	0	-8.29809e-06	-0.0142893	-3.79786e-05	-0.0142998	0	0	0	0	-8.29809e-06	-0.0142893	
70.1361	-3.78181e-05	-0.0142677	0	0	0	0	-8.25992e-06	-0.0142573	-3.78181e-05	-0.0142677	0	0	0	0	-8.25992e-06	-0.0142573	
70.2931	-3.76582e-05	-0.0142358	0	0	0	0	-8.22203e-06	-0.0142254	-3.76582e-05	-0.0142358	0	0	0	0	-8.22203e-06	-0.0142254	
70.4502	-3.74996e-05	-0.014204	0	0	0	0	-8.1844e-06	-0.0141937	-3.74996e-05	-0.014204	0	0	0	0	-8.1844e-06	-0.0141937	
70.6073	-3.7342e-05	-0.0141724	0	0	0	0	-8.14699e-06	-0.0141622	-3.7342e-05	-0.0141724	0	0	0	0	-8.14699e-06	-0.0141622	
70.7644	-3.71853e-05	-0.0141409	0	0	0	0	-8.10989e-06	-0.0141307	-3.71853e-05	-0.0141409	0	0	0	0	-8.10989e-06	-0.0141307	
70.9215	-3.70296e-05	-0.0141095	0	0	0	0	-8.07306e-06	-0.0140994	-3.70296e-05	-0.0141095	0	0	0	0	-8.07306e-06	-0.0140994	
71.0785	-3.68745e-05	-0.0140783	0	0	0	0	-8.03645e-06	-0.0140683	-3.68745e-05	-0.0140783	0	0	0	0	-8.03645e-06	-0.0140683	
71.2356	-3.67208e-05	-0.0140472	0	0	0	0	-8.00011e-06	-0.0140373	-3.67208e-05	-0.0140472	0	0	0	0	-8.00011e-06	-0.0140373	
71.3927	-3.65677e-05	-0.0140162	0	0	0	0	-7.96398e-06	-0.0140064	-3.65677e-05	-0.0140162	0	0	0	0	-7.96398e-06	-0.0140064	
71.5498	-3.6416e-05	-0.0139854	0	0	0	0	-7.92812e-06	-0.0139756	-3.6416e-05	-0.0139854	0	0	0	0	-7.92812e-06	-0.0139756	
71.7069	-3.62648e-05	-0.0139548	0	0	0	0	-7.89257e-06	-0.013945	-3.62648e-05	-0.0139548	0	0	0	0	-7.89257e-06	-0.013945	
71.8639	-3.61147e-05	-0.0139242	0	0	0	0	-7.85713e-06	-0.0139146	-3.61147e-05	-0.0139242	0	0	0	0	-7.85713e-06	-0.0139146	
72.021	-3.59657e-05	-0.0138938	0	0	0	0	-7.822e-06	-0.0138842	-3.59657e-05	-0.0138938	0	0	0	0	-7.822e-06	-0.0138842	
72.1781	-3.58171e-05	-0.0138635	0	0	0	0	-7.78712e-06	-0.013854	-3.58171e-05	-0.0138635	0	0	0	0	-7.78712e-06	-0.013854	
72.3352	-3.56696e-05	-0.0138334	0	0	0	0	-7.75245e-06	-0.0138239	-3.56696e-05	-0.0138334	0	0	0	0	-7.75245e-06	-0.0138239	
72.4923	-3.55232e-05	-0.0138034	0	0	0	0	-7.71802e-06	-0.013794	-3.55232e-05	-0.0138034	0	0	0	0	-7.71802e-06	-0.013794	
72.6493	-3.53774e-05	-0.0137735	0	0	0	0	-7.68382e-06	-0.0137641	-3.53774e-05	-0.0137735	0	0	0	0	-7.68382e-06	-0.0137641	
72.8064	-3.52327e-05	-0.0137437	0	0	0	0	-7.64986e-06	-0.0137344	-3.52327e-05	-0.0137437	0	0	0	0	-7.64986e-06	-0.0137344	
72.9635	-3.50889e-05	-0.0137141	0	0	0	0	-7.61607e-06	-0.0137049	-3.50889e-05	-0.0137141	0	0	0	0	-7.61607e-06	-0.0137049	
73.1206	-3.49458e-05	-0.0136847	0	0	0	0	-7.58259e-06	-0.0136754	-3.49458e-05	-0.0136847	0	0	0	0	-7.58259e-06	-0.0136754	
73.2776	-3.48034e-05	-0.0136553	0	0	0	0	-7.54928e-06	-0.0136461	-3.48034e-05	-0.0136553	0	0	0	0	-7.54928e-06	-0.0136461	
73.4347	-3.4662e-05	-0.013626	0	0	0	0	-7.51618e-06	-0.0136169	-3.4662e-05	-0.013626	0	0	0	0	-7.51618e-06	-0.0136169	
73.5918	-3.45217e-05	-0.0135969	0	0	0	0	-7.48332e-06	-0.0135879	-3.45217e-05	-0.0135969	0	0	0	0	-7.48332e-06	-0.0135879	
73.7489	-3.43821e-05	-0.0135679	0	0	0	0	-7.4507e-06	-0.0135589	-3.43821e-05	-0.0135679	0	0	0	0	-7.4507e-06	-0.0135589	
73.906	-3.4243e-05	-0.013539	0	0	0	0	-7.41827e-06	-0.0135301	-3.4243e-05	-0.013539	0	0	0	0	-7.41827e-06	-0.0135301	
74.063	-3.41052e-05	-0.0135103	0	0	0	0	-7.38605e-06	-0.0135014	-3.41052e-05	-0.0135103	0	0	0	0	-7.38605e-06	-0.0135014	
74.2201	-3.39679e-05	-0.0134817	0	0	0	0	-7.35404e-06	-0.0134728	-3.39679e-05	-0.0134817	0	0	0	0	-7.35404e-06	-0.0134728	
74.3772	-3.38314e-05	-0.0134531	0	0	0	0	-7.32222e-06	-0.0134444	-3.38314e-05	-0.0134531	0	0	0	0	-7.32222e-06	-0.0134444	
74.5343	-3.3696e-05	-0.0134247	0	0	0	0	-7.29065e-06	-0.0134161	-3.3696e-05	-0.0134247	0	0	0	0	-7.29065e-06	-0.0134161	
74.6914	-3.35612e-05	-0.0133965	0	0	0	0	-7.25928e-06	-0.0133878	-3.35612e-05	-0.0133965	0	0	0	0	-7.25928e-06	-0.0133878	
74.8484	-3.34271e-05	-0.0133683	0	0	0	0	-7.2281e-06	-0.0133597	-3.34271e-05	-0.0133683	0	0	0	0	-7.2281e-06	-0.0133597	
75.0055	-3.32937e-05	-0.0133403	0	0	0	0	-7.1971e-06	-0.0133318	-3.32937e-05	-0.0133403	0	0	0	0	-7.1971e-06	-0.0133318	
75.1626	-3.31615e-05	-0.0133124	0	0	0	0	-7.16631e-06	-0.0133039	-3.31615e-05	-0.0133124	0	0	0	0	-7.16631e-06	-0.0133039	
75.3197	-3.303e-05	-0.0132846	0	0	0	0	-7.1357e-06	-0.0132762	-3.303e-05	-0.0132846	0	0	0	0	-7.1357e-06	-0.0132762	
75.4768	-3.28986e-05	-0.0132569	0	0	0	0	-7.10536e-06	-0.0132485	-3.28986e-05	-0.0132569	0	0	0	0	-7.10536e-06	-0.0132485	
75.6338	-3.27686e-05	-0.0132293	0	0	0	0	-7.07517e-06	-0.013221	-3.27686e-05	-0.0132293	0	0	0	0	-7.07517e-06	-0.013221	
75.7909	-3.26391e-05	-0.0132019	0	0	0	0	-7.0452e-06	-0.0131936	-3.26391e-05	-0.0132019	0	0	0	0	-7.0452e-06	-0.0131936	
75.948	-3.25109e-05	-0.0131746	0	0	0	0	-7.01539e-06	-0.0131663	-3.25109e-05	-0.0131746	0	0	0	0	-7.01539e-06	-0.0131663	
76.1051	-3.2383e-05	-0.0131473	0	0	0	0	-6.98573e-06	-0.0131392	-3.2383e-05	-0.0131473	0	0	0	0	-6.98573e-06	-0.0131392	
76.2622	-3.22557e-05	-0.0131202	0	0	0	0	-6.95634e-06	-0.0131121	-3.22557e-05	-0.0131202	0	0	0	0	-6.95634e-06	-0.0131121	
76.4192	-3.21292e-05	-0.0130933	0	0	0	0	-6.92709e-06	-0.0130852	-3.21292e-05	-0.0130933	0	0	0	0	-6.92709e-06	-0.0130852	
76.5763	-3.20035e-05	-0.0130664	0	0	0	0	-6.89805e-06	-0.0130583	-3.20035e-05	-0.0130664	0	0	0	0	-6.89805e-06	-0.0130583	
76.7334	-3.18785e-05	-0.0130396	0	0	0	0	-6.86915e-06	-0.0130316	-3.18785e-05	-0.0130396	0	0	0	0	-6.86915e-06	-0.0130316	
76.8905	-3.17542e-05	-0.0130129	0	0	0	0	-6.84049e-06	-0.013005	-3.17542e-05	-0.0130129	0	0	0	0	-6.84049e-06	-0.013005	
77.0476	-3.16307e-05	-0.0129864	0	0	0	0	-6.81197e-06	-0.0129785	-3.16307e-05	-0.0129864	0	0	0	0	-6.81197e-06	-0.0129785	
77.2046	-3.1508e-05	-0.0129599	0	0	0	0	-6.78366e-06	-0.0129521	-3.1508e-05	-0.0129599	0	0	0	0	-6.78366e-06	-0.0129521	
77.3617	-3.13861e-05	-0.0129335	0	0	0	0	-6.75551e-06	-0.0129258	-3.13861e-05	-0.0129335	0	0	0	0	-6.75551e-06	-0.0129258	
77.5188	-3.12644e-05	-0.0129073	0	0	0	0	-6.72753e-06	-0.0128996	-3.12644e-05	-0.0129073	0	0	0	0	-6.72753e-06	-0.0128996	
77.6759	-3.1144e-05	-0.0128812	0	0	0	0	-6.69969e-06	-0.0128735	-3.1144e-05	-0.0128812	0	0	0	0	-6.69969e-06	-0.0128735	
77.833	-3.10239e-05	-0.0128552	0	0	0	0	-6.67209e-06	-0.0128475	-3.10239e-05	-0.0128552	0	0	0	0	-6.67209e-06	-0.0128475	
77.99	-3.09041e-05	-0.0128292	0	0	0	0	-6.64465e-06	-0.0128216	-3.09041e-05	-0.0128292	0	0	0	0	-6.64465e-06	-0.0128216	
78.1471	-3.07856e-05	-0.0128034	0	0	0	0	-6.61736e-06	-0.0127959	-3.07856e-05	-0.0128034	0	0	0	0	-6.61736e-06	-0.0127959	
78.3042	-3.06674e-05	-0.0127777	0	0	0	0	-6.59023e-06	-0.0127702	-3.06674e-05	-0.0127777	0	0	0	0	-6.59023e-06	-0.0127702	
78.4613	-3.05501e-05	-0.0127521	0	0	0	0	-6.56326e-06	-0.0127447	-3.05501e-05	-0.0127521	0	0	0	0	-6.56326e-06	-0.0127447	
