0.0785398	-0.00950026	-0.446547	0	0	0	0	-0.0104793	-0.954895	-0.00950026	-0.446547	0	0	0	0	-0.0104793	-0.954895	
0.235619	-0.00780035	-0.367958	0	0	0	0	-0.00942558	-0.875084	-0.00780035	-0.367958	0	0	0	0	-0.00942558	-0.875084	
0.392699	-0.00640116	-0.310213	0	0	0	0	-0.00823462	-0.803997	-0.00640116	-0.310213	0	0	0	0	-0.00823462	-0.803997	
0.549779	-0.00414508	-0.267005	0	0	0	0	-0.00756056	-0.7411	-0.00414508	-0.267005	0	0	0	0	-0.00756056	-0.7411	
0.706858	-0.00315475	-0.2344	0	0	0	0	-0.00631109	-0.68486	-0.00315475	-0.2344	0	0	0	0	-0.00631109	-0.68486	
0.863938	-0.00215266	-0.208571	0	0	0	0	-0.00572794	-0.636277	-0.00215266	-0.208571	0	0	0	0	-0.00572794	-0.636277	
1.02102	-0.00143025	-0.186466	0	0	0	0	-0.00484984	-0.591473	-0.00143025	-0.186466	0	0	0	0	-0.00484984	-0.591473	
1.1781	-0.00139724	-0.169096	0	0	0	0	-0.00372767	-0.551608	-0.00139724	-0.169096	0	0	0	0	-0.00372767	-0.551608	
1.33518	-0.00231534	-0.154329	0	0	0	0	-0.00308708	-0.516784	-0.00231534	-0.154329	0	0	0	0	-0.00308708	-0.516784	
1.49226	-0.00247901	-0.142157	0	0	0	0	-0.00264339	-0.484502	-0.00247901	-0.142157	0	0	0	0	-0.00264339	-0.484502	
1.64934	-0.000444521	-0.131435	0	0	0	0	-0.00300178	-0.455315	-0.000444521	-0.131435	0	0	0	0	-0.00300178	-0.455315	
1.80642	-0.000695876	-0.121832	0	0	0	0	-0.00213726	-0.430025	-0.000695876	-0.121832	0	0	0	0	-0.00213726	-0.430025	
1.9635	-0.00216275	-0.113511	0	0	0	0	-0.00248212	-0.407128	-0.00216275	-0.113511	0	0	0	0	-0.00248212	-0.407128	
2.12058	-0.000501787	-0.10774	0	0	0	0	-0.0029791	-0.386642	-0.000501787	-0.10774	0	0	0	0	-0.0029791	-0.386642	
2.27765	-0.00166717	-0.102184	0	0	0	0	-0.00283336	-0.367063	-0.00166717	-0.102184	0	0	0	0	-0.00283336	-0.367063	
2.43473	-0.00182886	-0.0964048	0	0	0	0	-0.00327329	-0.348809	-0.00182886	-0.0964048	0	0	0	0	-0.00327329	-0.348809	
2.59181	-0.00101008	-0.0908019	0	0	0	0	-0.00384831	-0.332291	-0.00101008	-0.0908019	0	0	0	0	-0.00384831	-0.332291	
2.74889	-0.000365555	-0.0856903	0	0	0	0	-0.00391491	-0.317422	-0.000365555	-0.0856903	0	0	0	0	-0.00391491	-0.317422	
2.90597	-0.000263416	-0.0811473	0	0	0	0	-0.00336518	-0.303903	-0.000263416	-0.0811473	0	0	0	0	-0.00336518	-0.303903	
3.06305	-0.000490354	-0.0771189	0	0	0	0	-0.00244028	-0.291457	-0.000490354	-0.0771189	0	0	0	0	-0.00244028	-0.291457	
3.22013	-0.000750434	-0.0735161	0	0	0	0	-0.00143614	-0.279891	-0.000750434	-0.0735161	0	0	0	0	-0.00143614	-0.279891	
3.37721	-0.000877576	-0.0702585	0	0	0	0	-0.000560811	-0.269087	-0.000877576	-0.0702585	0	0	0	0	-0.000560811	-0.269087	
3.53429	-0.00083945	-0.0672863	0	0	0	0	8.74547e-05	-0.258966	-0.00083945	-0.0672863	0	0	0	0	8.74547e-05	-0.258966	
3.69137	-0.00067757	-0.0645567	0	0	0	0	0.000492123	-0.249476	-0.00067757	-0.0645567	0	0	0	0	0.000492123	-0.249476	
3.84845	-0.000454575	-0.0620394	0	0	0	0	0.000682755	-0.240572	-0.000454575	-0.0620394	0	0	0	0	0.000682755	-0.240572	
4.00553	-0.000225134	-0.0597112	0	0	0	0	0.000707595	-0.232215	-0.000225134	-0.0597112	0	0	0	0	0.000707595	-0.232215	
4.16261	-2.57167e-05	-0.0575533	0	0	0	0	0.000616904	-0.224366	-2.57167e-05	-0.0575533	0	0	0	0	0.000616904	-0.224366	
4.31969	0.000125223	-0.0555493	0	0	0	0	0.000454646	-0.216989	0.000125223	-0.0555493	0	0	0	0	0.000454646	-0.216989	
4.47677	0.000222914	-0.0536848	0	0	0	0	0.000255514	-0.21005	0.000222914	-0.0536848	0	0	0	0	0.000255514	-0.21005	
4.63385	0.000271283	-0.0519465	0	0	0	0	4.48667e-05	-0.203518	0.000271283	-0.0519465	0	0	0	0	4.48667e-05	-0.203518	
4.79093	0.000278774	-0.0503226	0	0	0	0	-0.00016003	-0.197361	0.000278774	-0.0503226	0	0	0	0	-0.00016003	-0.197361	
4.94801	0.000255422	-0.048802	0	0	0	0	-0.000348325	-0.191551	0.000255422	-0.048802	0	0	0	0	-0.000348325	-0.191551	
5.10509	0.000211024	-0.0473753	0	0	0	0	-0.00051397	-0.186061	0.000211024	-0.0473753	0	0	0	0	-0.00051397	-0.186061	
5.26217	0.000154173	-0.0460334	0	0	0	0	-0.00065433	-0.180869	0.000154173	-0.0460334	0	0	0	0	-0.00065433	-0.180869	
5.41925	9.1849e-05	-0.044769	0	0	0	0	-0.000769042	-0.175952	9.1849e-05	-0.044769	0	0	0	0	-0.000769042	-0.175952	
5.57633	2.93834e-05	-0.0435747	0	0	0	0	-0.000859233	-0.171291	2.93834e-05	-0.0435747	0	0	0	0	-0.000859233	-0.171291	
5.73341	-2.94117e-05	-0.0424446	0	0	0	0	-0.000926869	-0.166866	-2.94117e-05	-0.0424446	0	0	0	0	-0.000926869	-0.166866	
5.89049	-8.20007e-05	-0.0413731	0	0	0	0	-0.000974372	-0.162661	-8.20007e-05	-0.0413731	0	0	0	0	-0.000974372	-0.162661	
6.04757	-0.00012688	-0.0403555	0	0	0	0	-0.0010043	-0.15866	-0.00012688	-0.0403555	0	0	0	0	-0.0010043	-0.15866	
6.20465	-0.000163339	-0.0393874	0	0	0	0	-0.0010192	-0.15485	-0.000163339	-0.0393874	0	0	0	0	-0.0010192	-0.15485	
6.36173	-0.000191246	-0.0384651	0	0	0	0	-0.00102146	-0.151217	-0.000191246	-0.0384651	0	0	0	0	-0.00102146	-0.151217	
6.5188	-0.00021088	-0.0375851	0	0	0	0	-0.00101327	-0.147749	-0.00021088	-0.0375851	0	0	0	0	-0.00101327	-0.147749	
6.67588	-0.000222788	-0.0367445	0	0	0	0	-0.000996602	-0.144437	-0.000222788	-0.0367445	0	0	0	0	-0.000996602	-0.144437	
6.83296	-0.000227683	-0.0359404	0	0	0	0	-0.000973167	-0.141269	-0.000227683	-0.0359404	0	0	0	0	-0.000973167	-0.141269	
6.99004	-0.00022636	-0.0351704	0	0	0	0	-0.000944456	-0.138236	-0.00022636	-0.0351704	0	0	0	0	-0.000944456	-0.138236	
7.14712	-0.000219642	-0.0344323	0	0	0	0	-0.000911752	-0.135331	-0.000219642	-0.0344323	0	0	0	0	-0.000911752	-0.135331	
7.3042	-0.000208339	-0.033724	0	0	0	0	-0.000876123	-0.132545	-0.000208339	-0.033724	0	0	0	0	-0.000876123	-0.132545	
7.46128	-0.000193222	-0.0330438	0	0	0	0	-0.000838482	-0.129871	-0.000193222	-0.0330438	0	0	0	0	-0.000838482	-0.129871	
7.61836	-0.000175006	-0.03239	0	0	0	0	-0.000799578	-0.127303	-0.000175006	-0.03239	0	0	0	0	-0.000799578	-0.127303	
7.77544	-0.000154337	-0.0317609	0	0	0	0	-0.000760025	-0.124834	-0.000154337	-0.0317609	0	0	0	0	-0.000760025	-0.124834	
7.93252	-0.000131797	-0.0311552	0	0	0	0	-0.000720328	-0.12246	-0.000131797	-0.0311552	0	0	0	0	-0.000720328	-0.12246	
8.0896	-0.000107899	-0.0305717	0	0	0	0	-0.00068089	-0.120174	-0.000107899	-0.0305717	0	0	0	0	-0.00068089	-0.120174	
8.24668	-8.30864e-05	-0.0300091	0	0	0	0	-0.000642031	-0.117971	-8.30864e-05	-0.0300091	0	0	0	0	-0.000642031	-0.117971	
8.40376	-5.7743e-05	-0.0294662	0	0	0	0	-0.000604	-0.115848	-5.7743e-05	-0.0294662	0	0	0	0	-0.000604	-0.115848	
8.56084	-3.21944e-05	-0.0289422	0	0	0	0	-0.000566994	-0.1138	-3.21944e-05	-0.0289422	0	0	0	0	-0.000566994	-0.1138	
8.71792	-6.7154e-06	-0.0284362	0	0	0	0	-0.000531151	-0.111822	-6.7154e-06	-0.0284362	0	0	0	0	-0.000531151	-0.111822	
8.875	1.84691e-05	-0.0279469	0	0	0	0	-0.000496578	-0.109913	1.84691e-05	-0.0279469	0	0	0	0	-0.000496578	-0.109913	
9.03208	4.31706e-05	-0.0274738	0	0	0	0	-0.000463342	-0.108067	4.31706e-05	-0.0274738	0	0	0	0	-0.000463342	-0.108067	
9.18916	6.72399e-05	-0.0270161	0	0	0	0	-0.000431486	-0.106282	6.72399e-05	-0.0270161	0	0	0	0	-0.000431486	-0.106282	
9.34624	9.05594e-05	-0.0265731	0	0	0	0	-0.000401033	-0.104555	9.05594e-05	-0.0265731	0	0	0	0	-0.000401033	-0.104555	
9.50332	0.000113037	-0.0261438	0	0	0	0	-0.000371982	-0.102883	0.000113037	-0.0261438	0	0	0	0	-0.000371982	-0.102883	
9.6604	0.000134604	-0.025728	0	0	0	0	-0.000344327	-0.101264	0.000134604	-0.025728	0	0	0	0	-0.000344327	-0.101264	
9.81748	0.000155215	-0.0253249	0	0	0	0	-0.000318041	-0.0996944	0.000155215	-0.0253249	0	0	0	0	-0.000318041	-0.0996944	
9.97456	0.000174835	-0.0249339	0	0	0	0	-0.000293096	-0.0981729	0.000174835	-0.0249339	0	0	0	0	-0.000293096	-0.0981729	
10.1316	0.000193449	-0.0245546	0	0	0	0	-0.000269456	-0.096697	0.000193449	-0.0245546	0	0	0	0	-0.000269456	-0.096697	
10.2887	0.000211051	-0.0241864	0	0	0	0	-0.000247076	-0.0952646	0.000211051	-0.0241864	0	0	0	0	-0.000247076	-0.0952646	
10.4458	0.000227644	-0.0238288	0	0	0	0	-0.000225914	-0.093874	0.000227644	-0.0238288	0	0	0	0	-0.000225914	-0.093874	
10.6029	0.000243241	-0.0234814	0	0	0	0	-0.000205922	-0.0925232	0.000243241	-0.0234814	0	0	0	0	-0.000205922	-0.0925232	
10.76	0.000257859	-0.0231438	0	0	0	0	-0.000187049	-0.0912106	0.000257859	-0.0231438	0	0	0	0	-0.000187049	-0.0912106	
10.917	0.000271522	-0.0228156	0	0	0	0	-0.000169249	-0.0899346	0.000271522	-0.0228156	0	0	0	0	-0.000169249	-0.0899346	
11.0741	0.000284257	-0.0224964	0	0	0	0	-0.000152471	-0.0886937	0.000284257	-0.0224964	0	0	0	0	-0.000152471	-0.0886937	
11.2312	0.000296094	-0.0221858	0	0	0	0	-0.000136667	-0.0874864	0.000296094	-0.0221858	0	0	0	0	-0.000136667	-0.0874864	
11.3883	0.000307064	-0.0218836	0	0	0	0	-0.000121788	-0.0863115	0.000307064	-0.0218836	0	0	0	0	-0.000121788	-0.0863115	
11.5454	0.000317202	-0.0215893	0	0	0	0	-0.000107789	-0.0851675	0.000317202	-0.0215893	0	0	0	0	-0.000107789	-0.0851675	
11.7024	0.000326544	-0.0213027	0	0	0	0	-9.46235e-05	-0.0840534	0.000326544	-0.0213027	0	0	0	0	-9.46235e-05	-0.0840534	
11.8595	0.000335122	-0.0210236	0	0	0	0	-8.22476e-05	-0.0829678	0.000335122	-0.0210236	0	0	0	0	-8.22476e-05	-0.0829678	
12.0166	0.000342972	-0.0207515	0	0	0	0	-7.06206e-05	-0.0819099	0.000342972	-0.0207515	0	0	0	0	-7.06206e-05	-0.0819099	
12.1737	0.000350133	-0.0204862	0	0	0	0	-5.97009e-05	-0.0808784	0.000350133	-0.0204862	0	0	0	0	-5.97009e-05	-0.0808784	
12.3308	0.000356633	-0.0202276	0	0	0	0	-4.94503e-05	-0.0798726	0.000356633	-0.0202276	0	0	0	0	-4.94503e-05	-0.0798726	
12.4878	0.000362511	-0.0199753	0	0	0	0	-3.98315e-05	-0.0788913	0.000362511	-0.0199753	0	0	0	0	-3.98315e-05	-0.0788913	
12.6449	0.000367798	-0.0197292	0	0	0	0	-3.08091e-05	-0.0779337	0.000367798	-0.0197292	0	0	0	0	-3.08091e-05	-0.0779337	
12.802	0.000372526	-0.0194889	0	0	0	0	-2.23505e-05	-0.076999	0.000372526	-0.0194889	0	0	0	0	-2.23505e-05	-0.076999	
12.9591	0.000376727	-0.0192544	0	0	0	0	-1.44226e-05	-0.0760863	0.000376727	-0.0192544	0	0	0	0	-1.44226e-05	-0.0760863	
13.1161	0.000380431	-0.0190254	0	0	0	0	-6.99611e-06	-0.0751949	0.000380431	-0.0190254	0	0	0	0	-6.99611e-06	-0.0751949	
13.2732	0.000383664	-0.0188017	0	0	0	0	-4.1694e-08	-0.0743241	0.000383664	-0.0188017	0	0	0	0	-4.1694e-08	-0.0743241	
13.4303	0.000386456	-0.0185831	0	0	0	0	6.46736e-06	-0.0734731	0.000386456	-0.0185831	0	0	0	0	6.46736e-06	-0.0734731	
13.5874	0.000388835	-0.0183695	0	0	0	0	1.25566e-05	-0.0726413	0.000388835	-0.0183695	0	0	0	0	1.25566e-05	-0.0726413	
13.7445	0.000390823	-0.0181608	0	0	0	0	1.82507e-05	-0.0718279	0.000390823	-0.0181608	0	0	0	0	1.82507e-05	-0.0718279	
13.9015	0.000392446	-0.0179566	0	0	0	0	2.3572e-05	-0.0710325	0.000392446	-0.0179566	0	0	0	0	2.3572e-05	-0.0710325	
14.0586	0.000393726	-0.017757	0	0	0	0	2.85431e-05	-0.0702545	0.000393726	-0.017757	0	0	0	0	2.85431e-05	-0.0702545	
14.2157	0.000394685	-0.0175617	0	0	0	0	3.31834e-05	-0.0694933	0.000394685	-0.0175617	0	0	0	0	3.31834e-05	-0.0694933	
14.3728	0.000395346	-0.0173706	0	0	0	0	3.75125e-05	-0.0687483	0.000395346	-0.0173706	0	0	0	0	3.75125e-05	-0.0687483	
14.5299	0.000395723	-0.0171836	0	0	0	0	4.15492e-05	-0.068019	0.000395723	-0.0171836	0	0	0	0	4.15492e-05	-0.068019	
14.6869	0.000395841	-0.0170005	0	0	0	0	4.53101e-05	-0.0673049	0.000395841	-0.0170005	0	0	0	0	4.53101e-05	-0.0673049	
14.844	0.000395713	-0.0168213	0	0	0	0	4.88107e-05	-0.0666056	0.000395713	-0.0168213	0	0	0	0	4.88107e-05	-0.0666056	
15.0011	0.000395357	-0.0166458	0	0	0	0	5.20677e-05	-0.0659206	0.000395357	-0.0166458	0	0	0	0	5.20677e-05	-0.0659206	
15.1582	0.000394791	-0.0164739	0	0	0	0	5.50946e-05	-0.0652494	0.000394791	-0.0164739	0	0	0	0	5.50946e-05	-0.0652494	
15.3153	0.000394026	-0.0163054	0	0	0	0	5.79045e-05	-0.0645918	0.000394026	-0.0163054	0	0	0	0	5.79045e-05	-0.0645918	
15.4723	0.000393079	-0.0161404	0	0	0	0	6.05106e-05	-0.0639472	0.000393079	-0.0161404	0	0	0	0	6.05106e-05	-0.0639472	
15.6294	0.000391962	-0.0159786	0	0	0	0	6.29253e-05	-0.0633153	0.000391962	-0.0159786	0	0	0	0	6.29253e-05	-0.0633153	
15.7865	0.000390688	-0.01582	0	0	0	0	6.5159e-05	-0.0626957	0.000390688	-0.01582	0	0	0	0	6.5159e-05	-0.0626957	
15.9436	0.000389268	-0.0156646	0	0	0	0	6.72227e-05	-0.062088	0.000389268	-0.0156646	0	0	0	0	6.72227e-05	-0.062088	
16.1007	0.000387712	-0.0155121	0	0	0	0	6.91267e-05	-0.0614919	0.000387712	-0.0155121	0	0	0	0	6.91267e-05	-0.0614919	
16.2577	0.000386033	-0.0153626	0	0	0	0	7.08804e-05	-0.0609072	0.000386033	-0.0153626	0	0	0	0	7.08804e-05	-0.0609072	
16.4148	0.000384241	-0.0152158	0	0	0	0	7.24921e-05	-0.0603334	0.000384241	-0.0152158	0	0	0	0	7.24921e-05	-0.0603334	
16.5719	0.000382342	-0.0150719	0	0	0	0	7.39705e-05	-0.0597702	0.000382342	-0.0150719	0	0	0	0	7.39705e-05	-0.0597702	
16.729	0.000380347	-0.0149306	0	0	0	0	7.53238e-05	-0.0592174	0.000380347	-0.0149306	0	0	0	0	7.53238e-05	-0.0592174	
16.8861	0.000378263	-0.014792	0	0	0	0	7.65589e-05	-0.0586747	0.000378263	-0.014792	0	0	0	0	7.65589e-05	-0.0586747	
17.0431	0.000376099	-0.0146559	0	0	0	0	7.76835e-05	-0.0581419	0.000376099	-0.0146559	0	0	0	0	7.76835e-05	-0.0581419	
17.2002	0.000373859	-0.0145222	0	0	0	0	7.87034e-05	-0.0576185	0.000373859	-0.0145222	0	0	0	0	7.87034e-05	-0.0576185	
17.3573	0.000371554	-0.014391	0	0	0	0	7.96247e-05	-0.0571044	0.000371554	-0.014391	0	0	0	0	7.96247e-05	-0.0571044	
17.5144	0.000369188	-0.0142621	0	0	0	0	8.0454e-05	-0.0565995	0.000369188	-0.0142621	0	0	0	0	8.0454e-05	-0.0565995	
17.6715	0.000366767	-0.0141355	0	0	0	0	8.11964e-05	-0.0561032	0.000366767	-0.0141355	0	0	0	0	8.11964e-05	-0.0561032	
17.8285	0.000364296	-0.0140111	0	0	0	0	8.18572e-05	-0.0556156	0.000364296	-0.0140111	0	0	0	0	8.18572e-05	-0.0556156	
17.9856	0.000361782	-0.0138888	0	0	0	0	8.24413e-05	-0.0551364	0.000361782	-0.0138888	0	0	0	0	8.24413e-05	-0.0551364	
18.1427	0.000359229	-0.0137687	0	0	0	0	8.29529e-05	-0.0546653	0.000359229	-0.0137687	0	0	0	0	8.29529e-05	-0.0546653	
18.2998	0.000356641	-0.0136506	0	0	0	0	8.33965e-05	-0.0542022	0.000356641	-0.0136506	0	0	0	0	8.33965e-05	-0.0542022	
18.4569	0.000354022	-0.0135345	0	0	0	0	8.37765e-05	-0.0537468	0.000354022	-0.0135345	0	0	0	0	8.37765e-05	-0.0537468	
18.6139	0.000351377	-0.0134204	0	0	0	0	8.40969e-05	-0.0532989	0.000351377	-0.0134204	0	0	0	0	8.40969e-05	-0.0532989	
18.771	0.000348709	-0.0133082	0	0	0	0	8.43605e-05	-0.0528585	0.000348709	-0.0133082	0	0	0	0	8.43605e-05	-0.0528585	
18.9281	0.000346022	-0.0131978	0	0	0	0	8.45718e-05	-0.0524252	0.000346022	-0.0131978	0	0	0	0	8.45718e-05	-0.0524252	
19.0852	0.000343319	-0.0130892	0	0	0	0	8.47331e-05	-0.0519989	0.000343319	-0.0130892	0	0	0	0	8.47331e-05	-0.0519989	
19.2423	0.000340603	-0.0129824	0	0	0	0	8.48478e-05	-0.0515795	0.000340603	-0.0129824	0	0	0	0	8.48478e-05	-0.0515795	
19.3993	0.000337876	-0.0128774	0	0	0	0	8.49192e-05	-0.0511667	0.000337876	-0.0128774	0	0	0	0	8.49192e-05	-0.0511667	
19.5564	0.000335142	-0.012774	0	0	0	0	8.49492e-05	-0.0507605	0.000335142	-0.012774	0	0	0	0	8.49492e-05	-0.0507605	
19.7135	0.000332404	-0.0126722	0	0	0	0	8.4941e-05	-0.0503607	0.000332404	-0.0126722	0	0	0	0	8.4941e-05	-0.0503607	
19.8706	0.000329663	-0.0125721	0	0	0	0	8.48963e-05	-0.0499671	0.000329663	-0.0125721	0	0	0	0	8.48963e-05	-0.0499671	
20.0277	0.000326919	-0.0124735	0	0	0	0	8.48184e-05	-0.0495796	0.000326919	-0.0124735	0	0	0	0	8.48184e-05	-0.0495796	
20.1847	0.000324178	-0.0123765	0	0	0	0	8.47088e-05	-0.049198	0.000324178	-0.0123765	0	0	0	0	8.47088e-05	-0.049198	
20.3418	0.000321441	-0.0122809	0	0	0	0	8.45698e-05	-0.0488221	0.000321441	-0.0122809	0	0	0	0	8.45698e-05	-0.0488221	
20.4989	0.000318707	-0.0121868	0	0	0	0	8.44028e-05	-0.0484521	0.000318707	-0.0121868	0	0	0	0	8.44028e-05	-0.0484521	
20.656	0.00031598	-0.0120942	0	0	0	0	8.42098e-05	-0.0480874	0.00031598	-0.0120942	0	0	0	0	8.42098e-05	-0.0480874	
20.8131	0.000313262	-0.0120029	0	0	0	0	8.39928e-05	-0.0477283	0.000313262	-0.0120029	0	0	0	0	8.39928e-05	-0.0477283	
20.9701	0.000310553	-0.011913	0	0	0	0	8.37533e-05	-0.0473745	0.000310553	-0.011913	0	0	0	0	8.37533e-05	-0.0473745	
21.1272	0.000307854	-0.0118244	0	0	0	0	8.34927e-05	-0.0470258	0.000307854	-0.0118244	0	0	0	0	8.34927e-05	-0.0470258	
21.2843	0.000305165	-0.0117371	0	0	0	0	8.32127e-05	-0.0466823	0.000305165	-0.0117371	0	0	0	0	8.32127e-05	-0.0466823	
21.4414	0.000302491	-0.0116512	0	0	0	0	8.2914e-05	-0.0463437	0.000302491	-0.0116512	0	0	0	0	8.2914e-05	-0.0463437	
21.5984	0.00029983	-0.0115664	0	0	0	0	8.25988e-05	-0.0460099	0.00029983	-0.0115664	0	0	0	0	8.25988e-05	-0.0460099	
21.7555	0.000297184	-0.0114829	0	0	0	0	8.22673e-05	-0.0456809	0.000297184	-0.0114829	0	0	0	0	8.22673e-05	-0.0456809	
21.9126	0.000294554	-0.0114006	0	0	0	0	8.19218e-05	-0.0453566	0.000294554	-0.0114006	0	0	0	0	8.19218e-05	-0.0453566	
22.0697	0.00029194	-0.0113194	0	0	0	0	8.15621e-05	-0.0450368	0.00029194	-0.0113194	0	0	0	0	8.15621e-05	-0.0450368	
22.2268	0.000289341	-0.0112394	0	0	0	0	8.11903e-05	-0.0447214	0.000289341	-0.0112394	0	0	0	0	8.11903e-05	-0.0447214	
22.3838	0.000286762	-0.0111605	0	0	0	0	8.08064e-05	-0.0444105	0.000286762	-0.0111605	0	0	0	0	8.08064e-05	-0.0444105	
22.5409	0.0002842	-0.0110827	0	0	0	0	8.04123e-05	-0.0441038	0.0002842	-0.0110827	0	0	0	0	8.04123e-05	-0.0441038	
22.698	0.000281656	-0.011006	0	0	0	0	8.00081e-05	-0.0438013	0.000281656	-0.011006	0	0	0	0	8.00081e-05	-0.0438013	
22.8551	0.000279132	-0.0109304	0	0	0	0	7.95947e-05	-0.0435029	0.000279132	-0.0109304	0	0	0	0	7.95947e-05	-0.0435029	
23.0122	0.000276627	-0.0108557	0	0	0	0	7.91732e-05	-0.0432085	0.000276627	-0.0108557	0	0	0	0	7.91732e-05	-0.0432085	
23.1692	0.000274143	-0.0107821	0	0	0	0	7.87436e-05	-0.0429181	0.000274143	-0.0107821	0	0	0	0	7.87436e-05	-0.0429181	
23.3263	0.000271679	-0.0107095	0	0	0	0	7.83076e-05	-0.0426316	0.000271679	-0.0107095	0	0	0	0	7.83076e-05	-0.0426316	
23.4834	0.000269235	-0.0106378	0	0	0	0	7.78653e-05	-0.0423488	0.000269235	-0.0106378	0	0	0	0	7.78653e-05	-0.0423488	
23.6405	0.000266811	-0.0105671	0	0	0	0	7.74173e-05	-0.0420698	0.000266811	-0.0105671	0	0	0	0	7.74173e-05	-0.0420698	
23.7976	0.000264409	-0.0104973	0	0	0	0	7.6964e-05	-0.0417944	0.000264409	-0.0104973	0	0	0	0	7.6964e-05	-0.0417944	
23.9546	0.000262028	-0.0104285	0	0	0	0	7.6506e-05	-0.0415225	0.000262028	-0.0104285	0	0	0	0	7.6506e-05	-0.0415225	
24.1117	0.000259669	-0.0103605	0	0	0	0	7.60443e-05	-0.0412542	0.000259669	-0.0103605	0	0	0	0	7.60443e-05	-0.0412542	
24.2688	0.000257331	-0.0102934	0	0	0	0	7.55788e-05	-0.0409893	0.000257331	-0.0102934	0	0	0	0	7.55788e-05	-0.0409893	
24.4259	0.000255015	-0.0102272	0	0	0	0	7.511e-05	-0.0407278	0.000255015	-0.0102272	0	0	0	0	7.511e-05	-0.0407278	
24.583	0.000252721	-0.0101618	0	0	0	0	7.46388e-05	-0.0404695	0.000252721	-0.0101618	0	0	0	0	7.46388e-05	-0.0404695	
24.74	0.000250448	-0.0100973	0	0	0	0	7.41647e-05	-0.0402145	0.000250448	-0.0100973	0	0	0	0	7.41647e-05	-0.0402145	
24.8971	0.000248196	-0.0100336	0	0	0	0	7.3689e-05	-0.0399628	0.000248196	-0.0100336	0	0	0	0	7.3689e-05	-0.0399628	
25.0542	0.000245968	-0.00997062	0	0	0	0	7.32116e-05	-0.0397141	0.000245968	-0.00997062	0	0	0	0	7.32116e-05	-0.0397141	
25.2113	0.000243761	-0.00990848	0	0	0	0	7.27328e-05	-0.0394685	0.000243761	-0.00990848	0	0	0	0	7.27328e-05	-0.0394685	
25.3684	0.000241575	-0.00984709	0	0	0	0	7.22531e-05	-0.0392259	0.000241575	-0.00984709	0	0	0	0	7.22531e-05	-0.0392259	
25.5254	0.000239411	-0.00978646	0	0	0	0	7.17728e-05	-0.0389862	0.000239411	-0.00978646	0	0	0	0	7.17728e-05	-0.0389862	
25.6825	0.000237269	-0.00972658	0	0	0	0	7.12922e-05	-0.0387494	0.000237269	-0.00972658	0	0	0	0	7.12922e-05	-0.0387494	
25.8396	0.000235149	-0.00966743	0	0	0	0	7.08115e-05	-0.0385156	0.000235149	-0.00966743	0	0	0	0	7.08115e-05	-0.0385156	
25.9967	0.000233051	-0.00960899	0	0	0	0	7.03306e-05	-0.0382845	0.000233051	-0.00960899	0	0	0	0	7.03306e-05	-0.0382845	
26.1538	0.000230973	-0.00955125	0	0	0	0	6.98498e-05	-0.0380561	0.000230973	-0.00955125	0	0	0	0	6.98498e-05	-0.0380561	
26.3108	0.000228918	-0.0094942	0	0	0	0	6.93698e-05	-0.0378305	0.000228918	-0.0094942	0	0	0	0	6.93698e-05	-0.0378305	
26.4679	0.000226885	-0.00943783	0	0	0	0	6.88909e-05	-0.0376075	0.000226885	-0.00943783	0	0	0	0	6.88909e-05	-0.0376075	
26.625	0.000224871	-0.00938212	0	0	0	0	6.84125e-05	-0.0373871	0.000224871	-0.00938212	0	0	0	0	6.84125e-05	-0.0373871	
26.7821	0.00022288	-0.00932707	0	0	0	0	6.79351e-05	-0.0371693	0.00022288	-0.00932707	0	0	0	0	6.79351e-05	-0.0371693	
26.9392	0.000220909	-0.00927266	0	0	0	0	6.74596e-05	-0.036954	0.000220909	-0.00927266	0	0	0	0	6.74596e-05	-0.036954	
27.0962	0.000218959	-0.00921887	0	0	0	0	6.69846e-05	-0.0367411	0.000218959	-0.00921887	0	0	0	0	6.69846e-05	-0.0367411	
27.2533	0.000217029	-0.00916571	0	0	0	0	6.65119e-05	-0.0365307	0.000217029	-0.00916571	0	0	0	0	6.65119e-05	-0.0365307	
27.4104	0.000215121	-0.00911316	0	0	0	0	6.60407e-05	-0.0363227	0.000215121	-0.00911316	0	0	0	0	6.60407e-05	-0.0363227	
27.5675	0.000213233	-0.00906121	0	0	0	0	6.55712e-05	-0.036117	0.000213233	-0.00906121	0	0	0	0	6.55712e-05	-0.036117	
27.7246	0.000211365	-0.00900984	0	0	0	0	6.51035e-05	-0.0359137	0.000211365	-0.00900984	0	0	0	0	6.51035e-05	-0.0359137	
27.8816	0.000209517	-0.00895906	0	0	0	0	6.46379e-05	-0.0357126	0.000209517	-0.00895906	0	0	0	0	6.46379e-05	-0.0357126	
28.0387	0.00020769	-0.00890883	0	0	0	0	6.41746e-05	-0.0355138	0.00020769	-0.00890883	0	0	0	0	6.41746e-05	-0.0355138	
28.1958	0.000205882	-0.00885919	0	0	0	0	6.37137e-05	-0.0353171	0.000205882	-0.00885919	0	0	0	0	6.37137e-05	-0.0353171	
28.3529	0.000204093	-0.00881008	0	0	0	0	6.3255e-05	-0.0351226	0.000204093	-0.00881008	0	0	0	0	6.3255e-05	-0.0351226	
28.51	0.000202324	-0.00876151	0	0	0	0	6.27989e-05	-0.0349302	0.000202324	-0.00876151	0	0	0	0	6.27989e-05	-0.0349302	
28.667	0.000200574	-0.00871347	0	0	0	0	6.23452e-05	-0.0347399	0.000200574	-0.00871347	0	0	0	0	6.23452e-05	-0.0347399	
28.8241	0.000198844	-0.00866598	0	0	0	0	6.1894e-05	-0.0345517	0.000198844	-0.00866598	0	0	0	0	6.1894e-05	-0.0345517	
28.9812	0.000197132	-0.00861897	0	0	0	0	6.14451e-05	-0.0343655	0.000197132	-0.00861897	0	0	0	0	6.14451e-05	-0.0343655	
29.1383	0.000195439	-0.00857248	0	0	0	0	6.09995e-05	-0.0341813	0.000195439	-0.00857248	0	0	0	0	6.09995e-05	-0.0341813	
29.2954	0.000193764	-0.0085265	0	0	0	0	6.05564e-05	-0.033999	0.000193764	-0.0085265	0	0	0	0	6.05564e-05	-0.033999	
29.4524	0.000192108	-0.00848099	0	0	0	0	6.01157e-05	-0.0338188	0.000192108	-0.00848099	0	0	0	0	6.01157e-05	-0.0338188	
29.6095	0.00019047	-0.00843598	0	0	0	0	5.96784e-05	-0.0336403	0.00019047	-0.00843598	0	0	0	0	5.96784e-05	-0.0336403	
29.7666	0.00018885	-0.00839145	0	0	0	0	5.92434e-05	-0.0334638	0.00018885	-0.00839145	0	0	0	0	5.92434e-05	-0.0334638	
29.9237	0.000187247	-0.00834736	0	0	0	0	5.88118e-05	-0.033289	0.000187247	-0.00834736	0	0	0	0	5.88118e-05	-0.033289	
30.0807	0.000185662	-0.00830375	0	0	0	0	5.83832e-05	-0.0331161	0.000185662	-0.00830375	0	0	0	0	5.83832e-05	-0.0331161	
30.2378	0.000184095	-0.00826059	0	0	0	0	5.79574e-05	-0.032945	0.000184095	-0.00826059	0	0	0	0	5.79574e-05	-0.032945	
30.3949	0.000182545	-0.00821788	0	0	0	0	5.75342e-05	-0.0327756	0.000182545	-0.00821788	0	0	0	0	5.75342e-05	-0.0327756	
30.552	0.000181012	-0.00817561	0	0	0	0	5.71146e-05	-0.032608	0.000181012	-0.00817561	0	0	0	0	5.71146e-05	-0.032608	
30.7091	0.000179495	-0.00813376	0	0	0	0	5.66983e-05	-0.0324421	0.000179495	-0.00813376	0	0	0	0	5.66983e-05	-0.0324421	
30.8661	0.000177996	-0.00809235	0	0	0	0	5.62845e-05	-0.0322778	0.000177996	-0.00809235	0	0	0	0	5.62845e-05	-0.0322778	
31.0232	0.000176512	-0.00805136	0	0	0	0	5.58739e-05	-0.0321152	0.000176512	-0.00805136	0	0	0	0	5.58739e-05	-0.0321152	
31.1803	0.000175045	-0.00801076	0	0	0	0	5.54665e-05	-0.0319542	0.000175045	-0.00801076	0	0	0	0	5.54665e-05	-0.0319542	
31.3374	0.000173594	-0.0079706	0	0	0	0	5.5062e-05	-0.0317948	0.000173594	-0.0079706	0	0	0	0	5.5062e-05	-0.0317948	
31.4945	0.000172159	-0.00793082	0	0	0	0	5.46608e-05	-0.031637	0.000172159	-0.00793082	0	0	0	0	5.46608e-05	-0.031637	
31.6515	0.00017074	-0.00789143	0	0	0	0	5.42626e-05	-0.0314808	0.00017074	-0.00789143	0	0	0	0	5.42626e-05	-0.0314808	
31.8086	0.000169336	-0.00785245	0	0	0	0	5.38674e-05	-0.0313261	0.000169336	-0.00785245	0	0	0	0	5.38674e-05	-0.0313261	
31.9657	0.000167947	-0.00781384	0	0	0	0	5.34754e-05	-0.0311729	0.000167947	-0.00781384	0	0	0	0	5.34754e-05	-0.0311729	
32.1228	0.000166574	-0.00777561	0	0	0	0	5.30865e-05	-0.0310211	0.000166574	-0.00777561	0	0	0	0	5.30865e-05	-0.0310211	
32.2799	0.000165216	-0.00773776	0	0	0	0	5.27009e-05	-0.0308709	0.000165216	-0.00773776	0	0	0	0	5.27009e-05	-0.0308709	
32.4369	0.000163872	-0.00770026	0	0	0	0	5.23186e-05	-0.0307221	0.000163872	-0.00770026	0	0	0	0	5.23186e-05	-0.0307221	
32.594	0.000162543	-0.00766313	0	0	0	0	5.19392e-05	-0.0305747	0.000162543	-0.00766313	0	0	0	0	5.19392e-05	-0.0305747	
32.7511	0.000161229	-0.00762637	0	0	0	0	5.15628e-05	-0.0304287	0.000161229	-0.00762637	0	0	0	0	5.15628e-05	-0.0304287	
32.9082	0.000159929	-0.00758995	0	0	0	0	5.11893e-05	-0.0302841	0.000159929	-0.00758995	0	0	0	0	5.11893e-05	-0.0302841	
33.0653	0.000158643	-0.00755386	0	0	0	0	5.08194e-05	-0.0301409	0.000158643	-0.00755386	0	0	0	0	5.08194e-05	-0.0301409	
33.2223	0.00015737	-0.00751812	0	0	0	0	5.04521e-05	-0.0299991	0.00015737	-0.00751812	0	0	0	0	5.04521e-05	-0.0299991	
33.3794	0.000156112	-0.00748273	0	0	0	0	5.0088e-05	-0.0298585	0.000156112	-0.00748273	0	0	0	0	5.0088e-05	-0.0298585	
33.5365	0.000154867	-0.00744766	0	0	0	0	4.97272e-05	-0.0297193	0.000154867	-0.00744766	0	0	0	0	4.97272e-05	-0.0297193	
33.6936	0.000153636	-0.00741292	0	0	0	0	4.93695e-05	-0.0295813	0.000153636	-0.00741292	0	0	0	0	4.93695e-05	-0.0295813	
33.8507	0.000152418	-0.00737851	0	0	0	0	4.90148e-05	-0.0294446	0.000152418	-0.00737851	0	0	0	0	4.90148e-05	-0.0294446	
34.0077	0.000151213	-0.0073444	0	0	0	0	4.86629e-05	-0.0293091	0.000151213	-0.0073444	0	0	0	0	4.86629e-05	-0.0293091	
34.1648	0.000150021	-0.00731062	0	0	0	0	4.83139e-05	-0.029175	0.000150021	-0.00731062	0	0	0	0	4.83139e-05	-0.029175	
34.3219	0.000148841	-0.00727716	0	0	0	0	4.79679e-05	-0.029042	0.000148841	-0.00727716	0	0	0	0	4.79679e-05	-0.029042	
34.479	0.000147675	-0.00724397	0	0	0	0	4.76253e-05	-0.0289103	0.000147675	-0.00724397	0	0	0	0	4.76253e-05	-0.0289103	
34.6361	0.000146521	-0.00721111	0	0	0	0	4.72853e-05	-0.0287797	0.000146521	-0.00721111	0	0	0	0	4.72853e-05	-0.0287797	
34.7931	0.000145379	-0.00717854	0	0	0	0	4.69484e-05	-0.0286503	0.000145379	-0.00717854	0	0	0	0	4.69484e-05	-0.0286503	
34.9502	0.000144249	-0.00714626	0	0	0	0	4.66144e-05	-0.028522	0.000144249	-0.00714626	0	0	0	0	4.66144e-05	-0.028522	
35.1073	0.000143131	-0.00711427	0	0	0	0	4.62832e-05	-0.0283949	0.000143131	-0.00711427	0	0	0	0	4.62832e-05	-0.0283949	
35.2644	0.000142026	-0.00708256	0	0	0	0	4.59549e-05	-0.028269	0.000142026	-0.00708256	0	0	0	0	4.59549e-05	-0.028269	
35.4215	0.000140931	-0.00705114	0	0	0	0	4.56296e-05	-0.0281441	0.000140931	-0.00705114	0	0	0	0	4.56296e-05	-0.0281441	
35.5785	0.000139849	-0.00701999	0	0	0	0	4.53071e-05	-0.0280203	0.000139849	-0.00701999	0	0	0	0	4.53071e-05	-0.0280203	
35.7356	0.000138778	-0.00698912	0	0	0	0	4.49873e-05	-0.0278976	0.000138778	-0.00698912	0	0	0	0	4.49873e-05	-0.0278976	
35.8927	0.000137718	-0.00695852	0	0	0	0	4.46704e-05	-0.027776	0.000137718	-0.00695852	0	0	0	0	4.46704e-05	-0.027776	
36.0498	0.00013667	-0.00692817	0	0	0	0	4.43563e-05	-0.0276554	0.00013667	-0.00692817	0	0	0	0	4.43563e-05	-0.0276554	
36.2069	0.000135632	-0.00689811	0	0	0	0	4.4045e-05	-0.0275359	0.000135632	-0.00689811	0	0	0	0	4.4045e-05	-0.0275359	
36.3639	0.000134605	-0.0068683	0	0	0	0	4.37363e-05	-0.0274174	0.000134605	-0.0068683	0	0	0	0	4.37363e-05	-0.0274174	
36.521	0.000133589	-0.00683873	0	0	0	0	4.34305e-05	-0.0272999	0.000133589	-0.00683873	0	0	0	0	4.34305e-05	-0.0272999	
36.6781	0.000132584	-0.00680943	0	0	0	0	4.31273e-05	-0.0271834	0.000132584	-0.00680943	0	0	0	0	4.31273e-05	-0.0271834	
36.8352	0.000131589	-0.00678038	0	0	0	0	4.28268e-05	-0.0270679	0.000131589	-0.00678038	0	0	0	0	4.28268e-05	-0.0270679	
36.9923	0.000130604	-0.00675158	0	0	0	0	4.2529e-05	-0.0269534	0.000130604	-0.00675158	0	0	0	0	4.2529e-05	-0.0269534	
37.1493	0.00012963	-0.00672301	0	0	0	0	4.22338e-05	-0.0268398	0.00012963	-0.00672301	0	0	0	0	4.22338e-05	-0.0268398	
37.3064	0.000128665	-0.0066947	0	0	0	0	4.19412e-05	-0.0267272	0.000128665	-0.0066947	0	0	0	0	4.19412e-05	-0.0267272	
37.4635	0.000127711	-0.00666661	0	0	0	0	4.16512e-05	-0.0266155	0.000127711	-0.00666661	0	0	0	0	4.16512e-05	-0.0266155	
37.6206	0.000126766	-0.00663876	0	0	0	0	4.13638e-05	-0.0265048	0.000126766	-0.00663876	0	0	0	0	4.13638e-05	-0.0265048	
37.7777	0.000125831	-0.00661115	0	0	0	0	4.10789e-05	-0.026395	0.000125831	-0.00661115	0	0	0	0	4.10789e-05	-0.026395	
37.9347	0.000124906	-0.00658376	0	0	0	0	4.07966e-05	-0.026286	0.000124906	-0.00658376	0	0	0	0	4.07966e-05	-0.026286	
38.0918	0.000123991	-0.00655661	0	0	0	0	4.05168e-05	-0.026178	0.000123991	-0.00655661	0	0	0	0	4.05168e-05	-0.026178	
38.2489	0.000123084	-0.00652967	0	0	0	0	4.02394e-05	-0.0260709	0.000123084	-0.00652967	0	0	0	0	4.02394e-05	-0.0260709	
38.406	0.000122187	-0.00650294	0	0	0	0	3.99645e-05	-0.0259646	0.000122187	-0.00650294	0	0	0	0	3.99645e-05	-0.0259646	
38.563	0.000121299	-0.00647644	0	0	0	0	3.96921e-05	-0.0258592	0.000121299	-0.00647644	0	0	0	0	3.96921e-05	-0.0258592	
38.7201	0.00012042	-0.00645016	0	0	0	0	3.94221e-05	-0.0257546	0.00012042	-0.00645016	0	0	0	0	3.94221e-05	-0.0257546	
38.8772	0.00011955	-0.00642408	0	0	0	0	3.91544e-05	-0.0256509	0.00011955	-0.00642408	0	0	0	0	3.91544e-05	-0.0256509	
39.0343	0.000118688	-0.00639822	0	0	0	0	3.88892e-05	-0.025548	0.000118688	-0.00639822	0	0	0	0	3.88892e-05	-0.025548	
39.1914	0.000117836	-0.00637256	0	0	0	0	3.86263e-05	-0.025446	0.000117836	-0.00637256	0	0	0	0	3.86263e-05	-0.025446	
39.3484	0.000116991	-0.00634712	0	0	0	0	3.83657e-05	-0.0253447	0.000116991	-0.00634712	0	0	0	0	3.83657e-05	-0.0253447	
39.5055	0.000116156	-0.00632187	0	0	0	0	3.81074e-05	-0.0252443	0.000116156	-0.00632187	0	0	0	0	3.81074e-05	-0.0252443	
39.6626	0.000115329	-0.0062968	0	0	0	0	3.78514e-05	-0.0251446	0.000115329	-0.0062968	0	0	0	0	3.78514e-05	-0.0251446	
39.8197	0.00011451	-0.00627196	0	0	0	0	3.75977e-05	-0.0250457	0.00011451	-0.00627196	0	0	0	0	3.75977e-05	-0.0250457	
39.9768	0.000113699	-0.00624731	0	0	0	0	3.73463e-05	-0.0249476	0.000113699	-0.00624731	0	0	0	0	3.73463e-05	-0.0249476	
40.1338	0.000112896	-0.00622284	0	0	0	0	3.7097e-05	-0.0248503	0.000112896	-0.00622284	0	0	0	0	3.7097e-05	-0.0248503	
40.2909	0.000112101	-0.00619857	0	0	0	0	3.685e-05	-0.0247537	0.000112101	-0.00619857	0	0	0	0	3.685e-05	-0.0247537	
40.448	0.000111314	-0.00617449	0	0	0	0	3.66052e-05	-0.0246579	0.000111314	-0.00617449	0	0	0	0	3.66052e-05	-0.0246579	
40.6051	0.000110535	-0.0061506	0	0	0	0	3.63624e-05	-0.0245628	0.000110535	-0.0061506	0	0	0	0	3.63624e-05	-0.0245628	
40.7622	0.000109763	-0.00612688	0	0	0	0	3.61219e-05	-0.0244684	0.000109763	-0.00612688	0	0	0	0	3.61219e-05	-0.0244684	
40.9192	0.000108999	-0.00610336	0	0	0	0	3.58835e-05	-0.0243747	0.000108999	-0.00610336	0	0	0	0	3.58835e-05	-0.0243747	
41.0763	0.000108243	-0.00608001	0	0	0	0	3.56472e-05	-0.0242818	0.000108243	-0.00608001	0	0	0	0	3.56472e-05	-0.0242818	
41.2334	0.000107494	-0.00605684	0	0	0	0	3.54129e-05	-0.0241895	0.000107494	-0.00605684	0	0	0	0	3.54129e-05	-0.0241895	
41.3905	0.000106752	-0.00603384	0	0	0	0	3.51807e-05	-0.024098	0.000106752	-0.00603384	0	0	0	0	3.51807e-05	-0.024098	
41.5476	0.000106018	-0.00601101	0	0	0	0	3.49506e-05	-0.0240072	0.000106018	-0.00601101	0	0	0	0	3.49506e-05	-0.0240072	
41.7046	0.00010529	-0.00598836	0	0	0	0	3.47224e-05	-0.023917	0.00010529	-0.00598836	0	0	0	0	3.47224e-05	-0.023917	
41.8617	0.00010457	-0.00596589	0	0	0	0	3.44962e-05	-0.0238275	0.00010457	-0.00596589	0	0	0	0	3.44962e-05	-0.0238275	
42.0188	0.000103856	-0.00594357	0	0	0	0	3.42721e-05	-0.0237387	0.000103856	-0.00594357	0	0	0	0	3.42721e-05	-0.0237387	
42.1759	0.00010315	-0.00592142	0	0	0	0	3.40499e-05	-0.0236505	0.00010315	-0.00592142	0	0	0	0	3.40499e-05	-0.0236505	
42.333	0.00010245	-0.00589945	0	0	0	0	3.38297e-05	-0.023563	0.00010245	-0.00589945	0	0	0	0	3.38297e-05	-0.023563	
42.49	0.000101757	-0.00587764	0	0	0	0	3.36113e-05	-0.0234762	0.000101757	-0.00587764	0	0	0	0	3.36113e-05	-0.0234762	
42.6471	0.00010107	-0.00585596	0	0	0	0	3.33948e-05	-0.0233899	0.00010107	-0.00585596	0	0	0	0	3.33948e-05	-0.0233899	
42.8042	0.000100391	-0.00583448	0	0	0	0	3.31803e-05	-0.0233043	0.000100391	-0.00583448	0	0	0	0	3.31803e-05	-0.0233043	
42.9613	9.97172e-05	-0.00581313	0	0	0	0	3.29676e-05	-0.0232193	9.97172e-05	-0.00581313	0	0	0	0	3.29676e-05	-0.0232193	
43.1184	9.90501e-05	-0.00579194	0	0	0	0	3.27567e-05	-0.023135	9.90501e-05	-0.00579194	0	0	0	0	3.27567e-05	-0.023135	
43.2754	9.83894e-05	-0.00577092	0	0	0	0	3.25476e-05	-0.0230513	9.83894e-05	-0.00577092	0	0	0	0	3.25476e-05	-0.0230513	
43.4325	9.7735e-05	-0.00575003	0	0	0	0	3.23404e-05	-0.0229681	9.7735e-05	-0.00575003	0	0	0	0	3.23404e-05	-0.0229681	
43.5896	9.70867e-05	-0.00572931	0	0	0	0	3.2135e-05	-0.0228855	9.70867e-05	-0.00572931	0	0	0	0	3.2135e-05	-0.0228855	
43.7467	9.64444e-05	-0.00570873	0	0	0	0	3.19314e-05	-0.0228035	9.64444e-05	-0.00570873	0	0	0	0	3.19314e-05	-0.0228035	
43.9038	9.58083e-05	-0.00568828	0	0	0	0	3.17295e-05	-0.0227222	9.58083e-05	-0.00568828	0	0	0	0	3.17295e-05	-0.0227222	
44.0608	9.5178e-05	-0.005668	0	0	0	0	3.15294e-05	-0.0226414	9.5178e-05	-0.005668	0	0	0	0	3.15294e-05	-0.0226414	
44.2179	9.45537e-05	-0.00564786	0	0	0	0	3.13308e-05	-0.0225612	9.45537e-05	-0.00564786	0	0	0	0	3.13308e-05	-0.0225612	
44.375	9.39352e-05	-0.00562786	0	0	0	0	3.11342e-05	-0.0224815	9.39352e-05	-0.00562786	0	0	0	0	3.11342e-05	-0.0224815	
44.5321	9.33225e-05	-0.005608	0	0	0	0	3.09391e-05	-0.0224024	9.33225e-05	-0.005608	0	0	0	0	3.09391e-05	-0.0224024	
44.6892	9.27153e-05	-0.00558828	0	0	0	0	3.07456e-05	-0.0223239	9.27153e-05	-0.00558828	0	0	0	0	3.07456e-05	-0.0223239	
44.8462	9.21139e-05	-0.00556871	0	0	0	0	3.05539e-05	-0.0222459	9.21139e-05	-0.00556871	0	0	0	0	3.05539e-05	-0.0222459	
45.0033	9.15179e-05	-0.00554926	0	0	0	0	3.03638e-05	-0.0221684	9.15179e-05	-0.00554926	0	0	0	0	3.03638e-05	-0.0221684	
45.1604	9.09275e-05	-0.00552994	0	0	0	0	3.01753e-05	-0.0220915	9.09275e-05	-0.00552994	0	0	0	0	3.01753e-05	-0.0220915	
45.3175	9.03425e-05	-0.00551078	0	0	0	0	2.99885e-05	-0.0220151	9.03425e-05	-0.00551078	0	0	0	0	2.99885e-05	-0.0220151	
45.4746	8.97627e-05	-0.00549173	0	0	0	0	2.98031e-05	-0.0219392	8.97627e-05	-0.00549173	0	0	0	0	2.98031e-05	-0.0219392	
45.6316	8.91883e-05	-0.00547282	0	0	0	0	2.96194e-05	-0.0218639	8.91883e-05	-0.00547282	0	0	0	0	2.96194e-05	-0.0218639	
45.7887	8.8619e-05	-0.00545403	0	0	0	0	2.94372e-05	-0.0217891	8.8619e-05	-0.00545403	0	0	0	0	2.94372e-05	-0.0217891	
45.9458	8.80551e-05	-0.00543539	0	0	0	0	2.92565e-05	-0.0217148	8.80551e-05	-0.00543539	0	0	0	0	2.92565e-05	-0.0217148	
46.1029	8.74962e-05	-0.00541686	0	0	0	0	2.90774e-05	-0.021641	8.74962e-05	-0.00541686	0	0	0	0	2.90774e-05	-0.021641	
46.26	8.69424e-05	-0.00539846	0	0	0	0	2.88999e-05	-0.0215676	8.69424e-05	-0.00539846	0	0	0	0	2.88999e-05	-0.0215676	
46.417	8.63935e-05	-0.00538018	0	0	0	0	2.87237e-05	-0.0214948	8.63935e-05	-0.00538018	0	0	0	0	2.87237e-05	-0.0214948	
46.5741	8.58495e-05	-0.00536203	0	0	0	0	2.8549e-05	-0.0214225	8.58495e-05	-0.00536203	0	0	0	0	2.8549e-05	-0.0214225	
46.7312	8.53106e-05	-0.005344	0	0	0	0	2.83759e-05	-0.0213507	8.53106e-05	-0.005344	0	0	0	0	2.83759e-05	-0.0213507	
46.8883	8.47764e-05	-0.00532609	0	0	0	0	2.82042e-05	-0.0212793	8.47764e-05	-0.00532609	0	0	0	0	2.82042e-05	-0.0212793	
47.0453	8.42469e-05	-0.0053083	0	0	0	0	2.80338e-05	-0.0212084	8.42469e-05	-0.0053083	0	0	0	0	2.80338e-05	-0.0212084	
47.2024	8.37223e-05	-0.00529062	0	0	0	0	2.78649e-05	-0.021138	8.37223e-05	-0.00529062	0	0	0	0	2.78649e-05	-0.021138	
47.3595	8.32021e-05	-0.00527308	0	0	0	0	2.76974e-05	-0.021068	8.32021e-05	-0.00527308	0	0	0	0	2.76974e-05	-0.021068	
47.5166	8.26867e-05	-0.00525564	0	0	0	0	2.75313e-05	-0.0209986	8.26867e-05	-0.00525564	0	0	0	0	2.75313e-05	-0.0209986	
47.6737	8.21758e-05	-0.00523832	0	0	0	0	2.73666e-05	-0.0209295	8.21758e-05	-0.00523832	0	0	0	0	2.73666e-05	-0.0209295	
47.8307	8.16693e-05	-0.0052211	0	0	0	0	2.72033e-05	-0.0208609	8.16693e-05	-0.0052211	0	0	0	0	2.72033e-05	-0.0208609	
47.9878	8.11675e-05	-0.00520401	0	0	0	0	2.70412e-05	-0.0207928	8.11675e-05	-0.00520401	0	0	0	0	2.70412e-05	-0.0207928	
48.1449	8.06699e-05	-0.00518702	0	0	0	0	2.68806e-05	-0.0207251	8.06699e-05	-0.00518702	0	0	0	0	2.68806e-05	-0.0207251	
48.302	8.01766e-05	-0.00517016	0	0	0	0	2.67212e-05	-0.0206578	8.01766e-05	-0.00517016	0	0	0	0	2.67212e-05	-0.0206578	
48.4591	7.96878e-05	-0.00515339	0	0	0	0	2.65632e-05	-0.020591	7.96878e-05	-0.00515339	0	0	0	0	2.65632e-05	-0.020591	
48.6161	7.92031e-05	-0.00513672	0	0	0	0	2.64064e-05	-0.0205246	7.92031e-05	-0.00513672	0	0	0	0	2.64064e-05	-0.0205246	
48.7732	7.87228e-05	-0.00512018	0	0	0	0	2.62509e-05	-0.0204587	7.87228e-05	-0.00512018	0	0	0	0	2.62509e-05	-0.0204587	
48.9303	7.82465e-05	-0.00510374	0	0	0	0	2.60967e-05	-0.0203931	7.82465e-05	-0.00510374	0	0	0	0	2.60967e-05	-0.0203931	
49.0874	7.77744e-05	-0.0050874	0	0	0	0	2.59438e-05	-0.020328	7.77744e-05	-0.0050874	0	0	0	0	2.59438e-05	-0.020328	
49.2445	7.73063e-05	-0.00507115	0	0	0	0	2.5792e-05	-0.0202633	7.73063e-05	-0.00507115	0	0	0	0	2.5792e-05	-0.0202633	
49.4015	7.68423e-05	-0.00505504	0	0	0	0	2.56416e-05	-0.020199	7.68423e-05	-0.00505504	0	0	0	0	2.56416e-05	-0.020199	
49.5586	7.63824e-05	-0.00503901	0	0	0	0	2.54924e-05	-0.0201351	7.63824e-05	-0.00503901	0	0	0	0	2.54924e-05	-0.0201351	
49.7157	7.59261e-05	-0.00502308	0	0	0	0	2.53443e-05	-0.0200716	7.59261e-05	-0.00502308	0	0	0	0	2.53443e-05	-0.0200716	
49.8728	7.54739e-05	-0.00500726	0	0	0	0	2.51974e-05	-0.0200085	7.54739e-05	-0.00500726	0	0	0	0	2.51974e-05	-0.0200085	
50.0299	7.50256e-05	-0.00499153	0	0	0	0	2.50517e-05	-0.0199459	7.50256e-05	-0.00499153	0	0	0	0	2.50517e-05	-0.0199459	
50.1869	7.45811e-05	-0.0049759	0	0	0	0	2.49073e-05	-0.0198835	7.45811e-05	-0.0049759	0	0	0	0	2.49073e-05	-0.0198835	
50.344	7.41403e-05	-0.00496037	0	0	0	0	2.47639e-05	-0.0198216	7.41403e-05	-0.00496037	0	0	0	0	2.47639e-05	-0.0198216	
50.5011	7.37033e-05	-0.00494494	0	0	0	0	2.46217e-05	-0.0197601	7.37033e-05	-0.00494494	0	0	0	0	2.46217e-05	-0.0197601	
50.6582	7.32699e-05	-0.00492959	0	0	0	0	2.44806e-05	-0.0196989	7.32699e-05	-0.00492959	0	0	0	0	2.44806e-05	-0.0196989	
50.8153	7.28401e-05	-0.00491436	0	0	0	0	2.43407e-05	-0.0196382	7.28401e-05	-0.00491436	0	0	0	0	2.43407e-05	-0.0196382	
50.9723	7.24141e-05	-0.0048992	0	0	0	0	2.42019e-05	-0.0195777	7.24141e-05	-0.0048992	0	0	0	0	2.42019e-05	-0.0195777	
51.1294	7.19915e-05	-0.00488415	0	0	0	0	2.40641e-05	-0.0195177	7.19915e-05	-0.00488415	0	0	0	0	2.40641e-05	-0.0195177	
51.2865	7.15724e-05	-0.00486918	0	0	0	0	2.39275e-05	-0.0194581	7.15724e-05	-0.00486918	0	0	0	0	2.39275e-05	-0.0194581	
51.4436	7.1157e-05	-0.00485431	0	0	0	0	2.3792e-05	-0.0193988	7.1157e-05	-0.00485431	0	0	0	0	2.3792e-05	-0.0193988	
51.6007	7.07449e-05	-0.00483953	0	0	0	0	2.36575e-05	-0.0193398	7.07449e-05	-0.00483953	0	0	0	0	2.36575e-05	-0.0193398	
51.7577	7.03363e-05	-0.00482484	0	0	0	0	2.35241e-05	-0.0192812	7.03363e-05	-0.00482484	0	0	0	0	2.35241e-05	-0.0192812	
51.9148	6.99311e-05	-0.00481024	0	0	0	0	2.33917e-05	-0.019223	6.99311e-05	-0.00481024	0	0	0	0	2.33917e-05	-0.019223	
52.0719	6.95291e-05	-0.00479573	0	0	0	0	2.32603e-05	-0.0191651	6.95291e-05	-0.00479573	0	0	0	0	2.32603e-05	-0.0191651	
52.229	6.91306e-05	-0.00478129	0	0	0	0	2.31301e-05	-0.0191076	6.91306e-05	-0.00478129	0	0	0	0	2.31301e-05	-0.0191076	
52.3861	6.87352e-05	-0.00476695	0	0	0	0	2.30008e-05	-0.0190504	6.87352e-05	-0.00476695	0	0	0	0	2.30008e-05	-0.0190504	
52.5431	6.83432e-05	-0.0047527	0	0	0	0	2.28725e-05	-0.0189936	6.83432e-05	-0.0047527	0	0	0	0	2.28725e-05	-0.0189936	
52.7002	6.79542e-05	-0.00473852	0	0	0	0	2.27453e-05	-0.0189371	6.79542e-05	-0.00473852	0	0	0	0	2.27453e-05	-0.0189371	
52.8573	6.75685e-05	-0.00472444	0	0	0	0	2.2619e-05	-0.0188809	6.75685e-05	-0.00472444	0	0	0	0	2.2619e-05	-0.0188809	
53.0144	6.7186e-05	-0.00471043	0	0	0	0	2.24937e-05	-0.018825	6.7186e-05	-0.00471043	0	0	0	0	2.24937e-05	-0.018825	
53.1715	6.68065e-05	-0.00469651	0	0	0	0	2.23694e-05	-0.0187695	6.68065e-05	-0.00469651	0	0	0	0	2.23694e-05	-0.0187695	
53.3285	6.64302e-05	-0.00468268	0	0	0	0	2.22459e-05	-0.0187143	6.64302e-05	-0.00468268	0	0	0	0	2.22459e-05	-0.0187143	
53.4856	6.60567e-05	-0.00466892	0	0	0	0	2.21235e-05	-0.0186595	6.60567e-05	-0.00466892	0	0	0	0	2.21235e-05	-0.0186595	
53.6427	6.56865e-05	-0.00465524	0	0	0	0	2.20021e-05	-0.0186049	6.56865e-05	-0.00465524	0	0	0	0	2.20021e-05	-0.0186049	
53.7998	6.53191e-05	-0.00464166	0	0	0	0	2.18815e-05	-0.0185507	6.53191e-05	-0.00464166	0	0	0	0	2.18815e-05	-0.0185507	
53.9569	6.49547e-05	-0.00462814	0	0	0	0	2.17619e-05	-0.0184968	6.49547e-05	-0.00462814	0	0	0	0	2.17619e-05	-0.0184968	
54.1139	6.45932e-05	-0.00461469	0	0	0	0	2.16432e-05	-0.0184432	6.45932e-05	-0.00461469	0	0	0	0	2.16432e-05	-0.0184432	
54.271	6.42347e-05	-0.00460133	0	0	0	0	2.15254e-05	-0.0183899	6.42347e-05	-0.00460133	0	0	0	0	2.15254e-05	-0.0183899	
54.4281	6.38788e-05	-0.00458806	0	0	0	0	2.14086e-05	-0.0183369	6.38788e-05	-0.00458806	0	0	0	0	2.14086e-05	-0.0183369	
54.5852	6.35259e-05	-0.00457484	0	0	0	0	2.12925e-05	-0.0182842	6.35259e-05	-0.00457484	0	0	0	0	2.12925e-05	-0.0182842	
54.7423	6.31758e-05	-0.00456172	0	0	0	0	2.11774e-05	-0.0182318	6.31758e-05	-0.00456172	0	0	0	0	2.11774e-05	-0.0182318	
54.8993	6.28284e-05	-0.00454866	0	0	0	0	2.10631e-05	-0.0181798	6.28284e-05	-0.00454866	0	0	0	0	2.10631e-05	-0.0181798	
55.0564	6.24838e-05	-0.00453568	0	0	0	0	2.09497e-05	-0.018128	6.24838e-05	-0.00453568	0	0	0	0	2.09497e-05	-0.018128	
55.2135	6.2142e-05	-0.00452277	0	0	0	0	2.08371e-05	-0.0180765	6.2142e-05	-0.00452277	0	0	0	0	2.08371e-05	-0.0180765	
55.3706	6.18028e-05	-0.00450993	0	0	0	0	2.07254e-05	-0.0180253	6.18028e-05	-0.00450993	0	0	0	0	2.07254e-05	-0.0180253	
55.5277	6.14661e-05	-0.00449718	0	0	0	0	2.06146e-05	-0.0179744	6.14661e-05	-0.00449718	0	0	0	0	2.06146e-05	-0.0179744	
55.6847	6.11321e-05	-0.00448448	0	0	0	0	2.05046e-05	-0.0179238	6.11321e-05	-0.00448448	0	0	0	0	2.05046e-05	-0.0179238	
55.8418	6.0801e-05	-0.00447187	0	0	0	0	2.03954e-05	-0.0178734	6.0801e-05	-0.00447187	0	0	0	0	2.03954e-05	-0.0178734	
55.9989	6.04721e-05	-0.00445932	0	0	0	0	2.0287e-05	-0.0178234	6.04721e-05	-0.00445932	0	0	0	0	2.0287e-05	-0.0178234	
56.156	6.01459e-05	-0.00444685	0	0	0	0	2.01794e-05	-0.0177736	6.01459e-05	-0.00444685	0	0	0	0	2.01794e-05	-0.0177736	
56.313	5.98224e-05	-0.00443444	0	0	0	0	2.00726e-05	-0.0177241	5.98224e-05	-0.00443444	0	0	0	0	2.00726e-05	-0.0177241	
56.4701	5.95012e-05	-0.00442209	0	0	0	0	1.99667e-05	-0.0176749	5.95012e-05	-0.00442209	0	0	0	0	1.99667e-05	-0.0176749	
56.6272	5.91824e-05	-0.00440982	0	0	0	0	1.98614e-05	-0.017626	5.91824e-05	-0.00440982	0	0	0	0	1.98614e-05	-0.017626	
56.7843	5.88662e-05	-0.00439761	0	0	0	0	1.9757e-05	-0.0175773	5.88662e-05	-0.00439761	0	0	0	0	1.9757e-05	-0.0175773	
56.9414	5.85524e-05	-0.00438549	0	0	0	0	1.96534e-05	-0.0175289	5.85524e-05	-0.00438549	0	0	0	0	1.96534e-05	-0.0175289	
57.0984	5.8241e-05	-0.00437343	0	0	0	0	1.95505e-05	-0.0174807	5.8241e-05	-0.00437343	0	0	0	0	1.95505e-05	-0.0174807	
57.2555	5.79319e-05	-0.00436142	0	0	0	0	1.94484e-05	-0.0174328	5.79319e-05	-0.00436142	0	0	0	0	1.94484e-05	-0.0174328	
57.4126	5.76253e-05	-0.00434947	0	0	0	0	1.9347e-05	-0.0173852	5.76253e-05	-0.00434947	0	0	0	0	1.9347e-05	-0.0173852	
57.5697	5.73209e-05	-0.00433761	0	0	0	0	1.92464e-05	-0.0173378	5.73209e-05	-0.00433761	0	0	0	0	1.92464e-05	-0.0173378	
57.7268	5.70189e-05	-0.00432582	0	0	0	0	1.91464e-05	-0.0172907	5.70189e-05	-0.00432582	0	0	0	0	1.91464e-05	-0.0172907	
57.8838	5.67191e-05	-0.00431407	0	0	0	0	1.90473e-05	-0.0172439	5.67191e-05	-0.00431407	0	0	0	0	1.90473e-05	-0.0172439	
58.0409	5.64217e-05	-0.00430238	0	0	0	0	1.89488e-05	-0.0171973	5.64217e-05	-0.00430238	0	0	0	0	1.89488e-05	-0.0171973	
58.198	5.61265e-05	-0.00429077	0	0	0	0	1.8851e-05	-0.0171509	5.61265e-05	-0.00429077	0	0	0	0	1.8851e-05	-0.0171509	
58.3551	5.58335e-05	-0.00427922	0	0	0	0	1.87541e-05	-0.0171048	5.58335e-05	-0.00427922	0	0	0	0	1.87541e-05	-0.0171048	
58.5122	5.55426e-05	-0.00426773	0	0	0	0	1.86577e-05	-0.0170589	5.55426e-05	-0.00426773	0	0	0	0	1.86577e-05	-0.0170589	
58.6692	5.5254e-05	-0.00425629	0	0	0	0	1.85621e-05	-0.0170133	5.5254e-05	-0.00425629	0	0	0	0	1.85621e-05	-0.0170133	
58.8263	5.49675e-05	-0.00424493	0	0	0	0	1.84671e-05	-0.016968	5.49675e-05	-0.00424493	0	0	0	0	1.84671e-05	-0.016968	
58.9834	5.46831e-05	-0.00423363	0	0	0	0	1.83728e-05	-0.0169229	5.46831e-05	-0.00423363	0	0	0	0	1.83728e-05	-0.0169229	
59.1405	5.4401e-05	-0.00422237	0	0	0	0	1.82793e-05	-0.016878	5.4401e-05	-0.00422237	0	0	0	0	1.82793e-05	-0.016878	
59.2976	5.41206e-05	-0.0042112	0	0	0	0	1.81863e-05	-0.0168334	5.41206e-05	-0.0042112	0	0	0	0	1.81863e-05	-0.0168334	
59.4546	5.38426e-05	-0.00420006	0	0	0	0	1.80941e-05	-0.016789	5.38426e-05	-0.00420006	0	0	0	0	1.80941e-05	-0.016789	
59.6117	5.35665e-05	-0.00418899	0	0	0	0	1.80024e-05	-0.0167448	5.35665e-05	-0.00418899	0	0	0	0	1.80024e-05	-0.0167448	
59.7688	5.32927e-05	-0.00417798	0	0	0	0	1.79116e-05	-0.0167008	5.32927e-05	-0.00417798	0	0	0	0	1.79116e-05	-0.0167008	
59.9259	5.30206e-05	-0.00416703	0	0	0	0	1.78213e-05	-0.0166571	5.30206e-05	-0.00416703	0	0	0	0	1.78213e-05	-0.0166571	
60.083	5.27506e-05	-0.00415612	0	0	0	0	1.77316e-05	-0.0166136	5.27506e-05	-0.00415612	0	0	0	0	1.77316e-05	-0.0166136	
60.24	5.24826e-05	-0.00414528	0	0	0	0	1.76426e-05	-0.0165704	5.24826e-05	-0.00414528	0	0	0	0	1.76426e-05	-0.0165704	
60.3971	5.22166e-05	-0.00413451	0	0	0	0	1.75542e-05	-0.0165273	5.22166e-05	-0.00413451	0	0	0	0	1.75542e-05	-0.0165273	
60.5542	5.19525e-05	-0.00412377	0	0	0	0	1.74664e-05	-0.0164845	5.19525e-05	-0.00412377	0	0	0	0	1.74664e-05	-0.0164845	
60.7113	5.16903e-05	-0.0041131	0	0	0	0	1.73793e-05	-0.0164419	5.16903e-05	-0.0041131	0	0	0	0	1.73793e-05	-0.0164419	
60.8684	5.143e-05	-0.00410249	0	0	0	0	1.72926e-05	-0.0163996	5.143e-05	-0.00410249	0	0	0	0	1.72926e-05	-0.0163996	
61.0254	5.11716e-05	-0.00409192	0	0	0	0	1.72068e-05	-0.0163574	5.11716e-05	-0.00409192	0	0	0	0	1.72068e-05	-0.0163574	
61.1825	5.0915e-05	-0.00408142	0	0	0	0	1.71215e-05	-0.0163154	5.0915e-05	-0.00408142	0	0	0	0	1.71215e-05	-0.0163154	
61.3396	5.06602e-05	-0.00407096	0	0	0	0	1.70367e-05	-0.0162737	5.06602e-05	-0.00407096	0	0	0	0	1.70367e-05	-0.0162737	
61.4967	5.04074e-05	-0.00406056	0	0	0	0	1.69525e-05	-0.0162322	5.04074e-05	-0.00406056	0	0	0	0	1.69525e-05	-0.0162322	
61.6538	5.01564e-05	-0.00405021	0	0	0	0	1.68689e-05	-0.0161909	5.01564e-05	-0.00405021	0	0	0	0	1.68689e-05	-0.0161909	
61.8108	4.99071e-05	-0.00403991	0	0	0	0	1.6786e-05	-0.0161498	4.99071e-05	-0.00403991	0	0	0	0	1.6786e-05	-0.0161498	
61.9679	4.96596e-05	-0.00402966	0	0	0	0	1.67035e-05	-0.0161089	4.96596e-05	-0.00402966	0	0	0	0	1.67035e-05	-0.0161089	
62.125	4.94139e-05	-0.00401948	0	0	0	0	1.66217e-05	-0.0160683	4.94139e-05	-0.00401948	0	0	0	0	1.66217e-05	-0.0160683	
62.2821	4.91699e-05	-0.00400935	0	0	0	0	1.65404e-05	-0.0160278	4.91699e-05	-0.00400935	0	0	0	0	1.65404e-05	-0.0160278	
62.4392	4.89277e-05	-0.00399925	0	0	0	0	1.64597e-05	-0.0159875	4.89277e-05	-0.00399925	0	0	0	0	1.64597e-05	-0.0159875	
62.5962	4.86873e-05	-0.00398922	0	0	0	0	1.63796e-05	-0.0159474	4.86873e-05	-0.00398922	0	0	0	0	1.63796e-05	-0.0159474	
62.7533	4.84484e-05	-0.00397923	0	0	0	0	1.62999e-05	-0.0159076	4.84484e-05	-0.00397923	0	0	0	0	1.62999e-05	-0.0159076	
62.9104	4.82112e-05	-0.00396929	0	0	0	0	1.62208e-05	-0.0158679	4.82112e-05	-0.00396929	0	0	0	0	1.62208e-05	-0.0158679	
63.0675	4.79758e-05	-0.0039594	0	0	0	0	1.61423e-05	-0.0158284	4.79758e-05	-0.0039594	0	0	0	0	1.61423e-05	-0.0158284	
63.2246	4.77419e-05	-0.00394955	0	0	0	0	1.60643e-05	-0.0157892	4.77419e-05	-0.00394955	0	0	0	0	1.60643e-05	-0.0157892	
63.3816	4.75097e-05	-0.00393977	0	0	0	0	1.59868e-05	-0.0157501	4.75097e-05	-0.00393977	0	0	0	0	1.59868e-05	-0.0157501	
63.5387	4.72791e-05	-0.00393003	0	0	0	0	1.59099e-05	-0.0157112	4.72791e-05	-0.00393003	0	0	0	0	1.59099e-05	-0.0157112	
63.6958	4.70502e-05	-0.00392033	0	0	0	0	1.58334e-05	-0.0156725	4.70502e-05	-0.00392033	0	0	0	0	1.58334e-05	-0.0156725	
63.8529	4.68229e-05	-0.00391069	0	0	0	0	1.57575e-05	-0.015634	4.68229e-05	-0.00391069	0	0	0	0	1.57575e-05	-0.015634	
64.01	4.65971e-05	-0.00390109	0	0	0	0	1.56822e-05	-0.0155957	4.65971e-05	-0.00390109	0	0	0	0	1.56822e-05	-0.0155957	
64.167	4.63729e-05	-0.00389154	0	0	0	0	1.56073e-05	-0.0155575	4.63729e-05	-0.00389154	0	0	0	0	1.56073e-05	-0.0155575	
64.3241	4.61502e-05	-0.00388204	0	0	0	0	1.55329e-05	-0.0155196	4.61502e-05	-0.00388204	0	0	0	0	1.55329e-05	-0.0155196	
64.4812	4.59291e-05	-0.00387258	0	0	0	0	1.5459e-05	-0.0154819	4.59291e-05	-0.00387258	0	0	0	0	1.5459e-05	-0.0154819	
64.6383	4.57095e-05	-0.00386316	0	0	0	0	1.53856e-05	-0.0154443	4.57095e-05	-0.00386316	0	0	0	0	1.53856e-05	-0.0154443	
64.7953	4.54913e-05	-0.0038538	0	0	0	0	1.53127e-05	-0.0154068	4.54913e-05	-0.0038538	0	0	0	0	1.53127e-05	-0.0154068	
64.9524	4.52748e-05	-0.00384447	0	0	0	0	1.52403e-05	-0.0153697	4.52748e-05	-0.00384447	0	0	0	0	1.52403e-05	-0.0153697	
65.1095	4.50597e-05	-0.0038352	0	0	0	0	1.51684e-05	-0.0153326	4.50597e-05	-0.0038352	0	0	0	0	1.51684e-05	-0.0153326	
65.2666	4.4846e-05	-0.00382596	0	0	0	0	1.50969e-05	-0.0152957	4.4846e-05	-0.00382596	0	0	0	0	1.50969e-05	-0.0152957	
65.4237	4.46338e-05	-0.00381678	0	0	0	0	1.50259e-05	-0.0152591	4.46338e-05	-0.00381678	0	0	0	0	1.50259e-05	-0.0152591	
65.5807	4.4423e-05	-0.00380762	0	0	0	0	1.49554e-05	-0.0152225	4.4423e-05	-0.00380762	0	0	0	0	1.49554e-05	-0.0152225	
65.7378	4.42137e-05	-0.00379853	0	0	0	0	1.48854e-05	-0.0151862	4.42137e-05	-0.00379853	0	0	0	0	1.48854e-05	-0.0151862	
65.8949	4.40057e-05	-0.00378948	0	0	0	0	1.48158e-05	-0.0151501	4.40057e-05	-0.00378948	0	0	0	0	1.48158e-05	-0.0151501	
66.052	4.37993e-05	-0.00378047	0	0	0	0	1.47467e-05	-0.0151141	4.37993e-05	-0.00378047	0	0	0	0	1.47467e-05	-0.0151141	
66.2091	4.3594e-05	-0.00377149	0	0	0	0	1.4678e-05	-0.0150783	4.3594e-05	-0.00377149	0	0	0	0	1.4678e-05	-0.0150783	
66.3661	4.33904e-05	-0.00376257	0	0	0	0	1.46098e-05	-0.0150426	4.33904e-05	-0.00376257	0	0	0	0	1.46098e-05	-0.0150426	
66.5232	4.31881e-05	-0.00375368	0	0	0	0	1.4542e-05	-0.0150071	4.31881e-05	-0.00375368	0	0	0	0	1.4542e-05	-0.0150071	
66.6803	4.2987e-05	-0.00374483	0	0	0	0	1.44746e-05	-0.0149718	4.2987e-05	-0.00374483	0	0	0	0	1.44746e-05	-0.0149718	
66.8374	4.27874e-05	-0.00373604	0	0	0	0	1.44078e-05	-0.0149367	4.27874e-05	-0.00373604	0	0	0	0	1.44078e-05	-0.0149367	
66.9945	4.2589e-05	-0.00372726	0	0	0	0	1.43412e-05	-0.0149018	4.2589e-05	-0.00372726	0	0	0	0	1.43412e-05	-0.0149018	
67.1515	4.23919e-05	-0.00371855	0	0	0	0	1.42752e-05	-0.0148669	4.23919e-05	-0.00371855	0	0	0	0	1.42752e-05	-0.0148669	
67.3086	4.21962e-05	-0.00370986	0	0	0	0	1.42096e-05	-0.0148323	4.21962e-05	-0.00370986	0	0	0	0	1.42096e-05	-0.0148323	
67.4657	4.20018e-05	-0.00370123	0	0	0	0	1.41445e-05	-0.0147977	4.20018e-05	-0.00370123	0	0	0	0	1.41445e-05	-0.0147977	
67.6228	4.18086e-05	-0.00369263	0	0	0	0	1.40797e-05	-0.0147634	4.18086e-05	-0.00369263	0	0	0	0	1.40797e-05	-0.0147634	
67.7799	4.16168e-05	-0.00368408	0	0	0	0	1.40153e-05	-0.0147292	4.16168e-05	-0.00368408	0	0	0	0	1.40153e-05	-0.0147292	
67.9369	4.14262e-05	-0.00367555	0	0	0	0	1.39514e-05	-0.0146952	4.14262e-05	-0.00367555	0	0	0	0	1.39514e-05	-0.0146952	
68.094	4.12369e-05	-0.00366707	0	0	0	0	1.38879e-05	-0.0146614	4.12369e-05	-0.00366707	0	0	0	0	1.38879e-05	-0.0146614	
68.2511	4.10488e-05	-0.00365862	0	0	0	0	1.38248e-05	-0.0146277	4.10488e-05	-0.00365862	0	0	0	0	1.38248e-05	-0.0146277	
68.4082	4.08619e-05	-0.00365023	0	0	0	0	1.37621e-05	-0.0145941	4.08619e-05	-0.00365023	0	0	0	0	1.37621e-05	-0.0145941	
68.5653	4.06763e-05	-0.00364187	0	0	0	0	1.36998e-05	-0.0145607	4.06763e-05	-0.00364187	0	0	0	0	1.36998e-05	-0.0145607	
68.7223	4.04919e-05	-0.00363354	0	0	0	0	1.36378e-05	-0.0145274	4.04919e-05	-0.00363354	0	0	0	0	1.36378e-05	-0.0145274	
68.8794	4.03086e-05	-0.00362525	0	0	0	0	1.35763e-05	-0.0144943	4.03086e-05	-0.00362525	0	0	0	0	1.35763e-05	-0.0144943	
69.0365	4.01265e-05	-0.00361699	0	0	0	0	1.35152e-05	-0.0144614	4.01265e-05	-0.00361699	0	0	0	0	1.35152e-05	-0.0144614	
69.1936	3.99456e-05	-0.00360878	0	0	0	0	1.34544e-05	-0.0144286	3.99456e-05	-0.00360878	0	0	0	0	1.34544e-05	-0.0144286	
69.3507	3.97659e-05	-0.00360061	0	0	0	0	1.33941e-05	-0.014396	3.97659e-05	-0.00360061	0	0	0	0	1.33941e-05	-0.014396	
69.5077	3.95875e-05	-0.00359247	0	0	0	0	1.33341e-05	-0.0143635	3.95875e-05	-0.00359247	0	0	0	0	1.33341e-05	-0.0143635	
69.6648	3.94101e-05	-0.00358437	0	0	0	0	1.32745e-05	-0.0143311	3.94101e-05	-0.00358437	0	0	0	0	1.32745e-05	-0.0143311	
69.8219	3.92338e-05	-0.0035763	0	0	0	0	1.32153e-05	-0.0142989	3.92338e-05	-0.0035763	0	0	0	0	1.32153e-05	-0.0142989	
69.979	3.90587e-05	-0.00356827	0	0	0	0	1.31564e-05	-0.0142668	3.90587e-05	-0.00356827	0	0	0	0	1.31564e-05	-0.0142668	
70.1361	3.88847e-05	-0.00356028	0	0	0	0	1.30979e-05	-0.0142349	3.88847e-05	-0.00356028	0	0	0	0	1.30979e-05	-0.0142349	
70.2931	3.87118e-05	-0.00355232	0	0	0	0	1.30398e-05	-0.0142032	3.87118e-05	-0.00355232	0	0	0	0	1.30398e-05	-0.0142032	
70.4502	3.85399e-05	-0.0035444	0	0	0	0	1.2982e-05	-0.0141715	3.85399e-05	-0.0035444	0	0	0	0	1.2982e-05	-0.0141715	
70.6073	3.83694e-05	-0.00353651	0	0	0	0	1.29246e-05	-0.01414	3.83694e-05	-0.00353651	0	0	0	0	1.29246e-05	-0.01414	
70.7644	3.81997e-05	-0.00352866	0	0	0	0	1.28675e-05	-0.0141087	3.81997e-05	-0.00352866	0	0	0	0	1.28675e-05	-0.0141087	
70.9215	3.80312e-05	-0.00352085	0	0	0	0	1.28109e-05	-0.0140774	3.80312e-05	-0.00352085	0	0	0	0	1.28109e-05	-0.0140774	
71.0785	3.78637e-05	-0.00351306	0	0	0	0	1.27545e-05	-0.0140463	3.78637e-05	-0.00351306	0	0	0	0	1.27545e-05	-0.0140463	
71.2356	3.76973e-05	-0.00350532	0	0	0	0	1.26985e-05	-0.0140154	3.76973e-05	-0.00350532	0	0	0	0	1.26985e-05	-0.0140154	
71.3927	3.75318e-05	-0.0034976	0	0	0	0	1.26429e-05	-0.0139847	3.75318e-05	-0.0034976	0	0	0	0	1.26429e-05	-0.0139847	
71.5498	3.73675e-05	-0.00348992	0	0	0	0	1.25875e-05	-0.0139539	3.73675e-05	-0.00348992	0	0	0	0	1.25875e-05	-0.0139539	
71.7069	3.72042e-05	-0.00348228	0	0	0	0	1.25326e-05	-0.0139234	3.72042e-05	-0.00348228	0	0	0	0	1.25326e-05	-0.0139234	
71.8639	3.7042e-05	-0.00347467	0	0	0	0	1.2478e-05	-0.013893	3.7042e-05	-0.00347467	0	0	0	0	1.2478e-05	-0.013893	
72.021	3.68807e-05	-0.00346708	0	0	0	0	1.24237e-05	-0.0138627	3.68807e-05	-0.00346708	0	0	0	0	1.24237e-05	-0.0138627	
72.1781	3.67204e-05	-0.00345954	0	0	0	0	1.23697e-05	-0.0138326	3.67204e-05	-0.00345954	0	0	0	0	1.23697e-05	-0.0138326	
72.3352	3.65613e-05	-0.00345202	0	0	0	0	1.23161e-05	-0.0138026	3.65613e-05	-0.00345202	0	0	0	0	1.23161e-05	-0.0138026	
72.4923	3.64029e-05	-0.00344454	0	0	0	0	1.22628e-05	-0.0137727	3.64029e-05	-0.00344454	0	0	0	0	1.22628e-05	-0.0137727	
72.6493	3.62457e-05	-0.00343709	0	0	0	0	1.22098e-05	-0.013743	3.62457e-05	-0.00343709	0	0	0	0	1.22098e-05	-0.013743	
72.8064	3.60895e-05	-0.00342967	0	0	0	0	1.21571e-05	-0.0137133	3.60895e-05	-0.00342967	0	0	0	0	1.21571e-05	-0.0137133	
72.9635	3.59341e-05	-0.00342228	0	0	0	0	1.21048e-05	-0.0136838	3.59341e-05	-0.00342228	0	0	0	0	1.21048e-05	-0.0136838	
73.1206	3.57796e-05	-0.00341494	0	0	0	0	1.20527e-05	-0.0136545	3.57796e-05	-0.00341494	0	0	0	0	1.20527e-05	-0.0136545	
73.2776	3.56262e-05	-0.00340762	0	0	0	0	1.2001e-05	-0.0136253	3.56262e-05	-0.00340762	0	0	0	0	1.2001e-05	-0.0136253	
73.4347	3.54737e-05	-0.00340032	0	0	0	0	1.19496e-05	-0.0135961	3.54737e-05	-0.00340032	0	0	0	0	1.19496e-05	-0.0135961	
73.5918	3.53222e-05	-0.00339307	0	0	0	0	1.18985e-05	-0.0135671	3.53222e-05	-0.00339307	0	0	0	0	1.18985e-05	-0.0135671	
73.7489	3.51715e-05	-0.00338584	0	0	0	0	1.18477e-05	-0.0135382	3.51715e-05	-0.00338584	0	0	0	0	1.18477e-05	-0.0135382	
73.906	3.50219e-05	-0.00337864	0	0	0	0	1.17972e-05	-0.0135095	3.50219e-05	-0.00337864	0	0	0	0	1.17972e-05	-0.0135095	
74.063	3.4873e-05	-0.00337147	0	0	0	0	1.1747e-05	-0.0134809	3.4873e-05	-0.00337147	0	0	0	0	1.1747e-05	-0.0134809	
74.2201	3.47251e-05	-0.00336434	0	0	0	0	1.16971e-05	-0.0134524	3.47251e-05	-0.00336434	0	0	0	0	1.16971e-05	-0.0134524	
74.3772	3.45781e-05	-0.00335723	0	0	0	0	1.16475e-05	-0.013424	3.45781e-05	-0.00335723	0	0	0	0	1.16475e-05	-0.013424	
74.5343	3.44321e-05	-0.00335015	0	0	0	0	1.15983e-05	-0.0133958	3.44321e-05	-0.00335015	0	0	0	0	1.15983e-05	-0.0133958	
74.6914	3.42869e-05	-0.00334311	0	0	0	0	1.15493e-05	-0.0133676	3.42869e-05	-0.00334311	0	0	0	0	1.15493e-05	-0.0133676	
74.8484	3.41425e-05	-0.00333609	0	0	0	0	1.15005e-05	-0.0133396	3.41425e-05	-0.00333609	0	0	0	0	1.15005e-05	-0.0133396	
75.0055	3.3999e-05	-0.0033291	0	0	0	0	1.14521e-05	-0.0133116	3.3999e-05	-0.0033291	0	0	0	0	1.14521e-05	-0.0133116	
75.1626	3.38564e-05	-0.00332214	0	0	0	0	1.1404e-05	-0.0132838	3.38564e-05	-0.00332214	0	0	0	0	1.1404e-05	-0.0132838	
75.3197	3.37146e-05	-0.00331521	0	0	0	0	1.13561e-05	-0.0132562	3.37146e-05	-0.00331521	0	0	0	0	1.13561e-05	-0.0132562	
75.4768	3.35737e-05	-0.00330832	0	0	0	0	1.13085e-05	-0.0132286	3.35737e-05	-0.00330832	0	0	0	0	1.13085e-05	-0.0132286	
75.6338	3.34337e-05	-0.00330145	0	0	0	0	1.12612e-05	-0.0132012	3.34337e-05	-0.00330145	0	0	0	0	1.12612e-05	-0.0132012	
75.7909	3.32944e-05	-0.00329461	0	0	0	0	1.12142e-05	-0.0131738	3.32944e-05	-0.00329461	0	0	0	0	1.12142e-05	-0.0131738	
75.948	3.31559e-05	-0.00328778	0	0	0	0	1.11675e-05	-0.0131466	3.31559e-05	-0.00328778	0	0	0	0	1.11675e-05	-0.0131466	
76.1051	3.30184e-05	-0.003281	0	0	0	0	1.1121e-05	-0.0131195	3.30184e-05	-0.003281	0	0	0	0	1.1121e-05	-0.0131195	
76.2622	3.28817e-05	-0.00327423	0	0	0	0	1.10748e-05	-0.0130925	3.28817e-05	-0.00327423	0	0	0	0	1.10748e-05	-0.0130925	
76.4192	3.27456e-05	-0.00326751	0	0	0	0	1.10288e-05	-0.0130656	3.27456e-05	-0.00326751	0	0	0	0	1.10288e-05	-0.0130656	
76.5763	3.26106e-05	-0.0032608	0	0	0	0	1.09832e-05	-0.0130388	3.26106e-05	-0.0032608	0	0	0	0	1.09832e-05	-0.0130388	
76.7334	3.24761e-05	-0.00325412	0	0	0	0	1.09378e-05	-0.0130122	3.24761e-05	-0.00325412	0	0	0	0	1.09378e-05	-0.0130122	
76.8905	3.23425e-05	-0.00324748	0	0	0	0	1.08926e-05	-0.0129856	3.23425e-05	-0.00324748	0	0	0	0	1.08926e-05	-0.0129856	
77.0476	3.22098e-05	-0.00324085	0	0	0	0	1.08477e-05	-0.0129592	3.22098e-05	-0.00324085	0	0	0	0	1.08477e-05	-0.0129592	
77.2046	3.20779e-05	-0.00323426	0	0	0	0	1.08031e-05	-0.0129328	3.20779e-05	-0.00323426	0	0	0	0	1.08031e-05	-0.0129328	
77.3617	3.19465e-05	-0.00322769	0	0	0	0	1.07588e-05	-0.0129065	3.19465e-05	-0.00322769	0	0	0	0	1.07588e-05	-0.0129065	
77.5188	3.18161e-05	-0.00322115	0	0	0	0	1.07147e-05	-0.0128804	3.18161e-05	-0.00322115	0	0	0	0	1.07147e-05	-0.0128804	
77.6759	3.16866e-05	-0.00321464	0	0	0	0	1.06708e-05	-0.0128544	3.16866e-05	-0.00321464	0	0	0	0	1.06708e-05	-0.0128544	
77.833	3.15575e-05	-0.00320814	0	0	0	0	1.06272e-05	-0.0128285	3.15575e-05	-0.00320814	0	0	0	0	1.06272e-05	-0.0128285	
77.99	3.14294e-05	-0.00320168	0	0	0	0	1.05838e-05	-0.0128027	3.14294e-05	-0.00320168	0	0	0	0	1.05838e-05	-0.0128027	
78.1471	3.13019e-05	-0.00319525	0	0	0	0	1.05407e-05	-0.012777	3.13019e-05	-0.00319525	0	0	0	0	1.05407e-05	-0.012777	
78.3042	3.11751e-05	-0.00318883	0	0	0	0	1.04979e-05	-0.0127513	3.11751e-05	-0.00318883	0	0	0	0	1.04979e-05	-0.0127513	
78.4613	3.10492e-05	-0.00318245	0	0	0	0	1.04552e-05	-0.0127258	3.10492e-05	-0.00318245	0	0	0	0	1.04552e-05	-0.0127258	
