-10	-0.163298	1.62506e-05	-0.165734	9.81403e-05	-0.163298	1.62506e-05	-0.165734	9.81403e-05	
-9.98	-0.163835	1.66545e-05	-0.166294	0.000100587	-0.163835	1.66545e-05	-0.166294	0.000100587	
-9.96	-0.164375	1.70688e-05	-0.166859	0.0001031	-0.164375	1.70688e-05	-0.166859	0.0001031	
-9.94	-0.164919	1.74938e-05	-0.167427	0.000105682	-0.164919	1.74938e-05	-0.167427	0.000105682	
-9.92	-0.165466	1.79298e-05	-0.167999	0.000108334	-0.165466	1.79298e-05	-0.167999	0.000108334	
-9.9	-0.166017	1.83771e-05	-0.168575	0.00011106	-0.166017	1.83771e-05	-0.168575	0.00011106	
-9.88	-0.166572	1.88361e-05	-0.169155	0.000113861	-0.166572	1.88361e-05	-0.169155	0.000113861	
-9.86	-0.16713	1.93071e-05	-0.169739	0.000116739	-0.16713	1.93071e-05	-0.169739	0.000116739	
-9.84	-0.167692	1.97903e-05	-0.170327	0.000119697	-0.167692	1.97903e-05	-0.170327	0.000119697	
-9.82	-0.168258	2.02863e-05	-0.17092	0.000122738	-0.168258	2.02863e-05	-0.17092	0.000122738	
-9.8	-0.168828	2.07953e-05	-0.171516	0.000125863	-0.168828	2.07953e-05	-0.171516	0.000125863	
-9.78	-0.169401	2.13177e-05	-0.172117	0.000129075	-0.169401	2.13177e-05	-0.172117	0.000129075	
-9.76	-0.169979	2.18539e-05	-0.172723	0.000132378	-0.169979	2.18539e-05	-0.172723	0.000132378	
-9.74	-0.170561	2.24044e-05	-0.173332	0.000135773	-0.170561	2.24044e-05	-0.173332	0.000135773	
-9.72	-0.171146	2.29695e-05	-0.173946	0.000139264	-0.171146	2.29695e-05	-0.173946	0.000139264	
-9.7	-0.171736	2.35496e-05	-0.174564	0.000142854	-0.171736	2.35496e-05	-0.174564	0.000142854	
-9.68	-0.172329	2.41452e-05	-0.175187	0.000146545	-0.172329	2.41452e-05	-0.175187	0.000146545	
-9.66	-0.172927	2.47568e-05	-0.175815	0.000150341	-0.172927	2.47568e-05	-0.175815	0.000150341	
-9.64	-0.173529	2.53849e-05	-0.176446	0.000154246	-0.173529	2.53849e-05	-0.176446	0.000154246	
-9.62	-0.174135	2.60298e-05	-0.177083	0.000158262	-0.174135	2.60298e-05	-0.177083	0.000158262	
-9.6	-0.174746	2.66922e-05	-0.177724	0.000162393	-0.174746	2.66922e-05	-0.177724	0.000162393	
-9.58	-0.17536	2.73725e-05	-0.17837	0.000166643	-0.17536	2.73725e-05	-0.17837	0.000166643	
-9.56	-0.175979	2.80713e-05	-0.179021	0.000171015	-0.175979	2.80713e-05	-0.179021	0.000171015	
-9.54	-0.176603	2.87892e-05	-0.179677	0.000175513	-0.176603	2.87892e-05	-0.179677	0.000175513	
-9.52	-0.177231	2.95266e-05	-0.180338	0.000180142	-0.177231	2.95266e-05	-0.180338	0.000180142	
-9.5	-0.177863	3.02842e-05	-0.181003	0.000184906	-0.177863	3.02842e-05	-0.181003	0.000184906	
-9.48	-0.1785	3.10627e-05	-0.181674	0.000189808	-0.1785	3.10627e-05	-0.181674	0.000189808	
-9.46	-0.179142	3.18626e-05	-0.182349	0.000194854	-0.179142	3.18626e-05	-0.182349	0.000194854	
-9.44	-0.179788	3.26846e-05	-0.18303	0.000200047	-0.179788	3.26846e-05	-0.18303	0.000200047	
-9.42	-0.180439	3.35294e-05	-0.183716	0.000205393	-0.180439	3.35294e-05	-0.183716	0.000205393	
-9.4	-0.181094	3.43977e-05	-0.184407	0.000210896	-0.181094	3.43977e-05	-0.184407	0.000210896	
-9.38	-0.181754	3.52901e-05	-0.185104	0.000216562	-0.181754	3.52901e-05	-0.185104	0.000216562	
-9.36	-0.18242	3.62076e-05	-0.185806	0.000222396	-0.18242	3.62076e-05	-0.185806	0.000222396	
-9.34	-0.18309	3.71507e-05	-0.186513	0.000228404	-0.18309	3.71507e-05	-0.186513	0.000228404	
-9.32	-0.183765	3.81203e-05	-0.187226	0.00023459	-0.183765	3.81203e-05	-0.187226	0.00023459	
-9.3	-0.184445	3.91173e-05	-0.187945	0.000240962	-0.184445	3.91173e-05	-0.187945	0.000240962	
-9.28	-0.18513	4.01425e-05	-0.188669	0.000247524	-0.18513	4.01425e-05	-0.188669	0.000247524	
-9.26	-0.18582	4.11968e-05	-0.189398	0.000254283	-0.18582	4.11968e-05	-0.189398	0.000254283	
-9.24	-0.186515	4.22811e-05	-0.190134	0.000261246	-0.186515	4.22811e-05	-0.190134	0.000261246	
-9.22	-0.187216	4.33963e-05	-0.190875	0.00026842	-0.187216	4.33963e-05	-0.190875	0.00026842	
-9.2	-0.187922	4.45434e-05	-0.191623	0.000275811	-0.187922	4.45434e-05	-0.191623	0.000275811	
-9.18	-0.188633	4.57235e-05	-0.192376	0.000283426	-0.188633	4.57235e-05	-0.192376	0.000283426	
-9.16	-0.18935	4.69375e-05	-0.193135	0.000291274	-0.18935	4.69375e-05	-0.193135	0.000291274	
-9.14	-0.190072	4.81866e-05	-0.193901	0.000299361	-0.190072	4.81866e-05	-0.193901	0.000299361	
-9.12	-0.1908	4.94719e-05	-0.194673	0.000307697	-0.1908	4.94719e-05	-0.194673	0.000307697	
-9.1	-0.191533	5.07945e-05	-0.195451	0.000316288	-0.191533	5.07945e-05	-0.195451	0.000316288	
-9.08	-0.192272	5.21557e-05	-0.196235	0.000325144	-0.192272	5.21557e-05	-0.196235	0.000325144	
-9.06	-0.193016	5.35566e-05	-0.197026	0.000334274	-0.193016	5.35566e-05	-0.197026	0.000334274	
-9.04	-0.193767	5.49986e-05	-0.197823	0.000343687	-0.193767	5.49986e-05	-0.197823	0.000343687	
-9.02	-0.194523	5.6483e-05	-0.198627	0.000353392	-0.194523	5.6483e-05	-0.198627	0.000353392	
-9	-0.195285	5.80112e-05	-0.199438	0.0003634	-0.195285	5.80112e-05	-0.199438	0.0003634	
-8.98	-0.196054	5.95846e-05	-0.200255	0.00037372	-0.196054	5.95846e-05	-0.200255	0.00037372	
-8.96	-0.196828	6.12047e-05	-0.201079	0.000384364	-0.196828	6.12047e-05	-0.201079	0.000384364	
-8.94	-0.197608	6.28729e-05	-0.20191	0.000395342	-0.197608	6.28729e-05	-0.20191	0.000395342	
-8.92	-0.198395	6.4591e-05	-0.202748	0.000406666	-0.198395	6.4591e-05	-0.202748	0.000406666	
-8.9	-0.199188	6.63605e-05	-0.203594	0.000418347	-0.199188	6.63605e-05	-0.203594	0.000418347	
-8.88	-0.199987	6.81831e-05	-0.204446	0.000430398	-0.199987	6.81831e-05	-0.204446	0.000430398	
-8.86	-0.200793	7.00605e-05	-0.205306	0.000442832	-0.200793	7.00605e-05	-0.205306	0.000442832	
-8.84	-0.201606	7.19947e-05	-0.206173	0.000455662	-0.201606	7.19947e-05	-0.206173	0.000455662	
-8.82	-0.202424	7.39874e-05	-0.207048	0.000468901	-0.202424	7.39874e-05	-0.207048	0.000468901	
-8.8	-0.20325	7.60406e-05	-0.20793	0.000482564	-0.20325	7.60406e-05	-0.20793	0.000482564	
-8.78	-0.204082	7.81564e-05	-0.20882	0.000496665	-0.204082	7.81564e-05	-0.20882	0.000496665	
-8.76	-0.204922	8.03368e-05	-0.209718	0.000511219	-0.204922	8.03368e-05	-0.209718	0.000511219	
-8.74	-0.205768	8.25839e-05	-0.210623	0.000526243	-0.205768	8.25839e-05	-0.210623	0.000526243	
-8.72	-0.206621	8.49e-05	-0.211537	0.000541753	-0.206621	8.49e-05	-0.211537	0.000541753	
-8.7	-0.207481	8.72874e-05	-0.212459	0.000557765	-0.207481	8.72874e-05	-0.212459	0.000557765	
-8.68	-0.208349	8.97485e-05	-0.213389	0.000574297	-0.208349	8.97485e-05	-0.213389	0.000574297	
-8.66	-0.209223	9.22858e-05	-0.214327	0.000591368	-0.209223	9.22858e-05	-0.214327	0.000591368	
-8.64	-0.210105	9.49018e-05	-0.215274	0.000608996	-0.210105	9.49018e-05	-0.215274	0.000608996	
-8.62	-0.210995	9.75992e-05	-0.216229	0.0006272	-0.210995	9.75992e-05	-0.216229	0.0006272	
-8.6	-0.211892	0.000100381	-0.217193	0.000646002	-0.211892	0.000100381	-0.217193	0.000646002	
-8.58	-0.212797	0.000103249	-0.218165	0.000665422	-0.212797	0.000103249	-0.218165	0.000665422	
-8.56	-0.213709	0.000106207	-0.219147	0.000685482	-0.213709	0.000106207	-0.219147	0.000685482	
-8.54	-0.21463	0.000109259	-0.220137	0.000706204	-0.21463	0.000109259	-0.220137	0.000706204	
-8.52	-0.215558	0.000112406	-0.221137	0.000727612	-0.215558	0.000112406	-0.221137	0.000727612	
-8.5	-0.216494	0.000115652	-0.222146	0.00074973	-0.216494	0.000115652	-0.222146	0.00074973	
-8.48	-0.217439	0.000119001	-0.223164	0.000772583	-0.217439	0.000119001	-0.223164	0.000772583	
-8.46	-0.218392	0.000122456	-0.224192	0.000796197	-0.218392	0.000122456	-0.224192	0.000796197	
-8.44	-0.219353	0.00012602	-0.225229	0.0008206	-0.219353	0.00012602	-0.225229	0.0008206	
-8.42	-0.220322	0.000129698	-0.226276	0.000845818	-0.220322	0.000129698	-0.226276	0.000845818	
-8.4	-0.221301	0.000133493	-0.227333	0.000871881	-0.221301	0.000133493	-0.227333	0.000871881	
-8.38	-0.222288	0.000137408	-0.228401	0.000898819	-0.222288	0.000137408	-0.228401	0.000898819	
-8.36	-0.223283	0.000141449	-0.229478	0.000926663	-0.223283	0.000141449	-0.229478	0.000926663	
-8.34	-0.224288	0.000145618	-0.230565	0.000955445	-0.224288	0.000145618	-0.230565	0.000955445	
-8.32	-0.225302	0.000149921	-0.231664	0.000985199	-0.225302	0.000149921	-0.231664	0.000985199	
-8.3	-0.226325	0.000154362	-0.232772	0.00101596	-0.226325	0.000154362	-0.232772	0.00101596	
-8.28	-0.227357	0.000158944	-0.233892	0.00104776	-0.227357	0.000158944	-0.233892	0.00104776	
-8.26	-0.228399	0.000163673	-0.235022	0.00108064	-0.228399	0.000163673	-0.235022	0.00108064	
-8.24	-0.22945	0.000168554	-0.236163	0.00111463	-0.22945	0.000168554	-0.236163	0.00111463	
-8.22	-0.230511	0.000173591	-0.237316	0.00114978	-0.230511	0.000173591	-0.237316	0.00114978	
-8.2	-0.231581	0.000178789	-0.23848	0.00118613	-0.231581	0.000178789	-0.23848	0.00118613	
-8.18	-0.232662	0.000184154	-0.239656	0.00122372	-0.232662	0.000184154	-0.239656	0.00122372	
-8.16	-0.233752	0.00018969	-0.240843	0.00126258	-0.233752	0.00018969	-0.240843	0.00126258	
-8.14	-0.234853	0.000195403	-0.242042	0.00130278	-0.234853	0.000195403	-0.242042	0.00130278	
-8.12	-0.235965	0.000201298	-0.243253	0.00134435	-0.235965	0.000201298	-0.243253	0.00134435	
-8.1	-0.237086	0.000207381	-0.244476	0.00138735	-0.237086	0.000207381	-0.244476	0.00138735	
-8.08	-0.238219	0.000213657	-0.245712	0.00143181	-0.238219	0.000213657	-0.245712	0.00143181	
-8.06	-0.239362	0.000220131	-0.24696	0.0014778	-0.239362	0.000220131	-0.24696	0.0014778	
-8.04	-0.240516	0.00022681	-0.248221	0.00152537	-0.240516	0.00022681	-0.248221	0.00152537	
-8.02	-0.241681	0.000233699	-0.249495	0.00157456	-0.241681	0.000233699	-0.249495	0.00157456	
-8	-0.242857	0.000240804	-0.250782	0.00162545	-0.242857	0.000240804	-0.250782	0.00162545	
-7.98	-0.244045	0.000248131	-0.252082	0.00167808	-0.244045	0.000248131	-0.252082	0.00167808	
-7.96	-0.245245	0.000255684	-0.253396	0.00173252	-0.245245	0.000255684	-0.253396	0.00173252	
-7.94	-0.246456	0.000263471	-0.254723	0.00178883	-0.246456	0.000263471	-0.254723	0.00178883	
-7.92	-0.247679	0.000271496	-0.256064	0.00184707	-0.247679	0.000271496	-0.256064	0.00184707	
-7.9	-0.248914	0.000279765	-0.25742	0.0019073	-0.248914	0.000279765	-0.25742	0.0019073	
-7.88	-0.250161	0.000288283	-0.258789	0.0019696	-0.250161	0.000288283	-0.258789	0.0019696	
-7.86	-0.251421	0.000297055	-0.260173	0.00203404	-0.251421	0.000297055	-0.260173	0.00203404	
-7.84	-0.252693	0.000306087	-0.261572	0.00210068	-0.252693	0.000306087	-0.261572	0.00210068	
-7.82	-0.253978	0.000315382	-0.262985	0.0021696	-0.253978	0.000315382	-0.262985	0.0021696	
-7.8	-0.255276	0.000324945	-0.264413	0.00224088	-0.255276	0.000324945	-0.264413	0.00224088	
-7.78	-0.256587	0.00033478	-0.265857	0.00231458	-0.256587	0.00033478	-0.265857	0.00231458	
-7.76	-0.257911	0.00034489	-0.267316	0.0023908	-0.257911	0.00034489	-0.267316	0.0023908	
-7.74	-0.259249	0.000355278	-0.268791	0.00246961	-0.259249	0.000355278	-0.268791	0.00246961	
-7.72	-0.2606	0.000365945	-0.270282	0.00255109	-0.2606	0.000365945	-0.270282	0.00255109	
-7.7	-0.261966	0.000376894	-0.271789	0.00263534	-0.261966	0.000376894	-0.271789	0.00263534	
-7.68	-0.263346	0.000388125	-0.273313	0.00272243	-0.263346	0.000388125	-0.273313	0.00272243	
-7.66	-0.264739	0.000399636	-0.274853	0.00281246	-0.264739	0.000399636	-0.274853	0.00281246	
-7.64	-0.266148	0.000411427	-0.27641	0.00290551	-0.266148	0.000411427	-0.27641	0.00290551	
-7.62	-0.267571	0.000423495	-0.277984	0.00300169	-0.267571	0.000423495	-0.277984	0.00300169	
-7.6	-0.269009	0.000435836	-0.279575	0.00310108	-0.269009	0.000435836	-0.279575	0.00310108	
-7.58	-0.270462	0.000448444	-0.281184	0.00320377	-0.270462	0.000448444	-0.281184	0.00320377	
-7.56	-0.271931	0.000461311	-0.28281	0.00330987	-0.271931	0.000461311	-0.28281	0.00330987	
-7.54	-0.273415	0.000474428	-0.284455	0.00341948	-0.273415	0.000474428	-0.284455	0.00341948	
-7.52	-0.274915	0.000487785	-0.286118	0.0035327	-0.274915	0.000487785	-0.286118	0.0035327	
-7.5	-0.276432	0.000501367	-0.287799	0.00364962	-0.276432	0.000501367	-0.287799	0.00364962	
-7.48	-0.277964	0.00051516	-0.289499	0.00377035	-0.277964	0.00051516	-0.289499	0.00377035	
-7.46	-0.279513	0.000529143	-0.291219	0.00389499	-0.279513	0.000529143	-0.291219	0.00389499	
-7.44	-0.28108	0.000543297	-0.292957	0.00402366	-0.28108	0.000543297	-0.292957	0.00402366	
-7.42	-0.282663	0.000557597	-0.294715	0.00415644	-0.282663	0.000557597	-0.294715	0.00415644	
-7.4	-0.284263	0.000572015	-0.296493	0.00429346	-0.284263	0.000572015	-0.296493	0.00429346	
-7.38	-0.285882	0.00058652	-0.298291	0.00443481	-0.285882	0.00058652	-0.298291	0.00443481	
-7.36	-0.287518	0.000601078	-0.30011	0.0045806	-0.287518	0.000601078	-0.30011	0.0045806	
-7.34	-0.289172	0.00061565	-0.301949	0.00473094	-0.289172	0.00061565	-0.301949	0.00473094	
-7.32	-0.290845	0.000630194	-0.303809	0.00488594	-0.290845	0.000630194	-0.303809	0.00488594	
-7.3	-0.292537	0.000644663	-0.30569	0.00504569	-0.292537	0.000644663	-0.30569	0.00504569	
-7.28	-0.294248	0.000659007	-0.307593	0.00521031	-0.294248	0.000659007	-0.307593	0.00521031	
-7.26	-0.295978	0.00067317	-0.309518	0.00537989	-0.295978	0.00067317	-0.309518	0.00537989	
-7.24	-0.297729	0.000687093	-0.311464	0.00555455	-0.297729	0.000687093	-0.311464	0.00555455	
-7.22	-0.299499	0.000700712	-0.313433	0.00573437	-0.299499	0.000700712	-0.313433	0.00573437	
-7.2	-0.30129	0.000713959	-0.315425	0.00591946	-0.30129	0.000713959	-0.315425	0.00591946	
-7.18	-0.303102	0.000726761	-0.31744	0.00610992	-0.303102	0.000726761	-0.31744	0.00610992	
-7.16	-0.304936	0.000739042	-0.319478	0.00630583	-0.304936	0.000739042	-0.319478	0.00630583	
-7.14	-0.306791	0.000750721	-0.321539	0.0065073	-0.306791	0.000750721	-0.321539	0.0065073	
-7.12	-0.308668	0.000761715	-0.323625	0.0067144	-0.308668	0.000761715	-0.323625	0.0067144	
-7.1	-0.310568	0.000771937	-0.325735	0.00692722	-0.310568	0.000771937	-0.325735	0.00692722	
-7.08	-0.31249	0.000781298	-0.32787	0.00714585	-0.31249	0.000781298	-0.32787	0.00714585	
-7.06	-0.314437	0.000789707	-0.330029	0.00737035	-0.314437	0.000789707	-0.330029	0.00737035	
-7.04	-0.316407	0.000797071	-0.332214	0.0076008	-0.316407	0.000797071	-0.332214	0.0076008	
-7.02	-0.318402	0.000803298	-0.334425	0.00783726	-0.318402	0.000803298	-0.334425	0.00783726	
-7	-0.320422	0.000808294	-0.336662	0.0080798	-0.320422	0.000808294	-0.336662	0.0080798	
-6.98	-0.322467	0.00081197	-0.338925	0.00832848	-0.322467	0.00081197	-0.338925	0.00832848	
-6.96	-0.324539	0.000814234	-0.341216	0.00858334	-0.324539	0.000814234	-0.341216	0.00858334	
-6.94	-0.326638	0.000815002	-0.343533	0.00884444	-0.326638	0.000815002	-0.343533	0.00884444	
-6.92	-0.328763	0.000814191	-0.345879	0.0091118	-0.328763	0.000814191	-0.345879	0.0091118	
-6.9	-0.330917	0.000811724	-0.348253	0.00938546	-0.330917	0.000811724	-0.348253	0.00938546	
-6.88	-0.3331	0.00080753	-0.350655	0.00966546	-0.3331	0.00080753	-0.350655	0.00966546	
-6.86	-0.335312	0.000801545	-0.353087	0.0099518	-0.335312	0.000801545	-0.353087	0.0099518	
-6.84	-0.337554	0.000793713	-0.355548	0.0102445	-0.337554	0.000793713	-0.355548	0.0102445	
-6.82	-0.339828	0.000783986	-0.358039	0.0105436	-0.339828	0.000783986	-0.358039	0.0105436	
-6.8	-0.342132	0.000772324	-0.360562	0.010849	-0.342132	0.000772324	-0.360562	0.010849	
-6.78	-0.344469	0.000758698	-0.363115	0.0111609	-0.344469	0.000758698	-0.363115	0.0111609	
-6.76	-0.34684	0.000743088	-0.365701	0.011479	-0.34684	0.000743088	-0.365701	0.011479	
-6.74	-0.349244	0.000725485	-0.368318	0.0118035	-0.349244	0.000725485	-0.368318	0.0118035	
-6.72	-0.351683	0.000705889	-0.37097	0.0121344	-0.351683	0.000705889	-0.37097	0.0121344	
-6.7	-0.354158	0.000684308	-0.373654	0.0124715	-0.354158	0.000684308	-0.373654	0.0124715	
-6.68	-0.356669	0.000660764	-0.376374	0.0128148	-0.356669	0.000660764	-0.376374	0.0128148	
-6.66	-0.359218	0.000635283	-0.379128	0.0131644	-0.359218	0.000635283	-0.379128	0.0131644	
-6.64	-0.361805	0.000607903	-0.381919	0.0135202	-0.361805	0.000607903	-0.381919	0.0135202	
-6.62	-0.364431	0.000578668	-0.384746	0.0138821	-0.364431	0.000578668	-0.384746	0.0138821	
-6.6	-0.367098	0.000547628	-0.387611	0.01425	-0.367098	0.000547628	-0.387611	0.01425	
-6.58	-0.369806	0.000514841	-0.390514	0.014624	-0.369806	0.000514841	-0.390514	0.014624	
-6.56	-0.372556	0.000480367	-0.393457	0.015004	-0.372556	0.000480367	-0.393457	0.015004	
-6.54	-0.375349	0.000444272	-0.39644	0.0153899	-0.375349	0.000444272	-0.39644	0.0153899	
-6.52	-0.378186	0.000406623	-0.399464	0.0157816	-0.378186	0.000406623	-0.399464	0.0157816	
-6.5	-0.381069	0.00036749	-0.40253	0.0161792	-0.381069	0.00036749	-0.40253	0.0161792	
-6.48	-0.383997	0.000326944	-0.40564	0.0165825	-0.383997	0.000326944	-0.40564	0.0165825	
-6.46	-0.386974	0.000285054	-0.408794	0.0169916	-0.386974	0.000285054	-0.408794	0.0169916	
-6.44	-0.389998	0.000241888	-0.411994	0.0174063	-0.389998	0.000241888	-0.411994	0.0174063	
-6.42	-0.393072	0.000197513	-0.41524	0.0178267	-0.393072	0.000197513	-0.41524	0.0178267	
-6.4	-0.396198	0.000151994	-0.418535	0.0182526	-0.396198	0.000151994	-0.418535	0.0182526	
-6.38	-0.399375	0.000105389	-0.421879	0.0186842	-0.399375	0.000105389	-0.421879	0.0186842	
-6.36	-0.402605	5.77562e-05	-0.425274	0.0191213	-0.402605	5.77562e-05	-0.425274	0.0191213	
-6.34	-0.40589	9.14594e-06	-0.428721	0.0195639	-0.40589	9.14594e-06	-0.428721	0.0195639	
-6.32	-0.40923	-4.03949e-05	-0.432221	0.0200121	-0.40923	-4.03949e-05	-0.432221	0.0200121	
-6.3	-0.412628	-9.08251e-05	-0.435777	0.0204658	-0.412628	-9.08251e-05	-0.435777	0.0204658	
-6.28	-0.416084	-0.000142109	-0.439389	0.020925	-0.416084	-0.000142109	-0.439389	0.020925	
-6.26	-0.419601	-0.000194217	-0.44306	0.0213899	-0.419601	-0.000194217	-0.44306	0.0213899	
-6.24	-0.423178	-0.000247124	-0.446791	0.0218605	-0.423178	-0.000247124	-0.446791	0.0218605	
-6.22	-0.426819	-0.000300814	-0.450584	0.0223367	-0.426819	-0.000300814	-0.450584	0.0223367	
-6.2	-0.430524	-0.000355273	-0.454441	0.0228187	-0.430524	-0.000355273	-0.454441	0.0228187	
-6.18	-0.434296	-0.000410497	-0.458364	0.0233066	-0.434296	-0.000410497	-0.458364	0.0233066	
-6.16	-0.438135	-0.000466485	-0.462354	0.0238005	-0.438135	-0.000466485	-0.462354	0.0238005	
-6.14	-0.442044	-0.000523242	-0.466414	0.0243006	-0.442044	-0.000523242	-0.466414	0.0243006	
-6.12	-0.446024	-0.000580782	-0.470546	0.0248069	-0.446024	-0.000580782	-0.470546	0.0248069	
-6.1	-0.450078	-0.000639121	-0.474753	0.0253197	-0.450078	-0.000639121	-0.474753	0.0253197	
-6.08	-0.454207	-0.000698282	-0.479035	0.0258391	-0.454207	-0.000698282	-0.479035	0.0258391	
-6.06	-0.458414	-0.000758295	-0.483397	0.0263653	-0.458414	-0.000758295	-0.483397	0.0263653	
-6.04	-0.4627	-0.000819192	-0.48784	0.0268987	-0.4627	-0.000819192	-0.48784	0.0268987	
-6.02	-0.467067	-0.000881015	-0.492368	0.0274394	-0.467067	-0.000881015	-0.492368	0.0274394	
-6	-0.471519	-0.000943808	-0.496982	0.0279877	-0.471519	-0.000943808	-0.496982	0.0279877	
-5.98	-0.476056	-0.00100762	-0.501685	0.028544	-0.476056	-0.00100762	-0.501685	0.028544	
-5.96	-0.480683	-0.00107251	-0.506481	0.0291086	-0.480683	-0.00107251	-0.506481	0.0291086	
-5.94	-0.485401	-0.00113853	-0.511373	0.0296818	-0.485401	-0.00113853	-0.511373	0.0296818	
-5.92	-0.490213	-0.00120576	-0.516363	0.0302641	-0.490213	-0.00120576	-0.516363	0.0302641	
-5.9	-0.495122	-0.00127425	-0.521454	0.0308559	-0.495122	-0.00127425	-0.521454	0.0308559	
-5.88	-0.50013	-0.0013441	-0.526651	0.0314575	-0.50013	-0.0013441	-0.526651	0.0314575	
-5.86	-0.505241	-0.00141537	-0.531957	0.0320696	-0.505241	-0.00141537	-0.531957	0.0320696	
-5.84	-0.510458	-0.00148817	-0.537375	0.0326927	-0.510458	-0.00148817	-0.537375	0.0326927	
-5.82	-0.515784	-0.00156257	-0.54291	0.0333272	-0.515784	-0.00156257	-0.54291	0.0333272	
-5.8	-0.521223	-0.00163869	-0.548564	0.0339738	-0.521223	-0.00163869	-0.548564	0.0339738	
-5.78	-0.526778	-0.00171662	-0.554343	0.0346331	-0.526778	-0.00171662	-0.554343	0.0346331	
-5.76	-0.532453	-0.00179647	-0.56025	0.0353057	-0.532453	-0.00179647	-0.56025	0.0353057	
-5.74	-0.538251	-0.00187836	-0.56629	0.0359925	-0.538251	-0.00187836	-0.56629	0.0359925	
-5.72	-0.544178	-0.00196243	-0.572468	0.036694	-0.544178	-0.00196243	-0.572468	0.036694	
-5.7	-0.550236	-0.00204879	-0.578789	0.0374112	-0.550236	-0.00204879	-0.578789	0.0374112	
-5.68	-0.556431	-0.0021376	-0.585257	0.0381449	-0.556431	-0.0021376	-0.585257	0.0381449	
-5.66	-0.562767	-0.00222899	-0.591878	0.0388959	-0.562767	-0.00222899	-0.591878	0.0388959	
-5.64	-0.569249	-0.00232312	-0.598658	0.0396653	-0.569249	-0.00232312	-0.598658	0.0396653	
-5.62	-0.575882	-0.00242017	-0.605603	0.0404539	-0.575882	-0.00242017	-0.605603	0.0404539	
-5.6	-0.582671	-0.0025203	-0.612717	0.0412629	-0.582671	-0.0025203	-0.612717	0.0412629	
-5.58	-0.589623	-0.0026237	-0.620009	0.0420934	-0.589623	-0.0026237	-0.620009	0.0420934	
-5.56	-0.596742	-0.00273057	-0.627484	0.0429466	-0.596742	-0.00273057	-0.627484	0.0429466	
-5.54	-0.604036	-0.00284112	-0.63515	0.0438237	-0.604036	-0.00284112	-0.63515	0.0438237	
-5.52	-0.611509	-0.00295558	-0.643013	0.0447261	-0.611509	-0.00295558	-0.643013	0.0447261	
-5.5	-0.61917	-0.00307417	-0.651083	0.0456551	-0.61917	-0.00307417	-0.651083	0.0456551	
-5.48	-0.627026	-0.00319716	-0.659366	0.0466124	-0.627026	-0.00319716	-0.659366	0.0466124	
-5.46	-0.635083	-0.00332481	-0.667871	0.0475995	-0.635083	-0.00332481	-0.667871	0.0475995	
-5.44	-0.64335	-0.0034574	-0.676608	0.0486181	-0.64335	-0.0034574	-0.676608	0.0486181	
-5.42	-0.651835	-0.00359525	-0.685586	0.0496699	-0.651835	-0.00359525	-0.685586	0.0496699	
-5.4	-0.660546	-0.00373868	-0.694814	0.050757	-0.660546	-0.00373868	-0.694814	0.050757	
-5.38	-0.669494	-0.00388803	-0.704304	0.0518814	-0.669494	-0.00388803	-0.704304	0.0518814	
-5.36	-0.678687	-0.00404368	-0.714066	0.0530452	-0.678687	-0.00404368	-0.714066	0.0530452	
-5.34	-0.688136	-0.00420604	-0.724113	0.0542508	-0.688136	-0.00420604	-0.724113	0.0542508	
-5.32	-0.697852	-0.00437553	-0.734456	0.0555007	-0.697852	-0.00437553	-0.734456	0.0555007	
-5.3	-0.707846	-0.0045526	-0.74511	0.0567975	-0.707846	-0.0045526	-0.74511	0.0567975	
-5.28	-0.718131	-0.00473776	-0.756087	0.0581441	-0.718131	-0.00473776	-0.756087	0.0581441	
-5.26	-0.728718	-0.00493154	-0.767403	0.0595435	-0.728718	-0.00493154	-0.767403	0.0595435	
-5.24	-0.739623	-0.00513451	-0.779073	0.0609991	-0.739623	-0.00513451	-0.779073	0.0609991	
-5.22	-0.750858	-0.00534729	-0.791115	0.0625143	-0.750858	-0.00534729	-0.791115	0.0625143	
-5.2	-0.762441	-0.00557054	-0.803545	0.064093	-0.762441	-0.00557054	-0.803545	0.064093	
-5.18	-0.774386	-0.00580499	-0.816384	0.0657392	-0.774386	-0.00580499	-0.816384	0.0657392	
-5.16	-0.786712	-0.00605142	-0.82965	0.0674573	-0.786712	-0.00605142	-0.82965	0.0674573	
-5.14	-0.799436	-0.00631067	-0.843366	0.069252	-0.799436	-0.00631067	-0.843366	0.069252	
-5.12	-0.812578	-0.00658366	-0.857554	0.0711286	-0.812578	-0.00658366	-0.857554	0.0711286	
-5.1	-0.82616	-0.0068714	-0.872239	0.0730926	-0.82616	-0.0068714	-0.872239	0.0730926	
-5.08	-0.840204	-0.00717496	-0.887448	0.07515	-0.840204	-0.00717496	-0.887448	0.07515	
-5.06	-0.854733	-0.00749553	-0.903208	0.0773074	-0.854733	-0.00749553	-0.903208	0.0773074	
-5.04	-0.869774	-0.0078344	-0.919549	0.0795719	-0.869774	-0.0078344	-0.919549	0.0795719	
-5.02	-0.885354	-0.00819298	-0.936505	0.0819514	-0.885354	-0.00819298	-0.936505	0.0819514	
-5	-0.901502	-0.00857282	-0.95411	0.0844543	-0.901502	-0.00857282	-0.95411	0.0844543	
-4.98	-0.918251	-0.00897561	-0.972402	0.0870899	-0.918251	-0.00897561	-0.972402	0.0870899	
-4.96	-0.935634	-0.0094032	-0.991421	0.0898683	-0.935634	-0.0094032	-0.991421	0.0898683	
-4.94	-0.953687	-0.00985766	-1.01121	0.0928009	-0.953687	-0.00985766	-1.01121	0.0928009	
-4.92	-0.972451	-0.0103412	-1.03182	0.0958999	-0.972451	-0.0103412	-1.03182	0.0958999	
-4.9	-0.991969	-0.0108564	-1.0533	0.0991788	-0.991969	-0.0108564	-1.0533	0.0991788	
-4.88	-1.01229	-0.0114059	-1.0757	0.102653	-1.01229	-0.0114059	-1.0757	0.102653	
-4.86	-1.03345	-0.0119928	-1.09909	0.106338	-1.03345	-0.0119928	-1.09909	0.106338	
-4.84	-1.05553	-0.0126206	-1.12354	0.110253	-1.05553	-0.0126206	-1.12354	0.110253	
-4.82	-1.07856	-0.0132929	-1.1491	0.114419	-1.07856	-0.0132929	-1.1491	0.114419	
-4.8	-1.10263	-0.014014	-1.17587	0.118858	-1.10263	-0.014014	-1.17587	0.118858	
-4.78	-1.12779	-0.0147886	-1.20393	0.123595	-1.12779	-0.0147886	-1.20393	0.123595	
-4.76	-1.15413	-0.015622	-1.23338	0.12866	-1.15413	-0.015622	-1.23338	0.12866	
-4.74	-1.18172	-0.0165202	-1.26431	0.134085	-1.18172	-0.0165202	-1.26431	0.134085	
-4.72	-1.21067	-0.0174897	-1.29685	0.139904	-1.21067	-0.0174897	-1.29685	0.139904	
-4.7	-1.24108	-0.0185382	-1.33111	0.146161	-1.24108	-0.0185382	-1.33111	0.146161	
-4.68	-1.27305	-0.0196743	-1.36725	0.152901	-1.27305	-0.0196743	-1.36725	0.152901	
-4.66	-1.30672	-0.0209077	-1.40541	0.160177	-1.30672	-0.0209077	-1.40541	0.160177	
-4.64	-1.34221	-0.0222495	-1.44578	0.16805	-1.34221	-0.0222495	-1.44578	0.16805	
-4.62	-1.37969	-0.0237124	-1.48854	0.176589	-1.37969	-0.0237124	-1.48854	0.176589	
-4.6	-1.41931	-0.0253111	-1.53392	0.185874	-1.41931	-0.0253111	-1.53392	0.185874	
-4.58	-1.46129	-0.0270625	-1.58215	0.195998	-1.46129	-0.0270625	-1.58215	0.195998	
-4.56	-1.50582	-0.0289859	-1.63352	0.207068	-1.50582	-0.0289859	-1.63352	0.207068	
-4.54	-1.55315	-0.0311042	-1.68833	0.219211	-1.55315	-0.0311042	-1.68833	0.219211	
-4.52	-1.60356	-0.0334439	-1.74695	0.232573	-1.60356	-0.0334439	-1.74695	0.232573	
-4.5	-1.65734	-0.0360359	-1.80978	0.247328	-1.65734	-0.0360359	-1.80978	0.247328	
-4.48	-1.71486	-0.0389172	-1.87728	0.263684	-1.71486	-0.0389172	-1.87728	0.263684	
-4.46	-1.77651	-0.042131	-1.94999	0.281887	-1.77651	-0.042131	-1.94999	0.281887	
-4.44	-1.84277	-0.0457295	-2.02853	0.302234	-1.84277	-0.0457295	-2.02853	0.302234	
-4.42	-1.91415	-0.0497749	-2.11362	0.325085	-1.91415	-0.0497749	-2.11362	0.325085	
-4.4	-1.99129	-0.0543427	-2.20609	0.35088	-1.99129	-0.0543427	-2.20609	0.35088	
-4.38	-2.0749	-0.0595244	-2.30693	0.38016	-2.0749	-0.0595244	-2.30693	0.38016	
-4.36	-2.16583	-0.0654329	-2.41732	0.413597	-2.16583	-0.0654329	-2.41732	0.413597	
-4.34	-2.26509	-0.0722073	-2.53865	0.452034	-2.26509	-0.0722073	-2.53865	0.452034	
-4.32	-2.37389	-0.0800217	-2.67258	0.496544	-2.37389	-0.0800217	-2.67258	0.496544	
-4.3	-2.49364	-0.0890959	-2.82112	0.5485	-2.49364	-0.0890959	-2.82112	0.5485	
-4.28	-2.62611	-0.0997099	-2.98674	0.60969	-2.62611	-0.0997099	-2.98674	0.60969	
-4.26	-2.77341	-0.112226	-3.17243	0.682475	-2.77341	-0.112226	-3.17243	0.682475	
-4.24	-2.9382	-0.127117	-3.38191	0.770018	-2.9382	-0.127117	-3.38191	0.770018	
-4.22	-3.12375	-0.145014	-3.61982	0.876634	-3.12375	-0.145014	-3.61982	0.876634	
-4.2	-3.33425	-0.166767	-3.89197	1.00833	-3.33425	-0.166767	-3.89197	1.00833	
-4.18	-3.57507	-0.19355	-4.20568	1.17364	-3.57507	-0.19355	-4.20568	1.17364	
-4.16	-3.85325	-0.227012	-4.57023	1.38502	-3.85325	-0.227012	-4.57023	1.38502	
-4.14	-4.17815	-0.269534	-4.99721	1.66111	-4.17815	-0.269534	-4.99721	1.66111	
-4.12	-4.56255	-0.324652	-5.50077	2.03065	-4.56255	-0.324652	-5.50077	2.03065	
-4.1	-5.02429	-0.397794	-6.0969	2.53946	-5.02429	-0.397794	-6.0969	2.53946	
-4.08	-5.58907	-0.497629	-6.79953	3.26297	-5.58907	-0.497629	-6.79953	3.26297	
-4.06	-6.29523	-0.638686	-7.60704	4.32878	-6.29523	-0.638686	-7.60704	4.32878	
-4.04	-7.20245	-0.846788	-8.45889	5.95393	-7.20245	-0.846788	-8.45889	5.95393	
-4.02	-8.40847	-1.17135	-9.1059	8.48268	-8.40847	-1.17135	-9.1059	8.48268	
-4	-10.0837	-1.71643	-8.77856	12.2793	-10.0837	-1.71643	-8.77856	12.2793	
-3.98	-12.5482	-2.73105	-5.80721	16.8657	-12.5482	-2.73105	-5.80721	16.8657	
-3.96	-16.4454	-4.92722	0.748134	19.1593	-16.4454	-4.92722	0.748134	19.1593	
-3.94	-22.9733	-10.9201	7.15401	16.4066	-22.9733	-10.9201	7.15401	16.4066	
-3.92	-29.1561	-32.6577	9.80502	11.5681	-29.1561	-32.6577	9.80502	11.5681	
-3.9	15.7965	-53.4595	9.83285	7.71395	15.7965	-53.4595	9.83285	7.71395	
-3.88	26.8319	-18.3632	8.96997	5.21984	26.8319	-18.3632	8.96997	5.21984	
-3.86	19.0785	-7.32528	7.97319	3.65733	19.0785	-7.32528	7.97319	3.65733	
-3.84	14.137	-3.79464	7.06844	2.65642	14.137	-3.79464	7.06844	2.65642	
-3.82	11.112	-2.30324	6.29902	1.99184	11.112	-2.30324	6.29902	1.99184	
-3.8	9.11974	-1.54532	5.65571	1.53427	9.11974	-1.54532	5.65571	1.53427	
-3.78	7.72073	-1.10981	5.11784	1.20868	7.72073	-1.10981	5.11784	1.20868	
-3.76	6.6883	-0.837028	4.66528	0.970237	6.6883	-0.837028	4.66528	0.970237	
-3.74	5.89664	-0.654979	4.2812	0.791209	5.89664	-0.654979	4.2812	0.791209	
-3.72	5.27104	-0.527431	3.95227	0.653865	5.27104	-0.527431	3.95227	0.653865	
-3.7	4.76456	-0.434576	3.66806	0.546512	4.76456	-0.434576	3.66806	0.546512	
-3.68	4.34632	-0.36485	3.42043	0.461221	4.34632	-0.36485	3.42043	0.461221	
-3.66	3.99521	-0.311135	3.203	0.392482	3.99521	-0.311135	3.203	0.392482	
-3.64	3.69635	-0.268858	3.01073	0.336379	3.69635	-0.268858	3.01073	0.336379	
-3.62	3.43891	-0.234972	2.83962	0.290072	3.43891	-0.234972	2.83962	0.290072	
-3.6	3.21486	-0.207382	2.68642	0.251468	3.21486	-0.207382	2.68642	0.251468	
-3.58	3.01813	-0.184609	2.54853	0.218993	3.01813	-0.184609	2.54853	0.218993	
-3.56	2.84401	-0.165586	2.42379	0.191454	2.84401	-0.165586	2.42379	0.191454	
-3.54	2.68882	-0.149526	2.31044	0.167927	2.68882	-0.149526	2.31044	0.167927	
-3.52	2.54965	-0.13584	2.207	0.147693	2.54965	-0.13584	2.207	0.147693	
-3.5	2.42413	-0.124078	2.11226	0.130186	2.42413	-0.124078	2.11226	0.130186	
-3.48	2.31037	-0.113892	2.02516	0.114952	2.31037	-0.113892	2.02516	0.114952	
-3.46	2.20677	-0.10501	1.94484	0.101629	2.20677	-0.10501	1.94484	0.101629	
-3.44	2.11204	-0.0972166	1.87053	0.0899213	2.11204	-0.0972166	1.87053	0.0899213	
-3.42	2.02509	-0.090339	1.80158	0.0795879	2.02509	-0.090339	1.80158	0.0795879	
-3.4	1.945	-0.0842378	1.73745	0.0704305	1.945	-0.0842378	1.73745	0.0704305	
-3.38	1.87098	-0.0787991	1.67765	0.0622844	1.87098	-0.0787991	1.67765	0.0622844	
-3.36	1.80238	-0.0739294	1.62176	0.0550124	1.80238	-0.0739294	1.62176	0.0550124	
-3.34	1.73862	-0.0695513	1.5694	0.0484994	1.73862	-0.0695513	1.5694	0.0484994	
-3.32	1.6792	-0.0656	1.52026	0.0426482	1.6792	-0.0656	1.52026	0.0426482	
-3.3	1.6237	-0.0620214	1.47405	0.0373763	1.6237	-0.0620214	1.47405	0.0373763	
-3.28	1.57174	-0.0587694	1.43051	0.0326135	1.57174	-0.0587694	1.43051	0.0326135	
-3.26	1.523	-0.0558053	1.38942	0.0282997	1.523	-0.0558053	1.38942	0.0282997	
-3.24	1.47718	-0.0530956	1.35058	0.0243831	1.47718	-0.0530956	1.35058	0.0243831	
-3.22	1.43402	-0.0506119	1.31381	0.020819	1.43402	-0.0506119	1.31381	0.020819	
-3.2	1.39331	-0.0483295	1.27895	0.0175688	1.39331	-0.0483295	1.27895	0.0175688	
-3.18	1.35484	-0.046227	1.24585	0.0145988	1.35484	-0.046227	1.24585	0.0145988	
-3.16	1.31844	-0.044286	1.21439	0.0118795	1.31844	-0.044286	1.21439	0.0118795	
-3.14	1.28393	-0.0424903	1.18444	0.00938538	1.28393	-0.0424903	1.18444	0.00938538	
-3.12	1.25117	-0.0408257	1.1559	0.00709369	1.25117	-0.0408257	1.1559	0.00709369	
-3.1	1.22004	-0.0392796	1.12867	0.00498453	1.22004	-0.0392796	1.12867	0.00498453	
-3.08	1.19042	-0.0378411	1.10267	0.0030403	1.19042	-0.0378411	1.10267	0.0030403	
-3.06	1.16219	-0.0365005	1.07781	0.00124541	1.16219	-0.0365005	1.07781	0.00124541	
-3.04	1.13527	-0.0352491	1.05401	-0.00041399	1.13527	-0.0352491	1.05401	-0.00041399	
-3.02	1.10957	-0.0340791	1.03122	-0.00195025	1.10957	-0.0340791	1.03122	-0.00195025	
-3	1.08499	-0.0329838	1.00937	-0.00337438	1.08499	-0.0329838	1.00937	-0.00337438	
-2.98	1.06148	-0.031957	0.988393	-0.00469622	1.06148	-0.031957	0.988393	-0.00469622	
-2.96	1.03896	-0.0309932	0.968251	-0.00592462	1.03896	-0.0309932	0.968251	-0.00592462	
-2.94	1.01737	-0.0300873	0.948889	-0.00706751	1.01737	-0.0300873	0.948889	-0.00706751	
-2.92	0.996663	-0.029235	0.930264	-0.00813204	0.996663	-0.029235	0.930264	-0.00813204	
-2.9	0.976775	-0.0284322	0.912333	-0.00912466	0.976775	-0.0284322	0.912333	-0.00912466	
-2.88	0.957661	-0.0276752	0.895059	-0.0100512	0.957661	-0.0276752	0.895059	-0.0100512	
-2.86	0.939278	-0.0269607	0.878405	-0.0109169	0.939278	-0.0269607	0.878405	-0.0109169	
-2.84	0.921584	-0.0262857	0.86234	-0.0117266	0.921584	-0.0262857	0.86234	-0.0117266	
-2.82	0.904541	-0.0256475	0.846831	-0.0124846	0.904541	-0.0256475	0.846831	-0.0124846	
-2.8	0.888115	-0.0250436	0.831851	-0.0131948	0.888115	-0.0250436	0.831851	-0.0131948	
-2.78	0.872272	-0.0244716	0.817372	-0.013861	0.872272	-0.0244716	0.817372	-0.013861	
-2.76	0.856981	-0.0239295	0.80337	-0.0144863	0.856981	-0.0239295	0.80337	-0.0144863	
-2.74	0.842215	-0.0234154	0.789821	-0.0150738	0.842215	-0.0234154	0.789821	-0.0150738	
-2.72	0.827946	-0.0229275	0.776704	-0.0156263	0.827946	-0.0229275	0.776704	-0.0156263	
-2.7	0.814151	-0.0224641	0.763997	-0.0161462	0.814151	-0.0224641	0.763997	-0.0161462	
-2.68	0.800805	-0.0220239	0.751683	-0.0166359	0.800805	-0.0220239	0.751683	-0.0166359	
-2.66	0.787888	-0.0216054	0.739742	-0.0170976	0.787888	-0.0216054	0.739742	-0.0170976	
-2.64	0.775379	-0.0212074	0.728158	-0.0175331	0.775379	-0.0212074	0.728158	-0.0175331	
-2.62	0.763258	-0.0208286	0.716915	-0.0179443	0.763258	-0.0208286	0.716915	-0.0179443	
-2.6	0.751509	-0.0204681	0.705998	-0.0183329	0.751509	-0.0204681	0.705998	-0.0183329	
-2.58	0.740114	-0.0201248	0.695392	-0.0187005	0.740114	-0.0201248	0.695392	-0.0187005	
-2.56	0.729057	-0.0197977	0.685085	-0.0190484	0.729057	-0.0197977	0.685085	-0.0190484	
-2.54	0.718325	-0.0194861	0.675064	-0.0193779	0.718325	-0.0194861	0.675064	-0.0193779	
-2.52	0.707902	-0.0191891	0.665317	-0.0196904	0.707902	-0.0191891	0.665317	-0.0196904	
-2.5	0.697775	-0.018906	0.655833	-0.0199869	0.697775	-0.018906	0.655833	-0.0199869	
-2.48	0.687933	-0.018636	0.646601	-0.0202686	0.687933	-0.018636	0.646601	-0.0202686	
-2.46	0.678363	-0.0183786	0.637611	-0.0205364	0.678363	-0.0183786	0.637611	-0.0205364	
-2.44	0.669054	-0.0181331	0.628854	-0.0207912	0.669054	-0.0181331	0.628854	-0.0207912	
-2.42	0.659995	-0.017899	0.62032	-0.0210339	0.659995	-0.017899	0.62032	-0.0210339	
-2.4	0.651178	-0.0176757	0.612001	-0.0212653	0.651178	-0.0176757	0.612001	-0.0212653	
-2.38	0.642591	-0.0174627	0.603889	-0.0214862	0.642591	-0.0174627	0.603889	-0.0214862	
-2.36	0.634227	-0.0172597	0.595976	-0.0216973	0.634227	-0.0172597	0.595976	-0.0216973	
-2.34	0.626077	-0.0170661	0.588254	-0.0218992	0.626077	-0.0170661	0.588254	-0.0218992	
-2.32	0.618133	-0.0168815	0.580718	-0.0220926	0.618133	-0.0168815	0.580718	-0.0220926	
-2.3	0.610386	-0.0167057	0.573359	-0.022278	0.610386	-0.0167057	0.573359	-0.022278	
-2.28	0.602831	-0.0165381	0.566172	-0.0224561	0.602831	-0.0165381	0.566172	-0.0224561	
-2.26	0.595459	-0.0163785	0.55915	-0.0226273	0.595459	-0.0163785	0.55915	-0.0226273	
-2.24	0.588265	-0.0162266	0.552289	-0.0227921	0.588265	-0.0162266	0.552289	-0.0227921	
-2.22	0.581241	-0.0160821	0.545582	-0.022951	0.581241	-0.0160821	0.545582	-0.022951	
-2.2	0.574383	-0.0159447	0.539024	-0.0231044	0.574383	-0.0159447	0.539024	-0.0231044	
-2.18	0.567684	-0.0158141	0.53261	-0.0232528	0.567684	-0.0158141	0.53261	-0.0232528	
-2.16	0.561139	-0.0156901	0.526335	-0.0233966	0.561139	-0.0156901	0.526335	-0.0233966	
-2.14	0.554742	-0.0155724	0.520195	-0.0235361	0.554742	-0.0155724	0.520195	-0.0235361	
-2.12	0.54849	-0.0154609	0.514185	-0.0236717	0.54849	-0.0154609	0.514185	-0.0236717	
-2.1	0.542376	-0.0153554	0.508301	-0.0238038	0.542376	-0.0153554	0.508301	-0.0238038	
-2.08	0.536397	-0.0152555	0.50254	-0.0239326	0.536397	-0.0152555	0.50254	-0.0239326	
-2.06	0.530548	-0.0151612	0.496897	-0.0240586	0.530548	-0.0151612	0.496897	-0.0240586	
-2.04	0.524825	-0.0150723	0.491368	-0.024182	0.524825	-0.0150723	0.491368	-0.024182	
-2.02	0.519224	-0.0149886	0.48595	-0.0243031	0.519224	-0.0149886	0.48595	-0.0243031	
-2	0.513742	-0.01491	0.48064	-0.0244222	0.513742	-0.01491	0.48064	-0.0244222	
-1.98	0.508374	-0.0148363	0.475435	-0.0245395	0.508374	-0.0148363	0.475435	-0.0245395	
-1.96	0.503117	-0.0147673	0.47033	-0.0246554	0.503117	-0.0147673	0.47033	-0.0246554	
-1.94	0.497968	-0.014703	0.465324	-0.0247701	0.497968	-0.014703	0.465324	-0.0247701	
-1.92	0.492924	-0.0146432	0.460414	-0.0248838	0.492924	-0.0146432	0.460414	-0.0248838	
-1.9	0.487981	-0.0145878	0.455595	-0.0249968	0.487981	-0.0145878	0.455595	-0.0249968	
-1.88	0.483137	-0.0145367	0.450867	-0.0251093	0.483137	-0.0145367	0.450867	-0.0251093	
-1.86	0.478389	-0.0144897	0.446227	-0.0252216	0.478389	-0.0144897	0.446227	-0.0252216	
-1.84	0.473734	-0.0144468	0.441671	-0.0253339	0.473734	-0.0144468	0.441671	-0.0253339	
-1.82	0.469169	-0.0144078	0.437197	-0.0254464	0.469169	-0.0144078	0.437197	-0.0254464	
-1.8	0.464692	-0.0143727	0.432805	-0.0255593	0.464692	-0.0143727	0.432805	-0.0255593	
-1.78	0.460301	-0.0143414	0.42849	-0.0256729	0.460301	-0.0143414	0.42849	-0.0256729	
-1.76	0.455993	-0.0143138	0.424251	-0.0257873	0.455993	-0.0143138	0.424251	-0.0257873	
-1.74	0.451766	-0.0142898	0.420086	-0.0259028	0.451766	-0.0142898	0.420086	-0.0259028	
-1.72	0.447617	-0.0142693	0.415993	-0.0260196	0.447617	-0.0142693	0.415993	-0.0260196	
-1.7	0.443546	-0.0142522	0.41197	-0.0261379	0.443546	-0.0142522	0.41197	-0.0261379	
-1.68	0.43955	-0.0142385	0.408016	-0.0262579	0.43955	-0.0142385	0.408016	-0.0262579	
-1.66	0.435626	-0.0142281	0.404128	-0.0263798	0.435626	-0.0142281	0.404128	-0.0263798	
-1.64	0.431773	-0.0142209	0.400304	-0.0265038	0.431773	-0.0142209	0.400304	-0.0265038	
-1.62	0.42799	-0.0142169	0.396545	-0.0266302	0.42799	-0.0142169	0.396545	-0.0266302	
-1.6	0.424275	-0.0142159	0.392846	-0.0267591	0.424275	-0.0142159	0.392846	-0.0267591	
-1.58	0.420625	-0.0142179	0.389208	-0.0268907	0.420625	-0.0142179	0.389208	-0.0268907	
-1.56	0.41704	-0.0142229	0.385629	-0.0270253	0.41704	-0.0142229	0.385629	-0.0270253	
-1.54	0.413517	-0.0142307	0.382107	-0.0271632	0.413517	-0.0142307	0.382107	-0.0271632	
-1.52	0.410057	-0.0142413	0.37864	-0.0273044	0.410057	-0.0142413	0.37864	-0.0273044	
-1.5	0.406656	-0.0142547	0.375229	-0.0274492	0.406656	-0.0142547	0.375229	-0.0274492	
-1.48	0.403313	-0.0142707	0.371871	-0.0275978	0.403313	-0.0142707	0.371871	-0.0275978	
-1.46	0.400028	-0.0142892	0.368565	-0.0277506	0.400028	-0.0142892	0.368565	-0.0277506	
-1.44	0.396799	-0.0143103	0.365309	-0.0279076	0.396799	-0.0143103	0.365309	-0.0279076	
-1.42	0.393625	-0.0143338	0.362104	-0.0280691	0.393625	-0.0143338	0.362104	-0.0280691	
-1.4	0.390505	-0.0143597	0.358948	-0.0282354	0.390505	-0.0143597	0.358948	-0.0282354	
-1.38	0.387437	-0.0143878	0.355839	-0.0284067	0.387437	-0.0143878	0.355839	-0.0284067	
-1.36	0.38442	-0.0144182	0.352777	-0.0285833	0.38442	-0.0144182	0.352777	-0.0285833	
-1.34	0.381454	-0.0144506	0.349761	-0.0287653	0.381454	-0.0144506	0.349761	-0.0287653	
-1.32	0.378537	-0.0144851	0.34679	-0.0289531	0.378537	-0.0144851	0.34679	-0.0289531	
-1.3	0.375669	-0.0145215	0.343863	-0.0291469	0.375669	-0.0145215	0.343863	-0.0291469	
-1.28	0.372848	-0.0145597	0.340979	-0.029347	0.372848	-0.0145597	0.340979	-0.029347	
-1.26	0.370073	-0.0145997	0.338137	-0.0295537	0.370073	-0.0145997	0.338137	-0.0295537	
-1.24	0.367344	-0.0146414	0.335337	-0.0297672	0.367344	-0.0146414	0.335337	-0.0297672	
-1.22	0.36466	-0.0146845	0.332578	-0.0299878	0.36466	-0.0146845	0.332578	-0.0299878	
-1.2	0.362019	-0.0147291	0.32986	-0.0302158	0.362019	-0.0147291	0.32986	-0.0302158	
-1.18	0.359422	-0.0147749	0.32718	-0.0304515	0.359422	-0.0147749	0.32718	-0.0304515	
-1.16	0.356867	-0.0148219	0.32454	-0.0306953	0.356867	-0.0148219	0.32454	-0.0306953	
-1.14	0.354354	-0.0148699	0.321938	-0.0309473	0.354354	-0.0148699	0.321938	-0.0309473	
-1.12	0.351881	-0.0149189	0.319374	-0.0312081	0.351881	-0.0149189	0.319374	-0.0312081	
-1.1	0.349449	-0.0149685	0.316848	-0.0314777	0.349449	-0.0149685	0.316848	-0.0314777	
-1.08	0.347056	-0.0150188	0.314358	-0.0317567	0.347056	-0.0150188	0.314358	-0.0317567	
-1.06	0.344702	-0.0150695	0.311905	-0.0320454	0.344702	-0.0150695	0.311905	-0.0320454	
-1.04	0.342386	-0.0151204	0.309488	-0.032344	0.342386	-0.0151204	0.309488	-0.032344	
-1.02	0.340107	-0.0151714	0.307107	-0.0326529	0.340107	-0.0151714	0.307107	-0.0326529	
-1	0.337866	-0.0152223	0.304761	-0.0329726	0.337866	-0.0152223	0.304761	-0.0329726	
-0.98	0.335661	-0.0152729	0.302451	-0.0333033	0.335661	-0.0152729	0.302451	-0.0333033	
-0.96	0.333491	-0.0153229	0.300176	-0.0336454	0.333491	-0.0153229	0.300176	-0.0336454	
-0.94	0.331357	-0.0153723	0.297936	-0.0339993	0.331357	-0.0153723	0.297936	-0.0339993	
-0.92	0.329257	-0.0154206	0.29573	-0.0343654	0.329257	-0.0154206	0.29573	-0.0343654	
-0.9	0.327191	-0.0154678	0.29356	-0.034744	0.327191	-0.0154678	0.29356	-0.034744	
-0.88	0.325158	-0.0155136	0.291424	-0.0351356	0.325158	-0.0155136	0.291424	-0.0351356	
-0.86	0.323159	-0.0155577	0.289324	-0.0355404	0.323159	-0.0155577	0.289324	-0.0355404	
-0.84	0.321191	-0.0155998	0.287258	-0.0359588	0.321191	-0.0155998	0.287258	-0.0359588	
-0.82	0.319256	-0.0156397	0.285228	-0.0363912	0.319256	-0.0156397	0.285228	-0.0363912	
-0.8	0.317352	-0.0156771	0.283233	-0.036838	0.317352	-0.0156771	0.283233	-0.036838	
-0.78	0.315478	-0.0157118	0.281274	-0.0372995	0.315478	-0.0157118	0.281274	-0.0372995	
-0.76	0.313635	-0.0157433	0.279352	-0.0377759	0.313635	-0.0157433	0.279352	-0.0377759	
-0.74	0.311821	-0.0157715	0.277466	-0.0382676	0.311821	-0.0157715	0.277466	-0.0382676	
-0.72	0.310037	-0.015796	0.275617	-0.0387749	0.310037	-0.015796	0.275617	-0.0387749	
-0.7	0.308281	-0.0158166	0.273807	-0.039298	0.308281	-0.0158166	0.273807	-0.039298	
-0.68	0.306553	-0.0158327	0.272034	-0.0398371	0.306553	-0.0158327	0.272034	-0.0398371	
-0.66	0.304852	-0.0158443	0.270302	-0.0403924	0.304852	-0.0158443	0.270302	-0.0403924	
-0.64	0.303178	-0.0158508	0.268609	-0.0409639	0.303178	-0.0158508	0.268609	-0.0409639	
-0.62	0.30153	-0.015852	0.266958	-0.0415518	0.30153	-0.015852	0.266958	-0.0415518	
-0.6	0.299908	-0.0158476	0.265349	-0.0421559	0.299908	-0.0158476	0.265349	-0.0421559	
-0.58	0.298311	-0.0158372	0.263784	-0.0427762	0.298311	-0.0158372	0.263784	-0.0427762	
-0.56	0.296738	-0.0158204	0.262263	-0.0434125	0.296738	-0.0158204	0.262263	-0.0434125	
-0.54	0.295189	-0.0157969	0.260788	-0.0440645	0.295189	-0.0157969	0.260788	-0.0440645	
-0.52	0.293663	-0.0157664	0.259361	-0.0447318	0.293663	-0.0157664	0.259361	-0.0447318	
-0.5	0.29216	-0.0157284	0.257982	-0.0454138	0.29216	-0.0157284	0.257982	-0.0454138	
-0.48	0.290678	-0.0156826	0.256654	-0.0461097	0.290678	-0.0156826	0.256654	-0.0461097	
-0.46	0.289217	-0.0156286	0.255379	-0.0468188	0.289217	-0.0156286	0.255379	-0.0468188	
-0.44	0.287777	-0.015566	0.254157	-0.04754	0.287777	-0.015566	0.254157	-0.04754	
-0.42	0.286357	-0.0154944	0.252991	-0.048272	0.286357	-0.0154944	0.252991	-0.048272	
-0.4	0.284956	-0.0154133	0.251883	-0.0490133	0.284956	-0.0154133	0.251883	-0.0490133	
-0.38	0.283573	-0.0153221	0.250834	-0.0497622	0.283573	-0.0153221	0.250834	-0.0497622	
-0.36	0.282207	-0.0152203	0.249847	-0.0505167	0.282207	-0.0152203	0.249847	-0.0505167	
-0.34	0.280859	-0.0151072	0.248922	-0.0512745	0.280859	-0.0151072	0.248922	-0.0512745	
-0.32	0.279527	-0.014982	0.248063	-0.0520332	0.279527	-0.014982	0.248063	-0.0520332	
-0.3	0.278211	-0.0148436	0.247271	-0.0527897	0.278211	-0.0148436	0.247271	-0.0527897	
-0.28	0.27691	-0.0146908	0.246547	-0.0535409	0.27691	-0.0146908	0.246547	-0.0535409	
-0.26	0.275625	-0.0145218	0.245894	-0.0542833	0.275625	-0.0145218	0.245894	-0.0542833	
-0.24	0.274354	-0.0143345	0.245311	-0.0550129	0.274354	-0.0143345	0.245311	-0.0550129	
-0.22	0.2731	-0.0141259	0.244801	-0.0557256	0.2731	-0.0141259	0.244801	-0.0557256	
-0.2	0.271862	-0.0138918	0.244363	-0.0564168	0.271862	-0.0138918	0.244363	-0.0564168	
-0.18	0.270644	-0.0136264	0.243999	-0.0570816	0.270644	-0.0136264	0.243999	-0.0570816	
-0.16	0.269452	-0.0133214	0.243708	-0.0577149	0.269452	-0.0133214	0.243708	-0.0577149	
-0.14	0.268297	-0.0129651	0.24349	-0.0583112	0.268297	-0.0129651	0.24349	-0.0583112	
-0.12	0.267204	-0.0125423	0.243343	-0.058865	0.267204	-0.0125423	0.243343	-0.058865	
-0.1	0.266223	-0.0120376	0.243266	-0.0593705	0.266223	-0.0120376	0.243266	-0.0593705	
-0.08	0.265454	-0.0114581	0.243256	-0.0598219	0.265454	-0.0114581	0.243256	-0.0598219	
-0.06	0.265074	-0.0109239	0.243311	-0.0602133	0.265074	-0.0109239	0.243311	-0.0602133	
-0.04	0.26517	-0.0108767	0.243426	-0.060539	0.26517	-0.0108767	0.243426	-0.060539	
-0.02	0.265092	-0.0118497	0.243596	-0.0607936	0.265092	-0.0118497	0.243596	-0.0607936	
0	0.263902	-0.0131632	0.243818	-0.0609718	0.263902	-0.0131632	0.243818	-0.0609718	
0.02	0.262051	-0.0138364	0.244084	-0.0610688	0.262051	-0.0138364	0.244084	-0.0610688	
0.04	0.260229	-0.0139463	0.244388	-0.0610805	0.260229	-0.0139463	0.244388	-0.0610805	
0.06	0.258598	-0.0138012	0.244723	-0.0610031	0.258598	-0.0138012	0.244723	-0.0610031	
0.08	0.257125	-0.0135622	0.24508	-0.060834	0.257125	-0.0135622	0.24508	-0.060834	
0.1	0.255761	-0.0132933	0.245453	-0.0605711	0.255761	-0.0132933	0.245453	-0.0605711	
0.12	0.25447	-0.0130183	0.245831	-0.0602134	0.25447	-0.0130183	0.245831	-0.0602134	
0.14	0.253231	-0.0127456	0.246207	-0.0597608	0.253231	-0.0127456	0.246207	-0.0597608	
0.16	0.252027	-0.0124781	0.246571	-0.0592141	0.252027	-0.0124781	0.246571	-0.0592141	
0.18	0.25085	-0.0122163	0.246915	-0.0585753	0.25085	-0.0122163	0.246915	-0.0585753	
0.2	0.249695	-0.0119601	0.24723	-0.0578474	0.249695	-0.0119601	0.24723	-0.0578474	
0.22	0.248555	-0.0117091	0.247509	-0.057034	0.248555	-0.0117091	0.247509	-0.057034	
0.24	0.24743	-0.0114628	0.247744	-0.05614	0.24743	-0.0114628	0.247744	-0.05614	
0.26	0.246315	-0.0112209	0.247928	-0.0551707	0.246315	-0.0112209	0.247928	-0.0551707	
0.28	0.245211	-0.0109831	0.248055	-0.0541323	0.245211	-0.0109831	0.248055	-0.0541323	
0.3	0.244116	-0.0107491	0.24812	-0.0530315	0.244116	-0.0107491	0.24812	-0.0530315	
0.32	0.243028	-0.0105189	0.248119	-0.0518752	0.243028	-0.0105189	0.248119	-0.0518752	
0.34	0.241948	-0.0102923	0.248047	-0.0506708	0.241948	-0.0102923	0.248047	-0.0506708	
0.36	0.240875	-0.0100693	0.247902	-0.0494256	0.240875	-0.0100693	0.247902	-0.0494256	
0.38	0.239808	-0.00984971	0.247684	-0.0481471	0.239808	-0.00984971	0.247684	-0.0481471	
0.4	0.238748	-0.00963365	0.247389	-0.0468426	0.238748	-0.00963365	0.247389	-0.0468426	
0.42	0.237694	-0.0094211	0.24702	-0.0455191	0.237694	-0.0094211	0.24702	-0.0455191	
0.44	0.236645	-0.00921205	0.246575	-0.0441834	0.236645	-0.00921205	0.246575	-0.0441834	
0.46	0.235602	-0.00900652	0.246057	-0.0428418	0.235602	-0.00900652	0.246057	-0.0428418	
0.48	0.234565	-0.00880455	0.245467	-0.0415001	0.234565	-0.00880455	0.245467	-0.0415001	
0.5	0.233534	-0.00860615	0.244807	-0.0401638	0.233534	-0.00860615	0.244807	-0.0401638	
0.52	0.232508	-0.00841134	0.24408	-0.0388377	0.232508	-0.00841134	0.24408	-0.0388377	
0.54	0.231488	-0.00822015	0.243289	-0.0375262	0.231488	-0.00822015	0.243289	-0.0375262	
0.56	0.230474	-0.00803258	0.242437	-0.0362328	0.230474	-0.00803258	0.242437	-0.0362328	
0.58	0.229465	-0.00784866	0.241527	-0.0349609	0.229465	-0.00784866	0.241527	-0.0349609	
0.6	0.228462	-0.00766838	0.240561	-0.0337132	0.228462	-0.00766838	0.240561	-0.0337132	
0.62	0.227465	-0.00749175	0.239545	-0.0324917	0.227465	-0.00749175	0.239545	-0.0324917	
0.64	0.226473	-0.00731876	0.238479	-0.0312982	0.226473	-0.00731876	0.238479	-0.0312982	
0.66	0.225487	-0.00714941	0.237369	-0.0301339	0.225487	-0.00714941	0.237369	-0.0301339	
0.68	0.224507	-0.00698367	0.236216	-0.0289996	0.224507	-0.00698367	0.236216	-0.0289996	
0.7	0.223533	-0.00682154	0.235022	-0.0278956	0.223533	-0.00682154	0.235022	-0.0278956	
0.72	0.222565	-0.00666298	0.233792	-0.0268219	0.222565	-0.00666298	0.233792	-0.0268219	
0.74	0.221602	-0.00650797	0.232526	-0.0257783	0.221602	-0.00650797	0.232526	-0.0257783	
0.76	0.220646	-0.00635647	0.231227	-0.0247639	0.220646	-0.00635647	0.231227	-0.0247639	
0.78	0.219696	-0.00620845	0.229896	-0.0237777	0.219696	-0.00620845	0.229896	-0.0237777	
0.8	0.218751	-0.00606387	0.228535	-0.0228182	0.218751	-0.00606387	0.228535	-0.0228182	
0.82	0.217813	-0.00592267	0.227144	-0.0218839	0.217813	-0.00592267	0.227144	-0.0218839	
0.84	0.216881	-0.00578482	0.225725	-0.0209725	0.216881	-0.00578482	0.225725	-0.0209725	
0.86	0.215955	-0.00565027	0.224277	-0.0200815	0.215955	-0.00565027	0.224277	-0.0200815	
0.88	0.215035	-0.00551896	0.222801	-0.0192081	0.215035	-0.00551896	0.222801	-0.0192081	
0.9	0.214121	-0.00539083	0.221296	-0.0183487	0.214121	-0.00539083	0.221296	-0.0183487	
0.92	0.213213	-0.00526584	0.219761	-0.0174995	0.213213	-0.00526584	0.219761	-0.0174995	
0.94	0.212311	-0.00514392	0.218196	-0.0166556	0.212311	-0.00514392	0.218196	-0.0166556	
0.96	0.211416	-0.00502502	0.216598	-0.0158114	0.211416	-0.00502502	0.216598	-0.0158114	
0.98	0.210527	-0.00490907	0.214966	-0.0149602	0.210527	-0.00490907	0.214966	-0.0149602	
1	0.209644	-0.00479601	0.213297	-0.0140941	0.209644	-0.00479601	0.213297	-0.0140941	
1.02	0.208767	-0.00468579	0.21159	-0.0132033	0.208767	-0.00468579	0.21159	-0.0132033	
1.04	0.207896	-0.00457834	0.209842	-0.0122759	0.207896	-0.00457834	0.209842	-0.0122759	
1.06	0.207031	-0.00447361	0.208052	-0.0112975	0.207031	-0.00447361	0.208052	-0.0112975	
1.08	0.206173	-0.00437152	0.206217	-0.0102502	0.206173	-0.00437152	0.206217	-0.0102502	
1.1	0.205321	-0.00427201	0.20434	-0.00911171	0.205321	-0.00427201	0.20434	-0.00911171	
1.12	0.204475	-0.00417504	0.202425	-0.00785486	0.204475	-0.00417504	0.202425	-0.00785486	
1.14	0.203635	-0.00408052	0.20048	-0.00644616	0.203635	-0.00408052	0.20048	-0.00644616	
1.16	0.202801	-0.00398841	0.198524	-0.0048453	0.202801	-0.00398841	0.198524	-0.0048453	
1.18	0.201973	-0.00389865	0.196588	-0.00300518	0.201973	-0.00389865	0.196588	-0.00300518	
1.2	0.201151	-0.00381116	0.194725	-0.000873903	0.201151	-0.00381116	0.194725	-0.000873903	
1.22	0.200335	-0.00372591	0.193016	0.0015994	0.200335	-0.00372591	0.193016	0.0015994	
1.24	0.199525	-0.00364282	0.191581	0.00445183	0.199525	-0.00364282	0.191581	0.00445183	
1.26	0.198721	-0.00356184	0.190585	0.00768362	0.198721	-0.00356184	0.190585	0.00768362	
1.28	0.197923	-0.00348292	0.190231	0.0112232	0.197923	-0.00348292	0.190231	0.0112232	
1.3	0.197131	-0.00340601	0.190726	0.0148876	0.197131	-0.00340601	0.190726	0.0148876	
1.32	0.196344	-0.00333103	0.192205	0.018362	0.196344	-0.00333103	0.192205	0.018362	
1.34	0.195564	-0.00325796	0.19464	0.0212374	0.195564	-0.00325796	0.19464	0.0212374	
1.36	0.194789	-0.00318672	0.197777	0.0231263	0.194789	-0.00318672	0.197777	0.0231263	
1.38	0.19402	-0.00311728	0.201173	0.0238145	0.19402	-0.00311728	0.201173	0.0238145	
1.4	0.193257	-0.00304958	0.204345	0.0233459	0.193257	-0.00304958	0.204345	0.0233459	
1.42	0.192499	-0.00298358	0.206931	0.0219797	0.192499	-0.00298358	0.206931	0.0219797	
1.44	0.191747	-0.00291922	0.208763	0.0200629	0.191747	-0.00291922	0.208763	0.0200629	
1.46	0.191001	-0.00285647	0.209843	0.0179123	0.191001	-0.00285647	0.209843	0.0179123	
1.48	0.19026	-0.00279527	0.210274	0.0157568	0.19026	-0.00279527	0.210274	0.0157568	
1.5	0.189524	-0.00273559	0.210196	0.013733	0.189524	-0.00273559	0.210196	0.013733	
1.52	0.188794	-0.00267737	0.20974	0.0119066	0.188794	-0.00267737	0.20974	0.0119066	
1.54	0.18807	-0.00262059	0.209017	0.0102976	0.18807	-0.00262059	0.209017	0.0102976	
1.56	0.18735	-0.00256519	0.208113	0.00890043	0.18735	-0.00256519	0.208113	0.00890043	
1.58	0.186636	-0.00251114	0.20709	0.007697	0.186636	-0.00251114	0.20709	0.007697	
1.6	0.185928	-0.00245841	0.205993	0.00666474	0.185928	-0.00245841	0.205993	0.00666474	
1.62	0.185224	-0.00240694	0.204854	0.00578066	0.185224	-0.00240694	0.204854	0.00578066	
1.64	0.184526	-0.00235672	0.203694	0.00502341	0.184526	-0.00235672	0.203694	0.00502341	
1.66	0.183833	-0.0023077	0.202529	0.00437407	0.183833	-0.0023077	0.202529	0.00437407	
1.68	0.183145	-0.00225984	0.201367	0.00381626	0.183145	-0.00225984	0.201367	0.00381626	
1.7	0.182462	-0.00221312	0.200216	0.00333609	0.182462	-0.00221312	0.200216	0.00333609	
1.72	0.181784	-0.0021675	0.19908	0.00292182	0.181784	-0.0021675	0.19908	0.00292182	
1.74	0.181111	-0.00212296	0.197962	0.00256357	0.181111	-0.00212296	0.197962	0.00256357	
1.76	0.180443	-0.00207945	0.196863	0.00225309	0.180443	-0.00207945	0.196863	0.00225309	
1.78	0.17978	-0.00203696	0.195784	0.00198343	0.17978	-0.00203696	0.195784	0.00198343	
1.8	0.179121	-0.00199545	0.194725	0.00174877	0.179121	-0.00199545	0.194725	0.00174877	
1.82	0.178468	-0.0019549	0.193685	0.00154418	0.178468	-0.0019549	0.193685	0.00154418	
1.84	0.177819	-0.00191527	0.192666	0.00136553	0.177819	-0.00191527	0.192666	0.00136553	
1.86	0.177175	-0.00187655	0.191666	0.0012093	0.177175	-0.00187655	0.191666	0.0012093	
1.88	0.176535	-0.0018387	0.190684	0.00107252	0.176535	-0.0018387	0.190684	0.00107252	
1.9	0.1759	-0.00180171	0.18972	0.000952644	0.1759	-0.00180171	0.18972	0.000952644	
1.92	0.17527	-0.00176554	0.188774	0.000847498	0.17527	-0.00176554	0.188774	0.000847498	
1.94	0.174644	-0.00173018	0.187844	0.000755222	0.174644	-0.00173018	0.187844	0.000755222	
1.96	0.174022	-0.0016956	0.186931	0.000674214	0.174022	-0.0016956	0.186931	0.000674214	
1.98	0.173405	-0.00166179	0.186033	0.000603094	0.173405	-0.00166179	0.186033	0.000603094	
2	0.172793	-0.00162871	0.185149	0.000540664	0.172793	-0.00162871	0.185149	0.000540664	
2.02	0.172185	-0.00159636	0.18428	0.000485889	0.172185	-0.00159636	0.18428	0.000485889	
2.04	0.171581	-0.0015647	0.183425	0.000437867	0.171581	-0.0015647	0.183425	0.000437867	
2.06	0.170981	-0.00153373	0.182583	0.000395809	0.170981	-0.00153373	0.182583	0.000395809	
2.08	0.170385	-0.00150341	0.181754	0.000359029	0.170385	-0.00150341	0.181754	0.000359029	
2.1	0.169794	-0.00147374	0.180936	0.000326923	0.169794	-0.00147374	0.180936	0.000326923	
2.12	0.169207	-0.0014447	0.180131	0.000298962	0.169207	-0.0014447	0.180131	0.000298962	
2.14	0.168624	-0.00141627	0.179337	0.00027468	0.168624	-0.00141627	0.179337	0.00027468	
2.16	0.168045	-0.00138843	0.178554	0.000253665	0.168045	-0.00138843	0.178554	0.000253665	
2.18	0.16747	-0.00136117	0.177782	0.000235555	0.16747	-0.00136117	0.177782	0.000235555	
2.2	0.166899	-0.00133447	0.177019	0.000220028	0.166899	-0.00133447	0.177019	0.000220028	
2.22	0.166332	-0.00130832	0.176267	0.000206799	0.166332	-0.00130832	0.176267	0.000206799	
2.24	0.165769	-0.0012827	0.175525	0.000195616	0.165769	-0.0012827	0.175525	0.000195616	
2.26	0.165209	-0.0012576	0.174791	0.000186252	0.165209	-0.0012576	0.174791	0.000186252	
2.28	0.164654	-0.001233	0.174067	0.000178509	0.164654	-0.001233	0.174067	0.000178509	
2.3	0.164102	-0.0012089	0.173352	0.000172206	0.164102	-0.0012089	0.173352	0.000172206	
2.32	0.163554	-0.00118527	0.172645	0.000167185	0.163554	-0.00118527	0.172645	0.000167185	
2.34	0.16301	-0.00116211	0.171946	0.000163302	0.16301	-0.00116211	0.171946	0.000163302	
2.36	0.162469	-0.00113941	0.171256	0.00016043	0.162469	-0.00113941	0.171256	0.00016043	
2.38	0.161932	-0.00111715	0.170573	0.000158456	0.161932	-0.00111715	0.170573	0.000158456	
2.4	0.161399	-0.00109532	0.169898	0.000157275	0.161399	-0.00109532	0.169898	0.000157275	
2.42	0.160869	-0.00107391	0.16923	0.000156796	0.160869	-0.00107391	0.16923	0.000156796	
2.44	0.160343	-0.00105291	0.16857	0.000156938	0.160343	-0.00105291	0.16857	0.000156938	
2.46	0.159821	-0.00103231	0.167917	0.000157624	0.159821	-0.00103231	0.167917	0.000157624	
2.48	0.159301	-0.0010121	0.16727	0.000158789	0.159301	-0.0010121	0.16727	0.000158789	
2.5	0.158786	-0.000992273	0.166631	0.000160373	0.158786	-0.000992273	0.166631	0.000160373	
2.52	0.158273	-0.000972815	0.165998	0.000162322	0.158273	-0.000972815	0.165998	0.000162322	
2.54	0.157764	-0.000953717	0.165371	0.000164587	0.157764	-0.000953717	0.165371	0.000164587	
2.56	0.157259	-0.000934973	0.164751	0.000167123	0.157259	-0.000934973	0.164751	0.000167123	
2.58	0.156756	-0.000916573	0.164137	0.000169893	0.156756	-0.000916573	0.164137	0.000169893	
2.6	0.156257	-0.000898509	0.163529	0.00017286	0.156257	-0.000898509	0.163529	0.00017286	
2.62	0.155762	-0.000880773	0.162926	0.000175992	0.155762	-0.000880773	0.162926	0.000175992	
2.64	0.155269	-0.000863356	0.16233	0.00017926	0.155269	-0.000863356	0.16233	0.00017926	
2.66	0.15478	-0.000846253	0.161739	0.000182639	0.15478	-0.000846253	0.161739	0.000182639	
2.68	0.154293	-0.000829455	0.161154	0.000186105	0.154293	-0.000829455	0.161154	0.000186105	
2.7	0.15381	-0.000812954	0.160574	0.000189637	0.15381	-0.000812954	0.160574	0.000189637	
2.72	0.15333	-0.000796746	0.159999	0.000193216	0.15333	-0.000796746	0.159999	0.000193216	
2.74	0.152853	-0.000780821	0.15943	0.000196825	0.152853	-0.000780821	0.15943	0.000196825	
2.76	0.152379	-0.000765175	0.158866	0.000200449	0.152379	-0.000765175	0.158866	0.000200449	
2.78	0.151909	-0.000749801	0.158306	0.000204074	0.151909	-0.000749801	0.158306	0.000204074	
2.8	0.151441	-0.000734693	0.157752	0.000207688	0.151441	-0.000734693	0.157752	0.000207688	
2.82	0.150976	-0.000719845	0.157203	0.000211279	0.150976	-0.000719845	0.157203	0.000211279	
2.84	0.150514	-0.000705251	0.156658	0.000214839	0.150514	-0.000705251	0.156658	0.000214839	
2.86	0.150055	-0.000690906	0.156118	0.000218358	0.150055	-0.000690906	0.156118	0.000218358	
2.88	0.149598	-0.000676804	0.155582	0.000221827	0.149598	-0.000676804	0.155582	0.000221827	
2.9	0.149145	-0.00066294	0.155051	0.000225242	0.149145	-0.00066294	0.155051	0.000225242	
2.92	0.148694	-0.00064931	0.154525	0.000228594	0.148694	-0.00064931	0.154525	0.000228594	
2.94	0.148247	-0.000635908	0.154003	0.00023188	0.148247	-0.000635908	0.154003	0.00023188	
2.96	0.147802	-0.000622729	0.153485	0.000235094	0.147802	-0.000622729	0.153485	0.000235094	
2.98	0.147359	-0.00060977	0.152971	0.000238231	0.147359	-0.00060977	0.152971	0.000238231	
3	0.14692	-0.000597025	0.152462	0.000241289	0.14692	-0.000597025	0.152462	0.000241289	
3.02	0.146483	-0.000584491	0.151956	0.000244264	0.146483	-0.000584491	0.151956	0.000244264	
3.04	0.146049	-0.000572163	0.151455	0.000247153	0.146049	-0.000572163	0.151455	0.000247153	
3.06	0.145617	-0.000560037	0.150958	0.000249955	0.145617	-0.000560037	0.150958	0.000249955	
3.08	0.145188	-0.000548109	0.150464	0.000252666	0.145188	-0.000548109	0.150464	0.000252666	
3.1	0.144762	-0.000536376	0.149974	0.000255287	0.144762	-0.000536376	0.149974	0.000255287	
3.12	0.144338	-0.000524834	0.149489	0.000257815	0.144338	-0.000524834	0.149489	0.000257815	
3.14	0.143917	-0.00051348	0.149006	0.000260249	0.143917	-0.00051348	0.149006	0.000260249	
3.16	0.143499	-0.00050231	0.148528	0.000262589	0.143499	-0.00050231	0.148528	0.000262589	
3.18	0.143083	-0.00049132	0.148053	0.000264834	0.143083	-0.00049132	0.148053	0.000264834	
3.2	0.142669	-0.000480508	0.147581	0.000266984	0.142669	-0.000480508	0.147581	0.000266984	
3.22	0.142258	-0.000469871	0.147114	0.000269039	0.142258	-0.000469871	0.147114	0.000269039	
3.24	0.141849	-0.000459405	0.146649	0.000270998	0.141849	-0.000459405	0.146649	0.000270998	
3.26	0.141443	-0.000449108	0.146188	0.000272863	0.141443	-0.000449108	0.146188	0.000272863	
3.28	0.141039	-0.000438976	0.145731	0.000274632	0.141039	-0.000438976	0.145731	0.000274632	
3.3	0.140637	-0.000429008	0.145276	0.000276308	0.140637	-0.000429008	0.145276	0.000276308	
3.32	0.140238	-0.000419201	0.144825	0.000277889	0.140238	-0.000419201	0.144825	0.000277889	
3.34	0.139841	-0.000409552	0.144378	0.000279378	0.139841	-0.000409552	0.144378	0.000279378	
3.36	0.139447	-0.000400058	0.143933	0.000280775	0.139447	-0.000400058	0.143933	0.000280775	
3.38	0.139055	-0.000390718	0.143491	0.00028208	0.139055	-0.000390718	0.143491	0.00028208	
3.4	0.138665	-0.000381529	0.143053	0.000283295	0.138665	-0.000381529	0.143053	0.000283295	
3.42	0.138277	-0.000372489	0.142618	0.000284421	0.138277	-0.000372489	0.142618	0.000284421	
3.44	0.137892	-0.000363595	0.142185	0.000285458	0.137892	-0.000363595	0.142185	0.000285458	
3.46	0.137509	-0.000354847	0.141756	0.000286408	0.137509	-0.000354847	0.141756	0.000286408	
3.48	0.137128	-0.000346241	0.14133	0.000287271	0.137128	-0.000346241	0.14133	0.000287271	
3.5	0.136749	-0.000337776	0.140906	0.00028805	0.136749	-0.000337776	0.140906	0.00028805	
3.52	0.136372	-0.00032945	0.140486	0.000288745	0.136372	-0.00032945	0.140486	0.000288745	
3.54	0.135998	-0.000321261	0.140068	0.000289358	0.135998	-0.000321261	0.140068	0.000289358	
3.56	0.135625	-0.000313208	0.139653	0.00028989	0.135625	-0.000313208	0.139653	0.00028989	
3.58	0.135255	-0.000305289	0.139241	0.000290342	0.135255	-0.000305289	0.139241	0.000290342	
3.6	0.134887	-0.000297501	0.138831	0.000290716	0.134887	-0.000297501	0.138831	0.000290716	
3.62	0.134521	-0.000289845	0.138425	0.000291012	0.134521	-0.000289845	0.138425	0.000291012	
3.64	0.134157	-0.000282317	0.13802	0.000291233	0.134157	-0.000282317	0.13802	0.000291233	
3.66	0.133795	-0.000274917	0.137619	0.000291379	0.133795	-0.000274917	0.137619	0.000291379	
3.68	0.133435	-0.000267643	0.13722	0.000291453	0.133435	-0.000267643	0.13722	0.000291453	
3.7	0.133077	-0.000260494	0.136824	0.000291455	0.133077	-0.000260494	0.136824	0.000291455	
3.72	0.132721	-0.000253468	0.13643	0.000291387	0.132721	-0.000253468	0.13643	0.000291387	
3.74	0.132367	-0.000246565	0.136039	0.000291251	0.132367	-0.000246565	0.136039	0.000291251	
3.76	0.132014	-0.000239782	0.13565	0.000291047	0.132014	-0.000239782	0.13565	0.000291047	
3.78	0.131664	-0.000233118	0.135264	0.000290778	0.131664	-0.000233118	0.135264	0.000290778	
3.8	0.131316	-0.000226573	0.13488	0.000290444	0.131316	-0.000226573	0.13488	0.000290444	
3.82	0.13097	-0.000220145	0.134498	0.000290047	0.13097	-0.000220145	0.134498	0.000290047	
3.84	0.130625	-0.000213833	0.134119	0.000289589	0.130625	-0.000213833	0.134119	0.000289589	
3.86	0.130283	-0.000207635	0.133743	0.00028907	0.130283	-0.000207635	0.133743	0.00028907	
3.88	0.129942	-0.000201551	0.133368	0.000288493	0.129942	-0.000201551	0.133368	0.000288493	
3.9	0.129603	-0.00019558	0.132996	0.000287859	0.129603	-0.00019558	0.132996	0.000287859	
3.92	0.129266	-0.00018972	0.132626	0.000287169	0.129266	-0.00018972	0.132626	0.000287169	
3.94	0.128931	-0.00018397	0.132259	0.000286424	0.128931	-0.00018397	0.132259	0.000286424	
3.96	0.128597	-0.000178329	0.131893	0.000285627	0.128597	-0.000178329	0.131893	0.000285627	
3.98	0.128266	-0.000172797	0.13153	0.000284777	0.128266	-0.000172797	0.13153	0.000284777	
4	0.127936	-0.000167371	0.131169	0.000283878	0.127936	-0.000167371	0.131169	0.000283878	
4.02	0.127608	-0.000162052	0.13081	0.000282929	0.127608	-0.000162052	0.13081	0.000282929	
4.04	0.127281	-0.000156838	0.130453	0.000281933	0.127281	-0.000156838	0.130453	0.000281933	
4.06	0.126957	-0.000151727	0.130099	0.000280891	0.126957	-0.000151727	0.130099	0.000280891	
4.08	0.126634	-0.00014672	0.129746	0.000279804	0.126634	-0.00014672	0.129746	0.000279804	
4.1	0.126312	-0.000141815	0.129396	0.000278673	0.126312	-0.000141815	0.129396	0.000278673	
4.12	0.125993	-0.00013701	0.129047	0.000277501	0.125993	-0.00013701	0.129047	0.000277501	
4.14	0.125675	-0.000132305	0.128701	0.000276287	0.125675	-0.000132305	0.128701	0.000276287	
4.16	0.125358	-0.0001277	0.128356	0.000275034	0.125358	-0.0001277	0.128356	0.000275034	
4.18	0.125044	-0.000123192	0.128014	0.000273742	0.125044	-0.000123192	0.128014	0.000273742	
4.2	0.124731	-0.000118781	0.127673	0.000272413	0.124731	-0.000118781	0.127673	0.000272413	
4.22	0.124419	-0.000114465	0.127335	0.000271049	0.124419	-0.000114465	0.127335	0.000271049	
4.24	0.124109	-0.000110245	0.126998	0.00026965	0.124109	-0.000110245	0.126998	0.00026965	
4.26	0.123801	-0.000106118	0.126663	0.000268217	0.123801	-0.000106118	0.126663	0.000268217	
4.28	0.123494	-0.000102084	0.12633	0.000266753	0.123494	-0.000102084	0.12633	0.000266753	
4.3	0.123189	-9.81418e-05	0.126	0.000265257	0.123189	-9.81418e-05	0.126	0.000265257	
4.32	0.122886	-9.42901e-05	0.12567	0.000263732	0.122886	-9.42901e-05	0.12567	0.000263732	
4.34	0.122584	-9.05278e-05	0.125343	0.000262179	0.122584	-9.05278e-05	0.125343	0.000262179	
4.36	0.122283	-8.68541e-05	0.125018	0.000260598	0.122283	-8.68541e-05	0.125018	0.000260598	
4.38	0.121984	-8.32677e-05	0.124694	0.00025899	0.121984	-8.32677e-05	0.124694	0.00025899	
4.4	0.121687	-7.97677e-05	0.124372	0.000257358	0.121687	-7.97677e-05	0.124372	0.000257358	
4.42	0.12139	-7.63528e-05	0.124052	0.000255702	0.12139	-7.63528e-05	0.124052	0.000255702	
4.44	0.121096	-7.30221e-05	0.123733	0.000254023	0.121096	-7.30221e-05	0.123733	0.000254023	
4.46	0.120803	-6.97744e-05	0.123417	0.000252322	0.120803	-6.97744e-05	0.123417	0.000252322	
4.48	0.120511	-6.66087e-05	0.123102	0.0002506	0.120511	-6.66087e-05	0.123102	0.0002506	
4.5	0.120221	-6.35237e-05	0.122788	0.000248859	0.120221	-6.35237e-05	0.122788	0.000248859	
4.52	0.119932	-6.05183e-05	0.122477	0.000247099	0.119932	-6.05183e-05	0.122477	0.000247099	
4.54	0.119645	-5.75914e-05	0.122167	0.000245321	0.119645	-5.75914e-05	0.122167	0.000245321	
4.56	0.119359	-5.4742e-05	0.121859	0.000243527	0.119359	-5.4742e-05	0.121859	0.000243527	
4.58	0.119074	-5.19687e-05	0.121552	0.000241718	0.119074	-5.19687e-05	0.121552	0.000241718	
4.6	0.118791	-4.92705e-05	0.121247	0.000239893	0.118791	-4.92705e-05	0.121247	0.000239893	
4.62	0.118509	-4.66462e-05	0.120944	0.000238055	0.118509	-4.66462e-05	0.120944	0.000238055	
4.64	0.118228	-4.40947e-05	0.120642	0.000236204	0.118228	-4.40947e-05	0.120642	0.000236204	
4.66	0.117949	-4.16146e-05	0.120341	0.000234342	0.117949	-4.16146e-05	0.120341	0.000234342	
4.68	0.117671	-3.9205e-05	0.120043	0.000232468	0.117671	-3.9205e-05	0.120043	0.000232468	
4.7	0.117395	-3.68646e-05	0.119746	0.000230585	0.117395	-3.68646e-05	0.119746	0.000230585	
4.72	0.11712	-3.45922e-05	0.11945	0.000228692	0.11712	-3.45922e-05	0.11945	0.000228692	
4.74	0.116846	-3.23866e-05	0.119156	0.000226791	0.116846	-3.23866e-05	0.119156	0.000226791	
4.76	0.116573	-3.02467e-05	0.118863	0.000224882	0.116573	-3.02467e-05	0.118863	0.000224882	
4.78	0.116302	-2.81713e-05	0.118572	0.000222967	0.116302	-2.81713e-05	0.118572	0.000222967	
4.8	0.116032	-2.61591e-05	0.118283	0.000221046	0.116032	-2.61591e-05	0.118283	0.000221046	
4.82	0.115763	-2.4209e-05	0.117995	0.00021912	0.115763	-2.4209e-05	0.117995	0.00021912	
4.84	0.115495	-2.23198e-05	0.117708	0.00021719	0.115495	-2.23198e-05	0.117708	0.00021719	
4.86	0.115229	-2.04903e-05	0.117423	0.000215256	0.115229	-2.04903e-05	0.117423	0.000215256	
4.88	0.114964	-1.87193e-05	0.117139	0.000213319	0.114964	-1.87193e-05	0.117139	0.000213319	
4.9	0.1147	-1.70057e-05	0.116857	0.00021138	0.1147	-1.70057e-05	0.116857	0.00021138	
4.92	0.114438	-1.53482e-05	0.116576	0.00020944	0.114438	-1.53482e-05	0.116576	0.00020944	
4.94	0.114176	-1.37457e-05	0.116296	0.000207499	0.114176	-1.37457e-05	0.116296	0.000207499	
4.96	0.113916	-1.21971e-05	0.116018	0.000205558	0.113916	-1.21971e-05	0.116018	0.000205558	
4.98	0.113657	-1.07012e-05	0.115742	0.000203617	0.113657	-1.07012e-05	0.115742	0.000203617	
5	0.113399	-9.25675e-06	0.115466	0.000201678	0.113399	-9.25675e-06	0.115466	0.000201678	
5.02	0.113142	-7.8627e-06	0.115192	0.00019974	0.113142	-7.8627e-06	0.115192	0.00019974	
5.04	0.112887	-6.51789e-06	0.114919	0.000197805	0.112887	-6.51789e-06	0.114919	0.000197805	
5.06	0.112633	-5.22118e-06	0.114648	0.000195873	0.112633	-5.22118e-06	0.114648	0.000195873	
5.08	0.112379	-3.97147e-06	0.114378	0.000193944	0.112379	-3.97147e-06	0.114378	0.000193944	
5.1	0.112127	-2.76763e-06	0.114109	0.000192019	0.112127	-2.76763e-06	0.114109	0.000192019	
5.12	0.111876	-1.60857e-06	0.113842	0.000190099	0.111876	-1.60857e-06	0.113842	0.000190099	
5.14	0.111627	-4.93204e-07	0.113576	0.000188184	0.111627	-4.93204e-07	0.113576	0.000188184	
5.16	0.111378	5.79555e-07	0.113311	0.000186275	0.111378	5.79555e-07	0.113311	0.000186275	
5.18	0.11113	1.61077e-06	0.113048	0.000184372	0.11113	1.61077e-06	0.113048	0.000184372	
5.2	0.110884	2.60149e-06	0.112785	0.000182475	0.110884	2.60149e-06	0.112785	0.000182475	
5.22	0.110639	3.55276e-06	0.112524	0.000180585	0.110639	3.55276e-06	0.112524	0.000180585	
5.24	0.110394	4.4656e-06	0.112264	0.000178703	0.110394	4.4656e-06	0.112264	0.000178703	
5.26	0.110151	5.34103e-06	0.112006	0.000176828	0.110151	5.34103e-06	0.112006	0.000176828	
5.28	0.109909	6.18005e-06	0.111749	0.000174962	0.109909	6.18005e-06	0.111749	0.000174962	
5.3	0.109668	6.98365e-06	0.111493	0.000173104	0.109668	6.98365e-06	0.111493	0.000173104	
5.32	0.109428	7.75279e-06	0.111238	0.000171255	0.109428	7.75279e-06	0.111238	0.000171255	
5.34	0.109189	8.48843e-06	0.110984	0.000169416	0.109189	8.48843e-06	0.110984	0.000169416	
5.36	0.108951	9.19151e-06	0.110731	0.000167586	0.108951	9.19151e-06	0.110731	0.000167586	
5.38	0.108714	9.86295e-06	0.11048	0.000165766	0.108714	9.86295e-06	0.11048	0.000165766	
5.4	0.108478	1.05037e-05	0.11023	0.000163956	0.108478	1.05037e-05	0.11023	0.000163956	
5.42	0.108243	1.11146e-05	0.109981	0.000162157	0.108243	1.11146e-05	0.109981	0.000162157	
5.44	0.108009	1.16965e-05	0.109733	0.000160369	0.108009	1.16965e-05	0.109733	0.000160369	
5.46	0.107776	1.22503e-05	0.109486	0.000158592	0.107776	1.22503e-05	0.109486	0.000158592	
5.48	0.107544	1.27769e-05	0.109241	0.000156826	0.107544	1.27769e-05	0.109241	0.000156826	
5.5	0.107313	1.32771e-05	0.108996	0.000155072	0.107313	1.32771e-05	0.108996	0.000155072	
5.52	0.107084	1.37517e-05	0.108753	0.00015333	0.107084	1.37517e-05	0.108753	0.00015333	
5.54	0.106855	1.42014e-05	0.108511	0.0001516	0.106855	1.42014e-05	0.108511	0.0001516	
5.56	0.106627	1.46272e-05	0.10827	0.000149882	0.106627	1.46272e-05	0.10827	0.000149882	
5.58	0.1064	1.50296e-05	0.10803	0.000148177	0.1064	1.50296e-05	0.10803	0.000148177	
5.6	0.106174	1.54096e-05	0.107791	0.000146484	0.106174	1.54096e-05	0.107791	0.000146484	
5.62	0.105949	1.57678e-05	0.107553	0.000144805	0.105949	1.57678e-05	0.107553	0.000144805	
5.64	0.105724	1.61048e-05	0.107316	0.000143138	0.105724	1.61048e-05	0.107316	0.000143138	
5.66	0.105501	1.64216e-05	0.107081	0.000141484	0.105501	1.64216e-05	0.107081	0.000141484	
5.68	0.105279	1.67186e-05	0.106846	0.000139844	0.105279	1.67186e-05	0.106846	0.000139844	
5.7	0.105058	1.69966e-05	0.106613	0.000138217	0.105058	1.69966e-05	0.106613	0.000138217	
5.72	0.104837	1.72562e-05	0.10638	0.000136603	0.104837	1.72562e-05	0.10638	0.000136603	
5.74	0.104618	1.7498e-05	0.106149	0.000135003	0.104618	1.7498e-05	0.106149	0.000135003	
5.76	0.104399	1.77228e-05	0.105918	0.000133417	0.104399	1.77228e-05	0.105918	0.000133417	
5.78	0.104182	1.7931e-05	0.105689	0.000131845	0.104182	1.7931e-05	0.105689	0.000131845	
5.8	0.103965	1.81233e-05	0.10546	0.000130287	0.103965	1.81233e-05	0.10546	0.000130287	
5.82	0.103749	1.83002e-05	0.105233	0.000128743	0.103749	1.83002e-05	0.105233	0.000128743	
5.84	0.103534	1.84624e-05	0.105007	0.000127212	0.103534	1.84624e-05	0.105007	0.000127212	
5.86	0.10332	1.86102e-05	0.104781	0.000125696	0.10332	1.86102e-05	0.104781	0.000125696	
5.88	0.103107	1.87444e-05	0.104557	0.000124194	0.103107	1.87444e-05	0.104557	0.000124194	
5.9	0.102894	1.88653e-05	0.104333	0.000122706	0.102894	1.88653e-05	0.104333	0.000122706	
5.92	0.102683	1.89735e-05	0.104111	0.000121233	0.102683	1.89735e-05	0.104111	0.000121233	
5.94	0.102472	1.90695e-05	0.103889	0.000119774	0.102472	1.90695e-05	0.103889	0.000119774	
5.96	0.102262	1.91537e-05	0.103669	0.000118329	0.102262	1.91537e-05	0.103669	0.000118329	
5.98	0.102053	1.92266e-05	0.103449	0.000116898	0.102053	1.92266e-05	0.103449	0.000116898	
6	0.101845	1.92887e-05	0.103231	0.000115482	0.101845	1.92887e-05	0.103231	0.000115482	
6.02	0.101638	1.93404e-05	0.103013	0.000114079	0.101638	1.93404e-05	0.103013	0.000114079	
6.04	0.101432	1.9382e-05	0.102796	0.000112692	0.101432	1.9382e-05	0.102796	0.000112692	
6.06	0.101226	1.94141e-05	0.102581	0.000111318	0.101226	1.94141e-05	0.102581	0.000111318	
6.08	0.101021	1.94369e-05	0.102366	0.000109959	0.101021	1.94369e-05	0.102366	0.000109959	
6.1	0.100818	1.9451e-05	0.102152	0.000108614	0.100818	1.9451e-05	0.102152	0.000108614	
6.12	0.100614	1.94566e-05	0.101939	0.000107283	0.100614	1.94566e-05	0.101939	0.000107283	
6.14	0.100412	1.94541e-05	0.101727	0.000105966	0.100412	1.94541e-05	0.101727	0.000105966	
6.16	0.100211	1.94439e-05	0.101515	0.000104664	0.100211	1.94439e-05	0.101515	0.000104664	
6.18	0.10001	1.94263e-05	0.101305	0.000103375	0.10001	1.94263e-05	0.101305	0.000103375	
6.2	0.0998101	1.94016e-05	0.101096	0.000102101	0.0998101	1.94016e-05	0.101096	0.000102101	
6.22	0.0996111	1.93702e-05	0.100887	0.000100841	0.0996111	1.93702e-05	0.100887	0.000100841	
6.24	0.0994127	1.93324e-05	0.100679	9.95942e-05	0.0994127	1.93324e-05	0.100679	9.95942e-05	
6.26	0.0992152	1.92884e-05	0.100473	9.83616e-05	0.0992152	1.92884e-05	0.100473	9.83616e-05	
6.28	0.0990185	1.92385e-05	0.100267	9.71428e-05	0.0990185	1.92385e-05	0.100267	9.71428e-05	
6.3	0.0988225	1.91831e-05	0.100062	9.59378e-05	0.0988225	1.91831e-05	0.100062	9.59378e-05	
6.32	0.0986273	1.91223e-05	0.0998573	9.47464e-05	0.0986273	1.91223e-05	0.0998573	9.47464e-05	
6.34	0.0984329	1.90565e-05	0.0996539	9.35687e-05	0.0984329	1.90565e-05	0.0996539	9.35687e-05	
6.36	0.0982392	1.89859e-05	0.0994514	9.24045e-05	0.0982392	1.89859e-05	0.0994514	9.24045e-05	
6.38	0.0980463	1.89107e-05	0.0992497	9.12537e-05	0.0980463	1.89107e-05	0.0992497	9.12537e-05	
6.4	0.0978541	1.88312e-05	0.0990489	9.01163e-05	0.0978541	1.88312e-05	0.0990489	9.01163e-05	
6.42	0.0976627	1.87476e-05	0.0988489	8.89921e-05	0.0976627	1.87476e-05	0.0988489	8.89921e-05	
6.44	0.097472	1.86602e-05	0.0986497	8.78812e-05	0.097472	1.86602e-05	0.0986497	8.78812e-05	
6.46	0.0972821	1.8569e-05	0.0984513	8.67833e-05	0.0972821	1.8569e-05	0.0984513	8.67833e-05	
6.48	0.0970929	1.84744e-05	0.0982537	8.56985e-05	0.0970929	1.84744e-05	0.0982537	8.56985e-05	
6.5	0.0969044	1.83765e-05	0.098057	8.46265e-05	0.0969044	1.83765e-05	0.098057	8.46265e-05	
6.52	0.0967167	1.82755e-05	0.097861	8.35674e-05	0.0967167	1.82755e-05	0.097861	8.35674e-05	
6.54	0.0965297	1.81716e-05	0.0976659	8.2521e-05	0.0965297	1.81716e-05	0.0976659	8.2521e-05	
6.56	0.0963434	1.80649e-05	0.0974715	8.14872e-05	0.0963434	1.80649e-05	0.0974715	8.14872e-05	
6.58	0.0961578	1.79557e-05	0.097278	8.0466e-05	0.0961578	1.79557e-05	0.097278	8.0466e-05	
6.6	0.0959729	1.78441e-05	0.0970852	7.94571e-05	0.0959729	1.78441e-05	0.0970852	7.94571e-05	
6.62	0.0957887	1.77303e-05	0.0968932	7.84606e-05	0.0957887	1.77303e-05	0.0968932	7.84606e-05	
6.64	0.0956053	1.76144e-05	0.0967019	7.74763e-05	0.0956053	1.76144e-05	0.0967019	7.74763e-05	
6.66	0.0954225	1.74965e-05	0.0965115	7.6504e-05	0.0954225	1.74965e-05	0.0965115	7.6504e-05	
6.68	0.0952404	1.73767e-05	0.0963218	7.55438e-05	0.0952404	1.73767e-05	0.0963218	7.55438e-05	
6.7	0.095059	1.72554e-05	0.0961328	7.45954e-05	0.095059	1.72554e-05	0.0961328	7.45954e-05	
6.72	0.0948783	1.71324e-05	0.0959447	7.36589e-05	0.0948783	1.71324e-05	0.0959447	7.36589e-05	
6.74	0.0946983	1.7008e-05	0.0957572	7.27339e-05	0.0946983	1.7008e-05	0.0957572	7.27339e-05	
6.76	0.094519	1.68824e-05	0.0955706	7.18206e-05	0.094519	1.68824e-05	0.0955706	7.18206e-05	
6.78	0.0943403	1.67555e-05	0.0953846	7.09187e-05	0.0943403	1.67555e-05	0.0953846	7.09187e-05	
6.8	0.0941623	1.66275e-05	0.0951994	7.00281e-05	0.0941623	1.66275e-05	0.0951994	7.00281e-05	
6.82	0.093985	1.64986e-05	0.095015	6.91488e-05	0.093985	1.64986e-05	0.095015	6.91488e-05	
6.84	0.0938083	1.63687e-05	0.0948312	6.82805e-05	0.0938083	1.63687e-05	0.0948312	6.82805e-05	
6.86	0.0936323	1.62381e-05	0.0946482	6.74233e-05	0.0936323	1.62381e-05	0.0946482	6.74233e-05	
6.88	0.093457	1.61068e-05	0.0944659	6.65769e-05	0.093457	1.61068e-05	0.0944659	6.65769e-05	
6.9	0.0932823	1.59749e-05	0.0942843	6.57414e-05	0.0932823	1.59749e-05	0.0942843	6.57414e-05	
6.92	0.0931082	1.58424e-05	0.0941035	6.49164e-05	0.0931082	1.58424e-05	0.0941035	6.49164e-05	
6.94	0.0929348	1.57095e-05	0.0939233	6.41021e-05	0.0929348	1.57095e-05	0.0939233	6.41021e-05	
6.96	0.0927621	1.55763e-05	0.0937439	6.32981e-05	0.0927621	1.55763e-05	0.0937439	6.32981e-05	
6.98	0.0925899	1.54428e-05	0.0935651	6.25045e-05	0.0925899	1.54428e-05	0.0935651	6.25045e-05	
7	0.0924185	1.5309e-05	0.093387	6.17211e-05	0.0924185	1.5309e-05	0.093387	6.17211e-05	
7.02	0.0922476	1.51751e-05	0.0932097	6.09478e-05	0.0922476	1.51751e-05	0.0932097	6.09478e-05	
7.04	0.0920774	1.50411e-05	0.093033	6.01844e-05	0.0920774	1.50411e-05	0.093033	6.01844e-05	
7.06	0.0919078	1.49071e-05	0.092857	5.9431e-05	0.0919078	1.49071e-05	0.092857	5.9431e-05	
7.08	0.0917388	1.47731e-05	0.0926817	5.86873e-05	0.0917388	1.47731e-05	0.0926817	5.86873e-05	
7.1	0.0915705	1.46392e-05	0.092507	5.79533e-05	0.0915705	1.46392e-05	0.092507	5.79533e-05	
7.12	0.0914027	1.45055e-05	0.092333	5.72287e-05	0.0914027	1.45055e-05	0.092333	5.72287e-05	
7.14	0.0912356	1.43719e-05	0.0921597	5.65137e-05	0.0912356	1.43719e-05	0.0921597	5.65137e-05	
7.16	0.0910691	1.42386e-05	0.0919871	5.58079e-05	0.0910691	1.42386e-05	0.0919871	5.58079e-05	
7.18	0.0909032	1.41056e-05	0.0918151	5.51114e-05	0.0909032	1.41056e-05	0.0918151	5.51114e-05	
7.2	0.0907379	1.3973e-05	0.0916437	5.44239e-05	0.0907379	1.3973e-05	0.0916437	5.44239e-05	
7.22	0.0905731	1.38407e-05	0.0914731	5.37455e-05	0.0905731	1.38407e-05	0.0914731	5.37455e-05	
7.24	0.090409	1.37088e-05	0.091303	5.30759e-05	0.090409	1.37088e-05	0.091303	5.30759e-05	
7.26	0.0902455	1.35773e-05	0.0911336	5.24151e-05	0.0902455	1.35773e-05	0.0911336	5.24151e-05	
7.28	0.0900826	1.34464e-05	0.0909649	5.1763e-05	0.0900826	1.34464e-05	0.0909649	5.1763e-05	
7.3	0.0899202	1.3316e-05	0.0907968	5.11195e-05	0.0899202	1.3316e-05	0.0907968	5.11195e-05	
7.32	0.0897584	1.31861e-05	0.0906293	5.04844e-05	0.0897584	1.31861e-05	0.0906293	5.04844e-05	
7.34	0.0895973	1.30569e-05	0.0904624	4.98577e-05	0.0895973	1.30569e-05	0.0904624	4.98577e-05	
7.36	0.0894366	1.29282e-05	0.0902962	4.92392e-05	0.0894366	1.29282e-05	0.0902962	4.92392e-05	
7.38	0.0892766	1.28002e-05	0.0901306	4.86289e-05	0.0892766	1.28002e-05	0.0901306	4.86289e-05	
7.4	0.0891171	1.26728e-05	0.0899656	4.80266e-05	0.0891171	1.26728e-05	0.0899656	4.80266e-05	
7.42	0.0889582	1.25462e-05	0.0898013	4.74323e-05	0.0889582	1.25462e-05	0.0898013	4.74323e-05	
7.44	0.0887999	1.24202e-05	0.0896375	4.68458e-05	0.0887999	1.24202e-05	0.0896375	4.68458e-05	
7.46	0.0886421	1.2295e-05	0.0894743	4.62671e-05	0.0886421	1.2295e-05	0.0894743	4.62671e-05	
7.48	0.0884849	1.21706e-05	0.0893118	4.56961e-05	0.0884849	1.21706e-05	0.0893118	4.56961e-05	
7.5	0.0883283	1.20469e-05	0.0891499	4.51326e-05	0.0883283	1.20469e-05	0.0891499	4.51326e-05	
7.52	0.0881722	1.1924e-05	0.0889885	4.45765e-05	0.0881722	1.1924e-05	0.0889885	4.45765e-05	
7.54	0.0880166	1.18019e-05	0.0888278	4.40278e-05	0.0880166	1.18019e-05	0.0888278	4.40278e-05	
7.56	0.0878616	1.16807e-05	0.0886676	4.34864e-05	0.0878616	1.16807e-05	0.0886676	4.34864e-05	
7.58	0.0877071	1.15602e-05	0.088508	4.29522e-05	0.0877071	1.15602e-05	0.088508	4.29522e-05	
7.6	0.0875532	1.14407e-05	0.088349	4.2425e-05	0.0875532	1.14407e-05	0.088349	4.2425e-05	
7.62	0.0873998	1.1322e-05	0.0881906	4.19049e-05	0.0873998	1.1322e-05	0.0881906	4.19049e-05	
7.64	0.087247	1.12041e-05	0.0880328	4.13916e-05	0.087247	1.12041e-05	0.0880328	4.13916e-05	
7.66	0.0870947	1.10872e-05	0.0878756	4.08851e-05	0.0870947	1.10872e-05	0.0878756	4.08851e-05	
7.68	0.0869429	1.09711e-05	0.0877189	4.03854e-05	0.0869429	1.09711e-05	0.0877189	4.03854e-05	
7.7	0.0867916	1.08559e-05	0.0875628	3.98923e-05	0.0867916	1.08559e-05	0.0875628	3.98923e-05	
7.72	0.0866409	1.07417e-05	0.0874072	3.94057e-05	0.0866409	1.07417e-05	0.0874072	3.94057e-05	
7.74	0.0864907	1.06283e-05	0.0872522	3.89256e-05	0.0864907	1.06283e-05	0.0872522	3.89256e-05	
7.76	0.086341	1.05159e-05	0.0870978	3.84518e-05	0.086341	1.05159e-05	0.0870978	3.84518e-05	
7.78	0.0861918	1.04044e-05	0.0869439	3.79844e-05	0.0861918	1.04044e-05	0.0869439	3.79844e-05	
7.8	0.0860432	1.02938e-05	0.0867906	3.75231e-05	0.0860432	1.02938e-05	0.0867906	3.75231e-05	
7.82	0.085895	1.01842e-05	0.0866378	3.70679e-05	0.085895	1.01842e-05	0.0866378	3.70679e-05	
7.84	0.0857474	1.00755e-05	0.0864856	3.66188e-05	0.0857474	1.00755e-05	0.0864856	3.66188e-05	
7.86	0.0856002	9.96775e-06	0.086334	3.61757e-05	0.0856002	9.96775e-06	0.086334	3.61757e-05	
7.88	0.0854536	9.86093e-06	0.0861828	3.57384e-05	0.0854536	9.86093e-06	0.0861828	3.57384e-05	
7.9	0.0853075	9.75507e-06	0.0860322	3.53069e-05	0.0853075	9.75507e-06	0.0860322	3.53069e-05	
7.92	0.0851619	9.65014e-06	0.0858822	3.48812e-05	0.0851619	9.65014e-06	0.0858822	3.48812e-05	
7.94	0.0850167	9.54617e-06	0.0857326	3.4461e-05	0.0850167	9.54617e-06	0.0857326	3.4461e-05	
7.96	0.0848721	9.44314e-06	0.0855836	3.40465e-05	0.0848721	9.44314e-06	0.0855836	3.40465e-05	
7.98	0.0847279	9.34106e-06	0.0854352	3.36374e-05	0.0847279	9.34106e-06	0.0854352	3.36374e-05	
8	0.0845843	9.23993e-06	0.0852872	3.32337e-05	0.0845843	9.23993e-06	0.0852872	3.32337e-05	
8.02	0.0844411	9.13974e-06	0.0851398	3.28354e-05	0.0844411	9.13974e-06	0.0851398	3.28354e-05	
8.04	0.0842984	9.0405e-06	0.0849929	3.24423e-05	0.0842984	9.0405e-06	0.0849929	3.24423e-05	
8.06	0.0841562	8.94219e-06	0.0848465	3.20545e-05	0.0841562	8.94219e-06	0.0848465	3.20545e-05	
8.08	0.0840145	8.84483e-06	0.0847006	3.16718e-05	0.0840145	8.84483e-06	0.0847006	3.16718e-05	
8.1	0.0838732	8.74841e-06	0.0845552	3.12941e-05	0.0838732	8.74841e-06	0.0845552	3.12941e-05	
8.12	0.0837325	8.65292e-06	0.0844104	3.09214e-05	0.0837325	8.65292e-06	0.0844104	3.09214e-05	
8.14	0.0835922	8.55837e-06	0.084266	3.05536e-05	0.0835922	8.55837e-06	0.084266	3.05536e-05	
8.16	0.0834523	8.46474e-06	0.0841222	3.01907e-05	0.0834523	8.46474e-06	0.0841222	3.01907e-05	
8.18	0.083313	8.37204e-06	0.0839788	2.98325e-05	0.083313	8.37204e-06	0.0839788	2.98325e-05	
8.2	0.0831741	8.28026e-06	0.0838359	2.94791e-05	0.0831741	8.28026e-06	0.0838359	2.94791e-05	
8.22	0.0830356	8.1894e-06	0.0836936	2.91303e-05	0.0830356	8.1894e-06	0.0836936	2.91303e-05	
8.24	0.0828976	8.09945e-06	0.0835517	2.87861e-05	0.0828976	8.09945e-06	0.0835517	2.87861e-05	
8.26	0.0827601	8.01041e-06	0.0834103	2.84464e-05	0.0827601	8.01041e-06	0.0834103	2.84464e-05	
8.28	0.082623	7.92228e-06	0.0832694	2.81112e-05	0.082623	7.92228e-06	0.0832694	2.81112e-05	
8.3	0.0824864	7.83504e-06	0.083129	2.77804e-05	0.0824864	7.83504e-06	0.083129	2.77804e-05	
8.32	0.0823503	7.7487e-06	0.0829891	2.7454e-05	0.0823503	7.7487e-06	0.0829891	2.7454e-05	
8.34	0.0822146	7.66325e-06	0.0828496	2.71318e-05	0.0822146	7.66325e-06	0.0828496	2.71318e-05	
8.36	0.0820793	7.57868e-06	0.0827106	2.68138e-05	0.0820793	7.57868e-06	0.0827106	2.68138e-05	
8.38	0.0819445	7.495e-06	0.0825721	2.65e-05	0.0819445	7.495e-06	0.0825721	2.65e-05	
8.4	0.0818101	7.41218e-06	0.0824341	2.61903e-05	0.0818101	7.41218e-06	0.0824341	2.61903e-05	
8.42	0.0816762	7.33023e-06	0.0822965	2.58846e-05	0.0816762	7.33023e-06	0.0822965	2.58846e-05	
8.44	0.0815427	7.24914e-06	0.0821594	2.5583e-05	0.0815427	7.24914e-06	0.0821594	2.5583e-05	
8.46	0.0814096	7.16891e-06	0.0820228	2.52852e-05	0.0814096	7.16891e-06	0.0820228	2.52852e-05	
8.48	0.081277	7.08953e-06	0.0818866	2.49914e-05	0.081277	7.08953e-06	0.0818866	2.49914e-05	
8.5	0.0811448	7.01099e-06	0.0817509	2.47014e-05	0.0811448	7.01099e-06	0.0817509	2.47014e-05	
8.52	0.081013	6.93329e-06	0.0816156	2.44151e-05	0.081013	6.93329e-06	0.0816156	2.44151e-05	
8.54	0.0808816	6.85642e-06	0.0814808	2.41326e-05	0.0808816	6.85642e-06	0.0814808	2.41326e-05	
8.56	0.0807507	6.78037e-06	0.0813465	2.38537e-05	0.0807507	6.78037e-06	0.0813465	2.38537e-05	
8.58	0.0806202	6.70514e-06	0.0812126	2.35785e-05	0.0806202	6.70514e-06	0.0812126	2.35785e-05	
8.6	0.0804902	6.63072e-06	0.0810791	2.33068e-05	0.0804902	6.63072e-06	0.0810791	2.33068e-05	
8.62	0.0803605	6.5571e-06	0.0809461	2.30387e-05	0.0803605	6.5571e-06	0.0809461	2.30387e-05	
8.64	0.0802313	6.48429e-06	0.0808136	2.2774e-05	0.0802313	6.48429e-06	0.0808136	2.2774e-05	
8.66	0.0801025	6.41226e-06	0.0806814	2.25127e-05	0.0801025	6.41226e-06	0.0806814	2.25127e-05	
8.68	0.0799741	6.34102e-06	0.0805497	2.22548e-05	0.0799741	6.34102e-06	0.0805497	2.22548e-05	
8.7	0.0798461	6.27056e-06	0.0804185	2.20003e-05	0.0798461	6.27056e-06	0.0804185	2.20003e-05	
8.72	0.0797185	6.20086e-06	0.0802877	2.1749e-05	0.0797185	6.20086e-06	0.0802877	2.1749e-05	
8.74	0.0795913	6.13193e-06	0.0801573	2.15009e-05	0.0795913	6.13193e-06	0.0801573	2.15009e-05	
8.76	0.0794645	6.06376e-06	0.0800273	2.12561e-05	0.0794645	6.06376e-06	0.0800273	2.12561e-05	
8.78	0.0793382	5.99634e-06	0.0798978	2.10144e-05	0.0793382	5.99634e-06	0.0798978	2.10144e-05	
8.8	0.0792122	5.92967e-06	0.0797687	2.07758e-05	0.0792122	5.92967e-06	0.0797687	2.07758e-05	
8.82	0.0790866	5.86373e-06	0.07964	2.05402e-05	0.0790866	5.86373e-06	0.07964	2.05402e-05	
8.84	0.0789615	5.79852e-06	0.0795118	2.03077e-05	0.0789615	5.79852e-06	0.0795118	2.03077e-05	
8.86	0.0788367	5.73403e-06	0.0793839	2.00782e-05	0.0788367	5.73403e-06	0.0793839	2.00782e-05	
8.88	0.0787123	5.67026e-06	0.0792565	1.98515e-05	0.0787123	5.67026e-06	0.0792565	1.98515e-05	
8.9	0.0785883	5.6072e-06	0.0791295	1.96278e-05	0.0785883	5.6072e-06	0.0791295	1.96278e-05	
8.92	0.0784647	5.54484e-06	0.0790029	1.94069e-05	0.0784647	5.54484e-06	0.0790029	1.94069e-05	
8.94	0.0783415	5.48318e-06	0.0788767	1.91889e-05	0.0783415	5.48318e-06	0.0788767	1.91889e-05	
8.96	0.0782187	5.42221e-06	0.078751	1.89736e-05	0.0782187	5.42221e-06	0.078751	1.89736e-05	
8.98	0.0780963	5.36192e-06	0.0786256	1.8761e-05	0.0780963	5.36192e-06	0.0786256	1.8761e-05	
9	0.0779742	5.3023e-06	0.0785006	1.85512e-05	0.0779742	5.3023e-06	0.0785006	1.85512e-05	
9.02	0.0778525	5.24335e-06	0.0783761	1.8344e-05	0.0778525	5.24335e-06	0.0783761	1.8344e-05	
9.04	0.0777312	5.18507e-06	0.0782519	1.81394e-05	0.0777312	5.18507e-06	0.0782519	1.81394e-05	
9.06	0.0776103	5.12744e-06	0.0781282	1.79375e-05	0.0776103	5.12744e-06	0.0781282	1.79375e-05	
9.08	0.0774898	5.07046e-06	0.0780048	1.7738e-05	0.0774898	5.07046e-06	0.0780048	1.7738e-05	
9.1	0.0773696	5.01412e-06	0.0778818	1.75411e-05	0.0773696	5.01412e-06	0.0778818	1.75411e-05	
9.12	0.0772498	4.95841e-06	0.0777593	1.73467e-05	0.0772498	4.95841e-06	0.0777593	1.73467e-05	
9.14	0.0771304	4.90334e-06	0.0776371	1.71547e-05	0.0771304	4.90334e-06	0.0776371	1.71547e-05	
9.16	0.0770114	4.84889e-06	0.0775153	1.69651e-05	0.0770114	4.84889e-06	0.0775153	1.69651e-05	
9.18	0.0768927	4.79505e-06	0.0773939	1.67779e-05	0.0768927	4.79505e-06	0.0773939	1.67779e-05	
9.2	0.0767744	4.74182e-06	0.0772729	1.65931e-05	0.0767744	4.74182e-06	0.0772729	1.65931e-05	
9.22	0.0766564	4.6892e-06	0.0771522	1.64106e-05	0.0766564	4.6892e-06	0.0771522	1.64106e-05	
9.24	0.0765388	4.63717e-06	0.077032	1.62303e-05	0.0765388	4.63717e-06	0.077032	1.62303e-05	
9.26	0.0764216	4.58573e-06	0.0769121	1.60524e-05	0.0764216	4.58573e-06	0.0769121	1.60524e-05	
9.28	0.0763047	4.53487e-06	0.0767926	1.58766e-05	0.0763047	4.53487e-06	0.0767926	1.58766e-05	
9.3	0.0761882	4.48459e-06	0.0766735	1.5703e-05	0.0761882	4.48459e-06	0.0766735	1.5703e-05	
9.32	0.076072	4.43489e-06	0.0765547	1.55316e-05	0.076072	4.43489e-06	0.0765547	1.55316e-05	
9.34	0.0759562	4.38575e-06	0.0764364	1.53623e-05	0.0759562	4.38575e-06	0.0764364	1.53623e-05	
9.36	0.0758408	4.33716e-06	0.0763184	1.51951e-05	0.0758408	4.33716e-06	0.0763184	1.51951e-05	
9.38	0.0757257	4.28913e-06	0.0762007	1.503e-05	0.0757257	4.28913e-06	0.0762007	1.503e-05	
9.4	0.0756109	4.24165e-06	0.0760835	1.4867e-05	0.0756109	4.24165e-06	0.0760835	1.4867e-05	
9.42	0.0754965	4.19471e-06	0.0759666	1.47059e-05	0.0754965	4.19471e-06	0.0759666	1.47059e-05	
9.44	0.0753825	4.1483e-06	0.07585	1.45468e-05	0.0753825	4.1483e-06	0.07585	1.45468e-05	
9.46	0.0752688	4.10242e-06	0.0757339	1.43897e-05	0.0752688	4.10242e-06	0.0757339	1.43897e-05	
9.48	0.0751554	4.05706e-06	0.075618	1.42346e-05	0.0751554	4.05706e-06	0.075618	1.42346e-05	
9.5	0.0750424	4.01223e-06	0.0755026	1.40813e-05	0.0750424	4.01223e-06	0.0755026	1.40813e-05	
9.52	0.0749297	3.9679e-06	0.0753875	1.393e-05	0.0749297	3.9679e-06	0.0753875	1.393e-05	
9.54	0.0748173	3.92408e-06	0.0752727	1.37805e-05	0.0748173	3.92408e-06	0.0752727	1.37805e-05	
9.56	0.0747053	3.88075e-06	0.0751584	1.36328e-05	0.0747053	3.88075e-06	0.0751584	1.36328e-05	
9.58	0.0745936	3.83793e-06	0.0750443	1.34869e-05	0.0745936	3.83793e-06	0.0750443	1.34869e-05	
9.6	0.0744823	3.79559e-06	0.0749306	1.33428e-05	0.0744823	3.79559e-06	0.0749306	1.33428e-05	
9.62	0.0743713	3.75373e-06	0.0748173	1.32005e-05	0.0743713	3.75373e-06	0.0748173	1.32005e-05	
9.64	0.0742606	3.71236e-06	0.0747043	1.30599e-05	0.0742606	3.71236e-06	0.0747043	1.30599e-05	
9.66	0.0741502	3.67145e-06	0.0745917	1.2921e-05	0.0741502	3.67145e-06	0.0745917	1.2921e-05	
9.68	0.0740402	3.63101e-06	0.0744794	1.27838e-05	0.0740402	3.63101e-06	0.0744794	1.27838e-05	
9.7	0.0739305	3.59104e-06	0.0743674	1.26483e-05	0.0739305	3.59104e-06	0.0743674	1.26483e-05	
9.72	0.0738212	3.55152e-06	0.0742558	1.25144e-05	0.0738212	3.55152e-06	0.0742558	1.25144e-05	
9.74	0.0737121	3.51245e-06	0.0741445	1.23821e-05	0.0737121	3.51245e-06	0.0741445	1.23821e-05	
9.76	0.0736034	3.47382e-06	0.0740336	1.22515e-05	0.0736034	3.47382e-06	0.0740336	1.22515e-05	
9.78	0.073495	3.43564e-06	0.073923	1.21224e-05	0.073495	3.43564e-06	0.073923	1.21224e-05	
9.8	0.0733869	3.3979e-06	0.0738127	1.19948e-05	0.0733869	3.3979e-06	0.0738127	1.19948e-05	
9.82	0.0732791	3.36058e-06	0.0737027	1.18688e-05	0.0732791	3.36058e-06	0.0737027	1.18688e-05	
9.84	0.0731717	3.32369e-06	0.0735931	1.17443e-05	0.0731717	3.32369e-06	0.0735931	1.17443e-05	
9.86	0.0730645	3.28723e-06	0.0734839	1.16214e-05	0.0730645	3.28723e-06	0.0734839	1.16214e-05	
9.88	0.0729577	3.25117e-06	0.0733749	1.14998e-05	0.0729577	3.25117e-06	0.0733749	1.14998e-05	
9.9	0.0728512	3.21553e-06	0.0732663	1.13798e-05	0.0728512	3.21553e-06	0.0732663	1.13798e-05	
9.92	0.072745	3.1803e-06	0.073158	1.12612e-05	0.072745	3.1803e-06	0.073158	1.12612e-05	
9.94	0.0726391	3.14547e-06	0.07305	1.11439e-05	0.0726391	3.14547e-06	0.07305	1.11439e-05	
9.96	0.0725335	3.11103e-06	0.0729424	1.10281e-05	0.0725335	3.11103e-06	0.0729424	1.10281e-05	
9.98	0.0724283	3.07699e-06	0.0728351	1.09137e-05	0.0724283	3.07699e-06	0.0728351	1.09137e-05	
