-10	-0.108372	-0.000738206	-0.111542	0.00295191	-0.108372	-0.000738206	-0.111542	0.00295191	
-9.98	-0.108622	-0.000746948	-0.11182	0.00300995	-0.108622	-0.000746948	-0.11182	0.00300995	
-9.96	-0.108872	-0.000755797	-0.112099	0.003069	-0.108872	-0.000755797	-0.112099	0.003069	
-9.94	-0.109124	-0.000764755	-0.112379	0.00312909	-0.109124	-0.000764755	-0.112379	0.00312909	
-9.92	-0.109377	-0.000773823	-0.112661	0.00319022	-0.109377	-0.000773823	-0.112661	0.00319022	
-9.9	-0.109632	-0.000783002	-0.112944	0.00325241	-0.109632	-0.000783002	-0.112944	0.00325241	
-9.88	-0.109887	-0.000792295	-0.113228	0.0033157	-0.109887	-0.000792295	-0.113228	0.0033157	
-9.86	-0.110144	-0.000801701	-0.113514	0.00338009	-0.110144	-0.000801701	-0.113514	0.00338009	
-9.84	-0.110402	-0.000811223	-0.113801	0.00344561	-0.110402	-0.000811223	-0.113801	0.00344561	
-9.82	-0.110661	-0.000820863	-0.11409	0.00351228	-0.110661	-0.000820863	-0.11409	0.00351228	
-9.8	-0.110922	-0.000830622	-0.11438	0.00358012	-0.110922	-0.000830622	-0.11438	0.00358012	
-9.78	-0.111184	-0.000840501	-0.114672	0.00364915	-0.111184	-0.000840501	-0.114672	0.00364915	
-9.76	-0.111447	-0.000850503	-0.114965	0.00371939	-0.111447	-0.000850503	-0.114965	0.00371939	
-9.74	-0.111711	-0.000860628	-0.115259	0.00379086	-0.111711	-0.000860628	-0.115259	0.00379086	
-9.72	-0.111977	-0.000870879	-0.115555	0.00386359	-0.111977	-0.000870879	-0.115555	0.00386359	
-9.7	-0.112244	-0.000881257	-0.115852	0.00393761	-0.112244	-0.000881257	-0.115852	0.00393761	
-9.68	-0.112513	-0.000891763	-0.116151	0.00401292	-0.112513	-0.000891763	-0.116151	0.00401292	
-9.66	-0.112782	-0.0009024	-0.116451	0.00408956	-0.112782	-0.0009024	-0.116451	0.00408956	
-9.64	-0.113053	-0.00091317	-0.116753	0.00416756	-0.113053	-0.00091317	-0.116753	0.00416756	
-9.62	-0.113326	-0.000924073	-0.117056	0.00424693	-0.113326	-0.000924073	-0.117056	0.00424693	
-9.6	-0.113599	-0.000935112	-0.11736	0.0043277	-0.113599	-0.000935112	-0.11736	0.0043277	
-9.58	-0.113875	-0.000946289	-0.117666	0.00440989	-0.113875	-0.000946289	-0.117666	0.00440989	
-9.56	-0.114151	-0.000957605	-0.117974	0.00449354	-0.114151	-0.000957605	-0.117974	0.00449354	
-9.54	-0.114429	-0.000969063	-0.118283	0.00457867	-0.114429	-0.000969063	-0.118283	0.00457867	
-9.52	-0.114708	-0.000980664	-0.118593	0.00466531	-0.114708	-0.000980664	-0.118593	0.00466531	
-9.5	-0.114989	-0.00099241	-0.118905	0.00475347	-0.114989	-0.00099241	-0.118905	0.00475347	
-9.48	-0.115271	-0.0010043	-0.119218	0.0048432	-0.115271	-0.0010043	-0.119218	0.0048432	
-9.46	-0.115555	-0.00101634	-0.119533	0.00493452	-0.115555	-0.00101634	-0.119533	0.00493452	
-9.44	-0.11584	-0.00102854	-0.119849	0.00502745	-0.11584	-0.00102854	-0.119849	0.00502745	
-9.42	-0.116127	-0.00104088	-0.120167	0.00512203	-0.116127	-0.00104088	-0.120167	0.00512203	
-9.4	-0.116415	-0.00105339	-0.120486	0.00521829	-0.116415	-0.00105339	-0.120486	0.00521829	
-9.38	-0.116704	-0.00106605	-0.120806	0.00531625	-0.116704	-0.00106605	-0.120806	0.00531625	
-9.36	-0.116995	-0.00107886	-0.121128	0.00541595	-0.116995	-0.00107886	-0.121128	0.00541595	
-9.34	-0.117288	-0.00109184	-0.121452	0.00551741	-0.117288	-0.00109184	-0.121452	0.00551741	
-9.32	-0.117582	-0.00110499	-0.121777	0.00562068	-0.117582	-0.00110499	-0.121777	0.00562068	
-9.3	-0.117877	-0.0011183	-0.122103	0.00572577	-0.117877	-0.0011183	-0.122103	0.00572577	
-9.28	-0.118174	-0.00113178	-0.122431	0.00583273	-0.118174	-0.00113178	-0.122431	0.00583273	
-9.26	-0.118473	-0.00114542	-0.122761	0.00594158	-0.118473	-0.00114542	-0.122761	0.00594158	
-9.24	-0.118773	-0.00115925	-0.123091	0.00605237	-0.118773	-0.00115925	-0.123091	0.00605237	
-9.22	-0.119075	-0.00117324	-0.123424	0.00616512	-0.119075	-0.00117324	-0.123424	0.00616512	
-9.2	-0.119378	-0.00118742	-0.123757	0.00627986	-0.119378	-0.00118742	-0.123757	0.00627986	
-9.18	-0.119683	-0.00120177	-0.124092	0.00639664	-0.119683	-0.00120177	-0.124092	0.00639664	
-9.16	-0.11999	-0.00121631	-0.124429	0.00651549	-0.11999	-0.00121631	-0.124429	0.00651549	
-9.14	-0.120298	-0.00123103	-0.124767	0.00663644	-0.120298	-0.00123103	-0.124767	0.00663644	
-9.12	-0.120608	-0.00124594	-0.125106	0.00675953	-0.120608	-0.00124594	-0.125106	0.00675953	
-9.1	-0.120919	-0.00126104	-0.125447	0.0068848	-0.120919	-0.00126104	-0.125447	0.0068848	
-9.08	-0.121232	-0.00127633	-0.125789	0.00701228	-0.121232	-0.00127633	-0.125789	0.00701228	
-9.06	-0.121547	-0.00129182	-0.126132	0.00714201	-0.121547	-0.00129182	-0.126132	0.00714201	
-9.04	-0.121864	-0.00130751	-0.126477	0.00727404	-0.121864	-0.00130751	-0.126477	0.00727404	
-9.02	-0.122182	-0.0013234	-0.126823	0.0074084	-0.122182	-0.0013234	-0.126823	0.0074084	
-9	-0.122502	-0.00133949	-0.127171	0.00754512	-0.122502	-0.00133949	-0.127171	0.00754512	
-8.98	-0.122824	-0.00135578	-0.127519	0.00768425	-0.122824	-0.00135578	-0.127519	0.00768425	
-8.96	-0.123147	-0.00137229	-0.127869	0.00782583	-0.123147	-0.00137229	-0.127869	0.00782583	
-8.94	-0.123472	-0.00138901	-0.128221	0.0079699	-0.123472	-0.00138901	-0.128221	0.0079699	
-8.92	-0.123799	-0.00140594	-0.128573	0.0081165	-0.123799	-0.00140594	-0.128573	0.0081165	
-8.9	-0.124128	-0.00142309	-0.128927	0.00826567	-0.124128	-0.00142309	-0.128927	0.00826567	
-8.88	-0.124459	-0.00144046	-0.129283	0.00841745	-0.124459	-0.00144046	-0.129283	0.00841745	
-8.86	-0.124791	-0.00145806	-0.129639	0.00857189	-0.124791	-0.00145806	-0.129639	0.00857189	
-8.84	-0.125125	-0.00147588	-0.129997	0.00872902	-0.125125	-0.00147588	-0.129997	0.00872902	
-8.82	-0.125461	-0.00149394	-0.130355	0.0088889	-0.125461	-0.00149394	-0.130355	0.0088889	
-8.8	-0.125799	-0.00151223	-0.130715	0.00905155	-0.125799	-0.00151223	-0.130715	0.00905155	
-8.78	-0.126139	-0.00153075	-0.131076	0.00921704	-0.126139	-0.00153075	-0.131076	0.00921704	
-8.76	-0.126481	-0.00154951	-0.131438	0.0093854	-0.126481	-0.00154951	-0.131438	0.0093854	
-8.74	-0.126824	-0.00156852	-0.131801	0.00955667	-0.126824	-0.00156852	-0.131801	0.00955667	
-8.72	-0.12717	-0.00158778	-0.132166	0.0097309	-0.12717	-0.00158778	-0.132166	0.0097309	
-8.7	-0.127517	-0.00160728	-0.132531	0.00990814	-0.127517	-0.00160728	-0.132531	0.00990814	
-8.68	-0.127866	-0.00162704	-0.132897	0.0100884	-0.127866	-0.00162704	-0.132897	0.0100884	
-8.66	-0.128218	-0.00164706	-0.133264	0.0102718	-0.128218	-0.00164706	-0.133264	0.0102718	
-8.64	-0.128571	-0.00166734	-0.133632	0.0104583	-0.128571	-0.00166734	-0.133632	0.0104583	
-8.62	-0.128927	-0.00168788	-0.134001	0.010648	-0.128927	-0.00168788	-0.134001	0.010648	
-8.6	-0.129284	-0.00170869	-0.134371	0.010841	-0.129284	-0.00170869	-0.134371	0.010841	
-8.58	-0.129643	-0.00172977	-0.134741	0.0110372	-0.129643	-0.00172977	-0.134741	0.0110372	
-8.56	-0.130005	-0.00175113	-0.135113	0.0112367	-0.130005	-0.00175113	-0.135113	0.0112367	
-8.54	-0.130368	-0.00177277	-0.135485	0.0114396	-0.130368	-0.00177277	-0.135485	0.0114396	
-8.52	-0.130734	-0.00179469	-0.135858	0.011646	-0.130734	-0.00179469	-0.135858	0.011646	
-8.5	-0.131102	-0.0018169	-0.136231	0.0118557	-0.131102	-0.0018169	-0.136231	0.0118557	
-8.48	-0.131472	-0.00183941	-0.136605	0.012069	-0.131472	-0.00183941	-0.136605	0.012069	
-8.46	-0.131844	-0.00186221	-0.136979	0.0122858	-0.131844	-0.00186221	-0.136979	0.0122858	
-8.44	-0.132218	-0.0018853	-0.137354	0.0125063	-0.132218	-0.0018853	-0.137354	0.0125063	
-8.42	-0.132594	-0.00190871	-0.137729	0.0127303	-0.132594	-0.00190871	-0.137729	0.0127303	
-8.4	-0.132973	-0.00193242	-0.138105	0.0129581	-0.132973	-0.00193242	-0.138105	0.0129581	
-8.38	-0.133353	-0.00195645	-0.138481	0.0131895	-0.133353	-0.00195645	-0.138481	0.0131895	
-8.36	-0.133736	-0.00198079	-0.138857	0.0134248	-0.133736	-0.00198079	-0.138857	0.0134248	
-8.34	-0.134121	-0.00200546	-0.139234	0.0136638	-0.134121	-0.00200546	-0.139234	0.0136638	
-8.32	-0.134509	-0.00203045	-0.139611	0.0139067	-0.134509	-0.00203045	-0.139611	0.0139067	
-8.3	-0.134899	-0.00205577	-0.139987	0.0141536	-0.134899	-0.00205577	-0.139987	0.0141536	
-8.28	-0.135291	-0.00208143	-0.140364	0.0144043	-0.135291	-0.00208143	-0.140364	0.0144043	
-8.26	-0.135685	-0.00210743	-0.14074	0.014659	-0.135685	-0.00210743	-0.14074	0.014659	
-8.24	-0.136082	-0.00213378	-0.141117	0.0149178	-0.136082	-0.00213378	-0.141117	0.0149178	
-8.22	-0.136481	-0.00216048	-0.141493	0.0151805	-0.136481	-0.00216048	-0.141493	0.0151805	
-8.2	-0.136883	-0.00218754	-0.141869	0.0154474	-0.136883	-0.00218754	-0.141869	0.0154474	
-8.18	-0.137286	-0.00221495	-0.142244	0.0157184	-0.137286	-0.00221495	-0.142244	0.0157184	
-8.16	-0.137693	-0.00224273	-0.142619	0.0159936	-0.137693	-0.00224273	-0.142619	0.0159936	
-8.14	-0.138102	-0.00227089	-0.142994	0.016273	-0.138102	-0.00227089	-0.142994	0.016273	
-8.12	-0.138513	-0.00229942	-0.143368	0.0165566	-0.138513	-0.00229942	-0.143368	0.0165566	
-8.1	-0.138927	-0.00232833	-0.143741	0.0168444	-0.138927	-0.00232833	-0.143741	0.0168444	
-8.08	-0.139343	-0.00235763	-0.144113	0.0171365	-0.139343	-0.00235763	-0.144113	0.0171365	
-8.06	-0.139762	-0.00238732	-0.144485	0.017433	-0.139762	-0.00238732	-0.144485	0.017433	
-8.04	-0.140183	-0.00241742	-0.144855	0.0177338	-0.140183	-0.00241742	-0.144855	0.0177338	
-8.02	-0.140607	-0.00244792	-0.145225	0.0180389	-0.140607	-0.00244792	-0.145225	0.0180389	
-8	-0.141033	-0.00247883	-0.145593	0.0183485	-0.141033	-0.00247883	-0.145593	0.0183485	
-7.98	-0.141462	-0.00251015	-0.14596	0.0186624	-0.141462	-0.00251015	-0.14596	0.0186624	
-7.96	-0.141894	-0.0025419	-0.146325	0.0189807	-0.141894	-0.0025419	-0.146325	0.0189807	
-7.94	-0.142329	-0.00257408	-0.146689	0.0193035	-0.142329	-0.00257408	-0.146689	0.0193035	
-7.92	-0.142766	-0.0026067	-0.147052	0.0196307	-0.142766	-0.0026067	-0.147052	0.0196307	
-7.9	-0.143206	-0.00263975	-0.147412	0.0199624	-0.143206	-0.00263975	-0.147412	0.0199624	
-7.88	-0.143648	-0.00267326	-0.147771	0.0202985	-0.143648	-0.00267326	-0.147771	0.0202985	
-7.86	-0.144094	-0.00270721	-0.148128	0.0206391	-0.144094	-0.00270721	-0.148128	0.0206391	
-7.84	-0.144542	-0.00274163	-0.148483	0.0209841	-0.144542	-0.00274163	-0.148483	0.0209841	
-7.82	-0.144993	-0.00277652	-0.148835	0.0213336	-0.144993	-0.00277652	-0.148835	0.0213336	
-7.8	-0.145447	-0.00281189	-0.149185	0.0216876	-0.145447	-0.00281189	-0.149185	0.0216876	
-7.78	-0.145903	-0.00284773	-0.149533	0.022046	-0.145903	-0.00284773	-0.149533	0.022046	
-7.76	-0.146363	-0.00288407	-0.149879	0.0224088	-0.146363	-0.00288407	-0.149879	0.0224088	
-7.74	-0.146825	-0.0029209	-0.150221	0.022776	-0.146825	-0.0029209	-0.150221	0.022776	
-7.72	-0.147291	-0.00295824	-0.150561	0.0231476	-0.147291	-0.00295824	-0.150561	0.0231476	
-7.7	-0.147759	-0.00299608	-0.150898	0.0235236	-0.147759	-0.00299608	-0.150898	0.0235236	
-7.68	-0.14823	-0.00303445	-0.151231	0.0239039	-0.14823	-0.00303445	-0.151231	0.0239039	
-7.66	-0.148705	-0.00307334	-0.151562	0.0242885	-0.148705	-0.00307334	-0.151562	0.0242885	
-7.64	-0.149182	-0.00311277	-0.151889	0.0246774	-0.149182	-0.00311277	-0.151889	0.0246774	
-7.62	-0.149662	-0.00315274	-0.152213	0.0250704	-0.149662	-0.00315274	-0.152213	0.0250704	
-7.6	-0.150146	-0.00319326	-0.152533	0.0254677	-0.150146	-0.00319326	-0.152533	0.0254677	
-7.58	-0.150633	-0.00323434	-0.152849	0.025869	-0.150633	-0.00323434	-0.152849	0.025869	
-7.56	-0.151122	-0.00327599	-0.153162	0.0262744	-0.151122	-0.00327599	-0.153162	0.0262744	
-7.54	-0.151615	-0.00331821	-0.15347	0.0266838	-0.151615	-0.00331821	-0.15347	0.0266838	
-7.52	-0.152112	-0.00336102	-0.153774	0.0270972	-0.152112	-0.00336102	-0.153774	0.0270972	
-7.5	-0.152611	-0.00340442	-0.154074	0.0275144	-0.152611	-0.00340442	-0.154074	0.0275144	
-7.48	-0.153114	-0.00344842	-0.15437	0.0279353	-0.153114	-0.00344842	-0.15437	0.0279353	
-7.46	-0.15362	-0.00349303	-0.154661	0.02836	-0.15362	-0.00349303	-0.154661	0.02836	
-7.44	-0.154129	-0.00353826	-0.154947	0.0287883	-0.154129	-0.00353826	-0.154947	0.0287883	
-7.42	-0.154642	-0.00358413	-0.155228	0.02922	-0.154642	-0.00358413	-0.155228	0.02922	
-7.4	-0.155158	-0.00363063	-0.155505	0.0296552	-0.155158	-0.00363063	-0.155505	0.0296552	
-7.38	-0.155677	-0.00367778	-0.155776	0.0300937	-0.155677	-0.00367778	-0.155776	0.0300937	
-7.36	-0.1562	-0.00372559	-0.156042	0.0305354	-0.1562	-0.00372559	-0.156042	0.0305354	
-7.34	-0.156726	-0.00377407	-0.156302	0.0309801	-0.156726	-0.00377407	-0.156302	0.0309801	
-7.32	-0.157256	-0.00382323	-0.156557	0.0314278	-0.157256	-0.00382323	-0.156557	0.0314278	
-7.3	-0.15779	-0.00387308	-0.156807	0.0318783	-0.15779	-0.00387308	-0.156807	0.0318783	
-7.28	-0.158327	-0.00392363	-0.157051	0.0323316	-0.158327	-0.00392363	-0.157051	0.0323316	
-7.26	-0.158867	-0.00397488	-0.157288	0.0327873	-0.158867	-0.00397488	-0.157288	0.0327873	
-7.24	-0.159412	-0.00402687	-0.15752	0.0332455	-0.159412	-0.00402687	-0.15752	0.0332455	
-7.22	-0.159959	-0.00407958	-0.157746	0.0337059	-0.159959	-0.00407958	-0.157746	0.0337059	
-7.2	-0.160511	-0.00413304	-0.157965	0.0341684	-0.160511	-0.00413304	-0.157965	0.0341684	
-7.18	-0.161066	-0.00418725	-0.158178	0.0346328	-0.161066	-0.00418725	-0.158178	0.0346328	
-7.16	-0.161625	-0.00424223	-0.158385	0.035099	-0.161625	-0.00424223	-0.158385	0.035099	
-7.14	-0.162188	-0.00429799	-0.158585	0.0355667	-0.162188	-0.00429799	-0.158585	0.0355667	
-7.12	-0.162755	-0.00435454	-0.158778	0.0360359	-0.162755	-0.00435454	-0.158778	0.0360359	
-7.1	-0.163325	-0.0044119	-0.158965	0.0365062	-0.163325	-0.0044119	-0.158965	0.0365062	
-7.08	-0.1639	-0.00447007	-0.159145	0.0369777	-0.1639	-0.00447007	-0.159145	0.0369777	
-7.06	-0.164478	-0.00452907	-0.159318	0.0374499	-0.164478	-0.00452907	-0.159318	0.0374499	
-7.04	-0.165061	-0.00458892	-0.159484	0.0379228	-0.165061	-0.00458892	-0.159484	0.0379228	
-7.02	-0.165647	-0.00464961	-0.159643	0.0383961	-0.165647	-0.00464961	-0.159643	0.0383961	
-7	-0.166237	-0.00471118	-0.159795	0.0388696	-0.166237	-0.00471118	-0.159795	0.0388696	
-6.98	-0.166832	-0.00477363	-0.15994	0.0393431	-0.166832	-0.00477363	-0.15994	0.0393431	
-6.96	-0.16743	-0.00483698	-0.160077	0.0398165	-0.16743	-0.00483698	-0.160077	0.0398165	
-6.94	-0.168033	-0.00490124	-0.160208	0.0402894	-0.168033	-0.00490124	-0.160208	0.0402894	
-6.92	-0.16864	-0.00496642	-0.160331	0.0407616	-0.16864	-0.00496642	-0.160331	0.0407616	
-6.9	-0.169251	-0.00503254	-0.160446	0.041233	-0.169251	-0.00503254	-0.160446	0.041233	
-6.88	-0.169867	-0.00509962	-0.160555	0.0417033	-0.169867	-0.00509962	-0.160555	0.0417033	
-6.86	-0.170487	-0.00516767	-0.160656	0.0421722	-0.170487	-0.00516767	-0.160656	0.0421722	
-6.84	-0.171111	-0.0052367	-0.16075	0.0426396	-0.171111	-0.0052367	-0.16075	0.0426396	
-6.82	-0.171739	-0.00530673	-0.160836	0.0431052	-0.171739	-0.00530673	-0.160836	0.0431052	
-6.8	-0.172372	-0.00537779	-0.160915	0.0435687	-0.172372	-0.00537779	-0.160915	0.0435687	
-6.78	-0.173009	-0.00544987	-0.160987	0.04403	-0.173009	-0.00544987	-0.160987	0.04403	
-6.76	-0.173651	-0.00552301	-0.161052	0.0444887	-0.173651	-0.00552301	-0.161052	0.0444887	
-6.74	-0.174298	-0.00559722	-0.161109	0.0449447	-0.174298	-0.00559722	-0.161109	0.0449447	
-6.72	-0.174949	-0.00567251	-0.16116	0.0453978	-0.174949	-0.00567251	-0.16116	0.0453978	
-6.7	-0.175604	-0.0057489	-0.161203	0.0458476	-0.175604	-0.0057489	-0.161203	0.0458476	
-6.68	-0.176264	-0.00582642	-0.161239	0.0462939	-0.176264	-0.00582642	-0.161239	0.0462939	
-6.66	-0.176929	-0.00590507	-0.161268	0.0467365	-0.176929	-0.00590507	-0.161268	0.0467365	
-6.64	-0.177599	-0.00598489	-0.16129	0.0471752	-0.177599	-0.00598489	-0.16129	0.0471752	
-6.62	-0.178274	-0.00606588	-0.161306	0.0476098	-0.178274	-0.00606588	-0.161306	0.0476098	
-6.6	-0.178953	-0.00614807	-0.161314	0.04804	-0.178953	-0.00614807	-0.161314	0.04804	
-6.58	-0.179637	-0.00623147	-0.161316	0.0484655	-0.179637	-0.00623147	-0.161316	0.0484655	
-6.56	-0.180326	-0.00631612	-0.161312	0.0488862	-0.180326	-0.00631612	-0.161312	0.0488862	
-6.54	-0.18102	-0.00640202	-0.161301	0.0493019	-0.18102	-0.00640202	-0.161301	0.0493019	
-6.52	-0.181719	-0.00648919	-0.161284	0.0497122	-0.181719	-0.00648919	-0.161284	0.0497122	
-6.5	-0.182423	-0.00657767	-0.161261	0.0501171	-0.182423	-0.00657767	-0.161261	0.0501171	
-6.48	-0.183133	-0.00666747	-0.161232	0.0505163	-0.183133	-0.00666747	-0.161232	0.0505163	
-6.46	-0.183847	-0.00675862	-0.161197	0.0509096	-0.183847	-0.00675862	-0.161197	0.0509096	
-6.44	-0.184567	-0.00685113	-0.161157	0.0512969	-0.184567	-0.00685113	-0.161157	0.0512969	
-6.42	-0.185291	-0.00694504	-0.161111	0.0516778	-0.185291	-0.00694504	-0.161111	0.0516778	
-6.4	-0.186022	-0.00704036	-0.161059	0.0520523	-0.186022	-0.00704036	-0.161059	0.0520523	
-6.38	-0.186757	-0.00713711	-0.161003	0.0524201	-0.186757	-0.00713711	-0.161003	0.0524201	
-6.36	-0.187498	-0.00723533	-0.160942	0.0527811	-0.187498	-0.00723533	-0.160942	0.0527811	
-6.34	-0.188244	-0.00733504	-0.160875	0.0531351	-0.188244	-0.00733504	-0.160875	0.0531351	
-6.32	-0.188996	-0.00743626	-0.160805	0.053482	-0.188996	-0.00743626	-0.160805	0.053482	
-6.3	-0.189753	-0.00753903	-0.16073	0.0538216	-0.189753	-0.00753903	-0.16073	0.0538216	
-6.28	-0.190515	-0.00764336	-0.160651	0.0541538	-0.190515	-0.00764336	-0.160651	0.0541538	
-6.26	-0.191284	-0.00774928	-0.160567	0.0544784	-0.191284	-0.00774928	-0.160567	0.0544784	
-6.24	-0.192058	-0.00785683	-0.16048	0.0547952	-0.192058	-0.00785683	-0.16048	0.0547952	
-6.22	-0.192837	-0.00796602	-0.16039	0.0551043	-0.192837	-0.00796602	-0.16039	0.0551043	
-6.2	-0.193623	-0.0080769	-0.160296	0.0554054	-0.193623	-0.0080769	-0.160296	0.0554054	
-6.18	-0.194414	-0.00818949	-0.160199	0.0556984	-0.194414	-0.00818949	-0.160199	0.0556984	
-6.16	-0.195211	-0.00830382	-0.1601	0.0559833	-0.195211	-0.00830382	-0.1601	0.0559833	
-6.14	-0.196014	-0.00841992	-0.159997	0.05626	-0.196014	-0.00841992	-0.159997	0.05626	
-6.12	-0.196823	-0.00853782	-0.159893	0.0565283	-0.196823	-0.00853782	-0.159893	0.0565283	
-6.1	-0.197638	-0.00865755	-0.159786	0.0567882	-0.197638	-0.00865755	-0.159786	0.0567882	
-6.08	-0.198459	-0.00877916	-0.159677	0.0570396	-0.198459	-0.00877916	-0.159677	0.0570396	
-6.06	-0.199286	-0.00890266	-0.159566	0.0572826	-0.199286	-0.00890266	-0.159566	0.0572826	
-6.04	-0.20012	-0.00902811	-0.159454	0.0575169	-0.20012	-0.00902811	-0.159454	0.0575169	
-6.02	-0.200959	-0.00915552	-0.159341	0.0577426	-0.200959	-0.00915552	-0.159341	0.0577426	
-6	-0.201805	-0.00928494	-0.159226	0.0579596	-0.201805	-0.00928494	-0.159226	0.0579596	
-5.98	-0.202657	-0.00941641	-0.159111	0.0581679	-0.202657	-0.00941641	-0.159111	0.0581679	
-5.96	-0.203515	-0.00954996	-0.158995	0.0583676	-0.203515	-0.00954996	-0.158995	0.0583676	
-5.94	-0.20438	-0.00968562	-0.158879	0.0585584	-0.20438	-0.00968562	-0.158879	0.0585584	
-5.92	-0.205252	-0.00982345	-0.158762	0.0587406	-0.205252	-0.00982345	-0.158762	0.0587406	
-5.9	-0.20613	-0.00996348	-0.158646	0.0589139	-0.20613	-0.00996348	-0.158646	0.0589139	
-5.88	-0.207014	-0.0101058	-0.15853	0.0590786	-0.207014	-0.0101058	-0.15853	0.0590786	
-5.86	-0.207905	-0.0102503	-0.158414	0.0592344	-0.207905	-0.0102503	-0.158414	0.0592344	
-5.84	-0.208803	-0.0103972	-0.158299	0.0593816	-0.208803	-0.0103972	-0.158299	0.0593816	
-5.82	-0.209708	-0.0105464	-0.158185	0.0595201	-0.209708	-0.0105464	-0.158185	0.0595201	
-5.8	-0.210619	-0.0106981	-0.158072	0.0596499	-0.210619	-0.0106981	-0.158072	0.0596499	
-5.78	-0.211537	-0.0108522	-0.15796	0.059771	-0.211537	-0.0108522	-0.15796	0.059771	
-5.76	-0.212462	-0.0110089	-0.15785	0.0598836	-0.212462	-0.0110089	-0.15785	0.0598836	
-5.74	-0.213394	-0.011168	-0.157742	0.0599875	-0.213394	-0.011168	-0.157742	0.0599875	
-5.72	-0.214333	-0.0113298	-0.157635	0.060083	-0.214333	-0.0113298	-0.157635	0.060083	
-5.7	-0.21528	-0.0114943	-0.15753	0.06017	-0.21528	-0.0114943	-0.15753	0.06017	
-5.68	-0.216233	-0.0116614	-0.157428	0.0602486	-0.216233	-0.0116614	-0.157428	0.0602486	
-5.66	-0.217193	-0.0118314	-0.157328	0.0603188	-0.217193	-0.0118314	-0.157328	0.0603188	
-5.64	-0.218161	-0.0120041	-0.15723	0.0603807	-0.218161	-0.0120041	-0.15723	0.0603807	
-5.62	-0.219136	-0.0121797	-0.157136	0.0604344	-0.219136	-0.0121797	-0.157136	0.0604344	
-5.6	-0.220119	-0.0123582	-0.157044	0.06048	-0.220119	-0.0123582	-0.157044	0.06048	
-5.58	-0.221108	-0.0125397	-0.156955	0.0605174	-0.221108	-0.0125397	-0.156955	0.0605174	
-5.56	-0.222106	-0.0127243	-0.15687	0.0605468	-0.222106	-0.0127243	-0.15687	0.0605468	
-5.54	-0.223111	-0.0129119	-0.156787	0.0605683	-0.223111	-0.0129119	-0.156787	0.0605683	
-5.52	-0.224123	-0.0131027	-0.156709	0.0605819	-0.224123	-0.0131027	-0.156709	0.0605819	
-5.5	-0.225143	-0.0132968	-0.156634	0.0605877	-0.225143	-0.0132968	-0.156634	0.0605877	
-5.48	-0.226171	-0.0134941	-0.156562	0.0605857	-0.226171	-0.0134941	-0.156562	0.0605857	
-5.46	-0.227206	-0.0136948	-0.156495	0.0605762	-0.227206	-0.0136948	-0.156495	0.0605762	
-5.44	-0.22825	-0.0138989	-0.156431	0.0605591	-0.22825	-0.0138989	-0.156431	0.0605591	
-5.42	-0.229301	-0.0141065	-0.156372	0.0605345	-0.229301	-0.0141065	-0.156372	0.0605345	
-5.4	-0.23036	-0.0143177	-0.156316	0.0605024	-0.23036	-0.0143177	-0.156316	0.0605024	
-5.38	-0.231427	-0.0145325	-0.156265	0.0604631	-0.231427	-0.0145325	-0.156265	0.0604631	
-5.36	-0.232502	-0.0147511	-0.156219	0.0604165	-0.232502	-0.0147511	-0.156219	0.0604165	
-5.34	-0.233586	-0.0149734	-0.156177	0.0603628	-0.233586	-0.0149734	-0.156177	0.0603628	
-5.32	-0.234677	-0.0151996	-0.156139	0.060302	-0.234677	-0.0151996	-0.156139	0.060302	
-5.3	-0.235777	-0.0154297	-0.156107	0.0602342	-0.235777	-0.0154297	-0.156107	0.0602342	
-5.28	-0.236885	-0.0156639	-0.156079	0.0601594	-0.236885	-0.0156639	-0.156079	0.0601594	
-5.26	-0.238001	-0.0159022	-0.156056	0.0600778	-0.238001	-0.0159022	-0.156056	0.0600778	
-5.24	-0.239126	-0.0161447	-0.156037	0.0599894	-0.239126	-0.0161447	-0.156037	0.0599894	
-5.22	-0.240259	-0.0163915	-0.156024	0.0598943	-0.240259	-0.0163915	-0.156024	0.0598943	
-5.2	-0.241401	-0.0166426	-0.156016	0.0597925	-0.241401	-0.0166426	-0.156016	0.0597925	
-5.18	-0.242551	-0.0168983	-0.156013	0.0596842	-0.242551	-0.0168983	-0.156013	0.0596842	
-5.16	-0.24371	-0.0171585	-0.156015	0.0595693	-0.24371	-0.0171585	-0.156015	0.0595693	
-5.14	-0.244878	-0.0174233	-0.156023	0.059448	-0.244878	-0.0174233	-0.156023	0.059448	
-5.12	-0.246054	-0.017693	-0.156036	0.0593204	-0.246054	-0.017693	-0.156036	0.0593204	
-5.1	-0.247239	-0.0179674	-0.156054	0.0591864	-0.247239	-0.0179674	-0.156054	0.0591864	
-5.08	-0.248433	-0.0182469	-0.156077	0.0590461	-0.248433	-0.0182469	-0.156077	0.0590461	
-5.06	-0.249636	-0.0185314	-0.156107	0.0588996	-0.249636	-0.0185314	-0.156107	0.0588996	
-5.04	-0.250848	-0.0188211	-0.156141	0.058747	-0.250848	-0.0188211	-0.156141	0.058747	
-5.02	-0.252069	-0.0191161	-0.156181	0.0585882	-0.252069	-0.0191161	-0.156181	0.0585882	
-5	-0.253299	-0.0194165	-0.156227	0.0584234	-0.253299	-0.0194165	-0.156227	0.0584234	
-4.98	-0.254538	-0.0197225	-0.156278	0.0582525	-0.254538	-0.0197225	-0.156278	0.0582525	
-4.96	-0.255787	-0.020034	-0.156335	0.0580757	-0.255787	-0.020034	-0.156335	0.0580757	
-4.94	-0.257045	-0.0203513	-0.156398	0.0578929	-0.257045	-0.0203513	-0.156398	0.0578929	
-4.92	-0.258312	-0.0206746	-0.156466	0.0577041	-0.258312	-0.0206746	-0.156466	0.0577041	
-4.9	-0.259588	-0.0210038	-0.156541	0.0575095	-0.259588	-0.0210038	-0.156541	0.0575095	
-4.88	-0.260874	-0.0213392	-0.156621	0.057309	-0.260874	-0.0213392	-0.156621	0.057309	
-4.86	-0.262169	-0.0216808	-0.156706	0.0571026	-0.262169	-0.0216808	-0.156706	0.0571026	
-4.84	-0.263474	-0.0220289	-0.156798	0.0568904	-0.263474	-0.0220289	-0.156798	0.0568904	
-4.82	-0.264789	-0.0223836	-0.156896	0.0566724	-0.264789	-0.0223836	-0.156896	0.0566724	
-4.8	-0.266113	-0.0227449	-0.156999	0.0564486	-0.266113	-0.0227449	-0.156999	0.0564486	
-4.78	-0.267447	-0.0231131	-0.157109	0.0562189	-0.267447	-0.0231131	-0.157109	0.0562189	
-4.76	-0.26879	-0.0234883	-0.157224	0.0559835	-0.26879	-0.0234883	-0.157224	0.0559835	
-4.74	-0.270144	-0.0238706	-0.157345	0.0557423	-0.270144	-0.0238706	-0.157345	0.0557423	
-4.72	-0.271507	-0.0242603	-0.157473	0.0554952	-0.271507	-0.0242603	-0.157473	0.0554952	
-4.7	-0.27288	-0.0246574	-0.157606	0.0552424	-0.27288	-0.0246574	-0.157606	0.0552424	
-4.68	-0.274264	-0.0250621	-0.157746	0.0549837	-0.274264	-0.0250621	-0.157746	0.0549837	
-4.66	-0.275657	-0.0254747	-0.157891	0.0547192	-0.275657	-0.0254747	-0.157891	0.0547192	
-4.64	-0.27706	-0.0258952	-0.158043	0.0544488	-0.27706	-0.0258952	-0.158043	0.0544488	
-4.62	-0.278474	-0.0263239	-0.158201	0.0541726	-0.278474	-0.0263239	-0.158201	0.0541726	
-4.6	-0.279897	-0.0267609	-0.158365	0.0538904	-0.279897	-0.0267609	-0.158365	0.0538904	
-4.58	-0.281331	-0.0272065	-0.158535	0.0536023	-0.281331	-0.0272065	-0.158535	0.0536023	
-4.56	-0.282776	-0.0276607	-0.158712	0.0533083	-0.282776	-0.0276607	-0.158712	0.0533083	
-4.54	-0.28423	-0.0281238	-0.158895	0.0530082	-0.28423	-0.0281238	-0.158895	0.0530082	
-4.52	-0.285695	-0.0285961	-0.159084	0.0527021	-0.285695	-0.0285961	-0.159084	0.0527021	
-4.5	-0.28717	-0.0290776	-0.159279	0.0523899	-0.28717	-0.0290776	-0.159279	0.0523899	
-4.48	-0.288656	-0.0295686	-0.159481	0.0520715	-0.288656	-0.0295686	-0.159481	0.0520715	
-4.46	-0.290153	-0.0300693	-0.159689	0.051747	-0.290153	-0.0300693	-0.159689	0.051747	
-4.44	-0.29166	-0.0305799	-0.159904	0.0514162	-0.29166	-0.0305799	-0.159904	0.0514162	
-4.42	-0.293177	-0.0311007	-0.160125	0.0510791	-0.293177	-0.0311007	-0.160125	0.0510791	
-4.4	-0.294705	-0.0316319	-0.160353	0.0507356	-0.294705	-0.0316319	-0.160353	0.0507356	
-4.38	-0.296244	-0.0321736	-0.160587	0.0503857	-0.296244	-0.0321736	-0.160587	0.0503857	
-4.36	-0.297794	-0.0327262	-0.160828	0.0500293	-0.297794	-0.0327262	-0.160828	0.0500293	
-4.34	-0.299354	-0.0332898	-0.161076	0.0496662	-0.299354	-0.0332898	-0.161076	0.0496662	
-4.32	-0.300925	-0.0338648	-0.16133	0.0492966	-0.300925	-0.0338648	-0.16133	0.0492966	
-4.3	-0.302508	-0.0344513	-0.161591	0.0489201	-0.302508	-0.0344513	-0.161591	0.0489201	
-4.28	-0.3041	-0.0350496	-0.161859	0.0485369	-0.3041	-0.0350496	-0.161859	0.0485369	
-4.26	-0.305704	-0.03566	-0.162134	0.0481467	-0.305704	-0.03566	-0.162134	0.0481467	
-4.24	-0.307319	-0.0362828	-0.162416	0.0477496	-0.307319	-0.0362828	-0.162416	0.0477496	
-4.22	-0.308945	-0.0369181	-0.162705	0.0473453	-0.308945	-0.0369181	-0.162705	0.0473453	
-4.2	-0.310582	-0.0375664	-0.163001	0.0469339	-0.310582	-0.0375664	-0.163001	0.0469339	
-4.18	-0.31223	-0.0382278	-0.163305	0.0465151	-0.31223	-0.0382278	-0.163305	0.0465151	
-4.16	-0.313889	-0.0389027	-0.163615	0.0460889	-0.313889	-0.0389027	-0.163615	0.0460889	
-4.14	-0.315559	-0.0395913	-0.163933	0.0456553	-0.315559	-0.0395913	-0.163933	0.0456553	
-4.12	-0.31724	-0.040294	-0.164258	0.045214	-0.31724	-0.040294	-0.164258	0.045214	
-4.1	-0.318933	-0.041011	-0.164591	0.044765	-0.318933	-0.041011	-0.164591	0.044765	
-4.08	-0.320636	-0.0417428	-0.164931	0.0443081	-0.320636	-0.0417428	-0.164931	0.0443081	
-4.06	-0.322351	-0.0424895	-0.165279	0.0438433	-0.322351	-0.0424895	-0.165279	0.0438433	
-4.04	-0.324077	-0.0432515	-0.165635	0.0433703	-0.324077	-0.0432515	-0.165635	0.0433703	
-4.02	-0.325814	-0.0440292	-0.165999	0.0428892	-0.325814	-0.0440292	-0.165999	0.0428892	
-4	-0.327562	-0.0448229	-0.16637	0.0423996	-0.327562	-0.0448229	-0.16637	0.0423996	
-3.98	-0.329322	-0.0456329	-0.16675	0.0419017	-0.329322	-0.0456329	-0.16675	0.0419017	
-3.96	-0.331093	-0.0464596	-0.167138	0.041395	-0.331093	-0.0464596	-0.167138	0.041395	
-3.94	-0.332875	-0.0473034	-0.167534	0.0408797	-0.332875	-0.0473034	-0.167534	0.0408797	
-3.92	-0.334668	-0.0481645	-0.167939	0.0403554	-0.334668	-0.0481645	-0.167939	0.0403554	
-3.9	-0.336473	-0.0490435	-0.168352	0.0398221	-0.336473	-0.0490435	-0.168352	0.0398221	
-3.88	-0.338288	-0.0499406	-0.168774	0.0392796	-0.338288	-0.0499406	-0.168774	0.0392796	
-3.86	-0.340115	-0.0508563	-0.169205	0.0387278	-0.340115	-0.0508563	-0.169205	0.0387278	
-3.84	-0.341953	-0.051791	-0.169645	0.0381665	-0.341953	-0.051791	-0.169645	0.0381665	
-3.82	-0.343803	-0.052745	-0.170093	0.0375956	-0.343803	-0.052745	-0.170093	0.0375956	
-3.8	-0.345663	-0.0537188	-0.170551	0.0370148	-0.345663	-0.0537188	-0.170551	0.0370148	
-3.78	-0.347535	-0.0547128	-0.171019	0.0364241	-0.347535	-0.0547128	-0.171019	0.0364241	
-3.76	-0.349418	-0.0557274	-0.171496	0.0358233	-0.349418	-0.0557274	-0.171496	0.0358233	
-3.74	-0.351311	-0.0567631	-0.171982	0.0352121	-0.351311	-0.0567631	-0.171982	0.0352121	
-3.72	-0.353216	-0.0578203	-0.172479	0.0345905	-0.353216	-0.0578203	-0.172479	0.0345905	
-3.7	-0.355132	-0.0588994	-0.172985	0.0339583	-0.355132	-0.0588994	-0.172985	0.0339583	
-3.68	-0.357059	-0.060001	-0.173502	0.0333153	-0.357059	-0.060001	-0.173502	0.0333153	
-3.66	-0.358996	-0.0611254	-0.174029	0.0326613	-0.358996	-0.0611254	-0.174029	0.0326613	
-3.64	-0.360945	-0.0622732	-0.174567	0.0319961	-0.360945	-0.0622732	-0.174567	0.0319961	
-3.62	-0.362904	-0.0634449	-0.175115	0.0313196	-0.362904	-0.0634449	-0.175115	0.0313196	
-3.6	-0.364874	-0.0646409	-0.175675	0.0306316	-0.364874	-0.0646409	-0.175675	0.0306316	
-3.58	-0.366854	-0.0658618	-0.176245	0.0299318	-0.366854	-0.0658618	-0.176245	0.0299318	
-3.56	-0.368845	-0.0671081	-0.176827	0.0292202	-0.368845	-0.0671081	-0.176827	0.0292202	
-3.54	-0.370847	-0.0683803	-0.17742	0.0284965	-0.370847	-0.0683803	-0.17742	0.0284965	
-3.52	-0.372858	-0.0696789	-0.178026	0.0277604	-0.372858	-0.0696789	-0.178026	0.0277604	
-3.5	-0.37488	-0.0710044	-0.178643	0.0270119	-0.37488	-0.0710044	-0.178643	0.0270119	
-3.48	-0.376912	-0.0723576	-0.179272	0.0262507	-0.376912	-0.0723576	-0.179272	0.0262507	
-3.46	-0.378954	-0.0737388	-0.179914	0.0254766	-0.378954	-0.0737388	-0.179914	0.0254766	
-3.44	-0.381006	-0.0751487	-0.180568	0.0246894	-0.381006	-0.0751487	-0.180568	0.0246894	
-3.42	-0.383068	-0.0765878	-0.181235	0.0238889	-0.383068	-0.0765878	-0.181235	0.0238889	
-3.4	-0.385139	-0.0780568	-0.181916	0.0230749	-0.385139	-0.0780568	-0.181916	0.0230749	
-3.38	-0.387219	-0.0795563	-0.18261	0.0222471	-0.387219	-0.0795563	-0.18261	0.0222471	
-3.36	-0.389309	-0.0810868	-0.183317	0.0214054	-0.389309	-0.0810868	-0.183317	0.0214054	
-3.34	-0.391407	-0.082649	-0.184038	0.0205495	-0.391407	-0.082649	-0.184038	0.0205495	
-3.32	-0.393515	-0.0842436	-0.184774	0.0196793	-0.393515	-0.0842436	-0.184774	0.0196793	
-3.3	-0.395631	-0.0858711	-0.185524	0.0187944	-0.395631	-0.0858711	-0.185524	0.0187944	
-3.28	-0.397756	-0.0875323	-0.186288	0.0178946	-0.397756	-0.0875323	-0.186288	0.0178946	
-3.26	-0.399888	-0.0892278	-0.187068	0.0169798	-0.399888	-0.0892278	-0.187068	0.0169798	
-3.24	-0.402029	-0.0909583	-0.187862	0.0160496	-0.402029	-0.0909583	-0.187862	0.0160496	
-3.22	-0.404177	-0.0927245	-0.188673	0.0151039	-0.404177	-0.0927245	-0.188673	0.0151039	
-3.2	-0.406333	-0.094527	-0.189499	0.0141424	-0.406333	-0.094527	-0.189499	0.0141424	
-3.18	-0.408496	-0.0963667	-0.190341	0.0131648	-0.408496	-0.0963667	-0.190341	0.0131648	
-3.16	-0.410666	-0.0982442	-0.1912	0.0121709	-0.410666	-0.0982442	-0.1912	0.0121709	
-3.14	-0.412842	-0.10016	-0.192075	0.0111604	-0.412842	-0.10016	-0.192075	0.0111604	
-3.12	-0.415024	-0.102116	-0.192967	0.0101331	-0.415024	-0.102116	-0.192967	0.0101331	
-3.1	-0.417213	-0.104111	-0.193877	0.00908871	-0.417213	-0.104111	-0.193877	0.00908871	
-3.08	-0.419406	-0.106147	-0.194805	0.00802696	-0.419406	-0.106147	-0.194805	0.00802696	
-3.06	-0.421605	-0.108225	-0.19575	0.00694758	-0.421605	-0.108225	-0.19575	0.00694758	
-3.04	-0.423808	-0.110346	-0.196714	0.00585027	-0.423808	-0.110346	-0.196714	0.00585027	
-3.02	-0.426016	-0.112509	-0.197696	0.00473477	-0.426016	-0.112509	-0.197696	0.00473477	
-3	-0.428228	-0.114717	-0.198698	0.00360077	-0.428228	-0.114717	-0.198698	0.00360077	
-2.98	-0.430443	-0.116969	-0.199718	0.00244797	-0.430443	-0.116969	-0.199718	0.00244797	
-2.96	-0.43266	-0.119268	-0.200759	0.00127609	-0.43266	-0.119268	-0.200759	0.00127609	
-2.94	-0.43488	-0.121612	-0.201819	8.4806e-05	-0.43488	-0.121612	-0.201819	8.4806e-05	
-2.92	-0.437102	-0.124005	-0.2029	-0.0011262	-0.437102	-0.124005	-0.2029	-0.0011262	
-2.9	-0.439325	-0.126445	-0.204002	-0.00235724	-0.439325	-0.126445	-0.204002	-0.00235724	
-2.88	-0.441549	-0.128935	-0.205125	-0.00360865	-0.441549	-0.128935	-0.205125	-0.00360865	
-2.86	-0.443773	-0.131475	-0.206269	-0.00488077	-0.443773	-0.131475	-0.206269	-0.00488077	
-2.84	-0.445996	-0.134066	-0.207435	-0.00617394	-0.445996	-0.134066	-0.207435	-0.00617394	
-2.82	-0.448217	-0.136709	-0.208624	-0.00748851	-0.448217	-0.136709	-0.208624	-0.00748851	
-2.8	-0.450437	-0.139405	-0.209835	-0.00882486	-0.450437	-0.139405	-0.209835	-0.00882486	
-2.78	-0.452654	-0.142154	-0.211069	-0.0101833	-0.452654	-0.142154	-0.211069	-0.0101833	
-2.76	-0.454868	-0.144958	-0.212326	-0.0115643	-0.454868	-0.144958	-0.212326	-0.0115643	
-2.74	-0.457077	-0.147818	-0.213608	-0.0129683	-0.457077	-0.147818	-0.213608	-0.0129683	
-2.72	-0.459282	-0.150735	-0.214913	-0.0143955	-0.459282	-0.150735	-0.214913	-0.0143955	
-2.7	-0.46148	-0.153709	-0.216243	-0.0158465	-0.46148	-0.153709	-0.216243	-0.0158465	
-2.68	-0.463671	-0.156742	-0.217598	-0.0173216	-0.463671	-0.156742	-0.217598	-0.0173216	
-2.66	-0.465855	-0.159834	-0.218979	-0.0188213	-0.465855	-0.159834	-0.218979	-0.0188213	
-2.64	-0.46803	-0.162987	-0.220385	-0.0203461	-0.46803	-0.162987	-0.220385	-0.0203461	
-2.62	-0.470195	-0.166202	-0.221817	-0.0218963	-0.470195	-0.166202	-0.221817	-0.0218963	
-2.6	-0.472348	-0.169479	-0.223276	-0.0234726	-0.472348	-0.169479	-0.223276	-0.0234726	
-2.58	-0.47449	-0.17282	-0.224762	-0.0250753	-0.47449	-0.17282	-0.224762	-0.0250753	
-2.56	-0.476619	-0.176226	-0.226276	-0.026705	-0.476619	-0.176226	-0.226276	-0.026705	
-2.54	-0.478734	-0.179697	-0.227817	-0.0283622	-0.478734	-0.179697	-0.227817	-0.0283622	
-2.52	-0.480832	-0.183235	-0.229387	-0.0300475	-0.480832	-0.183235	-0.229387	-0.0300475	
-2.5	-0.482914	-0.18684	-0.230985	-0.0317613	-0.482914	-0.18684	-0.230985	-0.0317613	
-2.48	-0.484978	-0.190514	-0.232613	-0.0335044	-0.484978	-0.190514	-0.232613	-0.0335044	
-2.46	-0.487022	-0.194258	-0.23427	-0.0352773	-0.487022	-0.194258	-0.23427	-0.0352773	
-2.44	-0.489045	-0.198072	-0.235957	-0.0370805	-0.489045	-0.198072	-0.235957	-0.0370805	
-2.42	-0.491045	-0.201959	-0.237674	-0.0389149	-0.491045	-0.201959	-0.237674	-0.0389149	
-2.4	-0.493021	-0.205917	-0.239422	-0.0407809	-0.493021	-0.205917	-0.239422	-0.0407809	
-2.38	-0.494971	-0.20995	-0.241202	-0.0426793	-0.494971	-0.20995	-0.241202	-0.0426793	
-2.36	-0.496894	-0.214057	-0.243013	-0.0446109	-0.496894	-0.214057	-0.243013	-0.0446109	
-2.34	-0.498787	-0.21824	-0.244856	-0.0465763	-0.498787	-0.21824	-0.244856	-0.0465763	
-2.32	-0.50065	-0.222499	-0.246732	-0.0485763	-0.50065	-0.222499	-0.246732	-0.0485763	
-2.3	-0.502479	-0.226836	-0.248641	-0.0506117	-0.502479	-0.226836	-0.248641	-0.0506117	
-2.28	-0.504274	-0.231251	-0.250583	-0.0526834	-0.504274	-0.231251	-0.250583	-0.0526834	
-2.26	-0.506031	-0.235746	-0.252558	-0.0547922	-0.506031	-0.235746	-0.252558	-0.0547922	
-2.24	-0.50775	-0.24032	-0.254568	-0.0569389	-0.50775	-0.24032	-0.254568	-0.0569389	
-2.22	-0.509428	-0.244976	-0.256613	-0.0591246	-0.509428	-0.244976	-0.256613	-0.0591246	
-2.2	-0.511062	-0.249713	-0.258692	-0.0613501	-0.511062	-0.249713	-0.258692	-0.0613501	
-2.18	-0.51265	-0.254533	-0.260807	-0.0636165	-0.51265	-0.254533	-0.260807	-0.0636165	
-2.16	-0.514191	-0.259436	-0.262958	-0.0659248	-0.514191	-0.259436	-0.262958	-0.0659248	
-2.14	-0.515681	-0.264423	-0.265144	-0.068276	-0.515681	-0.264423	-0.265144	-0.068276	
-2.12	-0.517118	-0.269494	-0.267368	-0.0706714	-0.517118	-0.269494	-0.267368	-0.0706714	
-2.1	-0.5185	-0.274651	-0.269628	-0.073112	-0.5185	-0.274651	-0.269628	-0.073112	
-2.08	-0.519823	-0.279894	-0.271925	-0.0755991	-0.519823	-0.279894	-0.271925	-0.0755991	
-2.06	-0.521085	-0.285222	-0.27426	-0.0781339	-0.521085	-0.285222	-0.27426	-0.0781339	
-2.04	-0.522284	-0.290638	-0.276633	-0.0807178	-0.522284	-0.290638	-0.276633	-0.0807178	
-2.02	-0.523415	-0.29614	-0.279044	-0.0833521	-0.523415	-0.29614	-0.279044	-0.0833521	
-2	-0.524477	-0.30173	-0.281493	-0.0860382	-0.524477	-0.30173	-0.281493	-0.0860382	
-1.98	-0.525466	-0.307407	-0.283981	-0.0887777	-0.525466	-0.307407	-0.283981	-0.0887777	
-1.96	-0.526379	-0.313171	-0.286508	-0.091572	-0.526379	-0.313171	-0.286508	-0.091572	
-1.94	-0.527213	-0.319024	-0.289075	-0.0944227	-0.527213	-0.319024	-0.289075	-0.0944227	
-1.92	-0.527964	-0.324964	-0.291681	-0.0973317	-0.527964	-0.324964	-0.291681	-0.0973317	
-1.9	-0.528628	-0.330991	-0.294327	-0.1003	-0.528628	-0.330991	-0.294327	-0.1003	
-1.88	-0.529204	-0.337105	-0.297012	-0.103331	-0.529204	-0.337105	-0.297012	-0.103331	
-1.86	-0.529686	-0.343307	-0.299738	-0.106425	-0.529686	-0.343307	-0.299738	-0.106425	
-1.84	-0.530072	-0.349594	-0.302503	-0.109585	-0.530072	-0.349594	-0.302503	-0.109585	
-1.82	-0.530357	-0.355967	-0.305309	-0.112812	-0.530357	-0.355967	-0.305309	-0.112812	
-1.8	-0.530537	-0.362426	-0.308155	-0.116109	-0.530537	-0.362426	-0.308155	-0.116109	
-1.78	-0.53061	-0.368968	-0.311041	-0.119478	-0.53061	-0.368968	-0.311041	-0.119478	
-1.76	-0.530571	-0.375593	-0.313967	-0.122922	-0.530571	-0.375593	-0.313967	-0.122922	
-1.74	-0.530416	-0.3823	-0.316933	-0.126442	-0.530416	-0.3823	-0.316933	-0.126442	
-1.72	-0.53014	-0.389087	-0.31994	-0.130041	-0.53014	-0.389087	-0.31994	-0.130041	
-1.7	-0.529741	-0.395953	-0.322985	-0.133722	-0.529741	-0.395953	-0.322985	-0.133722	
-1.68	-0.529213	-0.402897	-0.32607	-0.137488	-0.529213	-0.402897	-0.32607	-0.137488	
-1.66	-0.528553	-0.409915	-0.329194	-0.141341	-0.528553	-0.409915	-0.329194	-0.141341	
-1.64	-0.527756	-0.417007	-0.332357	-0.145285	-0.527756	-0.417007	-0.332357	-0.145285	
-1.62	-0.526818	-0.42417	-0.335557	-0.149323	-0.526818	-0.42417	-0.335557	-0.149323	
-1.6	-0.525735	-0.431401	-0.338795	-0.153457	-0.525735	-0.431401	-0.338795	-0.153457	
-1.58	-0.524503	-0.438697	-0.34207	-0.157691	-0.524503	-0.438697	-0.34207	-0.157691	
-1.56	-0.523117	-0.446057	-0.34538	-0.162029	-0.523117	-0.446057	-0.34538	-0.162029	
-1.54	-0.521573	-0.453476	-0.348725	-0.166474	-0.521573	-0.453476	-0.348725	-0.166474	
-1.52	-0.519867	-0.460951	-0.352105	-0.17103	-0.519867	-0.460951	-0.352105	-0.17103	
-1.5	-0.517994	-0.468479	-0.355517	-0.175701	-0.517994	-0.468479	-0.355517	-0.175701	
-1.48	-0.515951	-0.476055	-0.35896	-0.180491	-0.515951	-0.476055	-0.35896	-0.180491	
-1.46	-0.513733	-0.483675	-0.362434	-0.185404	-0.513733	-0.483675	-0.362434	-0.185404	
-1.44	-0.511337	-0.491336	-0.365935	-0.190446	-0.511337	-0.491336	-0.365935	-0.190446	
-1.42	-0.508758	-0.499032	-0.369464	-0.195619	-0.508758	-0.499032	-0.369464	-0.195619	
-1.4	-0.505992	-0.506758	-0.373016	-0.20093	-0.505992	-0.506758	-0.373016	-0.20093	
-1.38	-0.503036	-0.51451	-0.376591	-0.206382	-0.503036	-0.51451	-0.376591	-0.206382	
-1.36	-0.499886	-0.52228	-0.380185	-0.211982	-0.499886	-0.52228	-0.380185	-0.211982	
-1.34	-0.496539	-0.530065	-0.383796	-0.217734	-0.496539	-0.530065	-0.383796	-0.217734	
-1.32	-0.492991	-0.537858	-0.387421	-0.223644	-0.492991	-0.537858	-0.387421	-0.223644	
-1.3	-0.489239	-0.545652	-0.391057	-0.229718	-0.489239	-0.545652	-0.391057	-0.229718	
-1.28	-0.485281	-0.55344	-0.394699	-0.235961	-0.485281	-0.55344	-0.394699	-0.235961	
-1.26	-0.481113	-0.561217	-0.398345	-0.24238	-0.481113	-0.561217	-0.398345	-0.24238	
-1.24	-0.476734	-0.568974	-0.401989	-0.248981	-0.476734	-0.568974	-0.401989	-0.248981	
-1.22	-0.47214	-0.576704	-0.405627	-0.255771	-0.47214	-0.576704	-0.405627	-0.255771	
-1.2	-0.467331	-0.5844	-0.409254	-0.262755	-0.467331	-0.5844	-0.409254	-0.262755	
-1.18	-0.462304	-0.592054	-0.412863	-0.269941	-0.462304	-0.592054	-0.412863	-0.269941	
-1.16	-0.457058	-0.599657	-0.41645	-0.277336	-0.457058	-0.599657	-0.41645	-0.277336	
-1.14	-0.451593	-0.607201	-0.420007	-0.284947	-0.451593	-0.607201	-0.420007	-0.284947	
-1.12	-0.445908	-0.614677	-0.423527	-0.292781	-0.445908	-0.614677	-0.423527	-0.292781	
-1.1	-0.440002	-0.622076	-0.427003	-0.300846	-0.440002	-0.622076	-0.427003	-0.300846	
-1.08	-0.433875	-0.629391	-0.430425	-0.30915	-0.433875	-0.629391	-0.430425	-0.30915	
-1.06	-0.42753	-0.63661	-0.433784	-0.317699	-0.42753	-0.63661	-0.433784	-0.317699	
-1.04	-0.420966	-0.643725	-0.437071	-0.326503	-0.420966	-0.643725	-0.437071	-0.326503	
-1.02	-0.414184	-0.650726	-0.440275	-0.335568	-0.414184	-0.650726	-0.440275	-0.335568	
-1	-0.407188	-0.657603	-0.443384	-0.344903	-0.407188	-0.657603	-0.443384	-0.344903	
-0.98	-0.39998	-0.664348	-0.446385	-0.354515	-0.39998	-0.664348	-0.446385	-0.354515	
-0.96	-0.392562	-0.670949	-0.449266	-0.364412	-0.392562	-0.670949	-0.449266	-0.364412	
-0.94	-0.384937	-0.677397	-0.452011	-0.374602	-0.384937	-0.677397	-0.452011	-0.374602	
-0.92	-0.377111	-0.683681	-0.454605	-0.385092	-0.377111	-0.683681	-0.454605	-0.385092	
-0.9	-0.369088	-0.689793	-0.457032	-0.395889	-0.369088	-0.689793	-0.457032	-0.395889	
-0.88	-0.360872	-0.695722	-0.459273	-0.407	-0.360872	-0.695722	-0.459273	-0.407	
-0.86	-0.35247	-0.701457	-0.461309	-0.41843	-0.35247	-0.701457	-0.461309	-0.41843	
-0.84	-0.343887	-0.706989	-0.463121	-0.430187	-0.343887	-0.706989	-0.463121	-0.430187	
-0.82	-0.33513	-0.712308	-0.464685	-0.442274	-0.33513	-0.712308	-0.464685	-0.442274	
-0.8	-0.326207	-0.717405	-0.46598	-0.454697	-0.326207	-0.717405	-0.46598	-0.454697	
-0.78	-0.317125	-0.722268	-0.466981	-0.467458	-0.317125	-0.722268	-0.466981	-0.467458	
-0.76	-0.307892	-0.72689	-0.467661	-0.480559	-0.307892	-0.72689	-0.467661	-0.480559	
-0.74	-0.298519	-0.731259	-0.467993	-0.494002	-0.298519	-0.731259	-0.467993	-0.494002	
-0.72	-0.289014	-0.735367	-0.46795	-0.507786	-0.289014	-0.735367	-0.46795	-0.507786	
-0.7	-0.279387	-0.739204	-0.4675	-0.521907	-0.279387	-0.739204	-0.4675	-0.521907	
-0.68	-0.269648	-0.74276	-0.466612	-0.536363	-0.269648	-0.74276	-0.466612	-0.536363	
-0.66	-0.25981	-0.746028	-0.465253	-0.551146	-0.25981	-0.746028	-0.465253	-0.551146	
-0.64	-0.249883	-0.748996	-0.46339	-0.566248	-0.249883	-0.748996	-0.46339	-0.566248	
-0.62	-0.23988	-0.751656	-0.460987	-0.581656	-0.23988	-0.751656	-0.460987	-0.581656	
-0.6	-0.229814	-0.753999	-0.458008	-0.597357	-0.229814	-0.753999	-0.458008	-0.597357	
-0.58	-0.219697	-0.756014	-0.454417	-0.613331	-0.219697	-0.756014	-0.454417	-0.613331	
-0.56	-0.209543	-0.757691	-0.450177	-0.629557	-0.209543	-0.757691	-0.450177	-0.629557	
-0.54	-0.199368	-0.759021	-0.44525	-0.64601	-0.199368	-0.759021	-0.44525	-0.64601	
-0.52	-0.189185	-0.759991	-0.439599	-0.66266	-0.189185	-0.759991	-0.439599	-0.66266	
-0.5	-0.179011	-0.76059	-0.433187	-0.679473	-0.179011	-0.76059	-0.433187	-0.679473	
-0.48	-0.168862	-0.760804	-0.42598	-0.696409	-0.168862	-0.760804	-0.42598	-0.696409	
-0.46	-0.158755	-0.760617	-0.417942	-0.713425	-0.158755	-0.760617	-0.417942	-0.713425	
-0.44	-0.148707	-0.760013	-0.409042	-0.730472	-0.148707	-0.760013	-0.409042	-0.730472	
-0.42	-0.138739	-0.758969	-0.39925	-0.747497	-0.138739	-0.758969	-0.39925	-0.747497	
-0.4	-0.128869	-0.757463	-0.38854	-0.764439	-0.128869	-0.757463	-0.38854	-0.764439	
-0.38	-0.119119	-0.755463	-0.376889	-0.781235	-0.119119	-0.755463	-0.376889	-0.781235	
-0.36	-0.109511	-0.752931	-0.36428	-0.797817	-0.109511	-0.752931	-0.36428	-0.797817	
-0.34	-0.100069	-0.749822	-0.350701	-0.81411	-0.100069	-0.749822	-0.350701	-0.81411	
-0.32	-0.0908196	-0.746074	-0.336146	-0.830037	-0.0908196	-0.746074	-0.336146	-0.830037	
-0.3	-0.0817883	-0.74161	-0.320614	-0.845518	-0.0817883	-0.74161	-0.320614	-0.845518	
-0.28	-0.0730032	-0.736324	-0.304114	-0.860468	-0.0730032	-0.736324	-0.304114	-0.860468	
-0.26	-0.0644913	-0.730077	-0.286663	-0.874803	-0.0644913	-0.730077	-0.286663	-0.874803	
-0.24	-0.056276	-0.722675	-0.268284	-0.888435	-0.056276	-0.722675	-0.268284	-0.888435	
-0.22	-0.0483692	-0.713845	-0.249013	-0.901277	-0.0483692	-0.713845	-0.249013	-0.901277	
-0.2	-0.0407559	-0.703196	-0.228891	-0.913246	-0.0407559	-0.703196	-0.228891	-0.913246	
-0.18	-0.0333588	-0.690144	-0.207972	-0.924258	-0.0333588	-0.690144	-0.207972	-0.924258	
-0.16	-0.0259573	-0.673802	-0.186317	-0.934234	-0.0259573	-0.673802	-0.186317	-0.934234	
-0.14	-0.017993	-0.652778	-0.163998	-0.943102	-0.017993	-0.652778	-0.163998	-0.943102	
-0.12	-0.00807645	-0.624855	-0.141092	-0.950795	-0.00807645	-0.624855	-0.141092	-0.950795	
-0.1	0.00733114	-0.586611	-0.117688	-0.957253	0.00733114	-0.586611	-0.117688	-0.957253	
-0.08	0.0375024	-0.533863	-0.0938796	-0.962427	0.0375024	-0.533863	-0.0938796	-0.962427	
-0.06	0.105489	-0.468883	-0.069766	-0.966275	0.105489	-0.468883	-0.069766	-0.966275	
-0.04	0.245031	-0.435424	-0.0454518	-0.96877	0.245031	-0.435424	-0.0454518	-0.96877	
-0.02	0.396829	-0.531856	-0.0210443	-0.969891	0.396829	-0.531856	-0.0210443	-0.969891	
0	0.413851	-0.685513	0.00334758	-0.969633	0.413851	-0.685513	0.00334758	-0.969633	
0.02	0.356981	-0.765354	0.0276148	-0.968001	0.356981	-0.765354	0.0276148	-0.968001	
0.04	0.305533	-0.789739	0.0516499	-0.965011	0.305533	-0.789739	0.0516499	-0.965011	
0.06	0.271432	-0.791949	0.0753481	-0.960692	0.271432	-0.791949	0.0753481	-0.960692	
0.08	0.250198	-0.786293	0.0986094	-0.955081	0.250198	-0.786293	0.0986094	-0.955081	
0.1	0.237254	-0.77797	0.121339	-0.948228	0.237254	-0.77797	0.121339	-0.948228	
0.12	0.229618	-0.768874	0.14345	-0.940189	0.229618	-0.768874	0.14345	-0.940189	
0.14	0.225459	-0.759699	0.164861	-0.931029	0.225459	-0.759699	0.164861	-0.931029	
0.16	0.223637	-0.750694	0.185501	-0.92082	0.223637	-0.750694	0.185501	-0.92082	
0.18	0.223423	-0.741931	0.205307	-0.909637	0.223423	-0.741931	0.205307	-0.909637	
0.2	0.224334	-0.733414	0.224227	-0.897562	0.224334	-0.733414	0.224227	-0.897562	
0.22	0.226042	-0.725124	0.242216	-0.884676	0.226042	-0.725124	0.242216	-0.884676	
0.24	0.228315	-0.717034	0.259239	-0.871065	0.228315	-0.717034	0.259239	-0.871065	
0.26	0.230989	-0.709116	0.275272	-0.856812	0.230989	-0.709116	0.275272	-0.856812	
0.28	0.233942	-0.701348	0.290296	-0.842	0.233942	-0.701348	0.290296	-0.842	
0.3	0.237084	-0.693708	0.304303	-0.826711	0.237084	-0.693708	0.304303	-0.826711	
0.32	0.240346	-0.68618	0.317293	-0.811023	0.240346	-0.68618	0.317293	-0.811023	
0.34	0.243676	-0.678749	0.32927	-0.795012	0.243676	-0.678749	0.32927	-0.795012	
0.36	0.247032	-0.671406	0.340246	-0.778748	0.247032	-0.671406	0.340246	-0.778748	
0.38	0.250385	-0.664141	0.350239	-0.762299	0.250385	-0.664141	0.350239	-0.762299	
0.4	0.253707	-0.656947	0.35927	-0.745726	0.253707	-0.656947	0.35927	-0.745726	
0.42	0.256979	-0.649819	0.367364	-0.729087	0.256979	-0.649819	0.367364	-0.729087	
0.44	0.260186	-0.642752	0.374552	-0.712433	0.260186	-0.642752	0.374552	-0.712433	
0.46	0.263316	-0.635745	0.380863	-0.695811	0.263316	-0.635745	0.380863	-0.695811	
0.48	0.266357	-0.628794	0.386332	-0.679264	0.266357	-0.628794	0.386332	-0.679264	
0.5	0.269304	-0.621899	0.390994	-0.662827	0.269304	-0.621899	0.390994	-0.662827	
0.52	0.272149	-0.615057	0.394883	-0.646533	0.272149	-0.615057	0.394883	-0.646533	
0.54	0.274889	-0.608269	0.398038	-0.63041	0.274889	-0.608269	0.398038	-0.63041	
0.56	0.277519	-0.601535	0.400493	-0.61448	0.277519	-0.601535	0.400493	-0.61448	
0.58	0.280038	-0.594855	0.402285	-0.598763	0.280038	-0.594855	0.402285	-0.598763	
0.6	0.282444	-0.588228	0.40345	-0.583273	0.282444	-0.588228	0.40345	-0.583273	
0.62	0.284736	-0.581655	0.404023	-0.568022	0.284736	-0.581655	0.404023	-0.568022	
0.64	0.286914	-0.575138	0.404037	-0.553019	0.286914	-0.575138	0.404037	-0.553019	
0.66	0.288978	-0.568675	0.403527	-0.538268	0.288978	-0.568675	0.403527	-0.538268	
0.68	0.290928	-0.56227	0.402524	-0.523771	0.290928	-0.56227	0.402524	-0.523771	
0.7	0.292766	-0.555921	0.40106	-0.509527	0.292766	-0.555921	0.40106	-0.509527	
0.72	0.294493	-0.549629	0.399164	-0.495534	0.294493	-0.549629	0.399164	-0.495534	
0.74	0.29611	-0.543396	0.396866	-0.481786	0.29611	-0.543396	0.396866	-0.481786	
0.76	0.297618	-0.537223	0.394193	-0.468277	0.297618	-0.537223	0.394193	-0.468277	
0.78	0.299021	-0.531108	0.391172	-0.454996	0.299021	-0.531108	0.391172	-0.454996	
0.8	0.300319	-0.525055	0.38783	-0.441932	0.300319	-0.525055	0.38783	-0.441932	
0.82	0.301514	-0.519062	0.384191	-0.429074	0.301514	-0.519062	0.384191	-0.429074	
0.84	0.30261	-0.513131	0.380282	-0.416407	0.30261	-0.513131	0.380282	-0.416407	
0.86	0.303607	-0.507261	0.376125	-0.403916	0.303607	-0.507261	0.376125	-0.403916	
0.88	0.304509	-0.501454	0.371747	-0.391585	0.304509	-0.501454	0.371747	-0.391585	
0.9	0.305318	-0.49571	0.367171	-0.379396	0.305318	-0.49571	0.367171	-0.379396	
0.92	0.306036	-0.490029	0.362422	-0.367333	0.306036	-0.490029	0.362422	-0.367333	
0.94	0.306665	-0.484411	0.357524	-0.355376	0.306665	-0.484411	0.357524	-0.355376	
0.96	0.307208	-0.478857	0.352504	-0.343507	0.307208	-0.478857	0.352504	-0.343507	
0.98	0.307668	-0.473366	0.347389	-0.331707	0.307668	-0.473366	0.347389	-0.331707	
1	0.308046	-0.467939	0.342206	-0.319957	0.308046	-0.467939	0.342206	-0.319957	
1.02	0.308345	-0.462576	0.336984	-0.30824	0.308345	-0.462576	0.336984	-0.30824	
1.04	0.308568	-0.457276	0.331755	-0.296539	0.308568	-0.457276	0.331755	-0.296539	
1.06	0.308716	-0.45204	0.32655	-0.284838	0.308716	-0.45204	0.32655	-0.284838	
1.08	0.308792	-0.446868	0.321404	-0.273124	0.308792	-0.446868	0.321404	-0.273124	
1.1	0.308799	-0.441758	0.316353	-0.261385	0.308799	-0.441758	0.316353	-0.261385	
1.12	0.308739	-0.436712	0.311435	-0.249614	0.308739	-0.436712	0.311435	-0.249614	
1.14	0.308613	-0.431729	0.306689	-0.237807	0.308613	-0.431729	0.306689	-0.237807	
1.16	0.308424	-0.426807	0.302156	-0.225962	0.308424	-0.426807	0.302156	-0.225962	
1.18	0.308174	-0.421949	0.297875	-0.214086	0.308174	-0.421949	0.297875	-0.214086	
1.2	0.307866	-0.417151	0.293889	-0.202187	0.307866	-0.417151	0.293889	-0.202187	
1.22	0.307501	-0.412415	0.290237	-0.190284	0.307501	-0.412415	0.290237	-0.190284	
1.24	0.307081	-0.40774	0.286958	-0.178398	0.307081	-0.40774	0.286958	-0.178398	
1.26	0.306608	-0.403125	0.284087	-0.166557	0.306608	-0.403125	0.284087	-0.166557	
1.28	0.306085	-0.39857	0.281654	-0.154797	0.306085	-0.39857	0.281654	-0.154797	
1.3	0.305512	-0.394075	0.279686	-0.143158	0.305512	-0.394075	0.279686	-0.143158	
1.32	0.304893	-0.389638	0.278201	-0.131685	0.304893	-0.389638	0.278201	-0.131685	
1.34	0.304228	-0.385259	0.277212	-0.120428	0.304228	-0.385259	0.277212	-0.120428	
1.36	0.303519	-0.380938	0.27672	-0.109438	0.303519	-0.380938	0.27672	-0.109438	
1.38	0.302769	-0.376673	0.276718	-0.0987683	0.302769	-0.376673	0.276718	-0.0987683	
1.4	0.301978	-0.372466	0.277193	-0.0884704	0.301978	-0.372466	0.277193	-0.0884704	
1.42	0.301148	-0.368313	0.278117	-0.0785936	0.301148	-0.368313	0.278117	-0.0785936	
1.44	0.300282	-0.364216	0.279459	-0.0691827	0.300282	-0.364216	0.279459	-0.0691827	
1.46	0.29938	-0.360173	0.281176	-0.0602767	0.29938	-0.360173	0.281176	-0.0602767	
1.48	0.298443	-0.356183	0.283223	-0.0519074	0.298443	-0.356183	0.283223	-0.0519074	
1.5	0.297474	-0.352247	0.285547	-0.0440984	0.297474	-0.352247	0.285547	-0.0440984	
1.52	0.296474	-0.348363	0.288093	-0.0368646	0.296474	-0.348363	0.288093	-0.0368646	
1.54	0.295443	-0.34453	0.290807	-0.0302124	0.295443	-0.34453	0.290807	-0.0302124	
1.56	0.294384	-0.340748	0.293634	-0.0241393	0.294384	-0.340748	0.293634	-0.0241393	
1.58	0.293298	-0.337016	0.296521	-0.0186351	0.293298	-0.337016	0.296521	-0.0186351	
1.6	0.292185	-0.333333	0.299418	-0.0136827	0.292185	-0.333333	0.299418	-0.0136827	
1.62	0.291047	-0.329699	0.302281	-0.0092588	0.291047	-0.329699	0.302281	-0.0092588	
1.64	0.289886	-0.326113	0.305071	-0.00533552	0.289886	-0.326113	0.305071	-0.00533552	
1.66	0.288702	-0.322574	0.307753	-0.00188136	0.288702	-0.322574	0.307753	-0.00188136	
1.68	0.287496	-0.319082	0.310298	0.0011376	0.287496	-0.319082	0.310298	0.0011376	
1.7	0.28627	-0.315635	0.312684	0.00375659	0.28627	-0.315635	0.312684	0.00375659	
1.72	0.285024	-0.312233	0.314893	0.00601123	0.285024	-0.312233	0.314893	0.00601123	
1.74	0.28376	-0.308875	0.316912	0.00793673	0.28376	-0.308875	0.316912	0.00793673	
1.76	0.282478	-0.305561	0.318734	0.00956727	0.282478	-0.305561	0.318734	0.00956727	
1.78	0.28118	-0.30229	0.320353	0.0109354	0.28118	-0.30229	0.320353	0.0109354	
1.8	0.279865	-0.29906	0.321769	0.012072	0.279865	-0.29906	0.321769	0.012072	
1.82	0.278536	-0.295873	0.322983	0.0130054	0.278536	-0.295873	0.322983	0.0130054	
1.84	0.277193	-0.292725	0.324	0.013762	0.277193	-0.292725	0.324	0.013762	
1.86	0.275837	-0.289618	0.324825	0.0143658	0.275837	-0.289618	0.324825	0.0143658	
1.88	0.274468	-0.28655	0.325466	0.0148384	0.274468	-0.28655	0.325466	0.0148384	
1.9	0.273087	-0.283521	0.325931	0.0151993	0.273087	-0.283521	0.325931	0.0151993	
1.92	0.271696	-0.280529	0.326229	0.0154657	0.271696	-0.280529	0.326229	0.0154657	
1.94	0.270294	-0.277575	0.326369	0.015653	0.270294	-0.277575	0.326369	0.015653	
1.96	0.268883	-0.274657	0.326361	0.0157747	0.268883	-0.274657	0.326361	0.0157747	
1.98	0.267463	-0.271775	0.326216	0.0158425	0.267463	-0.271775	0.326216	0.0158425	
2	0.266034	-0.268928	0.325942	0.0158668	0.266034	-0.268928	0.325942	0.0158668	
2.02	0.264598	-0.266116	0.325549	0.0158563	0.264598	-0.266116	0.325549	0.0158563	
2.04	0.263155	-0.263338	0.325046	0.0158187	0.263155	-0.263338	0.325046	0.0158187	
2.06	0.261706	-0.260593	0.324442	0.0157607	0.261706	-0.260593	0.324442	0.0157607	
2.08	0.260251	-0.257881	0.323745	0.0156877	0.260251	-0.257881	0.323745	0.0156877	
2.1	0.25879	-0.2552	0.322963	0.0156044	0.25879	-0.2552	0.322963	0.0156044	
2.12	0.257325	-0.252552	0.322105	0.0155149	0.257325	-0.252552	0.322105	0.0155149	
2.14	0.255855	-0.249934	0.321176	0.0154224	0.255855	-0.249934	0.321176	0.0154224	
2.16	0.254382	-0.247346	0.320183	0.0153297	0.254382	-0.247346	0.320183	0.0153297	
2.18	0.252906	-0.244787	0.319133	0.015239	0.252906	-0.244787	0.319133	0.015239	
2.2	0.251426	-0.242258	0.318032	0.0151522	0.251426	-0.242258	0.318032	0.0151522	
2.22	0.249944	-0.239757	0.316884	0.0150707	0.249944	-0.239757	0.316884	0.0150707	
2.24	0.248461	-0.237285	0.315695	0.0149957	0.248461	-0.237285	0.315695	0.0149957	
2.26	0.246975	-0.234839	0.314469	0.014928	0.246975	-0.234839	0.314469	0.014928	
2.28	0.245489	-0.23242	0.313211	0.0148682	0.245489	-0.23242	0.313211	0.0148682	
2.3	0.244002	-0.230028	0.311925	0.0148169	0.244002	-0.230028	0.311925	0.0148169	
2.32	0.242514	-0.227661	0.310614	0.0147743	0.242514	-0.227661	0.310614	0.0147743	
2.34	0.241027	-0.225319	0.309281	0.0147406	0.241027	-0.225319	0.309281	0.0147406	
2.36	0.23954	-0.223002	0.30793	0.0147158	0.23954	-0.223002	0.30793	0.0147158	
2.38	0.238054	-0.22071	0.306563	0.0146998	0.238054	-0.22071	0.306563	0.0146998	
2.4	0.236568	-0.21844	0.305183	0.0146926	0.236568	-0.21844	0.305183	0.0146926	
2.42	0.235085	-0.216194	0.303793	0.014694	0.235085	-0.216194	0.303793	0.014694	
2.44	0.233603	-0.213971	0.302394	0.0147036	0.233603	-0.213971	0.302394	0.0147036	
2.46	0.232123	-0.21177	0.300989	0.0147213	0.232123	-0.21177	0.300989	0.0147213	
2.48	0.230645	-0.20959	0.299579	0.0147467	0.230645	-0.20959	0.299579	0.0147467	
2.5	0.22917	-0.207432	0.298166	0.0147794	0.22917	-0.207432	0.298166	0.0147794	
2.52	0.227697	-0.205294	0.296752	0.0148192	0.227697	-0.205294	0.296752	0.0148192	
2.54	0.226228	-0.203177	0.295338	0.0148656	0.226228	-0.203177	0.295338	0.0148656	
2.56	0.224763	-0.20108	0.293925	0.0149183	0.224763	-0.20108	0.293925	0.0149183	
2.58	0.223301	-0.199002	0.292514	0.0149769	0.223301	-0.199002	0.292514	0.0149769	
2.6	0.221843	-0.196943	0.291107	0.015041	0.221843	-0.196943	0.291107	0.015041	
2.62	0.220389	-0.194903	0.289704	0.0151102	0.220389	-0.194903	0.289704	0.0151102	
2.64	0.21894	-0.192881	0.288307	0.0151842	0.21894	-0.192881	0.288307	0.0151842	
2.66	0.217495	-0.190876	0.286915	0.0152627	0.217495	-0.190876	0.286915	0.0152627	
2.68	0.216055	-0.18889	0.285531	0.0153452	0.216055	-0.18889	0.285531	0.0153452	
2.7	0.214621	-0.18692	0.284153	0.0154314	0.214621	-0.18692	0.284153	0.0154314	
2.72	0.213192	-0.184966	0.282784	0.015521	0.213192	-0.184966	0.282784	0.015521	
2.74	0.211768	-0.183029	0.281423	0.0156137	0.211768	-0.183029	0.281423	0.0156137	
2.76	0.21035	-0.181108	0.280071	0.0157091	0.21035	-0.181108	0.280071	0.0157091	
2.78	0.208939	-0.179202	0.278728	0.0158069	0.208939	-0.179202	0.278728	0.0158069	
2.8	0.207533	-0.177311	0.277395	0.0159069	0.207533	-0.177311	0.277395	0.0159069	
2.82	0.206134	-0.175435	0.276072	0.0160087	0.206134	-0.175435	0.276072	0.0160087	
2.84	0.204741	-0.173574	0.27476	0.0161122	0.204741	-0.173574	0.27476	0.0161122	
2.86	0.203355	-0.171727	0.273458	0.0162169	0.203355	-0.171727	0.273458	0.0162169	
2.88	0.201977	-0.169893	0.272166	0.0163227	0.201977	-0.169893	0.272166	0.0163227	
2.9	0.200605	-0.168073	0.270886	0.0164294	0.200605	-0.168073	0.270886	0.0164294	
2.92	0.199241	-0.166266	0.269617	0.0165366	0.199241	-0.166266	0.269617	0.0165366	
2.94	0.197884	-0.164472	0.268359	0.0166443	0.197884	-0.164472	0.268359	0.0166443	
2.96	0.196535	-0.16269	0.267112	0.0167522	0.196535	-0.16269	0.267112	0.0167522	
2.98	0.195194	-0.160921	0.265877	0.01686	0.195194	-0.160921	0.265877	0.01686	
3	0.193862	-0.159163	0.264653	0.0169676	0.193862	-0.159163	0.264653	0.0169676	
3.02	0.192537	-0.157417	0.263441	0.0170749	0.192537	-0.157417	0.263441	0.0170749	
3.04	0.191221	-0.155683	0.26224	0.0171816	0.191221	-0.155683	0.26224	0.0171816	
3.06	0.189914	-0.15396	0.261051	0.0172876	0.189914	-0.15396	0.261051	0.0172876	
3.08	0.188615	-0.152248	0.259874	0.0173928	0.188615	-0.152248	0.259874	0.0173928	
3.1	0.187325	-0.150546	0.258708	0.0174969	0.187325	-0.150546	0.258708	0.0174969	
3.12	0.186045	-0.148855	0.257554	0.0175999	0.186045	-0.148855	0.257554	0.0175999	
3.14	0.184774	-0.147174	0.256411	0.0177016	0.184774	-0.147174	0.256411	0.0177016	
3.16	0.183512	-0.145503	0.25528	0.0178019	0.183512	-0.145503	0.25528	0.0178019	
3.18	0.18226	-0.143841	0.254161	0.0179007	0.18226	-0.143841	0.254161	0.0179007	
3.2	0.181018	-0.14219	0.253052	0.0179978	0.181018	-0.14219	0.253052	0.0179978	
3.22	0.179786	-0.140547	0.251955	0.0180933	0.179786	-0.140547	0.251955	0.0180933	
3.24	0.178564	-0.138914	0.250869	0.0181868	0.178564	-0.138914	0.250869	0.0181868	
3.26	0.177352	-0.137289	0.249795	0.0182785	0.177352	-0.137289	0.249795	0.0182785	
3.28	0.176151	-0.135674	0.248731	0.0183682	0.176151	-0.135674	0.248731	0.0183682	
3.3	0.174961	-0.134067	0.247679	0.0184557	0.174961	-0.134067	0.247679	0.0184557	
3.32	0.173781	-0.132468	0.246637	0.0185411	0.173781	-0.132468	0.246637	0.0185411	
3.34	0.172612	-0.130878	0.245606	0.0186243	0.172612	-0.130878	0.245606	0.0186243	
3.36	0.171455	-0.129296	0.244586	0.0187051	0.171455	-0.129296	0.244586	0.0187051	
3.38	0.170309	-0.127721	0.243576	0.0187835	0.170309	-0.127721	0.243576	0.0187835	
3.4	0.169174	-0.126155	0.242576	0.0188596	0.169174	-0.126155	0.242576	0.0188596	
3.42	0.168051	-0.124597	0.241587	0.0189331	0.168051	-0.124597	0.241587	0.0189331	
3.44	0.16694	-0.123046	0.240609	0.0190041	0.16694	-0.123046	0.240609	0.0190041	
3.46	0.16584	-0.121503	0.23964	0.0190725	0.16584	-0.121503	0.23964	0.0190725	
3.48	0.164753	-0.119967	0.238681	0.0191383	0.164753	-0.119967	0.238681	0.0191383	
3.5	0.163678	-0.118438	0.237732	0.0192014	0.163678	-0.118438	0.237732	0.0192014	
3.52	0.162615	-0.116917	0.236793	0.0192618	0.162615	-0.116917	0.236793	0.0192618	
3.54	0.161565	-0.115403	0.235863	0.0193195	0.161565	-0.115403	0.235863	0.0193195	
3.56	0.160528	-0.113897	0.234943	0.0193744	0.160528	-0.113897	0.234943	0.0193744	
3.58	0.159503	-0.112397	0.234032	0.0194265	0.159503	-0.112397	0.234032	0.0194265	
3.6	0.158491	-0.110904	0.23313	0.0194758	0.158491	-0.110904	0.23313	0.0194758	
3.62	0.157493	-0.109419	0.232237	0.0195223	0.157493	-0.109419	0.232237	0.0195223	
3.64	0.156507	-0.107941	0.231353	0.0195659	0.156507	-0.107941	0.231353	0.0195659	
3.66	0.155535	-0.106469	0.230478	0.0196066	0.155535	-0.106469	0.230478	0.0196066	
3.68	0.154577	-0.105005	0.229612	0.0196444	0.154577	-0.105005	0.229612	0.0196444	
3.7	0.153632	-0.103548	0.228754	0.0196794	0.153632	-0.103548	0.228754	0.0196794	
3.72	0.152701	-0.102097	0.227904	0.0197115	0.152701	-0.102097	0.227904	0.0197115	
3.74	0.151783	-0.100654	0.227063	0.0197406	0.151783	-0.100654	0.227063	0.0197406	
3.76	0.15088	-0.0992178	0.22623	0.0197668	0.15088	-0.0992178	0.22623	0.0197668	
3.78	0.149991	-0.0977888	0.225404	0.0197902	0.149991	-0.0977888	0.225404	0.0197902	
3.8	0.149115	-0.0963669	0.224587	0.0198106	0.149115	-0.0963669	0.224587	0.0198106	
3.82	0.148254	-0.0949522	0.223777	0.0198281	0.148254	-0.0949522	0.223777	0.0198281	
3.84	0.147408	-0.0935448	0.222975	0.0198427	0.147408	-0.0935448	0.222975	0.0198427	
3.86	0.146575	-0.0921447	0.22218	0.0198544	0.146575	-0.0921447	0.22218	0.0198544	
3.88	0.145758	-0.090752	0.221393	0.0198632	0.145758	-0.090752	0.221393	0.0198632	
3.9	0.144955	-0.0893669	0.220613	0.0198692	0.144955	-0.0893669	0.220613	0.0198692	
3.92	0.144166	-0.0879893	0.21984	0.0198723	0.144166	-0.0879893	0.21984	0.0198723	
3.94	0.143392	-0.0866194	0.219073	0.0198725	0.143392	-0.0866194	0.219073	0.0198725	
3.96	0.142633	-0.0852573	0.218314	0.01987	0.142633	-0.0852573	0.218314	0.01987	
3.98	0.141889	-0.0839031	0.217561	0.0198646	0.141889	-0.0839031	0.217561	0.0198646	
4	0.141159	-0.0825568	0.216815	0.0198564	0.141159	-0.0825568	0.216815	0.0198564	
4.02	0.140445	-0.0812187	0.216075	0.0198455	0.140445	-0.0812187	0.216075	0.0198455	
4.04	0.139745	-0.0798889	0.215342	0.0198318	0.139745	-0.0798889	0.215342	0.0198318	
4.06	0.13906	-0.0785674	0.214614	0.0198154	0.13906	-0.0785674	0.214614	0.0198154	
4.08	0.138391	-0.0772545	0.213893	0.0197963	0.138391	-0.0772545	0.213893	0.0197963	
4.1	0.137736	-0.0759502	0.213178	0.0197745	0.137736	-0.0759502	0.213178	0.0197745	
4.12	0.137095	-0.0746547	0.212469	0.0197501	0.137095	-0.0746547	0.212469	0.0197501	
4.14	0.13647	-0.0733682	0.211765	0.019723	0.13647	-0.0733682	0.211765	0.019723	
4.16	0.13586	-0.0720907	0.211067	0.0196934	0.13586	-0.0720907	0.211067	0.0196934	
4.18	0.135264	-0.0708226	0.210374	0.0196613	0.135264	-0.0708226	0.210374	0.0196613	
4.2	0.134683	-0.0695638	0.209687	0.0196266	0.134683	-0.0695638	0.209687	0.0196266	
4.22	0.134117	-0.0683146	0.209006	0.0195894	0.134117	-0.0683146	0.209006	0.0195894	
4.24	0.133566	-0.0670751	0.208329	0.0195498	0.133566	-0.0670751	0.208329	0.0195498	
4.26	0.133029	-0.0658454	0.207657	0.0195078	0.133029	-0.0658454	0.207657	0.0195078	
4.28	0.132507	-0.0646259	0.206991	0.0194634	0.132507	-0.0646259	0.206991	0.0194634	
4.3	0.131999	-0.0634165	0.206329	0.0194166	0.131999	-0.0634165	0.206329	0.0194166	
4.32	0.131505	-0.0622175	0.205672	0.0193676	0.131505	-0.0622175	0.205672	0.0193676	
4.34	0.131026	-0.0610291	0.20502	0.0193163	0.131026	-0.0610291	0.20502	0.0193163	
4.36	0.13056	-0.0598513	0.204372	0.0192628	0.13056	-0.0598513	0.204372	0.0192628	
4.38	0.130109	-0.0586844	0.203729	0.0192071	0.130109	-0.0586844	0.203729	0.0192071	
4.4	0.129671	-0.0575285	0.20309	0.0191493	0.129671	-0.0575285	0.20309	0.0191493	
4.42	0.129247	-0.0563838	0.202456	0.0190894	0.129247	-0.0563838	0.202456	0.0190894	
4.44	0.128837	-0.0552504	0.201825	0.0190274	0.128837	-0.0552504	0.201825	0.0190274	
4.46	0.12844	-0.0541285	0.201199	0.0189634	0.12844	-0.0541285	0.201199	0.0189634	
4.48	0.128056	-0.0530182	0.200577	0.0188975	0.128056	-0.0530182	0.200577	0.0188975	
4.5	0.127685	-0.0519196	0.199959	0.0188296	0.127685	-0.0519196	0.199959	0.0188296	
4.52	0.127327	-0.050833	0.199345	0.0187599	0.127327	-0.050833	0.199345	0.0187599	
4.54	0.126982	-0.0497584	0.198734	0.0186883	0.126982	-0.0497584	0.198734	0.0186883	
4.56	0.126649	-0.0486959	0.198128	0.018615	0.126649	-0.0486959	0.198128	0.018615	
4.58	0.126329	-0.0476458	0.197525	0.0185399	0.126329	-0.0476458	0.197525	0.0185399	
4.6	0.12602	-0.0466081	0.196925	0.0184631	0.12602	-0.0466081	0.196925	0.0184631	
4.62	0.125724	-0.0455829	0.196329	0.0183846	0.125724	-0.0455829	0.196329	0.0183846	
4.64	0.125438	-0.0445704	0.195737	0.0183046	0.125438	-0.0445704	0.195737	0.0183046	
4.66	0.125165	-0.0435706	0.195147	0.018223	0.125165	-0.0435706	0.195147	0.018223	
4.68	0.124902	-0.0425837	0.194562	0.0181398	0.124902	-0.0425837	0.194562	0.0181398	
4.7	0.124651	-0.0416097	0.193979	0.0180553	0.124651	-0.0416097	0.193979	0.0180553	
4.72	0.12441	-0.0406487	0.1934	0.0179693	0.12441	-0.0406487	0.1934	0.0179693	
4.74	0.124179	-0.0397009	0.192823	0.0178819	0.124179	-0.0397009	0.192823	0.0178819	
4.76	0.123959	-0.0387662	0.19225	0.0177932	0.123959	-0.0387662	0.19225	0.0177932	
4.78	0.123748	-0.0378447	0.19168	0.0177032	0.123748	-0.0378447	0.19168	0.0177032	
4.8	0.123547	-0.0369365	0.191112	0.017612	0.123547	-0.0369365	0.191112	0.017612	
4.82	0.123356	-0.0360417	0.190548	0.0175196	0.123356	-0.0360417	0.190548	0.0175196	
4.84	0.123174	-0.0351602	0.189986	0.017426	0.123174	-0.0351602	0.189986	0.017426	
4.86	0.123	-0.0342922	0.189427	0.0173314	0.123	-0.0342922	0.189427	0.0173314	
4.88	0.122836	-0.0334376	0.188871	0.0172357	0.122836	-0.0334376	0.188871	0.0172357	
4.9	0.122679	-0.0325965	0.188318	0.0171389	0.122679	-0.0325965	0.188318	0.0171389	
4.92	0.122531	-0.0317688	0.187767	0.0170412	0.122531	-0.0317688	0.187767	0.0170412	
4.94	0.12239	-0.0309546	0.187219	0.0169426	0.12239	-0.0309546	0.187219	0.0169426	
4.96	0.122257	-0.0301538	0.186673	0.0168432	0.122257	-0.0301538	0.186673	0.0168432	
4.98	0.122131	-0.0293666	0.18613	0.0167428	0.122131	-0.0293666	0.18613	0.0167428	
5	0.122012	-0.0285927	0.18559	0.0166417	0.122012	-0.0285927	0.18559	0.0166417	
5.02	0.1219	-0.0278323	0.185051	0.0165398	0.1219	-0.0278323	0.185051	0.0165398	
5.04	0.121795	-0.0270852	0.184515	0.0164373	0.121795	-0.0270852	0.184515	0.0164373	
5.06	0.121695	-0.0263515	0.183982	0.016334	0.121695	-0.0263515	0.183982	0.016334	
5.08	0.121602	-0.025631	0.183451	0.0162301	0.121602	-0.025631	0.183451	0.0162301	
5.1	0.121514	-0.0249238	0.182922	0.0161257	0.121514	-0.0249238	0.182922	0.0161257	
5.12	0.121431	-0.0242297	0.182395	0.0160207	0.121431	-0.0242297	0.182395	0.0160207	
5.14	0.121354	-0.0235488	0.181871	0.0159151	0.121354	-0.0235488	0.181871	0.0159151	
5.16	0.121282	-0.0228809	0.181349	0.0158091	0.121282	-0.0228809	0.181349	0.0158091	
5.18	0.121214	-0.0222259	0.180828	0.0157027	0.121214	-0.0222259	0.180828	0.0157027	
5.2	0.121151	-0.0215837	0.180311	0.0155959	0.121151	-0.0215837	0.180311	0.0155959	
5.22	0.121092	-0.0209544	0.179795	0.0154887	0.121092	-0.0209544	0.179795	0.0154887	
5.24	0.121036	-0.0203377	0.179281	0.0153812	0.121036	-0.0203377	0.179281	0.0153812	
5.26	0.120985	-0.0197335	0.178769	0.0152734	0.120985	-0.0197335	0.178769	0.0152734	
5.28	0.120937	-0.0191418	0.17826	0.0151653	0.120937	-0.0191418	0.17826	0.0151653	
5.3	0.120892	-0.0185625	0.177752	0.015057	0.120892	-0.0185625	0.177752	0.015057	
5.32	0.12085	-0.0179954	0.177246	0.0149486	0.12085	-0.0179954	0.177246	0.0149486	
5.34	0.120811	-0.0174403	0.176742	0.01484	0.120811	-0.0174403	0.176742	0.01484	
5.36	0.120775	-0.0168973	0.176241	0.0147312	0.120775	-0.0168973	0.176241	0.0147312	
5.38	0.120741	-0.016366	0.175741	0.0146224	0.120741	-0.016366	0.175741	0.0146224	
5.4	0.120709	-0.0158465	0.175243	0.0145135	0.120709	-0.0158465	0.175243	0.0145135	
5.42	0.120679	-0.0153386	0.174747	0.0144045	0.120679	-0.0153386	0.174747	0.0144045	
5.44	0.120651	-0.014842	0.174253	0.0142956	0.120651	-0.014842	0.174253	0.0142956	
5.46	0.120625	-0.0143568	0.17376	0.0141867	0.120625	-0.0143568	0.17376	0.0141867	
5.48	0.1206	-0.0138827	0.17327	0.0140778	0.1206	-0.0138827	0.17327	0.0140778	
5.5	0.120576	-0.0134195	0.172781	0.013969	0.120576	-0.0134195	0.172781	0.013969	
5.52	0.120554	-0.0129672	0.172295	0.0138604	0.120554	-0.0129672	0.172295	0.0138604	
5.54	0.120532	-0.0125256	0.17181	0.0137518	0.120532	-0.0125256	0.17181	0.0137518	
5.56	0.120511	-0.0120945	0.171326	0.0136434	0.120511	-0.0120945	0.171326	0.0136434	
5.58	0.120491	-0.0116737	0.170845	0.0135352	0.120491	-0.0116737	0.170845	0.0135352	
5.6	0.120471	-0.0112631	0.170365	0.0134272	0.120471	-0.0112631	0.170365	0.0134272	
5.62	0.120452	-0.0108626	0.169887	0.0133194	0.120452	-0.0108626	0.169887	0.0133194	
5.64	0.120433	-0.010472	0.169411	0.0132119	0.120433	-0.010472	0.169411	0.0132119	
5.66	0.120413	-0.0100911	0.168937	0.0131046	0.120413	-0.0100911	0.168937	0.0131046	
5.68	0.120394	-0.0097197	0.168464	0.0129977	0.120394	-0.0097197	0.168464	0.0129977	
5.7	0.120375	-0.00935772	0.167993	0.012891	0.120375	-0.00935772	0.167993	0.012891	
5.72	0.120355	-0.00900496	0.167524	0.0127847	0.120355	-0.00900496	0.167524	0.0127847	
5.74	0.120335	-0.00866127	0.167056	0.0126787	0.120335	-0.00866127	0.167056	0.0126787	
5.76	0.120314	-0.00832647	0.166591	0.0125731	0.120314	-0.00832647	0.166591	0.0125731	
5.78	0.120293	-0.0080004	0.166126	0.0124678	0.120293	-0.0080004	0.166126	0.0124678	
5.8	0.12027	-0.00768291	0.165664	0.012363	0.12027	-0.00768291	0.165664	0.012363	
5.82	0.120248	-0.00737381	0.165203	0.0122586	0.120248	-0.00737381	0.165203	0.0122586	
5.84	0.120224	-0.00707296	0.164744	0.0121546	0.120224	-0.00707296	0.164744	0.0121546	
5.86	0.120199	-0.0067802	0.164287	0.0120511	0.120199	-0.0067802	0.164287	0.0120511	
5.88	0.120173	-0.00649535	0.163831	0.011948	0.120173	-0.00649535	0.163831	0.011948	
5.9	0.120146	-0.00621826	0.163377	0.0118454	0.120146	-0.00621826	0.163377	0.0118454	
5.92	0.120118	-0.00594878	0.162924	0.0117433	0.120118	-0.00594878	0.162924	0.0117433	
5.94	0.120089	-0.00568674	0.162474	0.0116417	0.120089	-0.00568674	0.162474	0.0116417	
5.96	0.120058	-0.00543198	0.162025	0.0115406	0.120058	-0.00543198	0.162025	0.0115406	
5.98	0.120026	-0.00518436	0.161577	0.01144	0.120026	-0.00518436	0.161577	0.01144	
6	0.119992	-0.00494372	0.161131	0.01134	0.119992	-0.00494372	0.161131	0.01134	
6.02	0.119957	-0.00470991	0.160687	0.0112405	0.119957	-0.00470991	0.160687	0.0112405	
6.04	0.11992	-0.00448278	0.160244	0.0111416	0.11992	-0.00448278	0.160244	0.0111416	
6.06	0.119882	-0.00426218	0.159803	0.0110432	0.119882	-0.00426218	0.159803	0.0110432	
6.08	0.119842	-0.00404795	0.159364	0.0109454	0.119842	-0.00404795	0.159364	0.0109454	
6.1	0.1198	-0.00383997	0.158926	0.0108482	0.1198	-0.00383997	0.158926	0.0108482	
6.12	0.119757	-0.00363808	0.15849	0.0107516	0.119757	-0.00363808	0.15849	0.0107516	
6.14	0.119712	-0.00344215	0.158056	0.0106556	0.119712	-0.00344215	0.158056	0.0106556	
6.16	0.119666	-0.00325204	0.157623	0.0105602	0.119666	-0.00325204	0.157623	0.0105602	
6.18	0.119617	-0.0030676	0.157191	0.0104655	0.119617	-0.0030676	0.157191	0.0104655	
6.2	0.119567	-0.0028887	0.156762	0.0103713	0.119567	-0.0028887	0.156762	0.0103713	
6.22	0.119515	-0.00271522	0.156334	0.0102778	0.119515	-0.00271522	0.156334	0.0102778	
6.24	0.119461	-0.00254702	0.155907	0.0101849	0.119461	-0.00254702	0.155907	0.0101849	
6.26	0.119405	-0.00238397	0.155482	0.0100926	0.119405	-0.00238397	0.155482	0.0100926	
6.28	0.119347	-0.00222594	0.155059	0.010001	0.119347	-0.00222594	0.155059	0.010001	
6.3	0.119288	-0.00207282	0.154637	0.00991002	0.119288	-0.00207282	0.154637	0.00991002	
6.32	0.119226	-0.00192447	0.154217	0.00981969	0.119226	-0.00192447	0.154217	0.00981969	
6.34	0.119163	-0.00178078	0.153799	0.00973003	0.119163	-0.00178078	0.153799	0.00973003	
6.36	0.119098	-0.00164164	0.153382	0.00964102	0.119098	-0.00164164	0.153382	0.00964102	
6.38	0.119031	-0.00150692	0.152966	0.00955267	0.119031	-0.00150692	0.152966	0.00955267	
6.4	0.118962	-0.00137652	0.152553	0.00946498	0.118962	-0.00137652	0.152553	0.00946498	
6.42	0.118891	-0.00125032	0.152141	0.00937796	0.118891	-0.00125032	0.152141	0.00937796	
6.44	0.118818	-0.00112821	0.15173	0.00929161	0.118818	-0.00112821	0.15173	0.00929161	
6.46	0.118744	-0.00101008	0.151321	0.00920593	0.118744	-0.00101008	0.151321	0.00920593	
6.48	0.118667	-0.000895841	0.150913	0.00912092	0.118667	-0.000895841	0.150913	0.00912092	
6.5	0.118589	-0.000785377	0.150508	0.00903658	0.118589	-0.000785377	0.150508	0.00903658	
6.52	0.118509	-0.000678593	0.150103	0.00895292	0.118509	-0.000678593	0.150103	0.00895292	
6.54	0.118427	-0.000575389	0.149701	0.00886993	0.118427	-0.000575389	0.149701	0.00886993	
6.56	0.118343	-0.00047567	0.149299	0.00878761	0.118343	-0.00047567	0.149299	0.00878761	
6.58	0.118258	-0.000379341	0.1489	0.00870597	0.118258	-0.000379341	0.1489	0.00870597	
6.6	0.11817	-0.000286311	0.148502	0.008625	0.11817	-0.000286311	0.148502	0.008625	
6.62	0.118081	-0.000196488	0.148105	0.00854471	0.118081	-0.000196488	0.148105	0.00854471	
6.64	0.11799	-0.000109786	0.14771	0.00846509	0.11799	-0.000109786	0.14771	0.00846509	
6.66	0.117897	-2.61191e-05	0.147317	0.00838614	0.117897	-2.61191e-05	0.147317	0.00838614	
6.68	0.117803	5.45978e-05	0.146925	0.00830786	0.117803	5.45978e-05	0.146925	0.00830786	
6.7	0.117707	0.000132446	0.146535	0.00823026	0.117707	0.000132446	0.146535	0.00823026	
6.72	0.117609	0.000207507	0.146146	0.00815333	0.117609	0.000207507	0.146146	0.00815333	
6.74	0.117509	0.000279857	0.145758	0.00807706	0.117509	0.000279857	0.145758	0.00807706	
6.76	0.117408	0.000349574	0.145373	0.00800146	0.117408	0.000349574	0.145373	0.00800146	
6.78	0.117305	0.000416732	0.144989	0.00792653	0.117305	0.000416732	0.144989	0.00792653	
6.8	0.117201	0.000481404	0.144606	0.00785225	0.117201	0.000481404	0.144606	0.00785225	
6.82	0.117094	0.000543661	0.144225	0.00777864	0.117094	0.000543661	0.144225	0.00777864	
6.84	0.116987	0.000603573	0.143845	0.00770569	0.116987	0.000603573	0.143845	0.00770569	
6.86	0.116878	0.000661206	0.143467	0.00763339	0.116878	0.000661206	0.143467	0.00763339	
6.88	0.116767	0.000716627	0.143091	0.00756174	0.116767	0.000716627	0.143091	0.00756174	
6.9	0.116655	0.000769901	0.142715	0.00749075	0.116655	0.000769901	0.142715	0.00749075	
6.92	0.116541	0.000821089	0.142342	0.0074204	0.116541	0.000821089	0.142342	0.0074204	
6.94	0.116426	0.000870254	0.14197	0.0073507	0.116426	0.000870254	0.14197	0.0073507	
6.96	0.116309	0.000917454	0.141599	0.00728164	0.116309	0.000917454	0.141599	0.00728164	
6.98	0.116191	0.000962748	0.14123	0.00721322	0.116191	0.000962748	0.14123	0.00721322	
7	0.116072	0.00100619	0.140863	0.00714543	0.116072	0.00100619	0.140863	0.00714543	
7.02	0.115951	0.00104784	0.140497	0.00707828	0.115951	0.00104784	0.140497	0.00707828	
7.04	0.115829	0.00108775	0.140132	0.00701176	0.115829	0.00108775	0.140132	0.00701176	
7.06	0.115705	0.00112597	0.139769	0.00694586	0.115705	0.00112597	0.139769	0.00694586	
7.08	0.11558	0.00116255	0.139407	0.00688058	0.11558	0.00116255	0.139407	0.00688058	
7.1	0.115454	0.00119754	0.139047	0.00681592	0.115454	0.00119754	0.139047	0.00681592	
7.12	0.115327	0.001231	0.138689	0.00675187	0.115327	0.001231	0.138689	0.00675187	
7.14	0.115199	0.00126296	0.138332	0.00668843	0.115199	0.00126296	0.138332	0.00668843	
7.16	0.115069	0.00129347	0.137976	0.0066256	0.115069	0.00129347	0.137976	0.0066256	
7.18	0.114938	0.00132258	0.137622	0.00656338	0.114938	0.00132258	0.137622	0.00656338	
7.2	0.114806	0.00135033	0.137269	0.00650175	0.114806	0.00135033	0.137269	0.00650175	
7.22	0.114673	0.00137676	0.136917	0.00644071	0.114673	0.00137676	0.136917	0.00644071	
7.24	0.114539	0.00140191	0.136567	0.00638027	0.114539	0.00140191	0.136567	0.00638027	
7.26	0.114404	0.00142583	0.136219	0.00632041	0.114404	0.00142583	0.136219	0.00632041	
7.28	0.114267	0.00144855	0.135872	0.00626113	0.114267	0.00144855	0.135872	0.00626113	
7.3	0.11413	0.00147011	0.135526	0.00620243	0.11413	0.00147011	0.135526	0.00620243	
7.32	0.113992	0.00149054	0.135182	0.00614431	0.113992	0.00149054	0.135182	0.00614431	
7.34	0.113852	0.00150989	0.134839	0.00608675	0.113852	0.00150989	0.134839	0.00608675	
7.36	0.113712	0.00152818	0.134498	0.00602976	0.113712	0.00152818	0.134498	0.00602976	
7.38	0.113571	0.00154546	0.134158	0.00597333	0.113571	0.00154546	0.134158	0.00597333	
7.4	0.113429	0.00156174	0.13382	0.00591746	0.113429	0.00156174	0.13382	0.00591746	
7.42	0.113286	0.00157707	0.133483	0.00586214	0.113286	0.00157707	0.133483	0.00586214	
7.44	0.113142	0.00159148	0.133147	0.00580736	0.113142	0.00159148	0.133147	0.00580736	
7.46	0.112997	0.00160499	0.132813	0.00575313	0.112997	0.00160499	0.132813	0.00575313	
7.48	0.112851	0.00161764	0.13248	0.00569943	0.112851	0.00161764	0.13248	0.00569943	
7.5	0.112705	0.00162945	0.132148	0.00564627	0.112705	0.00162945	0.132148	0.00564627	
7.52	0.112558	0.00164045	0.131818	0.00559364	0.112558	0.00164045	0.131818	0.00559364	
7.54	0.11241	0.00165066	0.131489	0.00554154	0.11241	0.00165066	0.131489	0.00554154	
7.56	0.112261	0.00166012	0.131162	0.00548995	0.112261	0.00166012	0.131162	0.00548995	
7.58	0.112112	0.00166885	0.130836	0.00543889	0.112112	0.00166885	0.130836	0.00543889	
7.6	0.111962	0.00167687	0.130511	0.00538833	0.111962	0.00167687	0.130511	0.00538833	
7.62	0.111811	0.00168421	0.130188	0.00533828	0.111811	0.00168421	0.130188	0.00533828	
7.64	0.11166	0.00169089	0.129866	0.00528873	0.11166	0.00169089	0.129866	0.00528873	
7.66	0.111508	0.00169693	0.129546	0.00523968	0.111508	0.00169693	0.129546	0.00523968	
7.68	0.111355	0.00170236	0.129226	0.00519113	0.111355	0.00170236	0.129226	0.00519113	
7.7	0.111202	0.00170719	0.128909	0.00514306	0.111202	0.00170719	0.128909	0.00514306	
7.72	0.111048	0.00171144	0.128592	0.00509548	0.111048	0.00171144	0.128592	0.00509548	
7.74	0.110894	0.00171515	0.128277	0.00504838	0.110894	0.00171515	0.128277	0.00504838	
7.76	0.110739	0.00171831	0.127963	0.00500176	0.110739	0.00171831	0.127963	0.00500176	
7.78	0.110583	0.00172097	0.12765	0.0049556	0.110583	0.00172097	0.12765	0.0049556	
7.8	0.110428	0.00172312	0.127339	0.00490992	0.110428	0.00172312	0.127339	0.00490992	
7.82	0.110271	0.00172479	0.127029	0.00486469	0.110271	0.00172479	0.127029	0.00486469	
7.84	0.110114	0.001726	0.12672	0.00481993	0.110114	0.001726	0.12672	0.00481993	
7.86	0.109957	0.00172677	0.126413	0.00477562	0.109957	0.00172677	0.126413	0.00477562	
7.88	0.109799	0.0017271	0.126107	0.00473176	0.109799	0.0017271	0.126107	0.00473176	
7.9	0.109641	0.00172702	0.125802	0.00468834	0.109641	0.00172702	0.125802	0.00468834	
7.92	0.109482	0.00172654	0.125498	0.00464537	0.109482	0.00172654	0.125498	0.00464537	
7.94	0.109323	0.00172568	0.125196	0.00460283	0.109323	0.00172568	0.125196	0.00460283	
7.96	0.109164	0.00172444	0.124895	0.00456072	0.109164	0.00172444	0.124895	0.00456072	
7.98	0.109004	0.00172285	0.124595	0.00451904	0.109004	0.00172285	0.124595	0.00451904	
8	0.108844	0.00172092	0.124297	0.00447779	0.108844	0.00172092	0.124297	0.00447779	
8.02	0.108684	0.00171866	0.124	0.00443695	0.108684	0.00171866	0.124	0.00443695	
8.04	0.108523	0.00171608	0.123704	0.00439654	0.108523	0.00171608	0.123704	0.00439654	
8.06	0.108362	0.00171319	0.123409	0.00435653	0.108362	0.00171319	0.123409	0.00435653	
8.08	0.108201	0.00171001	0.123115	0.00431693	0.108201	0.00171001	0.123115	0.00431693	
8.1	0.108039	0.00170655	0.122823	0.00427773	0.108039	0.00170655	0.122823	0.00427773	
8.12	0.107878	0.00170282	0.122532	0.00423894	0.107878	0.00170282	0.122532	0.00423894	
8.14	0.107716	0.00169883	0.122242	0.00420053	0.107716	0.00169883	0.122242	0.00420053	
8.16	0.107553	0.00169459	0.121954	0.00416252	0.107553	0.00169459	0.121954	0.00416252	
8.18	0.107391	0.00169011	0.121666	0.0041249	0.107391	0.00169011	0.121666	0.0041249	
8.2	0.107228	0.0016854	0.12138	0.00408766	0.107228	0.0016854	0.12138	0.00408766	
8.22	0.107065	0.00168048	0.121095	0.0040508	0.107065	0.00168048	0.121095	0.0040508	
8.24	0.106902	0.00167534	0.120811	0.00401431	0.106902	0.00167534	0.120811	0.00401431	
8.26	0.106739	0.00167	0.120529	0.0039782	0.106739	0.00167	0.120529	0.0039782	
8.28	0.106576	0.00166447	0.120247	0.00394245	0.106576	0.00166447	0.120247	0.00394245	
8.3	0.106412	0.00165875	0.119967	0.00390707	0.106412	0.00165875	0.119967	0.00390707	
8.32	0.106248	0.00165286	0.119688	0.00387204	0.106248	0.00165286	0.119688	0.00387204	
8.34	0.106085	0.0016468	0.11941	0.00383738	0.106085	0.0016468	0.11941	0.00383738	
8.36	0.105921	0.00164058	0.119133	0.00380306	0.105921	0.00164058	0.119133	0.00380306	
8.38	0.105757	0.00163421	0.118857	0.0037691	0.105757	0.00163421	0.118857	0.0037691	
8.4	0.105593	0.00162769	0.118583	0.00373548	0.105593	0.00162769	0.118583	0.00373548	
8.42	0.105429	0.00162103	0.11831	0.0037022	0.105429	0.00162103	0.11831	0.0037022	
8.44	0.105265	0.00161424	0.118037	0.00366926	0.105265	0.00161424	0.118037	0.00366926	
8.46	0.1051	0.00160733	0.117766	0.00363665	0.1051	0.00160733	0.117766	0.00363665	
8.48	0.104936	0.00160029	0.117496	0.00360438	0.104936	0.00160029	0.117496	0.00360438	
8.5	0.104772	0.00159314	0.117228	0.00357243	0.104772	0.00159314	0.117228	0.00357243	
8.52	0.104607	0.00158588	0.11696	0.00354081	0.104607	0.00158588	0.11696	0.00354081	
8.54	0.104443	0.00157853	0.116693	0.00350951	0.104443	0.00157853	0.116693	0.00350951	
8.56	0.104279	0.00157107	0.116428	0.00347852	0.104279	0.00157107	0.116428	0.00347852	
8.58	0.104114	0.00156353	0.116163	0.00344785	0.104114	0.00156353	0.116163	0.00344785	
8.6	0.10395	0.00155589	0.1159	0.00341749	0.10395	0.00155589	0.1159	0.00341749	
8.62	0.103786	0.00154818	0.115638	0.00338743	0.103786	0.00154818	0.115638	0.00338743	
8.64	0.103621	0.00154039	0.115377	0.00335768	0.103621	0.00154039	0.115377	0.00335768	
8.66	0.103457	0.00153253	0.115117	0.00332823	0.103457	0.00153253	0.115117	0.00332823	
8.68	0.103293	0.00152461	0.114858	0.00329908	0.103293	0.00152461	0.114858	0.00329908	
8.7	0.103129	0.00151662	0.1146	0.00327022	0.103129	0.00151662	0.1146	0.00327022	
8.72	0.102965	0.00150857	0.114343	0.00324165	0.102965	0.00150857	0.114343	0.00324165	
8.74	0.102801	0.00150047	0.114087	0.00321337	0.102801	0.00150047	0.114087	0.00321337	
8.76	0.102637	0.00149232	0.113833	0.00318537	0.102637	0.00149232	0.113833	0.00318537	
8.78	0.102473	0.00148412	0.113579	0.00315766	0.102473	0.00148412	0.113579	0.00315766	
8.8	0.102309	0.00147588	0.113326	0.00313022	0.102309	0.00147588	0.113326	0.00313022	
8.82	0.102145	0.0014676	0.113075	0.00310306	0.102145	0.0014676	0.113075	0.00310306	
8.84	0.101982	0.00145929	0.112824	0.00307618	0.101982	0.00145929	0.112824	0.00307618	
8.86	0.101818	0.00145094	0.112574	0.00304956	0.101818	0.00145094	0.112574	0.00304956	
8.88	0.101655	0.00144256	0.112326	0.00302321	0.101655	0.00144256	0.112326	0.00302321	
8.9	0.101491	0.00143416	0.112078	0.00299712	0.101491	0.00143416	0.112078	0.00299712	
8.92	0.101328	0.00142573	0.111832	0.00297129	0.101328	0.00142573	0.111832	0.00297129	
8.94	0.101165	0.00141729	0.111586	0.00294573	0.101165	0.00141729	0.111586	0.00294573	
8.96	0.101002	0.00140882	0.111342	0.00292041	0.101002	0.00140882	0.111342	0.00292041	
8.98	0.10084	0.00140034	0.111098	0.00289535	0.10084	0.00140034	0.111098	0.00289535	
9	0.100677	0.00139185	0.110856	0.00287054	0.100677	0.00139185	0.110856	0.00287054	
9.02	0.100515	0.00138335	0.110614	0.00284598	0.100515	0.00138335	0.110614	0.00284598	
9.04	0.100352	0.00137484	0.110374	0.00282166	0.100352	0.00137484	0.110374	0.00282166	
9.06	0.10019	0.00136633	0.110134	0.00279758	0.10019	0.00136633	0.110134	0.00279758	
9.08	0.100028	0.00135781	0.109896	0.00277375	0.100028	0.00135781	0.109896	0.00277375	
9.1	0.0998666	0.0013493	0.109658	0.00275015	0.0998666	0.0013493	0.109658	0.00275015	
9.12	0.099705	0.00134078	0.109421	0.00272678	0.099705	0.00134078	0.109421	0.00272678	
9.14	0.0995436	0.00133227	0.109186	0.00270364	0.0995436	0.00133227	0.109186	0.00270364	
9.16	0.0993824	0.00132377	0.108951	0.00268074	0.0993824	0.00132377	0.108951	0.00268074	
9.18	0.0992214	0.00131527	0.108717	0.00265806	0.0992214	0.00131527	0.108717	0.00265806	
9.2	0.0990606	0.00130678	0.108484	0.0026356	0.0990606	0.00130678	0.108484	0.0026356	
9.22	0.0989	0.0012983	0.108252	0.00261336	0.0989	0.0012983	0.108252	0.00261336	
9.24	0.0987396	0.00128983	0.108021	0.00259135	0.0987396	0.00128983	0.108021	0.00259135	
9.26	0.0985794	0.00128138	0.107791	0.00256955	0.0985794	0.00128138	0.107791	0.00256955	
9.28	0.0984195	0.00127294	0.107562	0.00254796	0.0984195	0.00127294	0.107562	0.00254796	
9.3	0.0982597	0.00126452	0.107334	0.00252659	0.0982597	0.00126452	0.107334	0.00252659	
9.32	0.0981002	0.00125611	0.107106	0.00250543	0.0981002	0.00125611	0.107106	0.00250543	
9.34	0.0979409	0.00124773	0.10688	0.00248447	0.0979409	0.00124773	0.10688	0.00248447	
9.36	0.0977819	0.00123937	0.106654	0.00246372	0.0977819	0.00123937	0.106654	0.00246372	
9.38	0.097623	0.00123103	0.10643	0.00244317	0.097623	0.00123103	0.10643	0.00244317	
9.4	0.0974644	0.00122271	0.106206	0.00242283	0.0974644	0.00122271	0.106206	0.00242283	
9.42	0.0973061	0.00121442	0.105983	0.00240268	0.0973061	0.00121442	0.105983	0.00240268	
9.44	0.097148	0.00120615	0.105761	0.00238273	0.097148	0.00120615	0.105761	0.00238273	
9.46	0.0969901	0.00119791	0.10554	0.00236297	0.0969901	0.00119791	0.10554	0.00236297	
9.48	0.0968325	0.0011897	0.10532	0.0023434	0.0968325	0.0011897	0.10532	0.0023434	
9.5	0.0966752	0.00118151	0.105101	0.00232403	0.0966752	0.00118151	0.105101	0.00232403	
9.52	0.0965181	0.00117336	0.104882	0.00230484	0.0965181	0.00117336	0.104882	0.00230484	
9.54	0.0963612	0.00116523	0.104665	0.00228584	0.0963612	0.00116523	0.104665	0.00228584	
9.56	0.0962047	0.00115714	0.104448	0.00226702	0.0962047	0.00115714	0.104448	0.00226702	
9.58	0.0960483	0.00114908	0.104232	0.00224839	0.0960483	0.00114908	0.104232	0.00224839	
9.6	0.0958923	0.00114105	0.104017	0.00222993	0.0958923	0.00114105	0.104017	0.00222993	
9.62	0.0957365	0.00113305	0.103803	0.00221165	0.0957365	0.00113305	0.103803	0.00221165	
9.64	0.095581	0.00112509	0.103589	0.00219355	0.095581	0.00112509	0.103589	0.00219355	
9.66	0.0954258	0.00111717	0.103377	0.00217562	0.0954258	0.00111717	0.103377	0.00217562	
9.68	0.0952708	0.00110927	0.103165	0.00215787	0.0952708	0.00110927	0.103165	0.00215787	
9.7	0.0951162	0.00110142	0.102954	0.00214028	0.0951162	0.00110142	0.102954	0.00214028	
9.72	0.0949618	0.0010936	0.102744	0.00212287	0.0949618	0.0010936	0.102744	0.00212287	
9.74	0.0948077	0.00108582	0.102535	0.00210562	0.0948077	0.00108582	0.102535	0.00210562	
9.76	0.0946539	0.00107807	0.102327	0.00208853	0.0946539	0.00107807	0.102327	0.00208853	
9.78	0.0945003	0.00107037	0.102119	0.00207161	0.0945003	0.00107037	0.102119	0.00207161	
9.8	0.0943471	0.0010627	0.101912	0.00205485	0.0943471	0.0010627	0.101912	0.00205485	
9.82	0.0941941	0.00105507	0.101706	0.00203825	0.0941941	0.00105507	0.101706	0.00203825	
9.84	0.0940415	0.00104748	0.101501	0.00202181	0.0940415	0.00104748	0.101501	0.00202181	
9.86	0.0938891	0.00103993	0.101297	0.00200553	0.0938891	0.00103993	0.101297	0.00200553	
9.88	0.093737	0.00103242	0.101093	0.00198939	0.093737	0.00103242	0.101093	0.00198939	
9.9	0.0935853	0.00102495	0.10089	0.00197342	0.0935853	0.00102495	0.10089	0.00197342	
9.92	0.0934338	0.00101752	0.100688	0.00195759	0.0934338	0.00101752	0.100688	0.00195759	
9.94	0.0932826	0.00101013	0.100487	0.00194191	0.0932826	0.00101013	0.100487	0.00194191	
9.96	0.0931317	0.00100278	0.100286	0.00192638	0.0931317	0.00100278	0.100286	0.00192638	
9.98	0.0929812	0.000995474	0.100086	0.001911	0.0929812	0.000995474	0.100086	0.001911	
