-10	-0.108289	-0.000737174	-0.114709	0.00430544	-0.108289	-0.000737174	-0.114709	0.00430544	
-9.98	-0.108539	-0.000746134	-0.115023	0.00437693	-0.108539	-0.000746134	-0.115023	0.00437693	
-9.96	-0.10879	-0.000755207	-0.115339	0.00444974	-0.10879	-0.000755207	-0.115339	0.00444974	
-9.94	-0.109042	-0.000764394	-0.115657	0.00452391	-0.109042	-0.000764394	-0.115657	0.00452391	
-9.92	-0.109296	-0.000773698	-0.115977	0.00459946	-0.109296	-0.000773698	-0.115977	0.00459946	
-9.9	-0.109551	-0.000783119	-0.116299	0.00467643	-0.109551	-0.000783119	-0.116299	0.00467643	
-9.88	-0.109807	-0.000792659	-0.116623	0.00475484	-0.109807	-0.000792659	-0.116623	0.00475484	
-9.86	-0.110064	-0.000802321	-0.116949	0.00483473	-0.110064	-0.000802321	-0.116949	0.00483473	
-9.84	-0.110322	-0.000812104	-0.117276	0.00491613	-0.110322	-0.000812104	-0.117276	0.00491613	
-9.82	-0.110582	-0.000822012	-0.117606	0.00499906	-0.110582	-0.000822012	-0.117606	0.00499906	
-9.8	-0.110843	-0.000832046	-0.117938	0.00508356	-0.110843	-0.000832046	-0.117938	0.00508356	
-9.78	-0.111105	-0.000842208	-0.118272	0.00516967	-0.111105	-0.000842208	-0.118272	0.00516967	
-9.76	-0.111369	-0.000852499	-0.118608	0.00525741	-0.111369	-0.000852499	-0.118608	0.00525741	
-9.74	-0.111634	-0.000862921	-0.118946	0.00534683	-0.111634	-0.000862921	-0.118946	0.00534683	
-9.72	-0.1119	-0.000873477	-0.119285	0.00543795	-0.1119	-0.000873477	-0.119285	0.00543795	
-9.7	-0.112167	-0.000884167	-0.119628	0.00553082	-0.112167	-0.000884167	-0.119628	0.00553082	
-9.68	-0.112436	-0.000894994	-0.119972	0.00562547	-0.112436	-0.000894994	-0.119972	0.00562547	
-9.66	-0.112706	-0.000905959	-0.120318	0.00572194	-0.112706	-0.000905959	-0.120318	0.00572194	
-9.64	-0.112978	-0.000917065	-0.120666	0.00582027	-0.112978	-0.000917065	-0.120666	0.00582027	
-9.62	-0.113251	-0.000928313	-0.121017	0.0059205	-0.113251	-0.000928313	-0.121017	0.0059205	
-9.6	-0.113525	-0.000939706	-0.121369	0.00602267	-0.113525	-0.000939706	-0.121369	0.00602267	
-9.58	-0.113801	-0.000951245	-0.121724	0.00612682	-0.113801	-0.000951245	-0.121724	0.00612682	
-9.56	-0.114078	-0.000962933	-0.122081	0.00623299	-0.114078	-0.000962933	-0.122081	0.00623299	
-9.54	-0.114357	-0.000974771	-0.12244	0.00634123	-0.114357	-0.000974771	-0.12244	0.00634123	
-9.52	-0.114637	-0.000986762	-0.122801	0.00645158	-0.114637	-0.000986762	-0.122801	0.00645158	
-9.5	-0.114918	-0.000998908	-0.123165	0.00656409	-0.114918	-0.000998908	-0.123165	0.00656409	
-9.48	-0.115201	-0.00101121	-0.123531	0.0066788	-0.115201	-0.00101121	-0.123531	0.0066788	
-9.46	-0.115485	-0.00102367	-0.123899	0.00679577	-0.115485	-0.00102367	-0.123899	0.00679577	
-9.44	-0.115771	-0.0010363	-0.124269	0.00691504	-0.115771	-0.0010363	-0.124269	0.00691504	
-9.42	-0.116058	-0.00104908	-0.124641	0.00703665	-0.116058	-0.00104908	-0.124641	0.00703665	
-9.4	-0.116347	-0.00106204	-0.125016	0.00716067	-0.116347	-0.00106204	-0.125016	0.00716067	
-9.38	-0.116637	-0.00107516	-0.125393	0.00728715	-0.116637	-0.00107516	-0.125393	0.00728715	
-9.36	-0.116928	-0.00108845	-0.125772	0.00741612	-0.116928	-0.00108845	-0.125772	0.00741612	
-9.34	-0.117222	-0.00110191	-0.126154	0.00754767	-0.117222	-0.00110191	-0.126154	0.00754767	
-9.32	-0.117516	-0.00111555	-0.126537	0.00768182	-0.117516	-0.00111555	-0.126537	0.00768182	
-9.3	-0.117813	-0.00112937	-0.126923	0.00781865	-0.117813	-0.00112937	-0.126923	0.00781865	
-9.28	-0.118111	-0.00114337	-0.127312	0.00795822	-0.118111	-0.00114337	-0.127312	0.00795822	
-9.26	-0.11841	-0.00115755	-0.127703	0.00810057	-0.11841	-0.00115755	-0.127703	0.00810057	
-9.24	-0.118711	-0.00117192	-0.128096	0.00824578	-0.118711	-0.00117192	-0.128096	0.00824578	
-9.22	-0.119014	-0.00118647	-0.128491	0.0083939	-0.119014	-0.00118647	-0.128491	0.0083939	
-9.2	-0.119318	-0.00120122	-0.128889	0.008545	-0.119318	-0.00120122	-0.128889	0.008545	
-9.18	-0.119624	-0.00121616	-0.129288	0.00869915	-0.119624	-0.00121616	-0.129288	0.00869915	
-9.16	-0.119931	-0.00123129	-0.129691	0.0088564	-0.119931	-0.00123129	-0.129691	0.0088564	
-9.14	-0.12024	-0.00124663	-0.130095	0.00901683	-0.12024	-0.00124663	-0.130095	0.00901683	
-9.12	-0.120551	-0.00126217	-0.130502	0.0091805	-0.120551	-0.00126217	-0.130502	0.0091805	
-9.1	-0.120864	-0.00127791	-0.130912	0.00934749	-0.120864	-0.00127791	-0.130912	0.00934749	
-9.08	-0.121178	-0.00129386	-0.131323	0.00951787	-0.121178	-0.00129386	-0.131323	0.00951787	
-9.06	-0.121494	-0.00131002	-0.131737	0.00969171	-0.121494	-0.00131002	-0.131737	0.00969171	
-9.04	-0.121811	-0.00132639	-0.132153	0.00986909	-0.121811	-0.00132639	-0.132153	0.00986909	
-9.02	-0.122131	-0.00134298	-0.132572	0.0100501	-0.122131	-0.00134298	-0.132572	0.0100501	
-9	-0.122452	-0.0013598	-0.132993	0.0102348	-0.122452	-0.0013598	-0.132993	0.0102348	
-8.98	-0.122774	-0.00137683	-0.133416	0.0104232	-0.122774	-0.00137683	-0.133416	0.0104232	
-8.96	-0.123099	-0.00139409	-0.133841	0.0106155	-0.123099	-0.00139409	-0.133841	0.0106155	
-8.94	-0.123425	-0.00141158	-0.134269	0.0108118	-0.123425	-0.00141158	-0.134269	0.0108118	
-8.92	-0.123753	-0.0014293	-0.134699	0.011012	-0.123753	-0.0014293	-0.134699	0.011012	
-8.9	-0.124083	-0.00144726	-0.135131	0.0112164	-0.124083	-0.00144726	-0.135131	0.0112164	
-8.88	-0.124415	-0.00146546	-0.135566	0.011425	-0.124415	-0.00146546	-0.135566	0.011425	
-8.86	-0.124749	-0.0014839	-0.136003	0.0116378	-0.124749	-0.0014839	-0.136003	0.0116378	
-8.84	-0.125084	-0.00150259	-0.136442	0.0118551	-0.125084	-0.00150259	-0.136442	0.0118551	
-8.82	-0.125422	-0.00152153	-0.136883	0.0120768	-0.125422	-0.00152153	-0.136883	0.0120768	
-8.8	-0.125761	-0.00154073	-0.137326	0.0123031	-0.125761	-0.00154073	-0.137326	0.0123031	
-8.78	-0.126102	-0.00156018	-0.137771	0.012534	-0.126102	-0.00156018	-0.137771	0.012534	
-8.76	-0.126445	-0.00157989	-0.138219	0.0127697	-0.126445	-0.00157989	-0.138219	0.0127697	
-8.74	-0.12679	-0.00159986	-0.138669	0.0130102	-0.12679	-0.00159986	-0.138669	0.0130102	
-8.72	-0.127137	-0.00162011	-0.13912	0.0132557	-0.127137	-0.00162011	-0.13912	0.0132557	
-8.7	-0.127486	-0.00164063	-0.139574	0.0135063	-0.127486	-0.00164063	-0.139574	0.0135063	
-8.68	-0.127837	-0.00166142	-0.140029	0.0137621	-0.127837	-0.00166142	-0.140029	0.0137621	
-8.66	-0.12819	-0.0016825	-0.140487	0.0140231	-0.12819	-0.0016825	-0.140487	0.0140231	
-8.64	-0.128545	-0.00170386	-0.140946	0.0142896	-0.128545	-0.00170386	-0.140946	0.0142896	
-8.62	-0.128902	-0.00172551	-0.141408	0.0145615	-0.128902	-0.00172551	-0.141408	0.0145615	
-8.6	-0.129261	-0.00174746	-0.141871	0.014839	-0.129261	-0.00174746	-0.141871	0.014839	
-8.58	-0.129622	-0.0017697	-0.142336	0.0151223	-0.129622	-0.0017697	-0.142336	0.0151223	
-8.56	-0.129985	-0.00179225	-0.142802	0.0154114	-0.129985	-0.00179225	-0.142802	0.0154114	
-8.54	-0.13035	-0.0018151	-0.14327	0.0157064	-0.13035	-0.0018151	-0.14327	0.0157064	
-8.52	-0.130718	-0.00183826	-0.14374	0.0160076	-0.130718	-0.00183826	-0.14374	0.0160076	
-8.5	-0.131087	-0.00186174	-0.144211	0.0163149	-0.131087	-0.00186174	-0.144211	0.0163149	
-8.48	-0.131459	-0.00188554	-0.144684	0.0166286	-0.131459	-0.00188554	-0.144684	0.0166286	
-8.46	-0.131833	-0.00190966	-0.145158	0.0169487	-0.131833	-0.00190966	-0.145158	0.0169487	
-8.44	-0.132209	-0.00193411	-0.145633	0.0172754	-0.132209	-0.00193411	-0.145633	0.0172754	
-8.42	-0.132587	-0.0019589	-0.14611	0.0176087	-0.132587	-0.0019589	-0.14611	0.0176087	
-8.4	-0.132968	-0.00198403	-0.146587	0.0179489	-0.132968	-0.00198403	-0.146587	0.0179489	
-8.38	-0.133351	-0.0020095	-0.147066	0.0182961	-0.133351	-0.0020095	-0.147066	0.0182961	
-8.36	-0.133736	-0.00203533	-0.147545	0.0186503	-0.133736	-0.00203533	-0.147545	0.0186503	
-8.34	-0.134123	-0.00206151	-0.148026	0.0190117	-0.134123	-0.00206151	-0.148026	0.0190117	
-8.32	-0.134513	-0.00208804	-0.148507	0.0193805	-0.134513	-0.00208804	-0.148507	0.0193805	
-8.3	-0.134905	-0.00211495	-0.148988	0.0197567	-0.134905	-0.00211495	-0.148988	0.0197567	
-8.28	-0.135299	-0.00214223	-0.14947	0.0201406	-0.135299	-0.00214223	-0.14947	0.0201406	
-8.26	-0.135696	-0.00216988	-0.149953	0.0205321	-0.135696	-0.00216988	-0.149953	0.0205321	
-8.24	-0.136095	-0.00219792	-0.150435	0.0209316	-0.136095	-0.00219792	-0.150435	0.0209316	
-8.22	-0.136497	-0.00222634	-0.150918	0.0213391	-0.136497	-0.00222634	-0.150918	0.0213391	
-8.2	-0.136901	-0.00225516	-0.151401	0.0217547	-0.136901	-0.00225516	-0.151401	0.0217547	
-8.18	-0.137307	-0.00228438	-0.151883	0.0221785	-0.137307	-0.00228438	-0.151883	0.0221785	
-8.16	-0.137716	-0.00231401	-0.152365	0.0226108	-0.137716	-0.00231401	-0.152365	0.0226108	
-8.14	-0.138127	-0.00234404	-0.152847	0.0230516	-0.138127	-0.00234404	-0.152847	0.0230516	
-8.12	-0.138541	-0.0023745	-0.153327	0.0235011	-0.138541	-0.0023745	-0.153327	0.0235011	
-8.1	-0.138958	-0.00240538	-0.153807	0.0239594	-0.138958	-0.00240538	-0.153807	0.0239594	
-8.08	-0.139377	-0.00243669	-0.154286	0.0244266	-0.139377	-0.00243669	-0.154286	0.0244266	
-8.06	-0.139799	-0.00246844	-0.154764	0.0249028	-0.139799	-0.00246844	-0.154764	0.0249028	
-8.04	-0.140223	-0.00250064	-0.15524	0.0253882	-0.140223	-0.00250064	-0.15524	0.0253882	
-8.02	-0.14065	-0.00253329	-0.155714	0.025883	-0.14065	-0.00253329	-0.155714	0.025883	
-8	-0.141079	-0.00256639	-0.156187	0.0263871	-0.141079	-0.00256639	-0.156187	0.0263871	
-7.98	-0.141511	-0.00259996	-0.156657	0.0269008	-0.141511	-0.00259996	-0.156657	0.0269008	
-7.96	-0.141946	-0.002634	-0.157125	0.0274241	-0.141946	-0.002634	-0.157125	0.0274241	
-7.94	-0.142384	-0.00266853	-0.15759	0.0279572	-0.142384	-0.00266853	-0.15759	0.0279572	
-7.92	-0.142824	-0.00270353	-0.158053	0.0285002	-0.142824	-0.00270353	-0.158053	0.0285002	
-7.9	-0.143268	-0.00273904	-0.158512	0.0290531	-0.143268	-0.00273904	-0.158512	0.0290531	
-7.88	-0.143714	-0.00277504	-0.158968	0.0296161	-0.143714	-0.00277504	-0.158968	0.0296161	
-7.86	-0.144162	-0.00281156	-0.159421	0.0301893	-0.144162	-0.00281156	-0.159421	0.0301893	
-7.84	-0.144614	-0.00284859	-0.159869	0.0307727	-0.144614	-0.00284859	-0.159869	0.0307727	
-7.82	-0.145069	-0.00288614	-0.160313	0.0313664	-0.145069	-0.00288614	-0.160313	0.0313664	
-7.8	-0.145526	-0.00292424	-0.160752	0.0319705	-0.145526	-0.00292424	-0.160752	0.0319705	
-7.78	-0.145986	-0.00296287	-0.161187	0.0325851	-0.145986	-0.00296287	-0.161187	0.0325851	
-7.76	-0.14645	-0.00300205	-0.161617	0.0332102	-0.14645	-0.00300205	-0.161617	0.0332102	
-7.74	-0.146916	-0.00304179	-0.16204	0.0338458	-0.146916	-0.00304179	-0.16204	0.0338458	
-7.72	-0.147385	-0.0030821	-0.162458	0.0344921	-0.147385	-0.0030821	-0.162458	0.0344921	
-7.7	-0.147858	-0.00312298	-0.16287	0.0351489	-0.147858	-0.00312298	-0.16287	0.0351489	
-7.68	-0.148333	-0.00316445	-0.163275	0.0358164	-0.148333	-0.00316445	-0.163275	0.0358164	
-7.66	-0.148812	-0.00320652	-0.163673	0.0364946	-0.148812	-0.00320652	-0.163673	0.0364946	
-7.64	-0.149294	-0.00324919	-0.164064	0.0371834	-0.149294	-0.00324919	-0.164064	0.0371834	
-7.62	-0.149778	-0.00329247	-0.164447	0.0378829	-0.149778	-0.00329247	-0.164447	0.0378829	
-7.6	-0.150266	-0.00333637	-0.164822	0.0385929	-0.150266	-0.00333637	-0.164822	0.0385929	
-7.58	-0.150758	-0.0033809	-0.165188	0.0393135	-0.150758	-0.0033809	-0.165188	0.0393135	
-7.56	-0.151252	-0.00342608	-0.165546	0.0400447	-0.151252	-0.00342608	-0.165546	0.0400447	
-7.54	-0.15175	-0.00347191	-0.165894	0.0407862	-0.15175	-0.00347191	-0.165894	0.0407862	
-7.52	-0.152251	-0.0035184	-0.166232	0.0415381	-0.152251	-0.0035184	-0.166232	0.0415381	
-7.5	-0.152755	-0.00356556	-0.16656	0.0423001	-0.152755	-0.00356556	-0.16656	0.0423001	
-7.48	-0.153263	-0.00361341	-0.166877	0.0430724	-0.153263	-0.00361341	-0.166877	0.0430724	
-7.46	-0.153774	-0.00366195	-0.167183	0.0438545	-0.153774	-0.00366195	-0.167183	0.0438545	
-7.44	-0.154288	-0.0037112	-0.167478	0.0446465	-0.154288	-0.0037112	-0.167478	0.0446465	
-7.42	-0.154806	-0.00376116	-0.16776	0.0454481	-0.154806	-0.00376116	-0.16776	0.0454481	
-7.4	-0.155328	-0.00381185	-0.168031	0.0462591	-0.155328	-0.00381185	-0.168031	0.0462591	
-7.38	-0.155853	-0.00386328	-0.168288	0.0470793	-0.155853	-0.00386328	-0.168288	0.0470793	
-7.36	-0.156381	-0.00391547	-0.168532	0.0479085	-0.156381	-0.00391547	-0.168532	0.0479085	
-7.34	-0.156913	-0.00396841	-0.168762	0.0487464	-0.156913	-0.00396841	-0.168762	0.0487464	
-7.32	-0.157449	-0.00402213	-0.168977	0.0495927	-0.157449	-0.00402213	-0.168977	0.0495927	
-7.3	-0.157988	-0.00407664	-0.169178	0.0504471	-0.157988	-0.00407664	-0.169178	0.0504471	
-7.28	-0.158531	-0.00413194	-0.169364	0.0513092	-0.158531	-0.00413194	-0.169364	0.0513092	
-7.26	-0.159078	-0.00418807	-0.169534	0.0521788	-0.159078	-0.00418807	-0.169534	0.0521788	
-7.24	-0.159629	-0.00424501	-0.169688	0.0530555	-0.159629	-0.00424501	-0.169688	0.0530555	
-7.22	-0.160183	-0.0043028	-0.169826	0.0539387	-0.160183	-0.0043028	-0.169826	0.0539387	
-7.2	-0.160741	-0.00436144	-0.169947	0.0548282	-0.160741	-0.00436144	-0.169947	0.0548282	
-7.18	-0.161303	-0.00442094	-0.17005	0.0557235	-0.161303	-0.00442094	-0.17005	0.0557235	
-7.16	-0.161869	-0.00448133	-0.170136	0.056624	-0.161869	-0.00448133	-0.170136	0.056624	
-7.14	-0.162439	-0.00454261	-0.170203	0.0575294	-0.162439	-0.00454261	-0.170203	0.0575294	
-7.12	-0.163012	-0.0046048	-0.170252	0.058439	-0.163012	-0.0046048	-0.170252	0.058439	
-7.1	-0.16359	-0.00466791	-0.170282	0.0593523	-0.16359	-0.00466791	-0.170282	0.0593523	
-7.08	-0.164172	-0.00473197	-0.170293	0.0602688	-0.164172	-0.00473197	-0.170293	0.0602688	
-7.06	-0.164758	-0.00479697	-0.170285	0.0611878	-0.164758	-0.00479697	-0.170285	0.0611878	
-7.04	-0.165348	-0.00486295	-0.170256	0.0621088	-0.165348	-0.00486295	-0.170256	0.0621088	
-7.02	-0.165942	-0.00492992	-0.170208	0.063031	-0.165942	-0.00492992	-0.170208	0.063031	
-7	-0.16654	-0.00499788	-0.170139	0.063954	-0.16654	-0.00499788	-0.170139	0.063954	
-6.98	-0.167143	-0.00506687	-0.17005	0.0648769	-0.167143	-0.00506687	-0.17005	0.0648769	
-6.96	-0.16775	-0.00513689	-0.169939	0.065799	-0.16775	-0.00513689	-0.169939	0.065799	
-6.94	-0.168361	-0.00520796	-0.169808	0.0667198	-0.168361	-0.00520796	-0.169808	0.0667198	
-6.92	-0.168976	-0.0052801	-0.169656	0.0676384	-0.168976	-0.0052801	-0.169656	0.0676384	
-6.9	-0.169596	-0.00535333	-0.169482	0.068554	-0.169596	-0.00535333	-0.169482	0.068554	
-6.88	-0.17022	-0.00542766	-0.169288	0.069466	-0.17022	-0.00542766	-0.169288	0.069466	
-6.86	-0.170849	-0.00550312	-0.169071	0.0703736	-0.170849	-0.00550312	-0.169071	0.0703736	
-6.84	-0.171482	-0.00557972	-0.168834	0.0712759	-0.171482	-0.00557972	-0.168834	0.0712759	
-6.82	-0.17212	-0.00565748	-0.168575	0.0721722	-0.17212	-0.00565748	-0.168575	0.0721722	
-6.8	-0.172763	-0.00573643	-0.168294	0.0730618	-0.172763	-0.00573643	-0.168294	0.0730618	
-6.78	-0.17341	-0.00581657	-0.167993	0.0739437	-0.17341	-0.00581657	-0.167993	0.0739437	
-6.76	-0.174061	-0.00589793	-0.16767	0.0748173	-0.174061	-0.00589793	-0.16767	0.0748173	
-6.74	-0.174718	-0.00598054	-0.167326	0.0756816	-0.174718	-0.00598054	-0.167326	0.0756816	
-6.72	-0.175379	-0.0060644	-0.166962	0.0765359	-0.175379	-0.0060644	-0.166962	0.0765359	
-6.7	-0.176045	-0.00614955	-0.166576	0.0773795	-0.176045	-0.00614955	-0.166576	0.0773795	
-6.68	-0.176716	-0.00623601	-0.166171	0.0782114	-0.176716	-0.00623601	-0.166171	0.0782114	
-6.66	-0.177392	-0.00632379	-0.165746	0.079031	-0.177392	-0.00632379	-0.165746	0.079031	
-6.64	-0.178073	-0.00641292	-0.165301	0.0798375	-0.178073	-0.00641292	-0.165301	0.0798375	
-6.62	-0.178758	-0.00650342	-0.164837	0.0806301	-0.178758	-0.00650342	-0.164837	0.0806301	
-6.6	-0.179449	-0.00659532	-0.164354	0.081408	-0.179449	-0.00659532	-0.164354	0.081408	
-6.58	-0.180145	-0.00668864	-0.163852	0.0821706	-0.180145	-0.00668864	-0.163852	0.0821706	
-6.56	-0.180846	-0.0067834	-0.163333	0.0829171	-0.180846	-0.0067834	-0.163333	0.0829171	
-6.54	-0.181553	-0.00687963	-0.162797	0.0836469	-0.181553	-0.00687963	-0.162797	0.0836469	
-6.52	-0.182264	-0.00697736	-0.162243	0.0843593	-0.182264	-0.00697736	-0.162243	0.0843593	
-6.5	-0.182981	-0.0070766	-0.161674	0.0850536	-0.182981	-0.0070766	-0.161674	0.0850536	
-6.48	-0.183703	-0.00717739	-0.161089	0.0857294	-0.183703	-0.00717739	-0.161089	0.0857294	
-6.46	-0.18443	-0.00727975	-0.160489	0.0863859	-0.18443	-0.00727975	-0.160489	0.0863859	
-6.44	-0.185163	-0.00738371	-0.159875	0.0870226	-0.185163	-0.00738371	-0.159875	0.0870226	
-6.42	-0.185902	-0.0074893	-0.159247	0.0876391	-0.185902	-0.0074893	-0.159247	0.0876391	
-6.4	-0.186646	-0.00759654	-0.158606	0.0882348	-0.186646	-0.00759654	-0.158606	0.0882348	
-6.38	-0.187395	-0.00770547	-0.157953	0.0888093	-0.187395	-0.00770547	-0.157953	0.0888093	
-6.36	-0.18815	-0.00781612	-0.157289	0.0893622	-0.18815	-0.00781612	-0.157289	0.0893622	
-6.34	-0.188911	-0.0079285	-0.156614	0.0898932	-0.188911	-0.0079285	-0.156614	0.0898932	
-6.32	-0.189678	-0.00804267	-0.15593	0.0904018	-0.189678	-0.00804267	-0.15593	0.0904018	
-6.3	-0.19045	-0.00815863	-0.155236	0.0908878	-0.19045	-0.00815863	-0.155236	0.0908878	
-6.28	-0.191228	-0.00827644	-0.154534	0.0913509	-0.191228	-0.00827644	-0.154534	0.0913509	
-6.26	-0.192012	-0.00839612	-0.153825	0.091791	-0.192012	-0.00839612	-0.153825	0.091791	
-6.24	-0.192802	-0.0085177	-0.153109	0.0922077	-0.192802	-0.0085177	-0.153109	0.0922077	
-6.22	-0.193598	-0.00864122	-0.152388	0.092601	-0.193598	-0.00864122	-0.152388	0.092601	
-6.2	-0.1944	-0.00876671	-0.151661	0.0929708	-0.1944	-0.00876671	-0.151661	0.0929708	
-6.18	-0.195208	-0.0088942	-0.15093	0.093317	-0.195208	-0.0088942	-0.15093	0.093317	
-6.16	-0.196023	-0.00902374	-0.150196	0.0936396	-0.196023	-0.00902374	-0.150196	0.0936396	
-6.14	-0.196843	-0.00915537	-0.149459	0.0939386	-0.196843	-0.00915537	-0.149459	0.0939386	
-6.12	-0.19767	-0.0092891	-0.148721	0.0942139	-0.19767	-0.0092891	-0.148721	0.0942139	
-6.1	-0.198503	-0.009425	-0.147981	0.0944657	-0.198503	-0.009425	-0.147981	0.0944657	
-6.08	-0.199343	-0.00956309	-0.147242	0.0946941	-0.199343	-0.00956309	-0.147242	0.0946941	
-6.06	-0.200189	-0.00970341	-0.146502	0.0948993	-0.200189	-0.00970341	-0.146502	0.0948993	
-6.04	-0.201041	-0.00984601	-0.145764	0.0950813	-0.201041	-0.00984601	-0.145764	0.0950813	
-6.02	-0.2019	-0.00999093	-0.145028	0.0952404	-0.2019	-0.00999093	-0.145028	0.0952404	
-6	-0.202766	-0.0101382	-0.144295	0.0953769	-0.202766	-0.0101382	-0.144295	0.0953769	
-5.98	-0.203638	-0.0102879	-0.143565	0.0954909	-0.203638	-0.0102879	-0.143565	0.0954909	
-5.96	-0.204517	-0.01044	-0.142839	0.0955828	-0.204517	-0.01044	-0.142839	0.0955828	
-5.94	-0.205403	-0.0105946	-0.142117	0.0956528	-0.205403	-0.0105946	-0.142117	0.0956528	
-5.92	-0.206296	-0.0107518	-0.141401	0.0957012	-0.206296	-0.0107518	-0.141401	0.0957012	
-5.9	-0.207195	-0.0109115	-0.140691	0.0957285	-0.207195	-0.0109115	-0.140691	0.0957285	
-5.88	-0.208102	-0.0110739	-0.139987	0.095735	-0.208102	-0.0110739	-0.139987	0.095735	
-5.86	-0.209015	-0.011239	-0.13929	0.095721	-0.209015	-0.011239	-0.13929	0.095721	
-5.84	-0.209936	-0.0114068	-0.1386	0.095687	-0.209936	-0.0114068	-0.1386	0.095687	
-5.82	-0.210864	-0.0115774	-0.137918	0.0956333	-0.210864	-0.0115774	-0.137918	0.0956333	
-5.8	-0.211799	-0.0117508	-0.137245	0.0955604	-0.211799	-0.0117508	-0.137245	0.0955604	
-5.78	-0.212741	-0.0119271	-0.136581	0.0954686	-0.212741	-0.0119271	-0.136581	0.0954686	
-5.76	-0.213691	-0.0121063	-0.135925	0.0953585	-0.213691	-0.0121063	-0.135925	0.0953585	
-5.74	-0.214648	-0.0122886	-0.13528	0.0952304	-0.214648	-0.0122886	-0.13528	0.0952304	
-5.72	-0.215612	-0.0124739	-0.134644	0.0950849	-0.215612	-0.0124739	-0.134644	0.0950849	
-5.7	-0.216584	-0.0126623	-0.134019	0.0949223	-0.216584	-0.0126623	-0.134019	0.0949223	
-5.68	-0.217564	-0.0128539	-0.133404	0.0947432	-0.217564	-0.0128539	-0.133404	0.0947432	
-5.66	-0.218551	-0.0130488	-0.1328	0.0945479	-0.218551	-0.0130488	-0.1328	0.0945479	
-5.64	-0.219546	-0.0132469	-0.132208	0.0943369	-0.219546	-0.0132469	-0.132208	0.0943369	
-5.62	-0.220548	-0.0134484	-0.131626	0.0941108	-0.220548	-0.0134484	-0.131626	0.0941108	
-5.6	-0.221559	-0.0136534	-0.131057	0.0938698	-0.221559	-0.0136534	-0.131057	0.0938698	
-5.58	-0.222577	-0.0138618	-0.130499	0.0936146	-0.222577	-0.0138618	-0.130499	0.0936146	
-5.56	-0.223603	-0.0140738	-0.129953	0.0933454	-0.223603	-0.0140738	-0.129953	0.0933454	
-5.54	-0.224638	-0.0142894	-0.129419	0.0930629	-0.224638	-0.0142894	-0.129419	0.0930629	
-5.52	-0.22568	-0.0145088	-0.128897	0.0927673	-0.22568	-0.0145088	-0.128897	0.0927673	
-5.5	-0.22673	-0.0147319	-0.128388	0.0924592	-0.22673	-0.0147319	-0.128388	0.0924592	
-5.48	-0.227789	-0.0149588	-0.127891	0.0921389	-0.227789	-0.0149588	-0.127891	0.0921389	
-5.46	-0.228856	-0.0151897	-0.127407	0.0918068	-0.228856	-0.0151897	-0.127407	0.0918068	
-5.44	-0.229931	-0.0154246	-0.126935	0.0914634	-0.229931	-0.0154246	-0.126935	0.0914634	
-5.42	-0.231015	-0.0156636	-0.126476	0.0911091	-0.231015	-0.0156636	-0.126476	0.0911091	
-5.4	-0.232107	-0.0159067	-0.126029	0.0907441	-0.232107	-0.0159067	-0.126029	0.0907441	
-5.38	-0.233207	-0.0161541	-0.125595	0.090369	-0.233207	-0.0161541	-0.125595	0.090369	
-5.36	-0.234316	-0.0164059	-0.125174	0.089984	-0.234316	-0.0164059	-0.125174	0.089984	
-5.34	-0.235434	-0.016662	-0.124766	0.0895895	-0.235434	-0.016662	-0.124766	0.0895895	
-5.32	-0.236561	-0.0169227	-0.12437	0.0891859	-0.236561	-0.0169227	-0.12437	0.0891859	
-5.3	-0.237696	-0.0171879	-0.123986	0.0887734	-0.237696	-0.0171879	-0.123986	0.0887734	
-5.28	-0.23884	-0.0174579	-0.123615	0.0883524	-0.23884	-0.0174579	-0.123615	0.0883524	
-5.26	-0.239993	-0.0177326	-0.123257	0.0879232	-0.239993	-0.0177326	-0.123257	0.0879232	
-5.24	-0.241155	-0.0180123	-0.12291	0.087486	-0.241155	-0.0180123	-0.12291	0.087486	
-5.22	-0.242325	-0.0182969	-0.122576	0.0870412	-0.242325	-0.0182969	-0.122576	0.0870412	
-5.2	-0.243505	-0.0185866	-0.122255	0.086589	-0.243505	-0.0185866	-0.122255	0.086589	
-5.18	-0.244694	-0.0188815	-0.121945	0.0861296	-0.244694	-0.0188815	-0.121945	0.0861296	
-5.16	-0.245893	-0.0191817	-0.121648	0.0856633	-0.245893	-0.0191817	-0.121648	0.0856633	
-5.14	-0.2471	-0.0194873	-0.121362	0.0851904	-0.2471	-0.0194873	-0.121362	0.0851904	
-5.12	-0.248317	-0.0197984	-0.121089	0.084711	-0.248317	-0.0197984	-0.121089	0.084711	
-5.1	-0.249543	-0.0201152	-0.120827	0.0842253	-0.249543	-0.0201152	-0.120827	0.0842253	
-5.08	-0.250779	-0.0204377	-0.120576	0.0837336	-0.250779	-0.0204377	-0.120576	0.0837336	
-5.06	-0.252024	-0.0207661	-0.120337	0.083236	-0.252024	-0.0207661	-0.120337	0.083236	
-5.04	-0.253279	-0.0211004	-0.12011	0.0827327	-0.253279	-0.0211004	-0.12011	0.0827327	
-5.02	-0.254543	-0.0214409	-0.119893	0.0822237	-0.254543	-0.0214409	-0.119893	0.0822237	
-5	-0.255817	-0.0217876	-0.119688	0.0817094	-0.255817	-0.0217876	-0.119688	0.0817094	
-4.98	-0.2571	-0.0221407	-0.119494	0.0811898	-0.2571	-0.0221407	-0.119494	0.0811898	
-4.96	-0.258394	-0.0225003	-0.119311	0.080665	-0.258394	-0.0225003	-0.119311	0.080665	
-4.94	-0.259697	-0.0228666	-0.119138	0.0801351	-0.259697	-0.0228666	-0.119138	0.0801351	
-4.92	-0.26101	-0.0232396	-0.118976	0.0796003	-0.26101	-0.0232396	-0.118976	0.0796003	
-4.9	-0.262333	-0.0236195	-0.118825	0.0790606	-0.262333	-0.0236195	-0.118825	0.0790606	
-4.88	-0.263666	-0.0240065	-0.118684	0.0785161	-0.263666	-0.0240065	-0.118684	0.0785161	
-4.86	-0.26501	-0.0244008	-0.118553	0.0779668	-0.26501	-0.0244008	-0.118553	0.0779668	
-4.84	-0.266363	-0.0248024	-0.118433	0.0774129	-0.266363	-0.0248024	-0.118433	0.0774129	
-4.82	-0.267726	-0.0252115	-0.118322	0.0768544	-0.267726	-0.0252115	-0.118322	0.0768544	
-4.8	-0.2691	-0.0256283	-0.118221	0.0762913	-0.2691	-0.0256283	-0.118221	0.0762913	
-4.78	-0.270484	-0.026053	-0.11813	0.0757237	-0.270484	-0.026053	-0.11813	0.0757237	
-4.76	-0.271878	-0.0264857	-0.118049	0.0751515	-0.271878	-0.0264857	-0.118049	0.0751515	
-4.74	-0.273282	-0.0269266	-0.117978	0.0745748	-0.273282	-0.0269266	-0.117978	0.0745748	
-4.72	-0.274697	-0.0273758	-0.117915	0.0739937	-0.274697	-0.0273758	-0.117915	0.0739937	
-4.7	-0.276123	-0.0278336	-0.117863	0.073408	-0.276123	-0.0278336	-0.117863	0.073408	
-4.68	-0.277559	-0.0283001	-0.117819	0.0728178	-0.277559	-0.0283001	-0.117819	0.0728178	
-4.66	-0.279005	-0.0287754	-0.117785	0.072223	-0.279005	-0.0287754	-0.117785	0.072223	
-4.64	-0.280462	-0.0292599	-0.11776	0.0716237	-0.280462	-0.0292599	-0.11776	0.0716237	
-4.62	-0.28193	-0.0297537	-0.117744	0.0710198	-0.28193	-0.0297537	-0.117744	0.0710198	
-4.6	-0.283408	-0.030257	-0.117736	0.0704112	-0.283408	-0.030257	-0.117736	0.0704112	
-4.58	-0.284897	-0.0307699	-0.117738	0.069798	-0.284897	-0.0307699	-0.117738	0.069798	
-4.56	-0.286397	-0.0312928	-0.117748	0.06918	-0.286397	-0.0312928	-0.117748	0.06918	
-4.54	-0.287907	-0.0318257	-0.117768	0.0685572	-0.287907	-0.0318257	-0.117768	0.0685572	
-4.52	-0.289428	-0.032369	-0.117795	0.0679295	-0.289428	-0.032369	-0.117795	0.0679295	
-4.5	-0.29096	-0.0329228	-0.117832	0.0672969	-0.29096	-0.0329228	-0.117832	0.0672969	
-4.48	-0.292503	-0.0334874	-0.117877	0.0666593	-0.292503	-0.0334874	-0.117877	0.0666593	
-4.46	-0.294057	-0.034063	-0.11793	0.0660166	-0.294057	-0.034063	-0.11793	0.0660166	
-4.44	-0.295622	-0.0346498	-0.117992	0.0653687	-0.295622	-0.0346498	-0.117992	0.0653687	
-4.42	-0.297198	-0.0352481	-0.118063	0.0647155	-0.297198	-0.0352481	-0.118063	0.0647155	
-4.4	-0.298785	-0.0358582	-0.118141	0.0640569	-0.298785	-0.0358582	-0.118141	0.0640569	
-4.38	-0.300382	-0.0364801	-0.118229	0.0633928	-0.300382	-0.0364801	-0.118229	0.0633928	
-4.36	-0.301991	-0.0371144	-0.118324	0.0627232	-0.301991	-0.0371144	-0.118324	0.0627232	
-4.34	-0.303611	-0.037761	-0.118428	0.0620478	-0.303611	-0.037761	-0.118428	0.0620478	
-4.32	-0.305242	-0.0384205	-0.11854	0.0613666	-0.305242	-0.0384205	-0.11854	0.0613666	
-4.3	-0.306884	-0.0390929	-0.118661	0.0606794	-0.306884	-0.0390929	-0.118661	0.0606794	
-4.28	-0.308537	-0.0397787	-0.11879	0.0599862	-0.308537	-0.0397787	-0.11879	0.0599862	
-4.26	-0.310201	-0.040478	-0.118927	0.0592868	-0.310201	-0.040478	-0.118927	0.0592868	
-4.24	-0.311876	-0.0411912	-0.119073	0.058581	-0.311876	-0.0411912	-0.119073	0.058581	
-4.22	-0.313562	-0.0419186	-0.119227	0.0578687	-0.313562	-0.0419186	-0.119227	0.0578687	
-4.2	-0.31526	-0.0426604	-0.11939	0.0571499	-0.31526	-0.0426604	-0.11939	0.0571499	
-4.18	-0.316968	-0.043417	-0.119561	0.0564242	-0.316968	-0.043417	-0.119561	0.0564242	
-4.16	-0.318688	-0.0441887	-0.119741	0.0556917	-0.318688	-0.0441887	-0.119741	0.0556917	
-4.14	-0.320418	-0.0449757	-0.119929	0.0549522	-0.320418	-0.0449757	-0.119929	0.0549522	
-4.12	-0.32216	-0.0457785	-0.120126	0.0542054	-0.32216	-0.0457785	-0.120126	0.0542054	
-4.1	-0.323912	-0.0465974	-0.120331	0.0534512	-0.323912	-0.0465974	-0.120331	0.0534512	
-4.08	-0.325676	-0.0474326	-0.120545	0.0526896	-0.325676	-0.0474326	-0.120545	0.0526896	
-4.06	-0.327451	-0.0482845	-0.120769	0.0519203	-0.327451	-0.0482845	-0.120769	0.0519203	
-4.04	-0.329236	-0.0491535	-0.121001	0.0511431	-0.329236	-0.0491535	-0.121001	0.0511431	
-4.02	-0.331033	-0.05004	-0.121241	0.050358	-0.331033	-0.05004	-0.121241	0.050358	
-4	-0.33284	-0.0509442	-0.121492	0.0495647	-0.33284	-0.0509442	-0.121492	0.0495647	
-3.98	-0.334659	-0.0518666	-0.121751	0.048763	-0.334659	-0.0518666	-0.121751	0.048763	
-3.96	-0.336488	-0.0528076	-0.122019	0.0479529	-0.336488	-0.0528076	-0.122019	0.0479529	
-3.94	-0.338328	-0.0537674	-0.122297	0.0471341	-0.338328	-0.0537674	-0.122297	0.0471341	
-3.92	-0.340178	-0.0547466	-0.122585	0.0463064	-0.340178	-0.0547466	-0.122585	0.0463064	
-3.9	-0.342039	-0.0557455	-0.122882	0.0454697	-0.342039	-0.0557455	-0.122882	0.0454697	
-3.88	-0.343911	-0.0567645	-0.123189	0.0446239	-0.343911	-0.0567645	-0.123189	0.0446239	
-3.86	-0.345794	-0.057804	-0.123505	0.0437687	-0.345794	-0.057804	-0.123505	0.0437687	
-3.84	-0.347686	-0.0588645	-0.123832	0.0429039	-0.347686	-0.0588645	-0.123832	0.0429039	
-3.82	-0.34959	-0.0599463	-0.124169	0.0420294	-0.34959	-0.0599463	-0.124169	0.0420294	
-3.8	-0.351503	-0.0610499	-0.124517	0.041145	-0.351503	-0.0610499	-0.124517	0.041145	
-3.78	-0.353427	-0.0621758	-0.124874	0.0402506	-0.353427	-0.0621758	-0.124874	0.0402506	
-3.76	-0.35536	-0.0633244	-0.125243	0.0393459	-0.35536	-0.0633244	-0.125243	0.0393459	
-3.74	-0.357304	-0.0644961	-0.125622	0.0384307	-0.357304	-0.0644961	-0.125622	0.0384307	
-3.72	-0.359258	-0.0656914	-0.126013	0.0375049	-0.359258	-0.0656914	-0.126013	0.0375049	
-3.7	-0.361221	-0.0669108	-0.126414	0.0365684	-0.361221	-0.0669108	-0.126414	0.0365684	
-3.68	-0.363194	-0.0681547	-0.126828	0.0356208	-0.363194	-0.0681547	-0.126828	0.0356208	
-3.66	-0.365176	-0.0694237	-0.127252	0.034662	-0.365176	-0.0694237	-0.127252	0.034662	
-3.64	-0.367168	-0.0707183	-0.127689	0.0336919	-0.367168	-0.0707183	-0.127689	0.0336919	
-3.62	-0.369169	-0.0720388	-0.128137	0.0327103	-0.369169	-0.0720388	-0.128137	0.0327103	
-3.6	-0.371179	-0.073386	-0.128598	0.0317169	-0.371179	-0.073386	-0.128598	0.0317169	
-3.58	-0.373198	-0.0747601	-0.129071	0.0307117	-0.373198	-0.0747601	-0.129071	0.0307117	
-3.56	-0.375226	-0.0761619	-0.129557	0.0296943	-0.375226	-0.0761619	-0.129557	0.0296943	
-3.54	-0.377262	-0.0775918	-0.130055	0.0286646	-0.377262	-0.0775918	-0.130055	0.0286646	
-3.52	-0.379306	-0.0790504	-0.130567	0.0276225	-0.379306	-0.0790504	-0.130567	0.0276225	
-3.5	-0.381359	-0.0805382	-0.131092	0.0265678	-0.381359	-0.0805382	-0.131092	0.0265678	
-3.48	-0.383419	-0.0820558	-0.131631	0.0255002	-0.383419	-0.0820558	-0.131631	0.0255002	
-3.46	-0.385487	-0.0836037	-0.132184	0.0244195	-0.385487	-0.0836037	-0.132184	0.0244195	
-3.44	-0.387563	-0.0851825	-0.13275	0.0233257	-0.387563	-0.0851825	-0.13275	0.0233257	
-3.42	-0.389646	-0.0867928	-0.133332	0.0222185	-0.389646	-0.0867928	-0.133332	0.0222185	
-3.4	-0.391735	-0.0884353	-0.133927	0.0210976	-0.391735	-0.0884353	-0.133927	0.0210976	
-3.38	-0.393832	-0.0901104	-0.134538	0.0199631	-0.393832	-0.0901104	-0.134538	0.0199631	
-3.36	-0.395934	-0.0918188	-0.135164	0.0188145	-0.395934	-0.0918188	-0.135164	0.0188145	
-3.34	-0.398043	-0.0935611	-0.135805	0.0176518	-0.398043	-0.0935611	-0.135805	0.0176518	
-3.32	-0.400158	-0.095338	-0.136463	0.0164748	-0.400158	-0.095338	-0.136463	0.0164748	
-3.3	-0.402277	-0.09715	-0.137136	0.0152832	-0.402277	-0.09715	-0.137136	0.0152832	
-3.28	-0.404403	-0.0989978	-0.137825	0.0140769	-0.404403	-0.0989978	-0.137825	0.0140769	
-3.26	-0.406532	-0.100882	-0.138532	0.0128558	-0.406532	-0.100882	-0.138532	0.0128558	
-3.24	-0.408667	-0.102803	-0.139255	0.0116195	-0.408667	-0.102803	-0.139255	0.0116195	
-3.22	-0.410805	-0.104763	-0.139995	0.0103679	-0.410805	-0.104763	-0.139995	0.0103679	
-3.2	-0.412946	-0.10676	-0.140753	0.00910087	-0.412946	-0.10676	-0.140753	0.00910087	
-3.18	-0.415091	-0.108797	-0.141529	0.00781814	-0.415091	-0.108797	-0.141529	0.00781814	
-3.16	-0.417239	-0.110873	-0.142323	0.00651954	-0.417239	-0.110873	-0.142323	0.00651954	
-3.14	-0.419389	-0.11299	-0.143136	0.00520486	-0.419389	-0.11299	-0.143136	0.00520486	
-3.12	-0.421541	-0.115149	-0.143967	0.00387391	-0.421541	-0.115149	-0.143967	0.00387391	
-3.1	-0.423694	-0.117349	-0.144818	0.00252648	-0.423694	-0.117349	-0.144818	0.00252648	
-3.08	-0.425847	-0.119591	-0.145688	0.00116238	-0.425847	-0.119591	-0.145688	0.00116238	
-3.06	-0.428001	-0.121877	-0.146578	-0.000218602	-0.428001	-0.121877	-0.146578	-0.000218602	
-3.04	-0.430155	-0.124207	-0.147488	-0.00161668	-0.430155	-0.124207	-0.147488	-0.00161668	
-3.02	-0.432308	-0.126582	-0.148418	-0.00303206	-0.432308	-0.126582	-0.148418	-0.00303206	
-3	-0.434459	-0.129003	-0.14937	-0.00446495	-0.434459	-0.129003	-0.14937	-0.00446495	
-2.98	-0.436609	-0.131469	-0.150342	-0.00591559	-0.436609	-0.131469	-0.150342	-0.00591559	
-2.96	-0.438755	-0.133983	-0.151336	-0.00738418	-0.438755	-0.133983	-0.151336	-0.00738418	
-2.94	-0.440898	-0.136545	-0.152352	-0.00887095	-0.440898	-0.136545	-0.152352	-0.00887095	
-2.92	-0.443037	-0.139155	-0.153391	-0.0103761	-0.443037	-0.139155	-0.153391	-0.0103761	
-2.9	-0.445172	-0.141814	-0.154452	-0.0119	-0.445172	-0.141814	-0.154452	-0.0119	
-2.88	-0.4473	-0.144523	-0.155536	-0.0134427	-0.4473	-0.144523	-0.155536	-0.0134427	
-2.86	-0.449422	-0.147284	-0.156643	-0.0150045	-0.449422	-0.147284	-0.156643	-0.0150045	
-2.84	-0.451537	-0.150095	-0.157774	-0.0165857	-0.451537	-0.150095	-0.157774	-0.0165857	
-2.82	-0.453645	-0.15296	-0.158929	-0.0181866	-0.453645	-0.15296	-0.158929	-0.0181866	
-2.8	-0.455743	-0.155877	-0.160108	-0.0198073	-0.455743	-0.155877	-0.160108	-0.0198073	
-2.78	-0.457831	-0.158848	-0.161312	-0.0214483	-0.457831	-0.158848	-0.161312	-0.0214483	
-2.76	-0.459909	-0.161874	-0.162542	-0.0231096	-0.459909	-0.161874	-0.162542	-0.0231096	
-2.74	-0.461975	-0.164956	-0.163797	-0.0247917	-0.461975	-0.164956	-0.163797	-0.0247917	
-2.72	-0.464028	-0.168094	-0.165077	-0.0264948	-0.464028	-0.168094	-0.165077	-0.0264948	
-2.7	-0.466068	-0.171289	-0.166384	-0.0282193	-0.466068	-0.171289	-0.166384	-0.0282193	
-2.68	-0.468093	-0.174541	-0.167718	-0.0299654	-0.468093	-0.174541	-0.167718	-0.0299654	
-2.66	-0.470102	-0.177853	-0.169079	-0.0317334	-0.470102	-0.177853	-0.169079	-0.0317334	
-2.64	-0.472095	-0.181223	-0.170467	-0.0335238	-0.472095	-0.181223	-0.170467	-0.0335238	
-2.62	-0.474069	-0.184654	-0.171883	-0.0353367	-0.474069	-0.184654	-0.171883	-0.0353367	
-2.6	-0.476023	-0.188146	-0.173327	-0.0371727	-0.476023	-0.188146	-0.173327	-0.0371727	
-2.58	-0.477957	-0.191699	-0.174799	-0.0390321	-0.477957	-0.191699	-0.174799	-0.0390321	
-2.56	-0.47987	-0.195315	-0.176301	-0.0409151	-0.47987	-0.195315	-0.176301	-0.0409151	
-2.54	-0.481759	-0.198994	-0.177831	-0.0428224	-0.481759	-0.198994	-0.177831	-0.0428224	
-2.52	-0.483623	-0.202737	-0.179391	-0.0447542	-0.483623	-0.202737	-0.179391	-0.0447542	
-2.5	-0.485461	-0.206544	-0.180982	-0.0467109	-0.485461	-0.206544	-0.180982	-0.0467109	
-2.48	-0.487272	-0.210417	-0.182602	-0.0486931	-0.487272	-0.210417	-0.182602	-0.0486931	
-2.46	-0.489053	-0.214355	-0.184254	-0.0507012	-0.489053	-0.214355	-0.184254	-0.0507012	
-2.44	-0.490804	-0.21836	-0.185936	-0.0527357	-0.490804	-0.21836	-0.185936	-0.0527357	
-2.42	-0.492523	-0.222433	-0.187651	-0.054797	-0.492523	-0.222433	-0.187651	-0.054797	
-2.4	-0.494208	-0.226573	-0.189397	-0.0568857	-0.494208	-0.226573	-0.189397	-0.0568857	
-2.38	-0.495857	-0.230782	-0.191175	-0.0590024	-0.495857	-0.230782	-0.191175	-0.0590024	
-2.36	-0.497469	-0.23506	-0.192986	-0.0611475	-0.497469	-0.23506	-0.192986	-0.0611475	
-2.34	-0.499042	-0.239407	-0.194829	-0.0633217	-0.499042	-0.239407	-0.194829	-0.0633217	
-2.32	-0.500574	-0.243825	-0.196706	-0.0655256	-0.500574	-0.243825	-0.196706	-0.0655256	
-2.3	-0.502063	-0.248313	-0.198617	-0.0677598	-0.502063	-0.248313	-0.198617	-0.0677598	
-2.28	-0.503507	-0.252872	-0.200562	-0.070025	-0.503507	-0.252872	-0.200562	-0.070025	
-2.26	-0.504905	-0.257503	-0.202541	-0.0723219	-0.504905	-0.257503	-0.202541	-0.0723219	
-2.24	-0.506253	-0.262206	-0.204555	-0.0746512	-0.506253	-0.262206	-0.204555	-0.0746512	
-2.22	-0.50755	-0.266981	-0.206604	-0.0770136	-0.50755	-0.266981	-0.206604	-0.0770136	
-2.2	-0.508794	-0.271829	-0.208689	-0.07941	-0.508794	-0.271829	-0.208689	-0.07941	
-2.18	-0.509983	-0.276749	-0.210809	-0.0818411	-0.509983	-0.276749	-0.210809	-0.0818411	
-2.16	-0.511114	-0.281743	-0.212966	-0.0843079	-0.511114	-0.281743	-0.212966	-0.0843079	
-2.14	-0.512184	-0.28681	-0.215158	-0.0868111	-0.512184	-0.28681	-0.215158	-0.0868111	
-2.12	-0.513192	-0.29195	-0.217388	-0.0893518	-0.513192	-0.29195	-0.217388	-0.0893518	
-2.1	-0.514136	-0.297163	-0.219654	-0.0919309	-0.514136	-0.297163	-0.219654	-0.0919309	
-2.08	-0.515011	-0.30245	-0.221958	-0.0945494	-0.515011	-0.30245	-0.221958	-0.0945494	
-2.06	-0.515817	-0.30781	-0.2243	-0.0972084	-0.515817	-0.30781	-0.2243	-0.0972084	
-2.04	-0.51655	-0.313244	-0.226679	-0.099909	-0.51655	-0.313244	-0.226679	-0.099909	
-2.02	-0.517208	-0.31875	-0.229096	-0.102652	-0.517208	-0.31875	-0.229096	-0.102652	
-2	-0.517787	-0.324329	-0.231552	-0.10544	-0.517787	-0.324329	-0.231552	-0.10544	
-1.98	-0.518286	-0.329979	-0.234047	-0.108272	-0.518286	-0.329979	-0.234047	-0.108272	
-1.96	-0.518702	-0.335702	-0.23658	-0.111151	-0.518702	-0.335702	-0.23658	-0.111151	
-1.94	-0.51903	-0.341496	-0.239153	-0.114078	-0.51903	-0.341496	-0.239153	-0.114078	
-1.92	-0.51927	-0.34736	-0.241764	-0.117054	-0.51927	-0.34736	-0.241764	-0.117054	
-1.9	-0.519417	-0.353294	-0.244416	-0.120081	-0.519417	-0.353294	-0.244416	-0.120081	
-1.88	-0.519468	-0.359297	-0.247106	-0.12316	-0.519468	-0.359297	-0.247106	-0.12316	
-1.86	-0.519422	-0.365368	-0.249837	-0.126294	-0.519422	-0.365368	-0.249837	-0.126294	
-1.84	-0.519273	-0.371505	-0.252607	-0.129482	-0.519273	-0.371505	-0.252607	-0.129482	
-1.82	-0.519021	-0.377708	-0.255417	-0.132729	-0.519021	-0.377708	-0.255417	-0.132729	
-1.8	-0.51866	-0.383976	-0.258267	-0.136035	-0.51866	-0.383976	-0.258267	-0.136035	
-1.78	-0.518189	-0.390306	-0.261157	-0.139402	-0.518189	-0.390306	-0.261157	-0.139402	
-1.76	-0.517603	-0.396697	-0.264087	-0.142832	-0.517603	-0.396697	-0.264087	-0.142832	
-1.74	-0.5169	-0.403148	-0.267057	-0.146328	-0.5169	-0.403148	-0.267057	-0.146328	
-1.72	-0.516077	-0.409657	-0.270066	-0.149891	-0.516077	-0.409657	-0.270066	-0.149891	
-1.7	-0.51513	-0.416221	-0.273115	-0.153524	-0.51513	-0.416221	-0.273115	-0.153524	
-1.68	-0.514055	-0.422839	-0.276204	-0.157229	-0.514055	-0.422839	-0.276204	-0.157229	
-1.66	-0.512851	-0.429508	-0.279332	-0.161009	-0.512851	-0.429508	-0.279332	-0.161009	
-1.64	-0.511513	-0.436225	-0.282498	-0.164867	-0.511513	-0.436225	-0.282498	-0.164867	
-1.62	-0.510039	-0.442989	-0.285703	-0.168804	-0.510039	-0.442989	-0.285703	-0.168804	
-1.6	-0.508425	-0.449795	-0.288946	-0.172825	-0.508425	-0.449795	-0.288946	-0.172825	
-1.58	-0.506668	-0.456642	-0.292226	-0.176931	-0.506668	-0.456642	-0.292226	-0.176931	
-1.56	-0.504765	-0.463526	-0.295543	-0.181126	-0.504765	-0.463526	-0.295543	-0.181126	
-1.54	-0.502712	-0.470443	-0.298897	-0.185413	-0.502712	-0.470443	-0.298897	-0.185413	
-1.52	-0.500508	-0.477391	-0.302286	-0.189796	-0.500508	-0.477391	-0.302286	-0.189796	
-1.5	-0.498148	-0.484365	-0.305709	-0.194278	-0.498148	-0.484365	-0.305709	-0.194278	
-1.48	-0.495631	-0.491361	-0.309166	-0.198863	-0.495631	-0.491361	-0.309166	-0.198863	
-1.46	-0.492953	-0.498376	-0.312655	-0.203554	-0.492953	-0.498376	-0.312655	-0.203554	
-1.44	-0.490112	-0.505405	-0.316176	-0.208355	-0.490112	-0.505405	-0.316176	-0.208355	
-1.42	-0.487105	-0.512443	-0.319726	-0.213271	-0.487105	-0.512443	-0.319726	-0.213271	
-1.4	-0.48393	-0.519486	-0.323304	-0.218305	-0.48393	-0.519486	-0.323304	-0.218305	
-1.38	-0.480584	-0.52653	-0.326909	-0.223463	-0.480584	-0.52653	-0.326909	-0.223463	
-1.36	-0.477065	-0.533568	-0.330538	-0.228748	-0.477065	-0.533568	-0.330538	-0.228748	
-1.34	-0.473371	-0.540596	-0.33419	-0.234166	-0.473371	-0.540596	-0.33419	-0.234166	
-1.32	-0.469501	-0.547608	-0.337861	-0.239721	-0.469501	-0.547608	-0.337861	-0.239721	
-1.3	-0.465453	-0.554599	-0.34155	-0.24542	-0.465453	-0.554599	-0.34155	-0.24542	
-1.28	-0.461225	-0.561562	-0.345254	-0.251266	-0.461225	-0.561562	-0.345254	-0.251266	
-1.26	-0.456815	-0.568493	-0.34897	-0.257266	-0.456815	-0.568493	-0.34897	-0.257266	
-1.24	-0.452224	-0.575383	-0.352693	-0.263425	-0.452224	-0.575383	-0.352693	-0.263425	
-1.22	-0.447451	-0.582228	-0.356421	-0.26975	-0.447451	-0.582228	-0.356421	-0.26975	
-1.2	-0.442494	-0.589021	-0.36015	-0.276246	-0.442494	-0.589021	-0.36015	-0.276246	
-1.18	-0.437353	-0.595755	-0.363874	-0.28292	-0.437353	-0.595755	-0.363874	-0.28292	
-1.16	-0.432029	-0.602422	-0.36759	-0.289778	-0.432029	-0.602422	-0.36759	-0.289778	
-1.14	-0.426521	-0.609017	-0.371291	-0.296828	-0.426521	-0.609017	-0.371291	-0.296828	
-1.12	-0.420831	-0.615532	-0.374973	-0.304075	-0.420831	-0.615532	-0.374973	-0.304075	
-1.1	-0.414959	-0.62196	-0.378628	-0.311528	-0.414959	-0.62196	-0.378628	-0.311528	
-1.08	-0.408906	-0.628293	-0.38225	-0.319193	-0.408906	-0.628293	-0.38225	-0.319193	
-1.06	-0.402675	-0.634524	-0.385832	-0.327077	-0.402675	-0.634524	-0.385832	-0.327077	
-1.04	-0.396266	-0.640646	-0.389365	-0.335189	-0.396266	-0.640646	-0.389365	-0.335189	
-1.02	-0.389683	-0.646651	-0.392841	-0.343537	-0.389683	-0.646651	-0.392841	-0.343537	
-1	-0.382927	-0.652531	-0.396251	-0.352127	-0.382927	-0.652531	-0.396251	-0.352127	
-0.98	-0.376002	-0.658278	-0.399583	-0.360967	-0.376002	-0.658278	-0.399583	-0.360967	
-0.96	-0.368912	-0.663885	-0.402827	-0.370067	-0.368912	-0.663885	-0.402827	-0.370067	
-0.94	-0.361659	-0.669344	-0.405972	-0.379432	-0.361659	-0.669344	-0.405972	-0.379432	
-0.92	-0.354249	-0.674647	-0.409003	-0.389073	-0.354249	-0.674647	-0.409003	-0.389073	
-0.9	-0.346685	-0.679786	-0.411908	-0.398995	-0.346685	-0.679786	-0.411908	-0.398995	
-0.88	-0.338974	-0.684754	-0.414671	-0.409207	-0.338974	-0.684754	-0.414671	-0.409207	
-0.86	-0.331119	-0.689542	-0.417275	-0.419716	-0.331119	-0.689542	-0.417275	-0.419716	
-0.84	-0.323128	-0.694143	-0.419704	-0.430528	-0.323128	-0.694143	-0.419704	-0.430528	
-0.82	-0.315006	-0.698548	-0.421939	-0.441652	-0.315006	-0.698548	-0.421939	-0.441652	
-0.8	-0.306761	-0.702751	-0.423959	-0.453091	-0.306761	-0.702751	-0.423959	-0.453091	
-0.78	-0.298398	-0.706744	-0.425744	-0.464853	-0.298398	-0.706744	-0.425744	-0.464853	
-0.76	-0.289927	-0.710518	-0.42727	-0.476942	-0.289927	-0.710518	-0.42727	-0.476942	
-0.74	-0.281355	-0.714066	-0.428514	-0.48936	-0.281355	-0.714066	-0.428514	-0.48936	
-0.72	-0.27269	-0.717381	-0.429449	-0.502112	-0.27269	-0.717381	-0.429449	-0.502112	
-0.7	-0.263942	-0.720453	-0.430047	-0.515198	-0.263942	-0.720453	-0.430047	-0.515198	
-0.68	-0.25512	-0.723277	-0.43028	-0.528618	-0.25512	-0.723277	-0.43028	-0.528618	
-0.66	-0.246234	-0.725843	-0.430117	-0.542369	-0.246234	-0.725843	-0.430117	-0.542369	
-0.64	-0.237294	-0.728144	-0.429526	-0.556449	-0.237294	-0.728144	-0.429526	-0.556449	
-0.62	-0.228311	-0.730172	-0.428473	-0.570852	-0.228311	-0.730172	-0.428473	-0.570852	
-0.6	-0.219298	-0.731917	-0.426923	-0.585567	-0.219298	-0.731917	-0.426923	-0.585567	
-0.58	-0.210266	-0.73337	-0.424838	-0.600585	-0.210266	-0.73337	-0.424838	-0.600585	
-0.56	-0.201228	-0.734523	-0.422182	-0.615891	-0.201228	-0.734523	-0.422182	-0.615891	
-0.54	-0.192198	-0.735363	-0.418916	-0.631466	-0.192198	-0.735363	-0.418916	-0.631466	
-0.52	-0.18319	-0.735881	-0.414999	-0.64729	-0.18319	-0.735881	-0.414999	-0.64729	
-0.5	-0.174219	-0.736063	-0.410392	-0.663336	-0.174219	-0.736063	-0.410392	-0.663336	
-0.48	-0.165303	-0.735895	-0.405053	-0.679574	-0.165303	-0.735895	-0.405053	-0.679574	
-0.46	-0.156458	-0.735361	-0.398944	-0.695969	-0.156458	-0.735361	-0.398944	-0.695969	
-0.44	-0.147704	-0.73444	-0.392024	-0.712482	-0.147704	-0.73444	-0.392024	-0.712482	
-0.42	-0.139061	-0.733109	-0.384256	-0.729067	-0.139061	-0.733109	-0.384256	-0.729067	
-0.4	-0.130553	-0.731342	-0.375603	-0.745674	-0.130553	-0.731342	-0.375603	-0.745674	
-0.38	-0.122205	-0.729103	-0.366031	-0.762246	-0.122205	-0.729103	-0.366031	-0.762246	
-0.36	-0.114045	-0.72635	-0.355509	-0.778723	-0.114045	-0.72635	-0.355509	-0.778723	
-0.34	-0.106105	-0.72303	-0.344012	-0.795036	-0.106105	-0.72303	-0.344012	-0.795036	
-0.32	-0.0984232	-0.719073	-0.331519	-0.811112	-0.0984232	-0.719073	-0.331519	-0.811112	
-0.3	-0.0910404	-0.714389	-0.318013	-0.826875	-0.0910404	-0.714389	-0.318013	-0.826875	
-0.28	-0.0840059	-0.708859	-0.303486	-0.842241	-0.0840059	-0.708859	-0.303486	-0.842241	
-0.26	-0.0773762	-0.70232	-0.287938	-0.857124	-0.0773762	-0.70232	-0.287938	-0.857124	
-0.24	-0.0712155	-0.694546	-0.271375	-0.871434	-0.0712155	-0.694546	-0.271375	-0.871434	
-0.22	-0.0655951	-0.685217	-0.253814	-0.885078	-0.0655951	-0.685217	-0.253814	-0.885078	
-0.2	-0.0605865	-0.673866	-0.235283	-0.897963	-0.0605865	-0.673866	-0.235283	-0.897963	
-0.18	-0.0562419	-0.659784	-0.215819	-0.909996	-0.0562419	-0.659784	-0.215819	-0.909996	
-0.16	-0.052539	-0.641858	-0.195469	-0.921083	-0.052539	-0.641858	-0.195469	-0.921083	
-0.14	-0.0492263	-0.618266	-0.174294	-0.931135	-0.0492263	-0.618266	-0.174294	-0.931135	
-0.12	-0.045372	-0.585885	-0.152363	-0.940066	-0.045372	-0.585885	-0.152363	-0.940066	
-0.1	-0.0379577	-0.539189	-0.129758	-0.947799	-0.0379577	-0.539189	-0.129758	-0.947799	
-0.08	-0.0171646	-0.468774	-0.10657	-0.95426	-0.0171646	-0.468774	-0.10657	-0.95426	
-0.06	0.0492556	-0.365362	-0.0828997	-0.959388	0.0492556	-0.365362	-0.0828997	-0.959388	
-0.04	0.240135	-0.27561	-0.0588547	-0.96313	0.240135	-0.27561	-0.0588547	-0.96313	
-0.02	0.498445	-0.412209	-0.0345505	-0.965445	0.498445	-0.412209	-0.0345505	-0.965445	
0	0.507815	-0.659572	-0.0101073	-0.966305	0.507815	-0.659572	-0.0101073	-0.966305	
0.02	0.409576	-0.764627	0.0143513	-0.965697	0.409576	-0.764627	0.0143513	-0.965697	
0.04	0.335214	-0.790149	0.0387002	-0.963618	0.335214	-0.790149	0.0387002	-0.963618	
0.06	0.289264	-0.790288	0.0628147	-0.960083	0.289264	-0.790288	0.0628147	-0.960083	
0.08	0.26114	-0.782855	0.0865726	-0.955117	0.26114	-0.782855	0.0865726	-0.955117	
0.1	0.243699	-0.773354	0.109856	-0.94876	0.243699	-0.773354	0.109856	-0.94876	
0.12	0.232864	-0.763545	0.132552	-0.941064	0.232864	-0.763545	0.132552	-0.941064	
0.14	0.226285	-0.753984	0.154556	-0.932092	0.226285	-0.753984	0.154556	-0.932092	
0.16	0.222555	-0.74482	0.175772	-0.921917	0.222555	-0.74482	0.175772	-0.921917	
0.18	0.220788	-0.736058	0.196115	-0.910619	0.220788	-0.736058	0.196115	-0.910619	
0.2	0.22041	-0.727659	0.215506	-0.898287	0.22041	-0.727659	0.215506	-0.898287	
0.22	0.221029	-0.719572	0.233883	-0.885013	0.221029	-0.719572	0.233883	-0.885013	
0.24	0.222373	-0.711749	0.251192	-0.870893	0.222373	-0.711749	0.251192	-0.870893	
0.26	0.224249	-0.704146	0.267388	-0.856026	0.224249	-0.704146	0.267388	-0.856026	
0.28	0.226513	-0.696729	0.282442	-0.84051	0.226513	-0.696729	0.282442	-0.84051	
0.3	0.229058	-0.689467	0.296332	-0.824443	0.229058	-0.689467	0.296332	-0.824443	
0.32	0.231803	-0.682337	0.309045	-0.807918	0.231803	-0.682337	0.309045	-0.807918	
0.34	0.234687	-0.675319	0.320579	-0.791029	0.234687	-0.675319	0.320579	-0.791029	
0.36	0.237659	-0.668398	0.330938	-0.773862	0.237659	-0.668398	0.330938	-0.773862	
0.38	0.240682	-0.661562	0.340136	-0.7565	0.240682	-0.661562	0.340136	-0.7565	
0.4	0.243724	-0.654801	0.348188	-0.73902	0.243724	-0.654801	0.348188	-0.73902	
0.42	0.246761	-0.648106	0.355119	-0.721494	0.246761	-0.648106	0.355119	-0.721494	
0.44	0.249774	-0.641473	0.360954	-0.703985	0.249774	-0.641473	0.360954	-0.703985	
0.46	0.252746	-0.634895	0.365724	-0.686554	0.252746	-0.634895	0.365724	-0.686554	
0.48	0.255664	-0.628369	0.36946	-0.669252	0.255664	-0.628369	0.36946	-0.669252	
0.5	0.258518	-0.621893	0.372194	-0.652127	0.258518	-0.621893	0.372194	-0.652127	
0.52	0.2613	-0.615464	0.37396	-0.635217	0.2613	-0.615464	0.37396	-0.635217	
0.54	0.264002	-0.609081	0.374791	-0.618559	0.264002	-0.609081	0.374791	-0.618559	
0.56	0.266619	-0.602744	0.374719	-0.602182	0.266619	-0.602744	0.374719	-0.602182	
0.58	0.269147	-0.59645	0.373773	-0.586108	0.269147	-0.59645	0.373773	-0.586108	
0.6	0.271582	-0.590201	0.371982	-0.570358	0.271582	-0.590201	0.371982	-0.570358	
0.62	0.273923	-0.583996	0.369371	-0.554945	0.273923	-0.583996	0.369371	-0.554945	
0.64	0.276166	-0.577836	0.365961	-0.53988	0.276166	-0.577836	0.365961	-0.53988	
0.66	0.278312	-0.57172	0.361772	-0.525166	0.278312	-0.57172	0.361772	-0.525166	
0.68	0.280358	-0.565649	0.356816	-0.510807	0.280358	-0.565649	0.356816	-0.510807	
0.7	0.282306	-0.559625	0.351104	-0.496799	0.282306	-0.559625	0.351104	-0.496799	
0.72	0.284154	-0.553646	0.344639	-0.483135	0.284154	-0.553646	0.344639	-0.483135	
0.74	0.285904	-0.547715	0.337421	-0.469805	0.285904	-0.547715	0.337421	-0.469805	
0.76	0.287555	-0.541832	0.32944	-0.456794	0.287555	-0.541832	0.32944	-0.456794	
0.78	0.28911	-0.535997	0.320682	-0.444081	0.28911	-0.535997	0.320682	-0.444081	
0.8	0.290568	-0.530211	0.311123	-0.431644	0.290568	-0.530211	0.311123	-0.431644	
0.82	0.291931	-0.524475	0.300731	-0.419449	0.291931	-0.524475	0.300731	-0.419449	
0.84	0.293201	-0.51879	0.289464	-0.407461	0.293201	-0.51879	0.289464	-0.407461	
0.86	0.294379	-0.513156	0.277268	-0.395633	0.294379	-0.513156	0.277268	-0.395633	
0.88	0.295466	-0.507573	0.264075	-0.383908	0.295466	-0.507573	0.264075	-0.383908	
0.9	0.296465	-0.502043	0.249805	-0.372218	0.296465	-0.502043	0.249805	-0.372218	
0.92	0.297376	-0.496565	0.234355	-0.360474	0.297376	-0.496565	0.234355	-0.360474	
0.94	0.298203	-0.49114	0.217606	-0.34857	0.298203	-0.49114	0.217606	-0.34857	
0.96	0.298946	-0.48577	0.199413	-0.336368	0.298946	-0.48577	0.199413	-0.336368	
0.98	0.299607	-0.480453	0.179604	-0.323692	0.299607	-0.480453	0.179604	-0.323692	
1	0.300189	-0.47519	0.157977	-0.310316	0.300189	-0.47519	0.157977	-0.310316	
1.02	0.300694	-0.469982	0.134292	-0.295943	0.300694	-0.469982	0.134292	-0.295943	
1.04	0.301123	-0.464828	0.108276	-0.280181	0.301123	-0.464828	0.108276	-0.280181	
1.06	0.301478	-0.45973	0.0796141	-0.262503	0.301478	-0.45973	0.0796141	-0.262503	
1.08	0.301761	-0.454686	0.0479653	-0.242201	0.301761	-0.454686	0.0479653	-0.242201	
1.1	0.301975	-0.449698	0.0129797	-0.218303	0.301975	-0.449698	0.0129797	-0.218303	
1.12	0.302121	-0.444765	-0.0256491	-0.189476	0.302121	-0.444765	-0.0256491	-0.189476	
1.14	0.302201	-0.439886	-0.0680779	-0.153878	0.302201	-0.439886	-0.0680779	-0.153878	
1.16	0.302217	-0.435063	-0.114101	-0.108979	0.302217	-0.435063	-0.114101	-0.108979	
1.18	0.302171	-0.430295	-0.162743	-0.051361	0.302171	-0.430295	-0.162743	-0.051361	
1.2	0.302064	-0.425582	-0.211518	0.0233836	0.302064	-0.425582	-0.211518	0.0233836	
1.22	0.3019	-0.420923	-0.255189	0.120374	0.3019	-0.420923	-0.255189	0.120374	
1.24	0.301678	-0.416319	-0.284035	0.244084	0.301678	-0.416319	-0.284035	0.244084	
1.26	0.301402	-0.411769	-0.282445	0.394775	0.301402	-0.411769	-0.282445	0.394775	
1.28	0.301073	-0.407273	-0.230613	0.562107	0.301073	-0.407273	-0.230613	0.562107	
1.3	0.300693	-0.402831	-0.113836	0.719361	0.300693	-0.402831	-0.113836	0.719361	
1.32	0.300263	-0.398442	0.0615829	0.828629	0.300263	-0.398442	0.0615829	0.828629	
1.34	0.299785	-0.394106	0.26197	0.862632	0.299785	-0.394106	0.26197	0.862632	
1.36	0.29926	-0.389823	0.444463	0.824082	0.29926	-0.389823	0.444463	0.824082	
1.38	0.298691	-0.385591	0.582498	0.739379	0.298691	-0.385591	0.582498	0.739379	
1.4	0.298079	-0.381412	0.67224	0.637614	0.298079	-0.381412	0.67224	0.637614	
1.42	0.297425	-0.377284	0.722828	0.53804	0.297425	-0.377284	0.722828	0.53804	
1.44	0.296731	-0.373207	0.746136	0.449537	0.296731	-0.373207	0.746136	0.449537	
1.46	0.295999	-0.36918	0.752024	0.374504	0.295999	-0.36918	0.752024	0.374504	
1.48	0.295229	-0.365203	0.747405	0.312278	0.295229	-0.365203	0.747405	0.312278	
1.5	0.294423	-0.361275	0.736756	0.261116	0.294423	-0.361275	0.736756	0.261116	
1.52	0.293583	-0.357397	0.722861	0.219107	0.293583	-0.357397	0.722861	0.219107	
1.54	0.292709	-0.353566	0.707411	0.184525	0.292709	-0.353566	0.707411	0.184525	
1.56	0.291804	-0.349784	0.691416	0.155929	0.291804	-0.349784	0.691416	0.155929	
1.58	0.290868	-0.346048	0.67547	0.132157	0.290868	-0.346048	0.67547	0.132157	
1.6	0.289903	-0.342359	0.659907	0.112283	0.289903	-0.342359	0.659907	0.112283	
1.62	0.288909	-0.338717	0.644911	0.0955772	0.288909	-0.338717	0.644911	0.0955772	
1.64	0.287889	-0.335119	0.630569	0.0814607	0.287889	-0.335119	0.630569	0.0814607	
1.66	0.286842	-0.331567	0.616911	0.0694747	0.286842	-0.331567	0.616911	0.0694747	
1.68	0.285771	-0.328059	0.603935	0.0592529	0.285771	-0.328059	0.603935	0.0592529	
1.7	0.284676	-0.324594	0.591621	0.0505016	0.284676	-0.324594	0.591621	0.0505016	
1.72	0.283558	-0.321173	0.579936	0.0429831	0.283558	-0.321173	0.579936	0.0429831	
1.74	0.282418	-0.317794	0.568844	0.0365045	0.282418	-0.317794	0.568844	0.0365045	
1.76	0.281258	-0.314457	0.558308	0.0309074	0.281258	-0.314457	0.558308	0.0309074	
1.78	0.280078	-0.311162	0.54829	0.0260618	0.280078	-0.311162	0.54829	0.0260618	
1.8	0.278879	-0.307907	0.538752	0.0218596	0.278879	-0.307907	0.538752	0.0218596	
1.82	0.277662	-0.304692	0.529662	0.0182108	0.277662	-0.304692	0.529662	0.0182108	
1.84	0.276427	-0.301516	0.520986	0.0150399	0.276427	-0.301516	0.520986	0.0150399	
1.86	0.275177	-0.298379	0.512696	0.0122834	0.275177	-0.298379	0.512696	0.0122834	
1.88	0.273911	-0.295281	0.504764	0.00988725	0.273911	-0.295281	0.504764	0.00988725	
1.9	0.272631	-0.29222	0.497166	0.00780569	0.272631	-0.29222	0.497166	0.00780569	
1.92	0.271336	-0.289196	0.489877	0.00599948	0.271336	-0.289196	0.489877	0.00599948	
1.94	0.270029	-0.286209	0.482879	0.00443494	0.270029	-0.286209	0.482879	0.00443494	
1.96	0.268709	-0.283257	0.47615	0.00308305	0.268709	-0.283257	0.47615	0.00308305	
1.98	0.267377	-0.280341	0.469674	0.00191871	0.267377	-0.280341	0.469674	0.00191871	
2	0.266035	-0.277459	0.463436	0.000920121	0.266035	-0.277459	0.463436	0.000920121	
2.02	0.264682	-0.274611	0.457419	6.82919e-05	0.264682	-0.274611	0.457419	6.82919e-05	
2.04	0.263319	-0.271797	0.451611	-0.00065337	0.263319	-0.271797	0.451611	-0.00065337	
2.06	0.261947	-0.269015	0.446	-0.00125941	0.261947	-0.269015	0.446	-0.00125941	
2.08	0.260567	-0.266266	0.440574	-0.0017626	0.260567	-0.266266	0.440574	-0.0017626	
2.1	0.259179	-0.263549	0.435322	-0.0021742	0.259179	-0.263549	0.435322	-0.0021742	
2.12	0.257784	-0.260863	0.430236	-0.00250418	0.257784	-0.260863	0.430236	-0.00250418	
2.14	0.256381	-0.258207	0.425305	-0.00276132	0.256381	-0.258207	0.425305	-0.00276132	
2.16	0.254973	-0.255581	0.420523	-0.00295345	0.254973	-0.255581	0.420523	-0.00295345	
2.18	0.253559	-0.252985	0.415881	-0.00308753	0.253559	-0.252985	0.415881	-0.00308753	
2.2	0.252139	-0.250418	0.411373	-0.00316973	0.252139	-0.250418	0.411373	-0.00316973	
2.22	0.250715	-0.247879	0.406991	-0.00320559	0.250715	-0.247879	0.406991	-0.00320559	
2.24	0.249286	-0.245368	0.402731	-0.00320004	0.249286	-0.245368	0.402731	-0.00320004	
2.26	0.247854	-0.242884	0.398585	-0.00315753	0.247854	-0.242884	0.398585	-0.00315753	
2.28	0.246419	-0.240428	0.394549	-0.003082	0.246419	-0.240428	0.394549	-0.003082	
2.3	0.24498	-0.237997	0.390619	-0.00297704	0.24498	-0.237997	0.390619	-0.00297704	
2.32	0.243539	-0.235593	0.386789	-0.00284586	0.243539	-0.235593	0.386789	-0.00284586	
2.34	0.242096	-0.233213	0.383054	-0.00269133	0.242096	-0.233213	0.383054	-0.00269133	
2.36	0.240651	-0.230859	0.379412	-0.00251607	0.240651	-0.230859	0.379412	-0.00251607	
2.38	0.239204	-0.228528	0.375859	-0.00232243	0.239204	-0.228528	0.375859	-0.00232243	
2.4	0.237757	-0.226222	0.37239	-0.00211254	0.237757	-0.226222	0.37239	-0.00211254	
2.42	0.236309	-0.223939	0.369002	-0.00188831	0.236309	-0.223939	0.369002	-0.00188831	
2.44	0.234861	-0.221678	0.365693	-0.00165151	0.234861	-0.221678	0.365693	-0.00165151	
2.46	0.233413	-0.21944	0.362459	-0.00140369	0.233413	-0.21944	0.362459	-0.00140369	
2.48	0.231966	-0.217224	0.359297	-0.0011463	0.231966	-0.217224	0.359297	-0.0011463	
2.5	0.230519	-0.21503	0.356206	-0.000880632	0.230519	-0.21503	0.356206	-0.000880632	
2.52	0.229073	-0.212856	0.353181	-0.000607871	0.229073	-0.212856	0.353181	-0.000607871	
2.54	0.227629	-0.210703	0.350222	-0.000329088	0.227629	-0.210703	0.350222	-0.000329088	
2.56	0.226186	-0.208571	0.347325	-4.52595e-05	0.226186	-0.208571	0.347325	-4.52595e-05	
2.58	0.224745	-0.206457	0.344489	0.000242727	0.224745	-0.206457	0.344489	0.000242727	
2.6	0.223307	-0.204364	0.341712	0.000534064	0.223307	-0.204364	0.341712	0.000534064	
2.62	0.221871	-0.202289	0.338991	0.000828015	0.221871	-0.202289	0.338991	0.000828015	
2.64	0.220438	-0.200232	0.336325	0.00112391	0.220438	-0.200232	0.336325	0.00112391	
2.66	0.219008	-0.198194	0.333712	0.00142114	0.219008	-0.198194	0.333712	0.00142114	
2.68	0.217581	-0.196173	0.33115	0.00171915	0.217581	-0.196173	0.33115	0.00171915	
2.7	0.216157	-0.19417	0.328639	0.00201743	0.216157	-0.19417	0.328639	0.00201743	
2.72	0.214738	-0.192183	0.326175	0.00231552	0.214738	-0.192183	0.326175	0.00231552	
2.74	0.213323	-0.190213	0.323758	0.002613	0.213323	-0.190213	0.323758	0.002613	
2.76	0.211912	-0.188259	0.321387	0.00290949	0.211912	-0.188259	0.321387	0.00290949	
2.78	0.210505	-0.18632	0.31906	0.00320463	0.210505	-0.18632	0.31906	0.00320463	
2.8	0.209103	-0.184397	0.316776	0.00349812	0.209103	-0.184397	0.316776	0.00349812	
2.82	0.207706	-0.18249	0.314533	0.00378966	0.207706	-0.18249	0.314533	0.00378966	
2.84	0.206315	-0.180596	0.312331	0.00407898	0.206315	-0.180596	0.312331	0.00407898	
2.86	0.204929	-0.178717	0.310169	0.00436586	0.204929	-0.178717	0.310169	0.00436586	
2.88	0.203548	-0.176853	0.308044	0.00465006	0.203548	-0.176853	0.308044	0.00465006	
2.9	0.202173	-0.175001	0.305957	0.0049314	0.202173	-0.175001	0.305957	0.0049314	
2.92	0.200805	-0.173163	0.303906	0.0052097	0.200805	-0.173163	0.303906	0.0052097	
2.94	0.199443	-0.171339	0.30189	0.0054848	0.199443	-0.171339	0.30189	0.0054848	
2.96	0.198087	-0.169526	0.299909	0.00575654	0.198087	-0.169526	0.299909	0.00575654	
2.98	0.196738	-0.167727	0.297961	0.0060248	0.196738	-0.167727	0.297961	0.0060248	
3	0.195396	-0.165939	0.296046	0.00628945	0.195396	-0.165939	0.296046	0.00628945	
3.02	0.19406	-0.164163	0.294163	0.0065504	0.19406	-0.164163	0.294163	0.0065504	
3.04	0.192733	-0.162399	0.29231	0.00680754	0.192733	-0.162399	0.29231	0.00680754	
3.06	0.191412	-0.160646	0.290488	0.00706079	0.191412	-0.160646	0.290488	0.00706079	
3.08	0.1901	-0.158904	0.288696	0.00731007	0.1901	-0.158904	0.288696	0.00731007	
3.1	0.188795	-0.157173	0.286932	0.00755532	0.188795	-0.157173	0.286932	0.00755532	
3.12	0.187498	-0.155452	0.285196	0.00779647	0.187498	-0.155452	0.285196	0.00779647	
3.14	0.18621	-0.153741	0.283488	0.00803347	0.18621	-0.153741	0.283488	0.00803347	
3.16	0.18493	-0.152041	0.281806	0.00826628	0.18493	-0.152041	0.281806	0.00826628	
3.18	0.183659	-0.15035	0.280151	0.00849485	0.183659	-0.15035	0.280151	0.00849485	
3.2	0.182396	-0.148669	0.278521	0.00871916	0.182396	-0.148669	0.278521	0.00871916	
3.22	0.181143	-0.146997	0.276916	0.00893917	0.181143	-0.146997	0.276916	0.00893917	
3.24	0.179899	-0.145334	0.275336	0.00915486	0.179899	-0.145334	0.275336	0.00915486	
3.26	0.178664	-0.14368	0.273779	0.00936622	0.178664	-0.14368	0.273779	0.00936622	
3.28	0.177439	-0.142034	0.272245	0.00957322	0.177439	-0.142034	0.272245	0.00957322	
3.3	0.176223	-0.140398	0.270735	0.00977585	0.176223	-0.140398	0.270735	0.00977585	
3.32	0.175018	-0.138769	0.269246	0.00997411	0.175018	-0.138769	0.269246	0.00997411	
3.34	0.173822	-0.137149	0.267779	0.010168	0.173822	-0.137149	0.267779	0.010168	
3.36	0.172637	-0.135537	0.266334	0.0103575	0.172637	-0.135537	0.266334	0.0103575	
3.38	0.171463	-0.133932	0.264909	0.0105426	0.171463	-0.133932	0.264909	0.0105426	
3.4	0.170299	-0.132335	0.263505	0.0107234	0.170299	-0.132335	0.263505	0.0107234	
3.42	0.169146	-0.130746	0.26212	0.0108998	0.169146	-0.130746	0.26212	0.0108998	
3.44	0.168005	-0.129164	0.260755	0.0110718	0.168005	-0.129164	0.260755	0.0110718	
3.46	0.166874	-0.12759	0.259409	0.0112395	0.166874	-0.12759	0.259409	0.0112395	
3.48	0.165755	-0.126023	0.258082	0.0114029	0.165755	-0.126023	0.258082	0.0114029	
3.5	0.164647	-0.124463	0.256773	0.0115619	0.164647	-0.124463	0.256773	0.0115619	
3.52	0.163551	-0.12291	0.255481	0.0117167	0.163551	-0.12291	0.255481	0.0117167	
3.54	0.162468	-0.121363	0.254208	0.0118671	0.162468	-0.121363	0.254208	0.0118671	
3.56	0.161396	-0.119824	0.252951	0.0120133	0.161396	-0.119824	0.252951	0.0120133	
3.58	0.160336	-0.118291	0.251711	0.0121553	0.160336	-0.118291	0.251711	0.0121553	
3.6	0.159289	-0.116766	0.250487	0.0122931	0.159289	-0.116766	0.250487	0.0122931	
3.62	0.158255	-0.115247	0.24928	0.0124266	0.158255	-0.115247	0.24928	0.0124266	
3.64	0.157233	-0.113734	0.248088	0.012556	0.157233	-0.113734	0.248088	0.012556	
3.66	0.156225	-0.112228	0.246911	0.0126813	0.156225	-0.112228	0.246911	0.0126813	
3.68	0.155229	-0.110729	0.24575	0.0128024	0.155229	-0.110729	0.24575	0.0128024	
3.7	0.154247	-0.109236	0.244603	0.0129195	0.154247	-0.109236	0.244603	0.0129195	
3.72	0.153278	-0.10775	0.243471	0.0130325	0.153278	-0.10775	0.243471	0.0130325	
3.74	0.152322	-0.10627	0.242353	0.0131415	0.152322	-0.10627	0.242353	0.0131415	
3.76	0.151381	-0.104798	0.241248	0.0132465	0.151381	-0.104798	0.241248	0.0132465	
3.78	0.150453	-0.103331	0.240158	0.0133476	0.150453	-0.103331	0.240158	0.0133476	
3.8	0.149539	-0.101872	0.23908	0.0134447	0.149539	-0.101872	0.23908	0.0134447	
3.82	0.148639	-0.100419	0.238016	0.013538	0.148639	-0.100419	0.238016	0.013538	
3.84	0.147753	-0.0989724	0.236964	0.0136274	0.147753	-0.0989724	0.236964	0.0136274	
3.86	0.146882	-0.097533	0.235925	0.0137129	0.146882	-0.097533	0.235925	0.0137129	
3.88	0.146025	-0.0961005	0.234898	0.0137947	0.146025	-0.0961005	0.234898	0.0137947	
3.9	0.145182	-0.094675	0.233883	0.0138728	0.145182	-0.094675	0.233883	0.0138728	
3.92	0.144354	-0.0932564	0.232879	0.0139471	0.144354	-0.0932564	0.232879	0.0139471	
3.94	0.143541	-0.0918451	0.231888	0.0140178	0.143541	-0.0918451	0.231888	0.0140178	
3.96	0.142743	-0.0904409	0.230907	0.0140848	0.142743	-0.0904409	0.230907	0.0140848	
3.98	0.14196	-0.0890441	0.229937	0.0141483	0.14196	-0.0890441	0.229937	0.0141483	
4	0.141191	-0.0876548	0.228979	0.0142082	0.141191	-0.0876548	0.228979	0.0142082	
4.02	0.140438	-0.086273	0.22803	0.0142646	0.140438	-0.086273	0.22803	0.0142646	
4.04	0.1397	-0.0848989	0.227093	0.0143176	0.1397	-0.0848989	0.227093	0.0143176	
4.06	0.138976	-0.0835327	0.226165	0.0143671	0.138976	-0.0835327	0.226165	0.0143671	
4.08	0.138268	-0.0821745	0.225247	0.0144132	0.138268	-0.0821745	0.225247	0.0144132	
4.1	0.137576	-0.0808243	0.224339	0.014456	0.137576	-0.0808243	0.224339	0.014456	
4.12	0.136898	-0.0794824	0.223441	0.0144955	0.136898	-0.0794824	0.223441	0.0144955	
4.14	0.136236	-0.078149	0.222552	0.0145318	0.136236	-0.078149	0.222552	0.0145318	
4.16	0.135588	-0.0768241	0.221672	0.0145649	0.135588	-0.0768241	0.221672	0.0145649	
4.18	0.134957	-0.075508	0.2208	0.0145948	0.134957	-0.075508	0.2208	0.0145948	
4.2	0.13434	-0.0742008	0.219938	0.0146215	0.13434	-0.0742008	0.219938	0.0146215	
4.22	0.133738	-0.0729027	0.219085	0.0146452	0.133738	-0.0729027	0.219085	0.0146452	
4.24	0.133152	-0.0716139	0.218239	0.0146659	0.133152	-0.0716139	0.218239	0.0146659	
4.26	0.132581	-0.0703345	0.217402	0.0146836	0.132581	-0.0703345	0.217402	0.0146836	
4.28	0.132025	-0.0690646	0.216574	0.0146984	0.132025	-0.0690646	0.216574	0.0146984	
4.3	0.131483	-0.0678046	0.215753	0.0147103	0.131483	-0.0678046	0.215753	0.0147103	
4.32	0.130957	-0.0665546	0.21494	0.0147193	0.130957	-0.0665546	0.21494	0.0147193	
4.34	0.130446	-0.0653147	0.214134	0.0147256	0.130446	-0.0653147	0.214134	0.0147256	
4.36	0.129949	-0.0640851	0.213336	0.0147291	0.129949	-0.0640851	0.213336	0.0147291	
4.38	0.129467	-0.0628661	0.212545	0.0147299	0.129467	-0.0628661	0.212545	0.0147299	
4.4	0.128999	-0.0616577	0.211761	0.0147281	0.128999	-0.0616577	0.211761	0.0147281	
4.42	0.128546	-0.0604602	0.210985	0.0147237	0.128546	-0.0604602	0.210985	0.0147237	
4.44	0.128108	-0.0592738	0.210215	0.0147167	0.128108	-0.0592738	0.210215	0.0147167	
4.46	0.127683	-0.0580985	0.209452	0.0147072	0.127683	-0.0580985	0.209452	0.0147072	
4.48	0.127272	-0.0569347	0.208696	0.0146953	0.127272	-0.0569347	0.208696	0.0146953	
4.5	0.126875	-0.0557824	0.207946	0.014681	0.126875	-0.0557824	0.207946	0.014681	
4.52	0.126492	-0.0546419	0.207202	0.0146643	0.126492	-0.0546419	0.207202	0.0146643	
4.54	0.126122	-0.0535132	0.206465	0.0146453	0.126122	-0.0535132	0.206465	0.0146453	
4.56	0.125766	-0.0523966	0.205734	0.014624	0.125766	-0.0523966	0.205734	0.014624	
4.58	0.125423	-0.0512922	0.205008	0.0146006	0.125423	-0.0512922	0.205008	0.0146006	
4.6	0.125092	-0.0502002	0.204289	0.0145749	0.125092	-0.0502002	0.204289	0.0145749	
4.62	0.124775	-0.0491206	0.203575	0.0145472	0.124775	-0.0491206	0.203575	0.0145472	
4.64	0.12447	-0.0480537	0.202867	0.0145174	0.12447	-0.0480537	0.202867	0.0145174	
4.66	0.124177	-0.0469995	0.202164	0.0144855	0.124177	-0.0469995	0.202164	0.0144855	
4.68	0.123896	-0.0459582	0.201467	0.0144517	0.123896	-0.0459582	0.201467	0.0144517	
4.7	0.123627	-0.04493	0.200775	0.014416	0.123627	-0.04493	0.200775	0.014416	
4.72	0.123369	-0.0439148	0.200089	0.0143784	0.123369	-0.0439148	0.200089	0.0143784	
4.74	0.123123	-0.0429129	0.199407	0.014339	0.123123	-0.0429129	0.199407	0.014339	
4.76	0.122888	-0.0419242	0.198731	0.0142978	0.122888	-0.0419242	0.198731	0.0142978	
4.78	0.122663	-0.040949	0.198059	0.0142549	0.122663	-0.040949	0.198059	0.0142549	
4.8	0.122449	-0.0399873	0.197392	0.0142103	0.122449	-0.0399873	0.197392	0.0142103	
4.82	0.122246	-0.0390391	0.19673	0.0141641	0.122246	-0.0390391	0.19673	0.0141641	
4.84	0.122052	-0.0381046	0.196073	0.0141162	0.122052	-0.0381046	0.196073	0.0141162	
4.86	0.121868	-0.0371838	0.19542	0.0140669	0.121868	-0.0371838	0.19542	0.0140669	
4.88	0.121694	-0.0362767	0.194772	0.014016	0.121694	-0.0362767	0.194772	0.014016	
4.9	0.121529	-0.0353834	0.194128	0.0139637	0.121529	-0.0353834	0.194128	0.0139637	
4.92	0.121372	-0.0345039	0.193488	0.01391	0.121372	-0.0345039	0.193488	0.01391	
4.94	0.121225	-0.0336382	0.192853	0.0138549	0.121225	-0.0336382	0.192853	0.0138549	
4.96	0.121085	-0.0327864	0.192222	0.0137985	0.121085	-0.0327864	0.192222	0.0137985	
4.98	0.120954	-0.0319485	0.191595	0.0137408	0.120954	-0.0319485	0.191595	0.0137408	
5	0.120831	-0.0311244	0.190972	0.0136819	0.120831	-0.0311244	0.190972	0.0136819	
5.02	0.120715	-0.0303142	0.190353	0.0136218	0.120715	-0.0303142	0.190353	0.0136218	
5.04	0.120606	-0.0295178	0.189737	0.0135606	0.120606	-0.0295178	0.189737	0.0135606	
5.06	0.120504	-0.0287353	0.189126	0.0134982	0.120504	-0.0287353	0.189126	0.0134982	
5.08	0.120409	-0.0279665	0.188519	0.0134348	0.120409	-0.0279665	0.188519	0.0134348	
5.1	0.12032	-0.0272115	0.187915	0.0133704	0.12032	-0.0272115	0.187915	0.0133704	
5.12	0.120237	-0.0264702	0.187314	0.013305	0.120237	-0.0264702	0.187314	0.013305	
5.14	0.12016	-0.0257426	0.186718	0.0132387	0.12016	-0.0257426	0.186718	0.0132387	
5.16	0.120089	-0.0250285	0.186125	0.0131715	0.120089	-0.0250285	0.186125	0.0131715	
5.18	0.120023	-0.024328	0.185535	0.0131034	0.120023	-0.024328	0.185535	0.0131034	
5.2	0.119962	-0.0236409	0.184949	0.0130345	0.119962	-0.0236409	0.184949	0.0130345	
5.22	0.119906	-0.0229672	0.184366	0.0129648	0.119906	-0.0229672	0.184366	0.0129648	
5.24	0.119854	-0.0223067	0.183787	0.0128943	0.119854	-0.0223067	0.183787	0.0128943	
5.26	0.119807	-0.0216594	0.18321	0.0128232	0.119807	-0.0216594	0.18321	0.0128232	
5.28	0.119763	-0.0210252	0.182637	0.0127513	0.119763	-0.0210252	0.182637	0.0127513	
5.3	0.119724	-0.020404	0.182068	0.0126789	0.119724	-0.020404	0.182068	0.0126789	
5.32	0.119687	-0.0197957	0.181501	0.0126058	0.119687	-0.0197957	0.181501	0.0126058	
5.34	0.119655	-0.0192	0.180937	0.0125322	0.119655	-0.0192	0.180937	0.0125322	
5.36	0.119625	-0.018617	0.180377	0.012458	0.119625	-0.018617	0.180377	0.012458	
5.38	0.119598	-0.0180465	0.179819	0.0123833	0.119598	-0.0180465	0.179819	0.0123833	
5.4	0.119574	-0.0174884	0.179265	0.0123082	0.119574	-0.0174884	0.179265	0.0123082	
5.42	0.119552	-0.0169424	0.178713	0.0122326	0.119552	-0.0169424	0.178713	0.0122326	
5.44	0.119532	-0.0164086	0.178165	0.0121566	0.119532	-0.0164086	0.178165	0.0121566	
5.46	0.119514	-0.0158867	0.177619	0.0120802	0.119514	-0.0158867	0.177619	0.0120802	
5.48	0.119498	-0.0153766	0.177076	0.0120035	0.119498	-0.0153766	0.177076	0.0120035	
5.5	0.119484	-0.0148781	0.176536	0.0119265	0.119484	-0.0148781	0.176536	0.0119265	
5.52	0.119471	-0.0143911	0.175998	0.0118491	0.119471	-0.0143911	0.175998	0.0118491	
5.54	0.119459	-0.0139155	0.175463	0.0117716	0.119459	-0.0139155	0.175463	0.0117716	
5.56	0.119448	-0.013451	0.174932	0.0116937	0.119448	-0.013451	0.174932	0.0116937	
5.58	0.119438	-0.0129976	0.174402	0.0116157	0.119438	-0.0129976	0.174402	0.0116157	
5.6	0.119429	-0.012555	0.173876	0.0115375	0.119429	-0.012555	0.173876	0.0115375	
5.62	0.11942	-0.012123	0.173351	0.0114591	0.11942	-0.012123	0.173351	0.0114591	
5.64	0.119412	-0.0117016	0.17283	0.0113806	0.119412	-0.0117016	0.17283	0.0113806	
5.66	0.119404	-0.0112906	0.172311	0.011302	0.119404	-0.0112906	0.172311	0.011302	
5.68	0.119396	-0.0108897	0.171795	0.0112233	0.119396	-0.0108897	0.171795	0.0112233	
5.7	0.119389	-0.0104989	0.171281	0.0111446	0.119389	-0.0104989	0.171281	0.0111446	
5.72	0.119381	-0.0101179	0.17077	0.0110658	0.119381	-0.0101179	0.17077	0.0110658	
5.74	0.119372	-0.00974654	0.170261	0.010987	0.119372	-0.00974654	0.170261	0.010987	
5.76	0.119363	-0.0093847	0.169754	0.0109082	0.119363	-0.0093847	0.169754	0.0109082	
5.78	0.119354	-0.0090322	0.16925	0.0108294	0.119354	-0.0090322	0.16925	0.0108294	
5.8	0.119344	-0.00868886	0.168748	0.0107507	0.119344	-0.00868886	0.168748	0.0107507	
5.82	0.119334	-0.00835451	0.168249	0.010672	0.119334	-0.00835451	0.168249	0.010672	
5.84	0.119322	-0.00802898	0.167752	0.0105935	0.119322	-0.00802898	0.167752	0.0105935	
5.86	0.11931	-0.00771209	0.167258	0.010515	0.11931	-0.00771209	0.167258	0.010515	
5.88	0.119296	-0.00740369	0.166766	0.0104366	0.119296	-0.00740369	0.166766	0.0104366	
5.9	0.119282	-0.0071036	0.166276	0.0103584	0.119282	-0.0071036	0.166276	0.0103584	
5.92	0.119266	-0.00681165	0.165788	0.0102803	0.119266	-0.00681165	0.165788	0.0102803	
5.94	0.119249	-0.00652768	0.165303	0.0102024	0.119249	-0.00652768	0.165303	0.0102024	
5.96	0.119231	-0.00625152	0.164819	0.0101247	0.119231	-0.00625152	0.164819	0.0101247	
5.98	0.119211	-0.00598302	0.164339	0.0100471	0.119211	-0.00598302	0.164339	0.0100471	
6	0.11919	-0.005722	0.16386	0.00996984	0.11919	-0.005722	0.16386	0.00996984	
6.02	0.119167	-0.0054683	0.163383	0.00989275	0.119167	-0.0054683	0.163383	0.00989275	
6.04	0.119143	-0.00522178	0.162909	0.00981591	0.119143	-0.00522178	0.162909	0.00981591	
6.06	0.119117	-0.00498226	0.162437	0.00973932	0.119117	-0.00498226	0.162437	0.00973932	
6.08	0.11909	-0.0047496	0.161967	0.00966299	0.11909	-0.0047496	0.161967	0.00966299	
6.1	0.119061	-0.00452364	0.161499	0.00958695	0.119061	-0.00452364	0.161499	0.00958695	
6.12	0.11903	-0.00430422	0.161033	0.00951119	0.11903	-0.00430422	0.161033	0.00951119	
6.14	0.118997	-0.00409121	0.16057	0.00943574	0.118997	-0.00409121	0.16057	0.00943574	
6.16	0.118962	-0.00388444	0.160108	0.00936059	0.118962	-0.00388444	0.160108	0.00936059	
6.18	0.118926	-0.00368378	0.159649	0.00928577	0.118926	-0.00368378	0.159649	0.00928577	
6.2	0.118888	-0.00348908	0.159192	0.00921127	0.118888	-0.00348908	0.159192	0.00921127	
6.22	0.118847	-0.0033002	0.158736	0.00913712	0.118847	-0.0033002	0.158736	0.00913712	
6.24	0.118805	-0.00311699	0.158283	0.00906332	0.118805	-0.00311699	0.158283	0.00906332	
6.26	0.118761	-0.00293933	0.157832	0.00898988	0.118761	-0.00293933	0.157832	0.00898988	
6.28	0.118715	-0.00276708	0.157383	0.0089168	0.118715	-0.00276708	0.157383	0.0089168	
6.3	0.118667	-0.0026001	0.156936	0.0088441	0.118667	-0.0026001	0.156936	0.0088441	
6.32	0.118617	-0.00243826	0.156491	0.00877177	0.118617	-0.00243826	0.156491	0.00877177	
6.34	0.118565	-0.00228144	0.156048	0.00869984	0.118565	-0.00228144	0.156048	0.00869984	
6.36	0.118511	-0.0021295	0.155607	0.0086283	0.118511	-0.0021295	0.155607	0.0086283	
6.38	0.118455	-0.00198234	0.155167	0.00855717	0.118455	-0.00198234	0.155167	0.00855717	
6.4	0.118397	-0.00183981	0.15473	0.00848644	0.118397	-0.00183981	0.15473	0.00848644	
6.42	0.118337	-0.00170181	0.154295	0.00841612	0.118337	-0.00170181	0.154295	0.00841612	
6.44	0.118275	-0.00156822	0.153862	0.00834623	0.118275	-0.00156822	0.153862	0.00834623	
6.46	0.118211	-0.00143893	0.15343	0.00827675	0.118211	-0.00143893	0.15343	0.00827675	
6.48	0.118146	-0.00131381	0.153001	0.00820771	0.118146	-0.00131381	0.153001	0.00820771	
6.5	0.118078	-0.00119277	0.152573	0.00813909	0.118078	-0.00119277	0.152573	0.00813909	
6.52	0.118008	-0.00107569	0.152148	0.00807092	0.118008	-0.00107569	0.152148	0.00807092	
6.54	0.117936	-0.000962473	0.151724	0.00800318	0.117936	-0.000962473	0.151724	0.00800318	
6.56	0.117862	-0.000853009	0.151302	0.00793589	0.117862	-0.000853009	0.151302	0.00793589	
6.58	0.117786	-0.000747199	0.150882	0.00786905	0.117786	-0.000747199	0.150882	0.00786905	
6.6	0.117709	-0.000644945	0.150464	0.00780266	0.117709	-0.000644945	0.150464	0.00780266	
6.62	0.117629	-0.00054615	0.150048	0.00773672	0.117629	-0.00054615	0.150048	0.00773672	
6.64	0.117548	-0.000450719	0.149634	0.00767124	0.117548	-0.000450719	0.149634	0.00767124	
6.66	0.117464	-0.000358561	0.149221	0.00760621	0.117464	-0.000358561	0.149221	0.00760621	
6.68	0.117379	-0.000269585	0.148811	0.00754165	0.117379	-0.000269585	0.148811	0.00754165	
6.7	0.117292	-0.000183703	0.148402	0.00747755	0.117292	-0.000183703	0.148402	0.00747755	
6.72	0.117203	-0.000100828	0.147995	0.00741391	0.117203	-0.000100828	0.147995	0.00741391	
6.74	0.117112	-2.08768e-05	0.14759	0.00735074	0.117112	-2.08768e-05	0.14759	0.00735074	
6.76	0.11702	5.62332e-05	0.147186	0.00728804	0.11702	5.62332e-05	0.147186	0.00728804	
6.78	0.116925	0.000130582	0.146785	0.0072258	0.116925	0.000130582	0.146785	0.0072258	
6.8	0.116829	0.000202248	0.146385	0.00716403	0.116829	0.000202248	0.146385	0.00716403	
6.82	0.116732	0.000271308	0.145987	0.00710273	0.116732	0.000271308	0.145987	0.00710273	
6.84	0.116632	0.000337835	0.14559	0.0070419	0.116632	0.000337835	0.14559	0.0070419	
6.86	0.116531	0.000401904	0.145196	0.00698154	0.116531	0.000401904	0.145196	0.00698154	
6.88	0.116428	0.000463584	0.144803	0.00692165	0.116428	0.000463584	0.144803	0.00692165	
6.9	0.116324	0.000522945	0.144412	0.00686224	0.116324	0.000522945	0.144412	0.00686224	
6.92	0.116218	0.000580055	0.144023	0.00680329	0.116218	0.000580055	0.144023	0.00680329	
6.94	0.11611	0.000634979	0.143635	0.00674481	0.11611	0.000634979	0.143635	0.00674481	
6.96	0.116001	0.00068778	0.143249	0.0066868	0.116001	0.00068778	0.143249	0.0066868	
6.98	0.115891	0.000738523	0.142865	0.00662926	0.115891	0.000738523	0.142865	0.00662926	
7	0.115778	0.000787266	0.142483	0.00657219	0.115778	0.000787266	0.142483	0.00657219	
7.02	0.115665	0.00083407	0.142102	0.00651559	0.115665	0.00083407	0.142102	0.00651559	
7.04	0.11555	0.000878993	0.141723	0.00645945	0.11555	0.000878993	0.141723	0.00645945	
7.06	0.115433	0.00092209	0.141346	0.00640378	0.115433	0.00092209	0.141346	0.00640378	
7.08	0.115315	0.000963416	0.14097	0.00634857	0.115315	0.000963416	0.14097	0.00634857	
7.1	0.115196	0.00100302	0.140596	0.00629382	0.115196	0.00100302	0.140596	0.00629382	
7.12	0.115075	0.00104097	0.140224	0.00623954	0.115075	0.00104097	0.140224	0.00623954	
7.14	0.114953	0.0010773	0.139853	0.00618571	0.114953	0.0010773	0.139853	0.00618571	
7.16	0.11483	0.00111206	0.139484	0.00613235	0.11483	0.00111206	0.139484	0.00613235	
7.18	0.114705	0.0011453	0.139117	0.00607944	0.114705	0.0011453	0.139117	0.00607944	
7.2	0.114579	0.00117707	0.138751	0.00602699	0.114579	0.00117707	0.138751	0.00602699	
7.22	0.114452	0.00120742	0.138387	0.00597499	0.114452	0.00120742	0.138387	0.00597499	
7.24	0.114324	0.00123638	0.138024	0.00592344	0.114324	0.00123638	0.138024	0.00592344	
7.26	0.114194	0.00126401	0.137663	0.00587234	0.114194	0.00126401	0.137663	0.00587234	
7.28	0.114064	0.00129033	0.137304	0.00582169	0.114064	0.00129033	0.137304	0.00582169	
7.3	0.113932	0.0013154	0.136946	0.00577148	0.113932	0.0013154	0.136946	0.00577148	
7.32	0.113799	0.00133925	0.13659	0.00572171	0.113799	0.00133925	0.13659	0.00572171	
7.34	0.113665	0.00136192	0.136236	0.00567239	0.113665	0.00136192	0.136236	0.00567239	
7.36	0.11353	0.00138345	0.135883	0.0056235	0.11353	0.00138345	0.135883	0.0056235	
7.38	0.113394	0.00140387	0.135531	0.00557505	0.113394	0.00140387	0.135531	0.00557505	
7.4	0.113257	0.00142323	0.135181	0.00552704	0.113257	0.00142323	0.135181	0.00552704	
7.42	0.113119	0.00144154	0.134833	0.00547945	0.113119	0.00144154	0.134833	0.00547945	
7.44	0.11298	0.00145885	0.134486	0.00543229	0.11298	0.00145885	0.134486	0.00543229	
7.46	0.11284	0.00147519	0.134141	0.00538556	0.11284	0.00147519	0.134141	0.00538556	
7.48	0.1127	0.00149059	0.133797	0.00533925	0.1127	0.00149059	0.133797	0.00533925	
7.5	0.112558	0.00150508	0.133455	0.00529337	0.112558	0.00150508	0.133455	0.00529337	
7.52	0.112415	0.00151869	0.133114	0.0052479	0.112415	0.00151869	0.133114	0.0052479	
7.54	0.112272	0.00153145	0.132775	0.00520284	0.112272	0.00153145	0.132775	0.00520284	
7.56	0.112128	0.00154339	0.132438	0.0051582	0.112128	0.00154339	0.132438	0.0051582	
7.58	0.111983	0.00155453	0.132101	0.00511397	0.111983	0.00155453	0.132101	0.00511397	
7.6	0.111837	0.0015649	0.131767	0.00507014	0.111837	0.0015649	0.131767	0.00507014	
7.62	0.111691	0.00157452	0.131433	0.00502672	0.111691	0.00157452	0.131433	0.00502672	
7.64	0.111543	0.00158343	0.131102	0.0049837	0.111543	0.00158343	0.131102	0.0049837	
7.66	0.111395	0.00159164	0.130771	0.00494108	0.111395	0.00159164	0.130771	0.00494108	
7.68	0.111247	0.00159919	0.130443	0.00489885	0.111247	0.00159919	0.130443	0.00489885	
7.7	0.111097	0.00160608	0.130115	0.00485702	0.111097	0.00160608	0.130115	0.00485702	
7.72	0.110947	0.00161234	0.129789	0.00481557	0.110947	0.00161234	0.129789	0.00481557	
7.74	0.110797	0.001618	0.129465	0.00477452	0.110797	0.001618	0.129465	0.00477452	
7.76	0.110646	0.00162308	0.129142	0.00473384	0.110646	0.00162308	0.129142	0.00473384	
7.78	0.110494	0.00162759	0.12882	0.00469355	0.110494	0.00162759	0.12882	0.00469355	
7.8	0.110341	0.00163155	0.1285	0.00465363	0.110341	0.00163155	0.1285	0.00465363	
7.82	0.110188	0.001635	0.128181	0.00461409	0.110188	0.001635	0.128181	0.00461409	
7.84	0.110035	0.00163793	0.127864	0.00457492	0.110035	0.00163793	0.127864	0.00457492	
7.86	0.109881	0.00164037	0.127548	0.00453612	0.109881	0.00164037	0.127548	0.00453612	
7.88	0.109726	0.00164234	0.127233	0.00449768	0.109726	0.00164234	0.127233	0.00449768	
7.9	0.109571	0.00164386	0.12692	0.00445961	0.109571	0.00164386	0.12692	0.00445961	
7.92	0.109416	0.00164494	0.126608	0.0044219	0.109416	0.00164494	0.126608	0.0044219	
7.94	0.10926	0.00164559	0.126297	0.00438454	0.10926	0.00164559	0.126297	0.00438454	
7.96	0.109104	0.00164584	0.125988	0.00434754	0.109104	0.00164584	0.125988	0.00434754	
7.98	0.108947	0.00164569	0.12568	0.00431089	0.108947	0.00164569	0.12568	0.00431089	
8	0.10879	0.00164517	0.125374	0.00427458	0.10879	0.00164517	0.125374	0.00427458	
8.02	0.108632	0.00164428	0.125069	0.00423863	0.108632	0.00164428	0.125069	0.00423863	
8.04	0.108474	0.00164304	0.124765	0.00420301	0.108474	0.00164304	0.124765	0.00420301	
8.06	0.108316	0.00164147	0.124462	0.00416773	0.108316	0.00164147	0.124462	0.00416773	
8.08	0.108158	0.00163957	0.124161	0.00413279	0.108158	0.00163957	0.124161	0.00413279	
8.1	0.107999	0.00163735	0.123861	0.00409817	0.107999	0.00163735	0.123861	0.00409817	
8.12	0.10784	0.00163484	0.123563	0.00406389	0.10784	0.00163484	0.123563	0.00406389	
8.14	0.10768	0.00163204	0.123266	0.00402994	0.10768	0.00163204	0.123266	0.00402994	
8.16	0.10752	0.00162896	0.12297	0.00399631	0.10752	0.00162896	0.12297	0.00399631	
8.18	0.10736	0.00162561	0.122675	0.003963	0.10736	0.00162561	0.122675	0.003963	
8.2	0.1072	0.00162201	0.122382	0.00393001	0.1072	0.00162201	0.122382	0.00393001	
8.22	0.107039	0.00161817	0.122089	0.00389733	0.107039	0.00161817	0.122089	0.00389733	
8.24	0.106879	0.00161409	0.121799	0.00386497	0.106879	0.00161409	0.121799	0.00386497	
8.26	0.106718	0.00160978	0.121509	0.00383292	0.106718	0.00160978	0.121509	0.00383292	
8.28	0.106557	0.00160525	0.121221	0.00380117	0.106557	0.00160525	0.121221	0.00380117	
8.3	0.106395	0.00160052	0.120934	0.00376973	0.106395	0.00160052	0.120934	0.00376973	
8.32	0.106234	0.00159559	0.120648	0.00373858	0.106234	0.00159559	0.120648	0.00373858	
8.34	0.106072	0.00159047	0.120363	0.00370774	0.106072	0.00159047	0.120363	0.00370774	
8.36	0.10591	0.00158517	0.12008	0.00367719	0.10591	0.00158517	0.12008	0.00367719	
8.38	0.105748	0.00157969	0.119798	0.00364693	0.105748	0.00157969	0.119798	0.00364693	
8.4	0.105586	0.00157405	0.119517	0.00361696	0.105586	0.00157405	0.119517	0.00361696	
8.42	0.105424	0.00156825	0.119237	0.00358728	0.105424	0.00156825	0.119237	0.00358728	
8.44	0.105262	0.0015623	0.118958	0.00355788	0.105262	0.0015623	0.118958	0.00355788	
8.46	0.1051	0.0015562	0.118681	0.00352877	0.1051	0.0015562	0.118681	0.00352877	
8.48	0.104937	0.00154997	0.118405	0.00349993	0.104937	0.00154997	0.118405	0.00349993	
8.5	0.104775	0.0015436	0.11813	0.00347137	0.104775	0.0015436	0.11813	0.00347137	
8.52	0.104612	0.00153711	0.117856	0.00344308	0.104612	0.00153711	0.117856	0.00344308	
8.54	0.104449	0.0015305	0.117583	0.00341506	0.104449	0.0015305	0.117583	0.00341506	
8.56	0.104287	0.00152378	0.117312	0.00338731	0.104287	0.00152378	0.117312	0.00338731	
8.58	0.104124	0.00151696	0.117042	0.00335983	0.104124	0.00151696	0.117042	0.00335983	
8.6	0.103961	0.00151003	0.116773	0.00333261	0.103961	0.00151003	0.116773	0.00333261	
8.62	0.103798	0.001503	0.116504	0.00330565	0.103798	0.001503	0.116504	0.00330565	
8.64	0.103636	0.00149589	0.116238	0.00327894	0.103636	0.00149589	0.116238	0.00327894	
8.66	0.103473	0.00148868	0.115972	0.00325249	0.103473	0.00148868	0.115972	0.00325249	
8.68	0.10331	0.0014814	0.115707	0.0032263	0.10331	0.0014814	0.115707	0.0032263	
8.7	0.103147	0.00147404	0.115444	0.00320035	0.103147	0.00147404	0.115444	0.00320035	
8.72	0.102985	0.00146662	0.115181	0.00317465	0.102985	0.00146662	0.115181	0.00317465	
8.74	0.102822	0.00145912	0.11492	0.0031492	0.102822	0.00145912	0.11492	0.0031492	
8.76	0.102659	0.00145156	0.11466	0.00312399	0.102659	0.00145156	0.11466	0.00312399	
8.78	0.102497	0.00144394	0.114401	0.00309902	0.102497	0.00144394	0.114401	0.00309902	
8.8	0.102334	0.00143627	0.114143	0.00307429	0.102334	0.00143627	0.114143	0.00307429	
8.82	0.102172	0.00142855	0.113886	0.00304979	0.102172	0.00142855	0.113886	0.00304979	
8.84	0.10201	0.00142078	0.11363	0.00302552	0.10201	0.00142078	0.11363	0.00302552	
8.86	0.101847	0.00141297	0.113375	0.00300149	0.101847	0.00141297	0.113375	0.00300149	
8.88	0.101685	0.00140511	0.113122	0.00297768	0.101685	0.00140511	0.113122	0.00297768	
8.9	0.101523	0.00139722	0.112869	0.00295411	0.101523	0.00139722	0.112869	0.00295411	
8.92	0.101361	0.0013893	0.112618	0.00293075	0.101361	0.0013893	0.112618	0.00293075	
8.94	0.101199	0.00138135	0.112367	0.00290762	0.101199	0.00138135	0.112367	0.00290762	
8.96	0.101037	0.00137337	0.112118	0.0028847	0.101037	0.00137337	0.112118	0.0028847	
8.98	0.100876	0.00136536	0.111869	0.002862	0.100876	0.00136536	0.111869	0.002862	
9	0.100714	0.00135734	0.111622	0.00283952	0.100714	0.00135734	0.111622	0.00283952	
9.02	0.100553	0.00134929	0.111376	0.00281725	0.100553	0.00134929	0.111376	0.00281725	
9.04	0.100391	0.00134123	0.11113	0.00279519	0.100391	0.00134123	0.11113	0.00279519	
9.06	0.10023	0.00133316	0.110886	0.00277334	0.10023	0.00133316	0.110886	0.00277334	
9.08	0.100069	0.00132507	0.110643	0.00275169	0.100069	0.00132507	0.110643	0.00275169	
9.1	0.0999086	0.00131698	0.1104	0.00273025	0.0999086	0.00131698	0.1104	0.00273025	
9.12	0.099748	0.00130888	0.110159	0.00270901	0.099748	0.00130888	0.110159	0.00270901	
9.14	0.0995875	0.00130077	0.109919	0.00268797	0.0995875	0.00130077	0.109919	0.00268797	
9.16	0.0994272	0.00129266	0.10968	0.00266713	0.0994272	0.00129266	0.10968	0.00266713	
9.18	0.0992671	0.00128456	0.109441	0.00264648	0.0992671	0.00128456	0.109441	0.00264648	
9.2	0.0991071	0.00127645	0.109204	0.00262603	0.0991071	0.00127645	0.109204	0.00262603	
9.22	0.0989473	0.00126835	0.108968	0.00260577	0.0989473	0.00126835	0.108968	0.00260577	
9.24	0.0987878	0.00126025	0.108732	0.0025857	0.0987878	0.00126025	0.108732	0.0025857	
9.26	0.0986284	0.00125216	0.108498	0.00256582	0.0986284	0.00125216	0.108498	0.00256582	
9.28	0.0984692	0.00124408	0.108264	0.00254612	0.0984692	0.00124408	0.108264	0.00254612	
9.3	0.0983102	0.00123601	0.108032	0.00252661	0.0983102	0.00123601	0.108032	0.00252661	
9.32	0.0981514	0.00122795	0.1078	0.00250728	0.0981514	0.00122795	0.1078	0.00250728	
9.34	0.0979929	0.00121991	0.10757	0.00248813	0.0979929	0.00121991	0.10757	0.00248813	
9.36	0.0978345	0.00121188	0.10734	0.00246915	0.0978345	0.00121188	0.10734	0.00246915	
9.38	0.0976764	0.00120387	0.107111	0.00245036	0.0976764	0.00120387	0.107111	0.00245036	
9.4	0.0975185	0.00119587	0.106883	0.00243174	0.0975185	0.00119587	0.106883	0.00243174	
9.42	0.0973608	0.00118789	0.106656	0.00241329	0.0973608	0.00118789	0.106656	0.00241329	
9.44	0.0972033	0.00117994	0.10643	0.00239502	0.0972033	0.00117994	0.10643	0.00239502	
9.46	0.0970461	0.001172	0.106205	0.00237691	0.0970461	0.001172	0.106205	0.00237691	
9.48	0.0968891	0.00116409	0.105981	0.00235897	0.0968891	0.00116409	0.105981	0.00235897	
9.5	0.0967324	0.0011562	0.105758	0.0023412	0.0967324	0.0011562	0.105758	0.0023412	
9.52	0.0965759	0.00114833	0.105536	0.00232359	0.0965759	0.00114833	0.105536	0.00232359	
9.54	0.0964196	0.00114049	0.105314	0.00230614	0.0964196	0.00114049	0.105314	0.00230614	
9.56	0.0962636	0.00113268	0.105094	0.00228886	0.0962636	0.00113268	0.105094	0.00228886	
9.58	0.0961078	0.0011249	0.104874	0.00227173	0.0961078	0.0011249	0.104874	0.00227173	
9.6	0.0959523	0.00111714	0.104655	0.00225476	0.0959523	0.00111714	0.104655	0.00225476	
9.62	0.0957971	0.00110941	0.104437	0.00223795	0.0957971	0.00110941	0.104437	0.00223795	
9.64	0.0956421	0.00110171	0.10422	0.00222129	0.0956421	0.00110171	0.10422	0.00222129	
9.66	0.0954873	0.00109404	0.104004	0.00220478	0.0954873	0.00109404	0.104004	0.00220478	
9.68	0.0953329	0.0010864	0.103788	0.00218843	0.0953329	0.0010864	0.103788	0.00218843	
9.7	0.0951787	0.0010788	0.103574	0.00217222	0.0951787	0.0010788	0.103574	0.00217222	
9.72	0.0950248	0.00107122	0.10336	0.00215617	0.0950248	0.00107122	0.10336	0.00215617	
9.74	0.0948711	0.00106368	0.103148	0.00214026	0.0948711	0.00106368	0.103148	0.00214026	
9.76	0.0947177	0.00105618	0.102936	0.00212449	0.0947177	0.00105618	0.102936	0.00212449	
9.78	0.0945646	0.00104871	0.102724	0.00210887	0.0945646	0.00104871	0.102724	0.00210887	
9.8	0.0944118	0.00104127	0.102514	0.00209339	0.0944118	0.00104127	0.102514	0.00209339	
9.82	0.0942592	0.00103387	0.102305	0.00207805	0.0942592	0.00103387	0.102305	0.00207805	
9.84	0.094107	0.0010265	0.102096	0.00206285	0.094107	0.0010265	0.102096	0.00206285	
9.86	0.093955	0.00101917	0.101888	0.00204779	0.093955	0.00101917	0.101888	0.00204779	
9.88	0.0938033	0.00101188	0.101681	0.00203286	0.0938033	0.00101188	0.101681	0.00203286	
9.9	0.0936519	0.00100462	0.101475	0.00201807	0.0936519	0.00100462	0.101475	0.00201807	
9.92	0.0935008	0.000997402	0.10127	0.00200341	0.0935008	0.000997402	0.10127	0.00200341	
9.94	0.09335	0.00099022	0.101065	0.00198888	0.09335	0.00099022	0.101065	0.00198888	
9.96	0.0931994	0.000983077	0.100861	0.00197449	0.0931994	0.000983077	0.100861	0.00197449	
9.98	0.0930492	0.000975972	0.100658	0.00196022	0.0930492	0.000975972	0.100658	0.00196022	
