-10	-0.100249	-9.51599e-14	-0.101018	1.92216e-12	-0.100249	-9.51599e-14	-0.101018	1.92216e-12	
-9.98	-0.100451	-9.00872e-14	-0.101224	1.89972e-12	-0.100451	-9.00872e-14	-0.101224	1.89972e-12	
-9.96	-0.100654	-8.48932e-14	-0.101432	1.87588e-12	-0.100654	-8.48932e-14	-0.101432	1.87588e-12	
-9.94	-0.100858	-7.95719e-14	-0.10164	1.8506e-12	-0.100858	-7.95719e-14	-0.10164	1.8506e-12	
-9.92	-0.101062	-7.41103e-14	-0.101849	1.82383e-12	-0.101062	-7.41103e-14	-0.101849	1.82383e-12	
-9.9	-0.101267	-6.85244e-14	-0.10206	1.79553e-12	-0.101267	-6.85244e-14	-0.10206	1.79553e-12	
-9.88	-0.101473	-6.27934e-14	-0.10227	1.76566e-12	-0.101473	-6.27934e-14	-0.10227	1.76566e-12	
-9.86	-0.10168	-5.69246e-14	-0.102482	1.73416e-12	-0.10168	-5.69246e-14	-0.102482	1.73416e-12	
-9.84	-0.101888	-5.09189e-14	-0.102695	1.70103e-12	-0.101888	-5.09189e-14	-0.102695	1.70103e-12	
-9.82	-0.102096	-4.47677e-14	-0.102909	1.66614e-12	-0.102096	-4.47677e-14	-0.102909	1.66614e-12	
-9.8	-0.102306	-3.84703e-14	-0.103123	1.62951e-12	-0.102306	-3.84703e-14	-0.103123	1.62951e-12	
-9.78	-0.102516	-3.20255e-14	-0.103339	1.59106e-12	-0.102516	-3.20255e-14	-0.103339	1.59106e-12	
-9.76	-0.102727	-2.54267e-14	-0.103555	1.55075e-12	-0.102727	-2.54267e-14	-0.103555	1.55075e-12	
-9.74	-0.102939	-1.86735e-14	-0.103772	1.5085e-12	-0.102939	-1.86735e-14	-0.103772	1.5085e-12	
-9.72	-0.103152	-1.17609e-14	-0.10399	1.4643e-12	-0.103152	-1.17609e-14	-0.10399	1.4643e-12	
-9.7	-0.103366	-4.6901e-15	-0.104209	1.41807e-12	-0.103366	-4.6901e-15	-0.104209	1.41807e-12	
-9.68	-0.103581	2.54075e-15	-0.10443	1.36975e-12	-0.103581	2.54075e-15	-0.10443	1.36975e-12	
-9.66	-0.103797	9.93401e-15	-0.104651	1.31929e-12	-0.103797	9.93401e-15	-0.104651	1.31929e-12	
-9.64	-0.104013	1.75017e-14	-0.104872	1.26666e-12	-0.104013	1.75017e-14	-0.104872	1.26666e-12	
-9.62	-0.10423	2.52335e-14	-0.105095	1.21169e-12	-0.10423	2.52335e-14	-0.105095	1.21169e-12	
-9.6	-0.104449	3.31378e-14	-0.105319	1.15446e-12	-0.104449	3.31378e-14	-0.105319	1.15446e-12	
-9.58	-0.104668	4.12306e-14	-0.105544	1.09484e-12	-0.104668	4.12306e-14	-0.105544	1.09484e-12	
-9.56	-0.104888	4.94851e-14	-0.10577	1.03276e-12	-0.104888	4.94851e-14	-0.10577	1.03276e-12	
-9.54	-0.105109	5.7942e-14	-0.105997	9.68163e-13	-0.105109	5.7942e-14	-0.105997	9.68163e-13	
-9.52	-0.105331	6.65754e-14	-0.106224	9.00955e-13	-0.105331	6.65754e-14	-0.106224	9.00955e-13	
-9.5	-0.105554	7.53965e-14	-0.106453	8.31108e-13	-0.105554	7.53965e-14	-0.106453	8.31108e-13	
-9.48	-0.105778	8.44075e-14	-0.106683	7.58575e-13	-0.105778	8.44075e-14	-0.106683	7.58575e-13	
-9.46	-0.106003	9.36185e-14	-0.106914	6.83207e-13	-0.106003	9.36185e-14	-0.106914	6.83207e-13	
-9.44	-0.106229	1.03014e-13	-0.107145	6.04999e-13	-0.106229	1.03014e-13	-0.107145	6.04999e-13	
-9.42	-0.106456	1.12626e-13	-0.107378	5.23839e-13	-0.106456	1.12626e-13	-0.107378	5.23839e-13	
-9.4	-0.106684	1.22429e-13	-0.107612	4.39636e-13	-0.106684	1.22429e-13	-0.107612	4.39636e-13	
-9.38	-0.106912	1.32447e-13	-0.107847	3.52391e-13	-0.106912	1.32447e-13	-0.107847	3.52391e-13	
-9.36	-0.107142	1.42682e-13	-0.108083	2.61938e-13	-0.107142	1.42682e-13	-0.108083	2.61938e-13	
-9.34	-0.107373	1.53127e-13	-0.108319	1.68264e-13	-0.107373	1.53127e-13	-0.108319	1.68264e-13	
-9.32	-0.107605	1.63779e-13	-0.108557	7.11971e-14	-0.107605	1.63779e-13	-0.108557	7.11971e-14	
-9.3	-0.107837	1.74667e-13	-0.108796	-2.92522e-14	-0.107837	1.74667e-13	-0.108796	-2.92522e-14	
-9.28	-0.108071	1.85771e-13	-0.109037	-1.33217e-13	-0.108071	1.85771e-13	-0.109037	-1.33217e-13	
-9.26	-0.108306	1.97109e-13	-0.109278	-2.40793e-13	-0.108306	1.97109e-13	-0.109278	-2.40793e-13	
-9.24	-0.108542	2.08674e-13	-0.10952	-3.52038e-13	-0.108542	2.08674e-13	-0.10952	-3.52038e-13	
-9.22	-0.108779	2.20474e-13	-0.109763	-4.67032e-13	-0.108779	2.20474e-13	-0.109763	-4.67032e-13	
-9.2	-0.109016	2.32517e-13	-0.110008	-5.85917e-13	-0.109016	2.32517e-13	-0.110008	-5.85917e-13	
-9.18	-0.109255	2.44795e-13	-0.110253	-7.08778e-13	-0.109255	2.44795e-13	-0.110253	-7.08778e-13	
-9.16	-0.109495	2.5733e-13	-0.1105	-8.35679e-13	-0.109495	2.5733e-13	-0.1105	-8.35679e-13	
-9.14	-0.109736	2.70104e-13	-0.110748	-9.66715e-13	-0.109736	2.70104e-13	-0.110748	-9.66715e-13	
-9.12	-0.109978	2.83135e-13	-0.110997	-1.10203e-12	-0.109978	2.83135e-13	-0.110997	-1.10203e-12	
-9.1	-0.110222	2.96422e-13	-0.111247	-1.24169e-12	-0.110222	2.96422e-13	-0.111247	-1.24169e-12	
-9.08	-0.110466	3.09977e-13	-0.111498	-1.38584e-12	-0.110466	3.09977e-13	-0.111498	-1.38584e-12	
-9.06	-0.110711	3.23787e-13	-0.11175	-1.53448e-12	-0.110711	3.23787e-13	-0.11175	-1.53448e-12	
-9.04	-0.110958	3.37879e-13	-0.112004	-1.68786e-12	-0.110958	3.37879e-13	-0.112004	-1.68786e-12	
-9.02	-0.111205	3.52234e-13	-0.112258	-1.84598e-12	-0.111205	3.52234e-13	-0.112258	-1.84598e-12	
-9	-0.111454	3.66865e-13	-0.112514	-2.00899e-12	-0.111454	3.66865e-13	-0.112514	-2.00899e-12	
-8.98	-0.111704	3.81784e-13	-0.112771	-2.17697e-12	-0.111704	3.81784e-13	-0.112771	-2.17697e-12	
-8.96	-0.111955	3.96987e-13	-0.11303	-2.35011e-12	-0.111955	3.96987e-13	-0.11303	-2.35011e-12	
-8.94	-0.112207	4.12466e-13	-0.113289	-2.52845e-12	-0.112207	4.12466e-13	-0.113289	-2.52845e-12	
-8.92	-0.11246	4.28251e-13	-0.11355	-2.71215e-12	-0.11246	4.28251e-13	-0.11355	-2.71215e-12	
-8.9	-0.112714	4.44324e-13	-0.113811	-2.9013e-12	-0.112714	4.44324e-13	-0.113811	-2.9013e-12	
-8.88	-0.11297	4.60706e-13	-0.114074	-3.09604e-12	-0.11297	4.60706e-13	-0.114074	-3.09604e-12	
-8.86	-0.113226	4.77386e-13	-0.114339	-3.29647e-12	-0.113226	4.77386e-13	-0.114339	-3.29647e-12	
-8.84	-0.113484	4.94382e-13	-0.114604	-3.50273e-12	-0.113484	4.94382e-13	-0.114604	-3.50273e-12	
-8.82	-0.113743	5.11686e-13	-0.114871	-3.71497e-12	-0.113743	5.11686e-13	-0.114871	-3.71497e-12	
-8.8	-0.114003	5.29324e-13	-0.115139	-3.93325e-12	-0.114003	5.29324e-13	-0.115139	-3.93325e-12	
-8.78	-0.114265	5.47257e-13	-0.115409	-4.15778e-12	-0.114265	5.47257e-13	-0.115409	-4.15778e-12	
-8.76	-0.114527	5.65527e-13	-0.115679	-4.38862e-12	-0.114527	5.65527e-13	-0.115679	-4.38862e-12	
-8.74	-0.114791	5.84126e-13	-0.115951	-4.62594e-12	-0.114791	5.84126e-13	-0.115951	-4.62594e-12	
-8.72	-0.115056	6.03061e-13	-0.116224	-4.86986e-12	-0.115056	6.03061e-13	-0.116224	-4.86986e-12	
-8.7	-0.115322	6.22336e-13	-0.116499	-5.12054e-12	-0.115322	6.22336e-13	-0.116499	-5.12054e-12	
-8.68	-0.11559	6.4195e-13	-0.116775	-5.37808e-12	-0.11559	6.4195e-13	-0.116775	-5.37808e-12	
-8.66	-0.115858	6.61911e-13	-0.117052	-5.6426e-12	-0.115858	6.61911e-13	-0.117052	-5.6426e-12	
-8.64	-0.116128	6.82221e-13	-0.11733	-5.91429e-12	-0.116128	6.82221e-13	-0.11733	-5.91429e-12	
-8.62	-0.1164	7.02889e-13	-0.11761	-6.1933e-12	-0.1164	7.02889e-13	-0.11761	-6.1933e-12	
-8.6	-0.116672	7.2391e-13	-0.117891	-6.47974e-12	-0.116672	7.2391e-13	-0.117891	-6.47974e-12	
-8.58	-0.116946	7.45302e-13	-0.118174	-6.77372e-12	-0.116946	7.45302e-13	-0.118174	-6.77372e-12	
-8.56	-0.117221	7.67056e-13	-0.118458	-7.07543e-12	-0.117221	7.67056e-13	-0.118458	-7.07543e-12	
-8.54	-0.117498	7.89191e-13	-0.118743	-7.38499e-12	-0.117498	7.89191e-13	-0.118743	-7.38499e-12	
-8.52	-0.117775	8.11696e-13	-0.11903	-7.70258e-12	-0.117775	8.11696e-13	-0.11903	-7.70258e-12	
-8.5	-0.118054	8.34577e-13	-0.119318	-8.02832e-12	-0.118054	8.34577e-13	-0.119318	-8.02832e-12	
-8.48	-0.118335	8.5784e-13	-0.119608	-8.36232e-12	-0.118335	8.5784e-13	-0.119608	-8.36232e-12	
-8.46	-0.118616	8.81503e-13	-0.119899	-8.7048e-12	-0.118616	8.81503e-13	-0.119899	-8.7048e-12	
-8.44	-0.1189	9.05544e-13	-0.120191	-9.05583e-12	-0.1189	9.05544e-13	-0.120191	-9.05583e-12	
-8.42	-0.119184	9.29989e-13	-0.120485	-9.41561e-12	-0.119184	9.29989e-13	-0.120485	-9.41561e-12	
-8.4	-0.11947	9.54826e-13	-0.12078	-9.78425e-12	-0.11947	9.54826e-13	-0.12078	-9.78425e-12	
-8.38	-0.119757	9.80075e-13	-0.121077	-1.01619e-11	-0.119757	9.80075e-13	-0.121077	-1.01619e-11	
-8.36	-0.120045	1.00572e-12	-0.121375	-1.05488e-11	-0.120045	1.00572e-12	-0.121375	-1.05488e-11	
-8.34	-0.120335	1.03179e-12	-0.121675	-1.09449e-11	-0.120335	1.03179e-12	-0.121675	-1.09449e-11	
-8.32	-0.120627	1.05826e-12	-0.121976	-1.13506e-11	-0.120627	1.05826e-12	-0.121976	-1.13506e-11	
-8.3	-0.12092	1.08515e-12	-0.122279	-1.17658e-11	-0.12092	1.08515e-12	-0.122279	-1.17658e-11	
-8.28	-0.121214	1.11246e-12	-0.122584	-1.21907e-11	-0.121214	1.11246e-12	-0.122584	-1.21907e-11	
-8.26	-0.121509	1.1402e-12	-0.122889	-1.26256e-11	-0.121509	1.1402e-12	-0.122889	-1.26256e-11	
-8.24	-0.121807	1.16837e-12	-0.123197	-1.30704e-11	-0.121807	1.16837e-12	-0.123197	-1.30704e-11	
-8.22	-0.122105	1.19696e-12	-0.123506	-1.35254e-11	-0.122105	1.19696e-12	-0.123506	-1.35254e-11	
-8.2	-0.122405	1.226e-12	-0.123816	-1.39907e-11	-0.122405	1.226e-12	-0.123816	-1.39907e-11	
-8.18	-0.122707	1.25547e-12	-0.124129	-1.44664e-11	-0.122707	1.25547e-12	-0.124129	-1.44664e-11	
-8.16	-0.12301	1.28537e-12	-0.124442	-1.49527e-11	-0.12301	1.28537e-12	-0.124442	-1.49527e-11	
-8.14	-0.123314	1.31572e-12	-0.124758	-1.54496e-11	-0.123314	1.31572e-12	-0.124758	-1.54496e-11	
-8.12	-0.12362	1.34651e-12	-0.125075	-1.59573e-11	-0.12362	1.34651e-12	-0.125075	-1.59573e-11	
-8.1	-0.123928	1.37775e-12	-0.125394	-1.64759e-11	-0.123928	1.37775e-12	-0.125394	-1.64759e-11	
-8.08	-0.124237	1.40942e-12	-0.125714	-1.70056e-11	-0.124237	1.40942e-12	-0.125714	-1.70056e-11	
-8.06	-0.124548	1.44156e-12	-0.126036	-1.75463e-11	-0.124548	1.44156e-12	-0.126036	-1.75463e-11	
-8.04	-0.12486	1.47416e-12	-0.126359	-1.80983e-11	-0.12486	1.47416e-12	-0.126359	-1.80983e-11	
-8.02	-0.125174	1.50719e-12	-0.126685	-1.86616e-11	-0.125174	1.50719e-12	-0.126685	-1.86616e-11	
-8	-0.125489	1.5407e-12	-0.127012	-1.92363e-11	-0.125489	1.5407e-12	-0.127012	-1.92363e-11	
-7.98	-0.125806	1.57465e-12	-0.127341	-1.98224e-11	-0.125806	1.57465e-12	-0.127341	-1.98224e-11	
-7.96	-0.126125	1.60906e-12	-0.127671	-2.04202e-11	-0.126125	1.60906e-12	-0.127671	-2.04202e-11	
-7.94	-0.126445	1.64391e-12	-0.128003	-2.10295e-11	-0.126445	1.64391e-12	-0.128003	-2.10295e-11	
-7.92	-0.126767	1.67923e-12	-0.128338	-2.16505e-11	-0.126767	1.67923e-12	-0.128338	-2.16505e-11	
-7.9	-0.12709	1.715e-12	-0.128673	-2.22833e-11	-0.12709	1.715e-12	-0.128673	-2.22833e-11	
-7.88	-0.127416	1.75124e-12	-0.129011	-2.29277e-11	-0.127416	1.75124e-12	-0.129011	-2.29277e-11	
-7.86	-0.127742	1.78793e-12	-0.12935	-2.3584e-11	-0.127742	1.78793e-12	-0.12935	-2.3584e-11	
-7.84	-0.128071	1.82507e-12	-0.129692	-2.4252e-11	-0.128071	1.82507e-12	-0.129692	-2.4252e-11	
-7.82	-0.128401	1.86266e-12	-0.130035	-2.49318e-11	-0.128401	1.86266e-12	-0.130035	-2.49318e-11	
-7.8	-0.128733	1.90072e-12	-0.13038	-2.56234e-11	-0.128733	1.90072e-12	-0.13038	-2.56234e-11	
-7.78	-0.129067	1.93921e-12	-0.130726	-2.63267e-11	-0.129067	1.93921e-12	-0.130726	-2.63267e-11	
-7.76	-0.129402	1.97816e-12	-0.131075	-2.70417e-11	-0.129402	1.97816e-12	-0.131075	-2.70417e-11	
-7.74	-0.129739	2.01755e-12	-0.131426	-2.77684e-11	-0.129739	2.01755e-12	-0.131426	-2.77684e-11	
-7.72	-0.130078	2.05737e-12	-0.131778	-2.85066e-11	-0.130078	2.05737e-12	-0.131778	-2.85066e-11	
-7.7	-0.130419	2.09763e-12	-0.132132	-2.92561e-11	-0.130419	2.09763e-12	-0.132132	-2.92561e-11	
-7.68	-0.130762	2.13833e-12	-0.132489	-3.00171e-11	-0.130762	2.13833e-12	-0.132489	-3.00171e-11	
-7.66	-0.131106	2.17944e-12	-0.132847	-3.07892e-11	-0.131106	2.17944e-12	-0.132847	-3.07892e-11	
-7.64	-0.131452	2.22097e-12	-0.133207	-3.15723e-11	-0.131452	2.22097e-12	-0.133207	-3.15723e-11	
-7.62	-0.1318	2.26293e-12	-0.13357	-3.23662e-11	-0.1318	2.26293e-12	-0.13357	-3.23662e-11	
-7.6	-0.13215	2.30528e-12	-0.133934	-3.31708e-11	-0.13215	2.30528e-12	-0.133934	-3.31708e-11	
-7.58	-0.132502	2.34803e-12	-0.1343	-3.39856e-11	-0.132502	2.34803e-12	-0.1343	-3.39856e-11	
-7.56	-0.132855	2.39119e-12	-0.134669	-3.48106e-11	-0.132855	2.39119e-12	-0.134669	-3.48106e-11	
-7.54	-0.133211	2.43471e-12	-0.135039	-3.56454e-11	-0.133211	2.43471e-12	-0.135039	-3.56454e-11	
-7.52	-0.133568	2.47861e-12	-0.135412	-3.64895e-11	-0.133568	2.47861e-12	-0.135412	-3.64895e-11	
-7.5	-0.133928	2.52288e-12	-0.135786	-3.73428e-11	-0.133928	2.52288e-12	-0.135786	-3.73428e-11	
-7.48	-0.134289	2.56749e-12	-0.136163	-3.82048e-11	-0.134289	2.56749e-12	-0.136163	-3.82048e-11	
-7.46	-0.134652	2.61245e-12	-0.136542	-3.90749e-11	-0.134652	2.61245e-12	-0.136542	-3.90749e-11	
-7.44	-0.135018	2.65773e-12	-0.136923	-3.99527e-11	-0.135018	2.65773e-12	-0.136923	-3.99527e-11	
-7.42	-0.135385	2.70331e-12	-0.137306	-4.08378e-11	-0.135385	2.70331e-12	-0.137306	-4.08378e-11	
-7.4	-0.135754	2.74918e-12	-0.137692	-4.17295e-11	-0.135754	2.74918e-12	-0.137692	-4.17295e-11	
-7.38	-0.136125	2.79535e-12	-0.138079	-4.26272e-11	-0.136125	2.79535e-12	-0.138079	-4.26272e-11	
-7.36	-0.136499	2.84176e-12	-0.138469	-4.35303e-11	-0.136499	2.84176e-12	-0.138469	-4.35303e-11	
-7.34	-0.136874	2.88844e-12	-0.138861	-4.44379e-11	-0.136874	2.88844e-12	-0.138861	-4.44379e-11	
-7.32	-0.137252	2.93534e-12	-0.139255	-4.53494e-11	-0.137252	2.93534e-12	-0.139255	-4.53494e-11	
-7.3	-0.137631	2.98244e-12	-0.139652	-4.62638e-11	-0.137631	2.98244e-12	-0.139652	-4.62638e-11	
-7.28	-0.138013	3.02971e-12	-0.140051	-4.71804e-11	-0.138013	3.02971e-12	-0.140051	-4.71804e-11	
-7.26	-0.138397	3.07714e-12	-0.140452	-4.80981e-11	-0.138397	3.07714e-12	-0.140452	-4.80981e-11	
-7.24	-0.138783	3.12473e-12	-0.140856	-4.90158e-11	-0.138783	3.12473e-12	-0.140856	-4.90158e-11	
-7.22	-0.139171	3.17241e-12	-0.141262	-4.99325e-11	-0.139171	3.17241e-12	-0.141262	-4.99325e-11	
-7.2	-0.139561	3.22018e-12	-0.14167	-5.0847e-11	-0.139561	3.22018e-12	-0.14167	-5.0847e-11	
-7.18	-0.139954	3.26799e-12	-0.142081	-5.17581e-11	-0.139954	3.26799e-12	-0.142081	-5.17581e-11	
-7.16	-0.140349	3.31584e-12	-0.142495	-5.26643e-11	-0.140349	3.31584e-12	-0.142495	-5.26643e-11	
-7.14	-0.140746	3.36366e-12	-0.14291	-5.35643e-11	-0.140746	3.36366e-12	-0.14291	-5.35643e-11	
-7.12	-0.141145	3.41144e-12	-0.143329	-5.44566e-11	-0.141145	3.41144e-12	-0.143329	-5.44566e-11	
-7.1	-0.141547	3.45915e-12	-0.143749	-5.53395e-11	-0.141547	3.45915e-12	-0.143749	-5.53395e-11	
-7.08	-0.141951	3.50672e-12	-0.144172	-5.62112e-11	-0.141951	3.50672e-12	-0.144172	-5.62112e-11	
-7.06	-0.142357	3.55414e-12	-0.144598	-5.70701e-11	-0.142357	3.55414e-12	-0.144598	-5.70701e-11	
-7.04	-0.142765	3.60137e-12	-0.145027	-5.79141e-11	-0.142765	3.60137e-12	-0.145027	-5.79141e-11	
-7.02	-0.143176	3.64836e-12	-0.145458	-5.87411e-11	-0.143176	3.64836e-12	-0.145458	-5.87411e-11	
-7	-0.143589	3.69505e-12	-0.145891	-5.95491e-11	-0.143589	3.69505e-12	-0.145891	-5.95491e-11	
-6.98	-0.144005	3.7414e-12	-0.146328	-6.03358e-11	-0.144005	3.7414e-12	-0.146328	-6.03358e-11	
-6.96	-0.144423	3.78735e-12	-0.146766	-6.10986e-11	-0.144423	3.78735e-12	-0.146766	-6.10986e-11	
-6.94	-0.144844	3.83286e-12	-0.147208	-6.18349e-11	-0.144844	3.83286e-12	-0.147208	-6.18349e-11	
-6.92	-0.145267	3.87789e-12	-0.147652	-6.25423e-11	-0.145267	3.87789e-12	-0.147652	-6.25423e-11	
-6.9	-0.145692	3.92234e-12	-0.1481	-6.32176e-11	-0.145692	3.92234e-12	-0.1481	-6.32176e-11	
-6.88	-0.14612	3.96618e-12	-0.148549	-6.3858e-11	-0.14612	3.96618e-12	-0.148549	-6.3858e-11	
-6.86	-0.146551	4.00932e-12	-0.149002	-6.44601e-11	-0.146551	4.00932e-12	-0.149002	-6.44601e-11	
-6.84	-0.146984	4.05172e-12	-0.149458	-6.50207e-11	-0.146984	4.05172e-12	-0.149458	-6.50207e-11	
-6.82	-0.14742	4.09332e-12	-0.149916	-6.55362e-11	-0.14742	4.09332e-12	-0.149916	-6.55362e-11	
-6.8	-0.147858	4.13399e-12	-0.150377	-6.60029e-11	-0.147858	4.13399e-12	-0.150377	-6.60029e-11	
-6.78	-0.148299	4.17369e-12	-0.150842	-6.64167e-11	-0.148299	4.17369e-12	-0.150842	-6.64167e-11	
-6.76	-0.148743	4.21235e-12	-0.151309	-6.67737e-11	-0.148743	4.21235e-12	-0.151309	-6.67737e-11	
-6.74	-0.149189	4.24986e-12	-0.151779	-6.70694e-11	-0.149189	4.24986e-12	-0.151779	-6.70694e-11	
-6.72	-0.149638	4.28612e-12	-0.152252	-6.72992e-11	-0.149638	4.28612e-12	-0.152252	-6.72992e-11	
-6.7	-0.15009	4.32109e-12	-0.152728	-6.74584e-11	-0.15009	4.32109e-12	-0.152728	-6.74584e-11	
-6.68	-0.150544	4.35464e-12	-0.153207	-6.75418e-11	-0.150544	4.35464e-12	-0.153207	-6.75418e-11	
-6.66	-0.151002	4.38665e-12	-0.153689	-6.75443e-11	-0.151002	4.38665e-12	-0.153689	-6.75443e-11	
-6.64	-0.151462	4.41707e-12	-0.154175	-6.74602e-11	-0.151462	4.41707e-12	-0.154175	-6.74602e-11	
-6.62	-0.151924	4.44574e-12	-0.154663	-6.72836e-11	-0.151924	4.44574e-12	-0.154663	-6.72836e-11	
-6.6	-0.15239	4.47258e-12	-0.155155	-6.70085e-11	-0.15239	4.47258e-12	-0.155155	-6.70085e-11	
-6.58	-0.152859	4.49742e-12	-0.15565	-6.66285e-11	-0.152859	4.49742e-12	-0.15565	-6.66285e-11	
-6.56	-0.15333	4.52021e-12	-0.156148	-6.61367e-11	-0.15333	4.52021e-12	-0.156148	-6.61367e-11	
-6.54	-0.153805	4.54073e-12	-0.15665	-6.55262e-11	-0.153805	4.54073e-12	-0.15665	-6.55262e-11	
-6.52	-0.154282	4.55893e-12	-0.157154	-6.47896e-11	-0.154282	4.55893e-12	-0.157154	-6.47896e-11	
-6.5	-0.154763	4.57465e-12	-0.157663	-6.39191e-11	-0.154763	4.57465e-12	-0.157663	-6.39191e-11	
-6.48	-0.155246	4.58772e-12	-0.158174	-6.29068e-11	-0.155246	4.58772e-12	-0.158174	-6.29068e-11	
-6.46	-0.155733	4.59797e-12	-0.158689	-6.17441e-11	-0.155733	4.59797e-12	-0.158689	-6.17441e-11	
-6.44	-0.156222	4.6053e-12	-0.159207	-6.04222e-11	-0.156222	4.6053e-12	-0.159207	-6.04222e-11	
-6.42	-0.156715	4.60948e-12	-0.159729	-5.8932e-11	-0.156715	4.60948e-12	-0.159729	-5.8932e-11	
-6.4	-0.157211	4.61042e-12	-0.160255	-5.72637e-11	-0.157211	4.61042e-12	-0.160255	-5.72637e-11	
-6.38	-0.157709	4.60788e-12	-0.160784	-5.54075e-11	-0.157709	4.60788e-12	-0.160784	-5.54075e-11	
-6.36	-0.158212	4.60167e-12	-0.161316	-5.33527e-11	-0.158212	4.60167e-12	-0.161316	-5.33527e-11	
-6.34	-0.158717	4.59162e-12	-0.161852	-5.10885e-11	-0.158717	4.59162e-12	-0.161852	-5.10885e-11	
-6.32	-0.159226	4.57756e-12	-0.162392	-4.86035e-11	-0.159226	4.57756e-12	-0.162392	-4.86035e-11	
-6.3	-0.159738	4.55923e-12	-0.162936	-4.58857e-11	-0.159738	4.55923e-12	-0.162936	-4.58857e-11	
-6.28	-0.160253	4.53643e-12	-0.163483	-4.29229e-11	-0.160253	4.53643e-12	-0.163483	-4.29229e-11	
-6.26	-0.160771	4.50894e-12	-0.164034	-3.97022e-11	-0.160771	4.50894e-12	-0.164034	-3.97022e-11	
-6.24	-0.161293	4.47652e-12	-0.164589	-3.62102e-11	-0.161293	4.47652e-12	-0.164589	-3.62102e-11	
-6.22	-0.161819	4.43897e-12	-0.165148	-3.24329e-11	-0.161819	4.43897e-12	-0.165148	-3.24329e-11	
-6.2	-0.162348	4.39599e-12	-0.16571	-2.83561e-11	-0.162348	4.39599e-12	-0.16571	-2.83561e-11	
-6.18	-0.16288	4.34733e-12	-0.166277	-2.39646e-11	-0.16288	4.34733e-12	-0.166277	-2.39646e-11	
-6.16	-0.163416	4.29274e-12	-0.166848	-1.92428e-11	-0.163416	4.29274e-12	-0.166848	-1.92428e-11	
-6.14	-0.163956	4.23191e-12	-0.167423	-1.41746e-11	-0.163956	4.23191e-12	-0.167423	-1.41746e-11	
-6.12	-0.164499	4.16458e-12	-0.168001	-8.74319e-12	-0.164499	4.16458e-12	-0.168001	-8.74319e-12	
-6.1	-0.165045	4.09044e-12	-0.168584	-2.93129e-12	-0.165045	4.09044e-12	-0.168584	-2.93129e-12	
-6.08	-0.165596	4.00918e-12	-0.169171	3.27914e-12	-0.165596	4.00918e-12	-0.169171	3.27914e-12	
-6.06	-0.16615	3.9205e-12	-0.169763	9.90678e-12	-0.16615	3.9205e-12	-0.169763	9.90678e-12	
-6.04	-0.166708	3.82404e-12	-0.170358	1.69707e-11	-0.166708	3.82404e-12	-0.170358	1.69707e-11	
-6.02	-0.167269	3.71945e-12	-0.170958	2.44909e-11	-0.167269	3.71945e-12	-0.170958	2.44909e-11	
-6	-0.167835	3.60641e-12	-0.171563	3.24879e-11	-0.167835	3.60641e-12	-0.171563	3.24879e-11	
-5.98	-0.168404	3.4845e-12	-0.172171	4.09827e-11	-0.168404	3.4845e-12	-0.172171	4.09827e-11	
-5.96	-0.168977	3.35341e-12	-0.172785	4.99973e-11	-0.168977	3.35341e-12	-0.172785	4.99973e-11	
-5.94	-0.169554	3.21271e-12	-0.173402	5.95541e-11	-0.169554	3.21271e-12	-0.173402	5.95541e-11	
-5.92	-0.170135	3.06197e-12	-0.174025	6.96761e-11	-0.170135	3.06197e-12	-0.174025	6.96761e-11	
-5.9	-0.170721	2.90082e-12	-0.174651	8.03872e-11	-0.170721	2.90082e-12	-0.174651	8.03872e-11	
-5.88	-0.17131	2.72879e-12	-0.175283	9.17115e-11	-0.17131	2.72879e-12	-0.175283	9.17115e-11	
-5.86	-0.171903	2.54544e-12	-0.175919	1.03674e-10	-0.171903	2.54544e-12	-0.175919	1.03674e-10	
-5.84	-0.172501	2.35034e-12	-0.17656	1.16301e-10	-0.172501	2.35034e-12	-0.17656	1.16301e-10	
-5.82	-0.173102	2.14299e-12	-0.177206	1.29617e-10	-0.173102	2.14299e-12	-0.177206	1.29617e-10	
-5.8	-0.173708	1.92291e-12	-0.177857	1.4365e-10	-0.173708	1.92291e-12	-0.177857	1.4365e-10	
-5.78	-0.174318	1.68959e-12	-0.178513	1.58427e-10	-0.174318	1.68959e-12	-0.178513	1.58427e-10	
-5.76	-0.174933	1.44254e-12	-0.179174	1.73976e-10	-0.174933	1.44254e-12	-0.179174	1.73976e-10	
-5.74	-0.175552	1.18119e-12	-0.17984	1.90323e-10	-0.175552	1.18119e-12	-0.17984	1.90323e-10	
-5.72	-0.176175	9.04997e-13	-0.180511	2.075e-10	-0.176175	9.04997e-13	-0.180511	2.075e-10	
-5.7	-0.176803	6.13423e-13	-0.181187	2.25532e-10	-0.176803	6.13423e-13	-0.181187	2.25532e-10	
-5.68	-0.177436	3.05916e-13	-0.181868	2.44451e-10	-0.177436	3.05916e-13	-0.181868	2.44451e-10	
-5.66	-0.178073	-1.81892e-14	-0.182555	2.64285e-10	-0.178073	-1.81892e-14	-0.182555	2.64285e-10	
-5.64	-0.178714	-3.59474e-13	-0.183247	2.85063e-10	-0.178714	-3.59474e-13	-0.183247	2.85063e-10	
-5.62	-0.17936	-7.18536e-13	-0.183945	3.06814e-10	-0.17936	-7.18536e-13	-0.183945	3.06814e-10	
-5.6	-0.180011	-1.09604e-12	-0.184648	3.29569e-10	-0.180011	-1.09604e-12	-0.184648	3.29569e-10	
-5.58	-0.180667	-1.49261e-12	-0.185357	3.53355e-10	-0.180667	-1.49261e-12	-0.185357	3.53355e-10	
-5.56	-0.181328	-1.90894e-12	-0.186071	3.78202e-10	-0.181328	-1.90894e-12	-0.186071	3.78202e-10	
-5.54	-0.181993	-2.34573e-12	-0.186791	4.04136e-10	-0.181993	-2.34573e-12	-0.186791	4.04136e-10	
-5.52	-0.182664	-2.80363e-12	-0.187517	4.31187e-10	-0.182664	-2.80363e-12	-0.187517	4.31187e-10	
-5.5	-0.183339	-3.2834e-12	-0.188249	4.59379e-10	-0.183339	-3.2834e-12	-0.188249	4.59379e-10	
-5.48	-0.18402	-3.78573e-12	-0.188987	4.88738e-10	-0.18402	-3.78573e-12	-0.188987	4.88738e-10	
-5.46	-0.184705	-4.31139e-12	-0.189731	5.19289e-10	-0.184705	-4.31139e-12	-0.189731	5.19289e-10	
-5.44	-0.185396	-4.8611e-12	-0.190481	5.51053e-10	-0.185396	-4.8611e-12	-0.190481	5.51053e-10	
-5.42	-0.186092	-5.43566e-12	-0.191237	5.84051e-10	-0.186092	-5.43566e-12	-0.191237	5.84051e-10	
-5.4	-0.186793	-6.0358e-12	-0.191999	6.183e-10	-0.186793	-6.0358e-12	-0.191999	6.183e-10	
-5.38	-0.1875	-6.66236e-12	-0.192768	6.53818e-10	-0.1875	-6.66236e-12	-0.192768	6.53818e-10	
-5.36	-0.188212	-7.31607e-12	-0.193543	6.90616e-10	-0.188212	-7.31607e-12	-0.193543	6.90616e-10	
-5.34	-0.18893	-7.9978e-12	-0.194324	7.28704e-10	-0.18893	-7.9978e-12	-0.194324	7.28704e-10	
-5.32	-0.189653	-8.70833e-12	-0.195112	7.68087e-10	-0.189653	-8.70833e-12	-0.195112	7.68087e-10	
-5.3	-0.190381	-9.44844e-12	-0.195907	8.08768e-10	-0.190381	-9.44844e-12	-0.195907	8.08768e-10	
-5.28	-0.191116	-1.0219e-11	-0.196709	8.50742e-10	-0.191116	-1.0219e-11	-0.196709	8.50742e-10	
-5.26	-0.191856	-1.10208e-11	-0.197517	8.94e-10	-0.191856	-1.10208e-11	-0.197517	8.94e-10	
-5.24	-0.192602	-1.18547e-11	-0.198333	9.38528e-10	-0.192602	-1.18547e-11	-0.198333	9.38528e-10	
-5.22	-0.193354	-1.27214e-11	-0.199155	9.84305e-10	-0.193354	-1.27214e-11	-0.199155	9.84305e-10	
-5.2	-0.194111	-1.36218e-11	-0.199985	1.0313e-09	-0.194111	-1.36218e-11	-0.199985	1.0313e-09	
-5.18	-0.194875	-1.45568e-11	-0.200821	1.07948e-09	-0.194875	-1.45568e-11	-0.200821	1.07948e-09	
-5.16	-0.195645	-1.5527e-11	-0.201665	1.12879e-09	-0.195645	-1.5527e-11	-0.201665	1.12879e-09	
-5.14	-0.196421	-1.65333e-11	-0.202517	1.17918e-09	-0.196421	-1.65333e-11	-0.202517	1.17918e-09	
-5.12	-0.197203	-1.75763e-11	-0.203376	1.23058e-09	-0.197203	-1.75763e-11	-0.203376	1.23058e-09	
-5.1	-0.197992	-1.8657e-11	-0.204243	1.28291e-09	-0.197992	-1.8657e-11	-0.204243	1.28291e-09	
-5.08	-0.198787	-1.97759e-11	-0.205117	1.33608e-09	-0.198787	-1.97759e-11	-0.205117	1.33608e-09	
-5.06	-0.199588	-2.09338e-11	-0.206	1.38998e-09	-0.199588	-2.09338e-11	-0.206	1.38998e-09	
-5.04	-0.200396	-2.21312e-11	-0.20689	1.44448e-09	-0.200396	-2.21312e-11	-0.20689	1.44448e-09	
-5.02	-0.201211	-2.33689e-11	-0.207788	1.49944e-09	-0.201211	-2.33689e-11	-0.207788	1.49944e-09	
-5	-0.202032	-2.46472e-11	-0.208695	1.55469e-09	-0.202032	-2.46472e-11	-0.208695	1.55469e-09	
-4.98	-0.20286	-2.59668e-11	-0.20961	1.61007e-09	-0.20286	-2.59668e-11	-0.20961	1.61007e-09	
-4.96	-0.203695	-2.73281e-11	-0.210533	1.66535e-09	-0.203695	-2.73281e-11	-0.210533	1.66535e-09	
-4.94	-0.204537	-2.87313e-11	-0.211465	1.7203e-09	-0.204537	-2.87313e-11	-0.211465	1.7203e-09	
-4.92	-0.205386	-3.01768e-11	-0.212405	1.77468e-09	-0.205386	-3.01768e-11	-0.212405	1.77468e-09	
-4.9	-0.206243	-3.16649e-11	-0.213355	1.82818e-09	-0.206243	-3.16649e-11	-0.213355	1.82818e-09	
-4.88	-0.207106	-3.31955e-11	-0.214313	1.8805e-09	-0.207106	-3.31955e-11	-0.214313	1.8805e-09	
-4.86	-0.207977	-3.47687e-11	-0.21528	1.93126e-09	-0.207977	-3.47687e-11	-0.21528	1.93126e-09	
-4.84	-0.208855	-3.63843e-11	-0.216257	1.98008e-09	-0.208855	-3.63843e-11	-0.216257	1.98008e-09	
-4.82	-0.209741	-3.8042e-11	-0.217243	2.02653e-09	-0.209741	-3.8042e-11	-0.217243	2.02653e-09	
-4.8	-0.210635	-3.97415e-11	-0.218238	2.07012e-09	-0.210635	-3.97415e-11	-0.218238	2.07012e-09	
-4.78	-0.211536	-4.14822e-11	-0.219243	2.11033e-09	-0.211536	-4.14822e-11	-0.219243	2.11033e-09	
-4.76	-0.212445	-4.32632e-11	-0.220258	2.14658e-09	-0.212445	-4.32632e-11	-0.220258	2.14658e-09	
-4.74	-0.213362	-4.50837e-11	-0.221282	2.17823e-09	-0.213362	-4.50837e-11	-0.221282	2.17823e-09	
-4.72	-0.214287	-4.69425e-11	-0.222317	2.2046e-09	-0.214287	-4.69425e-11	-0.222317	2.2046e-09	
-4.7	-0.21522	-4.88381e-11	-0.223362	2.22493e-09	-0.21522	-4.88381e-11	-0.223362	2.22493e-09	
-4.68	-0.216161	-5.0769e-11	-0.224418	2.23839e-09	-0.216161	-5.0769e-11	-0.224418	2.23839e-09	
-4.66	-0.217111	-5.27332e-11	-0.225483	2.24408e-09	-0.217111	-5.27332e-11	-0.225483	2.24408e-09	
-4.64	-0.218069	-5.47284e-11	-0.22656	2.24103e-09	-0.218069	-5.47284e-11	-0.22656	2.24103e-09	
-4.62	-0.219036	-5.67522e-11	-0.227648	2.22818e-09	-0.219036	-5.67522e-11	-0.227648	2.22818e-09	
-4.6	-0.220011	-5.88016e-11	-0.228746	2.20437e-09	-0.220011	-5.88016e-11	-0.228746	2.20437e-09	
-4.58	-0.220996	-6.08734e-11	-0.229856	2.16837e-09	-0.220996	-6.08734e-11	-0.229856	2.16837e-09	
-4.56	-0.221989	-6.29638e-11	-0.230977	2.11882e-09	-0.221989	-6.29638e-11	-0.230977	2.11882e-09	
-4.54	-0.222992	-6.50687e-11	-0.23211	2.05426e-09	-0.222992	-6.50687e-11	-0.23211	2.05426e-09	
-4.52	-0.224003	-6.71835e-11	-0.233255	1.97314e-09	-0.224003	-6.71835e-11	-0.233255	1.97314e-09	
-4.5	-0.225024	-6.9303e-11	-0.234412	1.87376e-09	-0.225024	-6.9303e-11	-0.234412	1.87376e-09	
-4.48	-0.226055	-7.14217e-11	-0.235581	1.75431e-09	-0.226055	-7.14217e-11	-0.235581	1.75431e-09	
-4.46	-0.227095	-7.35331e-11	-0.236762	1.61283e-09	-0.227095	-7.35331e-11	-0.236762	1.61283e-09	
-4.44	-0.228144	-7.56304e-11	-0.237956	1.44724e-09	-0.228144	-7.56304e-11	-0.237956	1.44724e-09	
-4.42	-0.229204	-7.77058e-11	-0.239163	1.25528e-09	-0.229204	-7.77058e-11	-0.239163	1.25528e-09	
-4.4	-0.230274	-7.97511e-11	-0.240383	1.03458e-09	-0.230274	-7.97511e-11	-0.240383	1.03458e-09	
-4.38	-0.231354	-8.17571e-11	-0.241616	7.82565e-10	-0.231354	-8.17571e-11	-0.241616	7.82565e-10	
-4.36	-0.232444	-8.37138e-11	-0.242863	4.96527e-10	-0.232444	-8.37138e-11	-0.242863	4.96527e-10	
-4.34	-0.233545	-8.56101e-11	-0.244123	1.73568e-10	-0.233545	-8.56101e-11	-0.244123	1.73568e-10	
-4.32	-0.234656	-8.74343e-11	-0.245397	-1.89384e-10	-0.234656	-8.74343e-11	-0.245397	-1.89384e-10	
-4.3	-0.235778	-8.91734e-11	-0.246686	-5.95579e-10	-0.235778	-8.91734e-11	-0.246686	-5.95579e-10	
-4.28	-0.236911	-9.08133e-11	-0.247989	-1.04846e-09	-0.236911	-9.08133e-11	-0.247989	-1.04846e-09	
-4.26	-0.238055	-9.23389e-11	-0.249307	-1.55163e-09	-0.238055	-9.23389e-11	-0.249307	-1.55163e-09	
-4.24	-0.23921	-9.37335e-11	-0.25064	-2.10892e-09	-0.23921	-9.37335e-11	-0.25064	-2.10892e-09	
-4.22	-0.240377	-9.49794e-11	-0.251988	-2.72431e-09	-0.240377	-9.49794e-11	-0.251988	-2.72431e-09	
-4.2	-0.241555	-9.60573e-11	-0.253352	-3.40197e-09	-0.241555	-9.60573e-11	-0.253352	-3.40197e-09	
-4.18	-0.242745	-9.69465e-11	-0.254732	-4.14625e-09	-0.242745	-9.69465e-11	-0.254732	-4.14625e-09	
-4.16	-0.243948	-9.76247e-11	-0.256128	-4.96164e-09	-0.243948	-9.76247e-11	-0.256128	-4.96164e-09	
-4.14	-0.245162	-9.80678e-11	-0.25754	-5.8528e-09	-0.245162	-9.80678e-11	-0.25754	-5.8528e-09	
-4.12	-0.246388	-9.82499e-11	-0.258969	-6.8245e-09	-0.246388	-9.82499e-11	-0.258969	-6.8245e-09	
-4.1	-0.247628	-9.81434e-11	-0.260415	-7.88163e-09	-0.247628	-9.81434e-11	-0.260415	-7.88163e-09	
-4.08	-0.248879	-9.77185e-11	-0.261879	-9.02913e-09	-0.248879	-9.77185e-11	-0.261879	-9.02913e-09	
-4.06	-0.250144	-9.69436e-11	-0.26336	-1.0272e-08	-0.250144	-9.69436e-11	-0.26336	-1.0272e-08	
-4.04	-0.251422	-9.57845e-11	-0.26486	-1.16152e-08	-0.251422	-9.57845e-11	-0.26486	-1.16152e-08	
-4.02	-0.252713	-9.42051e-11	-0.266378	-1.30635e-08	-0.252713	-9.42051e-11	-0.266378	-1.30635e-08	
-4	-0.254018	-9.21666e-11	-0.267915	-1.46219e-08	-0.254018	-9.21666e-11	-0.267915	-1.46219e-08	
-3.98	-0.255337	-8.96278e-11	-0.269471	-1.62947e-08	-0.255337	-8.96278e-11	-0.269471	-1.62947e-08	
-3.96	-0.256669	-8.65448e-11	-0.271047	-1.80861e-08	-0.256669	-8.65448e-11	-0.271047	-1.80861e-08	
-3.94	-0.258016	-8.28711e-11	-0.272642	-2e-08	-0.258016	-8.28711e-11	-0.272642	-2e-08	
-3.92	-0.259377	-7.85573e-11	-0.274259	-2.20396e-08	-0.259377	-7.85573e-11	-0.274259	-2.20396e-08	
-3.9	-0.260753	-7.35511e-11	-0.275896	-2.42071e-08	-0.260753	-7.35511e-11	-0.275896	-2.42071e-08	
-3.88	-0.262144	-6.7797e-11	-0.277554	-2.65043e-08	-0.262144	-6.7797e-11	-0.277554	-2.65043e-08	
-3.86	-0.26355	-6.12365e-11	-0.279234	-2.89315e-08	-0.26355	-6.12365e-11	-0.279234	-2.89315e-08	
-3.84	-0.264971	-5.38082e-11	-0.280936	-3.14877e-08	-0.264971	-5.38082e-11	-0.280936	-3.14877e-08	
-3.82	-0.266409	-4.54469e-11	-0.282661	-3.41702e-08	-0.266409	-4.54469e-11	-0.282661	-3.41702e-08	
-3.8	-0.267862	-3.60846e-11	-0.28441	-3.69746e-08	-0.267862	-3.60846e-11	-0.28441	-3.69746e-08	
-3.78	-0.269331	-2.56498e-11	-0.286182	-3.98938e-08	-0.269331	-2.56498e-11	-0.286182	-3.98938e-08	
-3.76	-0.270817	-1.40675e-11	-0.287978	-4.29181e-08	-0.270817	-1.40675e-11	-0.287978	-4.29181e-08	
-3.74	-0.272319	-1.25969e-12	-0.289799	-4.60345e-08	-0.272319	-1.25969e-12	-0.289799	-4.60345e-08	
-3.72	-0.273839	1.28551e-11	-0.291645	-4.92261e-08	-0.273839	1.28551e-11	-0.291645	-4.92261e-08	
-3.7	-0.275376	2.83613e-11	-0.293517	-5.24718e-08	-0.275376	2.83613e-11	-0.293517	-5.24718e-08	
-3.68	-0.276931	4.53467e-11	-0.295416	-5.5745e-08	-0.276931	4.53467e-11	-0.295416	-5.5745e-08	
-3.66	-0.278504	6.39017e-11	-0.297341	-5.90136e-08	-0.278504	6.39017e-11	-0.297341	-5.90136e-08	
-3.64	-0.280095	8.41193e-11	-0.299295	-6.22383e-08	-0.280095	8.41193e-11	-0.299295	-6.22383e-08	
-3.62	-0.281705	1.06095e-10	-0.301277	-6.53722e-08	-0.281705	1.06095e-10	-0.301277	-6.53722e-08	
-3.6	-0.283334	1.29926e-10	-0.303288	-6.83593e-08	-0.283334	1.29926e-10	-0.303288	-6.83593e-08	
-3.58	-0.284982	1.55712e-10	-0.305329	-7.11337e-08	-0.284982	1.55712e-10	-0.305329	-7.11337e-08	
-3.56	-0.28665	1.83553e-10	-0.3074	-7.36177e-08	-0.28665	1.83553e-10	-0.3074	-7.36177e-08	
-3.54	-0.288337	2.13548e-10	-0.309503	-7.57205e-08	-0.288337	2.13548e-10	-0.309503	-7.57205e-08	
-3.52	-0.290046	2.45797e-10	-0.311637	-7.73368e-08	-0.290046	2.45797e-10	-0.311637	-7.73368e-08	
-3.5	-0.291775	2.804e-10	-0.313805	-7.83444e-08	-0.291775	2.804e-10	-0.313805	-7.83444e-08	
-3.48	-0.293525	3.17452e-10	-0.316006	-7.86026e-08	-0.293525	3.17452e-10	-0.316006	-7.86026e-08	
-3.46	-0.295297	3.57045e-10	-0.318242	-7.79501e-08	-0.295297	3.57045e-10	-0.318242	-7.79501e-08	
-3.44	-0.297091	3.99268e-10	-0.320514	-7.62023e-08	-0.297091	3.99268e-10	-0.320514	-7.62023e-08	
-3.42	-0.298907	4.44201e-10	-0.322821	-7.3149e-08	-0.298907	4.44201e-10	-0.322821	-7.3149e-08	
-3.4	-0.300746	4.91916e-10	-0.325167	-6.85518e-08	-0.300746	4.91916e-10	-0.325167	-6.85518e-08	
-3.38	-0.302609	5.42474e-10	-0.327551	-6.21413e-08	-0.302609	5.42474e-10	-0.327551	-6.21413e-08	
-3.36	-0.304495	5.95926e-10	-0.329974	-5.36143e-08	-0.304495	5.95926e-10	-0.329974	-5.36143e-08	
-3.34	-0.306406	6.52302e-10	-0.332438	-4.2631e-08	-0.306406	6.52302e-10	-0.332438	-4.2631e-08	
-3.32	-0.308341	7.11617e-10	-0.334943	-2.8812e-08	-0.308341	7.11617e-10	-0.334943	-2.8812e-08	
-3.3	-0.310301	7.73862e-10	-0.337492	-1.17357e-08	-0.310301	7.73862e-10	-0.337492	-1.17357e-08	
-3.28	-0.312287	8.39003e-10	-0.340085	9.06367e-09	-0.312287	8.39003e-10	-0.340085	9.06367e-09	
-3.26	-0.3143	9.06973e-10	-0.342723	3.40984e-08	-0.3143	9.06973e-10	-0.342723	3.40984e-08	
-3.24	-0.316339	9.77672e-10	-0.345408	6.39283e-08	-0.316339	9.77672e-10	-0.345408	6.39283e-08	
-3.22	-0.318405	1.05096e-09	-0.348141	9.91608e-08	-0.318405	1.05096e-09	-0.348141	9.91608e-08	
-3.2	-0.3205	1.12664e-09	-0.350924	1.4045e-07	-0.3205	1.12664e-09	-0.350924	1.4045e-07	
-3.18	-0.322622	1.20447e-09	-0.353759	1.88493e-07	-0.322622	1.20447e-09	-0.353759	1.88493e-07	
-3.16	-0.324774	1.28415e-09	-0.356646	2.44025e-07	-0.324774	1.28415e-09	-0.356646	2.44025e-07	
-3.14	-0.326956	1.3653e-09	-0.359587	3.07811e-07	-0.326956	1.3653e-09	-0.359587	3.07811e-07	
-3.12	-0.329168	1.44747e-09	-0.362586	3.80633e-07	-0.329168	1.44747e-09	-0.362586	3.80633e-07	
-3.1	-0.331411	1.53012e-09	-0.365642	4.6327e-07	-0.331411	1.53012e-09	-0.365642	4.6327e-07	
-3.08	-0.333685	1.6126e-09	-0.368758	5.56477e-07	-0.333685	1.6126e-09	-0.368758	5.56477e-07	
-3.06	-0.335992	1.69416e-09	-0.371937	6.60949e-07	-0.335992	1.69416e-09	-0.371937	6.60949e-07	
-3.04	-0.338332	1.77392e-09	-0.37518	7.77278e-07	-0.338332	1.77392e-09	-0.37518	7.77278e-07	
-3.02	-0.340706	1.85087e-09	-0.378489	9.059e-07	-0.340706	1.85087e-09	-0.378489	9.059e-07	
-3	-0.343114	1.92383e-09	-0.381868	1.04702e-06	-0.343114	1.92383e-09	-0.381868	1.04702e-06	
-2.98	-0.345558	1.99146e-09	-0.385317	1.20052e-06	-0.345558	1.99146e-09	-0.385317	1.20052e-06	
-2.96	-0.348038	2.05224e-09	-0.388842	1.36584e-06	-0.348038	2.05224e-09	-0.388842	1.36584e-06	
-2.94	-0.350554	2.10442e-09	-0.392442	1.54185e-06	-0.350554	2.10442e-09	-0.392442	1.54185e-06	
-2.92	-0.353109	2.14606e-09	-0.396123	1.72665e-06	-0.353109	2.14606e-09	-0.396123	1.72665e-06	
-2.9	-0.355702	2.17493e-09	-0.399887	1.91736e-06	-0.355702	2.17493e-09	-0.399887	1.91736e-06	
-2.88	-0.358335	2.18857e-09	-0.403737	2.10984e-06	-0.358335	2.18857e-09	-0.403737	2.10984e-06	
-2.86	-0.361009	2.1842e-09	-0.407677	2.29838e-06	-0.361009	2.1842e-09	-0.407677	2.29838e-06	
-2.84	-0.363724	2.15875e-09	-0.41171	2.47528e-06	-0.363724	2.15875e-09	-0.41171	2.47528e-06	
-2.82	-0.366482	2.10879e-09	-0.415841	2.63038e-06	-0.366482	2.10879e-09	-0.415841	2.63038e-06	
-2.8	-0.369283	2.03055e-09	-0.420074	2.75049e-06	-0.369283	2.03055e-09	-0.420074	2.75049e-06	
-2.78	-0.372129	1.91986e-09	-0.424413	2.81875e-06	-0.372129	1.91986e-09	-0.424413	2.81875e-06	
-2.76	-0.375021	1.77214e-09	-0.428863	2.81379e-06	-0.375021	1.77214e-09	-0.428863	2.81379e-06	
-2.74	-0.37796	1.5824e-09	-0.433429	2.70892e-06	-0.37796	1.5824e-09	-0.433429	2.70892e-06	
-2.72	-0.380947	1.3452e-09	-0.438116	2.47103e-06	-0.380947	1.3452e-09	-0.438116	2.47103e-06	
-2.7	-0.383984	1.05462e-09	-0.442931	2.05958e-06	-0.383984	1.05462e-09	-0.442931	2.05958e-06	
-2.68	-0.387071	7.0431e-10	-0.44788	1.42535e-06	-0.387071	7.0431e-10	-0.44788	1.42535e-06	
-2.66	-0.39021	2.87426e-10	-0.45297	5.09282e-07	-0.39021	2.87426e-10	-0.45297	5.09282e-07	
-2.64	-0.393402	-2.03333e-10	-0.458208	-7.58665e-07	-0.393402	-2.03333e-10	-0.458208	-7.58665e-07	
-2.62	-0.39665	-7.75711e-10	-0.463602	-2.46038e-06	-0.39665	-7.75711e-10	-0.463602	-2.46038e-06	
-2.6	-0.399954	-1.43787e-09	-0.469161	-4.69001e-06	-0.399954	-1.43787e-09	-0.469161	-4.69001e-06	
-2.58	-0.403315	-2.19832e-09	-0.474893	-7.55358e-06	-0.403315	-2.19832e-09	-0.474893	-7.55358e-06	
-2.56	-0.406736	-3.0659e-09	-0.480809	-1.11671e-05	-0.406736	-3.0659e-09	-0.480809	-1.11671e-05	
-2.54	-0.410218	-4.04962e-09	-0.486921	-1.56528e-05	-0.410218	-4.04962e-09	-0.486921	-1.56528e-05	
-2.52	-0.413763	-5.15857e-09	-0.49324	-2.11315e-05	-0.413763	-5.15857e-09	-0.49324	-2.11315e-05	
-2.5	-0.417372	-6.40177e-09	-0.499779	-2.77105e-05	-0.417372	-6.40177e-09	-0.499779	-2.77105e-05	
-2.48	-0.421048	-7.78792e-09	-0.506553	-3.54644e-05	-0.421048	-7.78792e-09	-0.506553	-3.54644e-05	
-2.46	-0.424793	-9.32517e-09	-0.513578	-4.44042e-05	-0.424793	-9.32517e-09	-0.513578	-4.44042e-05	
-2.44	-0.428608	-1.10208e-08	-0.520872	-5.44328e-05	-0.428608	-1.10208e-08	-0.520872	-5.44328e-05	
-2.42	-0.432495	-1.28807e-08	-0.528455	-6.52782e-05	-0.432495	-1.28807e-08	-0.528455	-6.52782e-05	
-2.4	-0.436457	-1.49092e-08	-0.536347	-7.63975e-05	-0.436457	-1.49092e-08	-0.536347	-7.63975e-05	
-2.38	-0.440496	-1.7108e-08	-0.544576	-8.68401e-05	-0.440496	-1.7108e-08	-0.544576	-8.68401e-05	
-2.36	-0.444614	-1.94759e-08	-0.553168	-9.5057e-05	-0.444614	-1.94759e-08	-0.553168	-9.5057e-05	
-2.34	-0.448815	-2.20077e-08	-0.562156	-9.8638e-05	-0.448815	-2.20077e-08	-0.562156	-9.8638e-05	
-2.32	-0.453099	-2.46931e-08	-0.571578	-9.39596e-05	-0.453099	-2.46931e-08	-0.571578	-9.39596e-05	
-2.3	-0.457471	-2.75158e-08	-0.581478	-7.57265e-05	-0.457471	-2.75158e-08	-0.581478	-7.57265e-05	
-2.28	-0.461933	-3.04518e-08	-0.591911	-3.64038e-05	-0.461933	-3.04518e-08	-0.591911	-3.64038e-05	
-2.26	-0.466488	-3.34676e-08	-0.602941	3.44303e-05	-0.466488	-3.34676e-08	-0.602941	3.44303e-05	
-2.24	-0.471139	-3.65188e-08	-0.61465	0.000150697	-0.471139	-3.65188e-08	-0.61465	0.000150697	
-2.22	-0.475889	-3.95472e-08	-0.627146	0.000330101	-0.475889	-3.95472e-08	-0.627146	0.000330101	
-2.2	-0.480741	-4.24784e-08	-0.640567	0.000593389	-0.480741	-4.24784e-08	-0.640567	0.000593389	
-2.18	-0.4857	-4.52189e-08	-0.655105	0.000961077	-0.4857	-4.52189e-08	-0.655105	0.000961077	
-2.16	-0.490769	-4.76524e-08	-0.671025	0.0014444	-0.490769	-4.76524e-08	-0.671025	0.0014444	
-2.14	-0.495952	-4.96359e-08	-0.6887	0.00202381	-0.495952	-4.96359e-08	-0.6887	0.00202381	
-2.12	-0.501253	-5.09955e-08	-0.708662	0.00260125	-0.501253	-5.09955e-08	-0.708662	0.00260125	
-2.1	-0.506677	-5.15213e-08	-0.731661	0.00289995	-0.506677	-5.15213e-08	-0.731661	0.00289995	
-2.08	-0.512227	-5.09619e-08	-0.758705	0.00226494	-0.512227	-5.09619e-08	-0.758705	0.00226494	
-2.06	-0.517909	-4.90186e-08	-0.790993	-0.000698184	-0.517909	-4.90186e-08	-0.790993	-0.000698184	
-2.04	-0.523728	-4.53391e-08	-0.829499	-0.00865535	-0.523728	-4.53391e-08	-0.829499	-0.00865535	
-2.02	-0.529689	-3.95109e-08	-0.873773	-0.0259289	-0.529689	-3.95109e-08	-0.873773	-0.0259289	
-2	-0.535798	-3.10547e-08	-0.919855	-0.0575839	-0.535798	-3.10547e-08	-0.919855	-0.0575839	
-1.98	-0.542061	-1.94181e-08	-0.959158	-0.105707	-0.542061	-1.94181e-08	-0.959158	-0.105707	
-1.96	-0.548484	-3.97004e-09	-0.982311	-0.164915	-0.548484	-3.97004e-09	-0.982311	-0.164915	
-1.94	-0.555074	1.60034e-08	-0.986621	-0.224174	-0.555074	1.60034e-08	-0.986621	-0.224174	
-1.92	-0.561838	4.13005e-08	-0.977521	-0.274904	-0.561838	4.13005e-08	-0.977521	-0.274904	
-1.9	-0.568783	7.28021e-08	-0.96261	-0.315085	-0.568783	7.28021e-08	-0.96261	-0.315085	
-1.88	-0.575918	1.11464e-07	-0.946941	-0.346818	-0.575918	1.11464e-07	-0.946941	-0.346818	
-1.86	-0.583251	1.583e-07	-0.932606	-0.373003	-0.583251	1.583e-07	-0.932606	-0.373003	
-1.84	-0.590791	2.14357e-07	-0.919977	-0.395874	-0.590791	2.14357e-07	-0.919977	-0.395874	
-1.82	-0.598549	2.80668e-07	-0.908749	-0.416816	-0.598549	2.80668e-07	-0.908749	-0.416816	
-1.8	-0.606533	3.58193e-07	-0.898464	-0.436585	-0.606533	3.58193e-07	-0.898464	-0.436585	
-1.78	-0.614756	4.47717e-07	-0.88872	-0.455555	-0.614756	4.47717e-07	-0.88872	-0.455555	
-1.76	-0.623229	5.4972e-07	-0.879223	-0.473885	-0.623229	5.4972e-07	-0.879223	-0.473885	
-1.74	-0.631965	6.64191e-07	-0.869782	-0.491628	-0.631965	6.64191e-07	-0.869782	-0.491628	
-1.72	-0.640979	7.90364e-07	-0.860289	-0.508791	-0.640979	7.90364e-07	-0.860289	-0.508791	
-1.7	-0.650283	9.26378e-07	-0.850693	-0.525367	-0.650283	9.26378e-07	-0.850693	-0.525367	
-1.68	-0.659896	1.0688e-06	-0.84098	-0.541351	-0.659896	1.0688e-06	-0.84098	-0.541351	
-1.66	-0.669833	1.21201e-06	-0.831159	-0.556747	-0.669833	1.21201e-06	-0.831159	-0.556747	
-1.64	-0.680114	1.3474e-06	-0.821248	-0.571567	-0.680114	1.3474e-06	-0.821248	-0.571567	
-1.62	-0.690758	1.46228e-06	-0.81127	-0.585833	-0.690758	1.46228e-06	-0.81127	-0.585833	
-1.6	-0.701789	1.53857e-06	-0.801246	-0.59957	-0.701789	1.53857e-06	-0.801246	-0.59957	
-1.58	-0.71323	1.55105e-06	-0.791194	-0.612809	-0.71323	1.55105e-06	-0.791194	-0.612809	
-1.56	-0.725107	1.46526e-06	-0.781129	-0.625581	-0.725107	1.46526e-06	-0.781129	-0.625581	
-1.54	-0.73745	1.23488e-06	-0.771061	-0.637915	-0.73745	1.23488e-06	-0.771061	-0.637915	
-1.52	-0.75029	7.98652e-07	-0.760996	-0.649842	-0.75029	7.98652e-07	-0.760996	-0.649842	
-1.5	-0.763663	7.69739e-08	-0.750939	-0.661386	-0.763663	7.69739e-08	-0.750939	-0.661386	
-1.48	-0.777608	-1.03177e-06	-0.740891	-0.672573	-0.777608	-1.03177e-06	-0.740891	-0.672573	
-1.46	-0.792168	-2.65447e-06	-0.730853	-0.683424	-0.792168	-2.65447e-06	-0.730853	-0.683424	
-1.44	-0.807391	-4.94521e-06	-0.720824	-0.693958	-0.807391	-4.94521e-06	-0.720824	-0.693958	
-1.42	-0.823332	-8.08399e-06	-0.710802	-0.704191	-0.823332	-8.08399e-06	-0.710802	-0.704191	
-1.4	-0.840051	-1.22689e-05	-0.700787	-0.714139	-0.840051	-1.22689e-05	-0.700787	-0.714139	
-1.38	-0.857619	-1.76964e-05	-0.690776	-0.723813	-0.857619	-1.76964e-05	-0.690776	-0.723813	
-1.36	-0.876113	-2.45192e-05	-0.680767	-0.733225	-0.876113	-2.45192e-05	-0.680767	-0.733225	
-1.34	-0.895624	-3.27675e-05	-0.670761	-0.742385	-0.895624	-3.27675e-05	-0.670761	-0.742385	
-1.32	-0.916256	-4.22056e-05	-0.660756	-0.751303	-0.916256	-4.22056e-05	-0.660756	-0.751303	
-1.3	-0.93813	-5.20826e-05	-0.65075	-0.759987	-0.93813	-5.20826e-05	-0.65075	-0.759987	
-1.28	-0.961388	-6.0711e-05	-0.640744	-0.768444	-0.961388	-6.0711e-05	-0.640744	-0.768444	
-1.26	-0.9862	-6.47682e-05	-0.630738	-0.776681	-0.9862	-6.47682e-05	-0.630738	-0.776681	
-1.24	-1.01277	-5.81713e-05	-0.62073	-0.784705	-1.01277	-5.81713e-05	-0.62073	-0.784705	
-1.22	-1.04135	-3.03208e-05	-0.610722	-0.792522	-1.04135	-3.03208e-05	-0.610722	-0.792522	
-1.2	-1.07224	3.65048e-05	-0.600713	-0.800138	-1.07224	3.65048e-05	-0.600713	-0.800138	
-1.18	-1.10586	0.000170656	-0.590704	-0.807558	-1.10586	0.000170656	-0.590704	-0.807558	
-1.16	-1.14275	0.000414792	-0.580693	-0.814787	-1.14275	0.000414792	-0.580693	-0.814787	
-1.14	-1.18365	0.000826307	-0.570683	-0.821831	-1.18365	0.000826307	-0.570683	-0.821831	
-1.12	-1.22968	0.00146255	-0.560672	-0.828693	-1.22968	0.00146255	-0.560672	-0.828693	
-1.1	-1.28253	0.00231283	-0.55066	-0.835379	-1.28253	0.00231283	-0.55066	-0.835379	
-1.08	-1.34496	0.00305965	-0.540649	-0.841893	-1.34496	0.00305965	-0.540649	-0.841893	
-1.06	-1.42161	0.00231276	-0.530638	-0.848238	-1.42161	0.00231276	-0.530638	-0.848238	
-1.04	-1.51994	-0.00471007	-0.520626	-0.854419	-1.51994	-0.00471007	-0.520626	-0.854419	
-1.02	-1.64952	-0.0323847	-0.510615	-0.860439	-1.64952	-0.0323847	-0.510615	-0.860439	
-1	-1.8094	-0.114949	-0.500604	-0.866301	-1.8094	-0.114949	-0.500604	-0.866301	
-0.98	-1.94988	-0.292224	-0.490593	-0.872009	-1.94988	-0.292224	-0.490593	-0.872009	
-0.96	-1.9834	-0.523283	-0.480582	-0.877565	-1.9834	-0.523283	-0.480582	-0.877565	
-0.94	-1.92247	-0.70237	-0.470571	-0.882973	-1.92247	-0.70237	-0.470571	-0.882973	
-0.92	-1.8477	-0.811415	-0.46056	-0.888235	-1.8477	-0.811415	-0.46056	-0.888235	
-0.9	-1.79082	-0.886648	-0.45055	-0.893354	-1.79082	-0.886648	-0.45055	-0.893354	
-0.88	-1.7487	-0.951918	-0.440539	-0.898333	-1.7487	-0.951918	-0.440539	-0.898333	
-0.86	-1.71308	-1.01527	-0.430528	-0.903173	-1.71308	-1.01527	-0.430528	-0.903173	
-0.84	-1.67849	-1.07775	-0.420518	-0.907876	-1.67849	-1.07775	-0.420518	-0.907876	
-0.82	-1.64251	-1.13835	-0.410507	-0.912446	-1.64251	-1.13835	-0.410507	-0.912446	
-0.8	-1.60455	-1.19589	-0.400497	-0.916884	-1.60455	-1.19589	-0.400497	-0.916884	
-0.78	-1.56498	-1.24969	-0.390486	-0.921192	-1.56498	-1.24969	-0.390486	-0.921192	
-0.76	-1.52444	-1.29962	-0.380475	-0.925371	-1.52444	-1.29962	-0.380475	-0.925371	
-0.74	-1.48351	-1.3459	-0.370465	-0.929424	-1.48351	-1.3459	-0.370465	-0.929424	
-0.72	-1.44259	-1.38894	-0.360454	-0.933352	-1.44259	-1.38894	-0.360454	-0.933352	
-0.7	-1.4019	-1.4292	-0.350444	-0.937156	-1.4019	-1.4292	-0.350444	-0.937156	
-0.68	-1.36149	-1.46708	-0.340433	-0.940839	-1.36149	-1.46708	-0.340433	-0.940839	
-0.66	-1.32132	-1.5029	-0.330423	-0.944401	-1.32132	-1.5029	-0.330423	-0.944401	
-0.64	-1.28131	-1.53691	-0.320412	-0.947844	-1.28131	-1.53691	-0.320412	-0.947844	
-0.62	-1.2414	-1.56925	-0.310401	-0.951169	-1.2414	-1.56925	-0.310401	-0.951169	
-0.6	-1.20151	-1.60004	-0.300391	-0.954378	-1.20151	-1.60004	-0.300391	-0.954378	
-0.58	-1.1616	-1.62934	-0.29038	-0.957471	-1.1616	-1.62934	-0.29038	-0.957471	
-0.56	-1.12165	-1.6572	-0.28037	-0.96045	-1.12165	-1.6572	-0.28037	-0.96045	
-0.54	-1.08166	-1.68368	-0.270359	-0.963315	-1.08166	-1.68368	-0.270359	-0.963315	
-0.52	-1.04162	-1.7088	-0.260349	-0.966069	-1.04162	-1.7088	-0.260349	-0.966069	
-0.5	-1.00156	-1.73263	-0.250338	-0.968711	-1.00156	-1.73263	-0.250338	-0.968711	
-0.48	-0.961479	-1.75519	-0.240328	-0.971243	-0.961479	-1.75519	-0.240328	-0.971243	
-0.46	-0.921398	-1.77655	-0.230317	-0.973665	-0.921398	-1.77655	-0.230317	-0.973665	
-0.44	-0.881322	-1.79675	-0.220306	-0.975979	-0.881322	-1.79675	-0.220306	-0.975979	
-0.42	-0.841255	-1.81583	-0.210296	-0.978185	-0.841255	-1.81583	-0.210296	-0.978185	
-0.4	-0.801198	-1.83384	-0.200285	-0.980283	-0.801198	-1.83384	-0.200285	-0.980283	
-0.38	-0.76115	-1.8508	-0.190275	-0.982275	-0.76115	-1.8508	-0.190275	-0.982275	
-0.36	-0.721107	-1.86676	-0.180264	-0.984161	-0.721107	-1.86676	-0.180264	-0.984161	
-0.34	-0.681068	-1.88173	-0.170254	-0.985942	-0.681068	-1.88173	-0.170254	-0.985942	
-0.32	-0.64103	-1.89574	-0.160243	-0.987619	-0.64103	-1.89574	-0.160243	-0.987619	
-0.3	-0.60099	-1.90881	-0.150233	-0.989191	-0.60099	-1.90881	-0.150233	-0.989191	
-0.28	-0.560948	-1.92097	-0.140222	-0.990659	-0.560948	-1.92097	-0.140222	-0.990659	
-0.26	-0.520903	-1.93221	-0.130212	-0.992025	-0.520903	-1.93221	-0.130212	-0.992025	
-0.24	-0.480856	-1.94257	-0.120201	-0.993287	-0.480856	-1.94257	-0.120201	-0.993287	
-0.22	-0.440808	-1.95205	-0.110191	-0.994448	-0.440808	-1.95205	-0.110191	-0.994448	
-0.2	-0.40076	-1.96066	-0.10018	-0.995506	-0.40076	-1.96066	-0.10018	-0.995506	
-0.18	-0.360712	-1.96842	-0.0901697	-0.996462	-0.360712	-1.96842	-0.0901697	-0.996462	
-0.16	-0.320665	-1.97534	-0.0801592	-0.997318	-0.320665	-1.97534	-0.0801592	-0.997318	
-0.14	-0.280618	-1.98142	-0.0701486	-0.998072	-0.280618	-1.98142	-0.0701486	-0.998072	
-0.12	-0.240573	-1.98668	-0.0601381	-0.998725	-0.240573	-1.98668	-0.0601381	-0.998725	
-0.1	-0.200528	-1.99112	-0.0501276	-0.999277	-0.200528	-1.99112	-0.0501276	-0.999277	
-0.08	-0.160483	-1.99474	-0.0401171	-0.999729	-0.160483	-1.99474	-0.0401171	-0.999729	
-0.06	-0.120438	-1.99756	-0.0301066	-1.00008	-0.120438	-1.99756	-0.0301066	-1.00008	
-0.04	-0.0803926	-1.99957	-0.0200961	-1.00033	-0.0803926	-1.99957	-0.0200961	-1.00033	
-0.02	-0.0403467	-2.00078	-0.0100856	-1.00048	-0.0403467	-2.00078	-0.0100856	-1.00048	
0	-0.000300401	-2.00119	-7.50608e-05	-1.00053	-0.000300401	-2.00119	-7.50608e-05	-1.00053	
0.02	0.0397459	-2.0008	0.00993545	-1.00048	0.0397459	-2.0008	0.00993545	-1.00048	
0.04	0.0797921	-1.9996	0.019946	-1.00033	0.0797921	-1.9996	0.019946	-1.00033	
0.06	0.119838	-1.9976	0.0299565	-1.00009	0.119838	-1.9976	0.0299565	-1.00009	
0.08	0.159883	-1.99479	0.039967	-0.999735	0.159883	-1.99479	0.039967	-0.999735	
0.1	0.199928	-1.99118	0.0499775	-0.999285	0.199928	-1.99118	0.0499775	-0.999285	
0.12	0.239973	-1.98675	0.059988	-0.998734	0.239973	-1.98675	0.059988	-0.998734	
0.14	0.280018	-1.9815	0.0699985	-0.998082	0.280018	-1.9815	0.0699985	-0.998082	
0.16	0.320064	-1.97543	0.080009	-0.99733	0.320064	-1.97543	0.080009	-0.99733	
0.18	0.36011	-1.96853	0.0900195	-0.996476	0.36011	-1.96853	0.0900195	-0.996476	
0.2	0.400158	-1.96078	0.10003	-0.995521	0.400158	-1.96078	0.10003	-0.995521	
0.22	0.440207	-1.95218	0.110041	-0.994464	0.440207	-1.95218	0.110041	-0.994464	
0.24	0.480256	-1.94272	0.120051	-0.993306	0.480256	-1.94272	0.120051	-0.993306	
0.26	0.520304	-1.93238	0.130062	-0.992045	0.520304	-1.93238	0.130062	-0.992045	
0.28	0.56035	-1.92114	0.140072	-0.990681	0.56035	-1.92114	0.140072	-0.990681	
0.3	0.600393	-1.909	0.150083	-0.989214	0.600393	-1.909	0.150083	-0.989214	
0.32	0.640434	-1.89594	0.160093	-0.987643	0.640434	-1.89594	0.160093	-0.987643	
0.34	0.680471	-1.88194	0.170104	-0.985968	0.680471	-1.88194	0.170104	-0.985968	
0.36	0.720508	-1.86698	0.180114	-0.984189	0.720508	-1.86698	0.180114	-0.984189	
0.38	0.760546	-1.85104	0.190125	-0.982304	0.760546	-1.85104	0.190125	-0.982304	
0.4	0.80059	-1.83409	0.200135	-0.980314	0.80059	-1.83409	0.200135	-0.980314	
0.42	0.840641	-1.81611	0.210146	-0.978217	0.840641	-1.81611	0.210146	-0.978217	
0.44	0.880705	-1.79705	0.220156	-0.976013	0.880705	-1.79705	0.220156	-0.976013	
0.46	0.920781	-1.77688	0.230167	-0.973701	0.920781	-1.77688	0.230167	-0.973701	
0.48	0.960868	-1.75554	0.240177	-0.97128	0.960868	-1.75554	0.240177	-0.97128	
0.5	1.00096	-1.733	0.250188	-0.96875	1.00096	-1.733	0.250188	-0.96875	
0.52	1.04104	-1.7092	0.260199	-0.966109	1.04104	-1.7092	0.260199	-0.966109	
0.54	1.0811	-1.68409	0.270209	-0.963357	1.0811	-1.68409	0.270209	-0.963357	
0.56	1.12111	-1.65761	0.28022	-0.960493	1.12111	-1.65761	0.28022	-0.960493	
0.58	1.16107	-1.62974	0.29023	-0.957516	1.16107	-1.62974	0.29023	-0.957516	
0.6	1.20097	-1.60042	0.300241	-0.954425	1.20097	-1.60042	0.300241	-0.954425	
0.62	1.24082	-1.56962	0.310251	-0.951218	1.24082	-1.56962	0.310251	-0.951218	
0.64	1.28067	-1.53727	0.320262	-0.947894	1.28067	-1.53727	0.320262	-0.947894	
0.66	1.32059	-1.5033	0.330272	-0.944453	1.32059	-1.5033	0.330272	-0.944453	
0.68	1.36067	-1.46756	0.340283	-0.940893	1.36067	-1.46756	0.340283	-0.940893	
0.7	1.40102	-1.42984	0.350294	-0.937212	1.40102	-1.42984	0.350294	-0.937212	
0.72	1.44172	-1.3898	0.360304	-0.93341	1.44172	-1.3898	0.360304	-0.93341	
0.74	1.48275	-1.34699	0.370315	-0.929484	1.48275	-1.34699	0.370315	-0.929484	
0.76	1.52394	-1.3009	0.380325	-0.925433	1.52394	-1.3009	0.380325	-0.925433	
0.78	1.56487	-1.251	0.390336	-0.921255	1.56487	-1.251	0.390336	-0.921255	
0.8	1.60486	-1.19696	0.400347	-0.91695	1.60486	-1.19696	0.400347	-0.91695	
0.82	1.64308	-1.13886	0.410357	-0.912514	1.64308	-1.13886	0.410357	-0.912514	
0.84	1.6789	-1.07746	0.420368	-0.907946	1.6789	-1.07746	0.420368	-0.907946	
0.86	1.7126	-1.01422	0.430378	-0.903244	1.7126	-1.01422	0.430378	-0.903244	
0.88	1.74657	-0.950776	0.440389	-0.898406	1.74657	-0.950776	0.440389	-0.898406	
0.9	1.78669	-0.886934	0.4504	-0.89343	1.78669	-0.886934	0.4504	-0.89343	
0.92	1.84282	-0.815294	0.46041	-0.888313	1.84282	-0.815294	0.46041	-0.888313	
0.94	1.92095	-0.710519	0.470421	-0.883052	1.92095	-0.710519	0.470421	-0.883052	
0.96	1.98905	-0.530219	0.480432	-0.877647	1.98905	-0.530219	0.480432	-0.877647	
0.98	1.9566	-0.291717	0.490443	-0.872092	1.9566	-0.291717	0.490443	-0.872092	
1	1.81117	-0.112297	0.500454	-0.866387	1.81117	-0.112297	0.500454	-0.866387	
1.02	1.64928	-0.0317155	0.510464	-0.860527	1.64928	-0.0317155	0.510464	-0.860527	
1.04	1.52	-0.00527703	0.520475	-0.85451	1.52	-0.00527703	0.520475	-0.85451	
1.06	1.42221	0.00153369	0.530486	-0.848331	1.42221	0.00153369	0.530486	-0.848331	
1.08	1.34585	0.00245246	0.540497	-0.841989	1.34585	0.00245246	0.540497	-0.841989	
1.1	1.28347	0.00193061	0.550508	-0.835478	1.28347	0.00193061	0.550508	-0.835478	
1.12	1.23057	0.00125691	0.560519	-0.828795	1.23057	0.00125691	0.560519	-0.828795	
1.14	1.18446	0.000736446	0.57053	-0.821936	1.18446	0.000736446	0.57053	-0.821936	
1.16	1.14346	0.000392674	0.58054	-0.814896	1.14346	0.000392674	0.58054	-0.814896	
1.18	1.10648	0.000183904	0.590551	-0.807671	1.10648	0.000183904	0.590551	-0.807671	
1.2	1.07279	6.52089e-05	0.600561	-0.800255	1.07279	6.52089e-05	0.600561	-0.800255	
1.22	1.04183	2.49896e-06	0.610571	-0.792643	1.04183	2.49896e-06	0.610571	-0.792643	
1.24	1.0132	-2.71324e-05	0.620581	-0.78483	1.0132	-2.71324e-05	0.620581	-0.78483	
1.26	0.986594	-3.81463e-05	0.63059	-0.77681	0.986594	-3.81463e-05	0.63059	-0.77681	
1.28	0.96175	-3.92996e-05	0.640599	-0.768577	0.96175	-3.92996e-05	0.640599	-0.768577	
1.3	0.938465	-3.57093e-05	0.650608	-0.760123	0.938465	-3.57093e-05	0.650608	-0.760123	
1.32	0.916569	-3.02519e-05	0.660616	-0.751441	0.916569	-3.02519e-05	0.660616	-0.751441	
1.34	0.895919	-2.44631e-05	0.670625	-0.742524	0.895919	-2.44631e-05	0.670625	-0.742524	
1.36	0.876391	-1.90977e-05	0.680634	-0.733364	0.876391	-1.90977e-05	0.680634	-0.733364	
1.38	0.857883	-1.44703e-05	0.690645	-0.72395	0.857883	-1.44703e-05	0.690645	-0.72395	
1.4	0.840303	-1.06581e-05	0.700657	-0.714273	0.840303	-1.06581e-05	0.700657	-0.714273	
1.42	0.823572	-7.61875e-06	0.710671	-0.704322	0.823572	-7.61875e-06	0.710671	-0.704322	
1.44	0.807621	-5.2576e-06	0.720689	-0.694085	0.807621	-5.2576e-06	0.720689	-0.694085	
1.46	0.792388	-3.46404e-06	0.730711	-0.683547	0.792388	-3.46404e-06	0.730711	-0.683547	
1.48	0.777819	-2.13033e-06	0.740738	-0.672693	0.777819	-2.13033e-06	0.740738	-0.672693	
1.5	0.763866	-1.16018e-06	0.750771	-0.661505	0.763866	-1.16018e-06	0.750771	-0.661505	
1.52	0.750486	-4.71859e-07	0.760809	-0.649965	0.750486	-4.71859e-07	0.760809	-0.649965	
1.54	0.737638	1.76383e-09	0.770851	-0.638049	0.737638	1.76383e-09	0.770851	-0.638049	
1.56	0.725288	3.1448e-07	0.780895	-0.625733	0.725288	3.1448e-07	0.780895	-0.625733	
1.58	0.713404	5.08596e-07	0.790937	-0.612992	0.713404	5.08596e-07	0.790937	-0.612992	
1.6	0.701957	6.16874e-07	0.80097	-0.599795	0.701957	6.16874e-07	0.80097	-0.599795	
1.62	0.690921	6.64338e-07	0.810985	-0.586112	0.690921	6.64338e-07	0.810985	-0.586112	
1.64	0.680271	6.6986e-07	0.820969	-0.571913	0.680271	6.6986e-07	0.820969	-0.571913	
1.66	0.669985	6.47485e-07	0.830909	-0.557166	0.669985	6.47485e-07	0.830909	-0.557166	
1.68	0.660042	6.07531e-07	0.840789	-0.541844	0.660042	6.07531e-07	0.840789	-0.541844	
1.7	0.650425	5.57455e-07	0.850595	-0.525922	0.650425	5.57455e-07	0.850595	-0.525922	
1.72	0.641116	5.02551e-07	0.86032	-0.50938	0.641116	5.02551e-07	0.86032	-0.50938	
1.74	0.632099	4.46486e-07	0.869974	-0.492202	0.632099	4.46486e-07	0.869974	-0.492202	
1.76	0.623358	3.91726e-07	0.879591	-0.474372	0.623358	3.91726e-07	0.879591	-0.474372	
1.78	0.614881	3.3985e-07	0.88925	-0.455861	0.614881	3.3985e-07	0.88925	-0.455861	
1.8	0.606655	2.91798e-07	0.899092	-0.436602	0.606655	2.91798e-07	0.899092	-0.436602	
1.82	0.598667	2.48055e-07	0.909341	-0.416445	0.598667	2.48055e-07	0.909341	-0.416445	
1.84	0.590906	2.08786e-07	0.920312	-0.395066	0.590906	2.08786e-07	0.920312	-0.395066	
1.86	0.583363	1.73943e-07	0.932376	-0.371829	0.583363	1.73943e-07	0.932376	-0.371829	
1.88	0.576027	1.43335e-07	0.945809	-0.345574	0.576027	1.43335e-07	0.945809	-0.345574	
1.9	0.568889	1.16685e-07	0.960386	-0.31439	0.568889	1.16685e-07	0.960386	-0.31439	
1.92	0.561941	9.36701e-08	0.974512	-0.275642	0.561941	9.36701e-08	0.974512	-0.275642	
1.94	0.555174	7.39456e-08	0.983978	-0.226989	0.555174	7.39456e-08	0.983978	-0.226989	
1.96	0.548582	5.71662e-08	0.981691	-0.169256	0.548582	5.71662e-08	0.981691	-0.169256	
1.98	0.542156	4.29977e-08	0.961227	-0.109624	0.542156	4.29977e-08	0.961227	-0.109624	
2	0.535891	3.11246e-08	0.92337	-0.0593929	0.535891	3.11246e-08	0.92337	-0.0593929	
2.02	0.52978	2.12548e-08	0.876927	-0.0256643	0.52978	2.12548e-08	0.876927	-0.0256643	
2.04	0.523816	1.3122e-08	0.831455	-0.00737875	0.523816	1.3122e-08	0.831455	-0.00737875	
2.06	0.517995	6.48608e-09	0.791855	0.000679089	0.517995	6.48608e-09	0.791855	0.000679089	
2.08	0.512311	1.13262e-09	0.758889	0.00332601	0.512311	1.13262e-09	0.758889	0.00332601	
2.1	0.506759	-3.12829e-09	0.731533	0.00356721	0.506759	-3.12829e-09	0.731533	0.00356721	
2.12	0.501334	-6.46368e-09	0.708448	0.00294104	0.501334	-6.46368e-09	0.708448	0.00294104	
2.14	0.496031	-9.01955e-09	0.688513	0.00213567	0.496031	-9.01955e-09	0.688513	0.00213567	
2.16	0.490846	-1.09228e-08	0.67091	0.00141654	0.490846	-1.09228e-08	0.67091	0.00141654	
2.18	0.485776	-1.22833e-08	0.655069	0.00085867	0.485776	-1.22833e-08	0.655069	0.00085867	
2.2	0.480815	-1.31955e-08	0.6406	0.000459896	0.480815	-1.31955e-08	0.6406	0.000459896	
2.22	0.475961	-1.37404e-08	0.627233	0.000192144	0.475961	-1.37404e-08	0.627233	0.000192144	
2.24	0.471209	-1.3987e-08	0.614777	2.30991e-05	0.471209	-1.3987e-08	0.614777	2.30991e-05	
2.26	0.466557	-1.39942e-08	0.603092	-7.57262e-05	0.466557	-1.39942e-08	0.603092	-7.57262e-05	
2.28	0.462001	-1.38116e-08	0.592077	-0.00012682	0.462001	-1.38116e-08	0.592077	-0.00012682	
2.3	0.457537	-1.34809e-08	0.581651	-0.000146867	0.457537	-1.34809e-08	0.581651	-0.000146867	
2.32	0.453164	-1.30372e-08	0.571751	-0.000147733	0.453164	-1.30372e-08	0.571751	-0.000147733	
2.34	0.448878	-1.25096e-08	0.562325	-0.000137568	0.448878	-1.25096e-08	0.562325	-0.000137568	
2.36	0.444677	-1.19224e-08	0.553331	-0.000121793	0.444677	-1.19224e-08	0.553331	-0.000121793	
2.38	0.440557	-1.12954e-08	0.544732	-0.000103883	0.440557	-1.12954e-08	0.544732	-0.000103883	
2.4	0.436517	-1.06449e-08	0.536496	-8.59636e-05	0.436517	-1.06449e-08	0.536496	-8.59636e-05	
2.42	0.432554	-9.98403e-09	0.528594	-6.92525e-05	0.432554	-9.98403e-09	0.528594	-6.92525e-05	
2.44	0.428665	-9.32338e-09	0.521004	-5.43661e-05	0.428665	-9.32338e-09	0.521004	-5.43661e-05	
2.46	0.424849	-8.6713e-09	0.513703	-4.1539e-05	0.424849	-8.6713e-09	0.513703	-4.1539e-05	
2.48	0.421104	-8.0343e-09	0.506671	-3.0773e-05	0.421104	-8.0343e-09	0.506671	-3.0773e-05	
2.5	0.417427	-7.41736e-09	0.49989	-2.19359e-05	0.417427	-7.41736e-09	0.49989	-2.19359e-05	
2.52	0.413817	-6.82416e-09	0.493345	-1.48279e-05	0.413817	-6.82416e-09	0.493345	-1.48279e-05	
2.54	0.410271	-6.25733e-09	0.487021	-9.22223e-06	0.410271	-6.25733e-09	0.487021	-9.22223e-06	
2.56	0.406788	-5.71864e-09	0.480904	-4.89116e-06	0.406788	-5.71864e-09	0.480904	-4.89116e-06	
2.58	0.403366	-5.20912e-09	0.474984	-1.62039e-06	0.403366	-5.20912e-09	0.474984	-1.62039e-06	
2.6	0.400003	-4.72926e-09	0.469247	7.8332e-07	0.400003	-4.72926e-09	0.469247	7.8332e-07	
2.62	0.396699	-4.27906e-09	0.463685	2.48914e-06	0.396699	-4.27906e-09	0.463685	2.48914e-06	
2.64	0.393451	-3.85816e-09	0.458288	3.64181e-06	0.393451	-3.85816e-09	0.458288	3.64181e-06	
2.66	0.390257	-3.46594e-09	0.453048	4.36297e-06	0.390257	-3.46594e-09	0.453048	4.36297e-06	
2.68	0.387117	-3.10153e-09	0.447955	4.75329e-06	0.387117	-3.10153e-09	0.447955	4.75329e-06	
2.7	0.38403	-2.76391e-09	0.443004	4.89493e-06	0.38403	-2.76391e-09	0.443004	4.89493e-06	
2.72	0.380992	-2.45196e-09	0.438186	4.85415e-06	0.380992	-2.45196e-09	0.438186	4.85415e-06	
2.74	0.378005	-2.16444e-09	0.433497	4.68368e-06	0.378005	-2.16444e-09	0.433497	4.68368e-06	
2.76	0.375065	-1.90011e-09	0.428929	4.42503e-06	0.375065	-1.90011e-09	0.428929	4.42503e-06	
2.78	0.372172	-1.65767e-09	0.424477	4.11035e-06	0.372172	-1.65767e-09	0.424477	4.11035e-06	
2.8	0.369326	-1.43585e-09	0.420137	3.76427e-06	0.369326	-1.43585e-09	0.420137	3.76427e-06	
2.82	0.366524	-1.23336e-09	0.415903	3.40524e-06	0.366524	-1.23336e-09	0.415903	3.40524e-06	
2.84	0.363765	-1.04897e-09	0.41177	3.04685e-06	0.363765	-1.04897e-09	0.41177	3.04685e-06	
2.86	0.361049	-8.81442e-10	0.407736	2.69879e-06	0.361049	-8.81442e-10	0.407736	2.69879e-06	
2.88	0.358375	-7.29624e-10	0.403795	2.36773e-06	0.358375	-7.29624e-10	0.403795	2.36773e-06	
2.9	0.355742	-5.92387e-10	0.399943	2.05799e-06	0.355742	-5.92387e-10	0.399943	2.05799e-06	
2.92	0.353148	-4.6866e-10	0.396178	1.77208e-06	0.353148	-4.6866e-10	0.396178	1.77208e-06	
2.94	0.350592	-3.57422e-10	0.392496	1.51118e-06	0.350592	-3.57422e-10	0.392496	1.51118e-06	
2.96	0.348075	-2.57709e-10	0.388894	1.27546e-06	0.348075	-2.57709e-10	0.388894	1.27546e-06	
2.98	0.345595	-1.68611e-10	0.385369	1.06438e-06	0.345595	-1.68611e-10	0.385369	1.06438e-06	
3	0.343151	-8.92718e-11	0.381918	8.76902e-07	0.343151	-8.92718e-11	0.381918	8.76902e-07	
3.02	0.340742	-1.88879e-11	0.378539	7.11655e-07	0.340742	-1.88879e-11	0.378539	7.11655e-07	
3.04	0.338367	4.32919e-11	0.375228	5.67072e-07	0.338367	4.32919e-11	0.375228	5.67072e-07	
3.06	0.336027	9.79692e-11	0.371985	4.41479e-07	0.336027	9.79692e-11	0.371985	4.41479e-07	
3.08	0.33372	1.45797e-10	0.368805	3.33176e-07	0.33372	1.45797e-10	0.368805	3.33176e-07	
3.1	0.331445	1.87383e-10	0.365688	2.40481e-07	0.331445	1.87383e-10	0.365688	2.40481e-07	
3.12	0.329201	2.2329e-10	0.362631	1.61775e-07	0.329201	2.2329e-10	0.362631	1.61775e-07	
3.14	0.326989	2.54041e-10	0.359632	9.55199e-08	0.326989	2.54041e-10	0.359632	9.55199e-08	
3.16	0.324807	2.80118e-10	0.356689	4.02765e-08	0.324807	2.80118e-10	0.356689	4.02765e-08	
3.18	0.322655	3.01967e-10	0.353801	-5.28507e-09	0.322655	3.01967e-10	0.353801	-5.28507e-09	
3.2	0.320531	3.2e-10	0.350966	-4.23837e-08	0.320531	3.2e-10	0.350966	-4.23837e-08	
3.22	0.318437	3.34595e-10	0.348183	-7.21272e-08	0.318437	3.34595e-10	0.348183	-7.21272e-08	
3.24	0.31637	3.461e-10	0.345449	-9.55151e-08	0.31637	3.461e-10	0.345449	-9.55151e-08	
3.26	0.31433	3.54834e-10	0.342763	-1.13444e-07	0.31433	3.54834e-10	0.342763	-1.13444e-07	
3.28	0.312317	3.61091e-10	0.340124	-1.26712e-07	0.312317	3.61091e-10	0.340124	-1.26712e-07	
3.3	0.310331	3.65139e-10	0.33753	-1.36028e-07	0.310331	3.65139e-10	0.33753	-1.36028e-07	
3.32	0.30837	3.67223e-10	0.334981	-1.42017e-07	0.30837	3.67223e-10	0.334981	-1.42017e-07	
3.34	0.306435	3.67568e-10	0.332475	-1.45229e-07	0.306435	3.67568e-10	0.332475	-1.45229e-07	
3.36	0.304524	3.66379e-10	0.330011	-1.46142e-07	0.304524	3.66379e-10	0.330011	-1.46142e-07	
3.38	0.302637	3.63841e-10	0.327587	-1.45174e-07	0.302637	3.63841e-10	0.327587	-1.45174e-07	
3.4	0.300774	3.60124e-10	0.325202	-1.42687e-07	0.300774	3.60124e-10	0.325202	-1.42687e-07	
3.42	0.298935	3.55382e-10	0.322856	-1.38991e-07	0.298935	3.55382e-10	0.322856	-1.38991e-07	
3.44	0.297118	3.49755e-10	0.320548	-1.34354e-07	0.297118	3.49755e-10	0.320548	-1.34354e-07	
3.46	0.295324	3.4337e-10	0.318276	-1.29003e-07	0.295324	3.4337e-10	0.318276	-1.29003e-07	
3.48	0.293552	3.3634e-10	0.31604	-1.23133e-07	0.293552	3.3634e-10	0.31604	-1.23133e-07	
3.5	0.291801	3.2877e-10	0.313838	-1.16905e-07	0.291801	3.2877e-10	0.313838	-1.16905e-07	
3.52	0.290072	3.20752e-10	0.31167	-1.10456e-07	0.290072	3.20752e-10	0.31167	-1.10456e-07	
3.54	0.288363	3.1237e-10	0.309534	-1.039e-07	0.288363	3.1237e-10	0.309534	-1.039e-07	
3.56	0.286675	3.037e-10	0.307431	-9.73286e-08	0.286675	3.037e-10	0.307431	-9.73286e-08	
3.58	0.285007	2.94808e-10	0.305359	-9.0819e-08	0.285007	2.94808e-10	0.305359	-9.0819e-08	
3.6	0.283358	2.85755e-10	0.303318	-8.44318e-08	0.283358	2.85755e-10	0.303318	-8.44318e-08	
3.62	0.281729	2.76594e-10	0.301307	-7.82153e-08	0.281729	2.76594e-10	0.301307	-7.82153e-08	
3.64	0.280119	2.67374e-10	0.299324	-7.22068e-08	0.280119	2.67374e-10	0.299324	-7.22068e-08	
3.66	0.278528	2.58136e-10	0.29737	-6.64344e-08	0.278528	2.58136e-10	0.29737	-6.64344e-08	
3.68	0.276955	2.48918e-10	0.295444	-6.09183e-08	0.276955	2.48918e-10	0.295444	-6.09183e-08	
3.7	0.275399	2.39753e-10	0.293545	-5.56721e-08	0.275399	2.39753e-10	0.293545	-5.56721e-08	
3.72	0.273862	2.30668e-10	0.291673	-5.07042e-08	0.273862	2.30668e-10	0.291673	-5.07042e-08	
3.74	0.272342	2.2169e-10	0.289826	-4.60182e-08	0.272342	2.2169e-10	0.289826	-4.60182e-08	
3.76	0.270839	2.12839e-10	0.288005	-4.1614e-08	0.270839	2.12839e-10	0.288005	-4.1614e-08	
3.78	0.269353	2.04135e-10	0.286208	-3.74886e-08	0.269353	2.04135e-10	0.286208	-3.74886e-08	
3.8	0.267884	1.95593e-10	0.284436	-3.36364e-08	0.267884	1.95593e-10	0.284436	-3.36364e-08	
3.82	0.26643	1.87227e-10	0.282688	-3.00502e-08	0.26643	1.87227e-10	0.282688	-3.00502e-08	
3.84	0.264993	1.79047e-10	0.280962	-2.6721e-08	0.264993	1.79047e-10	0.280962	-2.6721e-08	
3.86	0.263571	1.71063e-10	0.279259	-2.36389e-08	0.263571	1.71063e-10	0.279259	-2.36389e-08	
3.88	0.262165	1.63282e-10	0.277579	-2.07932e-08	0.262165	1.63282e-10	0.277579	-2.07932e-08	
3.9	0.260774	1.5571e-10	0.27592	-1.81725e-08	0.260774	1.5571e-10	0.27592	-1.81725e-08	
3.92	0.259398	1.4835e-10	0.274283	-1.57654e-08	0.259398	1.4835e-10	0.274283	-1.57654e-08	
3.94	0.258036	1.41207e-10	0.272666	-1.35601e-08	0.258036	1.41207e-10	0.272666	-1.35601e-08	
3.96	0.256689	1.34282e-10	0.27107	-1.15449e-08	0.256689	1.34282e-10	0.27107	-1.15449e-08	
3.98	0.255357	1.27575e-10	0.269494	-9.70838e-09	0.255357	1.27575e-10	0.269494	-9.70838e-09	
4	0.254038	1.21087e-10	0.267938	-8.0391e-09	0.254038	1.21087e-10	0.267938	-8.0391e-09	
4.02	0.252733	1.14817e-10	0.266401	-6.5261e-09	0.252733	1.14817e-10	0.266401	-6.5261e-09	
4.04	0.251441	1.08762e-10	0.264882	-5.15873e-09	0.251441	1.08762e-10	0.264882	-5.15873e-09	
4.06	0.250163	1.02922e-10	0.263383	-3.92674e-09	0.250163	1.02922e-10	0.263383	-3.92674e-09	
4.08	0.248898	9.72923e-11	0.261901	-2.82033e-09	0.248898	9.72923e-11	0.261901	-2.82033e-09	
4.1	0.247646	9.1871e-11	0.260437	-1.83016e-09	0.247646	9.1871e-11	0.260437	-1.83016e-09	
4.12	0.246407	8.66543e-11	0.258991	-9.47353e-10	0.246407	8.66543e-11	0.258991	-9.47353e-10	
4.14	0.24518	8.16382e-11	0.257561	-1.635e-10	0.24518	8.16382e-11	0.257561	-1.635e-10	
4.16	0.243966	7.68187e-11	0.256149	5.2933e-10	0.243966	7.68187e-11	0.256149	5.2933e-10	
4.18	0.242763	7.21913e-11	0.254752	1.1386e-09	0.242763	7.21913e-11	0.254752	1.1386e-09	
4.2	0.241573	6.77514e-11	0.253373	1.67133e-09	0.241573	6.77514e-11	0.253373	1.67133e-09	
4.22	0.240395	6.34945e-11	0.252009	2.13407e-09	0.240395	6.34945e-11	0.252009	2.13407e-09	
4.24	0.239228	5.94157e-11	0.25066	2.53295e-09	0.239228	5.94157e-11	0.25066	2.53295e-09	
4.26	0.238072	5.551e-11	0.249327	2.8737e-09	0.238072	5.551e-11	0.249327	2.8737e-09	
4.28	0.236928	5.17726e-11	0.248009	3.16164e-09	0.236928	5.17726e-11	0.248009	3.16164e-09	
4.3	0.235795	4.81984e-11	0.246705	3.40171e-09	0.235795	4.81984e-11	0.246705	3.40171e-09	
4.32	0.234673	4.47824e-11	0.245417	3.5985e-09	0.234673	4.47824e-11	0.245417	3.5985e-09	
4.34	0.233561	4.15197e-11	0.244142	3.75624e-09	0.233561	4.15197e-11	0.244142	3.75624e-09	
4.36	0.23246	3.84054e-11	0.242881	3.87885e-09	0.23246	3.84054e-11	0.242881	3.87885e-09	
4.38	0.23137	3.54344e-11	0.241634	3.96995e-09	0.23137	3.54344e-11	0.241634	3.96995e-09	
4.4	0.23029	3.26021e-11	0.240401	4.03287e-09	0.23029	3.26021e-11	0.240401	4.03287e-09	
4.42	0.22922	2.99034e-11	0.239181	4.07067e-09	0.22922	2.99034e-11	0.239181	4.07067e-09	
4.44	0.22816	2.73338e-11	0.237974	4.08616e-09	0.22816	2.73338e-11	0.237974	4.08616e-09	
4.46	0.22711	2.48886e-11	0.23678	4.0819e-09	0.22711	2.48886e-11	0.23678	4.0819e-09	
4.48	0.22607	2.25632e-11	0.235598	4.06027e-09	0.22607	2.25632e-11	0.235598	4.06027e-09	
4.5	0.22504	2.03532e-11	0.234429	4.0234e-09	0.22504	2.03532e-11	0.234429	4.0234e-09	
4.52	0.224018	1.82542e-11	0.233272	3.97326e-09	0.224018	1.82542e-11	0.233272	3.97326e-09	
4.54	0.223007	1.62621e-11	0.232127	3.91164e-09	0.223007	1.62621e-11	0.232127	3.91164e-09	
4.56	0.222004	1.43725e-11	0.230994	3.84016e-09	0.222004	1.43725e-11	0.230994	3.84016e-09	
4.58	0.221011	1.25816e-11	0.229873	3.76028e-09	0.221011	1.25816e-11	0.229873	3.76028e-09	
4.6	0.220026	1.08853e-11	0.228763	3.67336e-09	0.220026	1.08853e-11	0.228763	3.67336e-09	
4.62	0.21905	9.2798e-12	0.227664	3.58057e-09	0.21905	9.2798e-12	0.227664	3.58057e-09	
4.64	0.218084	7.76145e-12	0.226576	3.48303e-09	0.218084	7.76145e-12	0.226576	3.48303e-09	
4.66	0.217125	6.32668e-12	0.2255	3.38168e-09	0.217125	6.32668e-12	0.2255	3.38168e-09	
4.68	0.216175	4.97195e-12	0.224433	3.27743e-09	0.216175	4.97195e-12	0.224433	3.27743e-09	
4.7	0.215234	3.69391e-12	0.223378	3.17104e-09	0.215234	3.69391e-12	0.223378	3.17104e-09	
4.72	0.214301	2.48927e-12	0.222333	3.06321e-09	0.214301	2.48927e-12	0.222333	3.06321e-09	
4.74	0.213375	1.35489e-12	0.221298	2.95457e-09	0.213375	1.35489e-12	0.221298	2.95457e-09	
4.76	0.212458	2.87688e-13	0.220273	2.84567e-09	0.212458	2.87688e-13	0.220273	2.84567e-09	
4.78	0.211549	-7.15215e-13	0.219258	2.737e-09	0.211549	-7.15215e-13	0.219258	2.737e-09	
4.8	0.210648	-1.65676e-12	0.218253	2.62897e-09	0.210648	-1.65676e-12	0.218253	2.62897e-09	
4.82	0.209754	-2.53958e-12	0.217258	2.52197e-09	0.209754	-2.53958e-12	0.217258	2.52197e-09	
4.84	0.208869	-3.36638e-12	0.216272	2.41632e-09	0.208869	-3.36638e-12	0.216272	2.41632e-09	
4.86	0.20799	-4.13975e-12	0.215295	2.3123e-09	0.20799	-4.13975e-12	0.215295	2.3123e-09	
4.88	0.207119	-4.86205e-12	0.214327	2.21014e-09	0.207119	-4.86205e-12	0.214327	2.21014e-09	
4.9	0.206256	-5.53567e-12	0.213369	2.11006e-09	0.206256	-5.53567e-12	0.213369	2.11006e-09	
4.92	0.205399	-6.16293e-12	0.21242	2.01223e-09	0.205399	-6.16293e-12	0.21242	2.01223e-09	
4.94	0.20455	-6.74599e-12	0.211479	1.91678e-09	0.20455	-6.74599e-12	0.211479	1.91678e-09	
4.96	0.203708	-7.2869e-12	0.210547	1.82384e-09	0.203708	-7.2869e-12	0.210547	1.82384e-09	
4.98	0.202873	-7.78777e-12	0.209623	1.73348e-09	0.202873	-7.78777e-12	0.209623	1.73348e-09	
5	0.202045	-8.25048e-12	0.208708	1.64579e-09	0.202045	-8.25048e-12	0.208708	1.64579e-09	
5.02	0.201223	-8.67686e-12	0.207802	1.56081e-09	0.201223	-8.67686e-12	0.207802	1.56081e-09	
5.04	0.200408	-9.06876e-12	0.206903	1.47858e-09	0.200408	-9.06876e-12	0.206903	1.47858e-09	
5.06	0.1996	-9.42782e-12	0.206013	1.39911e-09	0.1996	-9.42782e-12	0.206013	1.39911e-09	
5.08	0.198799	-9.75579e-12	0.20513	1.32242e-09	0.198799	-9.75579e-12	0.20513	1.32242e-09	
5.1	0.198004	-1.00541e-11	0.204256	1.24848e-09	0.198004	-1.00541e-11	0.204256	1.24848e-09	
5.12	0.197215	-1.03244e-11	0.203389	1.17729e-09	0.197215	-1.03244e-11	0.203389	1.17729e-09	
5.14	0.196433	-1.05681e-11	0.20253	1.10882e-09	0.196433	-1.05681e-11	0.20253	1.10882e-09	
5.16	0.195656	-1.07865e-11	0.201678	1.04304e-09	0.195656	-1.07865e-11	0.201678	1.04304e-09	
5.18	0.194887	-1.0981e-11	0.200834	9.79903e-10	0.194887	-1.0981e-11	0.200834	9.79903e-10	
5.2	0.194123	-1.11528e-11	0.199997	9.19364e-10	0.194123	-1.11528e-11	0.199997	9.19364e-10	
5.22	0.193365	-1.13033e-11	0.199167	8.61372e-10	0.193365	-1.13033e-11	0.199167	8.61372e-10	
5.24	0.192613	-1.14334e-11	0.198345	8.05871e-10	0.192613	-1.14334e-11	0.198345	8.05871e-10	
5.26	0.191867	-1.15444e-11	0.197529	7.52803e-10	0.191867	-1.15444e-11	0.197529	7.52803e-10	
5.28	0.191127	-1.16373e-11	0.196721	7.02106e-10	0.191127	-1.16373e-11	0.196721	7.02106e-10	
5.3	0.190392	-1.1713e-11	0.195919	6.53716e-10	0.190392	-1.1713e-11	0.195919	6.53716e-10	
5.32	0.189664	-1.17727e-11	0.195124	6.07567e-10	0.189664	-1.17727e-11	0.195124	6.07567e-10	
5.34	0.18894	-1.18172e-11	0.194336	5.63592e-10	0.18894	-1.18172e-11	0.194336	5.63592e-10	
5.36	0.188223	-1.18474e-11	0.193554	5.21724e-10	0.188223	-1.18474e-11	0.193554	5.21724e-10	
5.38	0.187511	-1.18641e-11	0.192779	4.81894e-10	0.187511	-1.18641e-11	0.192779	4.81894e-10	
5.4	0.186804	-1.18681e-11	0.19201	4.44035e-10	0.186804	-1.18681e-11	0.19201	4.44035e-10	
5.42	0.186102	-1.18603e-11	0.191248	4.08079e-10	0.186102	-1.18603e-11	0.191248	4.08079e-10	
5.44	0.185406	-1.18412e-11	0.190492	3.73957e-10	0.185406	-1.18412e-11	0.190492	3.73957e-10	
5.46	0.184716	-1.18117e-11	0.189742	3.41603e-10	0.184716	-1.18117e-11	0.189742	3.41603e-10	
5.48	0.18403	-1.17724e-11	0.188998	3.1095e-10	0.18403	-1.17724e-11	0.188998	3.1095e-10	
5.5	0.183349	-1.1724e-11	0.18826	2.81934e-10	0.183349	-1.1724e-11	0.18826	2.81934e-10	
5.52	0.182674	-1.1667e-11	0.187528	2.5449e-10	0.182674	-1.1667e-11	0.187528	2.5449e-10	
5.54	0.182003	-1.1602e-11	0.186802	2.28556e-10	0.182003	-1.1602e-11	0.186802	2.28556e-10	
5.56	0.181338	-1.15295e-11	0.186082	2.04069e-10	0.181338	-1.15295e-11	0.186082	2.04069e-10	
5.58	0.180677	-1.14501e-11	0.185368	1.80971e-10	0.180677	-1.14501e-11	0.185368	1.80971e-10	
5.6	0.180021	-1.13643e-11	0.184659	1.59202e-10	0.180021	-1.13643e-11	0.184659	1.59202e-10	
5.62	0.17937	-1.12726e-11	0.183955	1.38705e-10	0.17937	-1.12726e-11	0.183955	1.38705e-10	
5.64	0.178724	-1.11753e-11	0.183258	1.19424e-10	0.178724	-1.11753e-11	0.183258	1.19424e-10	
5.66	0.178082	-1.1073e-11	0.182566	1.01307e-10	0.178082	-1.1073e-11	0.182566	1.01307e-10	
5.68	0.177445	-1.09659e-11	0.181879	8.43002e-11	0.177445	-1.09659e-11	0.181879	8.43002e-11	
5.7	0.176813	-1.08546e-11	0.181197	6.83535e-11	0.176813	-1.08546e-11	0.181197	6.83535e-11	
5.72	0.176185	-1.07394e-11	0.180521	5.34179e-11	0.176185	-1.07394e-11	0.180521	5.34179e-11	
5.74	0.175561	-1.06205e-11	0.17985	3.94461e-11	0.175561	-1.06205e-11	0.17985	3.94461e-11	
5.76	0.174942	-1.04984e-11	0.179184	2.63922e-11	0.174942	-1.04984e-11	0.179184	2.63922e-11	
5.78	0.174328	-1.03734e-11	0.178523	1.42124e-11	0.174328	-1.03734e-11	0.178523	1.42124e-11	
5.8	0.173717	-1.02457e-11	0.177867	2.86385e-12	0.173717	-1.02457e-11	0.177867	2.86385e-12	
5.82	0.173111	-1.01156e-11	0.177216	-7.69401e-12	0.173111	-1.01156e-11	0.177216	-7.69401e-12	
5.84	0.17251	-9.9834e-12	0.17657	-1.75007e-11	0.17251	-9.9834e-12	0.17657	-1.75007e-11	
5.86	0.171912	-9.84932e-12	0.175929	-2.65941e-11	0.171912	-9.84932e-12	0.175929	-2.65941e-11	
5.88	0.171319	-9.71365e-12	0.175292	-3.50105e-11	0.171319	-9.71365e-12	0.175292	-3.50105e-11	
5.9	0.170729	-9.57657e-12	0.174661	-4.2785e-11	0.170729	-9.57657e-12	0.174661	-4.2785e-11	
5.92	0.170144	-9.43828e-12	0.174034	-4.99509e-11	0.170144	-9.43828e-12	0.174034	-4.99509e-11	
5.94	0.169563	-9.29902e-12	0.173412	-5.65405e-11	0.169563	-9.29902e-12	0.173412	-5.65405e-11	
5.96	0.168986	-9.15894e-12	0.172794	-6.25844e-11	0.168986	-9.15894e-12	0.172794	-6.25844e-11	
5.98	0.168413	-9.01822e-12	0.17218	-6.81122e-11	0.168413	-9.01822e-12	0.17218	-6.81122e-11	
6	0.167843	-8.87704e-12	0.171572	-7.31521e-11	0.167843	-8.87704e-12	0.171572	-7.31521e-11	
6.02	0.167278	-8.73555e-12	0.170967	-7.7731e-11	0.167278	-8.73555e-12	0.170967	-7.7731e-11	
6.04	0.166716	-8.59392e-12	0.170367	-8.18748e-11	0.166716	-8.59392e-12	0.170367	-8.18748e-11	
6.06	0.166158	-8.45225e-12	0.169772	-8.56081e-11	0.166158	-8.45225e-12	0.169772	-8.56081e-11	
6.08	0.165604	-8.31069e-12	0.16918	-8.89544e-11	0.165604	-8.31069e-12	0.16918	-8.89544e-11	
6.1	0.165054	-8.16936e-12	0.168593	-9.19363e-11	0.165054	-8.16936e-12	0.168593	-9.19363e-11	
6.12	0.164507	-8.02839e-12	0.16801	-9.45751e-11	0.164507	-8.02839e-12	0.16801	-9.45751e-11	
6.14	0.163964	-7.88785e-12	0.167431	-9.68911e-11	0.163964	-7.88785e-12	0.167431	-9.68911e-11	
6.16	0.163424	-7.74788e-12	0.166856	-9.89041e-11	0.163424	-7.74788e-12	0.166856	-9.89041e-11	
6.18	0.162888	-7.60855e-12	0.166286	-1.00632e-10	0.162888	-7.60855e-12	0.166286	-1.00632e-10	
6.2	0.162356	-7.46995e-12	0.165719	-1.02094e-10	0.162356	-7.46995e-12	0.165719	-1.02094e-10	
6.22	0.161827	-7.33217e-12	0.165156	-1.03305e-10	0.161827	-7.33217e-12	0.165156	-1.03305e-10	
6.24	0.161301	-7.19526e-12	0.164597	-1.04282e-10	0.161301	-7.19526e-12	0.164597	-1.04282e-10	
6.26	0.160779	-7.05933e-12	0.164042	-1.0504e-10	0.160779	-7.05933e-12	0.164042	-1.0504e-10	
6.28	0.160261	-6.92443e-12	0.163491	-1.05593e-10	0.160261	-6.92443e-12	0.163491	-1.05593e-10	
6.3	0.159745	-6.79061e-12	0.162944	-1.05955e-10	0.159745	-6.79061e-12	0.162944	-1.05955e-10	
6.32	0.159233	-6.65792e-12	0.1624	-1.0614e-10	0.159233	-6.65792e-12	0.1624	-1.0614e-10	
6.34	0.158725	-6.52644e-12	0.16186	-1.06159e-10	0.158725	-6.52644e-12	0.16186	-1.06159e-10	
6.36	0.158219	-6.39618e-12	0.161324	-1.06024e-10	0.158219	-6.39618e-12	0.161324	-1.06024e-10	
6.38	0.157717	-6.2672e-12	0.160791	-1.05746e-10	0.157717	-6.2672e-12	0.160791	-1.05746e-10	
6.4	0.157218	-6.13955e-12	0.160262	-1.05336e-10	0.157218	-6.13955e-12	0.160262	-1.05336e-10	
6.42	0.156722	-6.01327e-12	0.159737	-1.04804e-10	0.156722	-6.01327e-12	0.159737	-1.04804e-10	
6.44	0.156229	-5.88835e-12	0.159215	-1.04159e-10	0.156229	-5.88835e-12	0.159215	-1.04159e-10	
6.46	0.15574	-5.76488e-12	0.158697	-1.03409e-10	0.15574	-5.76488e-12	0.158697	-1.03409e-10	
6.48	0.155253	-5.64282e-12	0.158182	-1.02565e-10	0.155253	-5.64282e-12	0.158182	-1.02565e-10	
6.5	0.15477	-5.52225e-12	0.15767	-1.01632e-10	0.15477	-5.52225e-12	0.15767	-1.01632e-10	
6.52	0.154289	-5.40318e-12	0.157162	-1.0062e-10	0.154289	-5.40318e-12	0.157162	-1.0062e-10	
6.54	0.153812	-5.28559e-12	0.156657	-9.95346e-11	0.153812	-5.28559e-12	0.156657	-9.95346e-11	
6.56	0.153337	-5.16954e-12	0.156156	-9.83828e-11	0.153337	-5.16954e-12	0.156156	-9.83828e-11	
6.58	0.152866	-5.055e-12	0.155657	-9.71711e-11	0.152866	-5.055e-12	0.155657	-9.71711e-11	
6.6	0.152397	-4.94203e-12	0.155162	-9.59053e-11	0.152397	-4.94203e-12	0.155162	-9.59053e-11	
6.62	0.151931	-4.83062e-12	0.154671	-9.4591e-11	0.151931	-4.83062e-12	0.154671	-9.4591e-11	
6.64	0.151469	-4.72076e-12	0.154182	-9.32335e-11	0.151469	-4.72076e-12	0.154182	-9.32335e-11	
6.66	0.151008	-4.61245e-12	0.153697	-9.18377e-11	0.151008	-4.61245e-12	0.153697	-9.18377e-11	
6.68	0.150551	-4.50573e-12	0.153214	-9.04083e-11	0.150551	-4.50573e-12	0.153214	-9.04083e-11	
6.7	0.150097	-4.40057e-12	0.152735	-8.89496e-11	0.150097	-4.40057e-12	0.152735	-8.89496e-11	
6.72	0.149645	-4.297e-12	0.152259	-8.74658e-11	0.149645	-4.297e-12	0.152259	-8.74658e-11	
6.74	0.149196	-4.195e-12	0.151786	-8.59605e-11	0.149196	-4.195e-12	0.151786	-8.59605e-11	
6.76	0.14875	-4.09458e-12	0.151316	-8.44375e-11	0.14875	-4.09458e-12	0.151316	-8.44375e-11	
6.78	0.148306	-3.99571e-12	0.150848	-8.29001e-11	0.148306	-3.99571e-12	0.150848	-8.29001e-11	
6.8	0.147865	-3.89841e-12	0.150384	-8.13514e-11	0.147865	-3.89841e-12	0.150384	-8.13514e-11	
6.82	0.147427	-3.80267e-12	0.149923	-7.97944e-11	0.147427	-3.80267e-12	0.149923	-7.97944e-11	
6.84	0.146991	-3.70848e-12	0.149465	-7.82318e-11	0.146991	-3.70848e-12	0.149465	-7.82318e-11	
6.86	0.146558	-3.61584e-12	0.149009	-7.66661e-11	0.146558	-3.61584e-12	0.149009	-7.66661e-11	
6.88	0.146127	-3.5247e-12	0.148556	-7.50997e-11	0.146127	-3.5247e-12	0.148556	-7.50997e-11	
6.9	0.145699	-3.43512e-12	0.148106	-7.35348e-11	0.145699	-3.43512e-12	0.148106	-7.35348e-11	
6.92	0.145273	-3.34705e-12	0.147659	-7.19735e-11	0.145273	-3.34705e-12	0.147659	-7.19735e-11	
6.94	0.14485	-3.26047e-12	0.147215	-7.04176e-11	0.14485	-3.26047e-12	0.147215	-7.04176e-11	
6.96	0.14443	-3.17539e-12	0.146773	-6.88689e-11	0.14443	-3.17539e-12	0.146773	-6.88689e-11	
6.98	0.144011	-3.09179e-12	0.146334	-6.73289e-11	0.144011	-3.09179e-12	0.146334	-6.73289e-11	
7	0.143596	-3.00966e-12	0.145898	-6.57993e-11	0.143596	-3.00966e-12	0.145898	-6.57993e-11	
7.02	0.143182	-2.929e-12	0.145464	-6.42812e-11	0.143182	-2.929e-12	0.145464	-6.42812e-11	
7.04	0.142771	-2.84976e-12	0.145033	-6.27761e-11	0.142771	-2.84976e-12	0.145033	-6.27761e-11	
7.06	0.142363	-2.77195e-12	0.144605	-6.1285e-11	0.142363	-2.77195e-12	0.144605	-6.1285e-11	
7.08	0.141957	-2.69555e-12	0.144179	-5.9809e-11	0.141957	-2.69555e-12	0.144179	-5.9809e-11	
7.1	0.141553	-2.62055e-12	0.143756	-5.8349e-11	0.141553	-2.62055e-12	0.143756	-5.8349e-11	
7.12	0.141151	-2.54695e-12	0.143335	-5.69059e-11	0.141151	-2.54695e-12	0.143335	-5.69059e-11	
7.14	0.140752	-2.4747e-12	0.142917	-5.54805e-11	0.140752	-2.4747e-12	0.142917	-5.54805e-11	
7.16	0.140355	-2.4038e-12	0.142501	-5.40734e-11	0.140355	-2.4038e-12	0.142501	-5.40734e-11	
7.18	0.13996	-2.33425e-12	0.142087	-5.26854e-11	0.13996	-2.33425e-12	0.142087	-5.26854e-11	
7.2	0.139567	-2.26601e-12	0.141677	-5.13169e-11	0.139567	-2.26601e-12	0.141677	-5.13169e-11	
7.22	0.139177	-2.19908e-12	0.141268	-4.99684e-11	0.139177	-2.19908e-12	0.141268	-4.99684e-11	
7.24	0.138789	-2.13343e-12	0.140862	-4.86403e-11	0.138789	-2.13343e-12	0.140862	-4.86403e-11	
7.26	0.138403	-2.06905e-12	0.140458	-4.73332e-11	0.138403	-2.06905e-12	0.140458	-4.73332e-11	
7.28	0.138019	-2.00594e-12	0.140057	-4.60471e-11	0.138019	-2.00594e-12	0.140057	-4.60471e-11	
7.3	0.137637	-1.94405e-12	0.139658	-4.47824e-11	0.137637	-1.94405e-12	0.139658	-4.47824e-11	
7.32	0.137257	-1.8834e-12	0.139261	-4.35394e-11	0.137257	-1.8834e-12	0.139261	-4.35394e-11	
7.34	0.13688	-1.82396e-12	0.138867	-4.23181e-11	0.13688	-1.82396e-12	0.138867	-4.23181e-11	
7.36	0.136504	-1.76567e-12	0.138475	-4.11188e-11	0.136504	-1.76567e-12	0.138475	-4.11188e-11	
7.38	0.136131	-1.70856e-12	0.138085	-3.99415e-11	0.136131	-1.70856e-12	0.138085	-3.99415e-11	
7.4	0.13576	-1.65263e-12	0.137697	-3.87862e-11	0.13576	-1.65263e-12	0.137697	-3.87862e-11	
7.42	0.13539	-1.59782e-12	0.137312	-3.7653e-11	0.13539	-1.59782e-12	0.137312	-3.7653e-11	
7.44	0.135023	-1.54412e-12	0.136929	-3.65419e-11	0.135023	-1.54412e-12	0.136929	-3.65419e-11	
7.46	0.134658	-1.49153e-12	0.136548	-3.54529e-11	0.134658	-1.49153e-12	0.136548	-3.54529e-11	
7.48	0.134295	-1.44003e-12	0.136169	-3.43858e-11	0.134295	-1.44003e-12	0.136169	-3.43858e-11	
7.5	0.133933	-1.38962e-12	0.135792	-3.33407e-11	0.133933	-1.38962e-12	0.135792	-3.33407e-11	
7.52	0.133574	-1.34023e-12	0.135417	-3.23173e-11	0.133574	-1.34023e-12	0.135417	-3.23173e-11	
7.54	0.133216	-1.29189e-12	0.135045	-3.13156e-11	0.133216	-1.29189e-12	0.135045	-3.13156e-11	
7.56	0.132861	-1.24458e-12	0.134674	-3.03353e-11	0.132861	-1.24458e-12	0.134674	-3.03353e-11	
7.58	0.132507	-1.19825e-12	0.134306	-2.93764e-11	0.132507	-1.19825e-12	0.134306	-2.93764e-11	
7.6	0.132155	-1.15292e-12	0.133939	-2.84386e-11	0.132155	-1.15292e-12	0.133939	-2.84386e-11	
7.62	0.131805	-1.10857e-12	0.133575	-2.75218e-11	0.131805	-1.10857e-12	0.133575	-2.75218e-11	
7.64	0.131457	-1.06517e-12	0.133213	-2.66257e-11	0.131457	-1.06517e-12	0.133213	-2.66257e-11	
7.66	0.131111	-1.02271e-12	0.132853	-2.57501e-11	0.131111	-1.02271e-12	0.132853	-2.57501e-11	
7.68	0.130767	-9.81168e-13	0.132494	-2.48947e-11	0.130767	-9.81168e-13	0.132494	-2.48947e-11	
7.7	0.130424	-9.40549e-13	0.132138	-2.40594e-11	0.130424	-9.40549e-13	0.132138	-2.40594e-11	
7.72	0.130083	-9.00805e-13	0.131783	-2.32438e-11	0.130083	-9.00805e-13	0.131783	-2.32438e-11	
7.74	0.129745	-8.61954e-13	0.131431	-2.24477e-11	0.129745	-8.61954e-13	0.131431	-2.24477e-11	
7.76	0.129407	-8.23962e-13	0.13108	-2.16709e-11	0.129407	-8.23962e-13	0.13108	-2.16709e-11	
7.78	0.129072	-7.86821e-13	0.130732	-2.0913e-11	0.129072	-7.86821e-13	0.130732	-2.0913e-11	
7.8	0.128738	-7.50513e-13	0.130385	-2.01738e-11	0.128738	-7.50513e-13	0.130385	-2.01738e-11	
7.82	0.128406	-7.15016e-13	0.13004	-1.94529e-11	0.128406	-7.15016e-13	0.13004	-1.94529e-11	
7.84	0.128076	-6.80326e-13	0.129697	-1.87501e-11	0.128076	-6.80326e-13	0.129697	-1.87501e-11	
7.86	0.127747	-6.46435e-13	0.129355	-1.80651e-11	0.127747	-6.46435e-13	0.129355	-1.80651e-11	
7.88	0.12742	-6.13301e-13	0.129016	-1.73976e-11	0.12742	-6.13301e-13	0.129016	-1.73976e-11	
7.9	0.127095	-5.80953e-13	0.128678	-1.67473e-11	0.127095	-5.80953e-13	0.128678	-1.67473e-11	
7.92	0.126772	-5.49344e-13	0.128343	-1.61139e-11	0.126772	-5.49344e-13	0.128343	-1.61139e-11	
7.94	0.12645	-5.18466e-13	0.128008	-1.54971e-11	0.12645	-5.18466e-13	0.128008	-1.54971e-11	
7.96	0.12613	-4.88313e-13	0.127676	-1.48965e-11	0.12613	-4.88313e-13	0.127676	-1.48965e-11	
7.98	0.125811	-4.58865e-13	0.127346	-1.4312e-11	0.125811	-4.58865e-13	0.127346	-1.4312e-11	
8	0.125494	-4.30117e-13	0.127017	-1.37431e-11	0.125494	-4.30117e-13	0.127017	-1.37431e-11	
8.02	0.125178	-4.02045e-13	0.12669	-1.31896e-11	0.125178	-4.02045e-13	0.12669	-1.31896e-11	
8.04	0.124865	-3.74649e-13	0.126364	-1.26512e-11	0.124865	-3.74649e-13	0.126364	-1.26512e-11	
8.06	0.124552	-3.47905e-13	0.126041	-1.21276e-11	0.124552	-3.47905e-13	0.126041	-1.21276e-11	
8.08	0.124242	-3.218e-13	0.125719	-1.16185e-11	0.124242	-3.218e-13	0.125719	-1.16185e-11	
8.1	0.123933	-2.96342e-13	0.125398	-1.11235e-11	0.123933	-2.96342e-13	0.125398	-1.11235e-11	
8.12	0.123625	-2.71494e-13	0.12508	-1.06425e-11	0.123625	-2.71494e-13	0.12508	-1.06425e-11	
8.14	0.123319	-2.47252e-13	0.124763	-1.01751e-11	0.123319	-2.47252e-13	0.124763	-1.01751e-11	
8.16	0.123014	-2.23614e-13	0.124447	-9.72094e-12	0.123014	-2.23614e-13	0.124447	-9.72094e-12	
8.18	0.122711	-2.00557e-13	0.124133	-9.27982e-12	0.122711	-2.00557e-13	0.124133	-9.27982e-12	
8.2	0.12241	-1.78084e-13	0.123821	-8.85148e-12	0.12241	-1.78084e-13	0.123821	-8.85148e-12	
8.22	0.12211	-1.56164e-13	0.123511	-8.43562e-12	0.12211	-1.56164e-13	0.123511	-8.43562e-12	
8.24	0.121811	-1.34803e-13	0.123202	-8.03194e-12	0.121811	-1.34803e-13	0.123202	-8.03194e-12	
8.26	0.121514	-1.13977e-13	0.122894	-7.64017e-12	0.121514	-1.13977e-13	0.122894	-7.64017e-12	
8.28	0.121218	-9.36875e-14	0.122588	-7.26005e-12	0.121218	-9.36875e-14	0.122588	-7.26005e-12	
8.3	0.120924	-7.39151e-14	0.122284	-6.89133e-12	0.120924	-7.39151e-14	0.122284	-6.89133e-12	
8.32	0.120631	-5.46614e-14	0.121981	-6.53366e-12	0.120631	-5.46614e-14	0.121981	-6.53366e-12	
8.34	0.12034	-3.59034e-14	0.12168	-6.18694e-12	0.12034	-3.59034e-14	0.12168	-6.18694e-12	
8.36	0.12005	-1.76229e-14	0.12138	-5.85078e-12	0.12005	-1.76229e-14	0.12138	-5.85078e-12	
8.38	0.119761	1.60972e-16	0.121081	-5.525e-12	0.119761	1.60972e-16	0.121081	-5.525e-12	
8.4	0.119474	1.74822e-14	0.120785	-5.20931e-12	0.119474	1.74822e-14	0.120785	-5.20931e-12	
8.42	0.119188	3.43375e-14	0.120489	-4.90348e-12	0.119188	3.43375e-14	0.120489	-4.90348e-12	
8.44	0.118904	5.07512e-14	0.120195	-4.6073e-12	0.118904	5.07512e-14	0.120195	-4.6073e-12	
8.46	0.118621	6.67112e-14	0.119903	-4.32051e-12	0.118621	6.67112e-14	0.119903	-4.32051e-12	
8.48	0.118339	8.22452e-14	0.119612	-4.04286e-12	0.118339	8.22452e-14	0.119612	-4.04286e-12	
8.5	0.118059	9.7352e-14	0.119322	-3.77415e-12	0.118059	9.7352e-14	0.119322	-3.77415e-12	
8.52	0.117779	1.12033e-13	0.119034	-3.51415e-12	0.117779	1.12033e-13	0.119034	-3.51415e-12	
8.54	0.117502	1.26316e-13	0.118747	-3.26262e-12	0.117502	1.26316e-13	0.118747	-3.26262e-12	
8.56	0.117225	1.40191e-13	0.118462	-3.01943e-12	0.117225	1.40191e-13	0.118462	-3.01943e-12	
8.58	0.11695	1.5369e-13	0.118178	-2.78427e-12	0.11695	1.5369e-13	0.118178	-2.78427e-12	
8.6	0.116676	1.66789e-13	0.117896	-2.55696e-12	0.116676	1.66789e-13	0.117896	-2.55696e-12	
8.62	0.116404	1.79529e-13	0.117614	-2.33732e-12	0.116404	1.79529e-13	0.117614	-2.33732e-12	
8.64	0.116132	1.91898e-13	0.117334	-2.12514e-12	0.116132	1.91898e-13	0.117334	-2.12514e-12	
8.66	0.115862	2.03909e-13	0.117056	-1.92022e-12	0.115862	2.03909e-13	0.117056	-1.92022e-12	
8.68	0.115594	2.15549e-13	0.116779	-1.72238e-12	0.115594	2.15549e-13	0.116779	-1.72238e-12	
8.7	0.115326	2.2686e-13	0.116503	-1.53143e-12	0.115326	2.2686e-13	0.116503	-1.53143e-12	
8.72	0.11506	2.3784e-13	0.116228	-1.34719e-12	0.11506	2.3784e-13	0.116228	-1.34719e-12	
8.74	0.114795	2.48476e-13	0.115955	-1.16944e-12	0.114795	2.48476e-13	0.115955	-1.16944e-12	
8.76	0.114531	2.58797e-13	0.115683	-9.9806e-13	0.114531	2.58797e-13	0.115683	-9.9806e-13	
8.78	0.114268	2.68794e-13	0.115413	-8.32861e-13	0.114268	2.68794e-13	0.115413	-8.32861e-13	
8.8	0.114007	2.78485e-13	0.115143	-6.73658e-13	0.114007	2.78485e-13	0.115143	-6.73658e-13	
8.82	0.113747	2.8787e-13	0.114875	-5.20308e-13	0.113747	2.8787e-13	0.114875	-5.20308e-13	
8.84	0.113488	2.9697e-13	0.114608	-3.72656e-13	0.113488	2.9697e-13	0.114608	-3.72656e-13	
8.86	0.11323	3.05777e-13	0.114343	-2.30507e-13	0.11323	3.05777e-13	0.114343	-2.30507e-13	
8.88	0.112973	3.1429e-13	0.114078	-9.37457e-14	0.112973	3.1429e-13	0.114078	-9.37457e-14	
8.9	0.112718	3.22538e-13	0.113815	3.77928e-14	0.112718	3.22538e-13	0.113815	3.77928e-14	
8.92	0.112464	3.30505e-13	0.113554	1.64244e-13	0.112464	3.30505e-13	0.113554	1.64244e-13	
8.94	0.11221	3.38204e-13	0.113293	2.85775e-13	0.11221	3.38204e-13	0.113293	2.85775e-13	
8.96	0.111958	3.45654e-13	0.113033	4.02511e-13	0.111958	3.45654e-13	0.113033	4.02511e-13	
8.98	0.111707	3.52841e-13	0.112775	5.14602e-13	0.111707	3.52841e-13	0.112775	5.14602e-13	
9	0.111458	3.59786e-13	0.112518	6.22136e-13	0.111458	3.59786e-13	0.112518	6.22136e-13	
9.02	0.111209	3.6648e-13	0.112262	7.25311e-13	0.111209	3.6648e-13	0.112262	7.25311e-13	
9.04	0.110961	3.72939e-13	0.112008	8.24208e-13	0.110961	3.72939e-13	0.112008	8.24208e-13	
9.06	0.110715	3.79172e-13	0.111754	9.18938e-13	0.110715	3.79172e-13	0.111754	9.18938e-13	
9.08	0.11047	3.85172e-13	0.111502	1.00971e-12	0.11047	3.85172e-13	0.111502	1.00971e-12	
9.1	0.110225	3.90948e-13	0.111251	1.0965e-12	0.110225	3.90948e-13	0.111251	1.0965e-12	
9.12	0.109982	3.96514e-13	0.111	1.17956e-12	0.109982	3.96514e-13	0.111	1.17956e-12	
9.14	0.10974	4.01861e-13	0.110752	1.25895e-12	0.10974	4.01861e-13	0.110752	1.25895e-12	
9.16	0.109499	4.07007e-13	0.110504	1.33475e-12	0.109499	4.07007e-13	0.110504	1.33475e-12	
9.18	0.109259	4.11943e-13	0.110257	1.4071e-12	0.109259	4.11943e-13	0.110257	1.4071e-12	
9.2	0.10902	4.16682e-13	0.110011	1.4761e-12	0.10902	4.16682e-13	0.110011	1.4761e-12	
9.22	0.108782	4.21232e-13	0.109767	1.54185e-12	0.108782	4.21232e-13	0.109767	1.54185e-12	
9.24	0.108545	4.25588e-13	0.109524	1.60445e-12	0.108545	4.25588e-13	0.109524	1.60445e-12	
9.26	0.108309	4.29762e-13	0.109281	1.66401e-12	0.108309	4.29762e-13	0.109281	1.66401e-12	
9.28	0.108075	4.33756e-13	0.10904	1.72062e-12	0.108075	4.33756e-13	0.10904	1.72062e-12	
9.3	0.107841	4.37571e-13	0.1088	1.77432e-12	0.107841	4.37571e-13	0.1088	1.77432e-12	
9.32	0.107608	4.41216e-13	0.108561	1.82525e-12	0.107608	4.41216e-13	0.108561	1.82525e-12	
9.34	0.107376	4.44694e-13	0.108323	1.87351e-12	0.107376	4.44694e-13	0.108323	1.87351e-12	
9.36	0.107146	4.48011e-13	0.108086	1.91915e-12	0.107146	4.48011e-13	0.108086	1.91915e-12	
9.38	0.106916	4.51162e-13	0.10785	1.96228e-12	0.106916	4.51162e-13	0.10785	1.96228e-12	
9.4	0.106687	4.5415e-13	0.107615	2.00298e-12	0.106687	4.5415e-13	0.107615	2.00298e-12	
9.42	0.106459	4.56994e-13	0.107382	2.04131e-12	0.106459	4.56994e-13	0.107382	2.04131e-12	
9.44	0.106232	4.59687e-13	0.107149	2.0773e-12	0.106232	4.59687e-13	0.107149	2.0773e-12	
9.46	0.106007	4.62236e-13	0.106917	2.11111e-12	0.106007	4.62236e-13	0.106917	2.11111e-12	
9.48	0.105782	4.64639e-13	0.106686	2.14281e-12	0.105782	4.64639e-13	0.106686	2.14281e-12	
9.5	0.105558	4.66902e-13	0.106456	2.17239e-12	0.105558	4.66902e-13	0.106456	2.17239e-12	
9.52	0.105335	4.69033e-13	0.106228	2.20001e-12	0.105335	4.69033e-13	0.106228	2.20001e-12	
9.54	0.105113	4.71026e-13	0.106	2.22569e-12	0.105113	4.71026e-13	0.106	2.22569e-12	
9.56	0.104892	4.72892e-13	0.105773	2.24947e-12	0.104892	4.72892e-13	0.105773	2.24947e-12	
9.58	0.104671	4.74632e-13	0.105547	2.27147e-12	0.104671	4.74632e-13	0.105547	2.27147e-12	
9.6	0.104452	4.76256e-13	0.105323	2.29172e-12	0.104452	4.76256e-13	0.105323	2.29172e-12	
9.62	0.104234	4.7776e-13	0.105099	2.31029e-12	0.104234	4.7776e-13	0.105099	2.31029e-12	
9.64	0.104016	4.79139e-13	0.104876	2.32723e-12	0.104016	4.79139e-13	0.104876	2.32723e-12	
9.66	0.1038	4.804e-13	0.104654	2.34257e-12	0.1038	4.804e-13	0.104654	2.34257e-12	
9.68	0.103584	4.81565e-13	0.104433	2.35643e-12	0.103584	4.81565e-13	0.104433	2.35643e-12	
9.7	0.103369	4.82612e-13	0.104213	2.36882e-12	0.103369	4.82612e-13	0.104213	2.36882e-12	
9.72	0.103156	4.83549e-13	0.103994	2.3798e-12	0.103156	4.83549e-13	0.103994	2.3798e-12	
9.74	0.102943	4.84396e-13	0.103775	2.38941e-12	0.102943	4.84396e-13	0.103775	2.38941e-12	
9.76	0.102731	4.85133e-13	0.103558	2.39771e-12	0.102731	4.85133e-13	0.103558	2.39771e-12	
9.78	0.102519	4.85777e-13	0.103342	2.40477e-12	0.102519	4.85777e-13	0.103342	2.40477e-12	
9.8	0.102309	4.86319e-13	0.103126	2.41057e-12	0.102309	4.86319e-13	0.103126	2.41057e-12	
9.82	0.1021	4.86777e-13	0.102912	2.41521e-12	0.1021	4.86777e-13	0.102912	2.41521e-12	
9.84	0.101891	4.87139e-13	0.102698	2.41873e-12	0.101891	4.87139e-13	0.102698	2.41873e-12	
9.86	0.101683	4.87414e-13	0.102486	2.42119e-12	0.101683	4.87414e-13	0.102486	2.42119e-12	
9.88	0.101476	4.87603e-13	0.102274	2.4226e-12	0.101476	4.87603e-13	0.102274	2.4226e-12	
9.9	0.10127	4.8771e-13	0.102063	2.42296e-12	0.10127	4.8771e-13	0.102063	2.42296e-12	
9.92	0.101065	4.87735e-13	0.101853	2.42239e-12	0.101065	4.87735e-13	0.101853	2.42239e-12	
9.94	0.100861	4.87673e-13	0.101643	2.42087e-12	0.100861	4.87673e-13	0.101643	2.42087e-12	
9.96	0.100657	4.87545e-13	0.101435	2.41847e-12	0.100657	4.87545e-13	0.101435	2.41847e-12	
9.98	0.100454	4.87333e-13	0.101228	2.41522e-12	0.100454	4.87333e-13	0.101228	2.41522e-12	
