0.0785398	0.0149726	-0.455561	0	0	0	0	-0.0190822	-0.950563	0.0149726	-0.455561	0	0	0	0	-0.0190822	-0.950563	
0.235619	0.0115107	-0.384403	0	0	0	0	-0.0179798	-0.870953	0.0115107	-0.384403	0	0	0	0	-0.0179798	-0.870953	
0.392699	0.00814998	-0.327683	0	0	0	0	-0.0173687	-0.800906	0.00814998	-0.327683	0	0	0	0	-0.0173687	-0.800906	
0.549779	0.00568485	-0.283057	0	0	0	0	-0.0164737	-0.73871	0.00568485	-0.283057	0	0	0	0	-0.0164737	-0.73871	
0.706858	0.00365566	-0.247089	0	0	0	0	-0.015521	-0.684005	0.00365566	-0.247089	0	0	0	0	-0.015521	-0.684005	
0.863938	0.00215332	-0.218733	0	0	0	0	-0.015627	-0.635001	0.00215332	-0.218733	0	0	0	0	-0.015627	-0.635001	
1.02102	0.00111606	-0.195538	0	0	0	0	-0.0140527	-0.591163	0.00111606	-0.195538	0	0	0	0	-0.0140527	-0.591163	
1.1781	0.00142277	-0.17681	0	0	0	0	-0.0130979	-0.552382	0.00142277	-0.17681	0	0	0	0	-0.0130979	-0.552382	
1.33518	0.00113184	-0.160276	0	0	0	0	-0.0120882	-0.517015	0.00113184	-0.160276	0	0	0	0	-0.0120882	-0.517015	
1.49226	0.00160083	-0.14639	0	0	0	0	-0.0107639	-0.484942	0.00160083	-0.14639	0	0	0	0	-0.0107639	-0.484942	
1.64934	0.000648187	-0.134647	0	0	0	0	-0.0105781	-0.456351	0.000648187	-0.134647	0	0	0	0	-0.0105781	-0.456351	
1.80642	0.000417865	-0.124159	0	0	0	0	-0.00950846	-0.431079	0.000417865	-0.124159	0	0	0	0	-0.00950846	-0.431079	
1.9635	0.000730936	-0.11571	0	0	0	0	-0.00905239	-0.40697	0.000730936	-0.11571	0	0	0	0	-0.00905239	-0.40697	
2.12058	4.17482e-05	-0.108434	0	0	0	0	-0.00838506	-0.387055	4.17482e-05	-0.108434	0	0	0	0	-0.00838506	-0.387055	
2.27765	-0.000208469	-0.100711	0	0	0	0	-0.00719236	-0.367172	-0.000208469	-0.100711	0	0	0	0	-0.00719236	-0.367172	
2.43473	-0.000551959	-0.0946181	0	0	0	0	-0.00696309	-0.349184	-0.000551959	-0.0946181	0	0	0	0	-0.00696309	-0.349184	
2.59181	-0.000838845	-0.0901297	0	0	0	0	-0.00698719	-0.333159	-0.000838845	-0.0901297	0	0	0	0	-0.00698719	-0.333159	
2.74889	-0.000809327	-0.0863078	0	0	0	0	-0.00658235	-0.318317	-0.000809327	-0.0863078	0	0	0	0	-0.00658235	-0.318317	
2.90597	-0.000476173	-0.0825585	0	0	0	0	-0.00575184	-0.304258	-0.000476173	-0.0825585	0	0	0	0	-0.00575184	-0.304258	
3.06305	-5.94493e-06	-0.0787573	0	0	0	0	-0.00479224	-0.290996	-5.94493e-06	-0.0787573	0	0	0	0	-0.00479224	-0.290996	
3.22013	0.000441081	-0.0750039	0	0	0	0	-0.00395674	-0.278659	0.000441081	-0.0750039	0	0	0	0	-0.00395674	-0.278659	
3.37721	0.000772698	-0.0714306	0	0	0	0	-0.00335857	-0.267321	0.000772698	-0.0714306	0	0	0	0	-0.00335857	-0.267321	
3.53429	0.000961284	-0.0681243	0	0	0	0	-0.00300066	-0.256963	0.000961284	-0.0681243	0	0	0	0	-0.00300066	-0.256963	
3.69137	0.00101999	-0.0651182	0	0	0	0	-0.0028307	-0.247499	0.00101999	-0.0651182	0	0	0	0	-0.0028307	-0.247499	
3.84845	0.000980026	-0.0624054	0	0	0	0	-0.00278319	-0.238814	0.000980026	-0.0624054	0	0	0	0	-0.00278319	-0.238814	
4.00553	0.000875879	-0.0599578	0	0	0	0	-0.00280052	-0.230794	0.000875879	-0.0599578	0	0	0	0	-0.00280052	-0.230794	
4.16261	0.000737645	-0.0577399	0	0	0	0	-0.00284097	-0.223335	0.000737645	-0.0577399	0	0	0	0	-0.00284097	-0.223335	
4.31969	0.000588272	-0.0557161	0	0	0	0	-0.0028785	-0.216352	0.000588272	-0.0557161	0	0	0	0	-0.0028785	-0.216352	
4.47677	0.000443356	-0.0538548	0	0	0	0	-0.00289925	-0.209779	0.000443356	-0.0538548	0	0	0	0	-0.00289925	-0.209779	
4.63385	0.000312516	-0.0521301	0	0	0	0	-0.00289787	-0.203566	0.000312516	-0.0521301	0	0	0	0	-0.00289787	-0.203566	
4.79093	0.000200655	-0.0505208	0	0	0	0	-0.00287432	-0.197674	0.000200655	-0.0505208	0	0	0	0	-0.00287432	-0.197674	
4.94801	0.000109575	-0.0490111	0	0	0	0	-0.00283127	-0.192073	0.000109575	-0.0490111	0	0	0	0	-0.00283127	-0.192073	
5.10509	3.89303e-05	-0.0475885	0	0	0	0	-0.00277266	-0.186741	3.89303e-05	-0.0475885	0	0	0	0	-0.00277266	-0.186741	
5.26217	-1.29019e-05	-0.0462428	0	0	0	0	-0.00270261	-0.18166	-1.29019e-05	-0.0462428	0	0	0	0	-0.00270261	-0.18166	
5.41925	-4.80851e-05	-0.0449668	0	0	0	0	-0.00262504	-0.176814	-4.80851e-05	-0.0449668	0	0	0	0	-0.00262504	-0.176814	
5.57633	-6.90684e-05	-0.0437545	0	0	0	0	-0.00254315	-0.172189	-6.90684e-05	-0.0437545	0	0	0	0	-0.00254315	-0.172189	
5.73341	-7.82891e-05	-0.0426009	0	0	0	0	-0.00245966	-0.167774	-7.82891e-05	-0.0426009	0	0	0	0	-0.00245966	-0.167774	
5.89049	-7.80452e-05	-0.0415016	0	0	0	0	-0.00237649	-0.163556	-7.80452e-05	-0.0415016	0	0	0	0	-0.00237649	-0.163556	
6.04757	-7.0338e-05	-0.0404533	0	0	0	0	-0.00229519	-0.159528	-7.0338e-05	-0.0404533	0	0	0	0	-0.00229519	-0.159528	
6.20465	-5.69523e-05	-0.0394527	0	0	0	0	-0.00221674	-0.155677	-5.69523e-05	-0.0394527	0	0	0	0	-0.00221674	-0.155677	
6.36173	-3.93881e-05	-0.0384971	0	0	0	0	-0.00214179	-0.151996	-3.93881e-05	-0.0384971	0	0	0	0	-0.00214179	-0.151996	
6.5188	-1.88763e-05	-0.0375841	0	0	0	0	-0.00207078	-0.148474	-1.88763e-05	-0.0375841	0	0	0	0	-0.00207078	-0.148474	
6.67588	3.52066e-06	-0.0367108	0	0	0	0	-0.00200379	-0.145104	3.52066e-06	-0.0367108	0	0	0	0	-0.00200379	-0.145104	
6.83296	2.70075e-05	-0.0358755	0	0	0	0	-0.00194086	-0.141876	2.70075e-05	-0.0358755	0	0	0	0	-0.00194086	-0.141876	
6.99004	5.09136e-05	-0.0350759	0	0	0	0	-0.00188181	-0.138785	5.09136e-05	-0.0350759	0	0	0	0	-0.00188181	-0.138785	
7.14712	7.47235e-05	-0.03431	0	0	0	0	-0.00182649	-0.135823	7.47235e-05	-0.03431	0	0	0	0	-0.00182649	-0.135823	
7.3042	9.80543e-05	-0.033576	0	0	0	0	-0.00177475	-0.13298	9.80543e-05	-0.033576	0	0	0	0	-0.00177475	-0.13298	
7.46128	0.000120611	-0.0328722	0	0	0	0	-0.00172624	-0.130253	0.000120611	-0.0328722	0	0	0	0	-0.00172624	-0.130253	
7.61836	0.000142162	-0.0321967	0	0	0	0	-0.00168081	-0.127634	0.000142162	-0.0321967	0	0	0	0	-0.00168081	-0.127634	
7.77544	0.000162585	-0.0315482	0	0	0	0	-0.00163815	-0.125117	0.000162585	-0.0315482	0	0	0	0	-0.00163815	-0.125117	
7.93252	0.000181776	-0.0309253	0	0	0	0	-0.00159798	-0.122697	0.000181776	-0.0309253	0	0	0	0	-0.00159798	-0.122697	
8.0896	0.000199683	-0.0303265	0	0	0	0	-0.00156012	-0.120369	0.000199683	-0.0303265	0	0	0	0	-0.00156012	-0.120369	
8.24668	0.000216275	-0.0297504	0	0	0	0	-0.00152431	-0.118128	0.000216275	-0.0297504	0	0	0	0	-0.00152431	-0.118128	
8.40376	0.000231571	-0.029196	0	0	0	0	-0.00149043	-0.115969	0.000231571	-0.029196	0	0	0	0	-0.00149043	-0.115969	
8.56084	0.000245577	-0.0286619	0	0	0	0	-0.00145823	-0.113888	0.000245577	-0.0286619	0	0	0	0	-0.00145823	-0.113888	
8.71792	0.000258346	-0.0281474	0	0	0	0	-0.00142756	-0.11188	0.000258346	-0.0281474	0	0	0	0	-0.00142756	-0.11188	
8.875	0.00026992	-0.0276513	0	0	0	0	-0.00139829	-0.109943	0.00026992	-0.0276513	0	0	0	0	-0.00139829	-0.109943	
9.03208	0.000280327	-0.0271724	0	0	0	0	-0.00137025	-0.108073	0.000280327	-0.0271724	0	0	0	0	-0.00137025	-0.108073	
9.18916	0.000289658	-0.0267102	0	0	0	0	-0.00134337	-0.106266	0.000289658	-0.0267102	0	0	0	0	-0.00134337	-0.106266	
9.34624	0.00029797	-0.0262639	0	0	0	0	-0.00131758	-0.104518	0.00029797	-0.0262639	0	0	0	0	-0.00131758	-0.104518	
9.50332	0.000305301	-0.0258324	0	0	0	0	-0.0012927	-0.102828	0.000305301	-0.0258324	0	0	0	0	-0.0012927	-0.102828	
9.6604	0.000311728	-0.025415	0	0	0	0	-0.00126869	-0.101192	0.000311728	-0.025415	0	0	0	0	-0.00126869	-0.101192	
9.81748	0.000317308	-0.0250112	0	0	0	0	-0.00124548	-0.0996081	0.000317308	-0.0250112	0	0	0	0	-0.00124548	-0.0996081	
9.97456	0.000322104	-0.0246204	0	0	0	0	-0.00122301	-0.0980734	0.000322104	-0.0246204	0	0	0	0	-0.00122301	-0.0980734	
10.1316	0.000326163	-0.0242417	0	0	0	0	-0.00120123	-0.0965859	0.000326163	-0.0242417	0	0	0	0	-0.00120123	-0.0965859	
10.2887	0.000329547	-0.0238748	0	0	0	0	-0.00118007	-0.0951432	0.000329547	-0.0238748	0	0	0	0	-0.00118007	-0.0951432	
10.4458	0.000332305	-0.023519	0	0	0	0	-0.0011595	-0.0937436	0.000332305	-0.023519	0	0	0	0	-0.0011595	-0.0937436	
10.6029	0.000334485	-0.0231738	0	0	0	0	-0.00113948	-0.0923849	0.000334485	-0.0231738	0	0	0	0	-0.00113948	-0.0923849	
10.76	0.000336135	-0.0228389	0	0	0	0	-0.00111999	-0.0910655	0.000336135	-0.0228389	0	0	0	0	-0.00111999	-0.0910655	
10.917	0.000337296	-0.0225137	0	0	0	0	-0.00110098	-0.0897836	0.000337296	-0.0225137	0	0	0	0	-0.00110098	-0.0897836	
11.0741	0.00033801	-0.0221977	0	0	0	0	-0.00108243	-0.0885376	0.00033801	-0.0221977	0	0	0	0	-0.00108243	-0.0885376	
11.2312	0.000338314	-0.0218907	0	0	0	0	-0.00106431	-0.0873261	0.000338314	-0.0218907	0	0	0	0	-0.00106431	-0.0873261	
11.3883	0.000338245	-0.0215922	0	0	0	0	-0.00104662	-0.0861475	0.000338245	-0.0215922	0	0	0	0	-0.00104662	-0.0861475	
11.5454	0.000337834	-0.0213019	0	0	0	0	-0.00102933	-0.0850006	0.000337834	-0.0213019	0	0	0	0	-0.00102933	-0.0850006	
11.7024	0.000337113	-0.0210194	0	0	0	0	-0.00101242	-0.0838841	0.000337113	-0.0210194	0	0	0	0	-0.00101242	-0.0838841	
11.8595	0.000336111	-0.0207444	0	0	0	0	-0.000995878	-0.0827968	0.000336111	-0.0207444	0	0	0	0	-0.000995878	-0.0827968	
12.0166	0.000334852	-0.0204767	0	0	0	0	-0.000979692	-0.0817374	0.000334852	-0.0204767	0	0	0	0	-0.000979692	-0.0817374	
12.1737	0.000333363	-0.0202158	0	0	0	0	-0.00096385	-0.0807051	0.000333363	-0.0202158	0	0	0	0	-0.00096385	-0.0807051	
12.3308	0.000331664	-0.0199617	0	0	0	0	-0.000948332	-0.0796987	0.000331664	-0.0199617	0	0	0	0	-0.000948332	-0.0796987	
12.4878	0.000329779	-0.0197139	0	0	0	0	-0.000933135	-0.0787172	0.000329779	-0.0197139	0	0	0	0	-0.000933135	-0.0787172	
12.6449	0.000327725	-0.0194723	0	0	0	0	-0.000918248	-0.0777597	0.000327725	-0.0194723	0	0	0	0	-0.000918248	-0.0777597	
12.802	0.00032552	-0.0192366	0	0	0	0	-0.000903664	-0.0768254	0.00032552	-0.0192366	0	0	0	0	-0.000903664	-0.0768254	
12.9591	0.000323181	-0.0190066	0	0	0	0	-0.000889373	-0.0759133	0.000323181	-0.0190066	0	0	0	0	-0.000889373	-0.0759133	
13.1161	0.000320723	-0.0187822	0	0	0	0	-0.000875374	-0.0750228	0.000320723	-0.0187822	0	0	0	0	-0.000875374	-0.0750228	
13.2732	0.000318158	-0.018563	0	0	0	0	-0.000861645	-0.074153	0.000318158	-0.018563	0	0	0	0	-0.000861645	-0.074153	
13.4303	0.000315502	-0.0183489	0	0	0	0	-0.00084819	-0.0733032	0.000315502	-0.0183489	0	0	0	0	-0.00084819	-0.0733032	
13.5874	0.000312764	-0.0181398	0	0	0	0	-0.000834997	-0.0724727	0.000312764	-0.0181398	0	0	0	0	-0.000834997	-0.0724727	
13.7445	0.000309956	-0.0179354	0	0	0	0	-0.000822067	-0.0716609	0.000309956	-0.0179354	0	0	0	0	-0.000822067	-0.0716609	
13.9015	0.000307088	-0.0177357	0	0	0	0	-0.000809389	-0.0708672	0.000307088	-0.0177357	0	0	0	0	-0.000809389	-0.0708672	
14.0586	0.000304168	-0.0175404	0	0	0	0	-0.000796957	-0.0700908	0.000304168	-0.0175404	0	0	0	0	-0.000796957	-0.0700908	
14.2157	0.000301205	-0.0173493	0	0	0	0	-0.000784769	-0.0693313	0.000301205	-0.0173493	0	0	0	0	-0.000784769	-0.0693313	
14.3728	0.000298206	-0.0171624	0	0	0	0	-0.000772815	-0.0685882	0.000298206	-0.0171624	0	0	0	0	-0.000772815	-0.0685882	
14.5299	0.000295179	-0.0169796	0	0	0	0	-0.000761091	-0.0678609	0.000295179	-0.0169796	0	0	0	0	-0.000761091	-0.0678609	
14.6869	0.000292129	-0.0168006	0	0	0	0	-0.0007496	-0.0671488	0.000292129	-0.0168006	0	0	0	0	-0.0007496	-0.0671488	
14.844	0.000289063	-0.0166254	0	0	0	0	-0.000738321	-0.0664515	0.000289063	-0.0166254	0	0	0	0	-0.000738321	-0.0664515	
15.0011	0.000285985	-0.0164538	0	0	0	0	-0.00072726	-0.0657687	0.000285985	-0.0164538	0	0	0	0	-0.00072726	-0.0657687	
15.1582	0.000282901	-0.0162857	0	0	0	0	-0.00071642	-0.0650996	0.000282901	-0.0162857	0	0	0	0	-0.00071642	-0.0650996	
15.3153	0.000279815	-0.0161211	0	0	0	0	-0.000705778	-0.0644441	0.000279815	-0.0161211	0	0	0	0	-0.000705778	-0.0644441	
15.4723	0.00027673	-0.0159598	0	0	0	0	-0.00069534	-0.0638016	0.00027673	-0.0159598	0	0	0	0	-0.00069534	-0.0638016	
15.6294	0.000273651	-0.0158017	0	0	0	0	-0.000685106	-0.0631718	0.000273651	-0.0158017	0	0	0	0	-0.000685106	-0.0631718	
15.7865	0.00027058	-0.0156467	0	0	0	0	-0.000675066	-0.0625544	0.00027058	-0.0156467	0	0	0	0	-0.000675066	-0.0625544	
15.9436	0.000267521	-0.0154947	0	0	0	0	-0.000665216	-0.0619489	0.000267521	-0.0154947	0	0	0	0	-0.000665216	-0.0619489	
16.1007	0.000264476	-0.0153457	0	0	0	0	-0.000655549	-0.061355	0.000264476	-0.0153457	0	0	0	0	-0.000655549	-0.061355	
16.2577	0.000261447	-0.0151995	0	0	0	0	-0.000646063	-0.0607724	0.000261447	-0.0151995	0	0	0	0	-0.000646063	-0.0607724	
16.4148	0.000258438	-0.0150561	0	0	0	0	-0.000636763	-0.0602007	0.000258438	-0.0150561	0	0	0	0	-0.000636763	-0.0602007	
16.5719	0.000255449	-0.0149154	0	0	0	0	-0.000627639	-0.0596397	0.000255449	-0.0149154	0	0	0	0	-0.000627639	-0.0596397	
16.729	0.000252482	-0.0147773	0	0	0	0	-0.000618679	-0.0590891	0.000252482	-0.0147773	0	0	0	0	-0.000618679	-0.0590891	
16.8861	0.00024954	-0.0146417	0	0	0	0	-0.000609896	-0.0585484	0.00024954	-0.0146417	0	0	0	0	-0.000609896	-0.0585484	
17.0431	0.000246623	-0.0145086	0	0	0	0	-0.000601276	-0.0580176	0.000246623	-0.0145086	0	0	0	0	-0.000601276	-0.0580176	
17.2002	0.000243732	-0.0143779	0	0	0	0	-0.00059281	-0.0574963	0.000243732	-0.0143779	0	0	0	0	-0.00059281	-0.0574963	
17.3573	0.000240869	-0.0142496	0	0	0	0	-0.000584502	-0.0569843	0.000240869	-0.0142496	0	0	0	0	-0.000584502	-0.0569843	
17.5144	0.000238034	-0.0141235	0	0	0	0	-0.000576354	-0.0564813	0.000238034	-0.0141235	0	0	0	0	-0.000576354	-0.0564813	
17.6715	0.000235229	-0.0139997	0	0	0	0	-0.000568359	-0.0559871	0.000235229	-0.0139997	0	0	0	0	-0.000568359	-0.0559871	
17.8285	0.000232454	-0.013878	0	0	0	0	-0.000560507	-0.0555015	0.000232454	-0.013878	0	0	0	0	-0.000560507	-0.0555015	
17.9856	0.000229709	-0.0137584	0	0	0	0	-0.0005528	-0.0550242	0.000229709	-0.0137584	0	0	0	0	-0.0005528	-0.0550242	
18.1427	0.000226995	-0.0136408	0	0	0	0	-0.000545241	-0.054555	0.000226995	-0.0136408	0	0	0	0	-0.000545241	-0.054555	
18.2998	0.000224313	-0.0135252	0	0	0	0	-0.000537813	-0.0540937	0.000224313	-0.0135252	0	0	0	0	-0.000537813	-0.0540937	
18.4569	0.000221662	-0.0134116	0	0	0	0	-0.000530528	-0.0536401	0.000221662	-0.0134116	0	0	0	0	-0.000530528	-0.0536401	
18.6139	0.000219043	-0.0132999	0	0	0	0	-0.000523369	-0.0531942	0.000219043	-0.0132999	0	0	0	0	-0.000523369	-0.0531942	
18.771	0.000216457	-0.01319	0	0	0	0	-0.000516347	-0.0527554	0.000216457	-0.01319	0	0	0	0	-0.000516347	-0.0527554	
18.9281	0.000213904	-0.013082	0	0	0	0	-0.000509447	-0.0523239	0.000213904	-0.013082	0	0	0	0	-0.000509447	-0.0523239	
19.0852	0.000211382	-0.0129756	0	0	0	0	-0.000502673	-0.0518994	0.000211382	-0.0129756	0	0	0	0	-0.000502673	-0.0518994	
19.2423	0.000208894	-0.0128711	0	0	0	0	-0.000496022	-0.0514817	0.000208894	-0.0128711	0	0	0	0	-0.000496022	-0.0514817	
19.3993	0.000206437	-0.0127681	0	0	0	0	-0.00048949	-0.0510706	0.000206437	-0.0127681	0	0	0	0	-0.00048949	-0.0510706	
19.5564	0.000204013	-0.0126668	0	0	0	0	-0.000483079	-0.050666	0.000204013	-0.0126668	0	0	0	0	-0.000483079	-0.050666	
19.7135	0.000201621	-0.0125671	0	0	0	0	-0.000476778	-0.0502678	0.000201621	-0.0125671	0	0	0	0	-0.000476778	-0.0502678	
19.8706	0.000199261	-0.012469	0	0	0	0	-0.00047059	-0.0498758	0.000199261	-0.012469	0	0	0	0	-0.00047059	-0.0498758	
20.0277	0.000196934	-0.0123724	0	0	0	0	-0.000464513	-0.0494898	0.000196934	-0.0123724	0	0	0	0	-0.000464513	-0.0494898	
20.1847	0.000194638	-0.0122772	0	0	0	0	-0.000458545	-0.0491097	0.000194638	-0.0122772	0	0	0	0	-0.000458545	-0.0491097	
20.3418	0.000192374	-0.0121835	0	0	0	0	-0.000452676	-0.0487354	0.000192374	-0.0121835	0	0	0	0	-0.000452676	-0.0487354	
20.4989	0.000190141	-0.0120913	0	0	0	0	-0.00044692	-0.0483668	0.000190141	-0.0120913	0	0	0	0	-0.00044692	-0.0483668	
20.656	0.00018794	-0.0120004	0	0	0	0	-0.000441259	-0.0480037	0.00018794	-0.0120004	0	0	0	0	-0.000441259	-0.0480037	
20.8131	0.000185769	-0.0119109	0	0	0	0	-0.000435698	-0.047646	0.000185769	-0.0119109	0	0	0	0	-0.000435698	-0.047646	
20.9701	0.000183628	-0.0118227	0	0	0	0	-0.000430232	-0.0472935	0.000183628	-0.0118227	0	0	0	0	-0.000430232	-0.0472935	
21.1272	0.000181519	-0.0117358	0	0	0	0	-0.000424862	-0.0469462	0.000181519	-0.0117358	0	0	0	0	-0.000424862	-0.0469462	
21.2843	0.000179438	-0.0116501	0	0	0	0	-0.000419583	-0.046604	0.000179438	-0.0116501	0	0	0	0	-0.000419583	-0.046604	
21.4414	0.000177387	-0.0115657	0	0	0	0	-0.000414397	-0.0462666	0.000177387	-0.0115657	0	0	0	0	-0.000414397	-0.0462666	
21.5984	0.000175366	-0.0114825	0	0	0	0	-0.0004093	-0.0459342	0.000175366	-0.0114825	0	0	0	0	-0.0004093	-0.0459342	
21.7555	0.000173374	-0.0114005	0	0	0	0	-0.000404288	-0.0456065	0.000173374	-0.0114005	0	0	0	0	-0.000404288	-0.0456065	
21.9126	0.00017141	-0.0113197	0	0	0	0	-0.000399361	-0.0452834	0.00017141	-0.0113197	0	0	0	0	-0.000399361	-0.0452834	
22.0697	0.000169474	-0.01124	0	0	0	0	-0.00039452	-0.0449648	0.000169474	-0.01124	0	0	0	0	-0.00039452	-0.0449648	
22.2268	0.000167566	-0.0111614	0	0	0	0	-0.00038976	-0.0446507	0.000167566	-0.0111614	0	0	0	0	-0.00038976	-0.0446507	
22.3838	0.000165686	-0.0110839	0	0	0	0	-0.000385081	-0.0443409	0.000165686	-0.0110839	0	0	0	0	-0.000385081	-0.0443409	
22.5409	0.000163833	-0.0110075	0	0	0	0	-0.000380478	-0.0440354	0.000163833	-0.0110075	0	0	0	0	-0.000380478	-0.0440354	
22.698	0.000162006	-0.0109321	0	0	0	0	-0.000375954	-0.043734	0.000162006	-0.0109321	0	0	0	0	-0.000375954	-0.043734	
22.8551	0.000160206	-0.0108577	0	0	0	0	-0.000371505	-0.0434367	0.000160206	-0.0108577	0	0	0	0	-0.000371505	-0.0434367	
23.0122	0.000158432	-0.0107844	0	0	0	0	-0.00036713	-0.0431434	0.000158432	-0.0107844	0	0	0	0	-0.00036713	-0.0431434	
23.1692	0.000156684	-0.010712	0	0	0	0	-0.000362828	-0.0428541	0.000156684	-0.010712	0	0	0	0	-0.000362828	-0.0428541	
23.3263	0.00015496	-0.0106406	0	0	0	0	-0.000358594	-0.0425686	0.00015496	-0.0106406	0	0	0	0	-0.000358594	-0.0425686	
23.4834	0.000153262	-0.0105701	0	0	0	0	-0.000354431	-0.0422868	0.000153262	-0.0105701	0	0	0	0	-0.000354431	-0.0422868	
23.6405	0.000151588	-0.0105006	0	0	0	0	-0.000350336	-0.0420088	0.000151588	-0.0105006	0	0	0	0	-0.000350336	-0.0420088	
23.7976	0.000149939	-0.0104319	0	0	0	0	-0.000346308	-0.0417343	0.000149939	-0.0104319	0	0	0	0	-0.000346308	-0.0417343	
23.9546	0.000148313	-0.0103642	0	0	0	0	-0.000342344	-0.0414635	0.000148313	-0.0103642	0	0	0	0	-0.000342344	-0.0414635	
24.1117	0.000146711	-0.0102973	0	0	0	0	-0.000338445	-0.0411961	0.000146711	-0.0102973	0	0	0	0	-0.000338445	-0.0411961	
24.2688	0.000145131	-0.0102313	0	0	0	0	-0.000334609	-0.0409321	0.000145131	-0.0102313	0	0	0	0	-0.000334609	-0.0409321	
24.4259	0.000143575	-0.0101661	0	0	0	0	-0.000330833	-0.0406715	0.000143575	-0.0101661	0	0	0	0	-0.000330833	-0.0406715	
24.583	0.00014204	-0.0101018	0	0	0	0	-0.000327119	-0.0404142	0.00014204	-0.0101018	0	0	0	0	-0.000327119	-0.0404142	
24.74	0.000140528	-0.0100382	0	0	0	0	-0.000323462	-0.0401601	0.000140528	-0.0100382	0	0	0	0	-0.000323462	-0.0401601	
24.8971	0.000139038	-0.00997548	0	0	0	0	-0.000319864	-0.0399091	0.000139038	-0.00997548	0	0	0	0	-0.000319864	-0.0399091	
25.0542	0.000137569	-0.00991351	0	0	0	0	-0.000316324	-0.0396613	0.000137569	-0.00991351	0	0	0	0	-0.000316324	-0.0396613	
25.2113	0.000136121	-0.0098523	0	0	0	0	-0.000312837	-0.0394165	0.000136121	-0.0098523	0	0	0	0	-0.000312837	-0.0394165	
25.3684	0.000134693	-0.00979183	0	0	0	0	-0.000309405	-0.0391747	0.000134693	-0.00979183	0	0	0	0	-0.000309405	-0.0391747	
25.5254	0.000133286	-0.00973211	0	0	0	0	-0.000306027	-0.0389359	0.000133286	-0.00973211	0	0	0	0	-0.000306027	-0.0389359	
25.6825	0.000131898	-0.00967311	0	0	0	0	-0.000302703	-0.0386999	0.000131898	-0.00967311	0	0	0	0	-0.000302703	-0.0386999	
25.8396	0.000130531	-0.00961481	0	0	0	0	-0.000299429	-0.0384667	0.000130531	-0.00961481	0	0	0	0	-0.000299429	-0.0384667	
25.9967	0.000129183	-0.00955722	0	0	0	0	-0.000296204	-0.0382364	0.000129183	-0.00955722	0	0	0	0	-0.000296204	-0.0382364	
26.1538	0.000127853	-0.00950031	0	0	0	0	-0.000293029	-0.0380088	0.000127853	-0.00950031	0	0	0	0	-0.000293029	-0.0380088	
26.3108	0.000126543	-0.00944406	0	0	0	0	-0.000289904	-0.0377839	0.000126543	-0.00944406	0	0	0	0	-0.000289904	-0.0377839	
26.4679	0.000125251	-0.0093885	0	0	0	0	-0.000286825	-0.0375616	0.000125251	-0.0093885	0	0	0	0	-0.000286825	-0.0375616	
26.625	0.000123977	-0.00933356	0	0	0	0	-0.000283793	-0.0373419	0.000123977	-0.00933356	0	0	0	0	-0.000283793	-0.0373419	
26.7821	0.000122721	-0.00927927	0	0	0	0	-0.000280807	-0.0371247	0.000122721	-0.00927927	0	0	0	0	-0.000280807	-0.0371247	
26.9392	0.000121483	-0.00922561	0	0	0	0	-0.000277866	-0.0369101	0.000121483	-0.00922561	0	0	0	0	-0.000277866	-0.0369101	
27.0962	0.000120261	-0.00917256	0	0	0	0	-0.00027497	-0.0366979	0.000120261	-0.00917256	0	0	0	0	-0.00027497	-0.0366979	
27.2533	0.000119057	-0.00912011	0	0	0	0	-0.000272115	-0.0364881	0.000119057	-0.00912011	0	0	0	0	-0.000272115	-0.0364881	
27.4104	0.00011787	-0.00906828	0	0	0	0	-0.000269303	-0.0362808	0.00011787	-0.00906828	0	0	0	0	-0.000269303	-0.0362808	
27.5675	0.000116698	-0.009017	0	0	0	0	-0.000266532	-0.0360757	0.000116698	-0.009017	0	0	0	0	-0.000266532	-0.0360757	
27.7246	0.000115544	-0.00896632	0	0	0	0	-0.000263803	-0.035873	0.000115544	-0.00896632	0	0	0	0	-0.000263803	-0.035873	
27.8816	0.000114404	-0.00891619	0	0	0	0	-0.000261115	-0.0356724	0.000114404	-0.00891619	0	0	0	0	-0.000261115	-0.0356724	
28.0387	0.000113281	-0.00886663	0	0	0	0	-0.000258464	-0.0354742	0.000113281	-0.00886663	0	0	0	0	-0.000258464	-0.0354742	
28.1958	0.000112173	-0.00881761	0	0	0	0	-0.000255853	-0.0352781	0.000112173	-0.00881761	0	0	0	0	-0.000255853	-0.0352781	
28.3529	0.00011108	-0.00876913	0	0	0	0	-0.000253279	-0.0350842	0.00011108	-0.00876913	0	0	0	0	-0.000253279	-0.0350842	
28.51	0.000110001	-0.00872117	0	0	0	0	-0.000250743	-0.0348923	0.000110001	-0.00872117	0	0	0	0	-0.000250743	-0.0348923	
28.667	0.000108938	-0.00867374	0	0	0	0	-0.000248242	-0.0347027	0.000108938	-0.00867374	0	0	0	0	-0.000248242	-0.0347027	
28.8241	0.000107889	-0.00862683	0	0	0	0	-0.000245778	-0.0345149	0.000107889	-0.00862683	0	0	0	0	-0.000245778	-0.0345149	
28.9812	0.000106854	-0.0085804	0	0	0	0	-0.000243349	-0.0343293	0.000106854	-0.0085804	0	0	0	0	-0.000243349	-0.0343293	
29.1383	0.000105833	-0.00853448	0	0	0	0	-0.000240954	-0.0341456	0.000105833	-0.00853448	0	0	0	0	-0.000240954	-0.0341456	
29.2954	0.000104825	-0.00848904	0	0	0	0	-0.000238593	-0.0339639	0.000104825	-0.00848904	0	0	0	0	-0.000238593	-0.0339639	
29.4524	0.000103832	-0.0084441	0	0	0	0	-0.000236266	-0.033784	0.000103832	-0.0084441	0	0	0	0	-0.000236266	-0.033784	
29.6095	0.000102851	-0.00839961	0	0	0	0	-0.000233971	-0.0336061	0.000102851	-0.00839961	0	0	0	0	-0.000233971	-0.0336061	
29.7666	0.000101883	-0.0083556	0	0	0	0	-0.000231709	-0.03343	0.000101883	-0.0083556	0	0	0	0	-0.000231709	-0.03343	
29.9237	0.000100929	-0.00831205	0	0	0	0	-0.000229477	-0.0332557	0.000100929	-0.00831205	0	0	0	0	-0.000229477	-0.0332557	
30.0807	9.99862e-05	-0.00826893	0	0	0	0	-0.000227278	-0.0330833	9.99862e-05	-0.00826893	0	0	0	0	-0.000227278	-0.0330833	
30.2378	9.90565e-05	-0.00822627	0	0	0	0	-0.000225107	-0.0329127	9.90565e-05	-0.00822627	0	0	0	0	-0.000225107	-0.0329127	
30.3949	9.8139e-05	-0.00818405	0	0	0	0	-0.000222968	-0.0327437	9.8139e-05	-0.00818405	0	0	0	0	-0.000222968	-0.0327437	
30.552	9.72333e-05	-0.00814225	0	0	0	0	-0.000220857	-0.0325765	9.72333e-05	-0.00814225	0	0	0	0	-0.000220857	-0.0325765	
30.7091	9.63396e-05	-0.00810088	0	0	0	0	-0.000218775	-0.032411	9.63396e-05	-0.00810088	0	0	0	0	-0.000218775	-0.032411	
30.8661	9.54575e-05	-0.00805993	0	0	0	0	-0.000216722	-0.0322472	9.54575e-05	-0.00805993	0	0	0	0	-0.000216722	-0.0322472	
31.0232	9.45868e-05	-0.00801939	0	0	0	0	-0.000214697	-0.0320849	9.45868e-05	-0.00801939	0	0	0	0	-0.000214697	-0.0320849	
31.1803	9.37272e-05	-0.00797924	0	0	0	0	-0.000212698	-0.0319244	9.37272e-05	-0.00797924	0	0	0	0	-0.000212698	-0.0319244	
31.3374	9.28788e-05	-0.0079395	0	0	0	0	-0.000210727	-0.0317654	9.28788e-05	-0.0079395	0	0	0	0	-0.000210727	-0.0317654	
31.4945	9.20413e-05	-0.00790015	0	0	0	0	-0.000208781	-0.031608	9.20413e-05	-0.00790015	0	0	0	0	-0.000208781	-0.031608	
31.6515	9.12148e-05	-0.0078612	0	0	0	0	-0.000206863	-0.0314521	9.12148e-05	-0.0078612	0	0	0	0	-0.000206863	-0.0314521	
31.8086	9.03985e-05	-0.00782263	0	0	0	0	-0.000204969	-0.0312978	9.03985e-05	-0.00782263	0	0	0	0	-0.000204969	-0.0312978	
31.9657	8.95925e-05	-0.00778442	0	0	0	0	-0.000203101	-0.031145	8.95925e-05	-0.00778442	0	0	0	0	-0.000203101	-0.031145	
32.1228	8.87971e-05	-0.0077466	0	0	0	0	-0.000201256	-0.0309937	8.87971e-05	-0.0077466	0	0	0	0	-0.000201256	-0.0309937	
32.2799	8.80115e-05	-0.00770912	0	0	0	0	-0.000199438	-0.0308437	8.80115e-05	-0.00770912	0	0	0	0	-0.000199438	-0.0308437	
32.4369	8.72359e-05	-0.00767202	0	0	0	0	-0.000197641	-0.0306953	8.72359e-05	-0.00767202	0	0	0	0	-0.000197641	-0.0306953	
32.594	8.64699e-05	-0.00763527	0	0	0	0	-0.00019587	-0.0305483	8.64699e-05	-0.00763527	0	0	0	0	-0.00019587	-0.0305483	
32.7511	8.57136e-05	-0.00759886	0	0	0	0	-0.00019412	-0.0304026	8.57136e-05	-0.00759886	0	0	0	0	-0.00019412	-0.0304026	
32.9082	8.49669e-05	-0.00756282	0	0	0	0	-0.000192394	-0.0302584	8.49669e-05	-0.00756282	0	0	0	0	-0.000192394	-0.0302584	
33.0653	8.42293e-05	-0.0075271	0	0	0	0	-0.000190688	-0.0301155	8.42293e-05	-0.0075271	0	0	0	0	-0.000190688	-0.0301155	
33.2223	8.35008e-05	-0.00749172	0	0	0	0	-0.000189007	-0.029974	8.35008e-05	-0.00749172	0	0	0	0	-0.000189007	-0.029974	
33.3794	8.27813e-05	-0.00745667	0	0	0	0	-0.000187346	-0.0298337	8.27813e-05	-0.00745667	0	0	0	0	-0.000187346	-0.0298337	
33.5365	8.20706e-05	-0.00742193	0	0	0	0	-0.000185706	-0.0296948	8.20706e-05	-0.00742193	0	0	0	0	-0.000185706	-0.0296948	
33.6936	8.13689e-05	-0.00738754	0	0	0	0	-0.000184086	-0.0295572	8.13689e-05	-0.00738754	0	0	0	0	-0.000184086	-0.0295572	
33.8507	8.06757e-05	-0.00735345	0	0	0	0	-0.000182488	-0.0294208	8.06757e-05	-0.00735345	0	0	0	0	-0.000182488	-0.0294208	
34.0077	7.99908e-05	-0.00731967	0	0	0	0	-0.00018091	-0.0292857	7.99908e-05	-0.00731967	0	0	0	0	-0.00018091	-0.0292857	
34.1648	7.93144e-05	-0.00728621	0	0	0	0	-0.000179351	-0.0291518	7.93144e-05	-0.00728621	0	0	0	0	-0.000179351	-0.0291518	
34.3219	7.86461e-05	-0.00725305	0	0	0	0	-0.000177812	-0.0290191	7.86461e-05	-0.00725305	0	0	0	0	-0.000177812	-0.0290191	
34.479	7.79858e-05	-0.00722018	0	0	0	0	-0.000176293	-0.0288876	7.79858e-05	-0.00722018	0	0	0	0	-0.000176293	-0.0288876	
34.6361	7.73338e-05	-0.00718763	0	0	0	0	-0.000174793	-0.0287573	7.73338e-05	-0.00718763	0	0	0	0	-0.000174793	-0.0287573	
34.7931	7.66891e-05	-0.00715534	0	0	0	0	-0.00017331	-0.0286281	7.66891e-05	-0.00715534	0	0	0	0	-0.00017331	-0.0286281	
34.9502	7.60524e-05	-0.00712335	0	0	0	0	-0.000171846	-0.0285002	7.60524e-05	-0.00712335	0	0	0	0	-0.000171846	-0.0285002	
35.1073	7.54233e-05	-0.00709165	0	0	0	0	-0.0001704	-0.0283734	7.54233e-05	-0.00709165	0	0	0	0	-0.0001704	-0.0283734	
35.2644	7.48016e-05	-0.00706023	0	0	0	0	-0.000168971	-0.0282476	7.48016e-05	-0.00706023	0	0	0	0	-0.000168971	-0.0282476	
35.4215	7.41874e-05	-0.00702909	0	0	0	0	-0.00016756	-0.0281231	7.41874e-05	-0.00702909	0	0	0	0	-0.00016756	-0.0281231	
35.5785	7.35803e-05	-0.00699821	0	0	0	0	-0.000166167	-0.0279995	7.35803e-05	-0.00699821	0	0	0	0	-0.000166167	-0.0279995	
35.7356	7.29806e-05	-0.00696762	0	0	0	0	-0.000164789	-0.0278771	7.29806e-05	-0.00696762	0	0	0	0	-0.000164789	-0.0278771	
35.8927	7.23875e-05	-0.00693727	0	0	0	0	-0.000163429	-0.0277557	7.23875e-05	-0.00693727	0	0	0	0	-0.000163429	-0.0277557	
36.0498	7.18017e-05	-0.00690721	0	0	0	0	-0.000162085	-0.0276354	7.18017e-05	-0.00690721	0	0	0	0	-0.000162085	-0.0276354	
36.2069	7.12226e-05	-0.00687739	0	0	0	0	-0.000160758	-0.0275161	7.12226e-05	-0.00687739	0	0	0	0	-0.000160758	-0.0275161	
36.3639	7.06504e-05	-0.00684784	0	0	0	0	-0.000159445	-0.0273978	7.06504e-05	-0.00684784	0	0	0	0	-0.000159445	-0.0273978	
36.521	7.00846e-05	-0.00681853	0	0	0	0	-0.000158148	-0.0272806	7.00846e-05	-0.00681853	0	0	0	0	-0.000158148	-0.0272806	
36.6781	6.95255e-05	-0.00678948	0	0	0	0	-0.000156867	-0.0271643	6.95255e-05	-0.00678948	0	0	0	0	-0.000156867	-0.0271643	
36.8352	6.89726e-05	-0.00676066	0	0	0	0	-0.000155602	-0.0270491	6.89726e-05	-0.00676066	0	0	0	0	-0.000155602	-0.0270491	
36.9923	6.84262e-05	-0.00673209	0	0	0	0	-0.000154351	-0.0269347	6.84262e-05	-0.00673209	0	0	0	0	-0.000154351	-0.0269347	
37.1493	6.78859e-05	-0.00670376	0	0	0	0	-0.000153114	-0.0268214	6.78859e-05	-0.00670376	0	0	0	0	-0.000153114	-0.0268214	
37.3064	6.73518e-05	-0.00667566	0	0	0	0	-0.000151893	-0.026709	6.73518e-05	-0.00667566	0	0	0	0	-0.000151893	-0.026709	
37.4635	6.68239e-05	-0.00664781	0	0	0	0	-0.000150685	-0.0265975	6.68239e-05	-0.00664781	0	0	0	0	-0.000150685	-0.0265975	
37.6206	6.6302e-05	-0.00662019	0	0	0	0	-0.00014949	-0.026487	6.6302e-05	-0.00662019	0	0	0	0	-0.00014949	-0.026487	
37.7777	6.57857e-05	-0.00659278	0	0	0	0	-0.000148311	-0.0263774	6.57857e-05	-0.00659278	0	0	0	0	-0.000148311	-0.0263774	
37.9347	6.52755e-05	-0.00656561	0	0	0	0	-0.000147145	-0.0262687	6.52755e-05	-0.00656561	0	0	0	0	-0.000147145	-0.0262687	
38.0918	6.47709e-05	-0.00653866	0	0	0	0	-0.000145991	-0.0261609	6.47709e-05	-0.00653866	0	0	0	0	-0.000145991	-0.0261609	
38.2489	6.42721e-05	-0.00651194	0	0	0	0	-0.000144852	-0.0260539	6.42721e-05	-0.00651194	0	0	0	0	-0.000144852	-0.0260539	
38.406	6.37786e-05	-0.00648542	0	0	0	0	-0.000143726	-0.0259478	6.37786e-05	-0.00648542	0	0	0	0	-0.000143726	-0.0259478	
38.563	6.32909e-05	-0.00645913	0	0	0	0	-0.000142611	-0.0258426	6.32909e-05	-0.00645913	0	0	0	0	-0.000142611	-0.0258426	
38.7201	6.28082e-05	-0.00643304	0	0	0	0	-0.00014151	-0.0257382	6.28082e-05	-0.00643304	0	0	0	0	-0.00014151	-0.0257382	
38.8772	6.23311e-05	-0.00640716	0	0	0	0	-0.000140421	-0.0256347	6.23311e-05	-0.00640716	0	0	0	0	-0.000140421	-0.0256347	
39.0343	6.18591e-05	-0.00638149	0	0	0	0	-0.000139344	-0.025532	6.18591e-05	-0.00638149	0	0	0	0	-0.000139344	-0.025532	
39.1914	6.13922e-05	-0.00635602	0	0	0	0	-0.00013828	-0.0254301	6.13922e-05	-0.00635602	0	0	0	0	-0.00013828	-0.0254301	
39.3484	6.09307e-05	-0.00633077	0	0	0	0	-0.000137227	-0.025329	6.09307e-05	-0.00633077	0	0	0	0	-0.000137227	-0.025329	
39.5055	6.04741e-05	-0.00630571	0	0	0	0	-0.000136186	-0.0252288	6.04741e-05	-0.00630571	0	0	0	0	-0.000136186	-0.0252288	
39.6626	6.00223e-05	-0.00628083	0	0	0	0	-0.000135157	-0.0251292	6.00223e-05	-0.00628083	0	0	0	0	-0.000135157	-0.0251292	
39.8197	5.95754e-05	-0.00625616	0	0	0	0	-0.000134138	-0.0250306	5.95754e-05	-0.00625616	0	0	0	0	-0.000134138	-0.0250306	
39.9768	5.91337e-05	-0.00623169	0	0	0	0	-0.000133131	-0.0249326	5.91337e-05	-0.00623169	0	0	0	0	-0.000133131	-0.0249326	
40.1338	5.86963e-05	-0.00620739	0	0	0	0	-0.000132136	-0.0248354	5.86963e-05	-0.00620739	0	0	0	0	-0.000132136	-0.0248354	
40.2909	5.82639e-05	-0.0061833	0	0	0	0	-0.000131151	-0.024739	5.82639e-05	-0.0061833	0	0	0	0	-0.000131151	-0.024739	
40.448	5.78358e-05	-0.00615938	0	0	0	0	-0.000130176	-0.0246434	5.78358e-05	-0.00615938	0	0	0	0	-0.000130176	-0.0246434	
40.6051	5.74127e-05	-0.00613566	0	0	0	0	-0.000129212	-0.0245484	5.74127e-05	-0.00613566	0	0	0	0	-0.000129212	-0.0245484	
40.7622	5.69938e-05	-0.00611211	0	0	0	0	-0.000128259	-0.0244542	5.69938e-05	-0.00611211	0	0	0	0	-0.000128259	-0.0244542	
40.9192	5.65793e-05	-0.00608873	0	0	0	0	-0.000127316	-0.0243607	5.65793e-05	-0.00608873	0	0	0	0	-0.000127316	-0.0243607	
41.0763	5.61694e-05	-0.00606556	0	0	0	0	-0.000126384	-0.0242679	5.61694e-05	-0.00606556	0	0	0	0	-0.000126384	-0.0242679	
41.2334	5.57637e-05	-0.00604254	0	0	0	0	-0.000125461	-0.0241758	5.57637e-05	-0.00604254	0	0	0	0	-0.000125461	-0.0241758	
41.3905	5.53622e-05	-0.0060197	0	0	0	0	-0.000124548	-0.0240844	5.53622e-05	-0.0060197	0	0	0	0	-0.000124548	-0.0240844	
41.5476	5.49648e-05	-0.00599702	0	0	0	0	-0.000123645	-0.0239938	5.49648e-05	-0.00599702	0	0	0	0	-0.000123645	-0.0239938	
41.7046	5.45718e-05	-0.00597453	0	0	0	0	-0.000122751	-0.0239037	5.45718e-05	-0.00597453	0	0	0	0	-0.000122751	-0.0239037	
41.8617	5.41828e-05	-0.0059522	0	0	0	0	-0.000121866	-0.0238144	5.41828e-05	-0.0059522	0	0	0	0	-0.000121866	-0.0238144	
42.0188	5.37976e-05	-0.00593002	0	0	0	0	-0.000120992	-0.0237257	5.37976e-05	-0.00593002	0	0	0	0	-0.000120992	-0.0237257	
42.1759	5.34166e-05	-0.00590803	0	0	0	0	-0.000120126	-0.0236376	5.34166e-05	-0.00590803	0	0	0	0	-0.000120126	-0.0236376	
42.333	5.30395e-05	-0.00588619	0	0	0	0	-0.00011927	-0.0235502	5.30395e-05	-0.00588619	0	0	0	0	-0.00011927	-0.0235502	
42.49	5.26662e-05	-0.00586451	0	0	0	0	-0.000118423	-0.0234635	5.26662e-05	-0.00586451	0	0	0	0	-0.000118423	-0.0234635	
42.6471	5.22968e-05	-0.00584299	0	0	0	0	-0.000117584	-0.0233774	5.22968e-05	-0.00584299	0	0	0	0	-0.000117584	-0.0233774	
42.8042	5.19312e-05	-0.00582163	0	0	0	0	-0.000116753	-0.023292	5.19312e-05	-0.00582163	0	0	0	0	-0.000116753	-0.023292	
42.9613	5.15693e-05	-0.00580043	0	0	0	0	-0.000115932	-0.0232071	5.15693e-05	-0.00580043	0	0	0	0	-0.000115932	-0.0232071	
43.1184	5.1211e-05	-0.00577937	0	0	0	0	-0.000115119	-0.0231229	5.1211e-05	-0.00577937	0	0	0	0	-0.000115119	-0.0231229	
43.2754	5.08564e-05	-0.00575848	0	0	0	0	-0.000114314	-0.0230393	5.08564e-05	-0.00575848	0	0	0	0	-0.000114314	-0.0230393	
43.4325	5.05053e-05	-0.00573772	0	0	0	0	-0.000113517	-0.0229562	5.05053e-05	-0.00573772	0	0	0	0	-0.000113517	-0.0229562	
43.5896	5.01577e-05	-0.00571712	0	0	0	0	-0.00011273	-0.0228738	5.01577e-05	-0.00571712	0	0	0	0	-0.00011273	-0.0228738	
43.7467	4.98137e-05	-0.00569667	0	0	0	0	-0.000111949	-0.022792	4.98137e-05	-0.00569667	0	0	0	0	-0.000111949	-0.022792	
43.9038	4.94731e-05	-0.00567636	0	0	0	0	-0.000111177	-0.0227107	4.94731e-05	-0.00567636	0	0	0	0	-0.000111177	-0.0227107	
44.0608	4.91358e-05	-0.00565619	0	0	0	0	-0.000110412	-0.02263	4.91358e-05	-0.00565619	0	0	0	0	-0.000110412	-0.02263	
44.2179	4.88018e-05	-0.00563616	0	0	0	0	-0.000109655	-0.0225499	4.88018e-05	-0.00563616	0	0	0	0	-0.000109655	-0.0225499	
44.375	4.84713e-05	-0.00561629	0	0	0	0	-0.000108905	-0.0224704	4.84713e-05	-0.00561629	0	0	0	0	-0.000108905	-0.0224704	
44.5321	4.81441e-05	-0.00559656	0	0	0	0	-0.000108164	-0.0223914	4.81441e-05	-0.00559656	0	0	0	0	-0.000108164	-0.0223914	
44.6892	4.78199e-05	-0.00557695	0	0	0	0	-0.00010743	-0.0223129	4.78199e-05	-0.00557695	0	0	0	0	-0.00010743	-0.0223129	
44.8462	4.74991e-05	-0.00555749	0	0	0	0	-0.000106702	-0.0222351	4.74991e-05	-0.00555749	0	0	0	0	-0.000106702	-0.0222351	
45.0033	4.71812e-05	-0.00553814	0	0	0	0	-0.000105983	-0.0221577	4.71812e-05	-0.00553814	0	0	0	0	-0.000105983	-0.0221577	
45.1604	4.68666e-05	-0.00551896	0	0	0	0	-0.00010527	-0.0220809	4.68666e-05	-0.00551896	0	0	0	0	-0.00010527	-0.0220809	
45.3175	4.65549e-05	-0.00549989	0	0	0	0	-0.000104564	-0.0220046	4.65549e-05	-0.00549989	0	0	0	0	-0.000104564	-0.0220046	
45.4746	4.62463e-05	-0.00548095	0	0	0	0	-0.000103866	-0.0219288	4.62463e-05	-0.00548095	0	0	0	0	-0.000103866	-0.0219288	
45.6316	4.59406e-05	-0.00546214	0	0	0	0	-0.000103174	-0.0218536	4.59406e-05	-0.00546214	0	0	0	0	-0.000103174	-0.0218536	
45.7887	4.5638e-05	-0.00544347	0	0	0	0	-0.000102489	-0.0217789	4.5638e-05	-0.00544347	0	0	0	0	-0.000102489	-0.0217789	
45.9458	4.53382e-05	-0.00542492	0	0	0	0	-0.00010181	-0.0217047	4.53382e-05	-0.00542492	0	0	0	0	-0.00010181	-0.0217047	
46.1029	4.50413e-05	-0.0054065	0	0	0	0	-0.000101139	-0.021631	4.50413e-05	-0.0054065	0	0	0	0	-0.000101139	-0.021631	
46.26	4.47473e-05	-0.0053882	0	0	0	0	-0.000100473	-0.0215578	4.47473e-05	-0.0053882	0	0	0	0	-0.000100473	-0.0215578	
46.417	4.4456e-05	-0.00537003	0	0	0	0	-9.98141e-05	-0.021485	4.4456e-05	-0.00537003	0	0	0	0	-9.98141e-05	-0.021485	
46.5741	4.41674e-05	-0.00535197	0	0	0	0	-9.91611e-05	-0.0214128	4.41674e-05	-0.00535197	0	0	0	0	-9.91611e-05	-0.0214128	
46.7312	4.38818e-05	-0.00533404	0	0	0	0	-9.85152e-05	-0.021341	4.38818e-05	-0.00533404	0	0	0	0	-9.85152e-05	-0.021341	
46.8883	4.35986e-05	-0.00531622	0	0	0	0	-9.78753e-05	-0.0212698	4.35986e-05	-0.00531622	0	0	0	0	-9.78753e-05	-0.0212698	
47.0453	4.33183e-05	-0.00529853	0	0	0	0	-9.72409e-05	-0.021199	4.33183e-05	-0.00529853	0	0	0	0	-9.72409e-05	-0.021199	
47.2024	4.30405e-05	-0.00528096	0	0	0	0	-9.66122e-05	-0.0211287	4.30405e-05	-0.00528096	0	0	0	0	-9.66122e-05	-0.0211287	
47.3595	4.27653e-05	-0.00526349	0	0	0	0	-9.59903e-05	-0.0210588	4.27653e-05	-0.00526349	0	0	0	0	-9.59903e-05	-0.0210588	
47.5166	4.24928e-05	-0.00524616	0	0	0	0	-9.53746e-05	-0.0209894	4.24928e-05	-0.00524616	0	0	0	0	-9.53746e-05	-0.0209894	
47.6737	4.22227e-05	-0.00522892	0	0	0	0	-9.47643e-05	-0.0209204	4.22227e-05	-0.00522892	0	0	0	0	-9.47643e-05	-0.0209204	
47.8307	4.19551e-05	-0.0052118	0	0	0	0	-9.41593e-05	-0.0208519	4.19551e-05	-0.0052118	0	0	0	0	-9.41593e-05	-0.0208519	
47.9878	4.16899e-05	-0.00519478	0	0	0	0	-9.35607e-05	-0.0207839	4.16899e-05	-0.00519478	0	0	0	0	-9.35607e-05	-0.0207839	
48.1449	4.14274e-05	-0.00517789	0	0	0	0	-9.29672e-05	-0.0207163	4.14274e-05	-0.00517789	0	0	0	0	-9.29672e-05	-0.0207163	
48.302	4.11672e-05	-0.00516111	0	0	0	0	-9.23792e-05	-0.0206491	4.11672e-05	-0.00516111	0	0	0	0	-9.23792e-05	-0.0206491	
48.4591	4.09093e-05	-0.00514442	0	0	0	0	-9.17968e-05	-0.0205823	4.09093e-05	-0.00514442	0	0	0	0	-9.17968e-05	-0.0205823	
48.6161	4.06539e-05	-0.00512785	0	0	0	0	-9.12206e-05	-0.020516	4.06539e-05	-0.00512785	0	0	0	0	-9.12206e-05	-0.020516	
48.7732	4.04006e-05	-0.00511138	0	0	0	0	-9.06485e-05	-0.0204502	4.04006e-05	-0.00511138	0	0	0	0	-9.06485e-05	-0.0204502	
48.9303	4.01497e-05	-0.00509501	0	0	0	0	-9.00817e-05	-0.0203847	4.01497e-05	-0.00509501	0	0	0	0	-9.00817e-05	-0.0203847	
49.0874	3.99012e-05	-0.00507876	0	0	0	0	-8.95207e-05	-0.0203196	3.99012e-05	-0.00507876	0	0	0	0	-8.95207e-05	-0.0203196	
49.2445	3.96549e-05	-0.00506261	0	0	0	0	-8.89645e-05	-0.020255	3.96549e-05	-0.00506261	0	0	0	0	-8.89645e-05	-0.020255	
49.4015	3.94109e-05	-0.00504657	0	0	0	0	-8.84127e-05	-0.0201908	3.94109e-05	-0.00504657	0	0	0	0	-8.84127e-05	-0.0201908	
49.5586	3.9169e-05	-0.00503062	0	0	0	0	-8.78674e-05	-0.020127	3.9169e-05	-0.00503062	0	0	0	0	-8.78674e-05	-0.020127	
49.7157	3.89292e-05	-0.00501477	0	0	0	0	-8.73271e-05	-0.0200635	3.89292e-05	-0.00501477	0	0	0	0	-8.73271e-05	-0.0200635	
49.8728	3.86916e-05	-0.00499902	0	0	0	0	-8.67902e-05	-0.0200006	3.86916e-05	-0.00499902	0	0	0	0	-8.67902e-05	-0.0200006	
50.0299	3.84561e-05	-0.00498336	0	0	0	0	-8.62585e-05	-0.019938	3.84561e-05	-0.00498336	0	0	0	0	-8.62585e-05	-0.019938	
50.1869	3.82228e-05	-0.00496781	0	0	0	0	-8.57323e-05	-0.0198757	3.82228e-05	-0.00496781	0	0	0	0	-8.57323e-05	-0.0198757	
50.344	3.79914e-05	-0.00495235	0	0	0	0	-8.52108e-05	-0.0198139	3.79914e-05	-0.00495235	0	0	0	0	-8.52108e-05	-0.0198139	
50.5011	3.77622e-05	-0.00493699	0	0	0	0	-8.46936e-05	-0.0197524	3.77622e-05	-0.00493699	0	0	0	0	-8.46936e-05	-0.0197524	
50.6582	3.7535e-05	-0.00492173	0	0	0	0	-8.41805e-05	-0.0196913	3.7535e-05	-0.00492173	0	0	0	0	-8.41805e-05	-0.0196913	
50.8153	3.73096e-05	-0.00490655	0	0	0	0	-8.36727e-05	-0.0196306	3.73096e-05	-0.00490655	0	0	0	0	-8.36727e-05	-0.0196306	
50.9723	3.70864e-05	-0.00489147	0	0	0	0	-8.31697e-05	-0.0195702	3.70864e-05	-0.00489147	0	0	0	0	-8.31697e-05	-0.0195702	
51.1294	3.6865e-05	-0.00487648	0	0	0	0	-8.26701e-05	-0.0195103	3.6865e-05	-0.00487648	0	0	0	0	-8.26701e-05	-0.0195103	
51.2865	3.66457e-05	-0.00486159	0	0	0	0	-8.21754e-05	-0.0194507	3.66457e-05	-0.00486159	0	0	0	0	-8.21754e-05	-0.0194507	
51.4436	3.64282e-05	-0.00484678	0	0	0	0	-8.16861e-05	-0.0193914	3.64282e-05	-0.00484678	0	0	0	0	-8.16861e-05	-0.0193914	
51.6007	3.62126e-05	-0.00483207	0	0	0	0	-8.11992e-05	-0.0193326	3.62126e-05	-0.00483207	0	0	0	0	-8.11992e-05	-0.0193326	
51.7577	3.59989e-05	-0.00481744	0	0	0	0	-8.07174e-05	-0.0192741	3.59989e-05	-0.00481744	0	0	0	0	-8.07174e-05	-0.0192741	
51.9148	3.57871e-05	-0.00480291	0	0	0	0	-8.02401e-05	-0.0192159	3.57871e-05	-0.00480291	0	0	0	0	-8.02401e-05	-0.0192159	
52.0719	3.55769e-05	-0.00478844	0	0	0	0	-7.97668e-05	-0.0191581	3.55769e-05	-0.00478844	0	0	0	0	-7.97668e-05	-0.0191581	
52.229	3.53687e-05	-0.00477409	0	0	0	0	-7.92977e-05	-0.0191006	3.53687e-05	-0.00477409	0	0	0	0	-7.92977e-05	-0.0191006	
52.3861	3.51622e-05	-0.00475981	0	0	0	0	-7.88321e-05	-0.0190435	3.51622e-05	-0.00475981	0	0	0	0	-7.88321e-05	-0.0190435	
52.5431	3.49575e-05	-0.00474562	0	0	0	0	-7.83713e-05	-0.0189867	3.49575e-05	-0.00474562	0	0	0	0	-7.83713e-05	-0.0189867	
52.7002	3.47545e-05	-0.0047315	0	0	0	0	-7.79141e-05	-0.0189303	3.47545e-05	-0.0047315	0	0	0	0	-7.79141e-05	-0.0189303	
52.8573	3.45533e-05	-0.00471748	0	0	0	0	-7.74607e-05	-0.0188742	3.45533e-05	-0.00471748	0	0	0	0	-7.74607e-05	-0.0188742	
53.0144	3.43538e-05	-0.00470354	0	0	0	0	-7.7011e-05	-0.0188184	3.43538e-05	-0.00470354	0	0	0	0	-7.7011e-05	-0.0188184	
53.1715	3.41559e-05	-0.00468967	0	0	0	0	-7.65651e-05	-0.0187629	3.41559e-05	-0.00468967	0	0	0	0	-7.65651e-05	-0.0187629	
53.3285	3.39598e-05	-0.0046759	0	0	0	0	-7.61241e-05	-0.0187078	3.39598e-05	-0.0046759	0	0	0	0	-7.61241e-05	-0.0187078	
53.4856	3.37653e-05	-0.00466221	0	0	0	0	-7.56854e-05	-0.018653	3.37653e-05	-0.00466221	0	0	0	0	-7.56854e-05	-0.018653	
53.6427	3.35723e-05	-0.00464858	0	0	0	0	-7.52515e-05	-0.0185985	3.35723e-05	-0.00464858	0	0	0	0	-7.52515e-05	-0.0185985	
53.7998	3.33811e-05	-0.00463505	0	0	0	0	-7.48206e-05	-0.0185442	3.33811e-05	-0.00463505	0	0	0	0	-7.48206e-05	-0.0185442	
53.9569	3.31914e-05	-0.00462159	0	0	0	0	-7.43936e-05	-0.0184904	3.31914e-05	-0.00462159	0	0	0	0	-7.43936e-05	-0.0184904	
54.1139	3.30033e-05	-0.00460821	0	0	0	0	-7.397e-05	-0.0184369	3.30033e-05	-0.00460821	0	0	0	0	-7.397e-05	-0.0184369	
54.271	3.28166e-05	-0.00459489	0	0	0	0	-7.355e-05	-0.0183836	3.28166e-05	-0.00459489	0	0	0	0	-7.355e-05	-0.0183836	
54.4281	3.26316e-05	-0.00458166	0	0	0	0	-7.31339e-05	-0.0183307	3.26316e-05	-0.00458166	0	0	0	0	-7.31339e-05	-0.0183307	
54.5852	3.24481e-05	-0.00456851	0	0	0	0	-7.27209e-05	-0.0182781	3.24481e-05	-0.00456851	0	0	0	0	-7.27209e-05	-0.0182781	
54.7423	3.22662e-05	-0.00455544	0	0	0	0	-7.2311e-05	-0.0182257	3.22662e-05	-0.00455544	0	0	0	0	-7.2311e-05	-0.0182257	
54.8993	3.20857e-05	-0.00454243	0	0	0	0	-7.19046e-05	-0.0181737	3.20857e-05	-0.00454243	0	0	0	0	-7.19046e-05	-0.0181737	
55.0564	3.19066e-05	-0.0045295	0	0	0	0	-7.15024e-05	-0.018122	3.19066e-05	-0.0045295	0	0	0	0	-7.15024e-05	-0.018122	
55.2135	3.17292e-05	-0.00451666	0	0	0	0	-7.11023e-05	-0.0180706	3.17292e-05	-0.00451666	0	0	0	0	-7.11023e-05	-0.0180706	
55.3706	3.1553e-05	-0.00450386	0	0	0	0	-7.07068e-05	-0.0180194	3.1553e-05	-0.00450386	0	0	0	0	-7.07068e-05	-0.0180194	
55.5277	3.13784e-05	-0.00449115	0	0	0	0	-7.03135e-05	-0.0179686	3.13784e-05	-0.00449115	0	0	0	0	-7.03135e-05	-0.0179686	
55.6847	3.12051e-05	-0.00447851	0	0	0	0	-6.99235e-05	-0.017918	3.12051e-05	-0.00447851	0	0	0	0	-6.99235e-05	-0.017918	
55.8418	3.10332e-05	-0.00446594	0	0	0	0	-6.95367e-05	-0.0178677	3.10332e-05	-0.00446594	0	0	0	0	-6.95367e-05	-0.0178677	
55.9989	3.08627e-05	-0.00445344	0	0	0	0	-6.91541e-05	-0.0178177	3.08627e-05	-0.00445344	0	0	0	0	-6.91541e-05	-0.0178177	
56.156	3.06936e-05	-0.00444101	0	0	0	0	-6.87733e-05	-0.017768	3.06936e-05	-0.00444101	0	0	0	0	-6.87733e-05	-0.017768	
56.313	3.05259e-05	-0.00442865	0	0	0	0	-6.83963e-05	-0.0177185	3.05259e-05	-0.00442865	0	0	0	0	-6.83963e-05	-0.0177185	
56.4701	3.03594e-05	-0.00441636	0	0	0	0	-6.8022e-05	-0.0176693	3.03594e-05	-0.00441636	0	0	0	0	-6.8022e-05	-0.0176693	
56.6272	3.01944e-05	-0.00440414	0	0	0	0	-6.76507e-05	-0.0176204	3.01944e-05	-0.00440414	0	0	0	0	-6.76507e-05	-0.0176204	
56.7843	3.00306e-05	-0.00439198	0	0	0	0	-6.72827e-05	-0.0175718	3.00306e-05	-0.00439198	0	0	0	0	-6.72827e-05	-0.0175718	
56.9414	2.98681e-05	-0.00437989	0	0	0	0	-6.69171e-05	-0.0175234	2.98681e-05	-0.00437989	0	0	0	0	-6.69171e-05	-0.0175234	
57.0984	2.9707e-05	-0.00436787	0	0	0	0	-6.65553e-05	-0.0174753	2.9707e-05	-0.00436787	0	0	0	0	-6.65553e-05	-0.0174753	
57.2555	2.95471e-05	-0.00435592	0	0	0	0	-6.6195e-05	-0.0174275	2.95471e-05	-0.00435592	0	0	0	0	-6.6195e-05	-0.0174275	
57.4126	2.93885e-05	-0.00434402	0	0	0	0	-6.58391e-05	-0.0173799	2.93885e-05	-0.00434402	0	0	0	0	-6.58391e-05	-0.0173799	
57.5697	2.92311e-05	-0.0043322	0	0	0	0	-6.54852e-05	-0.0173326	2.92311e-05	-0.0043322	0	0	0	0	-6.54852e-05	-0.0173326	
57.7268	2.90749e-05	-0.00432043	0	0	0	0	-6.51342e-05	-0.0172855	2.90749e-05	-0.00432043	0	0	0	0	-6.51342e-05	-0.0172855	
57.8838	2.892e-05	-0.00430874	0	0	0	0	-6.47857e-05	-0.0172386	2.892e-05	-0.00430874	0	0	0	0	-6.47857e-05	-0.0172386	
58.0409	2.87663e-05	-0.0042971	0	0	0	0	-6.44403e-05	-0.0171921	2.87663e-05	-0.0042971	0	0	0	0	-6.44403e-05	-0.0171921	
58.198	2.86136e-05	-0.00428552	0	0	0	0	-6.40973e-05	-0.0171458	2.86136e-05	-0.00428552	0	0	0	0	-6.40973e-05	-0.0171458	
58.3551	2.84623e-05	-0.00427401	0	0	0	0	-6.37574e-05	-0.0170998	2.84623e-05	-0.00427401	0	0	0	0	-6.37574e-05	-0.0170998	
58.5122	2.83122e-05	-0.00426256	0	0	0	0	-6.34201e-05	-0.0170539	2.83122e-05	-0.00426256	0	0	0	0	-6.34201e-05	-0.0170539	
58.6692	2.81632e-05	-0.00425118	0	0	0	0	-6.30848e-05	-0.0170084	2.81632e-05	-0.00425118	0	0	0	0	-6.30848e-05	-0.0170084	
58.8263	2.80153e-05	-0.00423985	0	0	0	0	-6.27526e-05	-0.0169631	2.80153e-05	-0.00423985	0	0	0	0	-6.27526e-05	-0.0169631	
58.9834	2.78686e-05	-0.00422859	0	0	0	0	-6.2423e-05	-0.0169179	2.78686e-05	-0.00422859	0	0	0	0	-6.2423e-05	-0.0169179	
59.1405	2.7723e-05	-0.00421738	0	0	0	0	-6.20961e-05	-0.0168731	2.7723e-05	-0.00421738	0	0	0	0	-6.20961e-05	-0.0168731	
59.2976	2.75784e-05	-0.00420622	0	0	0	0	-6.17713e-05	-0.0168285	2.75784e-05	-0.00420622	0	0	0	0	-6.17713e-05	-0.0168285	
59.4546	2.7435e-05	-0.00419513	0	0	0	0	-6.14496e-05	-0.0167841	2.7435e-05	-0.00419513	0	0	0	0	-6.14496e-05	-0.0167841	
59.6117	2.72927e-05	-0.0041841	0	0	0	0	-6.11297e-05	-0.01674	2.72927e-05	-0.0041841	0	0	0	0	-6.11297e-05	-0.01674	
59.7688	2.71515e-05	-0.00417313	0	0	0	0	-6.08129e-05	-0.0166961	2.71515e-05	-0.00417313	0	0	0	0	-6.08129e-05	-0.0166961	
59.9259	2.70113e-05	-0.0041622	0	0	0	0	-6.04978e-05	-0.0166524	2.70113e-05	-0.0041622	0	0	0	0	-6.04978e-05	-0.0166524	
60.083	2.68722e-05	-0.00415134	0	0	0	0	-6.01854e-05	-0.016609	2.68722e-05	-0.00415134	0	0	0	0	-6.01854e-05	-0.016609	
60.24	2.67341e-05	-0.00414053	0	0	0	0	-5.98757e-05	-0.0165657	2.67341e-05	-0.00414053	0	0	0	0	-5.98757e-05	-0.0165657	
60.3971	2.65972e-05	-0.0041298	0	0	0	0	-5.95682e-05	-0.0165227	2.65972e-05	-0.0041298	0	0	0	0	-5.95682e-05	-0.0165227	
60.5542	2.64612e-05	-0.0041191	0	0	0	0	-5.92626e-05	-0.01648	2.64612e-05	-0.0041191	0	0	0	0	-5.92626e-05	-0.01648	
60.7113	2.63262e-05	-0.00410847	0	0	0	0	-5.89592e-05	-0.0164375	2.63262e-05	-0.00410847	0	0	0	0	-5.89592e-05	-0.0164375	
60.8684	2.61922e-05	-0.00409788	0	0	0	0	-5.86586e-05	-0.0163951	2.61922e-05	-0.00409788	0	0	0	0	-5.86586e-05	-0.0163951	
61.0254	2.60593e-05	-0.00408736	0	0	0	0	-5.83603e-05	-0.016353	2.60593e-05	-0.00408736	0	0	0	0	-5.83603e-05	-0.016353	
61.1825	2.59274e-05	-0.00407689	0	0	0	0	-5.80642e-05	-0.016311	2.59274e-05	-0.00407689	0	0	0	0	-5.80642e-05	-0.016311	
61.3396	2.57963e-05	-0.00406646	0	0	0	0	-5.77695e-05	-0.0162694	2.57963e-05	-0.00406646	0	0	0	0	-5.77695e-05	-0.0162694	
61.4967	2.56663e-05	-0.00405609	0	0	0	0	-5.74781e-05	-0.0162278	2.56663e-05	-0.00405609	0	0	0	0	-5.74781e-05	-0.0162278	
61.6538	2.55372e-05	-0.00404578	0	0	0	0	-5.71886e-05	-0.0161866	2.55372e-05	-0.00404578	0	0	0	0	-5.71886e-05	-0.0161866	
61.8108	2.54092e-05	-0.00403553	0	0	0	0	-5.69005e-05	-0.0161456	2.54092e-05	-0.00403553	0	0	0	0	-5.69005e-05	-0.0161456	
61.9679	2.5282e-05	-0.00402531	0	0	0	0	-5.66151e-05	-0.0161047	2.5282e-05	-0.00402531	0	0	0	0	-5.66151e-05	-0.0161047	
62.125	2.51557e-05	-0.00401515	0	0	0	0	-5.63322e-05	-0.0160641	2.51557e-05	-0.00401515	0	0	0	0	-5.63322e-05	-0.0160641	
62.2821	2.50305e-05	-0.00400505	0	0	0	0	-5.60507e-05	-0.0160236	2.50305e-05	-0.00400505	0	0	0	0	-5.60507e-05	-0.0160236	
62.4392	2.4906e-05	-0.00399499	0	0	0	0	-5.57715e-05	-0.0159834	2.4906e-05	-0.00399499	0	0	0	0	-5.57715e-05	-0.0159834	
62.5962	2.47826e-05	-0.00398499	0	0	0	0	-5.54943e-05	-0.0159434	2.47826e-05	-0.00398499	0	0	0	0	-5.54943e-05	-0.0159434	
62.7533	2.466e-05	-0.00397503	0	0	0	0	-5.52195e-05	-0.0159035	2.466e-05	-0.00397503	0	0	0	0	-5.52195e-05	-0.0159035	
62.9104	2.45382e-05	-0.00396512	0	0	0	0	-5.49466e-05	-0.0158638	2.45382e-05	-0.00396512	0	0	0	0	-5.49466e-05	-0.0158638	
63.0675	2.44173e-05	-0.00395525	0	0	0	0	-5.46752e-05	-0.0158244	2.44173e-05	-0.00395525	0	0	0	0	-5.46752e-05	-0.0158244	
63.2246	2.42975e-05	-0.00394546	0	0	0	0	-5.44057e-05	-0.0157852	2.42975e-05	-0.00394546	0	0	0	0	-5.44057e-05	-0.0157852	
63.3816	2.41782e-05	-0.00393568	0	0	0	0	-5.41392e-05	-0.0157461	2.41782e-05	-0.00393568	0	0	0	0	-5.41392e-05	-0.0157461	
63.5387	2.40601e-05	-0.00392598	0	0	0	0	-5.38737e-05	-0.0157073	2.40601e-05	-0.00392598	0	0	0	0	-5.38737e-05	-0.0157073	
63.6958	2.39426e-05	-0.00391631	0	0	0	0	-5.36101e-05	-0.0156686	2.39426e-05	-0.00391631	0	0	0	0	-5.36101e-05	-0.0156686	
63.8529	2.38261e-05	-0.0039067	0	0	0	0	-5.33486e-05	-0.0156301	2.38261e-05	-0.0039067	0	0	0	0	-5.33486e-05	-0.0156301	
64.01	2.37104e-05	-0.00389714	0	0	0	0	-5.30895e-05	-0.0155918	2.37104e-05	-0.00389714	0	0	0	0	-5.30895e-05	-0.0155918	
64.167	2.35955e-05	-0.00388761	0	0	0	0	-5.28315e-05	-0.0155537	2.35955e-05	-0.00388761	0	0	0	0	-5.28315e-05	-0.0155537	
64.3241	2.34814e-05	-0.00387814	0	0	0	0	-5.25759e-05	-0.0155158	2.34814e-05	-0.00387814	0	0	0	0	-5.25759e-05	-0.0155158	
64.4812	2.3368e-05	-0.00386869	0	0	0	0	-5.2322e-05	-0.0154781	2.3368e-05	-0.00386869	0	0	0	0	-5.2322e-05	-0.0154781	
64.6383	2.32556e-05	-0.00385931	0	0	0	0	-5.20695e-05	-0.0154405	2.32556e-05	-0.00385931	0	0	0	0	-5.20695e-05	-0.0154405	
64.7953	2.31438e-05	-0.00384996	0	0	0	0	-5.18187e-05	-0.0154031	2.31438e-05	-0.00384996	0	0	0	0	-5.18187e-05	-0.0154031	
64.9524	2.3033e-05	-0.00384068	0	0	0	0	-5.15704e-05	-0.015366	2.3033e-05	-0.00384068	0	0	0	0	-5.15704e-05	-0.015366	
65.1095	2.29228e-05	-0.00383143	0	0	0	0	-5.13231e-05	-0.015329	2.29228e-05	-0.00383143	0	0	0	0	-5.13231e-05	-0.015329	
65.2666	2.28135e-05	-0.00382223	0	0	0	0	-5.10779e-05	-0.0152921	2.28135e-05	-0.00382223	0	0	0	0	-5.10779e-05	-0.0152921	
65.4237	2.27048e-05	-0.00381305	0	0	0	0	-5.08347e-05	-0.0152554	2.27048e-05	-0.00381305	0	0	0	0	-5.08347e-05	-0.0152554	
65.5807	2.2597e-05	-0.00380394	0	0	0	0	-5.05933e-05	-0.015219	2.2597e-05	-0.00380394	0	0	0	0	-5.05933e-05	-0.015219	
65.7378	2.24899e-05	-0.00379486	0	0	0	0	-5.03528e-05	-0.0151827	2.24899e-05	-0.00379486	0	0	0	0	-5.03528e-05	-0.0151827	
65.8949	2.23836e-05	-0.00378584	0	0	0	0	-5.01146e-05	-0.0151465	2.23836e-05	-0.00378584	0	0	0	0	-5.01146e-05	-0.0151465	
66.052	2.22779e-05	-0.00377684	0	0	0	0	-4.98774e-05	-0.0151106	2.22779e-05	-0.00377684	0	0	0	0	-4.98774e-05	-0.0151106	
66.2091	2.21731e-05	-0.0037679	0	0	0	0	-4.96424e-05	-0.0150748	2.21731e-05	-0.0037679	0	0	0	0	-4.96424e-05	-0.0150748	
66.3661	2.20689e-05	-0.003759	0	0	0	0	-4.94088e-05	-0.0150391	2.20689e-05	-0.003759	0	0	0	0	-4.94088e-05	-0.0150391	
66.5232	2.19655e-05	-0.00375014	0	0	0	0	-4.91771e-05	-0.0150037	2.19655e-05	-0.00375014	0	0	0	0	-4.91771e-05	-0.0150037	
66.6803	2.18627e-05	-0.00374131	0	0	0	0	-4.89465e-05	-0.0149685	2.18627e-05	-0.00374131	0	0	0	0	-4.89465e-05	-0.0149685	
66.8374	2.17607e-05	-0.00373254	0	0	0	0	-4.8718e-05	-0.0149333	2.17607e-05	-0.00373254	0	0	0	0	-4.8718e-05	-0.0149333	
66.9945	2.16594e-05	-0.0037238	0	0	0	0	-4.84911e-05	-0.0148983	2.16594e-05	-0.0037238	0	0	0	0	-4.84911e-05	-0.0148983	
67.1515	2.15587e-05	-0.0037151	0	0	0	0	-4.82654e-05	-0.0148635	2.15587e-05	-0.0037151	0	0	0	0	-4.82654e-05	-0.0148635	
67.3086	2.14587e-05	-0.00370645	0	0	0	0	-4.8041e-05	-0.0148289	2.14587e-05	-0.00370645	0	0	0	0	-4.8041e-05	-0.0148289	
67.4657	2.13595e-05	-0.00369784	0	0	0	0	-4.78191e-05	-0.0147944	2.13595e-05	-0.00369784	0	0	0	0	-4.78191e-05	-0.0147944	
67.6228	2.12608e-05	-0.00368925	0	0	0	0	-4.7598e-05	-0.0147601	2.12608e-05	-0.00368925	0	0	0	0	-4.7598e-05	-0.0147601	
67.7799	2.11629e-05	-0.00368072	0	0	0	0	-4.73782e-05	-0.014726	2.11629e-05	-0.00368072	0	0	0	0	-4.73782e-05	-0.014726	
67.9369	2.10657e-05	-0.00367223	0	0	0	0	-4.71603e-05	-0.014692	2.10657e-05	-0.00367223	0	0	0	0	-4.71603e-05	-0.014692	
68.094	2.0969e-05	-0.00366377	0	0	0	0	-4.69442e-05	-0.0146581	2.0969e-05	-0.00366377	0	0	0	0	-4.69442e-05	-0.0146581	
68.2511	2.0873e-05	-0.00365534	0	0	0	0	-4.6729e-05	-0.0146244	2.0873e-05	-0.00365534	0	0	0	0	-4.6729e-05	-0.0146244	
68.4082	2.07777e-05	-0.00364697	0	0	0	0	-4.65155e-05	-0.0145909	2.07777e-05	-0.00364697	0	0	0	0	-4.65155e-05	-0.0145909	
68.5653	2.06829e-05	-0.00363862	0	0	0	0	-4.63033e-05	-0.0145575	2.06829e-05	-0.00363862	0	0	0	0	-4.63033e-05	-0.0145575	
68.7223	2.05888e-05	-0.00363032	0	0	0	0	-4.60923e-05	-0.0145243	2.05888e-05	-0.00363032	0	0	0	0	-4.60923e-05	-0.0145243	
68.8794	2.04954e-05	-0.00362205	0	0	0	0	-4.58832e-05	-0.0144912	2.04954e-05	-0.00362205	0	0	0	0	-4.58832e-05	-0.0144912	
69.0365	2.04026e-05	-0.00361383	0	0	0	0	-4.56748e-05	-0.0144584	2.04026e-05	-0.00361383	0	0	0	0	-4.56748e-05	-0.0144584	
69.1936	2.03103e-05	-0.00360562	0	0	0	0	-4.54684e-05	-0.0144255	2.03103e-05	-0.00360562	0	0	0	0	-4.54684e-05	-0.0144255	
69.3507	2.02188e-05	-0.00359749	0	0	0	0	-4.52634e-05	-0.0143929	2.02188e-05	-0.00359749	0	0	0	0	-4.52634e-05	-0.0143929	
69.5077	2.01277e-05	-0.00358936	0	0	0	0	-4.50595e-05	-0.0143604	2.01277e-05	-0.00358936	0	0	0	0	-4.50595e-05	-0.0143604	
69.6648	2.00374e-05	-0.00358128	0	0	0	0	-4.48565e-05	-0.0143281	2.00374e-05	-0.00358128	0	0	0	0	-4.48565e-05	-0.0143281	
69.8219	1.99475e-05	-0.00357323	0	0	0	0	-4.46555e-05	-0.0142959	1.99475e-05	-0.00357323	0	0	0	0	-4.46555e-05	-0.0142959	
69.979	1.98583e-05	-0.00356522	0	0	0	0	-4.44562e-05	-0.0142639	1.98583e-05	-0.00356522	0	0	0	0	-4.44562e-05	-0.0142639	
70.1361	1.97697e-05	-0.00355725	0	0	0	0	-4.42572e-05	-0.014232	1.97697e-05	-0.00355725	0	0	0	0	-4.42572e-05	-0.014232	
70.2931	1.96816e-05	-0.00354931	0	0	0	0	-4.40603e-05	-0.0142002	1.96816e-05	-0.00354931	0	0	0	0	-4.40603e-05	-0.0142002	
70.4502	1.95941e-05	-0.00354141	0	0	0	0	-4.38645e-05	-0.0141686	1.95941e-05	-0.00354141	0	0	0	0	-4.38645e-05	-0.0141686	
70.6073	1.95072e-05	-0.00353355	0	0	0	0	-4.36695e-05	-0.0141371	1.95072e-05	-0.00353355	0	0	0	0	-4.36695e-05	-0.0141371	
70.7644	1.94209e-05	-0.00352572	0	0	0	0	-4.34765e-05	-0.0141058	1.94209e-05	-0.00352572	0	0	0	0	-4.34765e-05	-0.0141058	
70.9215	1.93351e-05	-0.00351792	0	0	0	0	-4.32843e-05	-0.0140746	1.93351e-05	-0.00351792	0	0	0	0	-4.32843e-05	-0.0140746	
71.0785	1.92498e-05	-0.00351015	0	0	0	0	-4.30931e-05	-0.0140435	1.92498e-05	-0.00351015	0	0	0	0	-4.30931e-05	-0.0140435	
71.2356	1.91652e-05	-0.00350243	0	0	0	0	-4.29037e-05	-0.0140126	1.91652e-05	-0.00350243	0	0	0	0	-4.29037e-05	-0.0140126	
71.3927	1.90811e-05	-0.00349474	0	0	0	0	-4.27153e-05	-0.0139818	1.90811e-05	-0.00349474	0	0	0	0	-4.27153e-05	-0.0139818	
71.5498	1.89974e-05	-0.00348707	0	0	0	0	-4.2528e-05	-0.0139512	1.89974e-05	-0.00348707	0	0	0	0	-4.2528e-05	-0.0139512	
71.7069	1.89143e-05	-0.00347943	0	0	0	0	-4.23418e-05	-0.0139206	1.89143e-05	-0.00347943	0	0	0	0	-4.23418e-05	-0.0139206	
71.8639	1.88318e-05	-0.00347184	0	0	0	0	-4.21573e-05	-0.0138903	1.88318e-05	-0.00347184	0	0	0	0	-4.21573e-05	-0.0138903	
72.021	1.87497e-05	-0.00346428	0	0	0	0	-4.19739e-05	-0.01386	1.87497e-05	-0.00346428	0	0	0	0	-4.19739e-05	-0.01386	
72.1781	1.86683e-05	-0.00345675	0	0	0	0	-4.17908e-05	-0.0138299	1.86683e-05	-0.00345675	0	0	0	0	-4.17908e-05	-0.0138299	
72.3352	1.85873e-05	-0.00344926	0	0	0	0	-4.16097e-05	-0.0137999	1.85873e-05	-0.00344926	0	0	0	0	-4.16097e-05	-0.0137999	
72.4923	1.85069e-05	-0.0034418	0	0	0	0	-4.14297e-05	-0.01377	1.85069e-05	-0.0034418	0	0	0	0	-4.14297e-05	-0.01377	
72.6493	1.84268e-05	-0.00343436	0	0	0	0	-4.1251e-05	-0.0137403	1.84268e-05	-0.00343436	0	0	0	0	-4.1251e-05	-0.0137403	
72.8064	1.83475e-05	-0.00342697	0	0	0	0	-4.10729e-05	-0.0137107	1.83475e-05	-0.00342697	0	0	0	0	-4.10729e-05	-0.0137107	
72.9635	1.82685e-05	-0.0034196	0	0	0	0	-4.08961e-05	-0.0136812	1.82685e-05	-0.0034196	0	0	0	0	-4.08961e-05	-0.0136812	
73.1206	1.81901e-05	-0.00341226	0	0	0	0	-4.07207e-05	-0.0136519	1.81901e-05	-0.00341226	0	0	0	0	-4.07207e-05	-0.0136519	
73.2776	1.81121e-05	-0.00340496	0	0	0	0	-4.05461e-05	-0.0136226	1.81121e-05	-0.00340496	0	0	0	0	-4.05461e-05	-0.0136226	
73.4347	1.80346e-05	-0.00339768	0	0	0	0	-4.03725e-05	-0.0135936	1.80346e-05	-0.00339768	0	0	0	0	-4.03725e-05	-0.0135936	
73.5918	1.79576e-05	-0.00339043	0	0	0	0	-4.02002e-05	-0.0135646	1.79576e-05	-0.00339043	0	0	0	0	-4.02002e-05	-0.0135646	
73.7489	1.78811e-05	-0.00338323	0	0	0	0	-4.00291e-05	-0.0135357	1.78811e-05	-0.00338323	0	0	0	0	-4.00291e-05	-0.0135357	
73.906	1.78051e-05	-0.00337605	0	0	0	0	-3.98592e-05	-0.0135069	1.78051e-05	-0.00337605	0	0	0	0	-3.98592e-05	-0.0135069	
74.063	1.77295e-05	-0.0033689	0	0	0	0	-3.96898e-05	-0.0134784	1.77295e-05	-0.0033689	0	0	0	0	-3.96898e-05	-0.0134784	
74.2201	1.76545e-05	-0.00336178	0	0	0	0	-3.9522e-05	-0.0134499	1.76545e-05	-0.00336178	0	0	0	0	-3.9522e-05	-0.0134499	
74.3772	1.75797e-05	-0.00335468	0	0	0	0	-3.9355e-05	-0.0134215	1.75797e-05	-0.00335468	0	0	0	0	-3.9355e-05	-0.0134215	
74.5343	1.75055e-05	-0.00334761	0	0	0	0	-3.91889e-05	-0.0133933	1.75055e-05	-0.00334761	0	0	0	0	-3.91889e-05	-0.0133933	
74.6914	1.7432e-05	-0.0033406	0	0	0	0	-3.90238e-05	-0.0133651	1.7432e-05	-0.0033406	0	0	0	0	-3.90238e-05	-0.0133651	
74.8484	1.73587e-05	-0.0033336	0	0	0	0	-3.886e-05	-0.0133371	1.73587e-05	-0.0033336	0	0	0	0	-3.886e-05	-0.0133371	
75.0055	1.72859e-05	-0.00332663	0	0	0	0	-3.86969e-05	-0.0133092	1.72859e-05	-0.00332663	0	0	0	0	-3.86969e-05	-0.0133092	
75.1626	1.72135e-05	-0.00331968	0	0	0	0	-3.85349e-05	-0.0132815	1.72135e-05	-0.00331968	0	0	0	0	-3.85349e-05	-0.0132815	
75.3197	1.71416e-05	-0.00331276	0	0	0	0	-3.83741e-05	-0.0132538	1.71416e-05	-0.00331276	0	0	0	0	-3.83741e-05	-0.0132538	
75.4768	1.707e-05	-0.00330587	0	0	0	0	-3.82143e-05	-0.0132262	1.707e-05	-0.00330587	0	0	0	0	-3.82143e-05	-0.0132262	
75.6338	1.6999e-05	-0.00329902	0	0	0	0	-3.80553e-05	-0.0131988	1.6999e-05	-0.00329902	0	0	0	0	-3.80553e-05	-0.0131988	
75.7909	1.69285e-05	-0.0032922	0	0	0	0	-3.78976e-05	-0.0131714	1.69285e-05	-0.0032922	0	0	0	0	-3.78976e-05	-0.0131714	
75.948	1.68583e-05	-0.0032854	0	0	0	0	-3.77404e-05	-0.0131443	1.68583e-05	-0.0032854	0	0	0	0	-3.77404e-05	-0.0131443	
76.1051	1.67884e-05	-0.00327861	0	0	0	0	-3.75841e-05	-0.0131172	1.67884e-05	-0.00327861	0	0	0	0	-3.75841e-05	-0.0131172	
76.2622	1.67192e-05	-0.00327188	0	0	0	0	-3.74293e-05	-0.0130902	1.67192e-05	-0.00327188	0	0	0	0	-3.74293e-05	-0.0130902	
76.4192	1.66503e-05	-0.00326516	0	0	0	0	-3.72751e-05	-0.0130633	1.66503e-05	-0.00326516	0	0	0	0	-3.72751e-05	-0.0130633	
76.5763	1.65818e-05	-0.00325847	0	0	0	0	-3.71219e-05	-0.0130365	1.65818e-05	-0.00325847	0	0	0	0	-3.71219e-05	-0.0130365	
76.7334	1.65136e-05	-0.00325181	0	0	0	0	-3.69697e-05	-0.0130098	1.65136e-05	-0.00325181	0	0	0	0	-3.69697e-05	-0.0130098	
76.8905	1.64459e-05	-0.00324517	0	0	0	0	-3.68177e-05	-0.0129834	1.64459e-05	-0.00324517	0	0	0	0	-3.68177e-05	-0.0129834	
77.0476	1.63786e-05	-0.00323856	0	0	0	0	-3.66675e-05	-0.0129569	1.63786e-05	-0.00323856	0	0	0	0	-3.66675e-05	-0.0129569	
77.2046	1.63118e-05	-0.00323198	0	0	0	0	-3.65179e-05	-0.0129306	1.63118e-05	-0.00323198	0	0	0	0	-3.65179e-05	-0.0129306	
77.3617	1.62453e-05	-0.00322543	0	0	0	0	-3.63692e-05	-0.0129044	1.62453e-05	-0.00322543	0	0	0	0	-3.63692e-05	-0.0129044	
77.5188	1.61792e-05	-0.0032189	0	0	0	0	-3.62214e-05	-0.0128782	1.61792e-05	-0.0032189	0	0	0	0	-3.62214e-05	-0.0128782	
77.6759	1.61135e-05	-0.0032124	0	0	0	0	-3.60742e-05	-0.0128523	1.61135e-05	-0.0032124	0	0	0	0	-3.60742e-05	-0.0128523	
77.833	1.60482e-05	-0.00320593	0	0	0	0	-3.59285e-05	-0.0128263	1.60482e-05	-0.00320593	0	0	0	0	-3.59285e-05	-0.0128263	
77.99	1.59833e-05	-0.00319948	0	0	0	0	-3.57831e-05	-0.0128005	1.59833e-05	-0.00319948	0	0	0	0	-3.57831e-05	-0.0128005	
78.1471	1.59187e-05	-0.00319305	0	0	0	0	-3.56386e-05	-0.0127748	1.59187e-05	-0.00319305	0	0	0	0	-3.56386e-05	-0.0127748	
78.3042	1.58546e-05	-0.00318666	0	0	0	0	-3.54954e-05	-0.0127492	1.58546e-05	-0.00318666	0	0	0	0	-3.54954e-05	-0.0127492	
78.4613	1.57908e-05	-0.00318028	0	0	0	0	-3.53526e-05	-0.0127237	1.57908e-05	-0.00318028	0	0	0	0	-3.53526e-05	-0.0127237	
