-10	-0.0283088	0.000202102	-0.101063	-0.000715484	-0.0283088	0.000202102	-0.101063	-0.000715484	
-9.98	-0.02838	0.000207656	-0.101274	-0.000721667	-0.02838	0.000207656	-0.101274	-0.000721667	
-9.96	-0.0284515	0.000213321	-0.101487	-0.000727909	-0.0284515	0.000213321	-0.101487	-0.000727909	
-9.94	-0.0285234	0.000219098	-0.1017	-0.000734213	-0.0285234	0.000219098	-0.1017	-0.000734213	
-9.92	-0.0285957	0.00022499	-0.101914	-0.000740579	-0.0285957	0.00022499	-0.101914	-0.000740579	
-9.9	-0.0286684	0.000230998	-0.102129	-0.000747007	-0.0286684	0.000230998	-0.102129	-0.000747007	
-9.88	-0.0287415	0.000237126	-0.102346	-0.000753498	-0.0287415	0.000237126	-0.102346	-0.000753498	
-9.86	-0.028815	0.000243376	-0.102563	-0.000760053	-0.028815	0.000243376	-0.102563	-0.000760053	
-9.84	-0.0288889	0.000249749	-0.102781	-0.000766672	-0.0288889	0.000249749	-0.102781	-0.000766672	
-9.82	-0.0289631	0.000256248	-0.103	-0.000773357	-0.0289631	0.000256248	-0.103	-0.000773357	
-9.8	-0.0290378	0.000262876	-0.10322	-0.000780107	-0.0290378	0.000262876	-0.10322	-0.000780107	
-9.78	-0.0291128	0.000269636	-0.103441	-0.000786925	-0.0291128	0.000269636	-0.103441	-0.000786925	
-9.76	-0.0291883	0.000276529	-0.103662	-0.000793809	-0.0291883	0.000276529	-0.103662	-0.000793809	
-9.74	-0.0292642	0.000283559	-0.103885	-0.000800762	-0.0292642	0.000283559	-0.103885	-0.000800762	
-9.72	-0.0293404	0.000290728	-0.104109	-0.000807784	-0.0293404	0.000290728	-0.104109	-0.000807784	
-9.7	-0.0294171	0.000298038	-0.104334	-0.000814876	-0.0294171	0.000298038	-0.104334	-0.000814876	
-9.68	-0.0294942	0.000305493	-0.10456	-0.000822038	-0.0294942	0.000305493	-0.10456	-0.000822038	
-9.66	-0.0295717	0.000313095	-0.104787	-0.000829271	-0.0295717	0.000313095	-0.104787	-0.000829271	
-9.64	-0.0296497	0.000320848	-0.105015	-0.000836577	-0.0296497	0.000320848	-0.105015	-0.000836577	
-9.62	-0.029728	0.000328754	-0.105244	-0.000843955	-0.029728	0.000328754	-0.105244	-0.000843955	
-9.6	-0.0298068	0.000336815	-0.105474	-0.000851407	-0.0298068	0.000336815	-0.105474	-0.000851407	
-9.58	-0.029886	0.000345036	-0.105705	-0.000858934	-0.029886	0.000345036	-0.105705	-0.000858934	
-9.56	-0.0299657	0.00035342	-0.105937	-0.000866536	-0.0299657	0.00035342	-0.105937	-0.000866536	
-9.54	-0.0300458	0.000361968	-0.10617	-0.000874214	-0.0300458	0.000361968	-0.10617	-0.000874214	
-9.52	-0.0301263	0.000370685	-0.106404	-0.00088197	-0.0301263	0.000370685	-0.106404	-0.00088197	
-9.5	-0.0302073	0.000379574	-0.106639	-0.000889803	-0.0302073	0.000379574	-0.106639	-0.000889803	
-9.48	-0.0302887	0.000388638	-0.106875	-0.000897716	-0.0302887	0.000388638	-0.106875	-0.000897716	
-9.46	-0.0303705	0.000397881	-0.107113	-0.000905708	-0.0303705	0.000397881	-0.107113	-0.000905708	
-9.44	-0.0304528	0.000407306	-0.107351	-0.000913781	-0.0304528	0.000407306	-0.107351	-0.000913781	
-9.42	-0.0305356	0.000416916	-0.107591	-0.000921936	-0.0305356	0.000416916	-0.107591	-0.000921936	
-9.4	-0.0306188	0.000426716	-0.107831	-0.000930173	-0.0306188	0.000426716	-0.107831	-0.000930173	
-9.38	-0.0307024	0.000436708	-0.108073	-0.000938493	-0.0307024	0.000436708	-0.108073	-0.000938493	
-9.36	-0.0307866	0.000446897	-0.108316	-0.000946899	-0.0307866	0.000446897	-0.108316	-0.000946899	
-9.34	-0.0308712	0.000457286	-0.10856	-0.000955389	-0.0308712	0.000457286	-0.10856	-0.000955389	
-9.32	-0.0309562	0.000467879	-0.108805	-0.000963966	-0.0309562	0.000467879	-0.108805	-0.000963966	
-9.3	-0.0310417	0.00047868	-0.109051	-0.00097263	-0.0310417	0.00047868	-0.109051	-0.00097263	
-9.28	-0.0311277	0.000489693	-0.109299	-0.000981383	-0.0311277	0.000489693	-0.109299	-0.000981383	
-9.26	-0.0312142	0.000500923	-0.109547	-0.000990225	-0.0312142	0.000500923	-0.109547	-0.000990225	
-9.24	-0.0313012	0.000512373	-0.109797	-0.000999158	-0.0313012	0.000512373	-0.109797	-0.000999158	
-9.22	-0.0313886	0.000524047	-0.110048	-0.00100818	-0.0313886	0.000524047	-0.110048	-0.00100818	
-9.2	-0.0314765	0.00053595	-0.1103	-0.0010173	-0.0314765	0.00053595	-0.1103	-0.0010173	
-9.18	-0.0315649	0.000548086	-0.110553	-0.00102651	-0.0315649	0.000548086	-0.110553	-0.00102651	
-9.16	-0.0316538	0.00056046	-0.110808	-0.00103581	-0.0316538	0.00056046	-0.110808	-0.00103581	
-9.14	-0.0317432	0.000573076	-0.111064	-0.00104521	-0.0317432	0.000573076	-0.111064	-0.00104521	
-9.12	-0.031833	0.000585939	-0.111321	-0.00105471	-0.031833	0.000585939	-0.111321	-0.00105471	
-9.1	-0.0319234	0.000599053	-0.111579	-0.00106431	-0.0319234	0.000599053	-0.111579	-0.00106431	
-9.08	-0.0320143	0.000612423	-0.111838	-0.001074	-0.0320143	0.000612423	-0.111838	-0.001074	
-9.06	-0.0321057	0.000626055	-0.112099	-0.0010838	-0.0321057	0.000626055	-0.112099	-0.0010838	
-9.04	-0.0321975	0.000639952	-0.112361	-0.0010937	-0.0321975	0.000639952	-0.112361	-0.0010937	
-9.02	-0.0322899	0.000654121	-0.112624	-0.0011037	-0.0322899	0.000654121	-0.112624	-0.0011037	
-9	-0.0323828	0.000668565	-0.112888	-0.0011138	-0.0323828	0.000668565	-0.112888	-0.0011138	
-8.98	-0.0324762	0.000683291	-0.113154	-0.00112401	-0.0324762	0.000683291	-0.113154	-0.00112401	
-8.96	-0.0325701	0.000698303	-0.113421	-0.00113432	-0.0325701	0.000698303	-0.113421	-0.00113432	
-8.94	-0.0326646	0.000713607	-0.11369	-0.00114475	-0.0326646	0.000713607	-0.11369	-0.00114475	
-8.92	-0.0327596	0.000729209	-0.113959	-0.00115528	-0.0327596	0.000729209	-0.113959	-0.00115528	
-8.9	-0.032855	0.000745113	-0.11423	-0.00116592	-0.032855	0.000745113	-0.11423	-0.00116592	
-8.88	-0.032951	0.000761326	-0.114503	-0.00117667	-0.032951	0.000761326	-0.114503	-0.00117667	
-8.86	-0.0330476	0.000777853	-0.114776	-0.00118754	-0.0330476	0.000777853	-0.114776	-0.00118754	
-8.84	-0.0331446	0.0007947	-0.115051	-0.00119852	-0.0331446	0.0007947	-0.115051	-0.00119852	
-8.82	-0.0332422	0.000811873	-0.115328	-0.00120962	-0.0332422	0.000811873	-0.115328	-0.00120962	
-8.8	-0.0333404	0.000829378	-0.115605	-0.00122083	-0.0333404	0.000829378	-0.115605	-0.00122083	
-8.78	-0.033439	0.00084722	-0.115884	-0.00123216	-0.033439	0.00084722	-0.115884	-0.00123216	
-8.76	-0.0335382	0.000865407	-0.116165	-0.00124361	-0.0335382	0.000865407	-0.116165	-0.00124361	
-8.74	-0.033638	0.000883944	-0.116447	-0.00125518	-0.033638	0.000883944	-0.116447	-0.00125518	
-8.72	-0.0337383	0.000902838	-0.11673	-0.00126688	-0.0337383	0.000902838	-0.11673	-0.00126688	
-8.7	-0.0338391	0.000922095	-0.117015	-0.00127869	-0.0338391	0.000922095	-0.117015	-0.00127869	
-8.68	-0.0339405	0.000941722	-0.117301	-0.00129064	-0.0339405	0.000941722	-0.117301	-0.00129064	
-8.66	-0.0340424	0.000961724	-0.117589	-0.00130271	-0.0340424	0.000961724	-0.117589	-0.00130271	
-8.64	-0.0341449	0.00098211	-0.117878	-0.00131491	-0.0341449	0.00098211	-0.117878	-0.00131491	
-8.62	-0.0342479	0.00100289	-0.118169	-0.00132724	-0.0342479	0.00100289	-0.118169	-0.00132724	
-8.6	-0.0343514	0.00102406	-0.118461	-0.0013397	-0.0343514	0.00102406	-0.118461	-0.0013397	
-8.58	-0.0344556	0.00104563	-0.118754	-0.00135229	-0.0344556	0.00104563	-0.118754	-0.00135229	
-8.56	-0.0345602	0.00106762	-0.11905	-0.00136502	-0.0345602	0.00106762	-0.11905	-0.00136502	
-8.54	-0.0346655	0.00109003	-0.119346	-0.00137789	-0.0346655	0.00109003	-0.119346	-0.00137789	
-8.52	-0.0347712	0.00111286	-0.119644	-0.00139089	-0.0347712	0.00111286	-0.119644	-0.00139089	
-8.5	-0.0348776	0.00113612	-0.119944	-0.00140404	-0.0348776	0.00113612	-0.119944	-0.00140404	
-8.48	-0.0349845	0.00115982	-0.120245	-0.00141732	-0.0349845	0.00115982	-0.120245	-0.00141732	
-8.46	-0.0350919	0.00118397	-0.120548	-0.00143075	-0.0350919	0.00118397	-0.120548	-0.00143075	
-8.44	-0.0352	0.00120858	-0.120852	-0.00144433	-0.0352	0.00120858	-0.120852	-0.00144433	
-8.42	-0.0353085	0.00123364	-0.121158	-0.00145805	-0.0353085	0.00123364	-0.121158	-0.00145805	
-8.4	-0.0354177	0.00125918	-0.121466	-0.00147192	-0.0354177	0.00125918	-0.121466	-0.00147192	
-8.38	-0.0355273	0.0012852	-0.121775	-0.00148594	-0.0355273	0.0012852	-0.121775	-0.00148594	
-8.36	-0.0356376	0.0013117	-0.122086	-0.00150011	-0.0356376	0.0013117	-0.122086	-0.00150011	
-8.34	-0.0357484	0.0013387	-0.122398	-0.00151443	-0.0357484	0.0013387	-0.122398	-0.00151443	
-8.32	-0.0358598	0.0013662	-0.122713	-0.00152892	-0.0358598	0.0013662	-0.122713	-0.00152892	
-8.3	-0.0359717	0.00139421	-0.123028	-0.00154356	-0.0359717	0.00139421	-0.123028	-0.00154356	
-8.28	-0.0360842	0.00142274	-0.123346	-0.00155836	-0.0360842	0.00142274	-0.123346	-0.00155836	
-8.26	-0.0361972	0.0014518	-0.123665	-0.00157332	-0.0361972	0.0014518	-0.123665	-0.00157332	
-8.24	-0.0363108	0.00148139	-0.123986	-0.00158845	-0.0363108	0.00148139	-0.123986	-0.00158845	
-8.22	-0.036425	0.00151153	-0.124309	-0.00160374	-0.036425	0.00151153	-0.124309	-0.00160374	
-8.2	-0.0365397	0.00154221	-0.124633	-0.0016192	-0.0365397	0.00154221	-0.124633	-0.0016192	
-8.18	-0.0366549	0.00157346	-0.124959	-0.00163483	-0.0366549	0.00157346	-0.124959	-0.00163483	
-8.16	-0.0367708	0.00160528	-0.125287	-0.00165063	-0.0367708	0.00160528	-0.125287	-0.00165063	
-8.14	-0.0368871	0.00163768	-0.125617	-0.00166661	-0.0368871	0.00163768	-0.125617	-0.00166661	
-8.12	-0.037004	0.00167066	-0.125948	-0.00168276	-0.037004	0.00167066	-0.125948	-0.00168276	
-8.1	-0.0371215	0.00170424	-0.126281	-0.00169909	-0.0371215	0.00170424	-0.126281	-0.00169909	
-8.08	-0.0372395	0.00173843	-0.126617	-0.00171561	-0.0372395	0.00173843	-0.126617	-0.00171561	
-8.06	-0.037358	0.00177322	-0.126954	-0.0017323	-0.037358	0.00177322	-0.126954	-0.0017323	
-8.04	-0.0374771	0.00180864	-0.127292	-0.00174919	-0.0374771	0.00180864	-0.127292	-0.00174919	
-8.02	-0.0375967	0.00184469	-0.127633	-0.00176626	-0.0375967	0.00184469	-0.127633	-0.00176626	
-8	-0.0377168	0.00188138	-0.127976	-0.00178352	-0.0377168	0.00188138	-0.127976	-0.00178352	
-7.98	-0.0378375	0.00191872	-0.12832	-0.00180097	-0.0378375	0.00191872	-0.12832	-0.00180097	
-7.96	-0.0379587	0.00195671	-0.128667	-0.00181862	-0.0379587	0.00195671	-0.128667	-0.00181862	
-7.94	-0.0380804	0.00199537	-0.129015	-0.00183647	-0.0380804	0.00199537	-0.129015	-0.00183647	
-7.92	-0.0382026	0.00203471	-0.129365	-0.00185452	-0.0382026	0.00203471	-0.129365	-0.00185452	
-7.9	-0.0383253	0.00207473	-0.129717	-0.00187277	-0.0383253	0.00207473	-0.129717	-0.00187277	
-7.88	-0.0384486	0.00211544	-0.130072	-0.00189123	-0.0384486	0.00211544	-0.130072	-0.00189123	
-7.86	-0.0385723	0.00215685	-0.130428	-0.00190989	-0.0385723	0.00215685	-0.130428	-0.00190989	
-7.84	-0.0386965	0.00219897	-0.130786	-0.00192877	-0.0386965	0.00219897	-0.130786	-0.00192877	
-7.82	-0.0388212	0.00224181	-0.131147	-0.00194786	-0.0388212	0.00224181	-0.131147	-0.00194786	
-7.8	-0.0389465	0.00228537	-0.131509	-0.00196716	-0.0389465	0.00228537	-0.131509	-0.00196716	
-7.78	-0.0390721	0.00232967	-0.131873	-0.00198669	-0.0390721	0.00232967	-0.131873	-0.00198669	
-7.76	-0.0391983	0.00237472	-0.13224	-0.00200643	-0.0391983	0.00237472	-0.13224	-0.00200643	
-7.74	-0.0393249	0.00242052	-0.132609	-0.00202641	-0.0393249	0.00242052	-0.132609	-0.00202641	
-7.72	-0.039452	0.00246707	-0.13298	-0.00204661	-0.039452	0.00246707	-0.13298	-0.00204661	
-7.7	-0.0395795	0.00251439	-0.133352	-0.00206704	-0.0395795	0.00251439	-0.133352	-0.00206704	
-7.68	-0.0397075	0.00256249	-0.133728	-0.0020877	-0.0397075	0.00256249	-0.133728	-0.0020877	
-7.66	-0.0398359	0.00261138	-0.134105	-0.00210861	-0.0398359	0.00261138	-0.134105	-0.00210861	
-7.64	-0.0399648	0.00266105	-0.134484	-0.00212975	-0.0399648	0.00266105	-0.134484	-0.00212975	
-7.62	-0.040094	0.00271153	-0.134866	-0.00215114	-0.040094	0.00271153	-0.134866	-0.00215114	
-7.6	-0.0402237	0.0027628	-0.13525	-0.00217277	-0.0402237	0.0027628	-0.13525	-0.00217277	
-7.58	-0.0403538	0.0028149	-0.135636	-0.00219465	-0.0403538	0.0028149	-0.135636	-0.00219465	
-7.56	-0.0404842	0.00286781	-0.136025	-0.00221679	-0.0404842	0.00286781	-0.136025	-0.00221679	
-7.54	-0.0406151	0.00292155	-0.136416	-0.00223918	-0.0406151	0.00292155	-0.136416	-0.00223918	
-7.52	-0.0407463	0.00297612	-0.136809	-0.00226184	-0.0407463	0.00297612	-0.136809	-0.00226184	
-7.5	-0.0408779	0.00303153	-0.137204	-0.00228475	-0.0408779	0.00303153	-0.137204	-0.00228475	
-7.48	-0.0410098	0.00308778	-0.137602	-0.00230794	-0.0410098	0.00308778	-0.137602	-0.00230794	
-7.46	-0.0411421	0.00314489	-0.138002	-0.00233139	-0.0411421	0.00314489	-0.138002	-0.00233139	
-7.44	-0.0412747	0.00320285	-0.138405	-0.00235512	-0.0412747	0.00320285	-0.138405	-0.00235512	
-7.42	-0.0414077	0.00326167	-0.13881	-0.00237913	-0.0414077	0.00326167	-0.13881	-0.00237913	
-7.4	-0.0415409	0.00332136	-0.139218	-0.00240342	-0.0415409	0.00332136	-0.139218	-0.00240342	
-7.38	-0.0416745	0.00338192	-0.139628	-0.002428	-0.0416745	0.00338192	-0.139628	-0.002428	
-7.36	-0.0418083	0.00344336	-0.14004	-0.00245287	-0.0418083	0.00344336	-0.14004	-0.00245287	
-7.34	-0.0419424	0.00350567	-0.140455	-0.00247803	-0.0419424	0.00350567	-0.140455	-0.00247803	
-7.32	-0.0420768	0.00356886	-0.140873	-0.00250349	-0.0420768	0.00356886	-0.140873	-0.00250349	
-7.3	-0.0422114	0.00363294	-0.141293	-0.00252925	-0.0422114	0.00363294	-0.141293	-0.00252925	
-7.28	-0.0423462	0.0036979	-0.141716	-0.00255532	-0.0423462	0.0036979	-0.141716	-0.00255532	
-7.26	-0.0424813	0.00376375	-0.142141	-0.0025817	-0.0424813	0.00376375	-0.142141	-0.0025817	
-7.24	-0.0426166	0.00383049	-0.142569	-0.00260839	-0.0426166	0.00383049	-0.142569	-0.00260839	
-7.22	-0.042752	0.00389812	-0.143	-0.00263541	-0.042752	0.00389812	-0.143	-0.00263541	
-7.2	-0.0428877	0.00396665	-0.143433	-0.00266275	-0.0428877	0.00396665	-0.143433	-0.00266275	
-7.18	-0.0430235	0.00403606	-0.143869	-0.00269041	-0.0430235	0.00403606	-0.143869	-0.00269041	
-7.16	-0.0431595	0.00410637	-0.144308	-0.00271841	-0.0431595	0.00410637	-0.144308	-0.00271841	
-7.14	-0.0432956	0.00417757	-0.14475	-0.00274675	-0.0432956	0.00417757	-0.14475	-0.00274675	
-7.12	-0.0434319	0.00424966	-0.145194	-0.00277544	-0.0434319	0.00424966	-0.145194	-0.00277544	
-7.1	-0.0435682	0.00432263	-0.145641	-0.00280447	-0.0435682	0.00432263	-0.145641	-0.00280447	
-7.08	-0.0437047	0.00439649	-0.146091	-0.00283385	-0.0437047	0.00439649	-0.146091	-0.00283385	
-7.06	-0.0438412	0.00447124	-0.146544	-0.00286359	-0.0438412	0.00447124	-0.146544	-0.00286359	
-7.04	-0.0439778	0.00454686	-0.147	-0.0028937	-0.0439778	0.00454686	-0.147	-0.0028937	
-7.02	-0.0441145	0.00462335	-0.147459	-0.00292417	-0.0441145	0.00462335	-0.147459	-0.00292417	
-7	-0.0442511	0.00470071	-0.14792	-0.00295502	-0.0442511	0.00470071	-0.14792	-0.00295502	
-6.98	-0.0443879	0.00477893	-0.148385	-0.00298625	-0.0443879	0.00477893	-0.148385	-0.00298625	
-6.96	-0.0445246	0.00485802	-0.148853	-0.00301786	-0.0445246	0.00485802	-0.148853	-0.00301786	
-6.94	-0.0446613	0.00493795	-0.149323	-0.00304987	-0.0446613	0.00493795	-0.149323	-0.00304987	
-6.92	-0.044798	0.00501872	-0.149797	-0.00308227	-0.044798	0.00501872	-0.149797	-0.00308227	
-6.9	-0.0449347	0.00510033	-0.150274	-0.00311508	-0.0449347	0.00510033	-0.150274	-0.00311508	
-6.88	-0.0450713	0.00518276	-0.150754	-0.00314829	-0.0450713	0.00518276	-0.150754	-0.00314829	
-6.86	-0.0452078	0.00526601	-0.151237	-0.00318192	-0.0452078	0.00526601	-0.151237	-0.00318192	
-6.84	-0.0453443	0.00535006	-0.151724	-0.00321597	-0.0453443	0.00535006	-0.151724	-0.00321597	
-6.82	-0.0454807	0.0054349	-0.152213	-0.00325045	-0.0454807	0.0054349	-0.152213	-0.00325045	
-6.8	-0.045617	0.00552053	-0.152706	-0.00328537	-0.045617	0.00552053	-0.152706	-0.00328537	
-6.78	-0.0457531	0.00560693	-0.153202	-0.00332072	-0.0457531	0.00560693	-0.153202	-0.00332072	
-6.76	-0.0458891	0.00569409	-0.153702	-0.00335653	-0.0458891	0.00569409	-0.153702	-0.00335653	
-6.74	-0.046025	0.00578198	-0.154204	-0.00339279	-0.046025	0.00578198	-0.154204	-0.00339279	
-6.72	-0.0461608	0.00587061	-0.15471	-0.00342951	-0.0461608	0.00587061	-0.15471	-0.00342951	
-6.7	-0.0462963	0.00595995	-0.15522	-0.0034667	-0.0462963	0.00595995	-0.15522	-0.0034667	
-6.68	-0.0464317	0.00604999	-0.155733	-0.00350437	-0.0464317	0.00604999	-0.155733	-0.00350437	
-6.66	-0.0465669	0.00614071	-0.15625	-0.00354252	-0.0465669	0.00614071	-0.15625	-0.00354252	
-6.64	-0.0467019	0.00623209	-0.15677	-0.00358117	-0.0467019	0.00623209	-0.15677	-0.00358117	
-6.62	-0.0468367	0.00632411	-0.157293	-0.00362031	-0.0468367	0.00632411	-0.157293	-0.00362031	
-6.6	-0.0469713	0.00641676	-0.15782	-0.00365997	-0.0469713	0.00641676	-0.15782	-0.00365997	
-6.58	-0.0471056	0.00651002	-0.158351	-0.00370014	-0.0471056	0.00651002	-0.158351	-0.00370014	
-6.56	-0.0472397	0.00660387	-0.158886	-0.00374083	-0.0472397	0.00660387	-0.158886	-0.00374083	
-6.54	-0.0473736	0.00669828	-0.159424	-0.00378206	-0.0473736	0.00669828	-0.159424	-0.00378206	
-6.52	-0.0475072	0.00679324	-0.159966	-0.00382383	-0.0475072	0.00679324	-0.159966	-0.00382383	
-6.5	-0.0476406	0.00688873	-0.160511	-0.00386616	-0.0476406	0.00688873	-0.160511	-0.00386616	
-6.48	-0.0477737	0.00698471	-0.161061	-0.00390904	-0.0477737	0.00698471	-0.161061	-0.00390904	
-6.46	-0.0479065	0.00708117	-0.161614	-0.00395249	-0.0479065	0.00708117	-0.161614	-0.00395249	
-6.44	-0.0480391	0.00717809	-0.162171	-0.00399652	-0.0480391	0.00717809	-0.162171	-0.00399652	
-6.42	-0.0481714	0.00727544	-0.162732	-0.00404114	-0.0481714	0.00727544	-0.162732	-0.00404114	
-6.4	-0.0483034	0.00737319	-0.163297	-0.00408636	-0.0483034	0.00737319	-0.163297	-0.00408636	
-6.38	-0.0484351	0.00747133	-0.163867	-0.00413219	-0.0484351	0.00747133	-0.163867	-0.00413219	
-6.36	-0.0485666	0.00756982	-0.16444	-0.00417864	-0.0485666	0.00756982	-0.16444	-0.00417864	
-6.34	-0.0486978	0.00766864	-0.165017	-0.00422572	-0.0486978	0.00766864	-0.165017	-0.00422572	
-6.32	-0.0488287	0.00776776	-0.165598	-0.00427345	-0.0488287	0.00776776	-0.165598	-0.00427345	
-6.3	-0.0489594	0.00786716	-0.166184	-0.00432182	-0.0489594	0.00786716	-0.166184	-0.00432182	
-6.28	-0.0490897	0.00796682	-0.166774	-0.00437086	-0.0490897	0.00796682	-0.166774	-0.00437086	
-6.26	-0.0492198	0.00806669	-0.167368	-0.00442057	-0.0492198	0.00806669	-0.167368	-0.00442057	
-6.24	-0.0493497	0.00816676	-0.167966	-0.00447097	-0.0493497	0.00816676	-0.167966	-0.00447097	
-6.22	-0.0494793	0.008267	-0.168569	-0.00452207	-0.0494793	0.008267	-0.168569	-0.00452207	
-6.2	-0.0496087	0.00836738	-0.169176	-0.00457389	-0.0496087	0.00836738	-0.169176	-0.00457389	
-6.18	-0.0497378	0.00846787	-0.169788	-0.00462643	-0.0497378	0.00846787	-0.169788	-0.00462643	
-6.16	-0.0498667	0.00856844	-0.170404	-0.00467971	-0.0498667	0.00856844	-0.170404	-0.00467971	
-6.14	-0.0499954	0.00866907	-0.171025	-0.00473373	-0.0499954	0.00866907	-0.171025	-0.00473373	
-6.12	-0.0501238	0.00876973	-0.17165	-0.00478853	-0.0501238	0.00876973	-0.17165	-0.00478853	
-6.1	-0.0502521	0.00887039	-0.17228	-0.00484411	-0.0502521	0.00887039	-0.17228	-0.00484411	
-6.08	-0.0503803	0.00897102	-0.172914	-0.00490048	-0.0503803	0.00897102	-0.172914	-0.00490048	
-6.06	-0.0505082	0.00907159	-0.173554	-0.00495765	-0.0505082	0.00907159	-0.173554	-0.00495765	
-6.04	-0.050636	0.00917207	-0.174198	-0.00501566	-0.050636	0.00917207	-0.174198	-0.00501566	
-6.02	-0.0507637	0.00927244	-0.174847	-0.0050745	-0.0507637	0.00927244	-0.174847	-0.0050745	
-6	-0.0508913	0.00937268	-0.175501	-0.0051342	-0.0508913	0.00937268	-0.175501	-0.0051342	
-5.98	-0.0510188	0.00947274	-0.17616	-0.00519477	-0.0510188	0.00947274	-0.17616	-0.00519477	
-5.96	-0.0511462	0.00957261	-0.176823	-0.00525623	-0.0511462	0.00957261	-0.176823	-0.00525623	
-5.94	-0.0512736	0.00967225	-0.177492	-0.00531859	-0.0512736	0.00967225	-0.177492	-0.00531859	
-5.92	-0.0514009	0.00977165	-0.178166	-0.00538188	-0.0514009	0.00977165	-0.178166	-0.00538188	
-5.9	-0.0515283	0.00987077	-0.178846	-0.00544611	-0.0515283	0.00987077	-0.178846	-0.00544611	
-5.88	-0.0516556	0.00996959	-0.17953	-0.0055113	-0.0516556	0.00996959	-0.17953	-0.0055113	
-5.86	-0.0517831	0.0100681	-0.18022	-0.00557747	-0.0517831	0.0100681	-0.18022	-0.00557747	
-5.84	-0.0519106	0.0101662	-0.180915	-0.00564464	-0.0519106	0.0101662	-0.180915	-0.00564464	
-5.82	-0.0520382	0.010264	-0.181615	-0.00571283	-0.0520382	0.010264	-0.181615	-0.00571283	
-5.8	-0.052166	0.0103614	-0.182321	-0.00578205	-0.052166	0.0103614	-0.182321	-0.00578205	
-5.78	-0.0522939	0.0104583	-0.183033	-0.00585233	-0.0522939	0.0104583	-0.183033	-0.00585233	
-5.76	-0.052422	0.0105548	-0.18375	-0.0059237	-0.052422	0.0105548	-0.18375	-0.0059237	
-5.74	-0.0525504	0.0106508	-0.184473	-0.00599617	-0.0525504	0.0106508	-0.184473	-0.00599617	
-5.72	-0.052679	0.0107464	-0.185201	-0.00606976	-0.052679	0.0107464	-0.185201	-0.00606976	
-5.7	-0.0528079	0.0108414	-0.185935	-0.0061445	-0.0528079	0.0108414	-0.185935	-0.0061445	
-5.68	-0.0529372	0.0109359	-0.186675	-0.00622042	-0.0529372	0.0109359	-0.186675	-0.00622042	
-5.66	-0.0530668	0.0110298	-0.187421	-0.00629753	-0.0530668	0.0110298	-0.187421	-0.00629753	
-5.64	-0.0531968	0.0111232	-0.188173	-0.00637586	-0.0531968	0.0111232	-0.188173	-0.00637586	
-5.62	-0.0533272	0.011216	-0.188931	-0.00645544	-0.0533272	0.011216	-0.188931	-0.00645544	
-5.6	-0.0534582	0.0113082	-0.189696	-0.0065363	-0.0534582	0.0113082	-0.189696	-0.0065363	
-5.58	-0.0535896	0.0113997	-0.190466	-0.00661846	-0.0535896	0.0113997	-0.190466	-0.00661846	
-5.56	-0.0537217	0.0114907	-0.191243	-0.00670194	-0.0537217	0.0114907	-0.191243	-0.00670194	
-5.54	-0.0538543	0.0115809	-0.192025	-0.00678679	-0.0538543	0.0115809	-0.192025	-0.00678679	
-5.52	-0.0539875	0.0116706	-0.192815	-0.00687302	-0.0539875	0.0116706	-0.192815	-0.00687302	
-5.5	-0.0541215	0.0117595	-0.193611	-0.00696066	-0.0541215	0.0117595	-0.193611	-0.00696066	
-5.48	-0.0542561	0.0118477	-0.194413	-0.00704976	-0.0542561	0.0118477	-0.194413	-0.00704976	
-5.46	-0.0543915	0.0119352	-0.195222	-0.00714034	-0.0543915	0.0119352	-0.195222	-0.00714034	
-5.44	-0.0545277	0.012022	-0.196038	-0.00723242	-0.0545277	0.012022	-0.196038	-0.00723242	
-5.42	-0.0546648	0.0121081	-0.196861	-0.00732606	-0.0546648	0.0121081	-0.196861	-0.00732606	
-5.4	-0.0548028	0.0121935	-0.19769	-0.00742127	-0.0548028	0.0121935	-0.19769	-0.00742127	
-5.38	-0.0549417	0.0122781	-0.198526	-0.0075181	-0.0549417	0.0122781	-0.198526	-0.0075181	
-5.36	-0.0550815	0.0123619	-0.19937	-0.00761658	-0.0550815	0.0123619	-0.19937	-0.00761658	
-5.34	-0.0552224	0.012445	-0.200221	-0.00771675	-0.0552224	0.012445	-0.200221	-0.00771675	
-5.32	-0.0553644	0.0125274	-0.201078	-0.00781865	-0.0553644	0.0125274	-0.201078	-0.00781865	
-5.3	-0.0555075	0.0126089	-0.201943	-0.00792231	-0.0555075	0.0126089	-0.201943	-0.00792231	
-5.28	-0.0556518	0.0126897	-0.202816	-0.00802778	-0.0556518	0.0126897	-0.202816	-0.00802778	
-5.26	-0.0557973	0.0127697	-0.203696	-0.0081351	-0.0557973	0.0127697	-0.203696	-0.0081351	
-5.24	-0.055944	0.0128489	-0.204584	-0.00824431	-0.055944	0.0128489	-0.204584	-0.00824431	
-5.22	-0.0560921	0.0129273	-0.205479	-0.00835545	-0.0560921	0.0129273	-0.205479	-0.00835545	
-5.2	-0.0562415	0.013005	-0.206382	-0.00846858	-0.0562415	0.013005	-0.206382	-0.00846858	
-5.18	-0.0563923	0.0130818	-0.207293	-0.00858373	-0.0563923	0.0130818	-0.207293	-0.00858373	
-5.16	-0.0565445	0.0131579	-0.208211	-0.00870095	-0.0565445	0.0131579	-0.208211	-0.00870095	
-5.14	-0.0566983	0.0132331	-0.209138	-0.0088203	-0.0566983	0.0132331	-0.209138	-0.0088203	
-5.12	-0.0568536	0.0133076	-0.210073	-0.00894182	-0.0568536	0.0133076	-0.210073	-0.00894182	
-5.1	-0.0570105	0.0133813	-0.211016	-0.00906556	-0.0570105	0.0133813	-0.211016	-0.00906556	
-5.08	-0.057169	0.0134542	-0.211968	-0.00919158	-0.057169	0.0134542	-0.211968	-0.00919158	
-5.06	-0.0573292	0.0135263	-0.212928	-0.00931994	-0.0573292	0.0135263	-0.212928	-0.00931994	
-5.04	-0.0574912	0.0135977	-0.213897	-0.00945068	-0.0574912	0.0135977	-0.213897	-0.00945068	
-5.02	-0.057655	0.0136683	-0.214874	-0.00958386	-0.057655	0.0136683	-0.214874	-0.00958386	
-5	-0.0578206	0.0137381	-0.21586	-0.00971956	-0.0578206	0.0137381	-0.21586	-0.00971956	
-4.98	-0.0579881	0.0138071	-0.216855	-0.00985781	-0.0579881	0.0138071	-0.216855	-0.00985781	
-4.96	-0.0581575	0.0138753	-0.217859	-0.0099987	-0.0581575	0.0138753	-0.217859	-0.0099987	
-4.94	-0.0583289	0.0139429	-0.218872	-0.0101423	-0.0583289	0.0139429	-0.218872	-0.0101423	
-4.92	-0.0585024	0.0140096	-0.219895	-0.0102886	-0.0585024	0.0140096	-0.219895	-0.0102886	
-4.9	-0.0586779	0.0140756	-0.220927	-0.0104378	-0.0586779	0.0140756	-0.220927	-0.0104378	
-4.88	-0.0588556	0.0141409	-0.221968	-0.0105898	-0.0588556	0.0141409	-0.221968	-0.0105898	
-4.86	-0.0590355	0.0142054	-0.223019	-0.0107449	-0.0590355	0.0142054	-0.223019	-0.0107449	
-4.84	-0.0592177	0.0142692	-0.22408	-0.0109029	-0.0592177	0.0142692	-0.22408	-0.0109029	
-4.82	-0.0594021	0.0143324	-0.22515	-0.0110641	-0.0594021	0.0143324	-0.22515	-0.0110641	
-4.8	-0.0595889	0.0143947	-0.226231	-0.0112285	-0.0595889	0.0143947	-0.226231	-0.0112285	
-4.78	-0.0597781	0.0144564	-0.227321	-0.0113962	-0.0597781	0.0144564	-0.227321	-0.0113962	
-4.76	-0.0599697	0.0145174	-0.228422	-0.0115672	-0.0599697	0.0145174	-0.228422	-0.0115672	
-4.74	-0.0601638	0.0145778	-0.229533	-0.0117417	-0.0601638	0.0145778	-0.229533	-0.0117417	
-4.72	-0.0603605	0.0146374	-0.230655	-0.0119197	-0.0603605	0.0146374	-0.230655	-0.0119197	
-4.7	-0.0605598	0.0146964	-0.231788	-0.0121013	-0.0605598	0.0146964	-0.231788	-0.0121013	
-4.68	-0.0607617	0.0147547	-0.232931	-0.0122867	-0.0607617	0.0147547	-0.232931	-0.0122867	
-4.66	-0.0609664	0.0148124	-0.234086	-0.0124758	-0.0609664	0.0148124	-0.234086	-0.0124758	
-4.64	-0.0611738	0.0148695	-0.235251	-0.0126689	-0.0611738	0.0148695	-0.235251	-0.0126689	
-4.62	-0.061384	0.0149259	-0.236428	-0.012866	-0.061384	0.0149259	-0.236428	-0.012866	
-4.6	-0.0615971	0.0149817	-0.237616	-0.0130672	-0.0615971	0.0149817	-0.237616	-0.0130672	
-4.58	-0.0618132	0.0150369	-0.238816	-0.0132726	-0.0618132	0.0150369	-0.238816	-0.0132726	
-4.56	-0.0620322	0.0150915	-0.240027	-0.0134823	-0.0620322	0.0150915	-0.240027	-0.0134823	
-4.54	-0.0622543	0.0151455	-0.241251	-0.0136965	-0.0622543	0.0151455	-0.241251	-0.0136965	
-4.52	-0.0624794	0.0151989	-0.242486	-0.0139153	-0.0624794	0.0151989	-0.242486	-0.0139153	
-4.5	-0.0627078	0.0152518	-0.243734	-0.0141387	-0.0627078	0.0152518	-0.243734	-0.0141387	
-4.48	-0.0629393	0.0153041	-0.244994	-0.0143669	-0.0629393	0.0153041	-0.244994	-0.0143669	
-4.46	-0.0631741	0.0153558	-0.246267	-0.0146001	-0.0631741	0.0153558	-0.246267	-0.0146001	
-4.44	-0.0634122	0.015407	-0.247553	-0.0148383	-0.0634122	0.015407	-0.247553	-0.0148383	
-4.42	-0.0636537	0.0154577	-0.248851	-0.0150817	-0.0636537	0.0154577	-0.248851	-0.0150817	
-4.4	-0.0638986	0.0155079	-0.250163	-0.0153305	-0.0638986	0.0155079	-0.250163	-0.0153305	
-4.38	-0.064147	0.0155575	-0.251488	-0.0155847	-0.064147	0.0155575	-0.251488	-0.0155847	
-4.36	-0.064399	0.0156067	-0.252826	-0.0158446	-0.064399	0.0156067	-0.252826	-0.0158446	
-4.34	-0.0646547	0.0156553	-0.254178	-0.0161102	-0.0646547	0.0156553	-0.254178	-0.0161102	
-4.32	-0.064914	0.0157034	-0.255544	-0.0163818	-0.064914	0.0157034	-0.255544	-0.0163818	
-4.3	-0.0651771	0.0157511	-0.256924	-0.0166594	-0.0651771	0.0157511	-0.256924	-0.0166594	
-4.28	-0.0654439	0.0157983	-0.258319	-0.0169433	-0.0654439	0.0157983	-0.258319	-0.0169433	
-4.26	-0.0657147	0.015845	-0.259728	-0.0172336	-0.0657147	0.015845	-0.259728	-0.0172336	
-4.24	-0.0659894	0.0158913	-0.261151	-0.0175306	-0.0659894	0.0158913	-0.261151	-0.0175306	
-4.22	-0.0662681	0.0159371	-0.26259	-0.0178343	-0.0662681	0.0159371	-0.26259	-0.0178343	
-4.2	-0.066551	0.0159825	-0.264043	-0.018145	-0.066551	0.0159825	-0.264043	-0.018145	
-4.18	-0.0668379	0.0160274	-0.265512	-0.0184628	-0.0668379	0.0160274	-0.265512	-0.0184628	
-4.16	-0.0671291	0.0160719	-0.266997	-0.018788	-0.0671291	0.0160719	-0.266997	-0.018788	
-4.14	-0.0674246	0.0161159	-0.268497	-0.0191207	-0.0674246	0.0161159	-0.268497	-0.0191207	
-4.12	-0.0677244	0.0161596	-0.270014	-0.0194612	-0.0677244	0.0161596	-0.270014	-0.0194612	
-4.1	-0.0680287	0.0162028	-0.271547	-0.0198097	-0.0680287	0.0162028	-0.271547	-0.0198097	
-4.08	-0.0683375	0.0162456	-0.273096	-0.0201664	-0.0683375	0.0162456	-0.273096	-0.0201664	
-4.06	-0.0686509	0.016288	-0.274662	-0.0205315	-0.0686509	0.016288	-0.274662	-0.0205315	
-4.04	-0.068969	0.01633	-0.276245	-0.0209052	-0.068969	0.01633	-0.276245	-0.0209052	
-4.02	-0.0692918	0.0163715	-0.277845	-0.0212879	-0.0692918	0.0163715	-0.277845	-0.0212879	
-4	-0.0696195	0.0164127	-0.279463	-0.0216798	-0.0696195	0.0164127	-0.279463	-0.0216798	
-3.98	-0.069952	0.0164535	-0.281098	-0.022081	-0.069952	0.0164535	-0.281098	-0.022081	
-3.96	-0.0702896	0.0164938	-0.282752	-0.022492	-0.0702896	0.0164938	-0.282752	-0.022492	
-3.94	-0.0706323	0.0165338	-0.284424	-0.0229129	-0.0706323	0.0165338	-0.284424	-0.0229129	
-3.92	-0.0709801	0.0165733	-0.286114	-0.023344	-0.0709801	0.0165733	-0.286114	-0.023344	
-3.9	-0.0713332	0.0166125	-0.287823	-0.0237857	-0.0713332	0.0166125	-0.287823	-0.0237857	
-3.88	-0.0716917	0.0166512	-0.289552	-0.0242382	-0.0716917	0.0166512	-0.289552	-0.0242382	
-3.86	-0.0720556	0.0166895	-0.291299	-0.0247019	-0.0720556	0.0166895	-0.291299	-0.0247019	
-3.84	-0.0724251	0.0167274	-0.293067	-0.025177	-0.0724251	0.0167274	-0.293067	-0.025177	
-3.82	-0.0728002	0.0167649	-0.294854	-0.0256639	-0.0728002	0.0167649	-0.294854	-0.0256639	
-3.8	-0.073181	0.016802	-0.296662	-0.0261629	-0.073181	0.016802	-0.296662	-0.0261629	
-3.78	-0.0735678	0.0168386	-0.29849	-0.0266744	-0.0735678	0.0168386	-0.29849	-0.0266744	
-3.76	-0.0739604	0.0168749	-0.300339	-0.0271988	-0.0739604	0.0168749	-0.300339	-0.0271988	
-3.74	-0.0743592	0.0169106	-0.30221	-0.0277364	-0.0743592	0.0169106	-0.30221	-0.0277364	
-3.72	-0.0747641	0.0169459	-0.304102	-0.0282876	-0.0747641	0.0169459	-0.304102	-0.0282876	
-3.7	-0.0751753	0.0169808	-0.306016	-0.0288528	-0.0751753	0.0169808	-0.306016	-0.0288528	
-3.68	-0.0755929	0.0170152	-0.307951	-0.0294324	-0.0755929	0.0170152	-0.307951	-0.0294324	
-3.66	-0.0760171	0.0170491	-0.30991	-0.0300268	-0.0760171	0.0170491	-0.30991	-0.0300268	
-3.64	-0.0764478	0.0170825	-0.311891	-0.0306365	-0.0764478	0.0170825	-0.311891	-0.0306365	
-3.62	-0.0768854	0.0171154	-0.313895	-0.031262	-0.0768854	0.0171154	-0.313895	-0.031262	
-3.6	-0.0773298	0.0171478	-0.315923	-0.0319036	-0.0773298	0.0171478	-0.315923	-0.0319036	
-3.58	-0.0777813	0.0171797	-0.317975	-0.0325619	-0.0777813	0.0171797	-0.317975	-0.0325619	
-3.56	-0.0782399	0.017211	-0.320051	-0.0332374	-0.0782399	0.017211	-0.320051	-0.0332374	
-3.54	-0.0787059	0.0172417	-0.322151	-0.0339305	-0.0787059	0.0172417	-0.322151	-0.0339305	
-3.52	-0.0791792	0.0172718	-0.324276	-0.0346419	-0.0791792	0.0172718	-0.324276	-0.0346419	
-3.5	-0.0796602	0.0173014	-0.326427	-0.035372	-0.0796602	0.0173014	-0.326427	-0.035372	
-3.48	-0.0801489	0.0173302	-0.328603	-0.0361214	-0.0801489	0.0173302	-0.328603	-0.0361214	
-3.46	-0.0806454	0.0173585	-0.330805	-0.0368908	-0.0806454	0.0173585	-0.330805	-0.0368908	
-3.44	-0.0811501	0.017386	-0.333033	-0.0376806	-0.0811501	0.017386	-0.333033	-0.0376806	
-3.42	-0.0816629	0.0174128	-0.335288	-0.0384916	-0.0816629	0.0174128	-0.335288	-0.0384916	
-3.4	-0.082184	0.0174389	-0.33757	-0.0393244	-0.082184	0.0174389	-0.33757	-0.0393244	
-3.38	-0.0827138	0.0174642	-0.339879	-0.0401796	-0.0827138	0.0174642	-0.339879	-0.0401796	
-3.36	-0.0832522	0.0174886	-0.342217	-0.0410579	-0.0832522	0.0174886	-0.342217	-0.0410579	
-3.34	-0.0837995	0.0175123	-0.344582	-0.0419601	-0.0837995	0.0175123	-0.344582	-0.0419601	
-3.32	-0.0843558	0.017535	-0.346976	-0.0428868	-0.0843558	0.017535	-0.346976	-0.0428868	
-3.3	-0.0849215	0.0175568	-0.349399	-0.0438388	-0.0849215	0.0175568	-0.349399	-0.0438388	
-3.28	-0.0854965	0.0175777	-0.351852	-0.044817	-0.0854965	0.0175777	-0.351852	-0.044817	
-3.26	-0.0860813	0.0175975	-0.354334	-0.045822	-0.0860813	0.0175975	-0.354334	-0.045822	
-3.24	-0.0866758	0.0176163	-0.356846	-0.0468548	-0.0866758	0.0176163	-0.356846	-0.0468548	
-3.22	-0.0872804	0.017634	-0.359389	-0.0479162	-0.0872804	0.017634	-0.359389	-0.0479162	
-3.2	-0.0878954	0.0176505	-0.361962	-0.0490071	-0.0878954	0.0176505	-0.361962	-0.0490071	
-3.18	-0.0885207	0.0176658	-0.364567	-0.0501284	-0.0885207	0.0176658	-0.364567	-0.0501284	
-3.16	-0.0891569	0.0176798	-0.367203	-0.0512811	-0.0891569	0.0176798	-0.367203	-0.0512811	
-3.14	-0.0898039	0.0176924	-0.369871	-0.0524661	-0.0898039	0.0176924	-0.369871	-0.0524661	
-3.12	-0.0904622	0.0177037	-0.372572	-0.0536845	-0.0904622	0.0177037	-0.372572	-0.0536845	
-3.1	-0.0911319	0.0177134	-0.375305	-0.0549373	-0.0911319	0.0177134	-0.375305	-0.0549373	
-3.08	-0.0918134	0.0177217	-0.378072	-0.0562256	-0.0918134	0.0177217	-0.378072	-0.0562256	
-3.06	-0.0925067	0.0177282	-0.380871	-0.0575505	-0.0925067	0.0177282	-0.380871	-0.0575505	
-3.04	-0.0932123	0.0177331	-0.383705	-0.0589133	-0.0932123	0.0177331	-0.383705	-0.0589133	
-3.02	-0.0939305	0.0177362	-0.386572	-0.0603149	-0.0939305	0.0177362	-0.386572	-0.0603149	
-3	-0.0946614	0.0177373	-0.389474	-0.0617568	-0.0946614	0.0177373	-0.389474	-0.0617568	
-2.98	-0.0954053	0.0177365	-0.392411	-0.0632402	-0.0954053	0.0177365	-0.392411	-0.0632402	
-2.96	-0.0961627	0.0177336	-0.395383	-0.0647664	-0.0961627	0.0177336	-0.395383	-0.0647664	
-2.94	-0.0969338	0.0177284	-0.39839	-0.0663368	-0.0969338	0.0177284	-0.39839	-0.0663368	
-2.92	-0.0977189	0.017721	-0.401433	-0.0679527	-0.0977189	0.017721	-0.401433	-0.0679527	
-2.9	-0.0985183	0.0177111	-0.404511	-0.0696157	-0.0985183	0.0177111	-0.404511	-0.0696157	
-2.88	-0.0993324	0.0176986	-0.407626	-0.0713272	-0.0993324	0.0176986	-0.407626	-0.0713272	
-2.86	-0.100162	0.0176835	-0.410777	-0.0730888	-0.100162	0.0176835	-0.410777	-0.0730888	
-2.84	-0.101006	0.0176655	-0.413964	-0.074902	-0.101006	0.0176655	-0.413964	-0.074902	
-2.82	-0.101866	0.0176445	-0.417188	-0.0767686	-0.101866	0.0176445	-0.417188	-0.0767686	
-2.8	-0.102743	0.0176204	-0.420449	-0.0786902	-0.102743	0.0176204	-0.420449	-0.0786902	
-2.78	-0.103636	0.0175929	-0.423747	-0.0806686	-0.103636	0.0175929	-0.423747	-0.0806686	
-2.76	-0.104546	0.017562	-0.427082	-0.0827056	-0.104546	0.017562	-0.427082	-0.0827056	
-2.74	-0.105473	0.0175274	-0.430454	-0.0848031	-0.105473	0.0175274	-0.430454	-0.0848031	
-2.72	-0.106418	0.0174889	-0.433864	-0.086963	-0.106418	0.0174889	-0.433864	-0.086963	
-2.7	-0.107382	0.0174463	-0.43731	-0.0891872	-0.107382	0.0174463	-0.43731	-0.0891872	
-2.68	-0.108364	0.0173994	-0.440794	-0.0914779	-0.108364	0.0173994	-0.440794	-0.0914779	
-2.66	-0.109365	0.017348	-0.444314	-0.0938372	-0.109365	0.017348	-0.444314	-0.0938372	
-2.64	-0.110386	0.0172919	-0.447871	-0.0962672	-0.110386	0.0172919	-0.447871	-0.0962672	
-2.62	-0.111427	0.0172307	-0.451465	-0.0987701	-0.111427	0.0172307	-0.451465	-0.0987701	
-2.6	-0.112488	0.0171642	-0.455095	-0.101348	-0.112488	0.0171642	-0.455095	-0.101348	
-2.58	-0.113571	0.0170921	-0.458761	-0.104004	-0.113571	0.0170921	-0.458761	-0.104004	
-2.56	-0.114676	0.0170141	-0.462463	-0.10674	-0.114676	0.0170141	-0.462463	-0.10674	
-2.54	-0.115803	0.0169299	-0.4662	-0.109558	-0.115803	0.0169299	-0.4662	-0.109558	
-2.52	-0.116952	0.0168392	-0.469971	-0.112462	-0.116952	0.0168392	-0.469971	-0.112462	
-2.5	-0.118126	0.0167415	-0.473777	-0.115453	-0.118126	0.0167415	-0.473777	-0.115453	
-2.48	-0.119323	0.0166366	-0.477616	-0.118535	-0.119323	0.0166366	-0.477616	-0.118535	
-2.46	-0.120545	0.0165239	-0.481487	-0.12171	-0.120545	0.0165239	-0.481487	-0.12171	
-2.44	-0.121792	0.0164032	-0.485391	-0.124982	-0.121792	0.0164032	-0.485391	-0.124982	
-2.42	-0.123066	0.0162738	-0.489324	-0.128352	-0.123066	0.0162738	-0.489324	-0.128352	
-2.4	-0.124366	0.0161355	-0.493288	-0.131824	-0.124366	0.0161355	-0.493288	-0.131824	
-2.38	-0.125694	0.0159876	-0.49728	-0.135402	-0.125694	0.0159876	-0.49728	-0.135402	
-2.36	-0.12705	0.0158296	-0.501299	-0.139087	-0.12705	0.0158296	-0.501299	-0.139087	
-2.34	-0.128435	0.0156609	-0.505343	-0.142884	-0.128435	0.0156609	-0.505343	-0.142884	
-2.32	-0.12985	0.0154811	-0.509412	-0.146796	-0.12985	0.0154811	-0.509412	-0.146796	
-2.3	-0.131295	0.0152893	-0.513503	-0.150825	-0.131295	0.0152893	-0.513503	-0.150825	
-2.28	-0.132772	0.015085	-0.517614	-0.154976	-0.132772	0.015085	-0.517614	-0.154976	
-2.26	-0.13428	0.0148675	-0.521744	-0.159251	-0.13428	0.0148675	-0.521744	-0.159251	
-2.24	-0.135823	0.0146359	-0.52589	-0.163655	-0.135823	0.0146359	-0.52589	-0.163655	
-2.22	-0.137399	0.0143895	-0.53005	-0.16819	-0.137399	0.0143895	-0.53005	-0.16819	
-2.2	-0.13901	0.0141275	-0.53422	-0.172861	-0.13901	0.0141275	-0.53422	-0.172861	
-2.18	-0.140657	0.0138489	-0.538399	-0.17767	-0.140657	0.0138489	-0.538399	-0.17767	
-2.16	-0.142341	0.0135528	-0.542584	-0.182622	-0.142341	0.0135528	-0.542584	-0.182622	
-2.14	-0.144062	0.0132381	-0.546771	-0.187719	-0.144062	0.0132381	-0.546771	-0.187719	
-2.12	-0.145823	0.0129039	-0.550956	-0.192966	-0.145823	0.0129039	-0.550956	-0.192966	
-2.1	-0.147624	0.0125489	-0.555137	-0.198367	-0.147624	0.0125489	-0.555137	-0.198367	
-2.08	-0.149466	0.012172	-0.559309	-0.203924	-0.149466	0.012172	-0.559309	-0.203924	
-2.06	-0.15135	0.0117718	-0.563468	-0.209642	-0.15135	0.0117718	-0.563468	-0.209642	
-2.04	-0.153277	0.0113471	-0.567609	-0.215524	-0.153277	0.0113471	-0.567609	-0.215524	
-2.02	-0.155249	0.0108962	-0.571729	-0.221574	-0.155249	0.0108962	-0.571729	-0.221574	
-2	-0.157266	0.0104178	-0.575821	-0.227794	-0.157266	0.0104178	-0.575821	-0.227794	
-1.98	-0.159331	0.00991019	-0.579882	-0.234189	-0.159331	0.00991019	-0.579882	-0.234189	
-1.96	-0.161443	0.00937158	-0.583904	-0.240762	-0.161443	0.00937158	-0.583904	-0.240762	
-1.94	-0.163605	0.00880016	-0.587883	-0.247516	-0.163605	0.00880016	-0.587883	-0.247516	
-1.92	-0.165818	0.00819397	-0.591812	-0.254454	-0.165818	0.00819397	-0.591812	-0.254454	
-1.9	-0.168082	0.0075509	-0.595684	-0.261578	-0.168082	0.0075509	-0.595684	-0.261578	
-1.88	-0.1704	0.00686876	-0.599494	-0.268893	-0.1704	0.00686876	-0.599494	-0.268893	
-1.86	-0.172772	0.00614517	-0.603233	-0.276399	-0.172772	0.00614517	-0.603233	-0.276399	
-1.84	-0.1752	0.00537764	-0.606894	-0.2841	-0.1752	0.00537764	-0.606894	-0.2841	
-1.82	-0.177686	0.0045635	-0.610471	-0.291997	-0.177686	0.0045635	-0.610471	-0.291997	
-1.8	-0.180229	0.00369991	-0.613953	-0.300093	-0.180229	0.00369991	-0.613953	-0.300093	
-1.78	-0.182833	0.00278388	-0.617334	-0.308388	-0.182833	0.00278388	-0.617334	-0.308388	
-1.76	-0.185498	0.00181219	-0.620605	-0.316885	-0.185498	0.00181219	-0.620605	-0.316885	
-1.74	-0.188225	0.000781458	-0.623755	-0.325583	-0.188225	0.000781458	-0.623755	-0.325583	
-1.72	-0.191015	-0.000311936	-0.626777	-0.334483	-0.191015	-0.000311936	-0.626777	-0.334483	
-1.7	-0.193871	-0.00147182	-0.629661	-0.343585	-0.193871	-0.00147182	-0.629661	-0.343585	
-1.68	-0.196792	-0.00270228	-0.632396	-0.352889	-0.196792	-0.00270228	-0.632396	-0.352889	
-1.66	-0.199781	-0.00400763	-0.634972	-0.362394	-0.199781	-0.00400763	-0.634972	-0.362394	
-1.64	-0.202837	-0.00539247	-0.63738	-0.372097	-0.202837	-0.00539247	-0.63738	-0.372097	
-1.62	-0.205962	-0.00686166	-0.639609	-0.381998	-0.205962	-0.00686166	-0.639609	-0.381998	
-1.6	-0.209157	-0.00842036	-0.641648	-0.392093	-0.209157	-0.00842036	-0.641648	-0.392093	
-1.58	-0.212422	-0.010074	-0.643487	-0.402379	-0.212422	-0.010074	-0.643487	-0.402379	
-1.56	-0.215758	-0.0118285	-0.645114	-0.412853	-0.215758	-0.0118285	-0.645114	-0.412853	
-1.54	-0.219165	-0.0136899	-0.646518	-0.423509	-0.219165	-0.0136899	-0.646518	-0.423509	
-1.52	-0.222643	-0.0156647	-0.647689	-0.434343	-0.222643	-0.0156647	-0.647689	-0.434343	
-1.5	-0.226191	-0.0177597	-0.648616	-0.445348	-0.226191	-0.0177597	-0.648616	-0.445348	
-1.48	-0.229811	-0.0199821	-0.649287	-0.456519	-0.229811	-0.0199821	-0.649287	-0.456519	
-1.46	-0.2335	-0.0223397	-0.649693	-0.467846	-0.2335	-0.0223397	-0.649693	-0.467846	
-1.44	-0.237257	-0.0248403	-0.649822	-0.479323	-0.237257	-0.0248403	-0.649822	-0.479323	
-1.42	-0.241081	-0.0274925	-0.649664	-0.490941	-0.241081	-0.0274925	-0.649664	-0.490941	
-1.4	-0.24497	-0.0303049	-0.64921	-0.502689	-0.24497	-0.0303049	-0.64921	-0.502689	
-1.38	-0.248922	-0.033287	-0.64845	-0.514558	-0.248922	-0.033287	-0.64845	-0.514558	
-1.36	-0.252932	-0.0364482	-0.647374	-0.526536	-0.252932	-0.0364482	-0.647374	-0.526536	
-1.34	-0.256998	-0.0397987	-0.645975	-0.538611	-0.256998	-0.0397987	-0.645975	-0.538611	
-1.32	-0.261114	-0.0433489	-0.644243	-0.55077	-0.261114	-0.0433489	-0.644243	-0.55077	
-1.3	-0.265276	-0.0471096	-0.642173	-0.563002	-0.265276	-0.0471096	-0.642173	-0.563002	
-1.28	-0.269476	-0.0510919	-0.639756	-0.575291	-0.269476	-0.0510919	-0.639756	-0.575291	
-1.26	-0.273709	-0.0553072	-0.636987	-0.587623	-0.273709	-0.0553072	-0.636987	-0.587623	
-1.24	-0.277964	-0.0597672	-0.633862	-0.599983	-0.277964	-0.0597672	-0.633862	-0.599983	
-1.22	-0.282234	-0.0644838	-0.630375	-0.612356	-0.282234	-0.0644838	-0.630375	-0.612356	
-1.2	-0.286506	-0.0694689	-0.626524	-0.624725	-0.286506	-0.0694689	-0.626524	-0.624725	
-1.18	-0.290769	-0.0747345	-0.622305	-0.637075	-0.290769	-0.0747345	-0.622305	-0.637075	
-1.16	-0.29501	-0.0802924	-0.617719	-0.64939	-0.29501	-0.0802924	-0.617719	-0.64939	
-1.14	-0.299212	-0.0861542	-0.612764	-0.661651	-0.299212	-0.0861542	-0.612764	-0.661651	
-1.12	-0.30336	-0.0923311	-0.607442	-0.673844	-0.30336	-0.0923311	-0.607442	-0.673844	
-1.1	-0.307434	-0.0988338	-0.601753	-0.68595	-0.307434	-0.0988338	-0.601753	-0.68595	
-1.08	-0.311414	-0.105672	-0.595702	-0.697953	-0.311414	-0.105672	-0.595702	-0.697953	
-1.06	-0.315278	-0.112855	-0.589293	-0.709837	-0.315278	-0.112855	-0.589293	-0.709837	
-1.04	-0.319002	-0.12039	-0.582529	-0.721584	-0.319002	-0.12039	-0.582529	-0.721584	
-1.02	-0.32256	-0.128283	-0.575419	-0.73318	-0.32256	-0.128283	-0.575419	-0.73318	
-1	-0.325924	-0.136539	-0.567968	-0.744609	-0.325924	-0.136539	-0.567968	-0.744609	
-0.98	-0.329064	-0.14516	-0.560185	-0.755855	-0.329064	-0.14516	-0.560185	-0.755855	
-0.96	-0.331949	-0.154145	-0.55208	-0.766905	-0.331949	-0.154145	-0.55208	-0.766905	
-0.94	-0.334547	-0.163492	-0.543662	-0.777744	-0.334547	-0.163492	-0.543662	-0.777744	
-0.92	-0.336824	-0.173194	-0.534943	-0.788359	-0.336824	-0.173194	-0.534943	-0.788359	
-0.9	-0.338744	-0.183243	-0.525934	-0.798739	-0.338744	-0.183243	-0.525934	-0.798739	
-0.88	-0.340273	-0.193624	-0.516647	-0.808872	-0.340273	-0.193624	-0.516647	-0.808872	
-0.86	-0.341375	-0.204321	-0.507096	-0.818747	-0.341375	-0.204321	-0.507096	-0.818747	
-0.84	-0.342015	-0.215312	-0.497295	-0.828356	-0.342015	-0.215312	-0.497295	-0.828356	
-0.82	-0.342158	-0.226571	-0.487256	-0.83769	-0.342158	-0.226571	-0.487256	-0.83769	
-0.8	-0.341773	-0.23807	-0.476996	-0.846741	-0.341773	-0.23807	-0.476996	-0.846741	
-0.78	-0.340827	-0.249772	-0.466527	-0.855504	-0.340827	-0.249772	-0.466527	-0.855504	
-0.76	-0.339294	-0.26164	-0.455866	-0.863974	-0.339294	-0.26164	-0.455866	-0.863974	
-0.74	-0.33715	-0.273632	-0.445026	-0.872145	-0.33715	-0.273632	-0.445026	-0.872145	
-0.72	-0.334374	-0.2857	-0.434024	-0.880015	-0.334374	-0.2857	-0.434024	-0.880015	
-0.7	-0.330951	-0.297796	-0.422873	-0.887582	-0.330951	-0.297796	-0.422873	-0.887582	
-0.68	-0.326871	-0.309869	-0.411588	-0.894845	-0.326871	-0.309869	-0.411588	-0.894845	
-0.66	-0.322131	-0.321864	-0.400185	-0.901804	-0.322131	-0.321864	-0.400185	-0.901804	
-0.64	-0.316731	-0.333728	-0.388676	-0.90846	-0.316731	-0.333728	-0.388676	-0.90846	
-0.62	-0.31068	-0.345405	-0.377075	-0.914813	-0.31068	-0.345405	-0.377075	-0.914813	
-0.6	-0.303994	-0.356844	-0.365396	-0.920868	-0.303994	-0.356844	-0.365396	-0.920868	
-0.58	-0.296691	-0.367992	-0.353652	-0.926627	-0.296691	-0.367992	-0.353652	-0.926627	
-0.56	-0.288801	-0.3788	-0.341854	-0.932095	-0.288801	-0.3788	-0.341854	-0.932095	
-0.54	-0.280353	-0.389224	-0.330014	-0.937275	-0.280353	-0.389224	-0.330014	-0.937275	
-0.52	-0.271387	-0.399222	-0.318142	-0.942174	-0.271387	-0.399222	-0.318142	-0.942174	
-0.5	-0.261942	-0.408759	-0.30625	-0.946798	-0.261942	-0.408759	-0.30625	-0.946798	
-0.48	-0.252063	-0.417806	-0.294346	-0.951152	-0.252063	-0.417806	-0.294346	-0.951152	
-0.46	-0.241798	-0.426337	-0.28244	-0.955244	-0.241798	-0.426337	-0.28244	-0.955244	
-0.44	-0.231195	-0.434336	-0.270539	-0.95908	-0.231195	-0.434336	-0.270539	-0.95908	
-0.42	-0.220302	-0.44179	-0.258651	-0.962668	-0.220302	-0.44179	-0.258651	-0.962668	
-0.4	-0.209168	-0.448694	-0.246782	-0.966016	-0.209168	-0.448694	-0.246782	-0.966016	
-0.38	-0.197841	-0.455049	-0.234938	-0.969131	-0.197841	-0.455049	-0.234938	-0.969131	
-0.36	-0.186366	-0.460859	-0.223125	-0.972021	-0.186366	-0.460859	-0.223125	-0.972021	
-0.34	-0.174785	-0.466138	-0.211347	-0.974695	-0.174785	-0.466138	-0.211347	-0.974695	
-0.32	-0.163138	-0.470898	-0.199607	-0.977159	-0.163138	-0.470898	-0.199607	-0.977159	
-0.3	-0.15146	-0.47516	-0.18791	-0.979423	-0.15146	-0.47516	-0.18791	-0.979423	
-0.28	-0.139783	-0.478945	-0.176258	-0.981493	-0.139783	-0.478945	-0.176258	-0.981493	
-0.26	-0.128134	-0.482279	-0.164652	-0.983378	-0.128134	-0.482279	-0.164652	-0.983378	
-0.24	-0.116535	-0.485187	-0.153096	-0.985084	-0.116535	-0.485187	-0.153096	-0.985084	
-0.22	-0.105004	-0.487698	-0.141591	-0.986619	-0.105004	-0.487698	-0.141591	-0.986619	
-0.2	-0.0935547	-0.489839	-0.130137	-0.987989	-0.0935547	-0.489839	-0.130137	-0.987989	
-0.18	-0.0821958	-0.491638	-0.118737	-0.989199	-0.0821958	-0.491638	-0.118737	-0.989199	
-0.16	-0.0709319	-0.493123	-0.107392	-0.990255	-0.0709319	-0.493123	-0.107392	-0.990255	
-0.14	-0.0597636	-0.49432	-0.0961029	-0.991159	-0.0597636	-0.49432	-0.0961029	-0.991159	
-0.12	-0.0486876	-0.495254	-0.0848688	-0.991911	-0.0486876	-0.495254	-0.0848688	-0.991911	
-0.1	-0.0376969	-0.495949	-0.073687	-0.99251	-0.0376969	-0.495949	-0.073687	-0.99251	
-0.08	-0.0267812	-0.496423	-0.0625507	-0.992953	-0.0267812	-0.496423	-0.0625507	-0.992953	
-0.06	-0.0159271	-0.496696	-0.0514485	-0.99324	-0.0159271	-0.496696	-0.0514485	-0.99324	
-0.04	-0.00511863	-0.496781	-0.0403666	-0.993376	-0.00511863	-0.496781	-0.0403666	-0.993376	
-0.02	0.00566287	-0.496691	-0.0292935	-0.993371	0.00566287	-0.496691	-0.0292935	-0.993371	
0	0.016438	-0.496433	-0.0182228	-0.993236	0.016438	-0.496433	-0.0182228	-0.993236	
0.02	0.0272292	-0.496011	-0.00715392	-0.992983	0.0272292	-0.496011	-0.00715392	-0.992983	
0.04	0.0380601	-0.495423	0.00391141	-0.992619	0.0380601	-0.495423	0.00391141	-0.992619	
0.06	0.0489555	-0.494666	0.0149712	-0.992145	0.0489555	-0.494666	0.0149712	-0.992145	
0.08	0.0599404	-0.493728	0.0260246	-0.991561	0.0599404	-0.493728	0.0260246	-0.991561	
0.1	0.0710399	-0.492594	0.0370725	-0.990866	0.0710399	-0.492594	0.0370725	-0.990866	
0.12	0.0822779	-0.491242	0.0481168	-0.990056	0.0822779	-0.491242	0.0481168	-0.990056	
0.14	0.0936774	-0.489647	0.0591602	-0.98913	0.0936774	-0.489647	0.0591602	-0.98913	
0.16	0.105258	-0.487775	0.0702056	-0.988083	0.105258	-0.487775	0.0702056	-0.988083	
0.18	0.117038	-0.485585	0.0812564	-0.986913	0.117038	-0.485585	0.0812564	-0.986913	
0.2	0.129027	-0.483032	0.0923155	-0.985615	0.129027	-0.483032	0.0923155	-0.985615	
0.22	0.141234	-0.480064	0.103386	-0.984187	0.141234	-0.480064	0.103386	-0.984187	
0.24	0.153655	-0.476623	0.114471	-0.982623	0.153655	-0.476623	0.114471	-0.982623	
0.26	0.166281	-0.472645	0.125572	-0.98092	0.166281	-0.472645	0.125572	-0.98092	
0.28	0.17909	-0.468063	0.136692	-0.979073	0.17909	-0.468063	0.136692	-0.979073	
0.3	0.192049	-0.462806	0.147832	-0.977075	0.192049	-0.462806	0.147832	-0.977075	
0.32	0.205109	-0.456803	0.158993	-0.974923	0.205109	-0.456803	0.158993	-0.974923	
0.34	0.218207	-0.449986	0.170177	-0.97261	0.218207	-0.449986	0.170177	-0.97261	
0.36	0.231262	-0.44229	0.181383	-0.970129	0.231262	-0.44229	0.181383	-0.970129	
0.38	0.244178	-0.433659	0.192611	-0.967475	0.244178	-0.433659	0.192611	-0.967475	
0.4	0.256842	-0.424053	0.203861	-0.964641	0.256842	-0.424053	0.203861	-0.964641	
0.42	0.269126	-0.413444	0.21513	-0.96162	0.269126	-0.413444	0.21513	-0.96162	
0.44	0.280891	-0.401831	0.226417	-0.958404	0.280891	-0.401831	0.226417	-0.958404	
0.46	0.291991	-0.389233	0.237719	-0.954988	0.291991	-0.389233	0.237719	-0.954988	
0.48	0.302277	-0.375701	0.249032	-0.951363	0.302277	-0.375701	0.249032	-0.951363	
0.5	0.311605	-0.361312	0.260353	-0.947522	0.311605	-0.361312	0.260353	-0.947522	
0.52	0.319843	-0.346174	0.271677	-0.943459	0.319843	-0.346174	0.271677	-0.943459	
0.54	0.326875	-0.33042	0.282998	-0.939165	0.326875	-0.33042	0.282998	-0.939165	
0.56	0.332612	-0.314207	0.294311	-0.934635	0.332612	-0.314207	0.294311	-0.934635	
0.58	0.336993	-0.297708	0.305608	-0.92986	0.336993	-0.297708	0.305608	-0.92986	
0.6	0.33999	-0.281104	0.316881	-0.924835	0.33999	-0.281104	0.316881	-0.924835	
0.62	0.341609	-0.264579	0.328122	-0.919553	0.341609	-0.264579	0.328122	-0.919553	
0.64	0.341889	-0.24831	0.339323	-0.914009	0.341889	-0.24831	0.339323	-0.914009	
0.66	0.340901	-0.232461	0.350474	-0.908196	0.340901	-0.232461	0.350474	-0.908196	
0.68	0.338738	-0.217175	0.361563	-0.902111	0.338738	-0.217175	0.361563	-0.902111	
0.7	0.335514	-0.202574	0.372581	-0.895748	0.335514	-0.202574	0.372581	-0.895748	
0.72	0.331357	-0.188753	0.383516	-0.889105	0.331357	-0.188753	0.383516	-0.889105	
0.74	0.326402	-0.175782	0.394355	-0.882177	0.326402	-0.175782	0.394355	-0.882177	
0.76	0.320784	-0.163703	0.405085	-0.874963	0.320784	-0.163703	0.405085	-0.874963	
0.78	0.314636	-0.152539	0.415695	-0.867462	0.314636	-0.152539	0.415695	-0.867462	
0.8	0.308082	-0.142288	0.42617	-0.859673	0.308082	-0.142288	0.42617	-0.859673	
0.82	0.301239	-0.132935	0.436497	-0.851595	0.301239	-0.132935	0.436497	-0.851595	
0.84	0.294209	-0.124448	0.446661	-0.843231	0.294209	-0.124448	0.446661	-0.843231	
0.86	0.287083	-0.116787	0.456649	-0.834583	0.287083	-0.116787	0.456649	-0.834583	
0.88	0.279939	-0.109904	0.466446	-0.825654	0.279939	-0.109904	0.466446	-0.825654	
0.9	0.272843	-0.103746	0.476038	-0.816449	0.272843	-0.103746	0.476038	-0.816449	
0.92	0.265848	-0.098259	0.485411	-0.806972	0.265848	-0.098259	0.485411	-0.806972	
0.94	0.258998	-0.0933872	0.494551	-0.79723	0.258998	-0.0933872	0.494551	-0.79723	
0.96	0.252325	-0.089076	0.503444	-0.787231	0.252325	-0.089076	0.503444	-0.787231	
0.98	0.245857	-0.0852728	0.512078	-0.776982	0.245857	-0.0852728	0.512078	-0.776982	
1	0.239611	-0.0819274	0.520439	-0.766494	0.239611	-0.0819274	0.520439	-0.766494	
1.02	0.2336	-0.0789927	0.528514	-0.755777	0.2336	-0.0789927	0.528514	-0.755777	
1.04	0.22783	-0.0764252	0.536293	-0.744842	0.22783	-0.0764252	0.536293	-0.744842	
1.06	0.222307	-0.0741844	0.543765	-0.7337	0.222307	-0.0741844	0.543765	-0.7337	
1.08	0.217029	-0.0722336	0.550918	-0.722366	0.217029	-0.0722336	0.550918	-0.722366	
1.1	0.211995	-0.070539	0.557745	-0.710853	0.211995	-0.070539	0.557745	-0.710853	
1.12	0.2072	-0.0690705	0.564235	-0.699174	0.2072	-0.0690705	0.564235	-0.699174	
1.14	0.202637	-0.0678007	0.570383	-0.687345	0.202637	-0.0678007	0.570383	-0.687345	
1.16	0.1983	-0.0667048	0.576182	-0.675382	0.1983	-0.0667048	0.576182	-0.675382	
1.18	0.19418	-0.065761	0.581625	-0.663299	0.19418	-0.065761	0.581625	-0.663299	
1.2	0.190269	-0.0649494	0.58671	-0.651114	0.190269	-0.0649494	0.58671	-0.651114	
1.22	0.186559	-0.0642526	0.591431	-0.638842	0.186559	-0.0642526	0.591431	-0.638842	
1.24	0.183039	-0.0636549	0.595789	-0.626499	0.183039	-0.0636549	0.595789	-0.626499	
1.26	0.179701	-0.0631424	0.59978	-0.614103	0.179701	-0.0631424	0.59978	-0.614103	
1.28	0.176537	-0.0627028	0.603406	-0.60167	0.176537	-0.0627028	0.603406	-0.60167	
1.3	0.173536	-0.062325	0.606667	-0.589216	0.173536	-0.062325	0.606667	-0.589216	
1.32	0.170692	-0.0619995	0.609566	-0.576757	0.170692	-0.0619995	0.609566	-0.576757	
1.34	0.167994	-0.0617176	0.612105	-0.56431	0.167994	-0.0617176	0.612105	-0.56431	
1.36	0.165436	-0.0614717	0.614289	-0.551888	0.165436	-0.0614717	0.614289	-0.551888	
1.38	0.16301	-0.0612552	0.616123	-0.539508	0.16301	-0.0612552	0.616123	-0.539508	
1.4	0.160707	-0.061062	0.617612	-0.527183	0.160707	-0.061062	0.617612	-0.527183	
1.42	0.158522	-0.0608871	0.618763	-0.514929	0.158522	-0.0608871	0.618763	-0.514929	
1.44	0.156447	-0.0607257	0.619584	-0.502757	0.156447	-0.0607257	0.619584	-0.502757	
1.46	0.154477	-0.0605738	0.620082	-0.490681	0.154477	-0.0605738	0.620082	-0.490681	
1.48	0.152604	-0.0604279	0.620267	-0.478713	0.152604	-0.0604279	0.620267	-0.478713	
1.5	0.150823	-0.0602849	0.620147	-0.466864	0.150823	-0.0602849	0.620147	-0.466864	
1.52	0.149128	-0.0601421	0.619733	-0.455144	0.149128	-0.0601421	0.619733	-0.455144	
1.54	0.147516	-0.059997	0.619034	-0.443563	0.147516	-0.059997	0.619034	-0.443563	
1.56	0.145979	-0.0598476	0.61806	-0.43213	0.145979	-0.0598476	0.61806	-0.43213	
1.58	0.144514	-0.0596922	0.616823	-0.420853	0.144514	-0.0596922	0.616823	-0.420853	
1.6	0.143117	-0.0595292	0.615334	-0.409741	0.143117	-0.0595292	0.615334	-0.409741	
1.62	0.141782	-0.0593572	0.613604	-0.398799	0.141782	-0.0593572	0.613604	-0.398799	
1.64	0.140507	-0.0591753	0.611643	-0.388033	0.140507	-0.0591753	0.611643	-0.388033	
1.66	0.139287	-0.0589824	0.609464	-0.377449	0.139287	-0.0589824	0.609464	-0.377449	
1.68	0.138118	-0.0587778	0.607078	-0.367051	0.138118	-0.0587778	0.607078	-0.367051	
1.7	0.136998	-0.0585608	0.604495	-0.356844	0.136998	-0.0585608	0.604495	-0.356844	
1.72	0.135923	-0.058331	0.601727	-0.346829	0.135923	-0.058331	0.601727	-0.346829	
1.74	0.13489	-0.058088	0.598786	-0.337011	0.13489	-0.058088	0.598786	-0.337011	
1.76	0.133896	-0.0578315	0.595681	-0.32739	0.133896	-0.0578315	0.595681	-0.32739	
1.78	0.132939	-0.0575613	0.592424	-0.317969	0.132939	-0.0575613	0.592424	-0.317969	
1.8	0.132016	-0.0572774	0.589025	-0.308748	0.132016	-0.0572774	0.589025	-0.308748	
1.82	0.131123	-0.0569798	0.585494	-0.299727	0.131123	-0.0569798	0.585494	-0.299727	
1.84	0.130261	-0.0566685	0.581842	-0.290906	0.130261	-0.0566685	0.581842	-0.290906	
1.86	0.129425	-0.0563436	0.578078	-0.282285	0.129425	-0.0563436	0.578078	-0.282285	
1.88	0.128613	-0.0560054	0.57421	-0.273864	0.128613	-0.0560054	0.57421	-0.273864	
1.9	0.127825	-0.055654	0.57025	-0.265639	0.127825	-0.055654	0.57025	-0.265639	
1.92	0.127058	-0.0552898	0.566204	-0.257611	0.127058	-0.0552898	0.566204	-0.257611	
1.94	0.12631	-0.054913	0.562081	-0.249776	0.12631	-0.054913	0.562081	-0.249776	
1.96	0.12558	-0.054524	0.55789	-0.242134	0.12558	-0.054524	0.55789	-0.242134	
1.98	0.124867	-0.0541233	0.553639	-0.23468	0.124867	-0.0541233	0.553639	-0.23468	
2	0.124168	-0.0537112	0.549334	-0.227413	0.124168	-0.0537112	0.549334	-0.227413	
2.02	0.123482	-0.0532882	0.544982	-0.22033	0.123482	-0.0532882	0.544982	-0.22033	
2.04	0.122808	-0.0528547	0.540591	-0.213427	0.122808	-0.0528547	0.540591	-0.213427	
2.06	0.122146	-0.0524113	0.536167	-0.206701	0.122146	-0.0524113	0.536167	-0.206701	
2.08	0.121493	-0.0519584	0.531715	-0.200149	0.121493	-0.0519584	0.531715	-0.200149	
2.1	0.120849	-0.0514966	0.527242	-0.193768	0.120849	-0.0514966	0.527242	-0.193768	
2.12	0.120213	-0.0510263	0.522753	-0.187554	0.120213	-0.0510263	0.522753	-0.187554	
2.14	0.119584	-0.0505482	0.518253	-0.181503	0.119584	-0.0505482	0.518253	-0.181503	
2.16	0.118961	-0.0500627	0.513746	-0.175612	0.118961	-0.0500627	0.513746	-0.175612	
2.18	0.118343	-0.0495703	0.509239	-0.169877	0.118343	-0.0495703	0.509239	-0.169877	
2.2	0.11773	-0.0490717	0.504734	-0.164294	0.11773	-0.0490717	0.504734	-0.164294	
2.22	0.117121	-0.0485674	0.500236	-0.158859	0.117121	-0.0485674	0.500236	-0.158859	
2.24	0.116516	-0.0480578	0.495749	-0.15357	0.116516	-0.0480578	0.495749	-0.15357	
2.26	0.115913	-0.0475435	0.491275	-0.148421	0.115913	-0.0475435	0.491275	-0.148421	
2.28	0.115313	-0.0470251	0.48682	-0.143411	0.115313	-0.0470251	0.48682	-0.143411	
2.3	0.114715	-0.0465031	0.482384	-0.138533	0.114715	-0.0465031	0.482384	-0.138533	
2.32	0.114118	-0.0459779	0.477972	-0.133786	0.114118	-0.0459779	0.477972	-0.133786	
2.34	0.113522	-0.0454501	0.473586	-0.129166	0.113522	-0.0454501	0.473586	-0.129166	
2.36	0.112928	-0.0449201	0.469228	-0.124669	0.112928	-0.0449201	0.469228	-0.124669	
2.38	0.112334	-0.0443885	0.4649	-0.120291	0.112334	-0.0443885	0.4649	-0.120291	
2.4	0.11174	-0.0438556	0.460606	-0.116029	0.11174	-0.0438556	0.460606	-0.116029	
2.42	0.111147	-0.043322	0.456346	-0.111881	0.111147	-0.043322	0.456346	-0.111881	
2.44	0.110553	-0.0427881	0.452122	-0.107841	0.110553	-0.0427881	0.452122	-0.107841	
2.46	0.10996	-0.0422542	0.447936	-0.103909	0.10996	-0.0422542	0.447936	-0.103909	
2.48	0.109366	-0.0417208	0.44379	-0.100079	0.109366	-0.0417208	0.44379	-0.100079	
2.5	0.108772	-0.0411883	0.439685	-0.0963499	0.108772	-0.0411883	0.439685	-0.0963499	
2.52	0.108177	-0.0406571	0.435621	-0.0927178	0.108177	-0.0406571	0.435621	-0.0927178	
2.54	0.107582	-0.0401274	0.4316	-0.08918	0.107582	-0.0401274	0.4316	-0.08918	
2.56	0.106986	-0.0395997	0.427624	-0.0857337	0.106986	-0.0395997	0.427624	-0.0857337	
2.58	0.10639	-0.0390743	0.423692	-0.0823761	0.10639	-0.0390743	0.423692	-0.0823761	
2.6	0.105794	-0.0385514	0.419806	-0.0791046	0.105794	-0.0385514	0.419806	-0.0791046	
2.62	0.105197	-0.0380313	0.415966	-0.0759165	0.105197	-0.0380313	0.415966	-0.0759165	
2.64	0.104599	-0.0375144	0.412172	-0.0728093	0.104599	-0.0375144	0.412172	-0.0728093	
2.66	0.104002	-0.0370008	0.408426	-0.0697807	0.104002	-0.0370008	0.408426	-0.0697807	
2.68	0.103403	-0.0364909	0.404728	-0.0668282	0.103403	-0.0364909	0.404728	-0.0668282	
2.7	0.102805	-0.0359848	0.401078	-0.0639496	0.102805	-0.0359848	0.401078	-0.0639496	
2.72	0.102207	-0.0354828	0.397475	-0.0611426	0.102207	-0.0354828	0.397475	-0.0611426	
2.74	0.101609	-0.034985	0.393922	-0.058405	0.101609	-0.034985	0.393922	-0.058405	
2.76	0.10101	-0.0344917	0.390417	-0.0557349	0.10101	-0.0344917	0.390417	-0.0557349	
2.78	0.100412	-0.0340029	0.38696	-0.0531301	0.100412	-0.0340029	0.38696	-0.0531301	
2.8	0.0998146	-0.0335189	0.383553	-0.0505888	0.0998146	-0.0335189	0.383553	-0.0505888	
2.82	0.0992173	-0.0330398	0.380194	-0.048109	0.0992173	-0.0330398	0.380194	-0.048109	
2.84	0.0986205	-0.0325657	0.376883	-0.045689	0.0986205	-0.0325657	0.376883	-0.045689	
2.86	0.0980244	-0.0320967	0.373621	-0.0433271	0.0980244	-0.0320967	0.373621	-0.0433271	
2.88	0.0974291	-0.0316329	0.370408	-0.0410214	0.0974291	-0.0316329	0.370408	-0.0410214	
2.9	0.0968347	-0.0311744	0.367242	-0.0387704	0.0968347	-0.0311744	0.367242	-0.0387704	
2.92	0.0962414	-0.0307213	0.364125	-0.0365726	0.0962414	-0.0307213	0.364125	-0.0365726	
2.94	0.0956493	-0.0302736	0.361055	-0.0344263	0.0956493	-0.0302736	0.361055	-0.0344263	
2.96	0.0950585	-0.0298314	0.358033	-0.0323302	0.0950585	-0.0298314	0.358033	-0.0323302	
2.98	0.0944691	-0.0293949	0.355058	-0.0302828	0.0944691	-0.0293949	0.355058	-0.0302828	
3	0.0938813	-0.0289638	0.35213	-0.0282828	0.0938813	-0.0289638	0.35213	-0.0282828	
3.02	0.0932952	-0.0285385	0.349248	-0.0263289	0.0932952	-0.0285385	0.349248	-0.0263289	
3.04	0.0927109	-0.0281187	0.346412	-0.0244197	0.0927109	-0.0281187	0.346412	-0.0244197	
3.06	0.0921286	-0.0277046	0.343623	-0.0225541	0.0921286	-0.0277046	0.343623	-0.0225541	
3.08	0.0915482	-0.0272962	0.340878	-0.0207309	0.0915482	-0.0272962	0.340878	-0.0207309	
3.1	0.0909701	-0.0268934	0.338178	-0.018949	0.0909701	-0.0268934	0.338178	-0.018949	
3.12	0.0903942	-0.0264963	0.335523	-0.0172072	0.0903942	-0.0264963	0.335523	-0.0172072	
3.14	0.0898207	-0.0261048	0.332911	-0.0155046	0.0898207	-0.0261048	0.332911	-0.0155046	
3.16	0.0892497	-0.0257189	0.330344	-0.0138401	0.0892497	-0.0257189	0.330344	-0.0138401	
3.18	0.0886813	-0.0253386	0.327819	-0.0122127	0.0886813	-0.0253386	0.327819	-0.0122127	
3.2	0.0881156	-0.0249639	0.325337	-0.0106215	0.0881156	-0.0249639	0.325337	-0.0106215	
3.22	0.0875527	-0.0245947	0.322897	-0.00906566	0.0875527	-0.0245947	0.322897	-0.00906566	
3.24	0.0869927	-0.024231	0.320499	-0.00754418	0.0869927	-0.024231	0.320499	-0.00754418	
3.26	0.0864356	-0.0238727	0.318142	-0.00605627	0.0864356	-0.0238727	0.318142	-0.00605627	
3.28	0.0858816	-0.0235199	0.315825	-0.00460111	0.0858816	-0.0235199	0.315825	-0.00460111	
3.3	0.0853307	-0.0231724	0.313549	-0.00317793	0.0853307	-0.0231724	0.313549	-0.00317793	
3.32	0.084783	-0.0228302	0.311312	-0.00178597	0.084783	-0.0228302	0.311312	-0.00178597	
3.34	0.0842385	-0.0224933	0.309114	-0.000424486	0.0842385	-0.0224933	0.309114	-0.000424486	
3.36	0.0836975	-0.0221616	0.306955	0.000907211	0.0836975	-0.0221616	0.306955	0.000907211	
3.38	0.0831598	-0.021835	0.304834	0.0022098	0.0831598	-0.021835	0.304834	0.0022098	
3.4	0.0826256	-0.0215134	0.30275	0.00348395	0.0826256	-0.0215134	0.30275	0.00348395	
3.42	0.082095	-0.0211969	0.300704	0.00473027	0.082095	-0.0211969	0.300704	0.00473027	
3.44	0.0815679	-0.0208854	0.298694	0.00594939	0.0815679	-0.0208854	0.298694	0.00594939	
3.46	0.0810445	-0.0205787	0.29672	0.0071419	0.0810445	-0.0205787	0.29672	0.0071419	
3.48	0.0805247	-0.0202768	0.294782	0.00830835	0.0805247	-0.0202768	0.294782	0.00830835	
3.5	0.0800087	-0.0199797	0.292878	0.0094493	0.0800087	-0.0199797	0.292878	0.0094493	
3.52	0.0794964	-0.0196873	0.291009	0.0105653	0.0794964	-0.0196873	0.291009	0.0105653	
3.54	0.0789879	-0.0193995	0.289174	0.0116568	0.0789879	-0.0193995	0.289174	0.0116568	
3.56	0.0784833	-0.0191163	0.287373	0.0127244	0.0784833	-0.0191163	0.287373	0.0127244	
3.58	0.0779825	-0.0188375	0.285604	0.0137685	0.0779825	-0.0188375	0.285604	0.0137685	
3.6	0.0774856	-0.0185632	0.283868	0.0147895	0.0774856	-0.0185632	0.283868	0.0147895	
3.62	0.0769926	-0.0182932	0.282164	0.015788	0.0769926	-0.0182932	0.282164	0.015788	
3.64	0.0765036	-0.0180275	0.280492	0.0167643	0.0765036	-0.0180275	0.280492	0.0167643	
3.66	0.0760186	-0.017766	0.27885	0.0177189	0.0760186	-0.017766	0.27885	0.0177189	
3.68	0.0755375	-0.0175086	0.277239	0.0186522	0.0755375	-0.0175086	0.277239	0.0186522	
3.7	0.0750604	-0.0172553	0.275658	0.0195646	0.0750604	-0.0172553	0.275658	0.0195646	
3.72	0.0745873	-0.017006	0.274107	0.0204563	0.0745873	-0.017006	0.274107	0.0204563	
3.74	0.0741182	-0.0167607	0.272585	0.0213279	0.0741182	-0.0167607	0.272585	0.0213279	
3.76	0.0736531	-0.0165192	0.271091	0.0221797	0.0736531	-0.0165192	0.271091	0.0221797	
3.78	0.0731921	-0.0162815	0.269626	0.0230119	0.0731921	-0.0162815	0.269626	0.0230119	
3.8	0.0727351	-0.0160476	0.268188	0.023825	0.0727351	-0.0160476	0.268188	0.023825	
3.82	0.0722821	-0.0158174	0.266778	0.0246192	0.0722821	-0.0158174	0.266778	0.0246192	
3.84	0.0718331	-0.0155907	0.265395	0.0253948	0.0718331	-0.0155907	0.265395	0.0253948	
3.86	0.0713882	-0.0153677	0.264038	0.0261522	0.0713882	-0.0153677	0.264038	0.0261522	
3.88	0.0709472	-0.0151481	0.262707	0.0268917	0.0709472	-0.0151481	0.262707	0.0268917	
3.9	0.0705103	-0.0149319	0.261402	0.0276134	0.0705103	-0.0149319	0.261402	0.0276134	
3.92	0.0700774	-0.0147192	0.260122	0.0283177	0.0700774	-0.0147192	0.260122	0.0283177	
3.94	0.0696485	-0.0145097	0.258867	0.0290048	0.0696485	-0.0145097	0.258867	0.0290048	
3.96	0.0692235	-0.0143035	0.257636	0.029675	0.0692235	-0.0143035	0.257636	0.029675	
3.98	0.0688025	-0.0141005	0.256429	0.0303285	0.0688025	-0.0141005	0.256429	0.0303285	
4	0.0683855	-0.0139006	0.255246	0.0309656	0.0683855	-0.0139006	0.255246	0.0309656	
4.02	0.0679724	-0.0137038	0.254086	0.0315864	0.0679724	-0.0137038	0.254086	0.0315864	
4.04	0.0675633	-0.0135101	0.252948	0.0321912	0.0675633	-0.0135101	0.252948	0.0321912	
4.06	0.067158	-0.0133193	0.251833	0.0327802	0.067158	-0.0133193	0.251833	0.0327802	
4.08	0.0667566	-0.0131315	0.250741	0.0333536	0.0667566	-0.0131315	0.250741	0.0333536	
4.1	0.0663591	-0.0129465	0.24967	0.0339115	0.0663591	-0.0129465	0.24967	0.0339115	
4.12	0.0659655	-0.0127644	0.24862	0.0344542	0.0659655	-0.0127644	0.24862	0.0344542	
4.14	0.0655756	-0.012585	0.247591	0.0349818	0.0655756	-0.012585	0.247591	0.0349818	
4.16	0.0651896	-0.0124083	0.246583	0.0354946	0.0651896	-0.0124083	0.246583	0.0354946	
4.18	0.0648073	-0.0122344	0.245595	0.0359925	0.0648073	-0.0122344	0.245595	0.0359925	
4.2	0.0644288	-0.012063	0.244627	0.0364759	0.0644288	-0.012063	0.244627	0.0364759	
4.22	0.064054	-0.0118943	0.243679	0.0369449	0.064054	-0.0118943	0.243679	0.0369449	
4.24	0.0636829	-0.0117281	0.24275	0.0373995	0.0636829	-0.0117281	0.24275	0.0373995	
4.26	0.0633155	-0.0115643	0.24184	0.03784	0.0633155	-0.0115643	0.24184	0.03784	
4.28	0.0629518	-0.0114031	0.240948	0.0382665	0.0629518	-0.0114031	0.240948	0.0382665	
4.3	0.0625916	-0.0112442	0.240075	0.038679	0.0625916	-0.0112442	0.240075	0.038679	
4.32	0.0622351	-0.0110878	0.239219	0.0390777	0.0622351	-0.0110878	0.239219	0.0390777	
4.34	0.0618821	-0.0109336	0.238381	0.0394628	0.0618821	-0.0109336	0.238381	0.0394628	
4.36	0.0615327	-0.0107817	0.237561	0.0398342	0.0615327	-0.0107817	0.237561	0.0398342	
4.38	0.0611867	-0.0106321	0.236757	0.0401922	0.0611867	-0.0106321	0.236757	0.0401922	
4.4	0.0608443	-0.0104847	0.23597	0.0405367	0.0608443	-0.0104847	0.23597	0.0405367	
4.42	0.0605052	-0.0103395	0.235199	0.040868	0.0605052	-0.0103395	0.235199	0.040868	
4.44	0.0601696	-0.0101965	0.234445	0.0411861	0.0601696	-0.0101965	0.234445	0.0411861	
4.46	0.0598374	-0.0100555	0.233706	0.041491	0.0598374	-0.0100555	0.233706	0.041491	
4.48	0.0595086	-0.00991657	0.232982	0.0417828	0.0595086	-0.00991657	0.232982	0.0417828	
4.5	0.059183	-0.0097797	0.232274	0.0420616	0.059183	-0.0097797	0.232274	0.0420616	
4.52	0.0588608	-0.00964483	0.23158	0.0423276	0.0588608	-0.00964483	0.23158	0.0423276	
4.54	0.0585418	-0.00951194	0.230901	0.0425806	0.0585418	-0.00951194	0.230901	0.0425806	
4.56	0.0582261	-0.00938097	0.230236	0.0428209	0.0582261	-0.00938097	0.230236	0.0428209	
4.58	0.0579135	-0.00925192	0.229585	0.0430483	0.0579135	-0.00925192	0.229585	0.0430483	
4.6	0.0576042	-0.00912473	0.228947	0.0432631	0.0576042	-0.00912473	0.228947	0.0432631	
4.62	0.0572979	-0.00899939	0.228323	0.0434653	0.0572979	-0.00899939	0.228323	0.0434653	
4.64	0.0569948	-0.00887587	0.227712	0.0436548	0.0569948	-0.00887587	0.227712	0.0436548	
4.66	0.0566947	-0.00875413	0.227113	0.0438318	0.0566947	-0.00875413	0.227113	0.0438318	
4.68	0.0563977	-0.00863415	0.226527	0.0439963	0.0563977	-0.00863415	0.226527	0.0439963	
4.7	0.0561036	-0.0085159	0.225953	0.0441483	0.0561036	-0.0085159	0.225953	0.0441483	
4.72	0.0558126	-0.00839935	0.22539	0.0442879	0.0558126	-0.00839935	0.22539	0.0442879	
4.74	0.0555245	-0.00828448	0.224839	0.044415	0.0555245	-0.00828448	0.224839	0.044415	
4.76	0.0552393	-0.00817125	0.224299	0.0445298	0.0552393	-0.00817125	0.224299	0.0445298	
4.78	0.054957	-0.00805965	0.22377	0.0446323	0.054957	-0.00805965	0.22377	0.0446323	
4.8	0.0546775	-0.00794965	0.223251	0.0447225	0.0546775	-0.00794965	0.223251	0.0447225	
4.82	0.0544009	-0.00784123	0.222743	0.0448005	0.0544009	-0.00784123	0.222743	0.0448005	
4.84	0.054127	-0.00773435	0.222244	0.0448662	0.054127	-0.00773435	0.222244	0.0448662	
4.86	0.0538559	-0.007629	0.221755	0.0449198	0.0538559	-0.007629	0.221755	0.0449198	
4.88	0.0535876	-0.00752515	0.221275	0.0449612	0.0535876	-0.00752515	0.221275	0.0449612	
4.9	0.0533219	-0.00742278	0.220804	0.0449905	0.0533219	-0.00742278	0.220804	0.0449905	
4.92	0.0530589	-0.00732187	0.220342	0.0450078	0.0530589	-0.00732187	0.220342	0.0450078	
4.94	0.0527985	-0.0072224	0.219888	0.045013	0.0527985	-0.0072224	0.219888	0.045013	
4.96	0.0525407	-0.00712434	0.219442	0.0450063	0.0525407	-0.00712434	0.219442	0.0450063	
4.98	0.0522854	-0.00702768	0.219004	0.0449876	0.0522854	-0.00702768	0.219004	0.0449876	
5	0.0520328	-0.00693238	0.218572	0.0449571	0.0520328	-0.00693238	0.218572	0.0449571	
5.02	0.0517826	-0.00683844	0.218148	0.0449148	0.0517826	-0.00683844	0.218148	0.0449148	
5.04	0.0515349	-0.00674583	0.217731	0.0448607	0.0515349	-0.00674583	0.217731	0.0448607	
5.06	0.0512896	-0.00665453	0.21732	0.0447949	0.0512896	-0.00665453	0.21732	0.0447949	
5.08	0.0510468	-0.00656453	0.216914	0.0447175	0.0510468	-0.00656453	0.216914	0.0447175	
5.1	0.0508064	-0.0064758	0.216515	0.0446285	0.0508064	-0.0064758	0.216515	0.0446285	
5.12	0.0505683	-0.00638832	0.21612	0.044528	0.0505683	-0.00638832	0.21612	0.044528	
5.14	0.0503326	-0.00630209	0.215731	0.0444162	0.0503326	-0.00630209	0.215731	0.0444162	
5.16	0.0500992	-0.00621707	0.215347	0.044293	0.0500992	-0.00621707	0.215347	0.044293	
5.18	0.049868	-0.00613325	0.214966	0.0441587	0.049868	-0.00613325	0.214966	0.0441587	
5.2	0.0496391	-0.00605062	0.21459	0.0440132	0.0496391	-0.00605062	0.21459	0.0440132	
5.22	0.0494125	-0.00596915	0.214217	0.0438567	0.0494125	-0.00596915	0.214217	0.0438567	
5.24	0.049188	-0.00588883	0.213848	0.0436893	0.049188	-0.00588883	0.213848	0.0436893	
5.26	0.0489657	-0.00580965	0.213481	0.0435111	0.0489657	-0.00580965	0.213481	0.0435111	
5.28	0.0487455	-0.00573158	0.213117	0.0433223	0.0487455	-0.00573158	0.213117	0.0433223	
5.3	0.0485274	-0.00565461	0.212756	0.0431229	0.0485274	-0.00565461	0.212756	0.0431229	
5.32	0.0483115	-0.00557873	0.212396	0.0429132	0.0483115	-0.00557873	0.212396	0.0429132	
5.34	0.0480975	-0.00550392	0.212039	0.0426933	0.0480975	-0.00550392	0.212039	0.0426933	
5.36	0.0478857	-0.00543017	0.211682	0.0424633	0.0478857	-0.00543017	0.211682	0.0424633	
5.38	0.0476758	-0.00535745	0.211327	0.0422233	0.0476758	-0.00535745	0.211327	0.0422233	
5.4	0.0474679	-0.00528575	0.210972	0.0419737	0.0474679	-0.00528575	0.210972	0.0419737	
5.42	0.047262	-0.00521507	0.210618	0.0417145	0.047262	-0.00521507	0.210618	0.0417145	
5.44	0.047058	-0.00514538	0.210264	0.0414459	0.047058	-0.00514538	0.210264	0.0414459	
5.46	0.046856	-0.00507668	0.209909	0.0411682	0.046856	-0.00507668	0.209909	0.0411682	
5.48	0.0466558	-0.00500894	0.209554	0.0408815	0.0466558	-0.00500894	0.209554	0.0408815	
5.5	0.0464574	-0.00494215	0.209199	0.0405861	0.0464574	-0.00494215	0.209199	0.0405861	
5.52	0.046261	-0.0048763	0.208842	0.0402821	0.046261	-0.0048763	0.208842	0.0402821	
5.54	0.0460663	-0.00481138	0.208484	0.0399698	0.0460663	-0.00481138	0.208484	0.0399698	
5.56	0.0458734	-0.00474738	0.208125	0.0396494	0.0458734	-0.00474738	0.208125	0.0396494	
5.58	0.0456823	-0.00468427	0.207763	0.0393211	0.0456823	-0.00468427	0.207763	0.0393211	
5.6	0.0454929	-0.00462206	0.2074	0.0389853	0.0454929	-0.00462206	0.2074	0.0389853	
5.62	0.0453053	-0.00456071	0.207034	0.0386422	0.0453053	-0.00456071	0.207034	0.0386422	
5.64	0.0451194	-0.00450023	0.206665	0.0382919	0.0451194	-0.00450023	0.206665	0.0382919	
5.66	0.0449351	-0.00444061	0.206294	0.0379348	0.0449351	-0.00444061	0.206294	0.0379348	
5.68	0.0447525	-0.00438182	0.20592	0.0375712	0.0447525	-0.00438182	0.20592	0.0375712	
5.7	0.0445715	-0.00432385	0.205543	0.0372013	0.0445715	-0.00432385	0.205543	0.0372013	
5.72	0.0443922	-0.00426671	0.205162	0.0368254	0.0443922	-0.00426671	0.205162	0.0368254	
5.74	0.0442145	-0.00421036	0.204778	0.0364438	0.0442145	-0.00421036	0.204778	0.0364438	
5.76	0.0440383	-0.00415481	0.204389	0.0360567	0.0440383	-0.00415481	0.204389	0.0360567	
5.78	0.0438637	-0.00410004	0.203997	0.0356645	0.0438637	-0.00410004	0.203997	0.0356645	
5.8	0.0436906	-0.00404604	0.203601	0.0352674	0.0436906	-0.00404604	0.203601	0.0352674	
5.82	0.043519	-0.00399279	0.203201	0.0348658	0.043519	-0.00399279	0.203201	0.0348658	
5.84	0.043349	-0.0039403	0.202796	0.03446	0.043349	-0.0039403	0.202796	0.03446	
5.86	0.0431804	-0.00388854	0.202387	0.0340501	0.0431804	-0.00388854	0.202387	0.0340501	
5.88	0.0430133	-0.00383751	0.201973	0.0336367	0.0430133	-0.00383751	0.201973	0.0336367	
5.9	0.0428476	-0.0037872	0.201555	0.0332198	0.0428476	-0.0037872	0.201555	0.0332198	
5.92	0.0426833	-0.0037376	0.201132	0.0327999	0.0426833	-0.0037376	0.201132	0.0327999	
5.94	0.0425205	-0.00368869	0.200704	0.0323772	0.0425205	-0.00368869	0.200704	0.0323772	
5.96	0.042359	-0.00364047	0.200271	0.0319521	0.042359	-0.00364047	0.200271	0.0319521	
5.98	0.0421989	-0.00359292	0.199833	0.0315248	0.0421989	-0.00359292	0.199833	0.0315248	
6	0.0420401	-0.00354604	0.199391	0.0310956	0.0420401	-0.00354604	0.199391	0.0310956	
6.02	0.0418827	-0.00349982	0.198943	0.0306649	0.0418827	-0.00349982	0.198943	0.0306649	
6.04	0.0417266	-0.00345425	0.19849	0.0302328	0.0417266	-0.00345425	0.19849	0.0302328	
6.06	0.0415718	-0.00340932	0.198033	0.0297997	0.0415718	-0.00340932	0.198033	0.0297997	
6.08	0.0414183	-0.00336502	0.19757	0.0293659	0.0414183	-0.00336502	0.19757	0.0293659	
6.1	0.041266	-0.00332134	0.197102	0.0289317	0.041266	-0.00332134	0.197102	0.0289317	
6.12	0.041115	-0.00327827	0.196629	0.0284973	0.041115	-0.00327827	0.196629	0.0284973	
6.14	0.0409653	-0.00323581	0.196152	0.0280629	0.0409653	-0.00323581	0.196152	0.0280629	
6.16	0.0408168	-0.00319394	0.195669	0.027629	0.0408168	-0.00319394	0.195669	0.027629	
6.18	0.0406694	-0.00315266	0.195182	0.0271956	0.0406694	-0.00315266	0.195182	0.0271956	
6.2	0.0405233	-0.00311196	0.19469	0.0267631	0.0405233	-0.00311196	0.19469	0.0267631	
6.22	0.0403783	-0.00307182	0.194193	0.0263316	0.0403783	-0.00307182	0.194193	0.0263316	
6.24	0.0402345	-0.00303225	0.193691	0.0259016	0.0402345	-0.00303225	0.193691	0.0259016	
6.26	0.0400919	-0.00299323	0.193185	0.025473	0.0400919	-0.00299323	0.193185	0.025473	
6.28	0.0399503	-0.00295476	0.192675	0.0250463	0.0399503	-0.00295476	0.192675	0.0250463	
6.3	0.0398099	-0.00291683	0.19216	0.0246216	0.0398099	-0.00291683	0.19216	0.0246216	
6.32	0.0396706	-0.00287942	0.191641	0.0241991	0.0396706	-0.00287942	0.191641	0.0241991	
6.34	0.0395324	-0.00284254	0.191118	0.023779	0.0395324	-0.00284254	0.191118	0.023779	
6.36	0.0393953	-0.00280617	0.19059	0.0233615	0.0393953	-0.00280617	0.19059	0.0233615	
6.38	0.0392592	-0.00277031	0.190059	0.0229468	0.0392592	-0.00277031	0.190059	0.0229468	
6.4	0.0391242	-0.00273496	0.189524	0.022535	0.0391242	-0.00273496	0.189524	0.022535	
6.42	0.0389903	-0.00270009	0.188985	0.0221264	0.0389903	-0.00270009	0.188985	0.0221264	
6.44	0.0388573	-0.00266571	0.188443	0.0217211	0.0388573	-0.00266571	0.188443	0.0217211	
6.46	0.0387254	-0.00263181	0.187898	0.0213192	0.0387254	-0.00263181	0.187898	0.0213192	
6.48	0.0385945	-0.00259839	0.187349	0.0209209	0.0385945	-0.00259839	0.187349	0.0209209	
6.5	0.0384645	-0.00256543	0.186797	0.0205264	0.0384645	-0.00256543	0.186797	0.0205264	
6.52	0.0383356	-0.00253292	0.186242	0.0201357	0.0383356	-0.00253292	0.186242	0.0201357	
6.54	0.0382076	-0.00250087	0.185684	0.019749	0.0382076	-0.00250087	0.185684	0.019749	
6.56	0.0380805	-0.00246927	0.185124	0.0193664	0.0380805	-0.00246927	0.185124	0.0193664	
6.58	0.0379544	-0.0024381	0.184561	0.0189879	0.0379544	-0.0024381	0.184561	0.0189879	
6.6	0.0378293	-0.00240737	0.183995	0.0186138	0.0378293	-0.00240737	0.183995	0.0186138	
6.62	0.037705	-0.00237706	0.183428	0.018244	0.037705	-0.00237706	0.183428	0.018244	
6.64	0.0375817	-0.00234717	0.182858	0.0178787	0.0375817	-0.00234717	0.182858	0.0178787	
6.66	0.0374593	-0.0023177	0.182286	0.017518	0.0374593	-0.0023177	0.182286	0.017518	
6.68	0.0373377	-0.00228864	0.181713	0.0171618	0.0373377	-0.00228864	0.181713	0.0171618	
6.7	0.0372171	-0.00225998	0.181138	0.0168103	0.0372171	-0.00225998	0.181138	0.0168103	
6.72	0.0370973	-0.00223171	0.180562	0.0164635	0.0370973	-0.00223171	0.180562	0.0164635	
6.74	0.0369784	-0.00220384	0.179984	0.0161215	0.0369784	-0.00220384	0.179984	0.0161215	
6.76	0.0368603	-0.00217635	0.179405	0.0157843	0.0368603	-0.00217635	0.179405	0.0157843	
6.78	0.036743	-0.00214924	0.178825	0.015452	0.036743	-0.00214924	0.178825	0.015452	
6.8	0.0366266	-0.00212251	0.178244	0.0151245	0.0366266	-0.00212251	0.178244	0.0151245	
6.82	0.036511	-0.00209614	0.177662	0.0148019	0.036511	-0.00209614	0.177662	0.0148019	
6.84	0.0363962	-0.00207014	0.17708	0.0144842	0.0363962	-0.00207014	0.17708	0.0144842	
6.86	0.0362822	-0.00204449	0.176497	0.0141715	0.0362822	-0.00204449	0.176497	0.0141715	
6.88	0.036169	-0.0020192	0.175914	0.0138637	0.036169	-0.0020192	0.175914	0.0138637	
6.9	0.0360566	-0.00199426	0.175331	0.0135608	0.0360566	-0.00199426	0.175331	0.0135608	
6.92	0.035945	-0.00196966	0.174747	0.0132629	0.035945	-0.00196966	0.174747	0.0132629	
6.94	0.0358341	-0.00194539	0.174164	0.0129699	0.0358341	-0.00194539	0.174164	0.0129699	
6.96	0.035724	-0.00192146	0.173581	0.0126818	0.035724	-0.00192146	0.173581	0.0126818	
6.98	0.0356146	-0.00189786	0.172998	0.0123986	0.0356146	-0.00189786	0.172998	0.0123986	
7	0.035506	-0.00187458	0.172415	0.0121203	0.035506	-0.00187458	0.172415	0.0121203	
7.02	0.0353981	-0.00185162	0.171833	0.0118469	0.0353981	-0.00185162	0.171833	0.0118469	
7.04	0.0352909	-0.00182897	0.171252	0.0115783	0.0352909	-0.00182897	0.171252	0.0115783	
7.06	0.0351845	-0.00180663	0.170671	0.0113145	0.0351845	-0.00180663	0.170671	0.0113145	
7.08	0.0350787	-0.0017846	0.170091	0.0110555	0.0350787	-0.0017846	0.170091	0.0110555	
7.1	0.0349737	-0.00176286	0.169512	0.0108013	0.0349737	-0.00176286	0.169512	0.0108013	
7.12	0.0348693	-0.00174142	0.168934	0.0105517	0.0348693	-0.00174142	0.168934	0.0105517	
7.14	0.0347657	-0.00172028	0.168357	0.0103068	0.0347657	-0.00172028	0.168357	0.0103068	
7.16	0.0346627	-0.00169942	0.167782	0.0100665	0.0346627	-0.00169942	0.167782	0.0100665	
7.18	0.0345604	-0.00167885	0.167207	0.00983083	0.0345604	-0.00167885	0.167207	0.00983083	
7.2	0.0344587	-0.00165855	0.166634	0.00959967	0.0344587	-0.00165855	0.166634	0.00959967	
7.22	0.0343577	-0.00163853	0.166063	0.00937299	0.0343577	-0.00163853	0.166063	0.00937299	
7.24	0.0342574	-0.00161878	0.165493	0.00915074	0.0342574	-0.00161878	0.165493	0.00915074	
7.26	0.0341577	-0.0015993	0.164925	0.00893288	0.0341577	-0.0015993	0.164925	0.00893288	
7.28	0.0340586	-0.00158008	0.164358	0.00871934	0.0340586	-0.00158008	0.164358	0.00871934	
7.3	0.0339602	-0.00156112	0.163794	0.00851008	0.0339602	-0.00156112	0.163794	0.00851008	
7.32	0.0338623	-0.00154242	0.163231	0.00830504	0.0338623	-0.00154242	0.163231	0.00830504	
7.34	0.0337651	-0.00152396	0.16267	0.00810416	0.0337651	-0.00152396	0.16267	0.00810416	
7.36	0.0336685	-0.00150576	0.162111	0.00790739	0.0336685	-0.00150576	0.162111	0.00790739	
7.38	0.0335726	-0.0014878	0.161554	0.00771466	0.0335726	-0.0014878	0.161554	0.00771466	
7.4	0.0334772	-0.00147008	0.160999	0.00752593	0.0334772	-0.00147008	0.160999	0.00752593	
7.42	0.0333824	-0.0014526	0.160446	0.00734113	0.0333824	-0.0014526	0.160446	0.00734113	
7.44	0.0332882	-0.00143536	0.159895	0.0071602	0.0332882	-0.00143536	0.159895	0.0071602	
7.46	0.0331945	-0.00141834	0.159347	0.00698307	0.0331945	-0.00141834	0.159347	0.00698307	
7.48	0.0331015	-0.00140156	0.158801	0.0068097	0.0331015	-0.00140156	0.158801	0.0068097	
7.5	0.033009	-0.00138499	0.158257	0.00664003	0.033009	-0.00138499	0.158257	0.00664003	
7.52	0.032917	-0.00136865	0.157716	0.00647398	0.032917	-0.00136865	0.157716	0.00647398	
7.54	0.0328257	-0.00135253	0.157177	0.0063115	0.0328257	-0.00135253	0.157177	0.0063115	
7.56	0.0327348	-0.00133662	0.15664	0.00615253	0.0327348	-0.00133662	0.15664	0.00615253	
7.58	0.0326446	-0.00132092	0.156106	0.00599701	0.0326446	-0.00132092	0.156106	0.00599701	
7.6	0.0325548	-0.00130543	0.155574	0.00584487	0.0325548	-0.00130543	0.155574	0.00584487	
7.62	0.0324656	-0.00129015	0.155045	0.00569607	0.0324656	-0.00129015	0.155045	0.00569607	
7.64	0.0323769	-0.00127506	0.154519	0.00555054	0.0323769	-0.00127506	0.154519	0.00555054	
7.66	0.0322888	-0.00126018	0.153995	0.00540821	0.0322888	-0.00126018	0.153995	0.00540821	
7.68	0.0322012	-0.0012455	0.153473	0.00526904	0.0322012	-0.0012455	0.153473	0.00526904	
7.7	0.032114	-0.001231	0.152955	0.00513295	0.032114	-0.001231	0.152955	0.00513295	
7.72	0.0320274	-0.0012167	0.152439	0.0049999	0.0320274	-0.0012167	0.152439	0.0049999	
7.74	0.0319413	-0.00120259	0.151925	0.00486983	0.0319413	-0.00120259	0.151925	0.00486983	
7.76	0.0318557	-0.00118866	0.151414	0.00474268	0.0318557	-0.00118866	0.151414	0.00474268	
7.78	0.0317706	-0.00117492	0.150906	0.00461839	0.0317706	-0.00117492	0.150906	0.00461839	
7.8	0.031686	-0.00116136	0.150401	0.0044969	0.031686	-0.00116136	0.150401	0.0044969	
7.82	0.0316019	-0.00114797	0.149898	0.00437817	0.0316019	-0.00114797	0.149898	0.00437817	
7.84	0.0315182	-0.00113476	0.149398	0.00426213	0.0315182	-0.00113476	0.149398	0.00426213	
7.86	0.031435	-0.00112172	0.148901	0.00414874	0.031435	-0.00112172	0.148901	0.00414874	
7.88	0.0313523	-0.00110885	0.148407	0.00403793	0.0313523	-0.00110885	0.148407	0.00403793	
7.9	0.0312701	-0.00109615	0.147915	0.00392967	0.0312701	-0.00109615	0.147915	0.00392967	
7.92	0.0311883	-0.00108362	0.147426	0.00382388	0.0311883	-0.00108362	0.147426	0.00382388	
7.94	0.031107	-0.00107125	0.14694	0.00372053	0.031107	-0.00107125	0.14694	0.00372053	
7.96	0.0310261	-0.00105904	0.146456	0.00361956	0.0310261	-0.00105904	0.146456	0.00361956	
7.98	0.0309457	-0.00104698	0.145976	0.00352093	0.0309457	-0.00104698	0.145976	0.00352093	
8	0.0308657	-0.00103509	0.145498	0.00342458	0.0308657	-0.00103509	0.145498	0.00342458	
8.02	0.0307862	-0.00102334	0.145022	0.00333047	0.0307862	-0.00102334	0.145022	0.00333047	
8.04	0.0307071	-0.00101175	0.14455	0.00323854	0.0307071	-0.00101175	0.14455	0.00323854	
8.06	0.0306285	-0.00100031	0.14408	0.00314876	0.0306285	-0.00100031	0.14408	0.00314876	
8.08	0.0305502	-0.000989017	0.143613	0.00306107	0.0305502	-0.000989017	0.143613	0.00306107	
8.1	0.0304724	-0.000977868	0.143149	0.00297543	0.0304724	-0.000977868	0.143149	0.00297543	
8.12	0.0303951	-0.000966862	0.142688	0.0028918	0.0303951	-0.000966862	0.142688	0.0028918	
8.14	0.0303181	-0.000955998	0.142229	0.00281014	0.0303181	-0.000955998	0.142229	0.00281014	
8.16	0.0302416	-0.000945272	0.141773	0.00273039	0.0302416	-0.000945272	0.141773	0.00273039	
8.18	0.0301654	-0.000934684	0.14132	0.00265252	0.0301654	-0.000934684	0.14132	0.00265252	
8.2	0.0300897	-0.000924231	0.140869	0.00257649	0.0300897	-0.000924231	0.140869	0.00257649	
8.22	0.0300144	-0.000913911	0.140421	0.00250225	0.0300144	-0.000913911	0.140421	0.00250225	
8.24	0.0299395	-0.000903723	0.139976	0.00242977	0.0299395	-0.000903723	0.139976	0.00242977	
8.26	0.029865	-0.000893665	0.139533	0.00235901	0.029865	-0.000893665	0.139533	0.00235901	
8.28	0.0297908	-0.000883734	0.139094	0.00228992	0.0297908	-0.000883734	0.139094	0.00228992	
8.3	0.0297171	-0.000873929	0.138656	0.00222248	0.0297171	-0.000873929	0.138656	0.00222248	
8.32	0.0296438	-0.000864249	0.138222	0.00215664	0.0296438	-0.000864249	0.138222	0.00215664	
8.34	0.0295708	-0.000854691	0.13779	0.00209238	0.0295708	-0.000854691	0.13779	0.00209238	
8.36	0.0294982	-0.000845254	0.137361	0.00202964	0.0294982	-0.000845254	0.137361	0.00202964	
8.38	0.029426	-0.000835936	0.136934	0.00196841	0.029426	-0.000835936	0.136934	0.00196841	
8.4	0.0293542	-0.000826735	0.13651	0.00190863	0.0293542	-0.000826735	0.13651	0.00190863	
8.42	0.0292827	-0.00081765	0.136088	0.00185029	0.0292827	-0.00081765	0.136088	0.00185029	
8.44	0.0292116	-0.000808679	0.13567	0.00179335	0.0292116	-0.000808679	0.13567	0.00179335	
8.46	0.0291409	-0.00079982	0.135253	0.00173778	0.0291409	-0.00079982	0.135253	0.00173778	
8.48	0.0290705	-0.000791073	0.134839	0.00168354	0.0290705	-0.000791073	0.134839	0.00168354	
8.5	0.0290005	-0.000782435	0.134428	0.00163061	0.0290005	-0.000782435	0.134428	0.00163061	
8.52	0.0289309	-0.000773905	0.134019	0.00157896	0.0289309	-0.000773905	0.134019	0.00157896	
8.54	0.0288616	-0.000765481	0.133613	0.00152855	0.0288616	-0.000765481	0.133613	0.00152855	
8.56	0.0287926	-0.000757162	0.133209	0.00147935	0.0287926	-0.000757162	0.133209	0.00147935	
8.58	0.028724	-0.000748947	0.132808	0.00143135	0.028724	-0.000748947	0.132808	0.00143135	
8.6	0.0286557	-0.000740833	0.132409	0.00138451	0.0286557	-0.000740833	0.132409	0.00138451	
8.62	0.0285878	-0.00073282	0.132012	0.0013388	0.0285878	-0.00073282	0.132012	0.0013388	
8.64	0.0285202	-0.000724907	0.131618	0.00129421	0.0285202	-0.000724907	0.131618	0.00129421	
8.66	0.028453	-0.000717091	0.131227	0.00125069	0.028453	-0.000717091	0.131227	0.00125069	
8.68	0.0283861	-0.000709372	0.130838	0.00120824	0.0283861	-0.000709372	0.130838	0.00120824	
8.7	0.0283195	-0.000701747	0.130451	0.00116682	0.0283195	-0.000701747	0.130451	0.00116682	
8.72	0.0282533	-0.000694217	0.130066	0.0011264	0.0282533	-0.000694217	0.130066	0.0011264	
8.74	0.0281873	-0.000686779	0.129684	0.00108698	0.0281873	-0.000686779	0.129684	0.00108698	
8.76	0.0281217	-0.000679433	0.129304	0.00104852	0.0281217	-0.000679433	0.129304	0.00104852	
8.78	0.0280564	-0.000672176	0.128927	0.00101099	0.0280564	-0.000672176	0.128927	0.00101099	
8.8	0.0279915	-0.000665009	0.128552	0.00097439	0.0279915	-0.000665009	0.128552	0.00097439	
8.82	0.0279268	-0.000657928	0.128179	0.000938684	0.0279268	-0.000657928	0.128179	0.000938684	
8.84	0.0278625	-0.000650935	0.127808	0.000903855	0.0278625	-0.000650935	0.127808	0.000903855	
8.86	0.0277985	-0.000644026	0.127439	0.000869881	0.0277985	-0.000644026	0.127439	0.000869881	
8.88	0.0277347	-0.000637201	0.127073	0.000836743	0.0277347	-0.000637201	0.127073	0.000836743	
8.9	0.0276713	-0.00063046	0.126709	0.000804421	0.0276713	-0.00063046	0.126709	0.000804421	
8.92	0.0276082	-0.0006238	0.126347	0.000772897	0.0276082	-0.0006238	0.126347	0.000772897	
8.94	0.0275454	-0.00061722	0.125988	0.000742151	0.0275454	-0.00061722	0.125988	0.000742151	
8.96	0.0274829	-0.000610721	0.12563	0.000712165	0.0274829	-0.000610721	0.12563	0.000712165	
8.98	0.0274207	-0.000604299	0.125275	0.000682922	0.0274207	-0.000604299	0.125275	0.000682922	
9	0.0273587	-0.000597955	0.124922	0.000654403	0.0273587	-0.000597955	0.124922	0.000654403	
9.02	0.0272971	-0.000591688	0.12457	0.000626593	0.0272971	-0.000591688	0.12457	0.000626593	
9.04	0.0272358	-0.000585495	0.124221	0.000599474	0.0272358	-0.000585495	0.124221	0.000599474	
9.06	0.0271747	-0.000579377	0.123875	0.00057303	0.0271747	-0.000579377	0.123875	0.00057303	
9.08	0.0271139	-0.000573333	0.12353	0.000547245	0.0271139	-0.000573333	0.12353	0.000547245	
9.1	0.0270535	-0.00056736	0.123187	0.000522104	0.0270535	-0.00056736	0.123187	0.000522104	
9.12	0.0269932	-0.000561459	0.122846	0.000497591	0.0269932	-0.000561459	0.122846	0.000497591	
9.14	0.0269333	-0.000555628	0.122507	0.000473693	0.0269333	-0.000555628	0.122507	0.000473693	
9.16	0.0268737	-0.000549867	0.12217	0.000450393	0.0268737	-0.000549867	0.12217	0.000450393	
9.18	0.0268143	-0.000544174	0.121836	0.000427679	0.0268143	-0.000544174	0.121836	0.000427679	
9.2	0.0267552	-0.000538549	0.121503	0.000405537	0.0267552	-0.000538549	0.121503	0.000405537	
9.22	0.0266964	-0.000532991	0.121172	0.000383952	0.0266964	-0.000532991	0.121172	0.000383952	
9.24	0.0266378	-0.000527498	0.120843	0.000362912	0.0266378	-0.000527498	0.120843	0.000362912	
9.26	0.0265795	-0.00052207	0.120516	0.000342405	0.0265795	-0.00052207	0.120516	0.000342405	
9.28	0.0265215	-0.000516706	0.120191	0.000322417	0.0265215	-0.000516706	0.120191	0.000322417	
9.3	0.0264637	-0.000511406	0.119867	0.000302936	0.0264637	-0.000511406	0.119867	0.000302936	
9.32	0.0264062	-0.000506168	0.119546	0.000283951	0.0264062	-0.000506168	0.119546	0.000283951	
9.34	0.0263489	-0.000500991	0.119227	0.000265449	0.0263489	-0.000500991	0.119227	0.000265449	
9.36	0.026292	-0.000495875	0.118909	0.000247419	0.026292	-0.000495875	0.118909	0.000247419	
9.38	0.0262352	-0.000490819	0.118593	0.000229851	0.0262352	-0.000490819	0.118593	0.000229851	
9.4	0.0261787	-0.000485822	0.118279	0.000212733	0.0261787	-0.000485822	0.118279	0.000212733	
9.42	0.0261225	-0.000480883	0.117967	0.000196055	0.0261225	-0.000480883	0.117967	0.000196055	
9.44	0.0260665	-0.000476002	0.117656	0.000179806	0.0260665	-0.000476002	0.117656	0.000179806	
9.46	0.0260108	-0.000471178	0.117348	0.000163976	0.0260108	-0.000471178	0.117348	0.000163976	
9.48	0.0259553	-0.00046641	0.117041	0.000148556	0.0259553	-0.00046641	0.117041	0.000148556	
9.5	0.0259001	-0.000461697	0.116736	0.000133535	0.0259001	-0.000461697	0.116736	0.000133535	
9.52	0.0258451	-0.000457038	0.116432	0.000118904	0.0258451	-0.000457038	0.116432	0.000118904	
9.54	0.0257903	-0.000452434	0.11613	0.000104655	0.0257903	-0.000452434	0.11613	0.000104655	
9.56	0.0257358	-0.000447883	0.11583	9.07775e-05	0.0257358	-0.000447883	0.11583	9.07775e-05	
9.58	0.0256815	-0.000443384	0.115532	7.72635e-05	0.0256815	-0.000443384	0.115532	7.72635e-05	
9.6	0.0256275	-0.000438937	0.115235	6.41042e-05	0.0256275	-0.000438937	0.115235	6.41042e-05	
9.62	0.0255737	-0.000434541	0.11494	5.12914e-05	0.0255737	-0.000434541	0.11494	5.12914e-05	
9.64	0.0255201	-0.000430196	0.114647	3.88168e-05	0.0255201	-0.000430196	0.114647	3.88168e-05	
9.66	0.0254667	-0.0004259	0.114355	2.66725e-05	0.0254667	-0.0004259	0.114355	2.66725e-05	
9.68	0.0254136	-0.000421654	0.114065	1.48508e-05	0.0254136	-0.000421654	0.114065	1.48508e-05	
9.7	0.0253607	-0.000417456	0.113776	3.34387e-06	0.0253607	-0.000417456	0.113776	3.34387e-06	
9.72	0.0253081	-0.000413306	0.113489	-7.85553e-06	0.0253081	-0.000413306	0.113489	-7.85553e-06	
9.74	0.0252557	-0.000409203	0.113204	-1.87547e-05	0.0252557	-0.000409203	0.113204	-1.87547e-05	
9.76	0.0252035	-0.000405147	0.11292	-2.93607e-05	0.0252035	-0.000405147	0.11292	-2.93607e-05	
9.78	0.0251515	-0.000401137	0.112638	-3.96804e-05	0.0251515	-0.000401137	0.112638	-3.96804e-05	
9.8	0.0250997	-0.000397173	0.112357	-4.97206e-05	0.0250997	-0.000397173	0.112357	-4.97206e-05	
9.82	0.0250482	-0.000393253	0.112078	-5.94879e-05	0.0250482	-0.000393253	0.112078	-5.94879e-05	
9.84	0.0249968	-0.000389378	0.1118	-6.89887e-05	0.0249968	-0.000389378	0.1118	-6.89887e-05	
9.86	0.0249457	-0.000385546	0.111524	-7.82293e-05	0.0249457	-0.000385546	0.111524	-7.82293e-05	
9.88	0.0248948	-0.000381758	0.111249	-8.72157e-05	0.0248948	-0.000381758	0.111249	-8.72157e-05	
9.9	0.0248441	-0.000378012	0.110976	-9.59541e-05	0.0248441	-0.000378012	0.110976	-9.59541e-05	
9.92	0.0247937	-0.000374308	0.110704	-0.00010445	0.0247937	-0.000374308	0.110704	-0.00010445	
9.94	0.0247434	-0.000370646	0.110434	-0.00011271	0.0247434	-0.000370646	0.110434	-0.00011271	
9.96	0.0246934	-0.000367025	0.110165	-0.000120738	0.0246934	-0.000367025	0.110165	-0.000120738	
9.98	0.0246435	-0.000363444	0.109898	-0.000128541	0.0246435	-0.000363444	0.109898	-0.000128541	
