0.0785398	-0.00141046	-0.402932	0	0	0	0	-0.00517284	-0.93804	-0.00141046	-0.402932	0	0	0	0	-0.00517284	-0.93804	
0.235619	-0.00109129	-0.305986	0	0	0	0	-0.00459763	-0.838834	-0.00109129	-0.305986	0	0	0	0	-0.00459763	-0.838834	
0.392699	-0.000115776	-0.25062	0	0	0	0	-0.00402891	-0.760521	-0.000115776	-0.25062	0	0	0	0	-0.00402891	-0.760521	
0.549779	0.000109107	-0.214441	0	0	0	0	-0.00284638	-0.696659	0.000109107	-0.214441	0	0	0	0	-0.00284638	-0.696659	
0.706858	0.000963136	-0.189663	0	0	0	0	-0.00386725	-0.640544	0.000963136	-0.189663	0	0	0	0	-0.00386725	-0.640544	
0.863938	-0.000381901	-0.171582	0	0	0	0	-0.00272095	-0.591787	-0.000381901	-0.171582	0	0	0	0	-0.00272095	-0.591787	
1.02102	-0.000530258	-0.1549	0	0	0	0	-0.00293776	-0.549846	-0.000530258	-0.1549	0	0	0	0	-0.00293776	-0.549846	
1.1781	-0.00178367	-0.143902	0	0	0	0	-0.00190287	-0.512159	-0.00178367	-0.143902	0	0	0	0	-0.00190287	-0.512159	
1.33518	7.01826e-05	-0.132511	0	0	0	0	-0.000798699	-0.48025	7.01826e-05	-0.132511	0	0	0	0	-0.000798699	-0.48025	
1.49226	0.000339345	-0.123721	0	0	0	0	-0.00136375	-0.450878	0.000339345	-0.123721	0	0	0	0	-0.00136375	-0.450878	
1.64934	-0.000523676	-0.114052	0	0	0	0	-0.00183327	-0.425662	-0.000523676	-0.114052	0	0	0	0	-0.00183327	-0.425662	
1.80642	0.00102214	-0.106397	0	0	0	0	-0.00153557	-0.401878	0.00102214	-0.106397	0	0	0	0	-0.00153557	-0.401878	
1.9635	0.000267869	-0.101693	0	0	0	0	-0.000519959	-0.382029	0.000267869	-0.101693	0	0	0	0	-0.000519959	-0.382029	
2.12058	0.000520554	-0.0956498	0	0	0	0	-0.00151989	-0.363042	0.000520554	-0.0956498	0	0	0	0	-0.00151989	-0.363042	
2.27765	-0.000586179	-0.0912075	0	0	0	0	-0.00145735	-0.345779	-0.000586179	-0.0912075	0	0	0	0	-0.00145735	-0.345779	
2.43473	-0.00126931	-0.0870834	0	0	0	0	-0.000900774	-0.329707	-0.00126931	-0.0870834	0	0	0	0	-0.000900774	-0.329707	
2.59181	-0.00111449	-0.082825	0	0	0	0	-0.000701342	-0.314657	-0.00111449	-0.082825	0	0	0	0	-0.000701342	-0.314657	
2.74889	-0.000601276	-0.0787547	0	0	0	0	-0.000787733	-0.300831	-0.000601276	-0.0787547	0	0	0	0	-0.000787733	-0.300831	
2.90597	-0.000142545	-0.0751343	0	0	0	0	-0.000809462	-0.288358	-0.000142545	-0.0751343	0	0	0	0	-0.000809462	-0.288358	
3.06305	0.000113139	-0.0719839	0	0	0	0	-0.000590364	-0.277173	0.000113139	-0.0719839	0	0	0	0	-0.000590364	-0.277173	
3.22013	0.000178949	-0.0691969	0	0	0	0	-0.000163342	-0.267081	0.000178949	-0.0691969	0	0	0	0	-0.000163342	-0.267081	
3.37721	0.000120324	-0.0666535	0	0	0	0	0.000343254	-0.257857	0.000120324	-0.0666535	0	0	0	0	0.000343254	-0.257857	
3.53429	-2.10097e-07	-0.0642692	0	0	0	0	0.00080248	-0.249302	-2.10097e-07	-0.0642692	0	0	0	0	0.00080248	-0.249302	
3.69137	-0.000139411	-0.0619993	0	0	0	0	0.00113215	-0.241269	-0.000139411	-0.0619993	0	0	0	0	0.00113215	-0.241269	
3.84845	-0.00027253	-0.0598273	0	0	0	0	0.00129969	-0.233657	-0.00027253	-0.0598273	0	0	0	0	0.00129969	-0.233657	
4.00553	-0.000387813	-0.0577515	0	0	0	0	0.00130984	-0.226406	-0.000387813	-0.0577515	0	0	0	0	0.00130984	-0.226406	
4.16261	-0.000481282	-0.0557757	0	0	0	0	0.00118898	-0.219474	-0.000481282	-0.0557757	0	0	0	0	0.00118898	-0.219474	
4.31969	-0.000553087	-0.0539045	0	0	0	0	0.00097228	-0.212844	-0.000553087	-0.0539045	0	0	0	0	0.00097228	-0.212844	
4.47677	-0.000605273	-0.0521394	0	0	0	0	0.000695232	-0.206501	-0.000605273	-0.0521394	0	0	0	0	0.000695232	-0.206501	
4.63385	-0.000640547	-0.0504798	0	0	0	0	0.000388927	-0.200436	-0.000640547	-0.0504798	0	0	0	0	0.000388927	-0.200436	
4.79093	-0.00066168	-0.0489222	0	0	0	0	7.81511e-05	-0.194643	-0.00066168	-0.0489222	0	0	0	0	7.81511e-05	-0.194643	
4.94801	-0.000671218	-0.0474617	0	0	0	0	-0.000218897	-0.189113	-0.000671218	-0.0474617	0	0	0	0	-0.000218897	-0.189113	
5.10509	-0.000671394	-0.0460922	0	0	0	0	-0.000489955	-0.183839	-0.000671394	-0.0460922	0	0	0	0	-0.000489955	-0.183839	
5.26217	-0.000664113	-0.0448067	0	0	0	0	-0.000727673	-0.178811	-0.000664113	-0.0448067	0	0	0	0	-0.000727673	-0.178811	
5.41925	-0.000650974	-0.0435987	0	0	0	0	-0.000928518	-0.17402	-0.000650974	-0.0435987	0	0	0	0	-0.000928518	-0.17402	
5.57633	-0.000633315	-0.0424611	0	0	0	0	-0.00109175	-0.169456	-0.000633315	-0.0424611	0	0	0	0	-0.00109175	-0.169456	
5.73341	-0.000612244	-0.0413881	0	0	0	0	-0.00121858	-0.165106	-0.000612244	-0.0413881	0	0	0	0	-0.00121858	-0.165106	
5.89049	-0.000588675	-0.0403735	0	0	0	0	-0.00131148	-0.16096	-0.000588675	-0.0403735	0	0	0	0	-0.00131148	-0.16096	
6.04757	-0.00056336	-0.0394126	0	0	0	0	-0.00137364	-0.157008	-0.00056336	-0.0394126	0	0	0	0	-0.00137364	-0.157008	
6.20465	-0.000536916	-0.0385	0	0	0	0	-0.00140862	-0.153239	-0.000536916	-0.0385	0	0	0	0	-0.00140862	-0.153239	
6.36173	-0.000509844	-0.037632	0	0	0	0	-0.00142005	-0.149642	-0.000509844	-0.037632	0	0	0	0	-0.00142005	-0.149642	
6.5188	-0.000482547	-0.0368048	0	0	0	0	-0.00141147	-0.146206	-0.000482547	-0.0368048	0	0	0	0	-0.00141147	-0.146206	
6.67588	-0.000455353	-0.0360147	0	0	0	0	-0.00138617	-0.142923	-0.000455353	-0.0360147	0	0	0	0	-0.00138617	-0.142923	
6.83296	-0.000428518	-0.0352592	0	0	0	0	-0.00134721	-0.139784	-0.000428518	-0.0352592	0	0	0	0	-0.00134721	-0.139784	
6.99004	-0.000402243	-0.0345355	0	0	0	0	-0.0012973	-0.136779	-0.000402243	-0.0345355	0	0	0	0	-0.0012973	-0.136779	
7.14712	-0.000376681	-0.0338414	0	0	0	0	-0.00123885	-0.133903	-0.000376681	-0.0338414	0	0	0	0	-0.00123885	-0.133903	
7.3042	-0.000351946	-0.0331747	0	0	0	0	-0.00117394	-0.131145	-0.000351946	-0.0331747	0	0	0	0	-0.00117394	-0.131145	
7.46128	-0.000328121	-0.0325336	0	0	0	0	-0.00110438	-0.1285	-0.000328121	-0.0325336	0	0	0	0	-0.00110438	-0.1285	
7.61836	-0.000305265	-0.0319166	0	0	0	0	-0.00103168	-0.12596	-0.000305265	-0.0319166	0	0	0	0	-0.00103168	-0.12596	
7.77544	-0.000283409	-0.031322	0	0	0	0	-0.000957137	-0.12352	-0.000283409	-0.031322	0	0	0	0	-0.000957137	-0.12352	
7.93252	-0.00026257	-0.0307487	0	0	0	0	-0.000881819	-0.121175	-0.00026257	-0.0307487	0	0	0	0	-0.000881819	-0.121175	
8.0896	-0.000242753	-0.0301955	0	0	0	0	-0.000806597	-0.118917	-0.000242753	-0.0301955	0	0	0	0	-0.000806597	-0.118917	
8.24668	-0.000223948	-0.029661	0	0	0	0	-0.000732192	-0.116744	-0.000223948	-0.029661	0	0	0	0	-0.000732192	-0.116744	
8.40376	-0.000206137	-0.0291444	0	0	0	0	-0.000659168	-0.11465	-0.000206137	-0.0291444	0	0	0	0	-0.000659168	-0.11465	
8.56084	-0.0001893	-0.0286446	0	0	0	0	-0.000587977	-0.112631	-0.0001893	-0.0286446	0	0	0	0	-0.000587977	-0.112631	
8.71792	-0.000173404	-0.0281611	0	0	0	0	-0.000518964	-0.110683	-0.000173404	-0.0281611	0	0	0	0	-0.000518964	-0.110683	
8.875	-0.000158419	-0.027693	0	0	0	0	-0.000452388	-0.108803	-0.000158419	-0.027693	0	0	0	0	-0.000452388	-0.108803	
9.03208	-0.00014431	-0.0272395	0	0	0	0	-0.000388432	-0.106986	-0.00014431	-0.0272395	0	0	0	0	-0.000388432	-0.106986	
9.18916	-0.000131038	-0.0267997	0	0	0	0	-0.000327223	-0.105229	-0.000131038	-0.0267997	0	0	0	0	-0.000327223	-0.105229	
9.34624	-0.000118567	-0.0263735	0	0	0	0	-0.000268834	-0.103529	-0.000118567	-0.0263735	0	0	0	0	-0.000268834	-0.103529	
9.50332	-0.000106859	-0.0259598	0	0	0	0	-0.000213298	-0.101885	-0.000106859	-0.0259598	0	0	0	0	-0.000213298	-0.101885	
9.6604	-9.58757e-05	-0.0255584	0	0	0	0	-0.000160616	-0.100293	-9.58757e-05	-0.0255584	0	0	0	0	-0.000160616	-0.100293	
9.81748	-8.55801e-05	-0.0251686	0	0	0	0	-0.000110758	-0.0987498	-8.55801e-05	-0.0251686	0	0	0	0	-0.000110758	-0.0987498	
9.97456	-7.59354e-05	-0.0247899	0	0	0	0	-6.36795e-05	-0.0972542	-7.59354e-05	-0.0247899	0	0	0	0	-6.36795e-05	-0.0972542	
10.1316	-6.69064e-05	-0.024422	0	0	0	0	-1.93129e-05	-0.0958036	-6.69064e-05	-0.024422	0	0	0	0	-1.93129e-05	-0.0958036	
10.2887	-5.84586e-05	-0.0240643	0	0	0	0	2.24193e-05	-0.094396	-5.84586e-05	-0.0240643	0	0	0	0	2.24193e-05	-0.094396	
10.4458	-5.0559e-05	-0.0237165	0	0	0	0	6.16021e-05	-0.0930295	-5.0559e-05	-0.0237165	0	0	0	0	6.16021e-05	-0.0930295	
10.6029	-4.31759e-05	-0.0233781	0	0	0	0	9.83311e-05	-0.0917023	-4.31759e-05	-0.0233781	0	0	0	0	9.83311e-05	-0.0917023	
10.76	-3.62791e-05	-0.0230489	0	0	0	0	0.000132703	-0.0904126	-3.62791e-05	-0.0230489	0	0	0	0	0.000132703	-0.0904126	
10.917	-2.98399e-05	-0.0227284	0	0	0	0	0.000164819	-0.089159	-2.98399e-05	-0.0227284	0	0	0	0	0.000164819	-0.089159	
11.0741	-2.38308e-05	-0.0224164	0	0	0	0	0.000194782	-0.0879398	-2.38308e-05	-0.0224164	0	0	0	0	0.000194782	-0.0879398	
11.2312	-1.82256e-05	-0.0221124	0	0	0	0	0.000222692	-0.0867537	-1.82256e-05	-0.0221124	0	0	0	0	0.000222692	-0.0867537	
11.3883	-1.30001e-05	-0.0218163	0	0	0	0	0.000248652	-0.0855992	-1.30001e-05	-0.0218163	0	0	0	0	0.000248652	-0.0855992	
11.5454	-8.13059e-06	-0.0215277	0	0	0	0	0.00027276	-0.0844751	-8.13059e-06	-0.0215277	0	0	0	0	0.00027276	-0.0844751	
11.7024	-3.59554e-06	-0.0212464	0	0	0	0	0.000295113	-0.0833803	-3.59554e-06	-0.0212464	0	0	0	0	0.000295113	-0.0833803	
11.8595	6.26256e-07	-0.0209721	0	0	0	0	0.000315805	-0.0823136	6.26256e-07	-0.0209721	0	0	0	0	0.000315805	-0.0823136	
12.0166	4.55389e-06	-0.0207045	0	0	0	0	0.000334928	-0.0812738	4.55389e-06	-0.0207045	0	0	0	0	0.000334928	-0.0812738	
12.1737	8.20597e-06	-0.0204434	0	0	0	0	0.000352568	-0.08026	8.20597e-06	-0.0204434	0	0	0	0	0.000352568	-0.08026	
12.3308	1.15998e-05	-0.0201886	0	0	0	0	0.000368811	-0.0792713	1.15998e-05	-0.0201886	0	0	0	0	0.000368811	-0.0792713	
12.4878	1.47514e-05	-0.0199399	0	0	0	0	0.000383737	-0.0783065	1.47514e-05	-0.0199399	0	0	0	0	0.000383737	-0.0783065	
12.6449	1.76763e-05	-0.0196971	0	0	0	0	0.000397423	-0.077365	1.76763e-05	-0.0196971	0	0	0	0	0.000397423	-0.077365	
12.802	2.03886e-05	-0.0194599	0	0	0	0	0.000409942	-0.0764459	2.03886e-05	-0.0194599	0	0	0	0	0.000409942	-0.0764459	
12.9591	2.29018e-05	-0.0192282	0	0	0	0	0.000421365	-0.0755482	2.29018e-05	-0.0192282	0	0	0	0	0.000421365	-0.0755482	
13.1161	2.52287e-05	-0.0190018	0	0	0	0	0.000431757	-0.0746715	2.52287e-05	-0.0190018	0	0	0	0	0.000431757	-0.0746715	
13.2732	2.73811e-05	-0.0187805	0	0	0	0	0.000441182	-0.0738148	2.73811e-05	-0.0187805	0	0	0	0	0.000441182	-0.0738148	
13.4303	2.93698e-05	-0.0185642	0	0	0	0	0.0004497	-0.0729775	2.93698e-05	-0.0185642	0	0	0	0	0.0004497	-0.0729775	
13.5874	3.12054e-05	-0.0183527	0	0	0	0	0.000457367	-0.0721589	3.12054e-05	-0.0183527	0	0	0	0	0.000457367	-0.0721589	
13.7445	3.28979e-05	-0.0181459	0	0	0	0	0.000464236	-0.0713585	3.28979e-05	-0.0181459	0	0	0	0	0.000464236	-0.0713585	
13.9015	3.4456e-05	-0.0179435	0	0	0	0	0.000470359	-0.0705756	3.4456e-05	-0.0179435	0	0	0	0	0.000470359	-0.0705756	
14.0586	3.58884e-05	-0.0177455	0	0	0	0	0.000475781	-0.0698096	3.58884e-05	-0.0177455	0	0	0	0	0.000475781	-0.0698096	
14.2157	3.72033e-05	-0.0175518	0	0	0	0	0.000480549	-0.06906	3.72033e-05	-0.0175518	0	0	0	0	0.000480549	-0.06906	
14.3728	3.84081e-05	-0.0173621	0	0	0	0	0.000484706	-0.0683263	3.84081e-05	-0.0173621	0	0	0	0	0.000484706	-0.0683263	
14.5299	3.95099e-05	-0.0171764	0	0	0	0	0.00048829	-0.067608	3.95099e-05	-0.0171764	0	0	0	0	0.00048829	-0.067608	
14.6869	4.05152e-05	-0.0169945	0	0	0	0	0.000491338	-0.0669045	4.05152e-05	-0.0169945	0	0	0	0	0.000491338	-0.0669045	
14.844	4.14302e-05	-0.0168164	0	0	0	0	0.000493887	-0.0662154	4.14302e-05	-0.0168164	0	0	0	0	0.000493887	-0.0662154	
15.0011	4.22607e-05	-0.0166419	0	0	0	0	0.000495971	-0.0655404	4.22607e-05	-0.0166419	0	0	0	0	0.000495971	-0.0655404	
15.1582	4.30122e-05	-0.016471	0	0	0	0	0.000497619	-0.064879	4.30122e-05	-0.016471	0	0	0	0	0.000497619	-0.064879	
15.3153	4.36898e-05	-0.0163034	0	0	0	0	0.000498862	-0.0642307	4.36898e-05	-0.0163034	0	0	0	0	0.000498862	-0.0642307	
15.4723	4.42982e-05	-0.0161392	0	0	0	0	0.000499727	-0.0635951	4.42982e-05	-0.0161392	0	0	0	0	0.000499727	-0.0635951	
15.6294	4.48419e-05	-0.0159782	0	0	0	0	0.00050024	-0.062972	4.48419e-05	-0.0159782	0	0	0	0	0.00050024	-0.062972	
15.7865	4.5325e-05	-0.0158203	0	0	0	0	0.000500425	-0.0623609	4.5325e-05	-0.0158203	0	0	0	0	0.000500425	-0.0623609	
15.9436	4.57516e-05	-0.0156655	0	0	0	0	0.000500306	-0.0617615	4.57516e-05	-0.0156655	0	0	0	0	0.000500306	-0.0617615	
16.1007	4.61253e-05	-0.0155136	0	0	0	0	0.000499904	-0.0611735	4.61253e-05	-0.0155136	0	0	0	0	0.000499904	-0.0611735	
16.2577	4.64495e-05	-0.0153646	0	0	0	0	0.000499238	-0.0605964	4.64495e-05	-0.0153646	0	0	0	0	0.000499238	-0.0605964	
16.4148	4.67274e-05	-0.0152184	0	0	0	0	0.000498329	-0.0600301	4.67274e-05	-0.0152184	0	0	0	0	0.000498329	-0.0600301	
16.5719	4.69622e-05	-0.0150749	0	0	0	0	0.000497193	-0.0594743	4.69622e-05	-0.0150749	0	0	0	0	0.000497193	-0.0594743	
16.729	4.71566e-05	-0.0149341	0	0	0	0	0.000495848	-0.0589286	4.71566e-05	-0.0149341	0	0	0	0	0.000495848	-0.0589286	
16.8861	4.73134e-05	-0.0147958	0	0	0	0	0.000494308	-0.0583928	4.73134e-05	-0.0147958	0	0	0	0	0.000494308	-0.0583928	
17.0431	4.7435e-05	-0.01466	0	0	0	0	0.00049259	-0.0578665	4.7435e-05	-0.01466	0	0	0	0	0.00049259	-0.0578665	
17.2002	4.75238e-05	-0.0145267	0	0	0	0	0.000490705	-0.0573496	4.75238e-05	-0.0145267	0	0	0	0	0.000490705	-0.0573496	
17.3573	4.75819e-05	-0.0143958	0	0	0	0	0.000488669	-0.0568419	4.75819e-05	-0.0143958	0	0	0	0	0.000488669	-0.0568419	
17.5144	4.76113e-05	-0.0142672	0	0	0	0	0.000486491	-0.0563429	4.76113e-05	-0.0142672	0	0	0	0	0.000486491	-0.0563429	
17.6715	4.76143e-05	-0.0141408	0	0	0	0	0.000484185	-0.0558526	4.76143e-05	-0.0141408	0	0	0	0	0.000484185	-0.0558526	
17.8285	4.75924e-05	-0.0140166	0	0	0	0	0.00048176	-0.0553708	4.75924e-05	-0.0140166	0	0	0	0	0.00048176	-0.0553708	
17.9856	4.75473e-05	-0.0138946	0	0	0	0	0.000479226	-0.0548971	4.75473e-05	-0.0138946	0	0	0	0	0.000479226	-0.0548971	
18.1427	4.74808e-05	-0.0137746	0	0	0	0	0.000476593	-0.0544315	4.74808e-05	-0.0137746	0	0	0	0	0.000476593	-0.0544315	
18.2998	4.73944e-05	-0.0136567	0	0	0	0	0.000473869	-0.0539736	4.73944e-05	-0.0136567	0	0	0	0	0.000473869	-0.0539736	
18.4569	4.72893e-05	-0.0135407	0	0	0	0	0.000471063	-0.0535233	4.72893e-05	-0.0135407	0	0	0	0	0.000471063	-0.0535233	
18.6139	4.71669e-05	-0.0134267	0	0	0	0	0.000468182	-0.0530804	4.71669e-05	-0.0134267	0	0	0	0	0.000468182	-0.0530804	
18.771	4.70285e-05	-0.0133146	0	0	0	0	0.000465234	-0.0526448	4.70285e-05	-0.0133146	0	0	0	0	0.000465234	-0.0526448	
18.9281	4.68753e-05	-0.0132044	0	0	0	0	0.000462224	-0.0522162	4.68753e-05	-0.0132044	0	0	0	0	0.000462224	-0.0522162	
19.0852	4.67084e-05	-0.0130959	0	0	0	0	0.000459161	-0.0517944	4.67084e-05	-0.0130959	0	0	0	0	0.000459161	-0.0517944	
19.2423	4.65287e-05	-0.0129892	0	0	0	0	0.000456048	-0.0513795	4.65287e-05	-0.0129892	0	0	0	0	0.000456048	-0.0513795	
19.3993	4.63372e-05	-0.0128842	0	0	0	0	0.000452893	-0.0509711	4.63372e-05	-0.0128842	0	0	0	0	0.000452893	-0.0509711	
19.5564	4.61347e-05	-0.0127808	0	0	0	0	0.000449699	-0.050569	4.61347e-05	-0.0127808	0	0	0	0	0.000449699	-0.050569	
19.7135	4.59224e-05	-0.0126791	0	0	0	0	0.000446472	-0.0501732	4.59224e-05	-0.0126791	0	0	0	0	0.000446472	-0.0501732	
19.8706	4.57008e-05	-0.012579	0	0	0	0	0.000443217	-0.0497836	4.57008e-05	-0.012579	0	0	0	0	0.000443217	-0.0497836	
20.0277	4.54708e-05	-0.0124805	0	0	0	0	0.000439937	-0.0494	4.54708e-05	-0.0124805	0	0	0	0	0.000439937	-0.0494	
20.1847	4.52329e-05	-0.0123835	0	0	0	0	0.000436636	-0.0490221	4.52329e-05	-0.0123835	0	0	0	0	0.000436636	-0.0490221	
20.3418	4.49881e-05	-0.0122879	0	0	0	0	0.000433318	-0.04865	4.49881e-05	-0.0122879	0	0	0	0	0.000433318	-0.04865	
20.4989	4.47367e-05	-0.0121938	0	0	0	0	0.000429986	-0.0482834	4.47367e-05	-0.0121938	0	0	0	0	0.000429986	-0.0482834	
20.656	4.44794e-05	-0.0121012	0	0	0	0	0.000426645	-0.0479223	4.44794e-05	-0.0121012	0	0	0	0	0.000426645	-0.0479223	
20.8131	4.42167e-05	-0.0120099	0	0	0	0	0.000423296	-0.0475665	4.42167e-05	-0.0120099	0	0	0	0	0.000423296	-0.0475665	
20.9701	4.39492e-05	-0.01192	0	0	0	0	0.000419942	-0.047216	4.39492e-05	-0.01192	0	0	0	0	0.000419942	-0.047216	
21.1272	4.36774e-05	-0.0118314	0	0	0	0	0.000416587	-0.0468705	4.36774e-05	-0.0118314	0	0	0	0	0.000416587	-0.0468705	
21.2843	4.34016e-05	-0.0117441	0	0	0	0	0.000413231	-0.04653	4.34016e-05	-0.0117441	0	0	0	0	0.000413231	-0.04653	
21.4414	4.31224e-05	-0.0116581	0	0	0	0	0.000409879	-0.0461945	4.31224e-05	-0.0116581	0	0	0	0	0.000409879	-0.0461945	
21.5984	4.284e-05	-0.0115734	0	0	0	0	0.000406531	-0.0458637	4.284e-05	-0.0115734	0	0	0	0	0.000406531	-0.0458637	
21.7555	4.2555e-05	-0.0114898	0	0	0	0	0.000403189	-0.0455376	4.2555e-05	-0.0114898	0	0	0	0	0.000403189	-0.0455376	
21.9126	4.22675e-05	-0.0114075	0	0	0	0	0.000399856	-0.045216	4.22675e-05	-0.0114075	0	0	0	0	0.000399856	-0.045216	
22.0697	4.1978e-05	-0.0113263	0	0	0	0	0.000396533	-0.044899	4.1978e-05	-0.0113263	0	0	0	0	0.000396533	-0.044899	
22.2268	4.16869e-05	-0.0112462	0	0	0	0	0.000393221	-0.0445863	4.16869e-05	-0.0112462	0	0	0	0	0.000393221	-0.0445863	
22.3838	4.13941e-05	-0.0111673	0	0	0	0	0.000389923	-0.0442779	4.13941e-05	-0.0111673	0	0	0	0	0.000389923	-0.0442779	
22.5409	4.11003e-05	-0.0110895	0	0	0	0	0.000386638	-0.0439738	4.11003e-05	-0.0110895	0	0	0	0	0.000386638	-0.0439738	
22.698	4.08055e-05	-0.0110127	0	0	0	0	0.000383369	-0.0436738	4.08055e-05	-0.0110127	0	0	0	0	0.000383369	-0.0436738	
22.8551	4.051e-05	-0.010937	0	0	0	0	0.000380116	-0.0433778	4.051e-05	-0.010937	0	0	0	0	0.000380116	-0.0433778	
23.0122	4.0214e-05	-0.0108623	0	0	0	0	0.000376882	-0.0430858	4.0214e-05	-0.0108623	0	0	0	0	0.000376882	-0.0430858	
23.1692	3.99177e-05	-0.0107887	0	0	0	0	0.000373665	-0.0427977	3.99177e-05	-0.0107887	0	0	0	0	0.000373665	-0.0427977	
23.3263	3.96214e-05	-0.010716	0	0	0	0	0.000370469	-0.0425134	3.96214e-05	-0.010716	0	0	0	0	0.000370469	-0.0425134	
23.4834	3.93252e-05	-0.0106443	0	0	0	0	0.000367292	-0.0422328	3.93252e-05	-0.0106443	0	0	0	0	0.000367292	-0.0422328	
23.6405	3.90292e-05	-0.0105735	0	0	0	0	0.000364136	-0.0419559	3.90292e-05	-0.0105735	0	0	0	0	0.000364136	-0.0419559	
23.7976	3.87337e-05	-0.0105037	0	0	0	0	0.000361002	-0.0416826	3.87337e-05	-0.0105037	0	0	0	0	0.000361002	-0.0416826	
23.9546	3.84387e-05	-0.0104348	0	0	0	0	0.00035789	-0.0414128	3.84387e-05	-0.0104348	0	0	0	0	0.00035789	-0.0414128	
24.1117	3.81444e-05	-0.0103668	0	0	0	0	0.000354801	-0.0411464	3.81444e-05	-0.0103668	0	0	0	0	0.000354801	-0.0411464	
24.2688	3.78509e-05	-0.0102996	0	0	0	0	0.000351735	-0.0408834	3.78509e-05	-0.0102996	0	0	0	0	0.000351735	-0.0408834	
24.4259	3.75584e-05	-0.0102333	0	0	0	0	0.000348692	-0.0406238	3.75584e-05	-0.0102333	0	0	0	0	0.000348692	-0.0406238	
24.583	3.72669e-05	-0.0101679	0	0	0	0	0.000345674	-0.0403674	3.72669e-05	-0.0101679	0	0	0	0	0.000345674	-0.0403674	
24.74	3.69767e-05	-0.0101033	0	0	0	0	0.00034268	-0.0401143	3.69767e-05	-0.0101033	0	0	0	0	0.00034268	-0.0401143	
24.8971	3.66876e-05	-0.0100395	0	0	0	0	0.00033971	-0.0398642	3.66876e-05	-0.0100395	0	0	0	0	0.00033971	-0.0398642	
25.0542	3.63999e-05	-0.00997654	0	0	0	0	0.000336765	-0.0396173	3.63999e-05	-0.00997654	0	0	0	0	0.000336765	-0.0396173	
25.2113	3.61136e-05	-0.00991433	0	0	0	0	0.000333846	-0.0393733	3.61136e-05	-0.00991433	0	0	0	0	0.000333846	-0.0393733	
25.3684	3.58287e-05	-0.0098529	0	0	0	0	0.000330951	-0.0391324	3.58287e-05	-0.0098529	0	0	0	0	0.000330951	-0.0391324	
25.5254	3.55455e-05	-0.0097922	0	0	0	0	0.000328083	-0.0388943	3.55455e-05	-0.0097922	0	0	0	0	0.000328083	-0.0388943	
25.6825	3.52638e-05	-0.00973228	0	0	0	0	0.000325239	-0.0386592	3.52638e-05	-0.00973228	0	0	0	0	0.000325239	-0.0386592	
25.8396	3.49839e-05	-0.00967307	0	0	0	0	0.000322422	-0.0384268	3.49839e-05	-0.00967307	0	0	0	0	0.000322422	-0.0384268	
25.9967	3.47057e-05	-0.00961456	0	0	0	0	0.00031963	-0.0381973	3.47057e-05	-0.00961456	0	0	0	0	0.00031963	-0.0381973	
26.1538	3.44292e-05	-0.00955677	0	0	0	0	0.000316864	-0.0379704	3.44292e-05	-0.00955677	0	0	0	0	0.000316864	-0.0379704	
26.3108	3.41547e-05	-0.00949965	0	0	0	0	0.000314124	-0.0377462	3.41547e-05	-0.00949965	0	0	0	0	0.000314124	-0.0377462	
26.4679	3.38819e-05	-0.00944324	0	0	0	0	0.00031141	-0.0375246	3.38819e-05	-0.00944324	0	0	0	0	0.00031141	-0.0375246	
26.625	3.36111e-05	-0.00938746	0	0	0	0	0.000308722	-0.0373056	3.36111e-05	-0.00938746	0	0	0	0	0.000308722	-0.0373056	
26.7821	3.33421e-05	-0.00933235	0	0	0	0	0.000306059	-0.0370891	3.33421e-05	-0.00933235	0	0	0	0	0.000306059	-0.0370891	
26.9392	3.30752e-05	-0.00927789	0	0	0	0	0.000303422	-0.0368751	3.30752e-05	-0.00927789	0	0	0	0	0.000303422	-0.0368751	
27.0962	3.28102e-05	-0.00922406	0	0	0	0	0.000300812	-0.0366636	3.28102e-05	-0.00922406	0	0	0	0	0.000300812	-0.0366636	
27.2533	3.25472e-05	-0.00917084	0	0	0	0	0.000298226	-0.0364545	3.25472e-05	-0.00917084	0	0	0	0	0.000298226	-0.0364545	
27.4104	3.22864e-05	-0.00911823	0	0	0	0	0.000295666	-0.0362476	3.22864e-05	-0.00911823	0	0	0	0	0.000295666	-0.0362476	
27.5675	3.20275e-05	-0.00906622	0	0	0	0	0.000293132	-0.0360431	3.20275e-05	-0.00906622	0	0	0	0	0.000293132	-0.0360431	
27.7246	3.17707e-05	-0.0090148	0	0	0	0	0.000290624	-0.035841	3.17707e-05	-0.0090148	0	0	0	0	0.000290624	-0.035841	
27.8816	3.15159e-05	-0.00896396	0	0	0	0	0.00028814	-0.0356411	3.15159e-05	-0.00896396	0	0	0	0	0.00028814	-0.0356411	
28.0387	3.12634e-05	-0.00891369	0	0	0	0	0.000285681	-0.0354433	3.12634e-05	-0.00891369	0	0	0	0	0.000285681	-0.0354433	
28.1958	3.10128e-05	-0.00886398	0	0	0	0	0.000283247	-0.0352478	3.10128e-05	-0.00886398	0	0	0	0	0.000283247	-0.0352478	
28.3529	3.07645e-05	-0.00881482	0	0	0	0	0.000280839	-0.0350544	3.07645e-05	-0.00881482	0	0	0	0	0.000280839	-0.0350544	
28.51	3.05182e-05	-0.00876621	0	0	0	0	0.000278454	-0.0348631	3.05182e-05	-0.00876621	0	0	0	0	0.000278454	-0.0348631	
28.667	3.02739e-05	-0.00871813	0	0	0	0	0.000276095	-0.0346739	3.02739e-05	-0.00871813	0	0	0	0	0.000276095	-0.0346739	
28.8241	3.00319e-05	-0.00867055	0	0	0	0	0.000273759	-0.0344867	3.00319e-05	-0.00867055	0	0	0	0	0.000273759	-0.0344867	
28.9812	2.97919e-05	-0.00862351	0	0	0	0	0.000271448	-0.0343015	2.97919e-05	-0.00862351	0	0	0	0	0.000271448	-0.0343015	
29.1383	2.9554e-05	-0.00857697	0	0	0	0	0.000269161	-0.0341183	2.9554e-05	-0.00857697	0	0	0	0	0.000269161	-0.0341183	
29.2954	2.93183e-05	-0.00853095	0	0	0	0	0.000266898	-0.033937	2.93183e-05	-0.00853095	0	0	0	0	0.000266898	-0.033937	
29.4524	2.90848e-05	-0.00848539	0	0	0	0	0.000264658	-0.0337576	2.90848e-05	-0.00848539	0	0	0	0	0.000264658	-0.0337576	
29.6095	2.88533e-05	-0.00844034	0	0	0	0	0.000262441	-0.03358	2.88533e-05	-0.00844034	0	0	0	0	0.000262441	-0.03358	
29.7666	2.86239e-05	-0.00839574	0	0	0	0	0.000260248	-0.0334044	2.86239e-05	-0.00839574	0	0	0	0	0.000260248	-0.0334044	
29.9237	2.83966e-05	-0.00835161	0	0	0	0	0.000258077	-0.0332306	2.83966e-05	-0.00835161	0	0	0	0	0.000258077	-0.0332306	
30.0807	2.81713e-05	-0.00830796	0	0	0	0	0.00025593	-0.0330586	2.81713e-05	-0.00830796	0	0	0	0	0.00025593	-0.0330586	
30.2378	2.79483e-05	-0.00826475	0	0	0	0	0.000253805	-0.0328883	2.79483e-05	-0.00826475	0	0	0	0	0.000253805	-0.0328883	
30.3949	2.77272e-05	-0.00822199	0	0	0	0	0.000251702	-0.0327198	2.77272e-05	-0.00822199	0	0	0	0	0.000251702	-0.0327198	
30.552	2.75082e-05	-0.00817967	0	0	0	0	0.000249622	-0.032553	2.75082e-05	-0.00817967	0	0	0	0	0.000249622	-0.032553	
30.7091	2.72912e-05	-0.00813777	0	0	0	0	0.000247563	-0.0323878	2.72912e-05	-0.00813777	0	0	0	0	0.000247563	-0.0323878	
30.8661	2.70763e-05	-0.00809633	0	0	0	0	0.000245526	-0.0322244	2.70763e-05	-0.00809633	0	0	0	0	0.000245526	-0.0322244	
31.0232	2.68634e-05	-0.00805528	0	0	0	0	0.000243511	-0.0320625	2.68634e-05	-0.00805528	0	0	0	0	0.000243511	-0.0320625	
31.1803	2.66526e-05	-0.00801466	0	0	0	0	0.000241517	-0.0319023	2.66526e-05	-0.00801466	0	0	0	0	0.000241517	-0.0319023	
31.3374	2.64438e-05	-0.00797445	0	0	0	0	0.000239544	-0.0317437	2.64438e-05	-0.00797445	0	0	0	0	0.000239544	-0.0317437	
31.4945	2.62369e-05	-0.00793462	0	0	0	0	0.000237592	-0.0315866	2.62369e-05	-0.00793462	0	0	0	0	0.000237592	-0.0315866	
31.6515	2.6032e-05	-0.0078952	0	0	0	0	0.00023566	-0.031431	2.6032e-05	-0.0078952	0	0	0	0	0.00023566	-0.031431	
31.8086	2.5829e-05	-0.00785616	0	0	0	0	0.000233749	-0.031277	2.5829e-05	-0.00785616	0	0	0	0	0.000233749	-0.031277	
31.9657	2.56281e-05	-0.00781752	0	0	0	0	0.000231859	-0.0311246	2.56281e-05	-0.00781752	0	0	0	0	0.000231859	-0.0311246	
32.1228	2.5429e-05	-0.00777926	0	0	0	0	0.000229988	-0.0309735	2.5429e-05	-0.00777926	0	0	0	0	0.000229988	-0.0309735	
32.2799	2.5232e-05	-0.00774135	0	0	0	0	0.000228137	-0.0308239	2.5232e-05	-0.00774135	0	0	0	0	0.000228137	-0.0308239	
32.4369	2.50367e-05	-0.00770382	0	0	0	0	0.000226305	-0.0306758	2.50367e-05	-0.00770382	0	0	0	0	0.000226305	-0.0306758	
32.594	2.48434e-05	-0.00766665	0	0	0	0	0.000224493	-0.030529	2.48434e-05	-0.00766665	0	0	0	0	0.000224493	-0.030529	
32.7511	2.46519e-05	-0.00762984	0	0	0	0	0.000222701	-0.0303837	2.46519e-05	-0.00762984	0	0	0	0	0.000222701	-0.0303837	
32.9082	2.44624e-05	-0.00759339	0	0	0	0	0.000220926	-0.0302397	2.44624e-05	-0.00759339	0	0	0	0	0.000220926	-0.0302397	
33.0653	2.42746e-05	-0.00755727	0	0	0	0	0.000219171	-0.0300971	2.42746e-05	-0.00755727	0	0	0	0	0.000219171	-0.0300971	
33.2223	2.40888e-05	-0.00752149	0	0	0	0	0.000217434	-0.0299558	2.40888e-05	-0.00752149	0	0	0	0	0.000217434	-0.0299558	
33.3794	2.39046e-05	-0.00748606	0	0	0	0	0.000215716	-0.0298158	2.39046e-05	-0.00748606	0	0	0	0	0.000215716	-0.0298158	
33.5365	2.37223e-05	-0.00745097	0	0	0	0	0.000214016	-0.0296772	2.37223e-05	-0.00745097	0	0	0	0	0.000214016	-0.0296772	
33.6936	2.35419e-05	-0.00741619	0	0	0	0	0.000212333	-0.0295398	2.35419e-05	-0.00741619	0	0	0	0	0.000212333	-0.0295398	
33.8507	2.3363e-05	-0.00738173	0	0	0	0	0.000210668	-0.0294037	2.3363e-05	-0.00738173	0	0	0	0	0.000210668	-0.0294037	
34.0077	2.31861e-05	-0.00734759	0	0	0	0	0.000209021	-0.0292688	2.31861e-05	-0.00734759	0	0	0	0	0.000209021	-0.0292688	
34.1648	2.30107e-05	-0.00731378	0	0	0	0	0.00020739	-0.0291351	2.30107e-05	-0.00731378	0	0	0	0	0.00020739	-0.0291351	
34.3219	2.28372e-05	-0.00728027	0	0	0	0	0.000205777	-0.0290027	2.28372e-05	-0.00728027	0	0	0	0	0.000205777	-0.0290027	
34.479	2.26654e-05	-0.00724707	0	0	0	0	0.000204182	-0.0288714	2.26654e-05	-0.00724707	0	0	0	0	0.000204182	-0.0288714	
34.6361	2.24951e-05	-0.00721416	0	0	0	0	0.000202602	-0.0287414	2.24951e-05	-0.00721416	0	0	0	0	0.000202602	-0.0287414	
34.7931	2.23267e-05	-0.00718156	0	0	0	0	0.000201039	-0.0286125	2.23267e-05	-0.00718156	0	0	0	0	0.000201039	-0.0286125	
34.9502	2.21598e-05	-0.00714924	0	0	0	0	0.000199493	-0.0284847	2.21598e-05	-0.00714924	0	0	0	0	0.000199493	-0.0284847	
35.1073	2.19946e-05	-0.00711722	0	0	0	0	0.000197962	-0.0283581	2.19946e-05	-0.00711722	0	0	0	0	0.000197962	-0.0283581	
35.2644	2.18309e-05	-0.00708549	0	0	0	0	0.000196447	-0.0282325	2.18309e-05	-0.00708549	0	0	0	0	0.000196447	-0.0282325	
35.4215	2.16688e-05	-0.00705403	0	0	0	0	0.000194948	-0.0281082	2.16688e-05	-0.00705403	0	0	0	0	0.000194948	-0.0281082	
35.5785	2.15085e-05	-0.00702286	0	0	0	0	0.000193465	-0.0279849	2.15085e-05	-0.00702286	0	0	0	0	0.000193465	-0.0279849	
35.7356	2.13496e-05	-0.00699195	0	0	0	0	0.000191997	-0.0278626	2.13496e-05	-0.00699195	0	0	0	0	0.000191997	-0.0278626	
35.8927	2.11923e-05	-0.00696131	0	0	0	0	0.000190544	-0.0277414	2.11923e-05	-0.00696131	0	0	0	0	0.000190544	-0.0277414	
36.0498	2.10364e-05	-0.00693095	0	0	0	0	0.000189106	-0.0276213	2.10364e-05	-0.00693095	0	0	0	0	0.000189106	-0.0276213	
36.2069	2.08821e-05	-0.00690085	0	0	0	0	0.000187683	-0.0275022	2.08821e-05	-0.00690085	0	0	0	0	0.000187683	-0.0275022	
36.3639	2.07293e-05	-0.00687101	0	0	0	0	0.000186274	-0.0273841	2.07293e-05	-0.00687101	0	0	0	0	0.000186274	-0.0273841	
36.521	2.05781e-05	-0.00684143	0	0	0	0	0.000184881	-0.027267	2.05781e-05	-0.00684143	0	0	0	0	0.000184881	-0.027267	
36.6781	2.04283e-05	-0.0068121	0	0	0	0	0.000183501	-0.027151	2.04283e-05	-0.0068121	0	0	0	0	0.000183501	-0.027151	
36.8352	2.02799e-05	-0.00678301	0	0	0	0	0.000182135	-0.0270358	2.02799e-05	-0.00678301	0	0	0	0	0.000182135	-0.0270358	
36.9923	2.0133e-05	-0.00675419	0	0	0	0	0.000180784	-0.0269217	2.0133e-05	-0.00675419	0	0	0	0	0.000180784	-0.0269217	
37.1493	1.99875e-05	-0.0067256	0	0	0	0	0.000179445	-0.0268085	1.99875e-05	-0.0067256	0	0	0	0	0.000179445	-0.0268085	
37.3064	1.98435e-05	-0.00669725	0	0	0	0	0.000178122	-0.0266963	1.98435e-05	-0.00669725	0	0	0	0	0.000178122	-0.0266963	
37.4635	1.97008e-05	-0.00666913	0	0	0	0	0.000176811	-0.0265851	1.97008e-05	-0.00666913	0	0	0	0	0.000176811	-0.0265851	
37.6206	1.95595e-05	-0.00664126	0	0	0	0	0.000175514	-0.0264747	1.95595e-05	-0.00664126	0	0	0	0	0.000175514	-0.0264747	
37.7777	1.94195e-05	-0.00661362	0	0	0	0	0.000174229	-0.0263652	1.94195e-05	-0.00661362	0	0	0	0	0.000174229	-0.0263652	
37.9347	1.92809e-05	-0.0065862	0	0	0	0	0.000172957	-0.0262566	1.92809e-05	-0.0065862	0	0	0	0	0.000172957	-0.0262566	
38.0918	1.91436e-05	-0.00655901	0	0	0	0	0.000171699	-0.026149	1.91436e-05	-0.00655901	0	0	0	0	0.000171699	-0.026149	
38.2489	1.90078e-05	-0.00653205	0	0	0	0	0.000170453	-0.0260422	1.90078e-05	-0.00653205	0	0	0	0	0.000170453	-0.0260422	
38.406	1.8873e-05	-0.00650532	0	0	0	0	0.000169219	-0.0259362	1.8873e-05	-0.00650532	0	0	0	0	0.000169219	-0.0259362	
38.563	1.87397e-05	-0.00647878	0	0	0	0	0.000167998	-0.0258312	1.87397e-05	-0.00647878	0	0	0	0	0.000167998	-0.0258312	
38.7201	1.86077e-05	-0.00645247	0	0	0	0	0.000166789	-0.0257269	1.86077e-05	-0.00645247	0	0	0	0	0.000166789	-0.0257269	
38.8772	1.84769e-05	-0.00642637	0	0	0	0	0.000165593	-0.0256235	1.84769e-05	-0.00642637	0	0	0	0	0.000165593	-0.0256235	
39.0343	1.83473e-05	-0.00640049	0	0	0	0	0.000164408	-0.025521	1.83473e-05	-0.00640049	0	0	0	0	0.000164408	-0.025521	
39.1914	1.82191e-05	-0.00637481	0	0	0	0	0.000163235	-0.0254192	1.82191e-05	-0.00637481	0	0	0	0	0.000163235	-0.0254192	
39.3484	1.80919e-05	-0.00634934	0	0	0	0	0.000162073	-0.0253183	1.80919e-05	-0.00634934	0	0	0	0	0.000162073	-0.0253183	
39.5055	1.79661e-05	-0.00632406	0	0	0	0	0.000160923	-0.0252181	1.79661e-05	-0.00632406	0	0	0	0	0.000160923	-0.0252181	
39.6626	1.78414e-05	-0.00629898	0	0	0	0	0.000159785	-0.0251187	1.78414e-05	-0.00629898	0	0	0	0	0.000159785	-0.0251187	
39.8197	1.77179e-05	-0.00627413	0	0	0	0	0.000158657	-0.0250202	1.77179e-05	-0.00627413	0	0	0	0	0.000158657	-0.0250202	
39.9768	1.75956e-05	-0.00624945	0	0	0	0	0.000157541	-0.0249224	1.75956e-05	-0.00624945	0	0	0	0	0.000157541	-0.0249224	
40.1338	1.74744e-05	-0.00622497	0	0	0	0	0.000156436	-0.0248254	1.74744e-05	-0.00622497	0	0	0	0	0.000156436	-0.0248254	
40.2909	1.73543e-05	-0.00620067	0	0	0	0	0.000155341	-0.024729	1.73543e-05	-0.00620067	0	0	0	0	0.000155341	-0.024729	
40.448	1.72354e-05	-0.00617657	0	0	0	0	0.000154257	-0.0246335	1.72354e-05	-0.00617657	0	0	0	0	0.000154257	-0.0246335	
40.6051	1.71177e-05	-0.00615265	0	0	0	0	0.000153184	-0.0245386	1.71177e-05	-0.00615265	0	0	0	0	0.000153184	-0.0245386	
40.7622	1.7001e-05	-0.00612892	0	0	0	0	0.000152121	-0.0244445	1.7001e-05	-0.00612892	0	0	0	0	0.000152121	-0.0244445	
40.9192	1.68854e-05	-0.00610537	0	0	0	0	0.000151069	-0.0243512	1.68854e-05	-0.00610537	0	0	0	0	0.000151069	-0.0243512	
41.0763	1.67709e-05	-0.006082	0	0	0	0	0.000150026	-0.0242585	1.67709e-05	-0.006082	0	0	0	0	0.000150026	-0.0242585	
41.2334	1.66575e-05	-0.00605881	0	0	0	0	0.000148994	-0.0241665	1.66575e-05	-0.00605881	0	0	0	0	0.000148994	-0.0241665	
41.3905	1.65451e-05	-0.00603578	0	0	0	0	0.000147972	-0.0240752	1.65451e-05	-0.00603578	0	0	0	0	0.000147972	-0.0240752	
41.5476	1.64338e-05	-0.00601295	0	0	0	0	0.000146959	-0.0239847	1.64338e-05	-0.00601295	0	0	0	0	0.000146959	-0.0239847	
41.7046	1.63235e-05	-0.00599028	0	0	0	0	0.000145956	-0.0238947	1.63235e-05	-0.00599028	0	0	0	0	0.000145956	-0.0238947	
41.8617	1.62142e-05	-0.00596778	0	0	0	0	0.000144963	-0.0238055	1.62142e-05	-0.00596778	0	0	0	0	0.000144963	-0.0238055	
42.0188	1.6106e-05	-0.00594545	0	0	0	0	0.00014398	-0.0237169	1.6106e-05	-0.00594545	0	0	0	0	0.00014398	-0.0237169	
42.1759	1.59987e-05	-0.00592329	0	0	0	0	0.000143006	-0.023629	1.59987e-05	-0.00592329	0	0	0	0	0.000143006	-0.023629	
42.333	1.58924e-05	-0.00590128	0	0	0	0	0.00014204	-0.0235417	1.58924e-05	-0.00590128	0	0	0	0	0.00014204	-0.0235417	
42.49	1.57871e-05	-0.00587945	0	0	0	0	0.000141084	-0.0234551	1.57871e-05	-0.00587945	0	0	0	0	0.000141084	-0.0234551	
42.6471	1.56829e-05	-0.00585778	0	0	0	0	0.000140138	-0.0233691	1.56829e-05	-0.00585778	0	0	0	0	0.000140138	-0.0233691	
42.8042	1.55794e-05	-0.00583627	0	0	0	0	0.0001392	-0.0232837	1.55794e-05	-0.00583627	0	0	0	0	0.0001392	-0.0232837	
42.9613	1.5477e-05	-0.00581491	0	0	0	0	0.000138271	-0.0231989	1.5477e-05	-0.00581491	0	0	0	0	0.000138271	-0.0231989	
43.1184	1.53755e-05	-0.0057937	0	0	0	0	0.00013735	-0.0231148	1.53755e-05	-0.0057937	0	0	0	0	0.00013735	-0.0231148	
43.2754	1.5275e-05	-0.00577266	0	0	0	0	0.000136439	-0.0230312	1.5275e-05	-0.00577266	0	0	0	0	0.000136439	-0.0230312	
43.4325	1.51753e-05	-0.00575175	0	0	0	0	0.000135536	-0.0229483	1.51753e-05	-0.00575175	0	0	0	0	0.000135536	-0.0229483	
43.5896	1.50766e-05	-0.00573101	0	0	0	0	0.000134641	-0.022866	1.50766e-05	-0.00573101	0	0	0	0	0.000134641	-0.022866	
43.7467	1.49787e-05	-0.00571042	0	0	0	0	0.000133754	-0.0227842	1.49787e-05	-0.00571042	0	0	0	0	0.000133754	-0.0227842	
43.9038	1.48818e-05	-0.00568995	0	0	0	0	0.000132876	-0.022703	1.48818e-05	-0.00568995	0	0	0	0	0.000132876	-0.022703	
44.0608	1.47857e-05	-0.00566967	0	0	0	0	0.000132006	-0.0226225	1.47857e-05	-0.00566967	0	0	0	0	0.000132006	-0.0226225	
44.2179	1.46904e-05	-0.00564951	0	0	0	0	0.000131145	-0.0225424	1.46904e-05	-0.00564951	0	0	0	0	0.000131145	-0.0225424	
44.375	1.4596e-05	-0.00562948	0	0	0	0	0.00013029	-0.0224629	1.4596e-05	-0.00562948	0	0	0	0	0.00013029	-0.0224629	
44.5321	1.45025e-05	-0.00560962	0	0	0	0	0.000129444	-0.022384	1.45025e-05	-0.00560962	0	0	0	0	0.000129444	-0.022384	
44.6892	1.44099e-05	-0.00558988	0	0	0	0	0.000128606	-0.0223057	1.44099e-05	-0.00558988	0	0	0	0	0.000128606	-0.0223057	
44.8462	1.4318e-05	-0.00557028	0	0	0	0	0.000127776	-0.0222279	1.4318e-05	-0.00557028	0	0	0	0	0.000127776	-0.0222279	
45.0033	1.42269e-05	-0.00555082	0	0	0	0	0.000126952	-0.0221506	1.42269e-05	-0.00555082	0	0	0	0	0.000126952	-0.0221506	
45.1604	1.41366e-05	-0.00553151	0	0	0	0	0.000126137	-0.0220739	1.41366e-05	-0.00553151	0	0	0	0	0.000126137	-0.0220739	
45.3175	1.40472e-05	-0.00551231	0	0	0	0	0.000125328	-0.0219977	1.40472e-05	-0.00551231	0	0	0	0	0.000125328	-0.0219977	
45.4746	1.39586e-05	-0.00549324	0	0	0	0	0.000124528	-0.021922	1.39586e-05	-0.00549324	0	0	0	0	0.000124528	-0.021922	
45.6316	1.38708e-05	-0.00547433	0	0	0	0	0.000123734	-0.0218468	1.38708e-05	-0.00547433	0	0	0	0	0.000123734	-0.0218468	
45.7887	1.37836e-05	-0.00545553	0	0	0	0	0.000122947	-0.0217722	1.37836e-05	-0.00545553	0	0	0	0	0.000122947	-0.0217722	
45.9458	1.36973e-05	-0.00543687	0	0	0	0	0.000122168	-0.021698	1.36973e-05	-0.00543687	0	0	0	0	0.000122168	-0.021698	
46.1029	1.36118e-05	-0.00541833	0	0	0	0	0.000121396	-0.0216244	1.36118e-05	-0.00541833	0	0	0	0	0.000121396	-0.0216244	
46.26	1.3527e-05	-0.0053999	0	0	0	0	0.000120631	-0.0215512	1.3527e-05	-0.0053999	0	0	0	0	0.000120631	-0.0215512	
46.417	1.34429e-05	-0.00538162	0	0	0	0	0.000119872	-0.0214785	1.34429e-05	-0.00538162	0	0	0	0	0.000119872	-0.0214785	
46.5741	1.33596e-05	-0.00536346	0	0	0	0	0.00011912	-0.0214064	1.33596e-05	-0.00536346	0	0	0	0	0.00011912	-0.0214064	
46.7312	1.32769e-05	-0.00534542	0	0	0	0	0.000118375	-0.0213347	1.32769e-05	-0.00534542	0	0	0	0	0.000118375	-0.0213347	
46.8883	1.3195e-05	-0.00532749	0	0	0	0	0.000117636	-0.0212635	1.3195e-05	-0.00532749	0	0	0	0	0.000117636	-0.0212635	
47.0453	1.31138e-05	-0.00530968	0	0	0	0	0.000116905	-0.0211928	1.31138e-05	-0.00530968	0	0	0	0	0.000116905	-0.0211928	
47.2024	1.30334e-05	-0.005292	0	0	0	0	0.000116179	-0.0211225	1.30334e-05	-0.005292	0	0	0	0	0.000116179	-0.0211225	
47.3595	1.29536e-05	-0.00527444	0	0	0	0	0.00011546	-0.0210527	1.29536e-05	-0.00527444	0	0	0	0	0.00011546	-0.0210527	
47.5166	1.28745e-05	-0.005257	0	0	0	0	0.000114747	-0.0209833	1.28745e-05	-0.005257	0	0	0	0	0.000114747	-0.0209833	
47.6737	1.27961e-05	-0.00523966	0	0	0	0	0.000114041	-0.0209145	1.27961e-05	-0.00523966	0	0	0	0	0.000114041	-0.0209145	
47.8307	1.27183e-05	-0.00522243	0	0	0	0	0.00011334	-0.020846	1.27183e-05	-0.00522243	0	0	0	0	0.00011334	-0.020846	
47.9878	1.26412e-05	-0.00520533	0	0	0	0	0.000112647	-0.020778	1.26412e-05	-0.00520533	0	0	0	0	0.000112647	-0.020778	
48.1449	1.25648e-05	-0.00518834	0	0	0	0	0.000111958	-0.0207105	1.25648e-05	-0.00518834	0	0	0	0	0.000111958	-0.0207105	
48.302	1.2489e-05	-0.00517144	0	0	0	0	0.000111276	-0.0206433	1.2489e-05	-0.00517144	0	0	0	0	0.000111276	-0.0206433	
48.4591	1.24139e-05	-0.00515467	0	0	0	0	0.0001106	-0.0205767	1.24139e-05	-0.00515467	0	0	0	0	0.0001106	-0.0205767	
48.6161	1.23394e-05	-0.005138	0	0	0	0	0.00010993	-0.0205104	1.23394e-05	-0.005138	0	0	0	0	0.00010993	-0.0205104	
48.7732	1.22655e-05	-0.00512145	0	0	0	0	0.000109265	-0.0204446	1.22655e-05	-0.00512145	0	0	0	0	0.000109265	-0.0204446	
48.9303	1.21923e-05	-0.00510499	0	0	0	0	0.000108606	-0.0203792	1.21923e-05	-0.00510499	0	0	0	0	0.000108606	-0.0203792	
49.0874	1.21197e-05	-0.00508864	0	0	0	0	0.000107953	-0.0203142	1.21197e-05	-0.00508864	0	0	0	0	0.000107953	-0.0203142	
49.2445	1.20476e-05	-0.0050724	0	0	0	0	0.000107305	-0.0202496	1.20476e-05	-0.0050724	0	0	0	0	0.000107305	-0.0202496	
49.4015	1.19762e-05	-0.00505625	0	0	0	0	0.000106663	-0.0201855	1.19762e-05	-0.00505625	0	0	0	0	0.000106663	-0.0201855	
49.5586	1.19054e-05	-0.00504021	0	0	0	0	0.000106026	-0.0201217	1.19054e-05	-0.00504021	0	0	0	0	0.000106026	-0.0201217	
49.7157	1.18352e-05	-0.00502428	0	0	0	0	0.000105395	-0.0200583	1.18352e-05	-0.00502428	0	0	0	0	0.000105395	-0.0200583	
49.8728	1.17656e-05	-0.00500844	0	0	0	0	0.000104769	-0.0199954	1.17656e-05	-0.00500844	0	0	0	0	0.000104769	-0.0199954	
50.0299	1.16965e-05	-0.0049927	0	0	0	0	0.000104149	-0.0199328	1.16965e-05	-0.0049927	0	0	0	0	0.000104149	-0.0199328	
50.1869	1.1628e-05	-0.00497706	0	0	0	0	0.000103534	-0.0198706	1.1628e-05	-0.00497706	0	0	0	0	0.000103534	-0.0198706	
50.344	1.15601e-05	-0.00496153	0	0	0	0	0.000102923	-0.0198088	1.15601e-05	-0.00496153	0	0	0	0	0.000102923	-0.0198088	
50.5011	1.14928e-05	-0.00494608	0	0	0	0	0.000102319	-0.0197474	1.14928e-05	-0.00494608	0	0	0	0	0.000102319	-0.0197474	
50.6582	1.14259e-05	-0.00493073	0	0	0	0	0.000101719	-0.0196864	1.14259e-05	-0.00493073	0	0	0	0	0.000101719	-0.0196864	
50.8153	1.13597e-05	-0.00491549	0	0	0	0	0.000101124	-0.0196257	1.13597e-05	-0.00491549	0	0	0	0	0.000101124	-0.0196257	
50.9723	1.1294e-05	-0.00490033	0	0	0	0	0.000100534	-0.0195654	1.1294e-05	-0.00490033	0	0	0	0	0.000100534	-0.0195654	
51.1294	1.12288e-05	-0.00488526	0	0	0	0	9.99489e-05	-0.0195055	1.12288e-05	-0.00488526	0	0	0	0	9.99489e-05	-0.0195055	
51.2865	1.11642e-05	-0.00487028	0	0	0	0	9.93685e-05	-0.019446	1.11642e-05	-0.00487028	0	0	0	0	9.93685e-05	-0.019446	
51.4436	1.11001e-05	-0.0048554	0	0	0	0	9.87934e-05	-0.0193868	1.11001e-05	-0.0048554	0	0	0	0	9.87934e-05	-0.0193868	
51.6007	1.10365e-05	-0.00484061	0	0	0	0	9.82229e-05	-0.0193279	1.10365e-05	-0.00484061	0	0	0	0	9.82229e-05	-0.0193279	
51.7577	1.09734e-05	-0.0048259	0	0	0	0	9.76566e-05	-0.0192694	1.09734e-05	-0.0048259	0	0	0	0	9.76566e-05	-0.0192694	
51.9148	1.09108e-05	-0.00481129	0	0	0	0	9.70955e-05	-0.0192113	1.09108e-05	-0.00481129	0	0	0	0	9.70955e-05	-0.0192113	
52.0719	1.08488e-05	-0.00479678	0	0	0	0	9.6539e-05	-0.0191535	1.08488e-05	-0.00479678	0	0	0	0	9.6539e-05	-0.0191535	
52.229	1.07872e-05	-0.00478234	0	0	0	0	9.5987e-05	-0.0190961	1.07872e-05	-0.00478234	0	0	0	0	9.5987e-05	-0.0190961	
52.3861	1.07261e-05	-0.00476799	0	0	0	0	9.54397e-05	-0.019039	1.07261e-05	-0.00476799	0	0	0	0	9.54397e-05	-0.019039	
52.5431	1.06656e-05	-0.00475372	0	0	0	0	9.48964e-05	-0.0189823	1.06656e-05	-0.00475372	0	0	0	0	9.48964e-05	-0.0189823	
52.7002	1.06055e-05	-0.00473954	0	0	0	0	9.43577e-05	-0.0189259	1.06055e-05	-0.00473954	0	0	0	0	9.43577e-05	-0.0189259	
52.8573	1.05459e-05	-0.00472545	0	0	0	0	9.38235e-05	-0.0188698	1.05459e-05	-0.00472545	0	0	0	0	9.38235e-05	-0.0188698	
53.0144	1.04867e-05	-0.00471144	0	0	0	0	9.32937e-05	-0.018814	1.04867e-05	-0.00471144	0	0	0	0	9.32937e-05	-0.018814	
53.1715	1.04281e-05	-0.0046975	0	0	0	0	9.27679e-05	-0.0187586	1.04281e-05	-0.0046975	0	0	0	0	9.27679e-05	-0.0187586	
53.3285	1.03699e-05	-0.00468367	0	0	0	0	9.22462e-05	-0.0187035	1.03699e-05	-0.00468367	0	0	0	0	9.22462e-05	-0.0187035	
53.4856	1.03121e-05	-0.0046699	0	0	0	0	9.17293e-05	-0.0186488	1.03121e-05	-0.0046699	0	0	0	0	9.17293e-05	-0.0186488	
53.6427	1.02548e-05	-0.00465622	0	0	0	0	9.12158e-05	-0.0185943	1.02548e-05	-0.00465622	0	0	0	0	9.12158e-05	-0.0185943	
53.7998	1.0198e-05	-0.00464261	0	0	0	0	9.07072e-05	-0.0185401	1.0198e-05	-0.00464261	0	0	0	0	9.07072e-05	-0.0185401	
53.9569	1.01416e-05	-0.00462909	0	0	0	0	9.0202e-05	-0.0184864	1.01416e-05	-0.00462909	0	0	0	0	9.0202e-05	-0.0184864	
54.1139	1.00857e-05	-0.00461563	0	0	0	0	8.97011e-05	-0.0184329	1.00857e-05	-0.00461563	0	0	0	0	8.97011e-05	-0.0184329	
54.271	1.00302e-05	-0.00460228	0	0	0	0	8.92043e-05	-0.0183797	1.00302e-05	-0.00460228	0	0	0	0	8.92043e-05	-0.0183797	
54.4281	9.97511e-06	-0.00458898	0	0	0	0	8.87113e-05	-0.0183267	9.97511e-06	-0.00458898	0	0	0	0	8.87113e-05	-0.0183267	
54.5852	9.92047e-06	-0.00457577	0	0	0	0	8.82222e-05	-0.0182741	9.92047e-06	-0.00457577	0	0	0	0	8.82222e-05	-0.0182741	
54.7423	9.86625e-06	-0.00456264	0	0	0	0	8.77369e-05	-0.0182218	9.86625e-06	-0.00456264	0	0	0	0	8.77369e-05	-0.0182218	
54.8993	9.81246e-06	-0.00454957	0	0	0	0	8.72555e-05	-0.0181699	9.81246e-06	-0.00454957	0	0	0	0	8.72555e-05	-0.0181699	
55.0564	9.75908e-06	-0.00453658	0	0	0	0	8.67779e-05	-0.0181182	9.75908e-06	-0.00453658	0	0	0	0	8.67779e-05	-0.0181182	
55.2135	9.70611e-06	-0.00452368	0	0	0	0	8.6304e-05	-0.0180668	9.70611e-06	-0.00452368	0	0	0	0	8.6304e-05	-0.0180668	
55.3706	9.65356e-06	-0.00451083	0	0	0	0	8.58339e-05	-0.0180157	9.65356e-06	-0.00451083	0	0	0	0	8.58339e-05	-0.0180157	
55.5277	9.6014e-06	-0.00449806	0	0	0	0	8.53674e-05	-0.0179648	9.6014e-06	-0.00449806	0	0	0	0	8.53674e-05	-0.0179648	
55.6847	9.54965e-06	-0.00448536	0	0	0	0	8.49045e-05	-0.0179143	9.54965e-06	-0.00448536	0	0	0	0	8.49045e-05	-0.0179143	
55.8418	9.4983e-06	-0.00447273	0	0	0	0	8.44452e-05	-0.017864	9.4983e-06	-0.00447273	0	0	0	0	8.44452e-05	-0.017864	
55.9989	9.44733e-06	-0.00446018	0	0	0	0	8.39895e-05	-0.017814	9.44733e-06	-0.00446018	0	0	0	0	8.39895e-05	-0.017814	
56.156	9.39675e-06	-0.0044477	0	0	0	0	8.35372e-05	-0.0177644	9.39675e-06	-0.0044477	0	0	0	0	8.35372e-05	-0.0177644	
56.313	9.34656e-06	-0.00443529	0	0	0	0	8.30885e-05	-0.0177149	9.34656e-06	-0.00443529	0	0	0	0	8.30885e-05	-0.0177149	
56.4701	9.29675e-06	-0.00442293	0	0	0	0	8.26433e-05	-0.0176658	9.29675e-06	-0.00442293	0	0	0	0	8.26433e-05	-0.0176658	
56.6272	9.24731e-06	-0.00441066	0	0	0	0	8.22014e-05	-0.0176169	9.24731e-06	-0.00441066	0	0	0	0	8.22014e-05	-0.0176169	
56.7843	9.19826e-06	-0.00439845	0	0	0	0	8.1763e-05	-0.0175683	9.19826e-06	-0.00439845	0	0	0	0	8.1763e-05	-0.0175683	
56.9414	9.14956e-06	-0.00438632	0	0	0	0	8.13278e-05	-0.0175199	9.14956e-06	-0.00438632	0	0	0	0	8.13278e-05	-0.0175199	
57.0984	9.10125e-06	-0.00437423	0	0	0	0	8.08961e-05	-0.0174719	9.10125e-06	-0.00437423	0	0	0	0	8.08961e-05	-0.0174719	
57.2555	9.05329e-06	-0.00436223	0	0	0	0	8.04675e-05	-0.017424	9.05329e-06	-0.00436223	0	0	0	0	8.04675e-05	-0.017424	
57.4126	9.00569e-06	-0.0043503	0	0	0	0	8.00423e-05	-0.0173765	9.00569e-06	-0.0043503	0	0	0	0	8.00423e-05	-0.0173765	
57.5697	8.95844e-06	-0.00433841	0	0	0	0	7.96202e-05	-0.0173292	8.95844e-06	-0.00433841	0	0	0	0	7.96202e-05	-0.0173292	
57.7268	8.91155e-06	-0.0043266	0	0	0	0	7.92014e-05	-0.0172822	8.91155e-06	-0.0043266	0	0	0	0	7.92014e-05	-0.0172822	
57.8838	8.86501e-06	-0.00431486	0	0	0	0	7.87857e-05	-0.0172354	8.86501e-06	-0.00431486	0	0	0	0	7.87857e-05	-0.0172354	
58.0409	8.81882e-06	-0.00430317	0	0	0	0	7.83731e-05	-0.0171888	8.81882e-06	-0.00430317	0	0	0	0	7.83731e-05	-0.0171888	
58.198	8.77296e-06	-0.00429154	0	0	0	0	7.79636e-05	-0.0171426	8.77296e-06	-0.00429154	0	0	0	0	7.79636e-05	-0.0171426	
58.3551	8.72744e-06	-0.00427999	0	0	0	0	7.75573e-05	-0.0170965	8.72744e-06	-0.00427999	0	0	0	0	7.75573e-05	-0.0170965	
58.5122	8.68226e-06	-0.00426849	0	0	0	0	7.71539e-05	-0.0170507	8.68226e-06	-0.00426849	0	0	0	0	7.71539e-05	-0.0170507	
58.6692	8.63741e-06	-0.00425706	0	0	0	0	7.67535e-05	-0.0170052	8.63741e-06	-0.00425706	0	0	0	0	7.67535e-05	-0.0170052	
58.8263	8.5929e-06	-0.00424568	0	0	0	0	7.63561e-05	-0.0169599	8.5929e-06	-0.00424568	0	0	0	0	7.63561e-05	-0.0169599	
58.9834	8.54871e-06	-0.00423437	0	0	0	0	7.59617e-05	-0.0169149	8.54871e-06	-0.00423437	0	0	0	0	7.59617e-05	-0.0169149	
59.1405	8.50484e-06	-0.00422311	0	0	0	0	7.55701e-05	-0.0168701	8.50484e-06	-0.00422311	0	0	0	0	7.55701e-05	-0.0168701	
59.2976	8.4613e-06	-0.00421191	0	0	0	0	7.51815e-05	-0.0168255	8.4613e-06	-0.00421191	0	0	0	0	7.51815e-05	-0.0168255	
59.4546	8.41807e-06	-0.00420078	0	0	0	0	7.47958e-05	-0.0167811	8.41807e-06	-0.00420078	0	0	0	0	7.47958e-05	-0.0167811	
59.6117	8.37516e-06	-0.00418972	0	0	0	0	7.44129e-05	-0.016737	8.37516e-06	-0.00418972	0	0	0	0	7.44129e-05	-0.016737	
59.7688	8.33255e-06	-0.00417869	0	0	0	0	7.40328e-05	-0.0166931	8.33255e-06	-0.00417869	0	0	0	0	7.40328e-05	-0.0166931	
59.9259	8.29026e-06	-0.00416773	0	0	0	0	7.36555e-05	-0.0166494	8.29026e-06	-0.00416773	0	0	0	0	7.36555e-05	-0.0166494	
60.083	8.24827e-06	-0.00415683	0	0	0	0	7.32809e-05	-0.016606	8.24827e-06	-0.00415683	0	0	0	0	7.32809e-05	-0.016606	
60.24	8.20658e-06	-0.00414599	0	0	0	0	7.2909e-05	-0.0165628	8.20658e-06	-0.00414599	0	0	0	0	7.2909e-05	-0.0165628	
60.3971	8.1652e-06	-0.0041352	0	0	0	0	7.25399e-05	-0.0165199	8.1652e-06	-0.0041352	0	0	0	0	7.25399e-05	-0.0165199	
60.5542	8.1241e-06	-0.00412446	0	0	0	0	7.21735e-05	-0.0164771	8.1241e-06	-0.00412446	0	0	0	0	7.21735e-05	-0.0164771	
60.7113	8.0833e-06	-0.00411379	0	0	0	0	7.18096e-05	-0.0164346	8.0833e-06	-0.00411379	0	0	0	0	7.18096e-05	-0.0164346	
60.8684	8.0428e-06	-0.00410317	0	0	0	0	7.14485e-05	-0.0163923	8.0428e-06	-0.00410317	0	0	0	0	7.14485e-05	-0.0163923	
61.0254	8.00259e-06	-0.00409259	0	0	0	0	7.10899e-05	-0.0163502	8.00259e-06	-0.00409259	0	0	0	0	7.10899e-05	-0.0163502	
61.1825	7.96266e-06	-0.00408208	0	0	0	0	7.07339e-05	-0.0163083	7.96266e-06	-0.00408208	0	0	0	0	7.07339e-05	-0.0163083	
61.3396	7.92302e-06	-0.00407162	0	0	0	0	7.03805e-05	-0.0162666	7.92302e-06	-0.00407162	0	0	0	0	7.03805e-05	-0.0162666	
61.4967	7.88365e-06	-0.00406122	0	0	0	0	7.00296e-05	-0.0162251	7.88365e-06	-0.00406122	0	0	0	0	7.00296e-05	-0.0162251	
61.6538	7.84456e-06	-0.00405087	0	0	0	0	6.96812e-05	-0.0161839	7.84456e-06	-0.00405087	0	0	0	0	6.96812e-05	-0.0161839	
61.8108	7.80575e-06	-0.00404057	0	0	0	0	6.93353e-05	-0.0161428	7.80575e-06	-0.00404057	0	0	0	0	6.93353e-05	-0.0161428	
61.9679	7.76722e-06	-0.00403031	0	0	0	0	6.89918e-05	-0.016102	7.76722e-06	-0.00403031	0	0	0	0	6.89918e-05	-0.016102	
62.125	7.72895e-06	-0.00402012	0	0	0	0	6.86508e-05	-0.0160614	7.72895e-06	-0.00402012	0	0	0	0	6.86508e-05	-0.0160614	
62.2821	7.69095e-06	-0.00400999	0	0	0	0	6.83122e-05	-0.016021	7.69095e-06	-0.00400999	0	0	0	0	6.83122e-05	-0.016021	
62.4392	7.65322e-06	-0.00399989	0	0	0	0	6.7976e-05	-0.0159808	7.65322e-06	-0.00399989	0	0	0	0	6.7976e-05	-0.0159808	
62.5962	7.61574e-06	-0.00398985	0	0	0	0	6.76421e-05	-0.0159408	7.61574e-06	-0.00398985	0	0	0	0	6.76421e-05	-0.0159408	
62.7533	7.57854e-06	-0.00397986	0	0	0	0	6.73107e-05	-0.0159009	7.57854e-06	-0.00397986	0	0	0	0	6.73107e-05	-0.0159009	
62.9104	7.54159e-06	-0.0039699	0	0	0	0	6.69815e-05	-0.0158613	7.54159e-06	-0.0039699	0	0	0	0	6.69815e-05	-0.0158613	
63.0675	7.5049e-06	-0.00396001	0	0	0	0	6.66547e-05	-0.0158219	7.5049e-06	-0.00396001	0	0	0	0	6.66547e-05	-0.0158219	
63.2246	7.46847e-06	-0.00395018	0	0	0	0	6.63301e-05	-0.0157826	7.46847e-06	-0.00395018	0	0	0	0	6.63301e-05	-0.0157826	
63.3816	7.43227e-06	-0.00394038	0	0	0	0	6.60079e-05	-0.0157436	7.43227e-06	-0.00394038	0	0	0	0	6.60079e-05	-0.0157436	
63.5387	7.39634e-06	-0.00393064	0	0	0	0	6.56878e-05	-0.0157048	7.39634e-06	-0.00393064	0	0	0	0	6.56878e-05	-0.0157048	
63.6958	7.36065e-06	-0.00392093	0	0	0	0	6.53699e-05	-0.0156662	7.36065e-06	-0.00392093	0	0	0	0	6.53699e-05	-0.0156662	
63.8529	7.32521e-06	-0.00391129	0	0	0	0	6.50543e-05	-0.0156276	7.32521e-06	-0.00391129	0	0	0	0	6.50543e-05	-0.0156276	
64.01	7.29001e-06	-0.00390168	0	0	0	0	6.47409e-05	-0.0155894	7.29001e-06	-0.00390168	0	0	0	0	6.47409e-05	-0.0155894	
64.167	7.25505e-06	-0.00389212	0	0	0	0	6.44296e-05	-0.0155513	7.25505e-06	-0.00389212	0	0	0	0	6.44296e-05	-0.0155513	
64.3241	7.22033e-06	-0.00388261	0	0	0	0	6.41206e-05	-0.0155134	7.22033e-06	-0.00388261	0	0	0	0	6.41206e-05	-0.0155134	
64.4812	7.18584e-06	-0.00387315	0	0	0	0	6.38135e-05	-0.0154757	7.18584e-06	-0.00387315	0	0	0	0	6.38135e-05	-0.0154757	
64.6383	7.15159e-06	-0.00386374	0	0	0	0	6.35087e-05	-0.0154382	7.15159e-06	-0.00386374	0	0	0	0	6.35087e-05	-0.0154382	
64.7953	7.11757e-06	-0.00385437	0	0	0	0	6.32059e-05	-0.0154008	7.11757e-06	-0.00385437	0	0	0	0	6.32059e-05	-0.0154008	
64.9524	7.08379e-06	-0.00384504	0	0	0	0	6.29051e-05	-0.0153636	7.08379e-06	-0.00384504	0	0	0	0	6.29051e-05	-0.0153636	
65.1095	7.05022e-06	-0.00383576	0	0	0	0	6.26064e-05	-0.0153266	7.05022e-06	-0.00383576	0	0	0	0	6.26064e-05	-0.0153266	
65.2666	7.01688e-06	-0.00382652	0	0	0	0	6.23098e-05	-0.0152898	7.01688e-06	-0.00382652	0	0	0	0	6.23098e-05	-0.0152898	
65.4237	6.98377e-06	-0.00381733	0	0	0	0	6.20151e-05	-0.0152532	6.98377e-06	-0.00381733	0	0	0	0	6.20151e-05	-0.0152532	
65.5807	6.95089e-06	-0.00380818	0	0	0	0	6.17225e-05	-0.0152167	6.95089e-06	-0.00380818	0	0	0	0	6.17225e-05	-0.0152167	
65.7378	6.91822e-06	-0.00379908	0	0	0	0	6.14318e-05	-0.0151804	6.91822e-06	-0.00379908	0	0	0	0	6.14318e-05	-0.0151804	
65.8949	6.88577e-06	-0.00379002	0	0	0	0	6.11431e-05	-0.0151443	6.88577e-06	-0.00379002	0	0	0	0	6.11431e-05	-0.0151443	
66.052	6.85355e-06	-0.00378101	0	0	0	0	6.08564e-05	-0.0151083	6.85355e-06	-0.00378101	0	0	0	0	6.08564e-05	-0.0151083	
66.2091	6.82152e-06	-0.00377203	0	0	0	0	6.05715e-05	-0.0150726	6.82152e-06	-0.00377203	0	0	0	0	6.05715e-05	-0.0150726	
66.3661	6.78971e-06	-0.0037631	0	0	0	0	6.02886e-05	-0.0150369	6.78971e-06	-0.0037631	0	0	0	0	6.02886e-05	-0.0150369	
66.5232	6.75812e-06	-0.0037542	0	0	0	0	6.00076e-05	-0.0150015	6.75812e-06	-0.0037542	0	0	0	0	6.00076e-05	-0.0150015	
66.6803	6.72674e-06	-0.00374536	0	0	0	0	5.97284e-05	-0.0149663	6.72674e-06	-0.00374536	0	0	0	0	5.97284e-05	-0.0149663	
66.8374	6.69557e-06	-0.00373655	0	0	0	0	5.94511e-05	-0.0149312	6.69557e-06	-0.00373655	0	0	0	0	5.94511e-05	-0.0149312	
66.9945	6.66459e-06	-0.00372779	0	0	0	0	5.91757e-05	-0.0148962	6.66459e-06	-0.00372779	0	0	0	0	5.91757e-05	-0.0148962	
67.1515	6.63383e-06	-0.00371907	0	0	0	0	5.89021e-05	-0.0148614	6.63383e-06	-0.00371907	0	0	0	0	5.89021e-05	-0.0148614	
67.3086	6.60326e-06	-0.00371038	0	0	0	0	5.86303e-05	-0.0148268	6.60326e-06	-0.00371038	0	0	0	0	5.86303e-05	-0.0148268	
67.4657	6.5729e-06	-0.00370174	0	0	0	0	5.83602e-05	-0.0147924	6.5729e-06	-0.00370174	0	0	0	0	5.83602e-05	-0.0147924	
67.6228	6.54273e-06	-0.00369313	0	0	0	0	5.80921e-05	-0.0147581	6.54273e-06	-0.00369313	0	0	0	0	5.80921e-05	-0.0147581	
67.7799	6.51276e-06	-0.00368457	0	0	0	0	5.78256e-05	-0.0147239	6.51276e-06	-0.00368457	0	0	0	0	5.78256e-05	-0.0147239	
67.9369	6.48299e-06	-0.00367604	0	0	0	0	5.75608e-05	-0.01469	6.48299e-06	-0.00367604	0	0	0	0	5.75608e-05	-0.01469	
68.094	6.45341e-06	-0.00366756	0	0	0	0	5.72979e-05	-0.0146561	6.45341e-06	-0.00366756	0	0	0	0	5.72979e-05	-0.0146561	
68.2511	6.42402e-06	-0.00365911	0	0	0	0	5.70366e-05	-0.0146225	6.42402e-06	-0.00365911	0	0	0	0	5.70366e-05	-0.0146225	
68.4082	6.39482e-06	-0.00365072	0	0	0	0	5.6777e-05	-0.0145889	6.39482e-06	-0.00365072	0	0	0	0	5.6777e-05	-0.0145889	
68.5653	6.3658e-06	-0.00364235	0	0	0	0	5.65192e-05	-0.0145555	6.3658e-06	-0.00364235	0	0	0	0	5.65192e-05	-0.0145555	
68.7223	6.33699e-06	-0.00363402	0	0	0	0	5.6263e-05	-0.0145224	6.33699e-06	-0.00363402	0	0	0	0	5.6263e-05	-0.0145224	
68.8794	6.30835e-06	-0.00362573	0	0	0	0	5.60085e-05	-0.0144893	6.30835e-06	-0.00362573	0	0	0	0	5.60085e-05	-0.0144893	
69.0365	6.27989e-06	-0.00361748	0	0	0	0	5.57556e-05	-0.0144564	6.27989e-06	-0.00361748	0	0	0	0	5.57556e-05	-0.0144564	
69.1936	6.25162e-06	-0.00360926	0	0	0	0	5.55043e-05	-0.0144237	6.25162e-06	-0.00360926	0	0	0	0	5.55043e-05	-0.0144237	
69.3507	6.22353e-06	-0.00360107	0	0	0	0	5.52547e-05	-0.014391	6.22353e-06	-0.00360107	0	0	0	0	5.52547e-05	-0.014391	
69.5077	6.19562e-06	-0.00359293	0	0	0	0	5.50067e-05	-0.0143585	6.19562e-06	-0.00359293	0	0	0	0	5.50067e-05	-0.0143585	
69.6648	6.16789e-06	-0.00358483	0	0	0	0	5.47603e-05	-0.0143262	6.16789e-06	-0.00358483	0	0	0	0	5.47603e-05	-0.0143262	
69.8219	6.14033e-06	-0.00357675	0	0	0	0	5.45155e-05	-0.0142941	6.14033e-06	-0.00357675	0	0	0	0	5.45155e-05	-0.0142941	
69.979	6.11296e-06	-0.00356874	0	0	0	0	5.42722e-05	-0.0142621	6.11296e-06	-0.00356874	0	0	0	0	5.42722e-05	-0.0142621	
70.1361	6.08575e-06	-0.00356074	0	0	0	0	5.40305e-05	-0.0142301	6.08575e-06	-0.00356074	0	0	0	0	5.40305e-05	-0.0142301	
70.2931	6.05871e-06	-0.00355277	0	0	0	0	5.37903e-05	-0.0141984	6.05871e-06	-0.00355277	0	0	0	0	5.37903e-05	-0.0141984	
70.4502	6.03185e-06	-0.00354485	0	0	0	0	5.35516e-05	-0.0141668	6.03185e-06	-0.00354485	0	0	0	0	5.35516e-05	-0.0141668	
70.6073	6.00515e-06	-0.00353696	0	0	0	0	5.33145e-05	-0.0141353	6.00515e-06	-0.00353696	0	0	0	0	5.33145e-05	-0.0141353	
70.7644	5.97862e-06	-0.0035291	0	0	0	0	5.30788e-05	-0.014104	5.97862e-06	-0.0035291	0	0	0	0	5.30788e-05	-0.014104	
70.9215	5.95225e-06	-0.00352129	0	0	0	0	5.28447e-05	-0.0140728	5.95225e-06	-0.00352129	0	0	0	0	5.28447e-05	-0.0140728	
71.0785	5.92607e-06	-0.0035135	0	0	0	0	5.2612e-05	-0.0140417	5.92607e-06	-0.0035135	0	0	0	0	5.2612e-05	-0.0140417	
71.2356	5.90003e-06	-0.00350576	0	0	0	0	5.23808e-05	-0.0140109	5.90003e-06	-0.00350576	0	0	0	0	5.23808e-05	-0.0140109	
71.3927	5.87417e-06	-0.00349804	0	0	0	0	5.21511e-05	-0.0139801	5.87417e-06	-0.00349804	0	0	0	0	5.21511e-05	-0.0139801	
71.5498	5.84845e-06	-0.00349035	0	0	0	0	5.19228e-05	-0.0139494	5.84845e-06	-0.00349035	0	0	0	0	5.19228e-05	-0.0139494	
71.7069	5.8229e-06	-0.0034827	0	0	0	0	5.16959e-05	-0.0139189	5.8229e-06	-0.0034827	0	0	0	0	5.16959e-05	-0.0139189	
71.8639	5.79751e-06	-0.00347509	0	0	0	0	5.14704e-05	-0.0138885	5.79751e-06	-0.00347509	0	0	0	0	5.14704e-05	-0.0138885	
72.021	5.77228e-06	-0.00346751	0	0	0	0	5.12464e-05	-0.0138583	5.77228e-06	-0.00346751	0	0	0	0	5.12464e-05	-0.0138583	
72.1781	5.74719e-06	-0.00345995	0	0	0	0	5.10237e-05	-0.0138282	5.74719e-06	-0.00345995	0	0	0	0	5.10237e-05	-0.0138282	
72.3352	5.72227e-06	-0.00345244	0	0	0	0	5.08024e-05	-0.0137982	5.72227e-06	-0.00345244	0	0	0	0	5.08024e-05	-0.0137982	
72.4923	5.6975e-06	-0.00344495	0	0	0	0	5.05825e-05	-0.0137683	5.6975e-06	-0.00344495	0	0	0	0	5.05825e-05	-0.0137683	
72.6493	5.67289e-06	-0.00343751	0	0	0	0	5.03639e-05	-0.0137387	5.67289e-06	-0.00343751	0	0	0	0	5.03639e-05	-0.0137387	
72.8064	5.64842e-06	-0.00343009	0	0	0	0	5.01467e-05	-0.0137091	5.64842e-06	-0.00343009	0	0	0	0	5.01467e-05	-0.0137091	
72.9635	5.6241e-06	-0.0034227	0	0	0	0	4.99309e-05	-0.0136796	5.6241e-06	-0.0034227	0	0	0	0	4.99309e-05	-0.0136796	
73.1206	5.59994e-06	-0.00341534	0	0	0	0	4.97164e-05	-0.0136502	5.59994e-06	-0.00341534	0	0	0	0	4.97164e-05	-0.0136502	
73.2776	5.57592e-06	-0.00340802	0	0	0	0	4.95032e-05	-0.013621	5.57592e-06	-0.00340802	0	0	0	0	4.95032e-05	-0.013621	
73.4347	5.55204e-06	-0.00340073	0	0	0	0	4.92912e-05	-0.0135919	5.55204e-06	-0.00340073	0	0	0	0	4.92912e-05	-0.0135919	
73.5918	5.52831e-06	-0.00339347	0	0	0	0	4.90806e-05	-0.013563	5.52831e-06	-0.00339347	0	0	0	0	4.90806e-05	-0.013563	
73.7489	5.50472e-06	-0.00338624	0	0	0	0	4.88713e-05	-0.0135342	5.50472e-06	-0.00338624	0	0	0	0	4.88713e-05	-0.0135342	
73.906	5.48128e-06	-0.00337903	0	0	0	0	4.86633e-05	-0.0135054	5.48128e-06	-0.00337903	0	0	0	0	4.86633e-05	-0.0135054	
74.063	5.45798e-06	-0.00337186	0	0	0	0	4.84564e-05	-0.0134768	5.45798e-06	-0.00337186	0	0	0	0	4.84564e-05	-0.0134768	
74.2201	5.43482e-06	-0.00336471	0	0	0	0	4.82509e-05	-0.0134483	5.43482e-06	-0.00336471	0	0	0	0	4.82509e-05	-0.0134483	
74.3772	5.4118e-06	-0.00335762	0	0	0	0	4.80466e-05	-0.0134199	5.4118e-06	-0.00335762	0	0	0	0	4.80466e-05	-0.0134199	
74.5343	5.38891e-06	-0.00335053	0	0	0	0	4.78435e-05	-0.0133918	5.38891e-06	-0.00335053	0	0	0	0	4.78435e-05	-0.0133918	
74.6914	5.36617e-06	-0.00334349	0	0	0	0	4.76418e-05	-0.0133636	5.36617e-06	-0.00334349	0	0	0	0	4.76418e-05	-0.0133636	
74.8484	5.34355e-06	-0.00333648	0	0	0	0	4.74412e-05	-0.0133356	5.34355e-06	-0.00333648	0	0	0	0	4.74412e-05	-0.0133356	
75.0055	5.32107e-06	-0.00332949	0	0	0	0	4.72417e-05	-0.0133077	5.32107e-06	-0.00332949	0	0	0	0	4.72417e-05	-0.0133077	
75.1626	5.29873e-06	-0.00332252	0	0	0	0	4.70436e-05	-0.0132799	5.29873e-06	-0.00332252	0	0	0	0	4.70436e-05	-0.0132799	
75.3197	5.27652e-06	-0.00331558	0	0	0	0	4.68465e-05	-0.0132523	5.27652e-06	-0.00331558	0	0	0	0	4.68465e-05	-0.0132523	
75.4768	5.25445e-06	-0.00330869	0	0	0	0	4.66506e-05	-0.0132247	5.25445e-06	-0.00330869	0	0	0	0	4.66506e-05	-0.0132247	
75.6338	5.23251e-06	-0.00330181	0	0	0	0	4.6456e-05	-0.0131973	5.23251e-06	-0.00330181	0	0	0	0	4.6456e-05	-0.0131973	
75.7909	5.21069e-06	-0.00329497	0	0	0	0	4.62625e-05	-0.0131701	5.21069e-06	-0.00329497	0	0	0	0	4.62625e-05	-0.0131701	
75.948	5.189e-06	-0.00328815	0	0	0	0	4.60701e-05	-0.0131428	5.189e-06	-0.00328815	0	0	0	0	4.60701e-05	-0.0131428	
76.1051	5.16744e-06	-0.00328136	0	0	0	0	4.58789e-05	-0.0131157	5.16744e-06	-0.00328136	0	0	0	0	4.58789e-05	-0.0131157	
76.2622	5.14601e-06	-0.00327459	0	0	0	0	4.56888e-05	-0.0130888	5.14601e-06	-0.00327459	0	0	0	0	4.56888e-05	-0.0130888	
76.4192	5.12471e-06	-0.00326785	0	0	0	0	4.54998e-05	-0.0130619	5.12471e-06	-0.00326785	0	0	0	0	4.54998e-05	-0.0130619	
76.5763	5.10353e-06	-0.00326116	0	0	0	0	4.53119e-05	-0.0130351	5.10353e-06	-0.00326116	0	0	0	0	4.53119e-05	-0.0130351	
76.7334	5.08247e-06	-0.00325447	0	0	0	0	4.51251e-05	-0.0130085	5.08247e-06	-0.00325447	0	0	0	0	4.51251e-05	-0.0130085	
76.8905	5.06153e-06	-0.00324783	0	0	0	0	4.49395e-05	-0.012982	5.06153e-06	-0.00324783	0	0	0	0	4.49395e-05	-0.012982	
77.0476	5.04071e-06	-0.00324121	0	0	0	0	4.4755e-05	-0.0129555	5.04071e-06	-0.00324121	0	0	0	0	4.4755e-05	-0.0129555	
77.2046	5.02003e-06	-0.00323461	0	0	0	0	4.45715e-05	-0.0129292	5.02003e-06	-0.00323461	0	0	0	0	4.45715e-05	-0.0129292	
77.3617	4.99946e-06	-0.00322803	0	0	0	0	4.43891e-05	-0.012903	4.99946e-06	-0.00322803	0	0	0	0	4.43891e-05	-0.012903	
77.5188	4.979e-06	-0.00322149	0	0	0	0	4.42077e-05	-0.0128769	4.979e-06	-0.00322149	0	0	0	0	4.42077e-05	-0.0128769	
77.6759	4.95867e-06	-0.00321497	0	0	0	0	4.40274e-05	-0.0128509	4.95867e-06	-0.00321497	0	0	0	0	4.40274e-05	-0.0128509	
77.833	4.93845e-06	-0.00320848	0	0	0	0	4.38482e-05	-0.0128249	4.93845e-06	-0.00320848	0	0	0	0	4.38482e-05	-0.0128249	
77.99	4.91835e-06	-0.00320202	0	0	0	0	4.367e-05	-0.0127992	4.91835e-06	-0.00320202	0	0	0	0	4.367e-05	-0.0127992	
78.1471	4.89837e-06	-0.00319558	0	0	0	0	4.34928e-05	-0.0127735	4.89837e-06	-0.00319558	0	0	0	0	4.34928e-05	-0.0127735	
78.3042	4.8785e-06	-0.00318917	0	0	0	0	4.33166e-05	-0.0127479	4.8785e-06	-0.00318917	0	0	0	0	4.33166e-05	-0.0127479	
78.4613	4.85874e-06	-0.00318277	0	0	0	0	4.31415e-05	-0.0127224	4.85874e-06	-0.00318277	0	0	0	0	4.31415e-05	-0.0127224	
