0.0785398163397	-0.00869305	-0.0701457	0.0	0.0	0.0	0.0	-0.00292573	-0.550201	-0.00196159	-0.0691537	0.0	0.0	0.0	0.0	-0.00164866	-0.550284	
0.235619449019	-0.00915762	-0.179041	0.0	0.0	0.0	0.0	-0.004502	-0.443492	-0.00604236	-0.176657	0.0	0.0	0.0	0.0	-0.00125508	-0.445833	
0.392699081699	-0.00844792	-0.233772	0.0	0.0	0.0	0.0	0.00139455	-0.393833	-0.00623219	-0.231382	0.0	0.0	0.0	0.0	0.00107192	-0.393662	
0.549778714378	-0.00643734	-0.258175	0.0	0.0	0.0	0.0	-0.00201312	-0.367017	-0.00159452	-0.257272	0.0	0.0	0.0	0.0	-0.000200556	-0.367423	
0.706858347058	-0.00534099	-0.275587	0.0	0.0	0.0	0.0	0.000870271	-0.351255	0.000762508	-0.276081	0.0	0.0	0.0	0.0	0.00270973	-0.3538	
0.863937979737	-0.00529466	-0.288754	0.0	0.0	0.0	0.0	0.00420907	-0.341349	-0.0012664	-0.288195	0.0	0.0	0.0	0.0	0.000225126	-0.343195	
1.02101761242	-0.00480881	-0.29506	0.0	0.0	0.0	0.0	0.000458889	-0.334708	-0.00357241	-0.291547	0.0	0.0	0.0	0.0	0.00286339	-0.335282	
1.1780972451	-0.00398732	-0.296103	0.0	0.0	0.0	0.0	0.00159582	-0.320997	-0.00377511	-0.291478	0.0	0.0	0.0	0.0	0.0010828	-0.322417	
1.33517687778	-0.00379775	-0.293231	0.0	0.0	0.0	0.0	-0.00236342	-0.314196	-0.00240136	-0.290619	0.0	0.0	0.0	0.0	0.000247077	-0.311563	
1.49225651046	-0.00368911	-0.288367	0.0	0.0	0.0	0.0	0.000299036	-0.302962	-0.00193102	-0.287383	0.0	0.0	0.0	0.0	0.00501685	-0.306588	
1.64933614313	-0.00190209	-0.284724	0.0	0.0	0.0	0.0	-0.000371787	-0.295816	-0.00423146	-0.281992	0.0	0.0	0.0	0.0	0.00112767	-0.297314	
1.80641577581	0.00134514	-0.281514	0.0	0.0	0.0	0.0	-0.000136751	-0.286499	-0.00687143	-0.274659	0.0	0.0	0.0	0.0	0.000489134	-0.286784	
1.96349540849	0.00308557	-0.275773	0.0	0.0	0.0	0.0	0.00262563	-0.275118	-0.00607272	-0.271289	0.0	0.0	0.0	0.0	0.00398574	-0.278013	
2.12057504117	0.00579432	-0.265592	0.0	0.0	0.0	0.0	0.000563784	-0.266258	-0.00160653	-0.259862	0.0	0.0	0.0	0.0	0.00408541	-0.269228	
2.27765467385	0.00125857	-0.257679	0.0	0.0	0.0	0.0	-0.000487664	-0.26093	-0.00105112	-0.259059	0.0	0.0	0.0	0.0	0.0020607	-0.262507	
2.43473430653	0.000108411	-0.251286	0.0	0.0	0.0	0.0	-0.000442885	-0.255933	-0.00265682	-0.256675	0.0	0.0	0.0	0.0	-0.00010993	-0.25666	
2.59181393921	0.00151016	-0.245744	0.0	0.0	0.0	0.0	-0.00037662	-0.250226	-0.0027503	-0.249346	0.0	0.0	0.0	0.0	-0.00143051	-0.25097	
2.74889357189	0.00222065	-0.240829	0.0	0.0	0.0	0.0	-0.000514974	-0.24406	-0.00111782	-0.240337	0.0	0.0	0.0	0.0	-0.00186327	-0.24531	
2.90597320457	0.00139889	-0.23623	0.0	0.0	0.0	0.0	-0.000658436	-0.237777	0.000768076	-0.232419	0.0	0.0	0.0	0.0	-0.00174131	-0.239668	
3.06305283725	-0.000241131	-0.231612	0.0	0.0	0.0	0.0	-0.00064356	-0.231543	0.00176814	-0.226312	0.0	0.0	0.0	0.0	-0.00137997	-0.234014	
3.22013246993	-0.00183126	-0.226772	0.0	0.0	0.0	0.0	-0.000447862	-0.225417	0.00158613	-0.221562	0.0	0.0	0.0	0.0	-0.000965412	-0.228329	
3.37721210261	-0.00290153	-0.22167	0.0	0.0	0.0	0.0	-0.000135356	-0.21943	0.000491915	-0.21746	0.0	0.0	0.0	0.0	-0.000575755	-0.222627	
3.53429173529	-0.00336842	-0.216376	0.0	0.0	0.0	0.0	0.000210522	-0.213613	-0.00105606	-0.213479	0.0	0.0	0.0	0.0	-0.000229461	-0.216945	
3.69137136797	-0.0033603	-0.211008	0.0	0.0	0.0	0.0	0.000523908	-0.207999	-0.00264605	-0.209347	0.0	0.0	0.0	0.0	7.85491e-05	-0.211332	
3.84845100065	-0.0030682	-0.205681	0.0	0.0	0.0	0.0	0.000766939	-0.202614	-0.0040019	-0.204991	0.0	0.0	0.0	0.0	0.000357922	-0.205837	
4.00553063333	-0.00266306	-0.200486	0.0	0.0	0.0	0.0	0.000926325	-0.197472	-0.00498524	-0.200452	0.0	0.0	0.0	0.0	0.000615644	-0.200499	
4.16261026601	-0.00226555	-0.195485	0.0	0.0	0.0	0.0	0.00100545	-0.192579	-0.00556214	-0.195814	0.0	0.0	0.0	0.0	0.000854784	-0.195344	
4.31968989869	-0.00194513	-0.190708	0.0	0.0	0.0	0.0	0.00101678	-0.187928	-0.0057641	-0.191168	0.0	0.0	0.0	0.0	0.00107551	-0.190388	
4.47676953137	-0.00173097	-0.186168	0.0	0.0	0.0	0.0	0.000976259	-0.183509	-0.00565581	-0.18659	0.0	0.0	0.0	0.0	0.0012765	-0.185636	
4.63384916404	-0.00162541	-0.18186	0.0	0.0	0.0	0.0	0.00089977	-0.179305	-0.00531282	-0.182135	0.0	0.0	0.0	0.0	0.00145612	-0.181088	
4.79092879672	-0.00161535	-0.177771	0.0	0.0	0.0	0.0	0.000801288	-0.175299	-0.00480808	-0.177838	0.0	0.0	0.0	0.0	0.00161309	-0.176739	
4.9480084294	-0.00168072	-0.173885	0.0	0.0	0.0	0.0	0.000692122	-0.171474	-0.00420504	-0.173718	0.0	0.0	0.0	0.0	0.00174679	-0.172579	
5.10508806208	-0.00179981	-0.170181	0.0	0.0	0.0	0.0	0.000580833	-0.167812	-0.00355508	-0.16978	0.0	0.0	0.0	0.0	0.00185738	-0.1686	
5.26216769476	-0.00195245	-0.166642	0.0	0.0	0.0	0.0	0.000473503	-0.1643	-0.00289738	-0.166023	0.0	0.0	0.0	0.0	0.00194565	-0.16479	
5.41924732744	-0.00212152	-0.163252	0.0	0.0	0.0	0.0	0.000374145	-0.160925	-0.00226018	-0.162438	0.0	0.0	0.0	0.0	0.00201293	-0.16114	
5.57632696012	-0.00229344	-0.159994	0.0	0.0	0.0	0.0	0.000285143	-0.157674	-0.00166259	-0.159015	0.0	0.0	0.0	0.0	0.0020609	-0.157638	
5.7334065928	-0.00245807	-0.156856	0.0	0.0	0.0	0.0	0.000207658	-0.154537	-0.00111641	-0.155743	0.0	0.0	0.0	0.0	0.00209145	-0.154277	
5.89048622548	-0.00260834	-0.153827	0.0	0.0	0.0	0.0	0.000141968	-0.151508	-0.000627887	-0.15261	0.0	0.0	0.0	0.0	0.00210655	-0.151047	
6.04756585816	-0.00273974	-0.150898	0.0	0.0	0.0	0.0	8.77509e-05	-0.148578	-0.000199169	-0.149604	0.0	0.0	0.0	0.0	0.00210819	-0.14794	
6.20464549084	-0.00284977	-0.148062	0.0	0.0	0.0	0.0	4.42942e-05	-0.145742	0.000170468	-0.146715	0.0	0.0	0.0	0.0	0.00209826	-0.144949	
6.36172512352	-0.00293746	-0.145312	0.0	0.0	0.0	0.0	1.06583e-05	-0.142994	0.000483687	-0.143934	0.0	0.0	0.0	0.0	0.00207853	-0.142067	
6.5188047562	-0.00300297	-0.142643	0.0	0.0	0.0	0.0	-1.42081e-05	-0.14033	0.000744361	-0.141252	0.0	0.0	0.0	0.0	0.00205065	-0.139288	
6.67588438888	-0.00304727	-0.14005	0.0	0.0	0.0	0.0	-3.13868e-05	-0.137746	0.000957039	-0.138661	0.0	0.0	0.0	0.0	0.00201608	-0.136606	
6.83296402156	-0.0030718	-0.13753	0.0	0.0	0.0	0.0	-4.19355e-05	-0.135238	0.00112656	-0.136156	0.0	0.0	0.0	0.0	0.00197613	-0.134018	
6.99004365424	-0.00307832	-0.13508	0.0	0.0	0.0	0.0	-4.68531e-05	-0.132804	0.00125779	-0.133731	0.0	0.0	0.0	0.0	0.00193196	-0.131517	
7.14712328692	-0.00306876	-0.132697	0.0	0.0	0.0	0.0	-4.70594e-05	-0.130441	0.00135543	-0.13138	0.0	0.0	0.0	0.0	0.00188457	-0.129099	
7.3042029196	-0.00304506	-0.130379	0.0	0.0	0.0	0.0	-4.33853e-05	-0.128146	0.00142392	-0.1291	0.0	0.0	0.0	0.0	0.00183483	-0.126761	
7.46128255228	-0.00300914	-0.128124	0.0	0.0	0.0	0.0	-3.65695e-05	-0.125916	0.00146733	-0.126887	0.0	0.0	0.0	0.0	0.00178346	-0.124499	
7.61836218496	-0.00296282	-0.125928	0.0	0.0	0.0	0.0	-2.72605e-05	-0.12375	0.0014894	-0.124738	0.0	0.0	0.0	0.0	0.00173109	-0.122309	
7.77544181763	-0.00290779	-0.123792	0.0	0.0	0.0	0.0	-1.60213e-05	-0.121646	0.00149347	-0.12265	0.0	0.0	0.0	0.0	0.00167825	-0.120188	
7.93252145031	-0.0028456	-0.121713	0.0	0.0	0.0	0.0	-3.33541e-06	-0.1196	0.00148251	-0.120619	0.0	0.0	0.0	0.0	0.00162538	-0.118133	
8.08960108299	-0.00277765	-0.119689	0.0	0.0	0.0	0.0	1.03853e-05	-0.117612	0.00145915	-0.118645	0.0	0.0	0.0	0.0	0.00157282	-0.116142	
8.24668071567	-0.0027052	-0.117719	0.0	0.0	0.0	0.0	2.47936e-05	-0.115679	0.00142567	-0.116724	0.0	0.0	0.0	0.0	0.00152087	-0.114211	
8.40376034835	-0.00262934	-0.115801	0.0	0.0	0.0	0.0	3.9599e-05	-0.113799	0.00138407	-0.114854	0.0	0.0	0.0	0.0	0.00146977	-0.112338	
8.56083998103	-0.00255105	-0.113934	0.0	0.0	0.0	0.0	5.45613e-05	-0.111972	0.00133608	-0.113035	0.0	0.0	0.0	0.0	0.0014197	-0.110521	
8.71791961371	-0.00247115	-0.112117	0.0	0.0	0.0	0.0	6.94835e-05	-0.110195	0.00128317	-0.111263	0.0	0.0	0.0	0.0	0.0013708	-0.108757	
8.87499924639	-0.00239038	-0.110347	0.0	0.0	0.0	0.0	8.42064e-05	-0.108466	0.00122661	-0.109538	0.0	0.0	0.0	0.0	0.00132319	-0.107045	
9.03207887907	-0.00230935	-0.108624	0.0	0.0	0.0	0.0	9.86025e-05	-0.106784	0.00116746	-0.107858	0.0	0.0	0.0	0.0	0.00127695	-0.105381	
9.18915851175	-0.00222856	-0.106946	0.0	0.0	0.0	0.0	0.000112572	-0.105148	0.00110663	-0.106221	0.0	0.0	0.0	0.0	0.00123212	-0.103765	
9.34623814443	-0.00214847	-0.105312	0.0	0.0	0.0	0.0	0.000126039	-0.103555	0.00104489	-0.104627	0.0	0.0	0.0	0.0	0.00118874	-0.102195	
9.50331777711	-0.00206943	-0.103721	0.0	0.0	0.0	0.0	0.000138945	-0.102005	0.000982863	-0.103073	0.0	0.0	0.0	0.0	0.00114683	-0.100668	
9.66039740979	-0.00199174	-0.102171	0.0	0.0	0.0	0.0	0.000151251	-0.100496	0.000921073	-0.101559	0.0	0.0	0.0	0.0	0.00110639	-0.0991829	
9.81747704247	-0.00191563	-0.100661	0.0	0.0	0.0	0.0	0.000162928	-0.0990266	0.000859949	-0.100083	0.0	0.0	0.0	0.0	0.00106742	-0.0977385	
9.97455667515	-0.00184129	-0.0991897	0.0	0.0	0.0	0.0	0.000173962	-0.0975955	0.000799837	-0.0986438	0.0	0.0	0.0	0.0	0.00102989	-0.096333	
10.1316363078	-0.00176887	-0.0977561	0.0	0.0	0.0	0.0	0.000184346	-0.0962016	0.000741017	-0.0972408	0.0	0.0	0.0	0.0	0.000993783	-0.094965	
10.2887159405	-0.00169849	-0.0963589	0.0	0.0	0.0	0.0	0.00019408	-0.0948435	0.000683704	-0.0958727	0.0	0.0	0.0	0.0	0.000959067	-0.0936332	
10.4457955732	-0.00163021	-0.0949971	0.0	0.0	0.0	0.0	0.000203172	-0.0935201	0.000628069	-0.0945382	0.0	0.0	0.0	0.0	0.000925706	-0.0923361	
10.6028752059	-0.0015641	-0.0936695	0.0	0.0	0.0	0.0	0.000211633	-0.0922302	0.000574236	-0.0932365	0.0	0.0	0.0	0.0	0.000893664	-0.0910725	
10.7599548385	-0.00150017	-0.092375	0.0	0.0	0.0	0.0	0.000219479	-0.0909728	0.000522294	-0.0919665	0.0	0.0	0.0	0.0	0.000862899	-0.0898413	
10.9170344712	-0.00143845	-0.0911127	0.0	0.0	0.0	0.0	0.000226729	-0.0897467	0.000472304	-0.0907273	0.0	0.0	0.0	0.0	0.000833369	-0.0886413	
11.0741141039	-0.00137892	-0.0898815	0.0	0.0	0.0	0.0	0.000233402	-0.0885509	0.000424299	-0.0895179	0.0	0.0	0.0	0.0	0.000805032	-0.0874714	
11.2311937366	-0.00132157	-0.0886804	0.0	0.0	0.0	0.0	0.000239521	-0.0873845	0.000378294	-0.0883373	0.0	0.0	0.0	0.0	0.000777844	-0.0863305	
11.3882733693	-0.00126636	-0.0875086	0.0	0.0	0.0	0.0	0.000245109	-0.0862464	0.000334284	-0.0871848	0.0	0.0	0.0	0.0	0.000751761	-0.0852176	
11.5453530019	-0.00121327	-0.086365	0.0	0.0	0.0	0.0	0.000250189	-0.0851358	0.000292252	-0.0860594	0.0	0.0	0.0	0.0	0.000726741	-0.0841318	
11.7024326346	-0.00116225	-0.0852487	0.0	0.0	0.0	0.0	0.000254786	-0.0840518	0.000252169	-0.0849603	0.0	0.0	0.0	0.0	0.000702741	-0.0830721	
11.8595122673	-0.00111325	-0.0841591	0.0	0.0	0.0	0.0	0.000258924	-0.0829934	0.000213997	-0.0838868	0.0	0.0	0.0	0.0	0.00067972	-0.0820377	
12.0165919	-0.00106621	-0.0830951	0.0	0.0	0.0	0.0	0.000262626	-0.08196	0.00017769	-0.082838	0.0	0.0	0.0	0.0	0.000657636	-0.0810277	
12.1736715327	-0.00102107	-0.082056	0.0	0.0	0.0	0.0	0.000265916	-0.0809506	0.000143199	-0.0818133	0.0	0.0	0.0	0.0	0.00063645	-0.0800413	
12.3307511653	-0.000977784	-0.081041	0.0	0.0	0.0	0.0	0.000268816	-0.0799645	0.000110467	-0.0808118	0.0	0.0	0.0	0.0	0.000616123	-0.0790777	
12.487830798	-0.000936284	-0.0800494	0.0	0.0	0.0	0.0	0.000271349	-0.079001	7.94379e-05	-0.0798329	0.0	0.0	0.0	0.0	0.00059662	-0.0781362	
12.6449104307	-0.000896509	-0.0790804	0.0	0.0	0.0	0.0	0.000273536	-0.0780594	5.00509e-05	-0.0788759	0.0	0.0	0.0	0.0	0.000577902	-0.077216	
12.8019900634	-0.000858399	-0.0781334	0.0	0.0	0.0	0.0	0.000275398	-0.0771389	2.2245e-05	-0.0779402	0.0	0.0	0.0	0.0	0.000559937	-0.0763165	
12.9590696961	-0.000821892	-0.0772077	0.0	0.0	0.0	0.0	0.000276954	-0.076239	-4.04128e-06	-0.0770251	0.0	0.0	0.0	0.0	0.00054269	-0.0754371	
13.1161493287	-0.000786927	-0.0763026	0.0	0.0	0.0	0.0	0.000278224	-0.075359	-2.88695e-05	-0.07613	0.0	0.0	0.0	0.0	0.000526131	-0.074577	
13.2732289614	-0.000753444	-0.0754175	0.0	0.0	0.0	0.0	0.000279227	-0.0744982	-5.2301e-05	-0.0752543	0.0	0.0	0.0	0.0	0.000510227	-0.0737356	
13.4303085941	-0.000721385	-0.0745518	0.0	0.0	0.0	0.0	0.000279978	-0.0736562	-7.43958e-05	-0.0743975	0.0	0.0	0.0	0.0	0.000494951	-0.0729125	
13.5873882268	-0.000690692	-0.0737048	0.0	0.0	0.0	0.0	0.000280495	-0.0728322	-9.52134e-05	-0.073559	0.0	0.0	0.0	0.0	0.000480274	-0.072107	
13.7444678595	-0.000661309	-0.0728762	0.0	0.0	0.0	0.0	0.000280794	-0.0720258	-0.000114811	-0.0727382	0.0	0.0	0.0	0.0	0.00046617	-0.0713186	
13.9015474921	-0.000633182	-0.0720652	0.0	0.0	0.0	0.0	0.000280889	-0.0712365	-0.000133246	-0.0719347	0.0	0.0	0.0	0.0	0.000452612	-0.0705467	
14.0586271248	-0.000606258	-0.0712714	0.0	0.0	0.0	0.0	0.000280795	-0.0704637	-0.000150573	-0.0711479	0.0	0.0	0.0	0.0	0.000439576	-0.0697909	
14.2157067575	-0.000580486	-0.0704943	0.0	0.0	0.0	0.0	0.000280524	-0.069707	-0.000166843	-0.0703774	0.0	0.0	0.0	0.0	0.00042704	-0.0690507	
14.3727863902	-0.000555818	-0.0697334	0.0	0.0	0.0	0.0	0.000280089	-0.0689659	-0.000182109	-0.0696227	0.0	0.0	0.0	0.0	0.00041498	-0.0683256	
14.5298660229	-0.000532204	-0.0689881	0.0	0.0	0.0	0.0	0.000279503	-0.0682398	-0.00019642	-0.0688834	0.0	0.0	0.0	0.0	0.000403377	-0.0676152	
14.6869456555	-0.0005096	-0.0682581	0.0	0.0	0.0	0.0	0.000278776	-0.0675285	-0.000209823	-0.068159	0.0	0.0	0.0	0.0	0.000392208	-0.0669191	
14.8440252882	-0.000487962	-0.067543	0.0	0.0	0.0	0.0	0.000277919	-0.0668314	-0.000222363	-0.0674491	0.0	0.0	0.0	0.0	0.000381456	-0.0662368	
15.0011049209	-0.000467247	-0.0668422	0.0	0.0	0.0	0.0	0.000276942	-0.0661482	-0.000234084	-0.0667532	0.0	0.0	0.0	0.0	0.000371102	-0.0655679	
15.1581845536	-0.000447415	-0.0661554	0.0	0.0	0.0	0.0	0.000275854	-0.0654784	-0.000245027	-0.0660711	0.0	0.0	0.0	0.0	0.000361129	-0.0649121	
15.3152641863	-0.000428426	-0.0654822	0.0	0.0	0.0	0.0	0.000274664	-0.0648218	-0.000255233	-0.0654024	0.0	0.0	0.0	0.0	0.000351519	-0.064269	
15.4723438189	-0.000410244	-0.0648222	0.0	0.0	0.0	0.0	0.00027338	-0.0641778	-0.00026474	-0.0647465	0.0	0.0	0.0	0.0	0.000342258	-0.0636383	
15.6294234516	-0.000392834	-0.064175	0.0	0.0	0.0	0.0	0.00027201	-0.0635463	-0.000273583	-0.0641033	0.0	0.0	0.0	0.0	0.000333329	-0.0630195	
15.7865030843	-0.000376159	-0.0635404	0.0	0.0	0.0	0.0	0.000270562	-0.0629267	-0.000281799	-0.0634724	0.0	0.0	0.0	0.0	0.000324719	-0.0624124	
15.943582717	-0.000360189	-0.0629178	0.0	0.0	0.0	0.0	0.000269041	-0.0623189	-0.000289419	-0.0628534	0.0	0.0	0.0	0.0	0.000316415	-0.0618167	
16.1006623496	-0.000344891	-0.0623071	0.0	0.0	0.0	0.0	0.000267455	-0.0617224	-0.000296475	-0.062246	0.0	0.0	0.0	0.0	0.000308402	-0.061232	
16.2577419823	-0.000330237	-0.0617079	0.0	0.0	0.0	0.0	0.00026581	-0.061137	-0.000302997	-0.06165	0.0	0.0	0.0	0.0	0.000300668	-0.060658	
16.414821615	-0.000316197	-0.0611198	0.0	0.0	0.0	0.0	0.00026411	-0.0605624	-0.000309014	-0.0610649	0.0	0.0	0.0	0.0	0.000293202	-0.0600945	
16.5719012477	-0.000302743	-0.0605426	0.0	0.0	0.0	0.0	0.000262361	-0.0599983	-0.000314552	-0.0604906	0.0	0.0	0.0	0.0	0.000285993	-0.0595412	
16.7289808804	-0.000289851	-0.059976	0.0	0.0	0.0	0.0	0.000260569	-0.0594443	-0.000319639	-0.0599267	0.0	0.0	0.0	0.0	0.00027903	-0.0589978	
16.886060513	-0.000277496	-0.0594198	0.0	0.0	0.0	0.0	0.000258738	-0.0589004	-0.000324297	-0.0593729	0.0	0.0	0.0	0.0	0.000272302	-0.0584641	
17.0431401457	-0.000265652	-0.0588735	0.0	0.0	0.0	0.0	0.000256871	-0.0583661	-0.00032855	-0.0588291	0.0	0.0	0.0	0.0	0.0002658	-0.0579397	
17.2002197784	-0.000254299	-0.0583371	0.0	0.0	0.0	0.0	0.000254974	-0.0578413	-0.000332421	-0.0582949	0.0	0.0	0.0	0.0	0.000259514	-0.0574245	
17.3572994111	-0.000243414	-0.0578101	0.0	0.0	0.0	0.0	0.000253049	-0.0573257	-0.00033593	-0.0577702	0.0	0.0	0.0	0.0	0.000253436	-0.0569183	
17.5143790438	-0.000232977	-0.0572925	0.0	0.0	0.0	0.0	0.0002511	-0.056819	-0.000339098	-0.0572546	0.0	0.0	0.0	0.0	0.000247558	-0.0564207	
17.6714586764	-0.000222968	-0.0567839	0.0	0.0	0.0	0.0	0.000249131	-0.0563211	-0.000341943	-0.0567479	0.0	0.0	0.0	0.0	0.00024187	-0.0559317	
17.8285383091	-0.000213368	-0.0562841	0.0	0.0	0.0	0.0	0.000247145	-0.0558316	-0.000344482	-0.05625	0.0	0.0	0.0	0.0	0.000236367	-0.0554509	
17.9856179418	-0.000204159	-0.055793	0.0	0.0	0.0	0.0	0.000245144	-0.0553505	-0.000346734	-0.0557606	0.0	0.0	0.0	0.0	0.000231039	-0.0549782	
18.1426975745	-0.000195325	-0.0553102	0.0	0.0	0.0	0.0	0.00024313	-0.0548775	-0.000348714	-0.0552795	0.0	0.0	0.0	0.0	0.000225881	-0.0545133	
18.2997772072	-0.000186849	-0.0548355	0.0	0.0	0.0	0.0	0.000241108	-0.0544124	-0.000350437	-0.0548064	0.0	0.0	0.0	0.0	0.000220885	-0.0540562	
18.4568568398	-0.000178716	-0.0543689	0.0	0.0	0.0	0.0	0.000239077	-0.0539551	-0.000351918	-0.0543413	0.0	0.0	0.0	0.0	0.000216046	-0.0536065	
18.6139364725	-0.00017091	-0.05391	0.0	0.0	0.0	0.0	0.000237042	-0.0535052	-0.000353171	-0.0538838	0.0	0.0	0.0	0.0	0.000211356	-0.0531642	
18.7710161052	-0.000163418	-0.0534588	0.0	0.0	0.0	0.0	0.000235004	-0.0530627	-0.000354208	-0.0534339	0.0	0.0	0.0	0.0	0.000206812	-0.052729	
18.9280957379	-0.000156226	-0.0530149	0.0	0.0	0.0	0.0	0.000232963	-0.0526273	-0.000355043	-0.0529913	0.0	0.0	0.0	0.0	0.000202406	-0.0523007	
19.0851753706	-0.000149321	-0.0525782	0.0	0.0	0.0	0.0	0.000230924	-0.052199	-0.000355686	-0.0525559	0.0	0.0	0.0	0.0	0.000198133	-0.0518793	
19.2422550032	-0.000142692	-0.0521487	0.0	0.0	0.0	0.0	0.000228886	-0.0517775	-0.000356149	-0.0521275	0.0	0.0	0.0	0.0	0.000193989	-0.0514646	
19.3993346359	-0.000136326	-0.051726	0.0	0.0	0.0	0.0	0.000226851	-0.0513626	-0.000356442	-0.0517059	0.0	0.0	0.0	0.0	0.000189969	-0.0510563	
19.5564142686	-0.000130212	-0.05131	0.0	0.0	0.0	0.0	0.000224821	-0.0509543	-0.000356575	-0.0512909	0.0	0.0	0.0	0.0	0.000186067	-0.0506544	
19.7134939013	-0.000124339	-0.0509006	0.0	0.0	0.0	0.0	0.000222797	-0.0505524	-0.000356558	-0.0508826	0.0	0.0	0.0	0.0	0.000182281	-0.0502586	
19.870573534	-0.000118697	-0.0504977	0.0	0.0	0.0	0.0	0.00022078	-0.0501566	-0.0003564	-0.0504805	0.0	0.0	0.0	0.0	0.000178604	-0.049869	
20.0276531666	-0.000113278	-0.050101	0.0	0.0	0.0	0.0	0.00021877	-0.049767	-0.000356109	-0.0500848	0.0	0.0	0.0	0.0	0.000175034	-0.0494852	
20.1847327993	-0.00010807	-0.0497104	0.0	0.0	0.0	0.0	0.00021677	-0.0493833	-0.000355693	-0.0496951	0.0	0.0	0.0	0.0	0.000171567	-0.0491073	
20.341812432	-0.000103066	-0.0493259	0.0	0.0	0.0	0.0	0.00021478	-0.0490054	-0.000355159	-0.0493113	0.0	0.0	0.0	0.0	0.000168198	-0.048735	
20.4988920647	-9.82568e-05	-0.0489472	0.0	0.0	0.0	0.0	0.0002128	-0.0486332	-0.000354516	-0.0489334	0.0	0.0	0.0	0.0	0.000164924	-0.0483683	
20.6559716974	-9.36345e-05	-0.0485742	0.0	0.0	0.0	0.0	0.000210832	-0.0482666	-0.000353769	-0.0485611	0.0	0.0	0.0	0.0	0.000161743	-0.048007	
20.81305133	-8.91914e-05	-0.0482068	0.0	0.0	0.0	0.0	0.000208876	-0.0479054	-0.000352925	-0.0481945	0.0	0.0	0.0	0.0	0.000158649	-0.047651	
20.9701309627	-8.49201e-05	-0.0478449	0.0	0.0	0.0	0.0	0.000206933	-0.0475495	-0.000351991	-0.0478332	0.0	0.0	0.0	0.0	0.000155642	-0.0473001	
21.1272105954	-8.08135e-05	-0.0474884	0.0	0.0	0.0	0.0	0.000205003	-0.0471988	-0.000350971	-0.0474773	0.0	0.0	0.0	0.0	0.000152716	-0.0469544	
21.2842902281	-7.68649e-05	-0.0471371	0.0	0.0	0.0	0.0	0.000203086	-0.0468533	-0.000349873	-0.0471266	0.0	0.0	0.0	0.0	0.000149871	-0.0466136	
21.4413698608	-7.30678e-05	-0.0467909	0.0	0.0	0.0	0.0	0.000201185	-0.0465127	-0.000348699	-0.046781	0.0	0.0	0.0	0.0	0.000147102	-0.0462777	
21.5984494934	-6.94162e-05	-0.0464498	0.0	0.0	0.0	0.0	0.000199297	-0.0461769	-0.000347457	-0.0464404	0.0	0.0	0.0	0.0	0.000144407	-0.0459465	
21.7555291261	-6.59041e-05	-0.0461135	0.0	0.0	0.0	0.0	0.000197425	-0.045846	-0.00034615	-0.0461047	0.0	0.0	0.0	0.0	0.000141784	-0.04562	
21.9126087588	-6.2526e-05	-0.0457821	0.0	0.0	0.0	0.0	0.000195568	-0.0455197	-0.000344783	-0.0457737	0.0	0.0	0.0	0.0	0.000139231	-0.0452981	
22.0696883915	-5.92763e-05	-0.0454553	0.0	0.0	0.0	0.0	0.000193727	-0.045198	-0.000343359	-0.0454475	0.0	0.0	0.0	0.0	0.000136744	-0.0449806	
22.2267680241	-5.61501e-05	-0.0451332	0.0	0.0	0.0	0.0	0.000191902	-0.0448808	-0.000341884	-0.0451258	0.0	0.0	0.0	0.0	0.000134322	-0.0446675	
22.3838476568	-5.31423e-05	-0.0448156	0.0	0.0	0.0	0.0	0.000190094	-0.044568	-0.00034036	-0.0448086	0.0	0.0	0.0	0.0	0.000131962	-0.0443587	
22.5409272895	-5.02483e-05	-0.0445024	0.0	0.0	0.0	0.0	0.000188301	-0.0442594	-0.000338791	-0.0444958	0.0	0.0	0.0	0.0	0.000129663	-0.0440541	
22.6980069222	-4.74635e-05	-0.0441935	0.0	0.0	0.0	0.0	0.000186525	-0.0439551	-0.000337181	-0.0441873	0.0	0.0	0.0	0.0	0.000127422	-0.0437537	
22.8550865549	-4.47837e-05	-0.0438889	0.0	0.0	0.0	0.0	0.000184766	-0.0436549	-0.000335532	-0.0438831	0.0	0.0	0.0	0.0	0.000125238	-0.0434572	
23.0121661875	-4.22047e-05	-0.0435884	0.0	0.0	0.0	0.0	0.000183023	-0.0433588	-0.000333849	-0.0435829	0.0	0.0	0.0	0.0	0.000123109	-0.0431647	
23.1692458202	-3.97226e-05	-0.043292	0.0	0.0	0.0	0.0	0.000181298	-0.0430666	-0.000332132	-0.0432869	0.0	0.0	0.0	0.0	0.000121033	-0.0428761	
23.3263254529	-3.73335e-05	-0.0429995	0.0	0.0	0.0	0.0	0.000179589	-0.0427783	-0.000330386	-0.0429948	0.0	0.0	0.0	0.0	0.000119008	-0.0425913	
23.4834050856	-3.5034e-05	-0.042711	0.0	0.0	0.0	0.0	0.000177898	-0.0424939	-0.000328613	-0.0427066	0.0	0.0	0.0	0.0	0.000117032	-0.0423103	
23.6404847183	-3.28204e-05	-0.0424263	0.0	0.0	0.0	0.0	0.000176224	-0.0422131	-0.000326815	-0.0424222	0.0	0.0	0.0	0.0	0.000115105	-0.0420328	
23.7975643509	-3.06895e-05	-0.0421454	0.0	0.0	0.0	0.0	0.000174566	-0.0419361	-0.000324994	-0.0421415	0.0	0.0	0.0	0.0	0.000113224	-0.041759	
23.9546439836	-2.8638e-05	-0.0418682	0.0	0.0	0.0	0.0	0.000172926	-0.0416626	-0.000323154	-0.0418645	0.0	0.0	0.0	0.0	0.000111389	-0.0414887	
24.1117236163	-2.66631e-05	-0.0415945	0.0	0.0	0.0	0.0	0.000171303	-0.0413926	-0.000321294	-0.0415912	0.0	0.0	0.0	0.0	0.000109597	-0.0412219	
24.268803249	-2.47616e-05	-0.0413244	0.0	0.0	0.0	0.0	0.000169697	-0.0411261	-0.000319419	-0.0413213	0.0	0.0	0.0	0.0	0.000107848	-0.0409584	
24.4258828817	-2.29308e-05	-0.0410578	0.0	0.0	0.0	0.0	0.000168108	-0.040863	-0.000317528	-0.0410549	0.0	0.0	0.0	0.0	0.00010614	-0.0406982	
24.5829625143	-2.11681e-05	-0.0407946	0.0	0.0	0.0	0.0	0.000166536	-0.0406032	-0.000315625	-0.0407919	0.0	0.0	0.0	0.0	0.000104472	-0.0404413	
24.740042147	-1.94708e-05	-0.0405348	0.0	0.0	0.0	0.0	0.000164981	-0.0403467	-0.000313711	-0.0405323	0.0	0.0	0.0	0.0	0.000102842	-0.0401877	
24.8971217797	-1.78365e-05	-0.0402782	0.0	0.0	0.0	0.0	0.000163442	-0.0400934	-0.000311787	-0.0402759	0.0	0.0	0.0	0.0	0.00010125	-0.0399371	
25.0542014124	-1.62628e-05	-0.0400248	0.0	0.0	0.0	0.0	0.000161921	-0.0398432	-0.000309855	-0.0400227	0.0	0.0	0.0	0.0	9.96943e-05	-0.0396896	
25.2112810451	-1.47474e-05	-0.0397746	0.0	0.0	0.0	0.0	0.000160416	-0.0395962	-0.000307916	-0.0397727	0.0	0.0	0.0	0.0	9.8174e-05	-0.0394452	
25.3683606777	-1.32881e-05	-0.0395275	0.0	0.0	0.0	0.0	0.000158928	-0.0393521	-0.000305971	-0.0395258	0.0	0.0	0.0	0.0	9.66879e-05	-0.0392037	
25.5254403104	-1.1883e-05	-0.0392834	0.0	0.0	0.0	0.0	0.000157456	-0.0391111	-0.000304022	-0.0392819	0.0	0.0	0.0	0.0	9.52352e-05	-0.0389652	
25.6825199431	-1.05298e-05	-0.0390424	0.0	0.0	0.0	0.0	0.000156	-0.0388729	-0.000302069	-0.039041	0.0	0.0	0.0	0.0	9.38147e-05	-0.0387295	
25.8395995758	-9.2268e-06	-0.0388042	0.0	0.0	0.0	0.0	0.000154561	-0.0386376	-0.000300115	-0.038803	0.0	0.0	0.0	0.0	9.24256e-05	-0.0384967	
25.9966792085	-7.97206e-06	-0.038569	0.0	0.0	0.0	0.0	0.000153138	-0.0384052	-0.000298159	-0.0385679	0.0	0.0	0.0	0.0	9.1067e-05	-0.0382666	
26.1537588411	-6.7638e-06	-0.0383366	0.0	0.0	0.0	0.0	0.000151731	-0.0381755	-0.000296204	-0.0383356	0.0	0.0	0.0	0.0	8.97381e-05	-0.0380392	
26.3108384738	-5.60033e-06	-0.0381069	0.0	0.0	0.0	0.0	0.00015034	-0.0379485	-0.000294249	-0.0381061	0.0	0.0	0.0	0.0	8.84379e-05	-0.0378145	
26.4679181065	-4.48e-06	-0.03788	0.0	0.0	0.0	0.0	0.000148964	-0.0377242	-0.000292295	-0.0378793	0.0	0.0	0.0	0.0	8.71657e-05	-0.0375924	
26.6249977392	-3.40124e-06	-0.0376558	0.0	0.0	0.0	0.0	0.000147605	-0.0375025	-0.000290344	-0.0376552	0.0	0.0	0.0	0.0	8.59206e-05	-0.0373729	
26.7820773719	-2.36253e-06	-0.0374342	0.0	0.0	0.0	0.0	0.00014626	-0.0372835	-0.000288396	-0.0374337	0.0	0.0	0.0	0.0	8.4702e-05	-0.0371559	
26.9391570045	-1.36243e-06	-0.0372151	0.0	0.0	0.0	0.0	0.000144931	-0.0370669	-0.000286452	-0.0372148	0.0	0.0	0.0	0.0	8.35091e-05	-0.0369414	
27.0962366372	-3.99538e-07	-0.0369987	0.0	0.0	0.0	0.0	0.000143617	-0.0368528	-0.000284513	-0.0369984	0.0	0.0	0.0	0.0	8.23412e-05	-0.0367294	
27.2533162699	5.27493e-07	-0.0367847	0.0	0.0	0.0	0.0	0.000142319	-0.0366412	-0.000282579	-0.0367845	0.0	0.0	0.0	0.0	8.11976e-05	-0.0365198	
27.4103959026	1.41995e-06	-0.0365732	0.0	0.0	0.0	0.0	0.000141035	-0.036432	-0.00028065	-0.0365731	0.0	0.0	0.0	0.0	8.00777e-05	-0.0363125	
27.5674755353	2.27908e-06	-0.0363641	0.0	0.0	0.0	0.0	0.000139766	-0.0362252	-0.000278728	-0.0363641	0.0	0.0	0.0	0.0	7.89808e-05	-0.0361076	
27.7245551679	3.10606e-06	-0.0361574	0.0	0.0	0.0	0.0	0.000138511	-0.0360207	-0.000276812	-0.0361575	0.0	0.0	0.0	0.0	7.79063e-05	-0.0359049	
27.8816348006	3.90206e-06	-0.035953	0.0	0.0	0.0	0.0	0.000137271	-0.0358184	-0.000274904	-0.0359532	0.0	0.0	0.0	0.0	7.68535e-05	-0.0357045	
28.0387144333	4.66816e-06	-0.0357509	0.0	0.0	0.0	0.0	0.000136045	-0.0356185	-0.000273004	-0.0357511	0.0	0.0	0.0	0.0	7.5822e-05	-0.0355063	
28.195794066	5.40544e-06	-0.0355511	0.0	0.0	0.0	0.0	0.000134834	-0.0354207	-0.000271112	-0.0355514	0.0	0.0	0.0	0.0	7.48112e-05	-0.0353103	
28.3528736986	6.11492e-06	-0.0353535	0.0	0.0	0.0	0.0	0.000133636	-0.0352251	-0.000269228	-0.0353538	0.0	0.0	0.0	0.0	7.38205e-05	-0.0351165	
28.5099533313	6.79757e-06	-0.035158	0.0	0.0	0.0	0.0	0.000132452	-0.0350317	-0.000267353	-0.0351585	0.0	0.0	0.0	0.0	7.28494e-05	-0.0349247	
28.667032964	7.45434e-06	-0.0349647	0.0	0.0	0.0	0.0	0.000131282	-0.0348403	-0.000265488	-0.0349653	0.0	0.0	0.0	0.0	7.18973e-05	-0.034735	
28.8241125967	8.08615e-06	-0.0347736	0.0	0.0	0.0	0.0	0.000130125	-0.0346511	-0.000263632	-0.0347741	0.0	0.0	0.0	0.0	7.09639e-05	-0.0345474	
28.9811922294	8.69387e-06	-0.0345845	0.0	0.0	0.0	0.0	0.000128982	-0.0344639	-0.000261786	-0.0345851	0.0	0.0	0.0	0.0	7.00486e-05	-0.0343617	
29.138271862	9.27833e-06	-0.0343974	0.0	0.0	0.0	0.0	0.000127851	-0.0342786	-0.00025995	-0.0343981	0.0	0.0	0.0	0.0	6.9151e-05	-0.034178	
29.2953514947	9.84037e-06	-0.0342124	0.0	0.0	0.0	0.0	0.000126734	-0.0340954	-0.000258124	-0.0342131	0.0	0.0	0.0	0.0	6.82705e-05	-0.0339963	
29.4524311274	1.03807e-05	-0.0340293	0.0	0.0	0.0	0.0	0.00012563	-0.0339141	-0.00025631	-0.0340301	0.0	0.0	0.0	0.0	6.74069e-05	-0.0338165	
29.6095107601	1.09002e-05	-0.0338482	0.0	0.0	0.0	0.0	0.000124539	-0.0337347	-0.000254505	-0.033849	0.0	0.0	0.0	0.0	6.65596e-05	-0.0336386	
29.7665903928	1.13995e-05	-0.033669	0.0	0.0	0.0	0.0	0.00012346	-0.0335572	-0.000252712	-0.0336699	0.0	0.0	0.0	0.0	6.57283e-05	-0.0334625	
29.9236700254	1.18794e-05	-0.0334917	0.0	0.0	0.0	0.0	0.000122393	-0.0333816	-0.000250931	-0.0334926	0.0	0.0	0.0	0.0	6.49125e-05	-0.0332883	
30.0807496581	1.23404e-05	-0.0333162	0.0	0.0	0.0	0.0	0.000121339	-0.0332077	-0.00024916	-0.0333172	0.0	0.0	0.0	0.0	6.4112e-05	-0.0331158	
30.2378292908	1.27832e-05	-0.0331426	0.0	0.0	0.0	0.0	0.000120297	-0.0330357	-0.000247401	-0.0331436	0.0	0.0	0.0	0.0	6.33262e-05	-0.0329451	
30.3949089235	1.32086e-05	-0.0329708	0.0	0.0	0.0	0.0	0.000119267	-0.0328654	-0.000245654	-0.0329718	0.0	0.0	0.0	0.0	6.25549e-05	-0.0327762	
30.5519885562	1.3617e-05	-0.0328007	0.0	0.0	0.0	0.0	0.000118248	-0.0326969	-0.000243918	-0.0328018	0.0	0.0	0.0	0.0	6.17976e-05	-0.032609	
30.7090681888	1.4009e-05	-0.0326324	0.0	0.0	0.0	0.0	0.000117242	-0.0325301	-0.000242194	-0.0326335	0.0	0.0	0.0	0.0	6.10542e-05	-0.0324435	
30.8661478215	1.43853e-05	-0.0324658	0.0	0.0	0.0	0.0	0.000116247	-0.032365	-0.000240483	-0.0324669	0.0	0.0	0.0	0.0	6.03241e-05	-0.0322796	
31.0232274542	1.47463e-05	-0.0323009	0.0	0.0	0.0	0.0	0.000115263	-0.0322015	-0.000238783	-0.032302	0.0	0.0	0.0	0.0	5.96072e-05	-0.0321174	
31.1803070869	1.50926e-05	-0.0321377	0.0	0.0	0.0	0.0	0.000114291	-0.0320397	-0.000237095	-0.0321388	0.0	0.0	0.0	0.0	5.89031e-05	-0.0319568	
31.3373867196	1.54247e-05	-0.0319761	0.0	0.0	0.0	0.0	0.000113329	-0.0318795	-0.00023542	-0.0319773	0.0	0.0	0.0	0.0	5.82115e-05	-0.0317977	
31.4944663522	1.5743e-05	-0.0318161	0.0	0.0	0.0	0.0	0.000112379	-0.0317209	-0.000233757	-0.0318173	0.0	0.0	0.0	0.0	5.75321e-05	-0.0316403	
31.6515459849	1.60481e-05	-0.0316577	0.0	0.0	0.0	0.0	0.00011144	-0.0315639	-0.000232106	-0.0316589	0.0	0.0	0.0	0.0	5.68646e-05	-0.0314844	
31.8086256176	1.63403e-05	-0.0315009	0.0	0.0	0.0	0.0	0.000110511	-0.0314084	-0.000230467	-0.0315021	0.0	0.0	0.0	0.0	5.62087e-05	-0.03133	
31.9657052503	1.66202e-05	-0.0313456	0.0	0.0	0.0	0.0	0.000109592	-0.0312544	-0.000228841	-0.0313469	0.0	0.0	0.0	0.0	5.55643e-05	-0.0311771	
32.122784883	1.6888e-05	-0.0311919	0.0	0.0	0.0	0.0	0.000108685	-0.0311019	-0.000227227	-0.0311932	0.0	0.0	0.0	0.0	5.49309e-05	-0.0310257	
32.2798645156	1.71443e-05	-0.0310396	0.0	0.0	0.0	0.0	0.000107787	-0.0309509	-0.000225626	-0.0310409	0.0	0.0	0.0	0.0	5.43084e-05	-0.0308758	
32.4369441483	1.73894e-05	-0.0308888	0.0	0.0	0.0	0.0	0.0001069	-0.0308014	-0.000224037	-0.0308902	0.0	0.0	0.0	0.0	5.36966e-05	-0.0307273	
32.594023781	1.76237e-05	-0.0307395	0.0	0.0	0.0	0.0	0.000106022	-0.0306533	-0.00022246	-0.0307409	0.0	0.0	0.0	0.0	5.30951e-05	-0.0305802	
32.7511034137	1.78476e-05	-0.0305917	0.0	0.0	0.0	0.0	0.000105155	-0.0305066	-0.000220895	-0.030593	0.0	0.0	0.0	0.0	5.25038e-05	-0.0304345	
32.9081830464	1.80614e-05	-0.0304452	0.0	0.0	0.0	0.0	0.000104297	-0.0303613	-0.000219343	-0.0304466	0.0	0.0	0.0	0.0	5.19224e-05	-0.0302902	
33.065262679	1.82655e-05	-0.0303001	0.0	0.0	0.0	0.0	0.000103449	-0.0302174	-0.000217804	-0.0303015	0.0	0.0	0.0	0.0	5.13507e-05	-0.0301472	
33.2223423117	1.84601e-05	-0.0301564	0.0	0.0	0.0	0.0	0.00010261	-0.0300748	-0.000216276	-0.0301578	0.0	0.0	0.0	0.0	5.07885e-05	-0.0300056	
33.3794219444	1.86456e-05	-0.0300141	0.0	0.0	0.0	0.0	0.000101781	-0.0299336	-0.000214761	-0.0300155	0.0	0.0	0.0	0.0	5.02355e-05	-0.0298653	
33.5365015771	1.88223e-05	-0.0298731	0.0	0.0	0.0	0.0	0.000100961	-0.0297936	-0.000213259	-0.0298745	0.0	0.0	0.0	0.0	4.96917e-05	-0.0297263	
33.6935812098	1.89905e-05	-0.0297334	0.0	0.0	0.0	0.0	0.00010015	-0.029655	-0.000211768	-0.0297349	0.0	0.0	0.0	0.0	4.91567e-05	-0.0295886	
33.8506608424	1.91505e-05	-0.0295951	0.0	0.0	0.0	0.0	9.9348e-05	-0.0295177	-0.00021029	-0.0295965	0.0	0.0	0.0	0.0	4.86304e-05	-0.0294521	
34.0077404751	1.93026e-05	-0.029458	0.0	0.0	0.0	0.0	9.8555e-05	-0.0293816	-0.000208823	-0.0294594	0.0	0.0	0.0	0.0	4.81126e-05	-0.0293169	
34.1648201078	1.94469e-05	-0.0293221	0.0	0.0	0.0	0.0	9.77708e-05	-0.0292468	-0.000207369	-0.0293236	0.0	0.0	0.0	0.0	4.76031e-05	-0.029183	
34.3218997405	1.95839e-05	-0.0291876	0.0	0.0	0.0	0.0	9.69953e-05	-0.0291132	-0.000205927	-0.029189	0.0	0.0	0.0	0.0	4.71018e-05	-0.0290502	
34.4789793731	1.97136e-05	-0.0290542	0.0	0.0	0.0	0.0	9.62284e-05	-0.0289808	-0.000204497	-0.0290556	0.0	0.0	0.0	0.0	4.66084e-05	-0.0289186	
34.6360590058	1.98365e-05	-0.0289221	0.0	0.0	0.0	0.0	9.54699e-05	-0.0288496	-0.000203079	-0.0289235	0.0	0.0	0.0	0.0	4.61229e-05	-0.0287883	
34.7931386385	1.99526e-05	-0.0287911	0.0	0.0	0.0	0.0	9.47197e-05	-0.0287196	-0.000201672	-0.0287926	0.0	0.0	0.0	0.0	4.56449e-05	-0.0286591	
34.9502182712	2.00622e-05	-0.0286614	0.0	0.0	0.0	0.0	9.39778e-05	-0.0285908	-0.000200278	-0.0286628	0.0	0.0	0.0	0.0	4.51745e-05	-0.028531	
35.1072979039	2.01656e-05	-0.0285328	0.0	0.0	0.0	0.0	9.32439e-05	-0.0284631	-0.000198895	-0.0285342	0.0	0.0	0.0	0.0	4.47114e-05	-0.0284041	
35.2643775365	2.02629e-05	-0.0284053	0.0	0.0	0.0	0.0	9.25181e-05	-0.0283366	-0.000197524	-0.0284068	0.0	0.0	0.0	0.0	4.42554e-05	-0.0282783	
35.4214571692	2.03544e-05	-0.028279	0.0	0.0	0.0	0.0	9.18002e-05	-0.0282111	-0.000196164	-0.0282805	0.0	0.0	0.0	0.0	4.38065e-05	-0.0281536	
35.5785368019	2.04402e-05	-0.0281538	0.0	0.0	0.0	0.0	9.10901e-05	-0.0280868	-0.000194816	-0.0281553	0.0	0.0	0.0	0.0	4.33645e-05	-0.02803	
35.7356164346	2.05205e-05	-0.0280297	0.0	0.0	0.0	0.0	9.03877e-05	-0.0279635	-0.00019348	-0.0280312	0.0	0.0	0.0	0.0	4.29292e-05	-0.0279075	
35.8926960673	2.05956e-05	-0.0279067	0.0	0.0	0.0	0.0	8.96928e-05	-0.0278414	-0.000192155	-0.0279082	0.0	0.0	0.0	0.0	4.25005e-05	-0.027786	
36.0497756999	2.06655e-05	-0.0277848	0.0	0.0	0.0	0.0	8.90055e-05	-0.0277203	-0.000190841	-0.0277862	0.0	0.0	0.0	0.0	4.20782e-05	-0.0276656	
36.2068553326	2.07305e-05	-0.0276639	0.0	0.0	0.0	0.0	8.83256e-05	-0.0276002	-0.000189538	-0.0276654	0.0	0.0	0.0	0.0	4.16624e-05	-0.0275462	
36.3639349653	2.07907e-05	-0.0275441	0.0	0.0	0.0	0.0	8.7653e-05	-0.0274812	-0.000188247	-0.0275456	0.0	0.0	0.0	0.0	4.12527e-05	-0.0274279	
36.521014598	2.08464e-05	-0.0274253	0.0	0.0	0.0	0.0	8.69876e-05	-0.0273632	-0.000186967	-0.0274268	0.0	0.0	0.0	0.0	4.08491e-05	-0.0273105	
36.6780942307	2.08975e-05	-0.0273075	0.0	0.0	0.0	0.0	8.63293e-05	-0.0272462	-0.000185697	-0.027309	0.0	0.0	0.0	0.0	4.04515e-05	-0.0271942	
36.8351738633	2.09443e-05	-0.0271908	0.0	0.0	0.0	0.0	8.5678e-05	-0.0271302	-0.000184439	-0.0271922	0.0	0.0	0.0	0.0	4.00598e-05	-0.0270788	
36.992253496	2.0987e-05	-0.027075	0.0	0.0	0.0	0.0	8.50337e-05	-0.0270152	-0.000183192	-0.0270765	0.0	0.0	0.0	0.0	3.96738e-05	-0.0269644	
37.1493331287	2.10257e-05	-0.0269602	0.0	0.0	0.0	0.0	8.43962e-05	-0.0269011	-0.000181955	-0.0269617	0.0	0.0	0.0	0.0	3.92934e-05	-0.026851	
37.3064127614	2.10604e-05	-0.0268464	0.0	0.0	0.0	0.0	8.37654e-05	-0.026788	-0.000180729	-0.0268479	0.0	0.0	0.0	0.0	3.89185e-05	-0.0267385	
37.4634923941	2.10914e-05	-0.0267336	0.0	0.0	0.0	0.0	8.31413e-05	-0.0266759	-0.000179513	-0.026735	0.0	0.0	0.0	0.0	3.85491e-05	-0.0266269	
37.6205720267	2.11188e-05	-0.0266217	0.0	0.0	0.0	0.0	8.25238e-05	-0.0265647	-0.000178308	-0.0266231	0.0	0.0	0.0	0.0	3.81849e-05	-0.0265163	
37.7776516594	2.11426e-05	-0.0265107	0.0	0.0	0.0	0.0	8.19128e-05	-0.0264544	-0.000177114	-0.0265121	0.0	0.0	0.0	0.0	3.7826e-05	-0.0264066	
37.9347312921	2.11631e-05	-0.0264006	0.0	0.0	0.0	0.0	8.13082e-05	-0.026345	-0.00017593	-0.0264021	0.0	0.0	0.0	0.0	3.74722e-05	-0.0262978	
38.0918109248	2.11803e-05	-0.0262915	0.0	0.0	0.0	0.0	8.07099e-05	-0.0262365	-0.000174756	-0.0262929	0.0	0.0	0.0	0.0	3.71234e-05	-0.0261899	
38.2488905575	2.11943e-05	-0.0261832	0.0	0.0	0.0	0.0	8.01179e-05	-0.0261289	-0.000173592	-0.0261847	0.0	0.0	0.0	0.0	3.67795e-05	-0.0260828	
38.4059701901	2.12053e-05	-0.0260759	0.0	0.0	0.0	0.0	7.9532e-05	-0.0260222	-0.000172438	-0.0260773	0.0	0.0	0.0	0.0	3.64404e-05	-0.0259767	
38.5630498228	2.12133e-05	-0.0259694	0.0	0.0	0.0	0.0	7.89523e-05	-0.0259163	-0.000171295	-0.0259708	0.0	0.0	0.0	0.0	3.61061e-05	-0.0258714	
38.7201294555	2.12184e-05	-0.0258638	0.0	0.0	0.0	0.0	7.83785e-05	-0.0258114	-0.000170161	-0.0258652	0.0	0.0	0.0	0.0	3.57764e-05	-0.0257669	
38.8772090882	2.12208e-05	-0.025759	0.0	0.0	0.0	0.0	7.78106e-05	-0.0257072	-0.000169037	-0.0257604	0.0	0.0	0.0	0.0	3.54512e-05	-0.0256633	
39.0342887209	2.12206e-05	-0.0256551	0.0	0.0	0.0	0.0	7.72486e-05	-0.0256039	-0.000167923	-0.0256565	0.0	0.0	0.0	0.0	3.51306e-05	-0.0255605	
39.1913683535	2.12178e-05	-0.025552	0.0	0.0	0.0	0.0	7.66924e-05	-0.0255014	-0.000166818	-0.0255534	0.0	0.0	0.0	0.0	3.48143e-05	-0.0254585	
39.3484479862	2.12125e-05	-0.0254498	0.0	0.0	0.0	0.0	7.61419e-05	-0.0253998	-0.000165724	-0.0254512	0.0	0.0	0.0	0.0	3.45024e-05	-0.0253573	
39.5055276189	2.12048e-05	-0.0253484	0.0	0.0	0.0	0.0	7.5597e-05	-0.0252989	-0.000164638	-0.0253497	0.0	0.0	0.0	0.0	3.41946e-05	-0.025257	
39.6626072516	2.11947e-05	-0.0252477	0.0	0.0	0.0	0.0	7.50577e-05	-0.0251988	-0.000163562	-0.0252491	0.0	0.0	0.0	0.0	3.38911e-05	-0.0251574	
39.8196868843	2.11825e-05	-0.0251479	0.0	0.0	0.0	0.0	7.45239e-05	-0.0250996	-0.000162496	-0.0251493	0.0	0.0	0.0	0.0	3.35916e-05	-0.0250586	
39.9767665169	2.11681e-05	-0.0250488	0.0	0.0	0.0	0.0	7.39955e-05	-0.0250011	-0.000161438	-0.0250502	0.0	0.0	0.0	0.0	3.32961e-05	-0.0249606	
40.1338461496	2.11517e-05	-0.0249506	0.0	0.0	0.0	0.0	7.34724e-05	-0.0249033	-0.00016039	-0.0249519	0.0	0.0	0.0	0.0	3.30046e-05	-0.0248633	
40.2909257823	2.11332e-05	-0.0248531	0.0	0.0	0.0	0.0	7.29546e-05	-0.0248064	-0.000159351	-0.0248544	0.0	0.0	0.0	0.0	3.2717e-05	-0.0247668	
40.448005415	2.11128e-05	-0.0247563	0.0	0.0	0.0	0.0	7.24421e-05	-0.0247102	-0.000158321	-0.0247577	0.0	0.0	0.0	0.0	3.24331e-05	-0.024671	
40.6050850476	2.10905e-05	-0.0246603	0.0	0.0	0.0	0.0	7.19347e-05	-0.0246147	-0.000157299	-0.0246617	0.0	0.0	0.0	0.0	3.2153e-05	-0.024576	
40.7621646803	2.10665e-05	-0.0245651	0.0	0.0	0.0	0.0	7.14323e-05	-0.0245199	-0.000156287	-0.0245664	0.0	0.0	0.0	0.0	3.18765e-05	-0.0244817	
40.919244313	2.10407e-05	-0.0244706	0.0	0.0	0.0	0.0	7.0935e-05	-0.0244259	-0.000155283	-0.0244719	0.0	0.0	0.0	0.0	3.16037e-05	-0.0243881	
41.0763239457	2.10132e-05	-0.0243768	0.0	0.0	0.0	0.0	7.04427e-05	-0.0243326	-0.000154288	-0.0243781	0.0	0.0	0.0	0.0	3.13344e-05	-0.0242952	
41.2334035784	2.09841e-05	-0.0242837	0.0	0.0	0.0	0.0	6.99552e-05	-0.0242401	-0.000153302	-0.024285	0.0	0.0	0.0	0.0	3.10685e-05	-0.024203	
41.390483211	2.09535e-05	-0.0241913	0.0	0.0	0.0	0.0	6.94726e-05	-0.0241482	-0.000152324	-0.0241926	0.0	0.0	0.0	0.0	3.08061e-05	-0.0241116	
41.5475628437	2.09214e-05	-0.0240997	0.0	0.0	0.0	0.0	6.89948e-05	-0.024057	-0.000151355	-0.024101	0.0	0.0	0.0	0.0	3.05471e-05	-0.0240208	
41.7046424764	2.08878e-05	-0.0240087	0.0	0.0	0.0	0.0	6.85217e-05	-0.0239665	-0.000150393	-0.02401	0.0	0.0	0.0	0.0	3.02913e-05	-0.0239307	
41.8617221091	2.08529e-05	-0.0239184	0.0	0.0	0.0	0.0	6.80532e-05	-0.0238766	-0.000149441	-0.0239197	0.0	0.0	0.0	0.0	3.00388e-05	-0.0238412	
42.0188017418	2.08166e-05	-0.0238288	0.0	0.0	0.0	0.0	6.75894e-05	-0.0237875	-0.000148496	-0.0238301	0.0	0.0	0.0	0.0	2.97895e-05	-0.0237525	
42.1758813744	2.0779e-05	-0.0237399	0.0	0.0	0.0	0.0	6.71301e-05	-0.023699	-0.000147559	-0.0237411	0.0	0.0	0.0	0.0	2.95433e-05	-0.0236643	
42.3329610071	2.07402e-05	-0.0236516	0.0	0.0	0.0	0.0	6.66752e-05	-0.0236112	-0.000146631	-0.0236528	0.0	0.0	0.0	0.0	2.93003e-05	-0.0235769	
42.4900406398	2.07003e-05	-0.0235639	0.0	0.0	0.0	0.0	6.62248e-05	-0.023524	-0.00014571	-0.0235652	0.0	0.0	0.0	0.0	2.90602e-05	-0.02349	
42.6471202725	2.06591e-05	-0.023477	0.0	0.0	0.0	0.0	6.57788e-05	-0.0234374	-0.000144798	-0.0234782	0.0	0.0	0.0	0.0	2.88231e-05	-0.0234039	
42.8041999052	2.06169e-05	-0.0233906	0.0	0.0	0.0	0.0	6.53371e-05	-0.0233515	-0.000143893	-0.0233919	0.0	0.0	0.0	0.0	2.8589e-05	-0.0233183	
42.9612795378	2.05736e-05	-0.0233049	0.0	0.0	0.0	0.0	6.48997e-05	-0.0232662	-0.000142996	-0.0233062	0.0	0.0	0.0	0.0	2.83577e-05	-0.0232334	
43.1183591705	2.05293e-05	-0.0232198	0.0	0.0	0.0	0.0	6.44665e-05	-0.0231815	-0.000142106	-0.0232211	0.0	0.0	0.0	0.0	2.81293e-05	-0.023149	
43.2754388032	2.0484e-05	-0.0231354	0.0	0.0	0.0	0.0	6.40374e-05	-0.0230975	-0.000141224	-0.0231366	0.0	0.0	0.0	0.0	2.79037e-05	-0.0230653	
43.4325184359	2.04378e-05	-0.0230515	0.0	0.0	0.0	0.0	6.36125e-05	-0.023014	-0.00014035	-0.0230528	0.0	0.0	0.0	0.0	2.76808e-05	-0.0229822	
43.5895980686	2.03907e-05	-0.0229683	0.0	0.0	0.0	0.0	6.31916e-05	-0.0229312	-0.000139483	-0.0229695	0.0	0.0	0.0	0.0	2.74607e-05	-0.0228997	
43.7466777012	2.03427e-05	-0.0228856	0.0	0.0	0.0	0.0	6.27748e-05	-0.0228489	-0.000138623	-0.0228869	0.0	0.0	0.0	0.0	2.72431e-05	-0.0228178	
43.9037573339	2.02939e-05	-0.0228036	0.0	0.0	0.0	0.0	6.23619e-05	-0.0227673	-0.000137771	-0.0228048	0.0	0.0	0.0	0.0	2.70282e-05	-0.0227364	
44.0608369666	2.02444e-05	-0.0227221	0.0	0.0	0.0	0.0	6.19529e-05	-0.0226862	-0.000136926	-0.0227233	0.0	0.0	0.0	0.0	2.68159e-05	-0.0226557	
44.2179165993	2.0194e-05	-0.0226412	0.0	0.0	0.0	0.0	6.15479e-05	-0.0226057	-0.000136088	-0.0226424	0.0	0.0	0.0	0.0	2.66061e-05	-0.0225755	
44.374996232	2.01429e-05	-0.0225609	0.0	0.0	0.0	0.0	6.11466e-05	-0.0225257	-0.000135257	-0.0225621	0.0	0.0	0.0	0.0	2.63988e-05	-0.0224959	
44.5320758646	2.00912e-05	-0.0224812	0.0	0.0	0.0	0.0	6.07491e-05	-0.0224463	-0.000134433	-0.0224824	0.0	0.0	0.0	0.0	2.61939e-05	-0.0224168	
44.6891554973	2.00387e-05	-0.022402	0.0	0.0	0.0	0.0	6.03554e-05	-0.0223675	-0.000133616	-0.0224032	0.0	0.0	0.0	0.0	2.59915e-05	-0.0223383	
44.84623513	1.99857e-05	-0.0223234	0.0	0.0	0.0	0.0	5.99653e-05	-0.0222893	-0.000132806	-0.0223246	0.0	0.0	0.0	0.0	2.57914e-05	-0.0222603	
45.0033147627	1.9932e-05	-0.0222453	0.0	0.0	0.0	0.0	5.95789e-05	-0.0222115	-0.000132003	-0.0222465	0.0	0.0	0.0	0.0	2.55937e-05	-0.0221829	
45.1603943954	1.98777e-05	-0.0221678	0.0	0.0	0.0	0.0	5.91961e-05	-0.0221343	-0.000131206	-0.0221689	0.0	0.0	0.0	0.0	2.53982e-05	-0.022106	
45.317474028	1.98229e-05	-0.0220908	0.0	0.0	0.0	0.0	5.88168e-05	-0.0220577	-0.000130416	-0.0220919	0.0	0.0	0.0	0.0	2.5205e-05	-0.0220296	
45.4745536607	1.97676e-05	-0.0220143	0.0	0.0	0.0	0.0	5.84411e-05	-0.0219816	-0.000129633	-0.0220155	0.0	0.0	0.0	0.0	2.50141e-05	-0.0219538	
45.6316332934	1.97118e-05	-0.0219384	0.0	0.0	0.0	0.0	5.80688e-05	-0.021906	-0.000128856	-0.0219395	0.0	0.0	0.0	0.0	2.48254e-05	-0.0218785	
45.7887129261	1.96554e-05	-0.021863	0.0	0.0	0.0	0.0	5.77e-05	-0.0218309	-0.000128086	-0.0218641	0.0	0.0	0.0	0.0	2.46388e-05	-0.0218036	
45.9457925588	1.95987e-05	-0.0217881	0.0	0.0	0.0	0.0	5.73346e-05	-0.0217563	-0.000127322	-0.0217892	0.0	0.0	0.0	0.0	2.44543e-05	-0.0217293	
46.1028721914	1.95415e-05	-0.0217137	0.0	0.0	0.0	0.0	5.69725e-05	-0.0216823	-0.000126565	-0.0217148	0.0	0.0	0.0	0.0	2.42719e-05	-0.0216556	
46.2599518241	1.94839e-05	-0.0216399	0.0	0.0	0.0	0.0	5.66137e-05	-0.0216087	-0.000125813	-0.021641	0.0	0.0	0.0	0.0	2.40916e-05	-0.0215823	
46.4170314568	1.94259e-05	-0.0215665	0.0	0.0	0.0	0.0	5.62583e-05	-0.0215356	-0.000125068	-0.0215676	0.0	0.0	0.0	0.0	2.39134e-05	-0.0215095	
46.5741110895	1.93675e-05	-0.0214936	0.0	0.0	0.0	0.0	5.5906e-05	-0.0214631	-0.000124329	-0.0214947	0.0	0.0	0.0	0.0	2.37371e-05	-0.0214372	
46.7311907221	1.93088e-05	-0.0214212	0.0	0.0	0.0	0.0	5.5557e-05	-0.021391	-0.000123597	-0.0214223	0.0	0.0	0.0	0.0	2.35628e-05	-0.0213653	
46.8882703548	1.92498e-05	-0.0213493	0.0	0.0	0.0	0.0	5.52111e-05	-0.0213194	-0.00012287	-0.0213504	0.0	0.0	0.0	0.0	2.33905e-05	-0.021294	
47.0453499875	1.91904e-05	-0.0212779	0.0	0.0	0.0	0.0	5.48683e-05	-0.0212483	-0.000122149	-0.021279	0.0	0.0	0.0	0.0	2.322e-05	-0.0212231	
47.2024296202	1.91308e-05	-0.021207	0.0	0.0	0.0	0.0	5.45287e-05	-0.0211776	-0.000121435	-0.021208	0.0	0.0	0.0	0.0	2.30515e-05	-0.0211527	
47.3595092529	1.90709e-05	-0.0211365	0.0	0.0	0.0	0.0	5.4192e-05	-0.0211074	-0.000120726	-0.0211376	0.0	0.0	0.0	0.0	2.28848e-05	-0.0210828	
47.5165888855	1.90107e-05	-0.0210665	0.0	0.0	0.0	0.0	5.38584e-05	-0.0210377	-0.000120022	-0.0210676	0.0	0.0	0.0	0.0	2.27199e-05	-0.0210133	
47.6736685182	1.89503e-05	-0.020997	0.0	0.0	0.0	0.0	5.35278e-05	-0.0209685	-0.000119325	-0.020998	0.0	0.0	0.0	0.0	2.25568e-05	-0.0209442	
47.8307481509	1.88897e-05	-0.0209279	0.0	0.0	0.0	0.0	5.32002e-05	-0.0208996	-0.000118633	-0.0209289	0.0	0.0	0.0	0.0	2.23955e-05	-0.0208757	
47.9878277836	1.88289e-05	-0.0208593	0.0	0.0	0.0	0.0	5.28754e-05	-0.0208313	-0.000117947	-0.0208603	0.0	0.0	0.0	0.0	2.2236e-05	-0.0208076	
48.1449074163	1.87679e-05	-0.0207911	0.0	0.0	0.0	0.0	5.25536e-05	-0.0207634	-0.000117267	-0.0207921	0.0	0.0	0.0	0.0	2.20782e-05	-0.0207399	
48.3019870489	1.87067e-05	-0.0207234	0.0	0.0	0.0	0.0	5.22345e-05	-0.0206959	-0.000116592	-0.0207244	0.0	0.0	0.0	0.0	2.19221e-05	-0.0206726	
48.4590666816	1.86453e-05	-0.0206561	0.0	0.0	0.0	0.0	5.19183e-05	-0.0206289	-0.000115922	-0.0206571	0.0	0.0	0.0	0.0	2.17676e-05	-0.0206058	
48.6161463143	1.85838e-05	-0.0205892	0.0	0.0	0.0	0.0	5.16049e-05	-0.0205623	-0.000115258	-0.0205902	0.0	0.0	0.0	0.0	2.16148e-05	-0.0205394	
48.773225947	1.85222e-05	-0.0205228	0.0	0.0	0.0	0.0	5.12943e-05	-0.0204961	-0.0001146	-0.0205238	0.0	0.0	0.0	0.0	2.14637e-05	-0.0204735	
48.9303055797	1.84604e-05	-0.0204568	0.0	0.0	0.0	0.0	5.09863e-05	-0.0204304	-0.000113946	-0.0204578	0.0	0.0	0.0	0.0	2.13141e-05	-0.0204079	
49.0873852123	1.83986e-05	-0.0203912	0.0	0.0	0.0	0.0	5.06811e-05	-0.020365	-0.000113298	-0.0203922	0.0	0.0	0.0	0.0	2.11662e-05	-0.0203428	
49.244464845	1.83366e-05	-0.0203261	0.0	0.0	0.0	0.0	5.03785e-05	-0.0203001	-0.000112655	-0.020327	0.0	0.0	0.0	0.0	2.10197e-05	-0.0202781	
49.4015444777	1.82745e-05	-0.0202613	0.0	0.0	0.0	0.0	5.00786e-05	-0.0202356	-0.000112018	-0.0202623	0.0	0.0	0.0	0.0	2.08749e-05	-0.0202138	
49.5586241104	1.82124e-05	-0.020197	0.0	0.0	0.0	0.0	4.97812e-05	-0.0201715	-0.000111385	-0.0201979	0.0	0.0	0.0	0.0	2.07315e-05	-0.0201499	
49.7157037431	1.81502e-05	-0.0201331	0.0	0.0	0.0	0.0	4.94865e-05	-0.0201078	-0.000110757	-0.020134	0.0	0.0	0.0	0.0	2.05896e-05	-0.0200864	
49.8727833757	1.8088e-05	-0.0200695	0.0	0.0	0.0	0.0	4.91942e-05	-0.0200446	-0.000110135	-0.0200705	0.0	0.0	0.0	0.0	2.04492e-05	-0.0200234	
50.0298630084	1.80257e-05	-0.0200064	0.0	0.0	0.0	0.0	4.89045e-05	-0.0199817	-0.000109517	-0.0200074	0.0	0.0	0.0	0.0	2.03103e-05	-0.0199607	
50.1869426411	1.79634e-05	-0.0199437	0.0	0.0	0.0	0.0	4.86173e-05	-0.0199192	-0.000108904	-0.0199446	0.0	0.0	0.0	0.0	2.01728e-05	-0.0198984	
50.3440222738	1.7901e-05	-0.0198814	0.0	0.0	0.0	0.0	4.83325e-05	-0.0198571	-0.000108296	-0.0198823	0.0	0.0	0.0	0.0	2.00367e-05	-0.0198364	
50.5011019065	1.78387e-05	-0.0198194	0.0	0.0	0.0	0.0	4.80502e-05	-0.0197953	-0.000107693	-0.0198204	0.0	0.0	0.0	0.0	1.9902e-05	-0.0197749	
50.6581815391	1.77763e-05	-0.0197579	0.0	0.0	0.0	0.0	4.77703e-05	-0.019734	-0.000107095	-0.0197588	0.0	0.0	0.0	0.0	1.97686e-05	-0.0197138	
50.8152611718	1.77139e-05	-0.0196967	0.0	0.0	0.0	0.0	4.74927e-05	-0.0196731	-0.000106501	-0.0196976	0.0	0.0	0.0	0.0	1.96367e-05	-0.019653	
50.9723408045	1.76516e-05	-0.0196359	0.0	0.0	0.0	0.0	4.72175e-05	-0.0196125	-0.000105913	-0.0196368	0.0	0.0	0.0	0.0	1.9506e-05	-0.0195926	
51.1294204372	1.75893e-05	-0.0195755	0.0	0.0	0.0	0.0	4.69447e-05	-0.0195523	-0.000105328	-0.0195764	0.0	0.0	0.0	0.0	1.93767e-05	-0.0195326	
51.2865000699	1.7527e-05	-0.0195154	0.0	0.0	0.0	0.0	4.66741e-05	-0.0194924	-0.000104749	-0.0195163	0.0	0.0	0.0	0.0	1.92487e-05	-0.0194729	
51.4435797025	1.74647e-05	-0.0194557	0.0	0.0	0.0	0.0	4.64058e-05	-0.0194329	-0.000104173	-0.0194566	0.0	0.0	0.0	0.0	1.9122e-05	-0.0194136	
51.6006593352	1.74025e-05	-0.0193964	0.0	0.0	0.0	0.0	4.61398e-05	-0.0193738	-0.000103603	-0.0193973	0.0	0.0	0.0	0.0	1.89965e-05	-0.0193546	
51.7577389679	1.73403e-05	-0.0193375	0.0	0.0	0.0	0.0	4.5876e-05	-0.0193151	-0.000103037	-0.0193383	0.0	0.0	0.0	0.0	1.88723e-05	-0.0192961	
51.9148186006	1.72782e-05	-0.0192789	0.0	0.0	0.0	0.0	4.56144e-05	-0.0192567	-0.000102475	-0.0192797	0.0	0.0	0.0	0.0	1.87493e-05	-0.0192378	
52.0718982333	1.72162e-05	-0.0192206	0.0	0.0	0.0	0.0	4.5355e-05	-0.0191986	-0.000101917	-0.0192215	0.0	0.0	0.0	0.0	1.86275e-05	-0.0191799	
52.2289778659	1.71542e-05	-0.0191627	0.0	0.0	0.0	0.0	4.50978e-05	-0.0191409	-0.000101364	-0.0191636	0.0	0.0	0.0	0.0	1.85069e-05	-0.0191224	
52.3860574986	1.70923e-05	-0.0191052	0.0	0.0	0.0	0.0	4.48426e-05	-0.0190835	-0.000100815	-0.019106	0.0	0.0	0.0	0.0	1.83875e-05	-0.0190652	
52.5431371313	1.70305e-05	-0.019048	0.0	0.0	0.0	0.0	4.45896e-05	-0.0190265	-0.000100271	-0.0190488	0.0	0.0	0.0	0.0	1.82693e-05	-0.0190084	
52.700216764	1.69687e-05	-0.0189911	0.0	0.0	0.0	0.0	4.43387e-05	-0.0189699	-9.97305e-05	-0.0189919	0.0	0.0	0.0	0.0	1.81523e-05	-0.0189518	
52.8572963966	1.69071e-05	-0.0189346	0.0	0.0	0.0	0.0	4.40898e-05	-0.0189135	-9.91943e-05	-0.0189354	0.0	0.0	0.0	0.0	1.80363e-05	-0.0188957	
53.0143760293	1.68456e-05	-0.0188784	0.0	0.0	0.0	0.0	4.3843e-05	-0.0188575	-9.86622e-05	-0.0188792	0.0	0.0	0.0	0.0	1.79215e-05	-0.0188398	
53.171455662	1.67841e-05	-0.0188225	0.0	0.0	0.0	0.0	4.35982e-05	-0.0188018	-9.81341e-05	-0.0188234	0.0	0.0	0.0	0.0	1.78078e-05	-0.0187843	
53.3285352947	1.67228e-05	-0.018767	0.0	0.0	0.0	0.0	4.33554e-05	-0.0187465	-9.76102e-05	-0.0187678	0.0	0.0	0.0	0.0	1.76952e-05	-0.0187291	
53.4856149274	1.66616e-05	-0.0187118	0.0	0.0	0.0	0.0	4.31146e-05	-0.0186915	-9.70902e-05	-0.0187126	0.0	0.0	0.0	0.0	1.75837e-05	-0.0186742	
53.64269456	1.66005e-05	-0.0186569	0.0	0.0	0.0	0.0	4.28758e-05	-0.0186368	-9.65742e-05	-0.0186577	0.0	0.0	0.0	0.0	1.74733e-05	-0.0186197	
53.7997741927	1.65395e-05	-0.0186024	0.0	0.0	0.0	0.0	4.26389e-05	-0.0185824	-9.60621e-05	-0.0186032	0.0	0.0	0.0	0.0	1.73639e-05	-0.0185654	
53.9568538254	1.64787e-05	-0.0185481	0.0	0.0	0.0	0.0	4.24039e-05	-0.0185283	-9.55539e-05	-0.0185489	0.0	0.0	0.0	0.0	1.72555e-05	-0.0185115	
54.1139334581	1.6418e-05	-0.0184942	0.0	0.0	0.0	0.0	4.21708e-05	-0.0184746	-9.50495e-05	-0.018495	0.0	0.0	0.0	0.0	1.71482e-05	-0.0184579	
54.2710130908	1.63574e-05	-0.0184406	0.0	0.0	0.0	0.0	4.19395e-05	-0.0184211	-9.4549e-05	-0.0184414	0.0	0.0	0.0	0.0	1.70418e-05	-0.0184046	
54.4280927234	1.6297e-05	-0.0183873	0.0	0.0	0.0	0.0	4.17102e-05	-0.018368	-9.40522e-05	-0.0183881	0.0	0.0	0.0	0.0	1.69365e-05	-0.0183516	
54.5851723561	1.62367e-05	-0.0183343	0.0	0.0	0.0	0.0	4.14826e-05	-0.0183152	-9.35592e-05	-0.0183351	0.0	0.0	0.0	0.0	1.68322e-05	-0.0182989	
54.7422519888	1.61765e-05	-0.0182816	0.0	0.0	0.0	0.0	4.12569e-05	-0.0182627	-9.30699e-05	-0.0182824	0.0	0.0	0.0	0.0	1.67288e-05	-0.0182465	
54.8993316215	1.61166e-05	-0.0182293	0.0	0.0	0.0	0.0	4.1033e-05	-0.0182104	-9.25843e-05	-0.01823	0.0	0.0	0.0	0.0	1.66264e-05	-0.0181945	
55.0564112542	1.60567e-05	-0.0181772	0.0	0.0	0.0	0.0	4.08109e-05	-0.0181585	-9.21023e-05	-0.0181779	0.0	0.0	0.0	0.0	1.6525e-05	-0.0181427	
55.2134908868	1.5997e-05	-0.0181254	0.0	0.0	0.0	0.0	4.05905e-05	-0.0181069	-9.16239e-05	-0.0181261	0.0	0.0	0.0	0.0	1.64245e-05	-0.0180912	
55.3705705195	1.59375e-05	-0.0180739	0.0	0.0	0.0	0.0	4.03719e-05	-0.0180555	-9.11491e-05	-0.0180746	0.0	0.0	0.0	0.0	1.63249e-05	-0.01804	
55.5276501522	1.58782e-05	-0.0180227	0.0	0.0	0.0	0.0	4.0155e-05	-0.0180045	-9.06778e-05	-0.0180234	0.0	0.0	0.0	0.0	1.62262e-05	-0.017989	
55.6847297849	1.5819e-05	-0.0179718	0.0	0.0	0.0	0.0	3.99399e-05	-0.0179537	-9.021e-05	-0.0179725	0.0	0.0	0.0	0.0	1.61284e-05	-0.0179384	
55.8418094176	1.57599e-05	-0.0179212	0.0	0.0	0.0	0.0	3.97264e-05	-0.0179033	-8.97457e-05	-0.0179219	0.0	0.0	0.0	0.0	1.60316e-05	-0.0178881	
55.9988890502	1.57011e-05	-0.0178708	0.0	0.0	0.0	0.0	3.95146e-05	-0.0178531	-8.92848e-05	-0.0178715	0.0	0.0	0.0	0.0	1.59356e-05	-0.017838	
56.1559686829	1.56424e-05	-0.0178208	0.0	0.0	0.0	0.0	3.93044e-05	-0.0178031	-8.88274e-05	-0.0178215	0.0	0.0	0.0	0.0	1.58405e-05	-0.0177882	
56.3130483156	1.55839e-05	-0.017771	0.0	0.0	0.0	0.0	3.90959e-05	-0.0177535	-8.83733e-05	-0.0177717	0.0	0.0	0.0	0.0	1.57462e-05	-0.0177387	
56.4701279483	1.55256e-05	-0.0177215	0.0	0.0	0.0	0.0	3.8889e-05	-0.0177042	-8.79225e-05	-0.0177222	0.0	0.0	0.0	0.0	1.56528e-05	-0.0176895	
56.627207581	1.54674e-05	-0.0176723	0.0	0.0	0.0	0.0	3.86837e-05	-0.0176551	-8.74751e-05	-0.017673	0.0	0.0	0.0	0.0	1.55603e-05	-0.0176405	
56.7842872136	1.54095e-05	-0.0176233	0.0	0.0	0.0	0.0	3.848e-05	-0.0176063	-8.70309e-05	-0.017624	0.0	0.0	0.0	0.0	1.54685e-05	-0.0175918	
56.9413668463	1.53517e-05	-0.0175746	0.0	0.0	0.0	0.0	3.82779e-05	-0.0175577	-8.659e-05	-0.0175753	0.0	0.0	0.0	0.0	1.53776e-05	-0.0175434	
57.098446479	1.52941e-05	-0.0175262	0.0	0.0	0.0	0.0	3.80773e-05	-0.0175094	-8.61523e-05	-0.0175269	0.0	0.0	0.0	0.0	1.52875e-05	-0.0174952	
57.2555261117	1.52367e-05	-0.0174781	0.0	0.0	0.0	0.0	3.78783e-05	-0.0174614	-8.57178e-05	-0.0174788	0.0	0.0	0.0	0.0	1.51982e-05	-0.0174473	
57.4126057444	1.51795e-05	-0.0174302	0.0	0.0	0.0	0.0	3.76808e-05	-0.0174137	-8.52865e-05	-0.0174309	0.0	0.0	0.0	0.0	1.51097e-05	-0.0173997	
57.569685377	1.51225e-05	-0.0173826	0.0	0.0	0.0	0.0	3.74849e-05	-0.0173662	-8.48583e-05	-0.0173832	0.0	0.0	0.0	0.0	1.5022e-05	-0.0173523	
57.7267650097	1.50656e-05	-0.0173352	0.0	0.0	0.0	0.0	3.72904e-05	-0.017319	-8.44332e-05	-0.0173359	0.0	0.0	0.0	0.0	1.4935e-05	-0.0173052	
57.8838446424	1.5009e-05	-0.0172881	0.0	0.0	0.0	0.0	3.70974e-05	-0.017272	-8.40112e-05	-0.0172888	0.0	0.0	0.0	0.0	1.48488e-05	-0.0172583	
58.0409242751	1.49526e-05	-0.0172412	0.0	0.0	0.0	0.0	3.69059e-05	-0.0172253	-8.35922e-05	-0.0172419	0.0	0.0	0.0	0.0	1.47634e-05	-0.0172117	
58.1980039078	1.48963e-05	-0.0171946	0.0	0.0	0.0	0.0	3.67158e-05	-0.0171788	-8.31762e-05	-0.0171953	0.0	0.0	0.0	0.0	1.46787e-05	-0.0171654	
58.3550835404	1.48403e-05	-0.0171483	0.0	0.0	0.0	0.0	3.65272e-05	-0.0171326	-8.27633e-05	-0.017149	0.0	0.0	0.0	0.0	1.45947e-05	-0.0171192	
58.5121631731	1.47844e-05	-0.0171022	0.0	0.0	0.0	0.0	3.634e-05	-0.0170866	-8.23533e-05	-0.0171029	0.0	0.0	0.0	0.0	1.45115e-05	-0.0170734	
58.6692428058	1.47288e-05	-0.0170564	0.0	0.0	0.0	0.0	3.61542e-05	-0.0170409	-8.19462e-05	-0.017057	0.0	0.0	0.0	0.0	1.4429e-05	-0.0170278	
58.8263224385	1.46733e-05	-0.0170108	0.0	0.0	0.0	0.0	3.59698e-05	-0.0169954	-8.1542e-05	-0.0170114	0.0	0.0	0.0	0.0	1.43472e-05	-0.0169824	
58.9834020711	1.46181e-05	-0.0169654	0.0	0.0	0.0	0.0	3.57868e-05	-0.0169502	-8.11407e-05	-0.016966	0.0	0.0	0.0	0.0	1.42661e-05	-0.0169372	
59.1404817038	1.45631e-05	-0.0169203	0.0	0.0	0.0	0.0	3.56051e-05	-0.0169052	-8.07423e-05	-0.0169209	0.0	0.0	0.0	0.0	1.41857e-05	-0.0168924	
59.2975613365	1.45082e-05	-0.0168754	0.0	0.0	0.0	0.0	3.54248e-05	-0.0168604	-8.03467e-05	-0.016876	0.0	0.0	0.0	0.0	1.4106e-05	-0.0168477	
59.4546409692	1.44536e-05	-0.0168308	0.0	0.0	0.0	0.0	3.52459e-05	-0.0168159	-7.99539e-05	-0.0168314	0.0	0.0	0.0	0.0	1.40269e-05	-0.0168033	
59.6117206019	1.43992e-05	-0.0167863	0.0	0.0	0.0	0.0	3.50683e-05	-0.0167716	-7.95639e-05	-0.016787	0.0	0.0	0.0	0.0	1.39486e-05	-0.0167591	
59.7688002345	1.4345e-05	-0.0167422	0.0	0.0	0.0	0.0	3.4892e-05	-0.0167275	-7.91767e-05	-0.0167428	0.0	0.0	0.0	0.0	1.38709e-05	-0.0167151	
59.9258798672	1.4291e-05	-0.0166982	0.0	0.0	0.0	0.0	3.4717e-05	-0.0166837	-7.87922e-05	-0.0166989	0.0	0.0	0.0	0.0	1.37938e-05	-0.0166714	
60.0829594999	1.42372e-05	-0.0166545	0.0	0.0	0.0	0.0	3.45433e-05	-0.0166401	-7.84104e-05	-0.0166551	0.0	0.0	0.0	0.0	1.37174e-05	-0.0166279	
60.2400391326	1.41836e-05	-0.016611	0.0	0.0	0.0	0.0	3.43708e-05	-0.0165967	-7.80312e-05	-0.0166117	0.0	0.0	0.0	0.0	1.36417e-05	-0.0165846	
60.3971187653	1.41302e-05	-0.0165678	0.0	0.0	0.0	0.0	3.41997e-05	-0.0165536	-7.76547e-05	-0.0165684	0.0	0.0	0.0	0.0	1.35666e-05	-0.0165416	
60.5541983979	1.4077e-05	-0.0165248	0.0	0.0	0.0	0.0	3.40298e-05	-0.0165107	-7.72809e-05	-0.0165254	0.0	0.0	0.0	0.0	1.34921e-05	-0.0164987	
60.7112780306	1.40241e-05	-0.016482	0.0	0.0	0.0	0.0	3.38611e-05	-0.016468	-7.69097e-05	-0.0164826	0.0	0.0	0.0	0.0	1.34182e-05	-0.0164561	
60.8683576633	1.39713e-05	-0.0164394	0.0	0.0	0.0	0.0	3.36937e-05	-0.0164255	-7.6541e-05	-0.01644	0.0	0.0	0.0	0.0	1.33449e-05	-0.0164137	
61.025437296	1.39188e-05	-0.016397	0.0	0.0	0.0	0.0	3.35275e-05	-0.0163832	-7.61749e-05	-0.0163976	0.0	0.0	0.0	0.0	1.32723e-05	-0.0163716	
61.1825169287	1.38665e-05	-0.0163549	0.0	0.0	0.0	0.0	3.33625e-05	-0.0163412	-7.58114e-05	-0.0163555	0.0	0.0	0.0	0.0	1.32002e-05	-0.0163296	
61.3395965613	1.38143e-05	-0.0163129	0.0	0.0	0.0	0.0	3.31987e-05	-0.0162994	-7.54504e-05	-0.0163135	0.0	0.0	0.0	0.0	1.31288e-05	-0.0162879	
61.496676194	1.37624e-05	-0.0162712	0.0	0.0	0.0	0.0	3.30361e-05	-0.0162578	-7.50918e-05	-0.0162718	0.0	0.0	0.0	0.0	1.30579e-05	-0.0162463	
61.6537558267	1.37107e-05	-0.0162297	0.0	0.0	0.0	0.0	3.28746e-05	-0.0162164	-7.47358e-05	-0.0162303	0.0	0.0	0.0	0.0	1.29876e-05	-0.016205	
61.8108354594	1.36593e-05	-0.0161884	0.0	0.0	0.0	0.0	3.27144e-05	-0.0161752	-7.43822e-05	-0.016189	0.0	0.0	0.0	0.0	1.29179e-05	-0.0161639	
61.9679150921	1.3608e-05	-0.0161473	0.0	0.0	0.0	0.0	3.25552e-05	-0.0161342	-7.4031e-05	-0.0161479	0.0	0.0	0.0	0.0	1.28487e-05	-0.016123	
62.1249947247	1.35569e-05	-0.0161065	0.0	0.0	0.0	0.0	3.23972e-05	-0.0160934	-7.36822e-05	-0.016107	0.0	0.0	0.0	0.0	1.27801e-05	-0.0160823	
62.2820743574	1.35061e-05	-0.0160658	0.0	0.0	0.0	0.0	3.22404e-05	-0.0160528	-7.33359e-05	-0.0160664	0.0	0.0	0.0	0.0	1.27121e-05	-0.0160418	
62.4391539901	1.34555e-05	-0.0160253	0.0	0.0	0.0	0.0	3.20846e-05	-0.0160125	-7.29918e-05	-0.0160259	0.0	0.0	0.0	0.0	1.26446e-05	-0.0160015	
62.5962336228	1.3405e-05	-0.0159851	0.0	0.0	0.0	0.0	3.193e-05	-0.0159723	-7.26502e-05	-0.0159856	0.0	0.0	0.0	0.0	1.25776e-05	-0.0159615	
62.7533132555	1.33548e-05	-0.015945	0.0	0.0	0.0	0.0	3.17765e-05	-0.0159323	-7.23108e-05	-0.0159456	0.0	0.0	0.0	0.0	1.25112e-05	-0.0159216	
62.9103928881	1.33048e-05	-0.0159051	0.0	0.0	0.0	0.0	3.1624e-05	-0.0158926	-7.19738e-05	-0.0159057	0.0	0.0	0.0	0.0	1.24454e-05	-0.0158819	
63.0674725208	1.3255e-05	-0.0158655	0.0	0.0	0.0	0.0	3.14727e-05	-0.015853	-7.16391e-05	-0.015866	0.0	0.0	0.0	0.0	1.238e-05	-0.0158424	
63.2245521535	1.32055e-05	-0.015826	0.0	0.0	0.0	0.0	3.13224e-05	-0.0158136	-7.13066e-05	-0.0158266	0.0	0.0	0.0	0.0	1.23152e-05	-0.0158031	
63.3816317862	1.31561e-05	-0.0157868	0.0	0.0	0.0	0.0	3.11732e-05	-0.0157745	-7.09763e-05	-0.0157873	0.0	0.0	0.0	0.0	1.22508e-05	-0.015764	
63.5387114189	1.31069e-05	-0.0157477	0.0	0.0	0.0	0.0	3.1025e-05	-0.0157355	-7.06483e-05	-0.0157482	0.0	0.0	0.0	0.0	1.2187e-05	-0.0157251	
63.6957910515	1.3058e-05	-0.0157088	0.0	0.0	0.0	0.0	3.08778e-05	-0.0156967	-7.03225e-05	-0.0157093	0.0	0.0	0.0	0.0	1.21237e-05	-0.0156864	
63.8528706842	1.30093e-05	-0.0156701	0.0	0.0	0.0	0.0	3.07317e-05	-0.0156581	-6.99989e-05	-0.0156707	0.0	0.0	0.0	0.0	1.20609e-05	-0.0156479	
64.0099503169	1.29608e-05	-0.0156316	0.0	0.0	0.0	0.0	3.05866e-05	-0.0156197	-6.96775e-05	-0.0156322	0.0	0.0	0.0	0.0	1.19986e-05	-0.0156095	
64.1670299496	1.29124e-05	-0.0155933	0.0	0.0	0.0	0.0	3.04425e-05	-0.0155815	-6.93582e-05	-0.0155938	0.0	0.0	0.0	0.0	1.19368e-05	-0.0155714	
64.3241095823	1.28643e-05	-0.0155552	0.0	0.0	0.0	0.0	3.02994e-05	-0.0155434	-6.9041e-05	-0.0155557	0.0	0.0	0.0	0.0	1.18754e-05	-0.0155334	
64.4811892149	1.28164e-05	-0.0155173	0.0	0.0	0.0	0.0	3.01573e-05	-0.0155056	-6.87259e-05	-0.0155178	0.0	0.0	0.0	0.0	1.18146e-05	-0.0154957	
64.6382688476	1.27688e-05	-0.0154795	0.0	0.0	0.0	0.0	3.00162e-05	-0.0154679	-6.8413e-05	-0.01548	0.0	0.0	0.0	0.0	1.17542e-05	-0.0154581	
64.7953484803	1.27213e-05	-0.0154419	0.0	0.0	0.0	0.0	2.98761e-05	-0.0154304	-6.81021e-05	-0.0154425	0.0	0.0	0.0	0.0	1.16942e-05	-0.0154206	
64.952428113	1.2674e-05	-0.0154046	0.0	0.0	0.0	0.0	2.97369e-05	-0.0153931	-6.77933e-05	-0.0154051	0.0	0.0	0.0	0.0	1.16348e-05	-0.0153834	
65.1095077456	1.2627e-05	-0.0153674	0.0	0.0	0.0	0.0	2.95987e-05	-0.015356	-6.74865e-05	-0.0153679	0.0	0.0	0.0	0.0	1.15758e-05	-0.0153464	
65.2665873783	1.25801e-05	-0.0153303	0.0	0.0	0.0	0.0	2.94615e-05	-0.0153191	-6.71817e-05	-0.0153308	0.0	0.0	0.0	0.0	1.15172e-05	-0.0153095	
65.423667011	1.25335e-05	-0.0152935	0.0	0.0	0.0	0.0	2.93251e-05	-0.0152823	-6.6879e-05	-0.015294	0.0	0.0	0.0	0.0	1.14591e-05	-0.0152728	
65.5807466437	1.2487e-05	-0.0152568	0.0	0.0	0.0	0.0	2.91897e-05	-0.0152457	-6.65782e-05	-0.0152573	0.0	0.0	0.0	0.0	1.14014e-05	-0.0152363	
65.7378262764	1.24408e-05	-0.0152203	0.0	0.0	0.0	0.0	2.90553e-05	-0.0152093	-6.62794e-05	-0.0152208	0.0	0.0	0.0	0.0	1.13442e-05	-0.0151999	
65.894905909	1.23948e-05	-0.015184	0.0	0.0	0.0	0.0	2.89217e-05	-0.015173	-6.59826e-05	-0.0151845	0.0	0.0	0.0	0.0	1.12874e-05	-0.0151637	
66.0519855417	1.23489e-05	-0.0151479	0.0	0.0	0.0	0.0	2.87891e-05	-0.015137	-6.56877e-05	-0.0151483	0.0	0.0	0.0	0.0	1.12311e-05	-0.0151277	
66.2090651744	1.23033e-05	-0.0151119	0.0	0.0	0.0	0.0	2.86573e-05	-0.0151011	-6.53947e-05	-0.0151124	0.0	0.0	0.0	0.0	1.11751e-05	-0.0150919	
66.3661448071	1.22579e-05	-0.0150761	0.0	0.0	0.0	0.0	2.85265e-05	-0.0150653	-6.51037e-05	-0.0150766	0.0	0.0	0.0	0.0	1.11196e-05	-0.0150562	
66.5232244398	1.22127e-05	-0.0150404	0.0	0.0	0.0	0.0	2.83965e-05	-0.0150298	-6.48145e-05	-0.0150409	0.0	0.0	0.0	0.0	1.10645e-05	-0.0150207	
66.6803040724	1.21677e-05	-0.015005	0.0	0.0	0.0	0.0	2.82674e-05	-0.0149944	-6.45272e-05	-0.0150055	0.0	0.0	0.0	0.0	1.10099e-05	-0.0149854	
66.8373837051	1.21229e-05	-0.0149697	0.0	0.0	0.0	0.0	2.81392e-05	-0.0149592	-6.42418e-05	-0.0149701	0.0	0.0	0.0	0.0	1.09556e-05	-0.0149502	
66.9944633378	1.20783e-05	-0.0149345	0.0	0.0	0.0	0.0	2.80118e-05	-0.0149241	-6.39582e-05	-0.014935	0.0	0.0	0.0	0.0	1.09017e-05	-0.0149152	
67.1515429705	1.20339e-05	-0.0148996	0.0	0.0	0.0	0.0	2.78853e-05	-0.0148892	-6.36764e-05	-0.0149	0.0	0.0	0.0	0.0	1.08483e-05	-0.0148804	
67.3086226032	1.19897e-05	-0.0148648	0.0	0.0	0.0	0.0	2.77596e-05	-0.0148545	-6.33965e-05	-0.0148652	0.0	0.0	0.0	0.0	1.07952e-05	-0.0148457	
67.4657022358	1.19457e-05	-0.0148301	0.0	0.0	0.0	0.0	2.76348e-05	-0.0148199	-6.31184e-05	-0.0148306	0.0	0.0	0.0	0.0	1.07425e-05	-0.0148112	
67.6227818685	1.19019e-05	-0.0147956	0.0	0.0	0.0	0.0	2.75107e-05	-0.0147855	-6.2842e-05	-0.0147961	0.0	0.0	0.0	0.0	1.06902e-05	-0.0147769	
67.7798615012	1.18583e-05	-0.0147613	0.0	0.0	0.0	0.0	2.73876e-05	-0.0147512	-6.25674e-05	-0.0147618	0.0	0.0	0.0	0.0	1.06383e-05	-0.0147427	
67.9369411339	1.18149e-05	-0.0147271	0.0	0.0	0.0	0.0	2.72652e-05	-0.0147171	-6.22946e-05	-0.0147276	0.0	0.0	0.0	0.0	1.05868e-05	-0.0147086	
68.0940207666	1.17717e-05	-0.0146931	0.0	0.0	0.0	0.0	2.71436e-05	-0.0146832	-6.20235e-05	-0.0146936	0.0	0.0	0.0	0.0	1.05357e-05	-0.0146748	
68.2511003992	1.17287e-05	-0.0146593	0.0	0.0	0.0	0.0	2.70229e-05	-0.0146494	-6.17541e-05	-0.0146597	0.0	0.0	0.0	0.0	1.04849e-05	-0.014641	
68.4081800319	1.16859e-05	-0.0146256	0.0	0.0	0.0	0.0	2.69029e-05	-0.0146158	-6.14864e-05	-0.014626	0.0	0.0	0.0	0.0	1.04345e-05	-0.0146075	
68.5652596646	1.16432e-05	-0.0145921	0.0	0.0	0.0	0.0	2.67837e-05	-0.0145823	-6.12205e-05	-0.0145925	0.0	0.0	0.0	0.0	1.03845e-05	-0.014574	
68.7223392973	1.16008e-05	-0.0145587	0.0	0.0	0.0	0.0	2.66653e-05	-0.014549	-6.09562e-05	-0.0145591	0.0	0.0	0.0	0.0	1.03348e-05	-0.0145408	
68.87941893	1.15586e-05	-0.0145254	0.0	0.0	0.0	0.0	2.65477e-05	-0.0145158	-6.06936e-05	-0.0145259	0.0	0.0	0.0	0.0	1.02855e-05	-0.0145077	
69.0364985626	1.15165e-05	-0.0144924	0.0	0.0	0.0	0.0	2.64308e-05	-0.0144828	-6.04326e-05	-0.0144928	0.0	0.0	0.0	0.0	1.02366e-05	-0.0144747	
69.1935781953	1.14747e-05	-0.0144594	0.0	0.0	0.0	0.0	2.63148e-05	-0.0144499	-6.01733e-05	-0.0144599	0.0	0.0	0.0	0.0	1.0188e-05	-0.0144419	
69.350657828	1.1433e-05	-0.0144266	0.0	0.0	0.0	0.0	2.61994e-05	-0.0144172	-5.99156e-05	-0.0144271	0.0	0.0	0.0	0.0	1.01397e-05	-0.0144092	
69.5077374607	1.13916e-05	-0.014394	0.0	0.0	0.0	0.0	2.60848e-05	-0.0143847	-5.96595e-05	-0.0143944	0.0	0.0	0.0	0.0	1.00918e-05	-0.0143767	
69.6648170934	1.13503e-05	-0.0143615	0.0	0.0	0.0	0.0	2.5971e-05	-0.0143522	-5.94051e-05	-0.014362	0.0	0.0	0.0	0.0	1.00443e-05	-0.0143443	
69.821896726	1.13092e-05	-0.0143292	0.0	0.0	0.0	0.0	2.58579e-05	-0.01432	-5.91522e-05	-0.0143296	0.0	0.0	0.0	0.0	9.99705e-06	-0.0143121	
69.9789763587	1.12683e-05	-0.014297	0.0	0.0	0.0	0.0	2.57455e-05	-0.0142878	-5.89009e-05	-0.0142974	0.0	0.0	0.0	0.0	9.95016e-06	-0.01428	
70.1360559914	1.12276e-05	-0.0142649	0.0	0.0	0.0	0.0	2.56338e-05	-0.0142558	-5.86511e-05	-0.0142654	0.0	0.0	0.0	0.0	9.90361e-06	-0.0142481	
70.2931356241	1.11871e-05	-0.014233	0.0	0.0	0.0	0.0	2.55229e-05	-0.014224	-5.8403e-05	-0.0142335	0.0	0.0	0.0	0.0	9.85739e-06	-0.0142163	
70.4502152568	1.11468e-05	-0.0142013	0.0	0.0	0.0	0.0	2.54126e-05	-0.0141923	-5.81563e-05	-0.0142017	0.0	0.0	0.0	0.0	9.81149e-06	-0.0141847	
70.6072948894	1.11066e-05	-0.0141696	0.0	0.0	0.0	0.0	2.53031e-05	-0.0141607	-5.79112e-05	-0.0141701	0.0	0.0	0.0	0.0	9.76592e-06	-0.0141531	
70.7643745221	1.10667e-05	-0.0141382	0.0	0.0	0.0	0.0	2.51942e-05	-0.0141293	-5.76676e-05	-0.0141386	0.0	0.0	0.0	0.0	9.72067e-06	-0.0141218	
70.9214541548	1.10269e-05	-0.0141068	0.0	0.0	0.0	0.0	2.50861e-05	-0.014098	-5.74255e-05	-0.0141072	0.0	0.0	0.0	0.0	9.67573e-06	-0.0140905	
71.0785337875	1.09873e-05	-0.0140756	0.0	0.0	0.0	0.0	2.49787e-05	-0.0140669	-5.71849e-05	-0.014076	0.0	0.0	0.0	0.0	9.63111e-06	-0.0140594	
71.2356134201	1.09479e-05	-0.0140446	0.0	0.0	0.0	0.0	2.48719e-05	-0.0140359	-5.69457e-05	-0.014045	0.0	0.0	0.0	0.0	9.5868e-06	-0.0140285	
71.3926930528	1.09087e-05	-0.0140136	0.0	0.0	0.0	0.0	2.47658e-05	-0.014005	-5.6708e-05	-0.014014	0.0	0.0	0.0	0.0	9.5428e-06	-0.0139977	
71.5497726855	1.08696e-05	-0.0139828	0.0	0.0	0.0	0.0	2.46604e-05	-0.0139742	-5.64718e-05	-0.0139832	0.0	0.0	0.0	0.0	9.4991e-06	-0.013967	
71.7068523182	1.08308e-05	-0.0139522	0.0	0.0	0.0	0.0	2.45556e-05	-0.0139436	-5.62371e-05	-0.0139526	0.0	0.0	0.0	0.0	9.45571e-06	-0.0139364	
71.8639319509	1.07921e-05	-0.0139216	0.0	0.0	0.0	0.0	2.44515e-05	-0.0139132	-5.60037e-05	-0.013922	0.0	0.0	0.0	0.0	9.41262e-06	-0.013906	
72.0210115835	1.07536e-05	-0.0138913	0.0	0.0	0.0	0.0	2.4348e-05	-0.0138828	-5.57718e-05	-0.0138917	0.0	0.0	0.0	0.0	9.36982e-06	-0.0138757	
72.1780912162	1.07152e-05	-0.013861	0.0	0.0	0.0	0.0	2.42452e-05	-0.0138526	-5.55413e-05	-0.0138614	0.0	0.0	0.0	0.0	9.32732e-06	-0.0138455	
72.3351708489	1.06771e-05	-0.0138309	0.0	0.0	0.0	0.0	2.41431e-05	-0.0138226	-5.53122e-05	-0.0138313	0.0	0.0	0.0	0.0	9.28511e-06	-0.0138155	
72.4922504816	1.06391e-05	-0.0138009	0.0	0.0	0.0	0.0	2.40416e-05	-0.0137926	-5.50844e-05	-0.0138013	0.0	0.0	0.0	0.0	9.24319e-06	-0.0137856	
72.6493301143	1.06013e-05	-0.013771	0.0	0.0	0.0	0.0	2.39407e-05	-0.0137628	-5.48581e-05	-0.0137714	0.0	0.0	0.0	0.0	9.20155e-06	-0.0137558	
72.8064097469	1.05637e-05	-0.0137413	0.0	0.0	0.0	0.0	2.38404e-05	-0.0137331	-5.46331e-05	-0.0137417	0.0	0.0	0.0	0.0	9.1602e-06	-0.0137262	
72.9634893796	1.05262e-05	-0.0137117	0.0	0.0	0.0	0.0	2.37408e-05	-0.0137036	-5.44095e-05	-0.013712	0.0	0.0	0.0	0.0	9.11913e-06	-0.0136967	
73.1205690123	1.0489e-05	-0.0136822	0.0	0.0	0.0	0.0	2.36417e-05	-0.0136741	-5.41872e-05	-0.0136826	0.0	0.0	0.0	0.0	9.07834e-06	-0.0136673	
73.277648645	1.04519e-05	-0.0136528	0.0	0.0	0.0	0.0	2.35433e-05	-0.0136448	-5.39662e-05	-0.0136532	0.0	0.0	0.0	0.0	9.03782e-06	-0.0136381	
73.4347282777	1.04149e-05	-0.0136236	0.0	0.0	0.0	0.0	2.34455e-05	-0.0136157	-5.37466e-05	-0.013624	0.0	0.0	0.0	0.0	8.99758e-06	-0.0136089	
73.5918079103	1.03782e-05	-0.0135945	0.0	0.0	0.0	0.0	2.33483e-05	-0.0135866	-5.35283e-05	-0.0135949	0.0	0.0	0.0	0.0	8.95761e-06	-0.0135799	
73.748887543	1.03416e-05	-0.0135655	0.0	0.0	0.0	0.0	2.32517e-05	-0.0135577	-5.33112e-05	-0.0135659	0.0	0.0	0.0	0.0	8.91791e-06	-0.013551	
73.9059671757	1.03052e-05	-0.0135367	0.0	0.0	0.0	0.0	2.31557e-05	-0.0135289	-5.30955e-05	-0.013537	0.0	0.0	0.0	0.0	8.87847e-06	-0.0135223	
74.0630468084	1.02689e-05	-0.0135079	0.0	0.0	0.0	0.0	2.30603e-05	-0.0135002	-5.28811e-05	-0.0135083	0.0	0.0	0.0	0.0	8.8393e-06	-0.0134936	
74.2201264411	1.02329e-05	-0.0134793	0.0	0.0	0.0	0.0	2.29654e-05	-0.0134716	-5.26679e-05	-0.0134797	0.0	0.0	0.0	0.0	8.80039e-06	-0.0134651	
74.3772060737	1.01969e-05	-0.0134508	0.0	0.0	0.0	0.0	2.28712e-05	-0.0134432	-5.2456e-05	-0.0134512	0.0	0.0	0.0	0.0	8.76174e-06	-0.0134367	
74.5342857064	1.01612e-05	-0.0134225	0.0	0.0	0.0	0.0	2.27775e-05	-0.0134149	-5.22453e-05	-0.0134228	0.0	0.0	0.0	0.0	8.72334e-06	-0.0134084	
74.6913653391	1.01256e-05	-0.0133942	0.0	0.0	0.0	0.0	2.26844e-05	-0.0133866	-5.20359e-05	-0.0133946	0.0	0.0	0.0	0.0	8.6852e-06	-0.0133802	
74.8484449718	1.00902e-05	-0.0133661	0.0	0.0	0.0	0.0	2.25918e-05	-0.0133586	-5.18277e-05	-0.0133664	0.0	0.0	0.0	0.0	8.64731e-06	-0.0133522	
75.0055246045	1.0055e-05	-0.0133381	0.0	0.0	0.0	0.0	2.24998e-05	-0.0133306	-5.16208e-05	-0.0133384	0.0	0.0	0.0	0.0	8.60967e-06	-0.0133243	
75.1626042371	1.00199e-05	-0.0133102	0.0	0.0	0.0	0.0	2.24084e-05	-0.0133027	-5.14151e-05	-0.0133105	0.0	0.0	0.0	0.0	8.57228e-06	-0.0132965	
75.3196838698	9.98495e-06	-0.0132824	0.0	0.0	0.0	0.0	2.23175e-05	-0.013275	-5.12105e-05	-0.0132827	0.0	0.0	0.0	0.0	8.53513e-06	-0.0132688	
75.4767635025	9.95018e-06	-0.0132547	0.0	0.0	0.0	0.0	2.22271e-05	-0.0132474	-5.10072e-05	-0.0132551	0.0	0.0	0.0	0.0	8.49823e-06	-0.0132412	
75.6338431352	9.91558e-06	-0.0132272	0.0	0.0	0.0	0.0	2.21373e-05	-0.0132199	-5.0805e-05	-0.0132275	0.0	0.0	0.0	0.0	8.46157e-06	-0.0132137	
75.7909227679	9.88114e-06	-0.0131997	0.0	0.0	0.0	0.0	2.20481e-05	-0.0131925	-5.06041e-05	-0.0132001	0.0	0.0	0.0	0.0	8.42515e-06	-0.0131864	
75.9480024005	9.84686e-06	-0.0131724	0.0	0.0	0.0	0.0	2.19593e-05	-0.0131652	-5.04042e-05	-0.0131727	0.0	0.0	0.0	0.0	8.38896e-06	-0.0131591	
76.1050820332	9.81274e-06	-0.0131452	0.0	0.0	0.0	0.0	2.18711e-05	-0.013138	-5.02056e-05	-0.0131455	0.0	0.0	0.0	0.0	8.35301e-06	-0.013132	
76.2621616659	9.77878e-06	-0.0131181	0.0	0.0	0.0	0.0	2.17835e-05	-0.013111	-5.00081e-05	-0.0131184	0.0	0.0	0.0	0.0	8.3173e-06	-0.013105	
76.4192412986	9.74497e-06	-0.0130911	0.0	0.0	0.0	0.0	2.16963e-05	-0.0130841	-4.98118e-05	-0.0130914	0.0	0.0	0.0	0.0	8.28181e-06	-0.0130781	
76.5763209313	9.71132e-06	-0.0130642	0.0	0.0	0.0	0.0	2.16097e-05	-0.0130572	-4.96165e-05	-0.0130646	0.0	0.0	0.0	0.0	8.24655e-06	-0.0130513	
76.7334005639	9.67783e-06	-0.0130375	0.0	0.0	0.0	0.0	2.15235e-05	-0.0130305	-4.94225e-05	-0.0130378	0.0	0.0	0.0	0.0	8.21152e-06	-0.0130246	
76.8904801966	9.64449e-06	-0.0130108	0.0	0.0	0.0	0.0	2.14379e-05	-0.0130039	-4.92295e-05	-0.0130111	0.0	0.0	0.0	0.0	8.17672e-06	-0.012998	
77.0475598293	9.61131e-06	-0.0129843	0.0	0.0	0.0	0.0	2.13528e-05	-0.0129774	-4.90376e-05	-0.0129846	0.0	0.0	0.0	0.0	8.14214e-06	-0.0129715	
77.204639462	9.57827e-06	-0.0129578	0.0	0.0	0.0	0.0	2.12682e-05	-0.012951	-4.88469e-05	-0.0129582	0.0	0.0	0.0	0.0	8.10777e-06	-0.0129452	
77.3617190946	9.5454e-06	-0.0129315	0.0	0.0	0.0	0.0	2.11841e-05	-0.0129247	-4.86572e-05	-0.0129318	0.0	0.0	0.0	0.0	8.07363e-06	-0.0129189	
77.5187987273	9.51267e-06	-0.0129053	0.0	0.0	0.0	0.0	2.11005e-05	-0.0128985	-4.84686e-05	-0.0129056	0.0	0.0	0.0	0.0	8.03971e-06	-0.0128928	
77.67587836	9.48009e-06	-0.0128792	0.0	0.0	0.0	0.0	2.10173e-05	-0.0128724	-4.82811e-05	-0.0128795	0.0	0.0	0.0	0.0	8.006e-06	-0.0128667	
77.8329579927	9.44767e-06	-0.0128531	0.0	0.0	0.0	0.0	2.09347e-05	-0.0128465	-4.80946e-05	-0.0128535	0.0	0.0	0.0	0.0	7.9725e-06	-0.0128408	
77.9900376254	9.4154e-06	-0.0128272	0.0	0.0	0.0	0.0	2.08525e-05	-0.0128206	-4.79093e-05	-0.0128276	0.0	0.0	0.0	0.0	7.93922e-06	-0.012815	
78.147117258	9.38327e-06	-0.0128014	0.0	0.0	0.0	0.0	2.07709e-05	-0.0127948	-4.77249e-05	-0.0128017	0.0	0.0	0.0	0.0	7.90615e-06	-0.0127892	
78.3041968907	9.35129e-06	-0.0127757	0.0	0.0	0.0	0.0	2.06896e-05	-0.0127692	-4.75416e-05	-0.012776	0.0	0.0	0.0	0.0	7.87328e-06	-0.0127636	
78.4612765234	9.31946e-06	-0.0127501	0.0	0.0	0.0	0.0	2.06089e-05	-0.0127436	-4.73594e-05	-0.0127505	0.0	0.0	0.0	0.0	7.84062e-06	-0.0127381	
