0.0785398	-0.933972	-0.978689	0	-0	0	-0	-0.387055	-0.778805	-0.933972	-0.978689	0	-0	0	-0	-0.387055	-0.778805	
0.235619	-0.788621	-0.959839	0	-0	0	-0	-0.343675	-0.74375	-0.788621	-0.959839	0	-0	0	-0	-0.343675	-0.74375	
0.392699	-0.650741	-0.920361	0	-0	0	-0	-0.302338	-0.706638	-0.650741	-0.920361	0	-0	0	-0	-0.302338	-0.706638	
0.549779	-0.533539	-0.868536	0	-0	0	-0	-0.265145	-0.668841	-0.533539	-0.868536	0	-0	0	-0	-0.265145	-0.668841	
0.706858	-0.435184	-0.812119	0	-0	0	-0	-0.232374	-0.631831	-0.435184	-0.812119	0	-0	0	-0	-0.232374	-0.631831	
0.863938	-0.356188	-0.753943	0	-0	0	-0	-0.203298	-0.596241	-0.356188	-0.753943	0	-0	0	-0	-0.203298	-0.596241	
1.02102	-0.293141	-0.697243	0	-0	0	-0	-0.177977	-0.562662	-0.293141	-0.697243	0	-0	0	-0	-0.177977	-0.562662	
1.1781	-0.243951	-0.645362	0	-0	0	-0	-0.156734	-0.530702	-0.243951	-0.645362	0	-0	0	-0	-0.156734	-0.530702	
1.33518	-0.205375	-0.597908	0	-0	0	-0	-0.138525	-0.501018	-0.205375	-0.597908	0	-0	0	-0	-0.138525	-0.501018	
1.49226	-0.174137	-0.555545	0	-0	0	-0	-0.122581	-0.473214	-0.174137	-0.555545	0	-0	0	-0	-0.122581	-0.473214	
1.64934	-0.148701	-0.51746	0	-0	0	-0	-0.108727	-0.447768	-0.148701	-0.51746	0	-0	0	-0	-0.108727	-0.447768	
1.80642	-0.12836	-0.482943	0	-0	0	-0	-0.0969992	-0.424279	-0.12836	-0.482943	0	-0	0	-0	-0.0969992	-0.424279	
1.9635	-0.111446	-0.45306	0	-0	0	-0	-0.0868651	-0.40281	-0.111446	-0.45306	0	-0	0	-0	-0.0868651	-0.40281	
2.12058	-0.0977213	-0.425829	0	-0	0	-0	-0.078016	-0.382554	-0.0977213	-0.425829	0	-0	0	-0	-0.078016	-0.382554	
2.27765	-0.0861242	-0.401418	0	-0	0	-0	-0.0705815	-0.36422	-0.0861242	-0.401418	0	-0	0	-0	-0.0705815	-0.36422	
2.43473	-0.0765324	-0.379387	0	-0	0	-0	-0.063906	-0.34736	-0.0765324	-0.379387	0	-0	0	-0	-0.063906	-0.34736	
2.59181	-0.068499	-0.359477	0	-0	0	-0	-0.0580132	-0.331658	-0.068499	-0.359477	0	-0	0	-0	-0.0580132	-0.331658	
2.74889	-0.0616321	-0.341451	0	-0	0	-0	-0.0529147	-0.317068	-0.0616321	-0.341451	0	-0	0	-0	-0.0529147	-0.317068	
2.90597	-0.0556983	-0.325064	0	-0	0	-0	-0.0484799	-0.303571	-0.0556983	-0.325064	0	-0	0	-0	-0.0484799	-0.303571	
3.06305	-0.0505496	-0.310099	0	-0	0	-0	-0.0445594	-0.291101	-0.0505496	-0.310099	0	-0	0	-0	-0.0445594	-0.291101	
3.22013	-0.0460689	-0.296376	0	-0	0	-0	-0.0410493	-0.279555	-0.0460689	-0.296376	0	-0	0	-0	-0.0410493	-0.279555	
3.37721	-0.0421536	-0.283753	0	-0	0	-0	-0.0378887	-0.268833	-0.0421536	-0.283753	0	-0	0	-0	-0.0378887	-0.268833	
3.53429	-0.0387143	-0.27211	0	-0	0	-0	-0.0350403	-0.258844	-0.0387143	-0.27211	0	-0	0	-0	-0.0350403	-0.258844	
3.69137	-0.0356758	-0.261344	0	-0	0	-0	-0.032476	-0.249514	-0.0356758	-0.261344	0	-0	0	-0	-0.032476	-0.249514	
3.84845	-0.0329766	-0.251367	0	-0	0	-0	-0.0301693	-0.240781	-0.0329766	-0.251367	0	-0	0	-0	-0.0301693	-0.240781	
4.00553	-0.0305669	-0.2421	0	-0	0	-0	-0.0280937	-0.232593	-0.0305669	-0.2421	0	-0	0	-0	-0.0280937	-0.232593	
4.16261	-0.0284061	-0.233473	0	-0	0	-0	-0.0262235	-0.224905	-0.0284061	-0.233473	0	-0	0	-0	-0.0262235	-0.224905	
4.31969	-0.0264612	-0.225424	0	-0	0	-0	-0.0245344	-0.217677	-0.0264612	-0.225424	0	-0	0	-0	-0.0245344	-0.217677	
4.47677	-0.0247048	-0.2179	0	-0	0	-0	-0.0230042	-0.210872	-0.0247048	-0.2179	0	-0	0	-0	-0.0230042	-0.210872	
4.63385	-0.0231136	-0.210851	0	-0	0	-0	-0.0216134	-0.204457	-0.0231136	-0.210851	0	-0	0	-0	-0.0216134	-0.204457	
4.79093	-0.0216683	-0.204235	0	-0	0	-0	-0.020345	-0.198402	-0.0216683	-0.204235	0	-0	0	-0	-0.020345	-0.198402	
4.94801	-0.020352	-0.198014	0	-0	0	-0	-0.0191846	-0.192679	-0.020352	-0.198014	0	-0	0	-0	-0.0191846	-0.192679	
5.10509	-0.0191503	-0.192154	0	-0	0	-0	-0.0181197	-0.187262	-0.0191503	-0.192154	0	-0	0	-0	-0.0181197	-0.187262	
5.26217	-0.0180506	-0.186626	0	-0	0	-0	-0.0171397	-0.18213	-0.0180506	-0.186626	0	-0	0	-0	-0.0171397	-0.18213	
5.41925	-0.017042	-0.181401	0	-0	0	-0	-0.0162355	-0.177261	-0.017042	-0.181401	0	-0	0	-0	-0.0162355	-0.177261	
5.57633	-0.0161149	-0.176456	0	-0	0	-0	-0.0153993	-0.172636	-0.0161149	-0.176456	0	-0	0	-0	-0.0153993	-0.172636	
5.73341	-0.0152609	-0.17177	0	-0	0	-0	-0.0146245	-0.168238	-0.0152609	-0.17177	0	-0	0	-0	-0.0146245	-0.168238	
5.89049	-0.0144727	-0.167323	0	-0	0	-0	-0.013905	-0.164051	-0.0144727	-0.167323	0	-0	0	-0	-0.013905	-0.164051	
6.04757	-0.0137438	-0.163097	0	-0	0	-0	-0.0132358	-0.160061	-0.0137438	-0.163097	0	-0	0	-0	-0.0132358	-0.160061	
6.20465	-0.0130683	-0.159076	0	-0	0	-0	-0.0126124	-0.156255	-0.0130683	-0.159076	0	-0	0	-0	-0.0126124	-0.156255	
6.36173	-0.0124413	-0.155247	0	-0	0	-0	-0.0120307	-0.15262	-0.0124413	-0.155247	0	-0	0	-0	-0.0120307	-0.15262	
6.5188	-0.0118583	-0.151595	0	-0	0	-0	-0.0114872	-0.149146	-0.0118583	-0.151595	0	-0	0	-0	-0.0114872	-0.149146	
6.67588	-0.0113152	-0.148109	0	-0	0	-0	-0.0109787	-0.145822	-0.0113152	-0.148109	0	-0	0	-0	-0.0109787	-0.145822	
6.83296	-0.0108086	-0.144778	0	-0	0	-0	-0.0105024	-0.14264	-0.0108086	-0.144778	0	-0	0	-0	-0.0105024	-0.14264	
6.99004	-0.0103351	-0.141592	0	-0	0	-0	-0.0100556	-0.139589	-0.0103351	-0.141592	0	-0	0	-0	-0.0100556	-0.139589	
7.14712	-0.00989207	-0.138542	0	-0	0	-0	-0.00963606	-0.136664	-0.00989207	-0.138542	0	-0	0	-0	-0.00963606	-0.136664	
7.3042	-0.00947687	-0.135619	0	-0	0	-0	-0.00924166	-0.133856	-0.00947687	-0.135619	0	-0	0	-0	-0.00924166	-0.133856	
7.46128	-0.00908723	-0.132816	0	-0	0	-0	-0.00887049	-0.131158	-0.00908723	-0.132816	0	-0	0	-0	-0.00887049	-0.131158	
7.61836	-0.0087211	-0.130126	0	-0	0	-0	-0.0085208	-0.128565	-0.0087211	-0.130126	0	-0	0	-0	-0.0085208	-0.128565	
7.77544	-0.00837662	-0.127541	0	-0	0	-0	-0.00819102	-0.12607	-0.00837662	-0.127541	0	-0	0	-0	-0.00819102	-0.12607	
7.93252	-0.00805211	-0.125056	0	-0	0	-0	-0.0078797	-0.123668	-0.00805211	-0.125056	0	-0	0	-0	-0.0078797	-0.123668	
8.0896	-0.00774607	-0.122665	0	-0	0	-0	-0.00758553	-0.121355	-0.00774607	-0.122665	0	-0	0	-0	-0.00758553	-0.121355	
8.24668	-0.00745712	-0.120364	0	-0	0	-0	-0.00730729	-0.119124	-0.00745712	-0.120364	0	-0	0	-0	-0.00730729	-0.119124	
8.40376	-0.00718401	-0.118146	0	-0	0	-0	-0.00704389	-0.116973	-0.00718401	-0.118146	0	-0	0	-0	-0.00704389	-0.116973	
8.56084	-0.0069256	-0.116008	0	-0	0	-0	-0.0067943	-0.114897	-0.0069256	-0.116008	0	-0	0	-0	-0.0067943	-0.114897	
8.71792	-0.00668085	-0.113946	0	-0	0	-0	-0.00655761	-0.112892	-0.00668085	-0.113946	0	-0	0	-0	-0.00655761	-0.112892	
8.875	-0.00644883	-0.111955	0	-0	0	-0	-0.00633294	-0.110955	-0.00644883	-0.111955	0	-0	0	-0	-0.00633294	-0.110955	
9.03208	-0.00622865	-0.110032	0	-0	0	-0	-0.00611951	-0.109082	-0.00622865	-0.110032	0	-0	0	-0	-0.00611951	-0.109082	
9.18916	-0.00601954	-0.108174	0	-0	0	-0	-0.0059166	-0.10727	-0.00601954	-0.108174	0	-0	0	-0	-0.0059166	-0.10727	
9.34624	-0.00582076	-0.106377	0	-0	0	-0	-0.00572354	-0.105517	-0.00582076	-0.106377	0	-0	0	-0	-0.00572354	-0.105517	
9.50332	-0.00563164	-0.104639	0	-0	0	-0	-0.00553971	-0.103819	-0.00563164	-0.104639	0	-0	0	-0	-0.00553971	-0.103819	
9.6604	-0.00545157	-0.102956	0	-0	0	-0	-0.00536453	-0.102175	-0.00545157	-0.102956	0	-0	0	-0	-0.00536453	-0.102175	
9.81748	-0.00527998	-0.101326	0	-0	0	-0	-0.00519748	-0.100581	-0.00527998	-0.101326	0	-0	0	-0	-0.00519748	-0.100581	
9.97456	-0.00511634	-0.0997462	0	-0	0	-0	-0.00503807	-0.0990349	-0.00511634	-0.0997462	0	-0	0	-0	-0.00503807	-0.0990349	
10.1316	-0.00496018	-0.098215	0	-0	0	-0	-0.00488584	-0.0975355	-0.00496018	-0.098215	0	-0	0	-0	-0.00488584	-0.0975355	
10.2887	-0.00481104	-0.0967299	0	-0	0	-0	-0.00474038	-0.0960803	-0.00481104	-0.0967299	0	-0	0	-0	-0.00474038	-0.0960803	
10.4458	-0.00466851	-0.0952888	0	-0	0	-0	-0.00460128	-0.0946675	-0.00466851	-0.0952888	0	-0	0	-0	-0.00460128	-0.0946675	
10.6029	-0.0045322	-0.0938899	0	-0	0	-0	-0.0044682	-0.0932951	-0.0045322	-0.0938899	0	-0	0	-0	-0.0044682	-0.0932951	
10.76	-0.00440177	-0.0925312	0	-0	0	-0	-0.00434078	-0.0919615	-0.00440177	-0.0925312	0	-0	0	-0	-0.00434078	-0.0919615	
10.917	-0.00427687	-0.0912112	0	-0	0	-0	-0.00421872	-0.0906651	-0.00427687	-0.0912112	0	-0	0	-0	-0.00421872	-0.0906651	
11.0741	-0.0041572	-0.0899281	0	-0	0	-0	-0.00410171	-0.0894044	-0.0041572	-0.0899281	0	-0	0	-0	-0.00410171	-0.0894044	
11.2312	-0.00404247	-0.0886805	0	-0	0	-0	-0.00398949	-0.088178	-0.00404247	-0.0886805	0	-0	0	-0	-0.00398949	-0.088178	
11.3883	-0.00393242	-0.0874668	0	-0	0	-0	-0.0038818	-0.0869844	-0.00393242	-0.0874668	0	-0	0	-0	-0.0038818	-0.0869844	
11.5454	-0.00382679	-0.0862859	0	-0	0	-0	-0.0037784	-0.0858224	-0.00382679	-0.0862859	0	-0	0	-0	-0.0037784	-0.0858224	
11.7024	-0.00372535	-0.0851363	0	-0	0	-0	-0.00367907	-0.0846908	-0.00372535	-0.0851363	0	-0	0	-0	-0.00367907	-0.0846908	
11.8595	-0.00362788	-0.0840168	0	-0	0	-0	-0.00358359	-0.0835884	-0.00362788	-0.0840168	0	-0	0	-0	-0.00358359	-0.0835884	
12.0166	-0.00353417	-0.0829262	0	-0	0	-0	-0.00349177	-0.0825141	-0.00353417	-0.0829262	0	-0	0	-0	-0.00349177	-0.0825141	
12.1737	-0.00344405	-0.0818635	0	-0	0	-0	-0.00340343	-0.0814668	-0.00344405	-0.0818635	0	-0	0	-0	-0.00340343	-0.0814668	
12.3308	-0.00335732	-0.0808277	0	-0	0	-0	-0.00331839	-0.0804456	-0.00335732	-0.0808277	0	-0	0	-0	-0.00331839	-0.0804456	
12.4878	-0.00327382	-0.0798176	0	-0	0	-0	-0.00323649	-0.0794495	-0.00327382	-0.0798176	0	-0	0	-0	-0.00323649	-0.0794495	
12.6449	-0.00319339	-0.0788324	0	-0	0	-0	-0.00315758	-0.0784775	-0.00319339	-0.0788324	0	-0	0	-0	-0.00315758	-0.0784775	
12.802	-0.00311588	-0.0778711	0	-0	0	-0	-0.00308152	-0.0775289	-0.00311588	-0.0778711	0	-0	0	-0	-0.00308152	-0.0775289	
12.9591	-0.00304115	-0.0769329	0	-0	0	-0	-0.00300816	-0.0766027	-0.00304115	-0.0769329	0	-0	0	-0	-0.00300816	-0.0766027	
13.1161	-0.00296908	-0.076017	0	-0	0	-0	-0.00293739	-0.0756983	-0.00296908	-0.076017	0	-0	0	-0	-0.00293739	-0.0756983	
13.2732	-0.00289953	-0.0751226	0	-0	0	-0	-0.00286909	-0.0748149	-0.00289953	-0.0751226	0	-0	0	-0	-0.00286909	-0.0748149	
13.4303	-0.00283239	-0.0742489	0	-0	0	-0	-0.00280313	-0.0739516	-0.00283239	-0.0742489	0	-0	0	-0	-0.00280313	-0.0739516	
13.5874	-0.00276756	-0.0733952	0	-0	0	-0	-0.00273942	-0.073108	-0.00276756	-0.0733952	0	-0	0	-0	-0.00273942	-0.073108	
13.7445	-0.00270492	-0.072561	0	-0	0	-0	-0.00267785	-0.0722833	-0.00270492	-0.072561	0	-0	0	-0	-0.00267785	-0.0722833	
13.9015	-0.00264438	-0.0717454	0	-0	0	-0	-0.00261833	-0.0714768	-0.00264438	-0.0717454	0	-0	0	-0	-0.00261833	-0.0714768	
14.0586	-0.00258584	-0.0709479	0	-0	0	-0	-0.00256077	-0.070688	-0.00258584	-0.0709479	0	-0	0	-0	-0.00256077	-0.070688	
14.2157	-0.00252923	-0.0701679	0	-0	0	-0	-0.00250509	-0.0699164	-0.00252923	-0.0701679	0	-0	0	-0	-0.00250509	-0.0699164	
14.3728	-0.00247445	-0.0694048	0	-0	0	-0	-0.0024512	-0.0691613	-0.00247445	-0.0694048	0	-0	0	-0	-0.0024512	-0.0691613	
14.5299	-0.00242143	-0.0686581	0	-0	0	-0	-0.00239903	-0.0684223	-0.00242143	-0.0686581	0	-0	0	-0	-0.00239903	-0.0684223	
14.6869	-0.00237009	-0.0679272	0	-0	0	-0	-0.0023485	-0.0676988	-0.00237009	-0.0679272	0	-0	0	-0	-0.0023485	-0.0676988	
14.844	-0.00232037	-0.0672117	0	-0	0	-0	-0.00229955	-0.0669903	-0.00232037	-0.0672117	0	-0	0	-0	-0.00229955	-0.0669903	
15.0011	-0.00227219	-0.0665111	0	-0	0	-0	-0.00225211	-0.0662965	-0.00227219	-0.0665111	0	-0	0	-0	-0.00225211	-0.0662965	
15.1582	-0.00222549	-0.065825	0	-0	0	-0	-0.00220613	-0.0656168	-0.00222549	-0.065825	0	-0	0	-0	-0.00220613	-0.0656168	
15.3153	-0.00218022	-0.0651528	0	-0	0	-0	-0.00216153	-0.0649508	-0.00218022	-0.0651528	0	-0	0	-0	-0.00216153	-0.0649508	
15.4723	-0.00213631	-0.0644941	0	-0	0	-0	-0.00211827	-0.0642982	-0.00213631	-0.0644941	0	-0	0	-0	-0.00211827	-0.0642982	
15.6294	-0.00209372	-0.0638486	0	-0	0	-0	-0.0020763	-0.0636585	-0.00209372	-0.0638486	0	-0	0	-0	-0.0020763	-0.0636585	
15.7865	-0.00205238	-0.0632159	0	-0	0	-0	-0.00203556	-0.0630313	-0.00205238	-0.0632159	0	-0	0	-0	-0.00203556	-0.0630313	
15.9436	-0.00201225	-0.0625956	0	-0	0	-0	-0.001996	-0.0624163	-0.00201225	-0.0625956	0	-0	0	-0	-0.001996	-0.0624163	
16.1007	-0.00197329	-0.0619873	0	-0	0	-0	-0.00195759	-0.0618131	-0.00197329	-0.0619873	0	-0	0	-0	-0.00195759	-0.0618131	
16.2577	-0.00193545	-0.0613907	0	-0	0	-0	-0.00192027	-0.0612214	-0.00193545	-0.0613907	0	-0	0	-0	-0.00192027	-0.0612214	
16.4148	-0.00189868	-0.0608055	0	-0	0	-0	-0.00188401	-0.0606409	-0.00189868	-0.0608055	0	-0	0	-0	-0.00188401	-0.0606409	
16.5719	-0.00186296	-0.0602312	0	-0	0	-0	-0.00184876	-0.0600712	-0.00186296	-0.0602312	0	-0	0	-0	-0.00184876	-0.0600712	
16.729	-0.00182822	-0.0596678	0	-0	0	-0	-0.0018145	-0.0595121	-0.00182822	-0.0596678	0	-0	0	-0	-0.0018145	-0.0595121	
16.8861	-0.00179445	-0.0591147	0	-0	0	-0	-0.00178117	-0.0589633	-0.00179445	-0.0591147	0	-0	0	-0	-0.00178117	-0.0589633	
17.0431	-0.00176161	-0.0585718	0	-0	0	-0	-0.00174876	-0.0584245	-0.00176161	-0.0585718	0	-0	0	-0	-0.00174876	-0.0584245	
17.2002	-0.00172966	-0.0580387	0	-0	0	-0	-0.00171721	-0.0578954	-0.00172966	-0.0580387	0	-0	0	-0	-0.00171721	-0.0578954	
17.3573	-0.00169857	-0.0575152	0	-0	0	-0	-0.00168652	-0.0573757	-0.00169857	-0.0575152	0	-0	0	-0	-0.00168652	-0.0573757	
17.5144	-0.00166831	-0.0570011	0	-0	0	-0	-0.00165664	-0.0568652	-0.00166831	-0.0570011	0	-0	0	-0	-0.00165664	-0.0568652	
17.6715	-0.00163885	-0.0564961	0	-0	0	-0	-0.00162754	-0.0563638	-0.00163885	-0.0564961	0	-0	0	-0	-0.00162754	-0.0563638	
17.8285	-0.00161016	-0.0559999	0	-0	0	-0	-0.00159921	-0.055871	-0.00161016	-0.0559999	0	-0	0	-0	-0.00159921	-0.055871	
17.9856	-0.00158222	-0.0555124	0	-0	0	-0	-0.0015716	-0.0553868	-0.00158222	-0.0555124	0	-0	0	-0	-0.0015716	-0.0553868	
18.1427	-0.00155499	-0.0550333	0	-0	0	-0	-0.00154471	-0.0549108	-0.00155499	-0.0550333	0	-0	0	-0	-0.00154471	-0.0549108	
18.2998	-0.00152847	-0.0545623	0	-0	0	-0	-0.00151849	-0.054443	-0.00152847	-0.0545623	0	-0	0	-0	-0.00151849	-0.054443	
18.4569	-0.00150262	-0.0540993	0	-0	0	-0	-0.00149294	-0.053983	-0.00150262	-0.0540993	0	-0	0	-0	-0.00149294	-0.053983	
18.6139	-0.00147741	-0.0536441	0	-0	0	-0	-0.00146803	-0.0535307	-0.00147741	-0.0536441	0	-0	0	-0	-0.00146803	-0.0535307	
18.771	-0.00145284	-0.0531965	0	-0	0	-0	-0.00144373	-0.0530859	-0.00145284	-0.0531965	0	-0	0	-0	-0.00144373	-0.0530859	
18.9281	-0.00142887	-0.0527563	0	-0	0	-0	-0.00142004	-0.0526483	-0.00142887	-0.0527563	0	-0	0	-0	-0.00142004	-0.0526483	
19.0852	-0.00140549	-0.0523233	0	-0	0	-0	-0.00139692	-0.052218	-0.00140549	-0.0523233	0	-0	0	-0	-0.00139692	-0.052218	
19.2423	-0.00138268	-0.0518974	0	-0	0	-0	-0.00137436	-0.0517945	-0.00138268	-0.0518974	0	-0	0	-0	-0.00137436	-0.0517945	
19.3993	-0.00136042	-0.0514783	0	-0	0	-0	-0.00135234	-0.0513779	-0.00136042	-0.0514783	0	-0	0	-0	-0.00135234	-0.0513779	
19.5564	-0.00133869	-0.0510659	0	-0	0	-0	-0.00133084	-0.0509679	-0.00133869	-0.0510659	0	-0	0	-0	-0.00133084	-0.0509679	
19.7135	-0.00131748	-0.0506601	0	-0	0	-0	-0.00130985	-0.0505644	-0.00131748	-0.0506601	0	-0	0	-0	-0.00130985	-0.0505644	
19.8706	-0.00129677	-0.0502607	0	-0	0	-0	-0.00128936	-0.0501671	-0.00129677	-0.0502607	0	-0	0	-0	-0.00128936	-0.0501671	
20.0277	-0.00127654	-0.0498675	0	-0	0	-0	-0.00126934	-0.0497761	-0.00127654	-0.0498675	0	-0	0	-0	-0.00126934	-0.0497761	
20.1847	-0.00125678	-0.0494804	0	-0	0	-0	-0.00124978	-0.0493911	-0.00125678	-0.0494804	0	-0	0	-0	-0.00124978	-0.0493911	
20.3418	-0.00123747	-0.0490992	0	-0	0	-0	-0.00123068	-0.049012	-0.00123747	-0.0490992	0	-0	0	-0	-0.00123068	-0.049012	
20.4989	-0.00121861	-0.0487239	0	-0	0	-0	-0.001212	-0.0486386	-0.00121861	-0.0487239	0	-0	0	-0	-0.001212	-0.0486386	
20.656	-0.00120018	-0.0483543	0	-0	0	-0	-0.00119375	-0.0482709	-0.00120018	-0.0483543	0	-0	0	-0	-0.00119375	-0.0482709	
20.8131	-0.00118216	-0.0479902	0	-0	0	-0	-0.00117591	-0.0479087	-0.00118216	-0.0479902	0	-0	0	-0	-0.00117591	-0.0479087	
20.9701	-0.00116454	-0.0476315	0	-0	0	-0	-0.00115846	-0.0475518	-0.00116454	-0.0476315	0	-0	0	-0	-0.00115846	-0.0475518	
21.1272	-0.00114731	-0.0472782	0	-0	0	-0	-0.0011414	-0.0472002	-0.00114731	-0.0472782	0	-0	0	-0	-0.0011414	-0.0472002	
21.2843	-0.00113046	-0.0469301	0	-0	0	-0	-0.00112471	-0.0468538	-0.00113046	-0.0469301	0	-0	0	-0	-0.00112471	-0.0468538	
21.4414	-0.00111399	-0.046587	0	-0	0	-0	-0.00110838	-0.0465124	-0.00111399	-0.046587	0	-0	0	-0	-0.00110838	-0.0465124	
21.5984	-0.00109786	-0.046249	0	-0	0	-0	-0.00109241	-0.0461759	-0.00109786	-0.046249	0	-0	0	-0	-0.00109241	-0.0461759	
21.7555	-0.00108209	-0.0459158	0	-0	0	-0	-0.00107678	-0.0458443	-0.00108209	-0.0459158	0	-0	0	-0	-0.00107678	-0.0458443	
21.9126	-0.00106665	-0.0455873	0	-0	0	-0	-0.00106148	-0.0455173	-0.00106665	-0.0455873	0	-0	0	-0	-0.00106148	-0.0455173	
22.0697	-0.00105154	-0.0452635	0	-0	0	-0	-0.0010465	-0.045195	-0.00105154	-0.0452635	0	-0	0	-0	-0.0010465	-0.045195	
22.2268	-0.00103675	-0.0449443	0	-0	0	-0	-0.00103184	-0.0448772	-0.00103675	-0.0449443	0	-0	0	-0	-0.00103184	-0.0448772	
22.3838	-0.00102227	-0.0446295	0	-0	0	-0	-0.00101749	-0.0445639	-0.00102227	-0.0446295	0	-0	0	-0	-0.00101749	-0.0445639	
22.5409	-0.00100809	-0.0443192	0	-0	0	-0	-0.00100343	-0.0442548	-0.00100809	-0.0443192	0	-0	0	-0	-0.00100343	-0.0442548	
22.698	-0.000994202	-0.0440131	0	-0	0	-0	-0.000989663	-0.04395	-0.000994202	-0.0440131	0	-0	0	-0	-0.000989663	-0.04395	
22.8551	-0.000980599	-0.0437112	0	-0	0	-0	-0.000976175	-0.0436494	-0.000980599	-0.0437112	0	-0	0	-0	-0.000976175	-0.0436494	
23.0122	-0.000967274	-0.0434134	0	-0	0	-0	-0.000962961	-0.0433529	-0.000967274	-0.0434134	0	-0	0	-0	-0.000962961	-0.0433529	
23.1692	-0.000954218	-0.0431196	0	-0	0	-0	-0.000950013	-0.0430603	-0.000954218	-0.0431196	0	-0	0	-0	-0.000950013	-0.0430603	
23.3263	-0.000941425	-0.0428298	0	-0	0	-0	-0.000937325	-0.0427717	-0.000941425	-0.0428298	0	-0	0	-0	-0.000937325	-0.0427717	
23.4834	-0.000928887	-0.0425438	0	-0	0	-0	-0.000924888	-0.0424869	-0.000928887	-0.0425438	0	-0	0	-0	-0.000924888	-0.0424869	
23.6405	-0.000916598	-0.0422617	0	-0	0	-0	-0.000912697	-0.0422058	-0.000916598	-0.0422617	0	-0	0	-0	-0.000912697	-0.0422058	
23.7976	-0.000904551	-0.0419832	0	-0	0	-0	-0.000900746	-0.0419285	-0.000904551	-0.0419832	0	-0	0	-0	-0.000900746	-0.0419285	
23.9546	-0.000892739	-0.0417084	0	-0	0	-0	-0.000889027	-0.0416547	-0.000892739	-0.0417084	0	-0	0	-0	-0.000889027	-0.0416547	
24.1117	-0.000881158	-0.0414372	0	-0	0	-0	-0.000877535	-0.0413845	-0.000881158	-0.0414372	0	-0	0	-0	-0.000877535	-0.0413845	
24.2688	-0.0008698	-0.0411694	0	-0	0	-0	-0.000866265	-0.0411178	-0.0008698	-0.0411694	0	-0	0	-0	-0.000866265	-0.0411178	
24.4259	-0.000858661	-0.0409051	0	-0	0	-0	-0.00085521	-0.0408544	-0.000858661	-0.0409051	0	-0	0	-0	-0.00085521	-0.0408544	
24.583	-0.000847734	-0.0406442	0	-0	0	-0	-0.000844365	-0.0405945	-0.000847734	-0.0406442	0	-0	0	-0	-0.000844365	-0.0405945	
24.74	-0.000837014	-0.0403866	0	-0	0	-0	-0.000833724	-0.0403378	-0.000837014	-0.0403866	0	-0	0	-0	-0.000833724	-0.0403378	
24.8971	-0.000826496	-0.0401322	0	-0	0	-0	-0.000823284	-0.0400843	-0.000826496	-0.0401322	0	-0	0	-0	-0.000823284	-0.0400843	
25.0542	-0.000816175	-0.039881	0	-0	0	-0	-0.000813038	-0.039834	-0.000816175	-0.039881	0	-0	0	-0	-0.000813038	-0.039834	
25.2113	-0.000806046	-0.0396329	0	-0	0	-0	-0.000802982	-0.0395868	-0.000806046	-0.0396329	0	-0	0	-0	-0.000802982	-0.0395868	
25.3684	-0.000796104	-0.0393879	0	-0	0	-0	-0.000793111	-0.0393426	-0.000796104	-0.0393879	0	-0	0	-0	-0.000793111	-0.0393426	
25.5254	-0.000786346	-0.0391459	0	-0	0	-0	-0.000783421	-0.0391014	-0.000786346	-0.0391459	0	-0	0	-0	-0.000783421	-0.0391014	
25.6825	-0.000776765	-0.0389068	0	-0	0	-0	-0.000773907	-0.0388632	-0.000776765	-0.0389068	0	-0	0	-0	-0.000773907	-0.0388632	
25.8396	-0.000767358	-0.0386707	0	-0	0	-0	-0.000764566	-0.0386278	-0.000767358	-0.0386707	0	-0	0	-0	-0.000764566	-0.0386278	
25.9967	-0.000758121	-0.0384374	0	-0	0	-0	-0.000755392	-0.0383953	-0.000758121	-0.0384374	0	-0	0	-0	-0.000755392	-0.0383953	
26.1538	-0.00074905	-0.0382069	0	-0	0	-0	-0.000746382	-0.0381655	-0.00074905	-0.0382069	0	-0	0	-0	-0.000746382	-0.0381655	
26.3108	-0.000740141	-0.0379791	0	-0	0	-0	-0.000737533	-0.0379385	-0.000740141	-0.0379791	0	-0	0	-0	-0.000737533	-0.0379385	
26.4679	-0.000731389	-0.037754	0	-0	0	-0	-0.000728839	-0.0377141	-0.000731389	-0.037754	0	-0	0	-0	-0.000728839	-0.0377141	
26.625	-0.000722792	-0.0375316	0	-0	0	-0	-0.000720299	-0.0374924	-0.000722792	-0.0375316	0	-0	0	-0	-0.000720299	-0.0374924	
26.7821	-0.000714346	-0.0373118	0	-0	0	-0	-0.000711907	-0.0372733	-0.000714346	-0.0373118	0	-0	0	-0	-0.000711907	-0.0372733	
26.9392	-0.000706046	-0.0370945	0	-0	0	-0	-0.000703661	-0.0370567	-0.000706046	-0.0370945	0	-0	0	-0	-0.000703661	-0.0370567	
27.0962	-0.000697891	-0.0368798	0	-0	0	-0	-0.000695558	-0.0368426	-0.000697891	-0.0368798	0	-0	0	-0	-0.000695558	-0.0368426	
27.2533	-0.000689875	-0.0366675	0	-0	0	-0	-0.000687593	-0.036631	-0.000689875	-0.0366675	0	-0	0	-0	-0.000687593	-0.036631	
27.4104	-0.000681997	-0.0364577	0	-0	0	-0	-0.000679764	-0.0364217	-0.000681997	-0.0364577	0	-0	0	-0	-0.000679764	-0.0364217	
27.5675	-0.000674254	-0.0362502	0	-0	0	-0	-0.000672068	-0.0362149	-0.000674254	-0.0362502	0	-0	0	-0	-0.000672068	-0.0362149	
27.7246	-0.000666641	-0.0360451	0	-0	0	-0	-0.000664502	-0.0360104	-0.000666641	-0.0360451	0	-0	0	-0	-0.000664502	-0.0360104	
27.8816	-0.000659156	-0.0358423	0	-0	0	-0	-0.000657063	-0.0358081	-0.000659156	-0.0358423	0	-0	0	-0	-0.000657063	-0.0358081	
28.0387	-0.000651797	-0.0356418	0	-0	0	-0	-0.000649748	-0.0356082	-0.000651797	-0.0356418	0	-0	0	-0	-0.000649748	-0.0356082	
28.1958	-0.00064456	-0.0354435	0	-0	0	-0	-0.000642555	-0.0354104	-0.00064456	-0.0354435	0	-0	0	-0	-0.000642555	-0.0354104	
28.3529	-0.000637443	-0.0352474	0	-0	0	-0	-0.00063548	-0.0352148	-0.000637443	-0.0352474	0	-0	0	-0	-0.00063548	-0.0352148	
28.51	-0.000630444	-0.0350534	0	-0	0	-0	-0.000628521	-0.0350214	-0.000630444	-0.0350534	0	-0	0	-0	-0.000628521	-0.0350214	
28.667	-0.000623559	-0.0348616	0	-0	0	-0	-0.000621676	-0.0348301	-0.000623559	-0.0348616	0	-0	0	-0	-0.000621676	-0.0348301	
28.8241	-0.000616786	-0.0346718	0	-0	0	-0	-0.000614942	-0.0346409	-0.000616786	-0.0346718	0	-0	0	-0	-0.000614942	-0.0346409	
28.9812	-0.000610122	-0.0344841	0	-0	0	-0	-0.000608316	-0.0344537	-0.000610122	-0.0344841	0	-0	0	-0	-0.000608316	-0.0344537	
29.1383	-0.000603566	-0.0342985	0	-0	0	-0	-0.000601797	-0.0342685	-0.000603566	-0.0342985	0	-0	0	-0	-0.000601797	-0.0342685	
29.2954	-0.000597116	-0.0341148	0	-0	0	-0	-0.000595383	-0.0340853	-0.000597116	-0.0341148	0	-0	0	-0	-0.000595383	-0.0340853	
29.4524	-0.000590768	-0.033933	0	-0	0	-0	-0.00058907	-0.033904	-0.000590768	-0.033933	0	-0	0	-0	-0.00058907	-0.033904	
29.6095	-0.00058452	-0.0337532	0	-0	0	-0	-0.000582857	-0.0337247	-0.00058452	-0.0337532	0	-0	0	-0	-0.000582857	-0.0337247	
29.7666	-0.000578372	-0.0335753	0	-0	0	-0	-0.000576741	-0.0335472	-0.000578372	-0.0335753	0	-0	0	-0	-0.000576741	-0.0335472	
29.9237	-0.000572319	-0.0333993	0	-0	0	-0	-0.000570721	-0.0333716	-0.000572319	-0.0333993	0	-0	0	-0	-0.000570721	-0.0333716	
30.0807	-0.000566362	-0.0332251	0	-0	0	-0	-0.000564795	-0.0331978	-0.000566362	-0.0332251	0	-0	0	-0	-0.000564795	-0.0331978	
30.2378	-0.000560496	-0.0330527	0	-0	0	-0	-0.000558961	-0.0330258	-0.000560496	-0.0330527	0	-0	0	-0	-0.000558961	-0.0330258	
30.3949	-0.000554722	-0.032882	0	-0	0	-0	-0.000553217	-0.0328556	-0.000554722	-0.032882	0	-0	0	-0	-0.000553217	-0.0328556	
30.552	-0.000549036	-0.0327132	0	-0	0	-0	-0.00054756	-0.0326871	-0.000549036	-0.0327132	0	-0	0	-0	-0.00054756	-0.0326871	
30.7091	-0.000543437	-0.032546	0	-0	0	-0	-0.00054199	-0.0325204	-0.000543437	-0.032546	0	-0	0	-0	-0.00054199	-0.0325204	
30.8661	-0.000537923	-0.0323806	0	-0	0	-0	-0.000536504	-0.0323553	-0.000537923	-0.0323806	0	-0	0	-0	-0.000536504	-0.0323553	
31.0232	-0.000532493	-0.0322168	0	-0	0	-0	-0.000531101	-0.0321919	-0.000532493	-0.0322168	0	-0	0	-0	-0.000531101	-0.0321919	
31.1803	-0.000527144	-0.0320547	0	-0	0	-0	-0.00052578	-0.0320302	-0.000527144	-0.0320547	0	-0	0	-0	-0.00052578	-0.0320302	
31.3374	-0.000521876	-0.0318941	0	-0	0	-0	-0.000520537	-0.03187	-0.000521876	-0.0318941	0	-0	0	-0	-0.000520537	-0.03187	
31.4945	-0.000516686	-0.0317352	0	-0	0	-0	-0.000515373	-0.0317115	-0.000516686	-0.0317352	0	-0	0	-0	-0.000515373	-0.0317115	
31.6515	-0.000511573	-0.0315779	0	-0	0	-0	-0.000510285	-0.0315545	-0.000511573	-0.0315779	0	-0	0	-0	-0.000510285	-0.0315545	
31.8086	-0.000506536	-0.0314221	0	-0	0	-0	-0.000505272	-0.031399	-0.000506536	-0.0314221	0	-0	0	-0	-0.000505272	-0.031399	
31.9657	-0.000501573	-0.0312679	0	-0	0	-0	-0.000500333	-0.0312451	-0.000501573	-0.0312679	0	-0	0	-0	-0.000500333	-0.0312451	
32.1228	-0.000496682	-0.0311151	0	-0	0	-0	-0.000495465	-0.0310927	-0.000496682	-0.0311151	0	-0	0	-0	-0.000495465	-0.0310927	
32.2799	-0.000491863	-0.0309639	0	-0	0	-0	-0.000490669	-0.0309418	-0.000491863	-0.0309639	0	-0	0	-0	-0.000490669	-0.0309418	
32.4369	-0.000487113	-0.0308141	0	-0	0	-0	-0.000485941	-0.0307923	-0.000487113	-0.0308141	0	-0	0	-0	-0.000485941	-0.0307923	
32.594	-0.000482432	-0.0306657	0	-0	0	-0	-0.000481281	-0.0306442	-0.000482432	-0.0306657	0	-0	0	-0	-0.000481281	-0.0306442	
32.7511	-0.000477818	-0.0305188	0	-0	0	-0	-0.000476688	-0.0304976	-0.000477818	-0.0305188	0	-0	0	-0	-0.000476688	-0.0304976	
32.9082	-0.00047327	-0.0303732	0	-0	0	-0	-0.000472161	-0.0303524	-0.00047327	-0.0303732	0	-0	0	-0	-0.000472161	-0.0303524	
33.0653	-0.000468786	-0.0302291	0	-0	0	-0	-0.000467697	-0.0302085	-0.000468786	-0.0302291	0	-0	0	-0	-0.000467697	-0.0302085	
33.2223	-0.000464366	-0.0300863	0	-0	0	-0	-0.000463297	-0.030066	-0.000464366	-0.0300863	0	-0	0	-0	-0.000463297	-0.030066	
33.3794	-0.000460008	-0.0299448	0	-0	0	-0	-0.000458958	-0.0299248	-0.000460008	-0.0299448	0	-0	0	-0	-0.000458958	-0.0299248	
33.5365	-0.000455711	-0.0298047	0	-0	0	-0	-0.00045468	-0.029785	-0.000455711	-0.0298047	0	-0	0	-0	-0.00045468	-0.029785	
33.6936	-0.000451474	-0.0296659	0	-0	0	-0	-0.000450462	-0.0296464	-0.000451474	-0.0296659	0	-0	0	-0	-0.000450462	-0.0296464	
33.8507	-0.000447296	-0.0295283	0	-0	0	-0	-0.000446301	-0.0295092	-0.000447296	-0.0295283	0	-0	0	-0	-0.000446301	-0.0295092	
34.0077	-0.000443175	-0.0293921	0	-0	0	-0	-0.000442198	-0.0293732	-0.000443175	-0.0293921	0	-0	0	-0	-0.000442198	-0.0293732	
34.1648	-0.000439111	-0.029257	0	-0	0	-0	-0.000438152	-0.0292384	-0.000439111	-0.029257	0	-0	0	-0	-0.000438152	-0.0292384	
34.3219	-0.000435103	-0.0291233	0	-0	0	-0	-0.000434161	-0.0291049	-0.000435103	-0.0291233	0	-0	0	-0	-0.000434161	-0.0291049	
34.479	-0.000431149	-0.0289907	0	-0	0	-0	-0.000430223	-0.0289726	-0.000431149	-0.0289907	0	-0	0	-0	-0.000430223	-0.0289726	
34.6361	-0.000427249	-0.0288593	0	-0	0	-0	-0.00042634	-0.0288414	-0.000427249	-0.0288593	0	-0	0	-0	-0.00042634	-0.0288414	
34.7931	-0.000423402	-0.0287291	0	-0	0	-0	-0.000422508	-0.0287115	-0.000423402	-0.0287291	0	-0	0	-0	-0.000422508	-0.0287115	
34.9502	-0.000419607	-0.0286001	0	-0	0	-0	-0.000418728	-0.0285827	-0.000419607	-0.0286001	0	-0	0	-0	-0.000418728	-0.0285827	
35.1073	-0.000415862	-0.0284723	0	-0	0	-0	-0.000414998	-0.0284551	-0.000415862	-0.0284723	0	-0	0	-0	-0.000414998	-0.0284551	
35.2644	-0.000412167	-0.0283456	0	-0	0	-0	-0.000411318	-0.0283286	-0.000412167	-0.0283456	0	-0	0	-0	-0.000411318	-0.0283286	
35.4215	-0.000408521	-0.02822	0	-0	0	-0	-0.000407687	-0.0282032	-0.000408521	-0.02822	0	-0	0	-0	-0.000407687	-0.0282032	
35.5785	-0.000404923	-0.0280955	0	-0	0	-0	-0.000404103	-0.028079	-0.000404923	-0.0280955	0	-0	0	-0	-0.000404103	-0.028079	
35.7356	-0.000401373	-0.0279721	0	-0	0	-0	-0.000400567	-0.0279558	-0.000401373	-0.0279721	0	-0	0	-0	-0.000400567	-0.0279558	
35.8927	-0.000397869	-0.0278498	0	-0	0	-0	-0.000397077	-0.0278337	-0.000397869	-0.0278498	0	-0	0	-0	-0.000397077	-0.0278337	
36.0498	-0.000394411	-0.0277285	0	-0	0	-0	-0.000393632	-0.0277126	-0.000394411	-0.0277285	0	-0	0	-0	-0.000393632	-0.0277126	
36.2069	-0.000390997	-0.0276083	0	-0	0	-0	-0.000390231	-0.0275926	-0.000390997	-0.0276083	0	-0	0	-0	-0.000390231	-0.0275926	
36.3639	-0.000387628	-0.0274891	0	-0	0	-0	-0.000386875	-0.0274737	-0.000387628	-0.0274891	0	-0	0	-0	-0.000386875	-0.0274737	
36.521	-0.000384302	-0.027371	0	-0	0	-0	-0.000383562	-0.0273557	-0.000384302	-0.027371	0	-0	0	-0	-0.000383562	-0.0273557	
36.6781	-0.000381019	-0.0272539	0	-0	0	-0	-0.000380291	-0.0272388	-0.000381019	-0.0272539	0	-0	0	-0	-0.000380291	-0.0272388	
36.8352	-0.000377778	-0.0271377	0	-0	0	-0	-0.000377061	-0.0271228	-0.000377778	-0.0271377	0	-0	0	-0	-0.000377061	-0.0271228	
36.9923	-0.000374578	-0.0270226	0	-0	0	-0	-0.000373873	-0.0270079	-0.000374578	-0.0270226	0	-0	0	-0	-0.000373873	-0.0270079	
37.1493	-0.000371418	-0.0269084	0	-0	0	-0	-0.000370725	-0.0268939	-0.000371418	-0.0269084	0	-0	0	-0	-0.000370725	-0.0268939	
37.3064	-0.000368298	-0.0267952	0	-0	0	-0	-0.000367616	-0.0267808	-0.000368298	-0.0267952	0	-0	0	-0	-0.000367616	-0.0267808	
37.4635	-0.000365217	-0.0266829	0	-0	0	-0	-0.000364546	-0.0266688	-0.000365217	-0.0266829	0	-0	0	-0	-0.000364546	-0.0266688	
37.6206	-0.000362175	-0.0265716	0	-0	0	-0	-0.000361515	-0.0265576	-0.000362175	-0.0265716	0	-0	0	-0	-0.000361515	-0.0265576	
37.7777	-0.00035917	-0.0264612	0	-0	0	-0	-0.000358521	-0.0264474	-0.00035917	-0.0264612	0	-0	0	-0	-0.000358521	-0.0264474	
37.9347	-0.000356203	-0.0263517	0	-0	0	-0	-0.000355564	-0.0263381	-0.000356203	-0.0263517	0	-0	0	-0	-0.000355564	-0.0263381	
38.0918	-0.000353273	-0.0262431	0	-0	0	-0	-0.000352644	-0.0262296	-0.000353273	-0.0262431	0	-0	0	-0	-0.000352644	-0.0262296	
38.2489	-0.000350378	-0.0261354	0	-0	0	-0	-0.000349759	-0.0261221	-0.000350378	-0.0261354	0	-0	0	-0	-0.000349759	-0.0261221	
38.406	-0.000347519	-0.0260286	0	-0	0	-0	-0.00034691	-0.0260154	-0.000347519	-0.0260286	0	-0	0	-0	-0.00034691	-0.0260154	
38.563	-0.000344695	-0.0259226	0	-0	0	-0	-0.000344095	-0.0259096	-0.000344695	-0.0259226	0	-0	0	-0	-0.000344095	-0.0259096	
38.7201	-0.000341905	-0.0258175	0	-0	0	-0	-0.000341314	-0.0258047	-0.000341905	-0.0258175	0	-0	0	-0	-0.000341314	-0.0258047	
38.8772	-0.000339148	-0.0257133	0	-0	0	-0	-0.000338567	-0.0257006	-0.000339148	-0.0257133	0	-0	0	-0	-0.000338567	-0.0257006	
39.0343	-0.000336425	-0.0256099	0	-0	0	-0	-0.000335853	-0.0255974	-0.000336425	-0.0256099	0	-0	0	-0	-0.000335853	-0.0255974	
39.1914	-0.000333735	-0.0255073	0	-0	0	-0	-0.000333172	-0.0254949	-0.000333735	-0.0255073	0	-0	0	-0	-0.000333172	-0.0254949	
39.3484	-0.000331076	-0.0254056	0	-0	0	-0	-0.000330522	-0.0253933	-0.000331076	-0.0254056	0	-0	0	-0	-0.000330522	-0.0253933	
39.5055	-0.00032845	-0.0253046	0	-0	0	-0	-0.000327904	-0.0252925	-0.00032845	-0.0253046	0	-0	0	-0	-0.000327904	-0.0252925	
39.6626	-0.000325854	-0.0252045	0	-0	0	-0	-0.000325317	-0.0251925	-0.000325854	-0.0252045	0	-0	0	-0	-0.000325317	-0.0251925	
39.8197	-0.000323289	-0.0251051	0	-0	0	-0	-0.00032276	-0.0250933	-0.000323289	-0.0251051	0	-0	0	-0	-0.00032276	-0.0250933	
39.9768	-0.000320755	-0.0250065	0	-0	0	-0	-0.000320234	-0.0249949	-0.000320755	-0.0250065	0	-0	0	-0	-0.000320234	-0.0249949	
40.1338	-0.00031825	-0.0249087	0	-0	0	-0	-0.000317737	-0.0248972	-0.00031825	-0.0249087	0	-0	0	-0	-0.000317737	-0.0248972	
40.2909	-0.000315774	-0.0248117	0	-0	0	-0	-0.000315269	-0.0248003	-0.000315774	-0.0248117	0	-0	0	-0	-0.000315269	-0.0248003	
40.448	-0.000313327	-0.0247154	0	-0	0	-0	-0.000312829	-0.0247041	-0.000313327	-0.0247154	0	-0	0	-0	-0.000312829	-0.0247041	
40.6051	-0.000310908	-0.0246198	0	-0	0	-0	-0.000310418	-0.0246087	-0.000310908	-0.0246198	0	-0	0	-0	-0.000310418	-0.0246087	
40.7622	-0.000308517	-0.024525	0	-0	0	-0	-0.000308034	-0.024514	-0.000308517	-0.024525	0	-0	0	-0	-0.000308034	-0.024514	
40.9192	-0.000306154	-0.0244309	0	-0	0	-0	-0.000305678	-0.02442	-0.000306154	-0.0244309	0	-0	0	-0	-0.000305678	-0.02442	
41.0763	-0.000303818	-0.0243375	0	-0	0	-0	-0.000303349	-0.0243268	-0.000303818	-0.0243375	0	-0	0	-0	-0.000303349	-0.0243268	
41.2334	-0.000301508	-0.0242449	0	-0	0	-0	-0.000301046	-0.0242342	-0.000301508	-0.0242449	0	-0	0	-0	-0.000301046	-0.0242342	
41.3905	-0.000299225	-0.0241529	0	-0	0	-0	-0.00029877	-0.0241424	-0.000299225	-0.0241529	0	-0	0	-0	-0.00029877	-0.0241424	
41.5476	-0.000296967	-0.0240617	0	-0	0	-0	-0.000296519	-0.0240513	-0.000296967	-0.0240617	0	-0	0	-0	-0.000296519	-0.0240513	
41.7046	-0.000294735	-0.0239711	0	-0	0	-0	-0.000294293	-0.0239608	-0.000294735	-0.0239711	0	-0	0	-0	-0.000294293	-0.0239608	
41.8617	-0.000292528	-0.0238812	0	-0	0	-0	-0.000292093	-0.023871	-0.000292528	-0.0238812	0	-0	0	-0	-0.000292093	-0.023871	
42.0188	-0.000290345	-0.023792	0	-0	0	-0	-0.000289917	-0.0237819	-0.000290345	-0.023792	0	-0	0	-0	-0.000289917	-0.0237819	
42.1759	-0.000288187	-0.0237034	0	-0	0	-0	-0.000287765	-0.0236935	-0.000288187	-0.0237034	0	-0	0	-0	-0.000287765	-0.0236935	
42.333	-0.000286053	-0.0236155	0	-0	0	-0	-0.000285637	-0.0236057	-0.000286053	-0.0236155	0	-0	0	-0	-0.000285637	-0.0236057	
42.49	-0.000283943	-0.0235283	0	-0	0	-0	-0.000283532	-0.0235185	-0.000283943	-0.0235283	0	-0	0	-0	-0.000283532	-0.0235185	
42.6471	-0.000281856	-0.0234416	0	-0	0	-0	-0.000281451	-0.023432	-0.000281856	-0.0234416	0	-0	0	-0	-0.000281451	-0.023432	
42.8042	-0.000279791	-0.0233557	0	-0	0	-0	-0.000279393	-0.0233462	-0.000279791	-0.0233557	0	-0	0	-0	-0.000279393	-0.0233462	
42.9613	-0.00027775	-0.0232703	0	-0	0	-0	-0.000277357	-0.0232609	-0.00027775	-0.0232703	0	-0	0	-0	-0.000277357	-0.0232609	
43.1184	-0.00027573	-0.0231856	0	-0	0	-0	-0.000275343	-0.0231763	-0.00027573	-0.0231856	0	-0	0	-0	-0.000275343	-0.0231763	
43.2754	-0.000273733	-0.0231015	0	-0	0	-0	-0.000273351	-0.0230923	-0.000273733	-0.0231015	0	-0	0	-0	-0.000273351	-0.0230923	
43.4325	-0.000271757	-0.023018	0	-0	0	-0	-0.00027138	-0.0230089	-0.000271757	-0.023018	0	-0	0	-0	-0.00027138	-0.0230089	
43.5896	-0.000269802	-0.0229351	0	-0	0	-0	-0.000269431	-0.0229261	-0.000269802	-0.0229351	0	-0	0	-0	-0.000269431	-0.0229261	
43.7467	-0.000267869	-0.0228528	0	-0	0	-0	-0.000267503	-0.0228439	-0.000267869	-0.0228528	0	-0	0	-0	-0.000267503	-0.0228439	
43.9038	-0.000265956	-0.022771	0	-0	0	-0	-0.000265595	-0.0227622	-0.000265956	-0.022771	0	-0	0	-0	-0.000265595	-0.0227622	
44.0608	-0.000264064	-0.0226899	0	-0	0	-0	-0.000263708	-0.0226812	-0.000264064	-0.0226899	0	-0	0	-0	-0.000263708	-0.0226812	
44.2179	-0.000262191	-0.0226093	0	-0	0	-0	-0.00026184	-0.0226007	-0.000262191	-0.0226093	0	-0	0	-0	-0.00026184	-0.0226007	
44.375	-0.000260339	-0.0225294	0	-0	0	-0	-0.000259993	-0.0225208	-0.000260339	-0.0225294	0	-0	0	-0	-0.000259993	-0.0225208	
44.5321	-0.000258506	-0.0224499	0	-0	0	-0	-0.000258165	-0.0224415	-0.000258506	-0.0224499	0	-0	0	-0	-0.000258165	-0.0224415	
44.6892	-0.000256693	-0.0223711	0	-0	0	-0	-0.000256356	-0.0223627	-0.000256693	-0.0223711	0	-0	0	-0	-0.000256356	-0.0223627	
44.8462	-0.000254898	-0.0222927	0	-0	0	-0	-0.000254566	-0.0222845	-0.000254898	-0.0222927	0	-0	0	-0	-0.000254566	-0.0222845	
45.0033	-0.000253122	-0.022215	0	-0	0	-0	-0.000252794	-0.0222068	-0.000253122	-0.022215	0	-0	0	-0	-0.000252794	-0.0222068	
45.1604	-0.000251365	-0.0221377	0	-0	0	-0	-0.000251042	-0.0221296	-0.000251365	-0.0221377	0	-0	0	-0	-0.000251042	-0.0221296	
45.3175	-0.000249626	-0.022061	0	-0	0	-0	-0.000249307	-0.022053	-0.000249626	-0.022061	0	-0	0	-0	-0.000249307	-0.022053	
45.4746	-0.000247905	-0.0219849	0	-0	0	-0	-0.00024759	-0.0219769	-0.000247905	-0.0219849	0	-0	0	-0	-0.00024759	-0.0219769	
45.6316	-0.000246201	-0.0219092	0	-0	0	-0	-0.000245891	-0.0219014	-0.000246201	-0.0219092	0	-0	0	-0	-0.000245891	-0.0219014	
45.7887	-0.000244515	-0.0218341	0	-0	0	-0	-0.000244209	-0.0218263	-0.000244515	-0.0218341	0	-0	0	-0	-0.000244209	-0.0218263	
45.9458	-0.000242847	-0.0217595	0	-0	0	-0	-0.000242545	-0.0217518	-0.000242847	-0.0217595	0	-0	0	-0	-0.000242545	-0.0217518	
46.1029	-0.000241195	-0.0216854	0	-0	0	-0	-0.000240897	-0.0216778	-0.000241195	-0.0216854	0	-0	0	-0	-0.000240897	-0.0216778	
46.26	-0.00023956	-0.0216118	0	-0	0	-0	-0.000239266	-0.0216043	-0.00023956	-0.0216118	0	-0	0	-0	-0.000239266	-0.0216043	
46.417	-0.000237942	-0.0215387	0	-0	0	-0	-0.000237652	-0.0215312	-0.000237942	-0.0215387	0	-0	0	-0	-0.000237652	-0.0215312	
46.5741	-0.00023634	-0.0214661	0	-0	0	-0	-0.000236054	-0.0214587	-0.00023634	-0.0214661	0	-0	0	-0	-0.000236054	-0.0214587	
46.7312	-0.000234754	-0.021394	0	-0	0	-0	-0.000234472	-0.0213867	-0.000234754	-0.021394	0	-0	0	-0	-0.000234472	-0.0213867	
46.8883	-0.000233185	-0.0213223	0	-0	0	-0	-0.000232906	-0.0213151	-0.000233185	-0.0213223	0	-0	0	-0	-0.000232906	-0.0213151	
47.0453	-0.00023163	-0.0212512	0	-0	0	-0	-0.000231355	-0.021244	-0.00023163	-0.0212512	0	-0	0	-0	-0.000231355	-0.021244	
47.2024	-0.000230092	-0.0211805	0	-0	0	-0	-0.00022982	-0.0211734	-0.000230092	-0.0211805	0	-0	0	-0	-0.00022982	-0.0211734	
47.3595	-0.000228568	-0.0211103	0	-0	0	-0	-0.0002283	-0.0211032	-0.000228568	-0.0211103	0	-0	0	-0	-0.0002283	-0.0211032	
47.5166	-0.00022706	-0.0210405	0	-0	0	-0	-0.000226795	-0.0210336	-0.00022706	-0.0210405	0	-0	0	-0	-0.000226795	-0.0210336	
47.6737	-0.000225566	-0.0209712	0	-0	0	-0	-0.000225305	-0.0209643	-0.000225566	-0.0209712	0	-0	0	-0	-0.000225305	-0.0209643	
47.8307	-0.000224088	-0.0209024	0	-0	0	-0	-0.00022383	-0.0208956	-0.000224088	-0.0209024	0	-0	0	-0	-0.00022383	-0.0208956	
47.9878	-0.000222623	-0.020834	0	-0	0	-0	-0.000222369	-0.0208272	-0.000222623	-0.020834	0	-0	0	-0	-0.000222369	-0.0208272	
48.1449	-0.000221173	-0.020766	0	-0	0	-0	-0.000220922	-0.0207594	-0.000221173	-0.020766	0	-0	0	-0	-0.000220922	-0.0207594	
48.302	-0.000219738	-0.0206985	0	-0	0	-0	-0.000219489	-0.0206919	-0.000219738	-0.0206985	0	-0	0	-0	-0.000219489	-0.0206919	
48.4591	-0.000218316	-0.0206315	0	-0	0	-0	-0.000218071	-0.0206249	-0.000218316	-0.0206315	0	-0	0	-0	-0.000218071	-0.0206249	
48.6161	-0.000216907	-0.0205648	0	-0	0	-0	-0.000216665	-0.0205583	-0.000216907	-0.0205648	0	-0	0	-0	-0.000216665	-0.0205583	
48.7732	-0.000215513	-0.0204986	0	-0	0	-0	-0.000215274	-0.0204922	-0.000215513	-0.0204986	0	-0	0	-0	-0.000215274	-0.0204922	
48.9303	-0.000214132	-0.0204329	0	-0	0	-0	-0.000213896	-0.0204265	-0.000214132	-0.0204329	0	-0	0	-0	-0.000213896	-0.0204265	
49.0874	-0.000212764	-0.0203675	0	-0	0	-0	-0.000212531	-0.0203612	-0.000212764	-0.0203675	0	-0	0	-0	-0.000212531	-0.0203612	
49.2445	-0.000211409	-0.0203026	0	-0	0	-0	-0.000211179	-0.0202963	-0.000211409	-0.0203026	0	-0	0	-0	-0.000211179	-0.0202963	
49.4015	-0.000210067	-0.020238	0	-0	0	-0	-0.00020984	-0.0202318	-0.000210067	-0.020238	0	-0	0	-0	-0.00020984	-0.0202318	
49.5586	-0.000208738	-0.0201739	0	-0	0	-0	-0.000208513	-0.0201678	-0.000208738	-0.0201739	0	-0	0	-0	-0.000208513	-0.0201678	
49.7157	-0.000207421	-0.0201102	0	-0	0	-0	-0.000207199	-0.0201041	-0.000207421	-0.0201102	0	-0	0	-0	-0.000207199	-0.0201041	
49.8728	-0.000206117	-0.0200469	0	-0	0	-0	-0.000205898	-0.0200409	-0.000206117	-0.0200469	0	-0	0	-0	-0.000205898	-0.0200409	
50.0299	-0.000204825	-0.019984	0	-0	0	-0	-0.000204608	-0.019978	-0.000204825	-0.019984	0	-0	0	-0	-0.000204608	-0.019978	
50.1869	-0.000203545	-0.0199214	0	-0	0	-0	-0.000203331	-0.0199155	-0.000203545	-0.0199214	0	-0	0	-0	-0.000203331	-0.0199155	
50.344	-0.000202277	-0.0198593	0	-0	0	-0	-0.000202066	-0.0198535	-0.000202277	-0.0198593	0	-0	0	-0	-0.000202066	-0.0198535	
50.5011	-0.000201021	-0.0197976	0	-0	0	-0	-0.000200812	-0.0197918	-0.000201021	-0.0197976	0	-0	0	-0	-0.000200812	-0.0197918	
50.6582	-0.000199776	-0.0197362	0	-0	0	-0	-0.00019957	-0.0197305	-0.000199776	-0.0197362	0	-0	0	-0	-0.00019957	-0.0197305	
50.8153	-0.000198543	-0.0196752	0	-0	0	-0	-0.00019834	-0.0196695	-0.000198543	-0.0196752	0	-0	0	-0	-0.00019834	-0.0196695	
50.9723	-0.000197322	-0.0196146	0	-0	0	-0	-0.000197121	-0.019609	-0.000197322	-0.0196146	0	-0	0	-0	-0.000197121	-0.019609	
51.1294	-0.000196111	-0.0195544	0	-0	0	-0	-0.000195913	-0.0195488	-0.000196111	-0.0195544	0	-0	0	-0	-0.000195913	-0.0195488	
51.2865	-0.000194912	-0.0194945	0	-0	0	-0	-0.000194716	-0.019489	-0.000194912	-0.0194945	0	-0	0	-0	-0.000194716	-0.019489	
51.4436	-0.000193724	-0.019435	0	-0	0	-0	-0.00019353	-0.0194295	-0.000193724	-0.019435	0	-0	0	-0	-0.00019353	-0.0194295	
51.6007	-0.000192547	-0.0193759	0	-0	0	-0	-0.000192355	-0.0193704	-0.000192547	-0.0193759	0	-0	0	-0	-0.000192355	-0.0193704	
51.7577	-0.00019138	-0.0193171	0	-0	0	-0	-0.000191191	-0.0193117	-0.00019138	-0.0193171	0	-0	0	-0	-0.000191191	-0.0193117	
51.9148	-0.000190224	-0.0192587	0	-0	0	-0	-0.000190037	-0.0192533	-0.000190224	-0.0192587	0	-0	0	-0	-0.000190037	-0.0192533	
52.0719	-0.000189078	-0.0192006	0	-0	0	-0	-0.000188893	-0.0191953	-0.000189078	-0.0192006	0	-0	0	-0	-0.000188893	-0.0191953	
52.229	-0.000187943	-0.0191429	0	-0	0	-0	-0.00018776	-0.0191376	-0.000187943	-0.0191429	0	-0	0	-0	-0.00018776	-0.0191376	
52.3861	-0.000186817	-0.0190855	0	-0	0	-0	-0.000186637	-0.0190803	-0.000186817	-0.0190855	0	-0	0	-0	-0.000186637	-0.0190803	
52.5431	-0.000185702	-0.0190285	0	-0	0	-0	-0.000185524	-0.0190233	-0.000185702	-0.0190285	0	-0	0	-0	-0.000185524	-0.0190233	
52.7002	-0.000184597	-0.0189718	0	-0	0	-0	-0.000184421	-0.0189667	-0.000184597	-0.0189718	0	-0	0	-0	-0.000184421	-0.0189667	
52.8573	-0.000183502	-0.0189154	0	-0	0	-0	-0.000183328	-0.0189103	-0.000183502	-0.0189154	0	-0	0	-0	-0.000183328	-0.0189103	
53.0144	-0.000182416	-0.0188594	0	-0	0	-0	-0.000182244	-0.0188544	-0.000182416	-0.0188594	0	-0	0	-0	-0.000182244	-0.0188544	
53.1715	-0.00018134	-0.0188037	0	-0	0	-0	-0.00018117	-0.0187987	-0.00018134	-0.0188037	0	-0	0	-0	-0.00018117	-0.0187987	
53.3285	-0.000180274	-0.0187483	0	-0	0	-0	-0.000180106	-0.0187434	-0.000180274	-0.0187483	0	-0	0	-0	-0.000180106	-0.0187434	
53.4856	-0.000179217	-0.0186933	0	-0	0	-0	-0.00017905	-0.0186884	-0.000179217	-0.0186933	0	-0	0	-0	-0.00017905	-0.0186884	
53.6427	-0.000178169	-0.0186385	0	-0	0	-0	-0.000178005	-0.0186337	-0.000178169	-0.0186385	0	-0	0	-0	-0.000178005	-0.0186337	
53.7998	-0.00017713	-0.0185841	0	-0	0	-0	-0.000176968	-0.0185794	-0.00017713	-0.0185841	0	-0	0	-0	-0.000176968	-0.0185794	
53.9569	-0.0001761	-0.0185301	0	-0	0	-0	-0.00017594	-0.0185253	-0.0001761	-0.0185301	0	-0	0	-0	-0.00017594	-0.0185253	
54.1139	-0.00017508	-0.0184763	0	-0	0	-0	-0.000174921	-0.0184716	-0.00017508	-0.0184763	0	-0	0	-0	-0.000174921	-0.0184716	
54.271	-0.000174068	-0.0184228	0	-0	0	-0	-0.000173911	-0.0184182	-0.000174068	-0.0184228	0	-0	0	-0	-0.000173911	-0.0184182	
54.4281	-0.000173065	-0.0183697	0	-0	0	-0	-0.00017291	-0.0183651	-0.000173065	-0.0183697	0	-0	0	-0	-0.00017291	-0.0183651	
54.5852	-0.00017207	-0.0183168	0	-0	0	-0	-0.000171917	-0.0183123	-0.00017207	-0.0183168	0	-0	0	-0	-0.000171917	-0.0183123	
54.7423	-0.000171084	-0.0182643	0	-0	0	-0	-0.000170933	-0.0182597	-0.000171084	-0.0182643	0	-0	0	-0	-0.000170933	-0.0182597	
54.8993	-0.000170107	-0.0182121	0	-0	0	-0	-0.000169957	-0.0182075	-0.000170107	-0.0182121	0	-0	0	-0	-0.000169957	-0.0182075	
55.0564	-0.000169138	-0.0181601	0	-0	0	-0	-0.00016899	-0.0181556	-0.000169138	-0.0181601	0	-0	0	-0	-0.00016899	-0.0181556	
55.2135	-0.000168177	-0.0181085	0	-0	0	-0	-0.000168031	-0.018104	-0.000168177	-0.0181085	0	-0	0	-0	-0.000168031	-0.018104	
55.3706	-0.000167224	-0.0180571	0	-0	0	-0	-0.000167079	-0.0180527	-0.000167224	-0.0180571	0	-0	0	-0	-0.000167079	-0.0180527	
55.5277	-0.00016628	-0.0180061	0	-0	0	-0	-0.000166136	-0.0180017	-0.00016628	-0.0180061	0	-0	0	-0	-0.000166136	-0.0180017	
55.6847	-0.000165343	-0.0179553	0	-0	0	-0	-0.000165201	-0.017951	-0.000165343	-0.0179553	0	-0	0	-0	-0.000165201	-0.017951	
55.8418	-0.000164414	-0.0179048	0	-0	0	-0	-0.000164274	-0.0179005	-0.000164414	-0.0179048	0	-0	0	-0	-0.000164274	-0.0179005	
55.9989	-0.000163493	-0.0178546	0	-0	0	-0	-0.000163355	-0.0178503	-0.000163493	-0.0178546	0	-0	0	-0	-0.000163355	-0.0178503	
56.156	-0.00016258	-0.0178047	0	-0	0	-0	-0.000162443	-0.0178004	-0.00016258	-0.0178047	0	-0	0	-0	-0.000162443	-0.0178004	
56.313	-0.000161675	-0.017755	0	-0	0	-0	-0.000161539	-0.0177508	-0.000161675	-0.017755	0	-0	0	-0	-0.000161539	-0.0177508	
56.4701	-0.000160777	-0.0177056	0	-0	0	-0	-0.000160643	-0.0177015	-0.000160777	-0.0177056	0	-0	0	-0	-0.000160643	-0.0177015	
56.6272	-0.000159886	-0.0176565	0	-0	0	-0	-0.000159753	-0.0176524	-0.000159886	-0.0176565	0	-0	0	-0	-0.000159753	-0.0176524	
56.7843	-0.000159003	-0.0176077	0	-0	0	-0	-0.000158872	-0.0176036	-0.000159003	-0.0176077	0	-0	0	-0	-0.000158872	-0.0176036	
56.9414	-0.000158127	-0.0175592	0	-0	0	-0	-0.000157997	-0.0175551	-0.000158127	-0.0175592	0	-0	0	-0	-0.000157997	-0.0175551	
57.0984	-0.000157258	-0.0175109	0	-0	0	-0	-0.00015713	-0.0175068	-0.000157258	-0.0175109	0	-0	0	-0	-0.00015713	-0.0175068	
57.2555	-0.000156397	-0.0174628	0	-0	0	-0	-0.00015627	-0.0174589	-0.000156397	-0.0174628	0	-0	0	-0	-0.00015627	-0.0174589	
57.4126	-0.000155542	-0.0174151	0	-0	0	-0	-0.000155417	-0.0174111	-0.000155542	-0.0174151	0	-0	0	-0	-0.000155417	-0.0174111	
57.5697	-0.000154695	-0.0173676	0	-0	0	-0	-0.00015457	-0.0173637	-0.000154695	-0.0173676	0	-0	0	-0	-0.00015457	-0.0173637	
57.7268	-0.000153854	-0.0173203	0	-0	0	-0	-0.000153731	-0.0173164	-0.000153854	-0.0173203	0	-0	0	-0	-0.000153731	-0.0173164	
57.8838	-0.00015302	-0.0172733	0	-0	0	-0	-0.000152899	-0.0172695	-0.00015302	-0.0172733	0	-0	0	-0	-0.000152899	-0.0172695	
58.0409	-0.000152193	-0.0172266	0	-0	0	-0	-0.000152073	-0.0172228	-0.000152193	-0.0172266	0	-0	0	-0	-0.000152073	-0.0172228	
58.198	-0.000151373	-0.0171801	0	-0	0	-0	-0.000151254	-0.0171763	-0.000151373	-0.0171801	0	-0	0	-0	-0.000151254	-0.0171763	
58.3551	-0.000150559	-0.0171339	0	-0	0	-0	-0.000150442	-0.0171301	-0.000150559	-0.0171339	0	-0	0	-0	-0.000150442	-0.0171301	
58.5122	-0.000149752	-0.0170879	0	-0	0	-0	-0.000149636	-0.0170842	-0.000149752	-0.0170879	0	-0	0	-0	-0.000149636	-0.0170842	
58.6692	-0.000148951	-0.0170422	0	-0	0	-0	-0.000148836	-0.0170385	-0.000148951	-0.0170422	0	-0	0	-0	-0.000148836	-0.0170385	
58.8263	-0.000148157	-0.0169967	0	-0	0	-0	-0.000148043	-0.016993	-0.000148157	-0.0169967	0	-0	0	-0	-0.000148043	-0.016993	
58.9834	-0.000147369	-0.0169514	0	-0	0	-0	-0.000147256	-0.0169478	-0.000147369	-0.0169514	0	-0	0	-0	-0.000147256	-0.0169478	
59.1405	-0.000146587	-0.0169064	0	-0	0	-0	-0.000146476	-0.0169028	-0.000146587	-0.0169064	0	-0	0	-0	-0.000146476	-0.0169028	
59.2976	-0.000145812	-0.0168616	0	-0	0	-0	-0.000145701	-0.0168581	-0.000145812	-0.0168616	0	-0	0	-0	-0.000145701	-0.0168581	
59.4546	-0.000145043	-0.0168171	0	-0	0	-0	-0.000144933	-0.0168136	-0.000145043	-0.0168171	0	-0	0	-0	-0.000144933	-0.0168136	
59.6117	-0.000144279	-0.0167728	0	-0	0	-0	-0.000144171	-0.0167693	-0.000144279	-0.0167728	0	-0	0	-0	-0.000144171	-0.0167693	
59.7688	-0.000143522	-0.0167287	0	-0	0	-0	-0.000143415	-0.0167252	-0.000143522	-0.0167287	0	-0	0	-0	-0.000143415	-0.0167252	
59.9259	-0.000142771	-0.0166849	0	-0	0	-0	-0.000142665	-0.0166814	-0.000142771	-0.0166849	0	-0	0	-0	-0.000142665	-0.0166814	
60.083	-0.000142025	-0.0166413	0	-0	0	-0	-0.00014192	-0.0166378	-0.000142025	-0.0166413	0	-0	0	-0	-0.00014192	-0.0166378	
60.24	-0.000141286	-0.0165979	0	-0	0	-0	-0.000141182	-0.0165945	-0.000141286	-0.0165979	0	-0	0	-0	-0.000141182	-0.0165945	
60.3971	-0.000140552	-0.0165548	0	-0	0	-0	-0.000140449	-0.0165514	-0.000140552	-0.0165548	0	-0	0	-0	-0.000140449	-0.0165514	
60.5542	-0.000139824	-0.0165118	0	-0	0	-0	-0.000139722	-0.0165085	-0.000139824	-0.0165118	0	-0	0	-0	-0.000139722	-0.0165085	
60.7113	-0.000139101	-0.0164691	0	-0	0	-0	-0.000139001	-0.0164658	-0.000139101	-0.0164691	0	-0	0	-0	-0.000139001	-0.0164658	
60.8684	-0.000138384	-0.0164266	0	-0	0	-0	-0.000138285	-0.0164233	-0.000138384	-0.0164266	0	-0	0	-0	-0.000138285	-0.0164233	
61.0254	-0.000137673	-0.0163844	0	-0	0	-0	-0.000137574	-0.0163811	-0.000137673	-0.0163844	0	-0	0	-0	-0.000137574	-0.0163811	
61.1825	-0.000136967	-0.0163423	0	-0	0	-0	-0.000136869	-0.016339	-0.000136967	-0.0163423	0	-0	0	-0	-0.000136869	-0.016339	
61.3396	-0.000136267	-0.0163005	0	-0	0	-0	-0.00013617	-0.0162972	-0.000136267	-0.0163005	0	-0	0	-0	-0.00013617	-0.0162972	
61.4967	-0.000135571	-0.0162588	0	-0	0	-0	-0.000135476	-0.0162556	-0.000135571	-0.0162588	0	-0	0	-0	-0.000135476	-0.0162556	
61.6538	-0.000134882	-0.0162174	0	-0	0	-0	-0.000134787	-0.0162142	-0.000134882	-0.0162174	0	-0	0	-0	-0.000134787	-0.0162142	
61.8108	-0.000134197	-0.0161762	0	-0	0	-0	-0.000134103	-0.0161731	-0.000134197	-0.0161762	0	-0	0	-0	-0.000134103	-0.0161731	
61.9679	-0.000133518	-0.0161352	0	-0	0	-0	-0.000133425	-0.0161321	-0.000133518	-0.0161352	0	-0	0	-0	-0.000133425	-0.0161321	
62.125	-0.000132843	-0.0160944	0	-0	0	-0	-0.000132751	-0.0160913	-0.000132843	-0.0160944	0	-0	0	-0	-0.000132751	-0.0160913	
62.2821	-0.000132174	-0.0160539	0	-0	0	-0	-0.000132083	-0.0160508	-0.000132174	-0.0160539	0	-0	0	-0	-0.000132083	-0.0160508	
62.4392	-0.00013151	-0.0160135	0	-0	0	-0	-0.00013142	-0.0160104	-0.00013151	-0.0160135	0	-0	0	-0	-0.00013142	-0.0160104	
62.5962	-0.000130851	-0.0159733	0	-0	0	-0	-0.000130762	-0.0159703	-0.000130851	-0.0159733	0	-0	0	-0	-0.000130762	-0.0159703	
62.7533	-0.000130197	-0.0159333	0	-0	0	-0	-0.000130109	-0.0159303	-0.000130197	-0.0159333	0	-0	0	-0	-0.000130109	-0.0159303	
62.9104	-0.000129548	-0.0158936	0	-0	0	-0	-0.00012946	-0.0158906	-0.000129548	-0.0158936	0	-0	0	-0	-0.00012946	-0.0158906	
63.0675	-0.000128903	-0.015854	0	-0	0	-0	-0.000128817	-0.015851	-0.000128903	-0.015854	0	-0	0	-0	-0.000128817	-0.015851	
63.2246	-0.000128264	-0.0158146	0	-0	0	-0	-0.000128178	-0.0158117	-0.000128264	-0.0158146	0	-0	0	-0	-0.000128178	-0.0158117	
63.3816	-0.000127629	-0.0157754	0	-0	0	-0	-0.000127544	-0.0157725	-0.000127629	-0.0157754	0	-0	0	-0	-0.000127544	-0.0157725	
63.5387	-0.000126998	-0.0157364	0	-0	0	-0	-0.000126914	-0.0157335	-0.000126998	-0.0157364	0	-0	0	-0	-0.000126914	-0.0157335	
63.6958	-0.000126373	-0.0156976	0	-0	0	-0	-0.00012629	-0.0156947	-0.000126373	-0.0156976	0	-0	0	-0	-0.00012629	-0.0156947	
63.8529	-0.000125752	-0.015659	0	-0	0	-0	-0.00012567	-0.0156562	-0.000125752	-0.015659	0	-0	0	-0	-0.00012567	-0.0156562	
64.01	-0.000125136	-0.0156206	0	-0	0	-0	-0.000125054	-0.0156178	-0.000125136	-0.0156206	0	-0	0	-0	-0.000125054	-0.0156178	
64.167	-0.000124524	-0.0155824	0	-0	0	-0	-0.000124443	-0.0155796	-0.000124524	-0.0155824	0	-0	0	-0	-0.000124443	-0.0155796	
64.3241	-0.000123916	-0.0155443	0	-0	0	-0	-0.000123836	-0.0155415	-0.000123916	-0.0155443	0	-0	0	-0	-0.000123836	-0.0155415	
64.4812	-0.000123314	-0.0155065	0	-0	0	-0	-0.000123234	-0.0155037	-0.000123314	-0.0155065	0	-0	0	-0	-0.000123234	-0.0155037	
64.6383	-0.000122715	-0.0154688	0	-0	0	-0	-0.000122636	-0.015466	-0.000122715	-0.0154688	0	-0	0	-0	-0.000122636	-0.015466	
64.7953	-0.000122121	-0.0154313	0	-0	0	-0	-0.000122043	-0.0154286	-0.000122121	-0.0154313	0	-0	0	-0	-0.000122043	-0.0154286	
64.9524	-0.000121531	-0.015394	0	-0	0	-0	-0.000121454	-0.0153913	-0.000121531	-0.015394	0	-0	0	-0	-0.000121454	-0.0153913	
65.1095	-0.000120945	-0.0153569	0	-0	0	-0	-0.000120869	-0.0153542	-0.000120945	-0.0153569	0	-0	0	-0	-0.000120869	-0.0153542	
65.2666	-0.000120364	-0.0153199	0	-0	0	-0	-0.000120288	-0.0153172	-0.000120364	-0.0153199	0	-0	0	-0	-0.000120288	-0.0153172	
65.4237	-0.000119787	-0.0152832	0	-0	0	-0	-0.000119712	-0.0152805	-0.000119787	-0.0152832	0	-0	0	-0	-0.000119712	-0.0152805	
65.5807	-0.000119214	-0.0152466	0	-0	0	-0	-0.000119139	-0.0152439	-0.000119214	-0.0152466	0	-0	0	-0	-0.000119139	-0.0152439	
65.7378	-0.000118645	-0.0152101	0	-0	0	-0	-0.000118571	-0.0152075	-0.000118645	-0.0152101	0	-0	0	-0	-0.000118571	-0.0152075	
65.8949	-0.00011808	-0.0151739	0	-0	0	-0	-0.000118007	-0.0151713	-0.00011808	-0.0151739	0	-0	0	-0	-0.000118007	-0.0151713	
66.052	-0.000117519	-0.0151378	0	-0	0	-0	-0.000117447	-0.0151352	-0.000117519	-0.0151378	0	-0	0	-0	-0.000117447	-0.0151352	
66.2091	-0.000116962	-0.0151019	0	-0	0	-0	-0.000116891	-0.0150993	-0.000116962	-0.0151019	0	-0	0	-0	-0.000116891	-0.0150993	
66.3661	-0.000116409	-0.0150662	0	-0	0	-0	-0.000116338	-0.0150636	-0.000116409	-0.0150662	0	-0	0	-0	-0.000116338	-0.0150636	
66.5232	-0.00011586	-0.0150306	0	-0	0	-0	-0.00011579	-0.0150281	-0.00011586	-0.0150306	0	-0	0	-0	-0.00011579	-0.0150281	
66.6803	-0.000115315	-0.0149952	0	-0	0	-0	-0.000115245	-0.0149927	-0.000115315	-0.0149952	0	-0	0	-0	-0.000115245	-0.0149927	
66.8374	-0.000114773	-0.01496	0	-0	0	-0	-0.000114705	-0.0149575	-0.000114773	-0.01496	0	-0	0	-0	-0.000114705	-0.0149575	
66.9945	-0.000114236	-0.0149249	0	-0	0	-0	-0.000114168	-0.0149224	-0.000114236	-0.0149249	0	-0	0	-0	-0.000114168	-0.0149224	
67.1515	-0.000113702	-0.01489	0	-0	0	-0	-0.000113635	-0.0148875	-0.000113702	-0.01489	0	-0	0	-0	-0.000113635	-0.0148875	
67.3086	-0.000113172	-0.0148553	0	-0	0	-0	-0.000113105	-0.0148528	-0.000113172	-0.0148553	0	-0	0	-0	-0.000113105	-0.0148528	
67.4657	-0.000112646	-0.0148207	0	-0	0	-0	-0.00011258	-0.0148182	-0.000112646	-0.0148207	0	-0	0	-0	-0.00011258	-0.0148182	
67.6228	-0.000112123	-0.0147863	0	-0	0	-0	-0.000112058	-0.0147838	-0.000112123	-0.0147863	0	-0	0	-0	-0.000112058	-0.0147838	
67.7799	-0.000111604	-0.014752	0	-0	0	-0	-0.000111539	-0.0147496	-0.000111604	-0.014752	0	-0	0	-0	-0.000111539	-0.0147496	
67.9369	-0.000111089	-0.0147179	0	-0	0	-0	-0.000111024	-0.0147155	-0.000111089	-0.0147179	0	-0	0	-0	-0.000111024	-0.0147155	
68.094	-0.000110577	-0.014684	0	-0	0	-0	-0.000110513	-0.0146816	-0.000110577	-0.014684	0	-0	0	-0	-0.000110513	-0.0146816	
68.2511	-0.000110069	-0.0146502	0	-0	0	-0	-0.000110005	-0.0146478	-0.000110069	-0.0146502	0	-0	0	-0	-0.000110005	-0.0146478	
68.4082	-0.000109564	-0.0146165	0	-0	0	-0	-0.000109501	-0.0146142	-0.000109564	-0.0146165	0	-0	0	-0	-0.000109501	-0.0146142	
68.5653	-0.000109062	-0.0145831	0	-0	0	-0	-0.000109	-0.0145807	-0.000109062	-0.0145831	0	-0	0	-0	-0.000109	-0.0145807	
68.7223	-0.000108564	-0.0145497	0	-0	0	-0	-0.000108503	-0.0145474	-0.000108564	-0.0145497	0	-0	0	-0	-0.000108503	-0.0145474	
68.8794	-0.00010807	-0.0145166	0	-0	0	-0	-0.000108009	-0.0145143	-0.00010807	-0.0145166	0	-0	0	-0	-0.000108009	-0.0145143	
69.0365	-0.000107579	-0.0144835	0	-0	0	-0	-0.000107518	-0.0144813	-0.000107579	-0.0144835	0	-0	0	-0	-0.000107518	-0.0144813	
69.1936	-0.000107091	-0.0144507	0	-0	0	-0	-0.000107031	-0.0144484	-0.000107091	-0.0144507	0	-0	0	-0	-0.000107031	-0.0144484	
69.3507	-0.000106606	-0.0144179	0	-0	0	-0	-0.000106547	-0.0144157	-0.000106606	-0.0144179	0	-0	0	-0	-0.000106547	-0.0144157	
69.5077	-0.000106125	-0.0143854	0	-0	0	-0	-0.000106066	-0.0143831	-0.000106125	-0.0143854	0	-0	0	-0	-0.000106066	-0.0143831	
69.6648	-0.000105647	-0.0143529	0	-0	0	-0	-0.000105589	-0.0143507	-0.000105647	-0.0143529	0	-0	0	-0	-0.000105589	-0.0143507	
69.8219	-0.000105172	-0.0143206	0	-0	0	-0	-0.000105114	-0.0143185	-0.000105172	-0.0143206	0	-0	0	-0	-0.000105114	-0.0143185	
69.979	-0.000104701	-0.0142885	0	-0	0	-0	-0.000104643	-0.0142863	-0.000104701	-0.0142885	0	-0	0	-0	-0.000104643	-0.0142863	
70.1361	-0.000104232	-0.0142565	0	-0	0	-0	-0.000104175	-0.0142543	-0.000104232	-0.0142565	0	-0	0	-0	-0.000104175	-0.0142543	
70.2931	-0.000103767	-0.0142247	0	-0	0	-0	-0.000103711	-0.0142225	-0.000103767	-0.0142247	0	-0	0	-0	-0.000103711	-0.0142225	
70.4502	-0.000103305	-0.014193	0	-0	0	-0	-0.000103249	-0.0141908	-0.000103305	-0.014193	0	-0	0	-0	-0.000103249	-0.0141908	
70.6073	-0.000102846	-0.0141614	0	-0	0	-0	-0.00010279	-0.0141593	-0.000102846	-0.0141614	0	-0	0	-0	-0.00010279	-0.0141593	
70.7644	-0.00010239	-0.01413	0	-0	0	-0	-0.000102335	-0.0141278	-0.00010239	-0.01413	0	-0	0	-0	-0.000102335	-0.0141278	
70.9215	-0.000101937	-0.0140987	0	-0	0	-0	-0.000101882	-0.0140966	-0.000101937	-0.0140987	0	-0	0	-0	-0.000101882	-0.0140966	
71.0785	-0.000101487	-0.0140675	0	-0	0	-0	-0.000101433	-0.0140654	-0.000101487	-0.0140675	0	-0	0	-0	-0.000101433	-0.0140654	
71.2356	-0.00010104	-0.0140365	0	-0	0	-0	-0.000100986	-0.0140344	-0.00010104	-0.0140365	0	-0	0	-0	-0.000100986	-0.0140344	
71.3927	-0.000100596	-0.0140056	0	-0	0	-0	-0.000100543	-0.0140036	-0.000100596	-0.0140056	0	-0	0	-0	-0.000100543	-0.0140036	
71.5498	-0.000100154	-0.0139749	0	-0	0	-0	-0.000100102	-0.0139728	-0.000100154	-0.0139749	0	-0	0	-0	-0.000100102	-0.0139728	
71.7069	-9.97162e-05	-0.0139443	0	-0	0	-0	-9.96641e-05	-0.0139423	-9.97162e-05	-0.0139443	0	-0	0	-0	-9.96641e-05	-0.0139423	
71.8639	-9.92808e-05	-0.0139138	0	-0	0	-0	-9.92292e-05	-0.0139118	-9.92808e-05	-0.0139138	0	-0	0	-0	-9.92292e-05	-0.0139118	
72.021	-9.88482e-05	-0.0138835	0	-0	0	-0	-9.87971e-05	-0.0138815	-9.88482e-05	-0.0138835	0	-0	0	-0	-9.87971e-05	-0.0138815	
72.1781	-9.84185e-05	-0.0138533	0	-0	0	-0	-9.83678e-05	-0.0138513	-9.84185e-05	-0.0138533	0	-0	0	-0	-9.83678e-05	-0.0138513	
72.3352	-9.79916e-05	-0.0138232	0	-0	0	-0	-9.79413e-05	-0.0138212	-9.79916e-05	-0.0138232	0	-0	0	-0	-9.79413e-05	-0.0138212	
72.4923	-9.75674e-05	-0.0137932	0	-0	0	-0	-9.75175e-05	-0.0137913	-9.75674e-05	-0.0137932	0	-0	0	-0	-9.75175e-05	-0.0137913	
72.6493	-9.7146e-05	-0.0137634	0	-0	0	-0	-9.70966e-05	-0.0137615	-9.7146e-05	-0.0137634	0	-0	0	-0	-9.70966e-05	-0.0137615	
72.8064	-9.67273e-05	-0.0137337	0	-0	0	-0	-9.66783e-05	-0.0137318	-9.67273e-05	-0.0137337	0	-0	0	-0	-9.66783e-05	-0.0137318	
72.9635	-9.63113e-05	-0.0137042	0	-0	0	-0	-9.62627e-05	-0.0137022	-9.63113e-05	-0.0137042	0	-0	0	-0	-9.62627e-05	-0.0137022	
73.1206	-9.5898e-05	-0.0136747	0	-0	0	-0	-9.58498e-05	-0.0136728	-9.5898e-05	-0.0136747	0	-0	0	-0	-9.58498e-05	-0.0136728	
73.2776	-9.54873e-05	-0.0136454	0	-0	0	-0	-9.54396e-05	-0.0136435	-9.54873e-05	-0.0136454	0	-0	0	-0	-9.54396e-05	-0.0136435	
73.4347	-9.50793e-05	-0.0136162	0	-0	0	-0	-9.50319e-05	-0.0136144	-9.50793e-05	-0.0136162	0	-0	0	-0	-9.50319e-05	-0.0136144	
73.5918	-9.46739e-05	-0.0135872	0	-0	0	-0	-9.46269e-05	-0.0135853	-9.46739e-05	-0.0135872	0	-0	0	-0	-9.46269e-05	-0.0135853	
73.7489	-9.42711e-05	-0.0135582	0	-0	0	-0	-9.42245e-05	-0.0135564	-9.42711e-05	-0.0135582	0	-0	0	-0	-9.42245e-05	-0.0135564	
73.906	-9.38708e-05	-0.0135294	0	-0	0	-0	-9.38246e-05	-0.0135276	-9.38708e-05	-0.0135294	0	-0	0	-0	-9.38246e-05	-0.0135276	
74.063	-9.34731e-05	-0.0135007	0	-0	0	-0	-9.34273e-05	-0.0134989	-9.34731e-05	-0.0135007	0	-0	0	-0	-9.34273e-05	-0.0134989	
74.2201	-9.30779e-05	-0.0134722	0	-0	0	-0	-9.30325e-05	-0.0134704	-9.30779e-05	-0.0134722	0	-0	0	-0	-9.30325e-05	-0.0134704	
74.3772	-9.26852e-05	-0.0134437	0	-0	0	-0	-9.26402e-05	-0.0134419	-9.26852e-05	-0.0134437	0	-0	0	-0	-9.26402e-05	-0.0134419	
74.5343	-9.2295e-05	-0.0134154	0	-0	0	-0	-9.22503e-05	-0.0134136	-9.2295e-05	-0.0134154	0	-0	0	-0	-9.22503e-05	-0.0134136	
74.6914	-9.19072e-05	-0.0133872	0	-0	0	-0	-9.18629e-05	-0.0133854	-9.19072e-05	-0.0133872	0	-0	0	-0	-9.18629e-05	-0.0133854	
74.8484	-9.15219e-05	-0.0133591	0	-0	0	-0	-9.1478e-05	-0.0133573	-9.15219e-05	-0.0133591	0	-0	0	-0	-9.1478e-05	-0.0133573	
75.0055	-9.1139e-05	-0.0133311	0	-0	0	-0	-9.10954e-05	-0.0133294	-9.1139e-05	-0.0133311	0	-0	0	-0	-9.10954e-05	-0.0133294	
75.1626	-9.07585e-05	-0.0133033	0	-0	0	-0	-9.07153e-05	-0.0133015	-9.07585e-05	-0.0133033	0	-0	0	-0	-9.07153e-05	-0.0133015	
75.3197	-9.03804e-05	-0.0132755	0	-0	0	-0	-9.03375e-05	-0.0132738	-9.03804e-05	-0.0132755	0	-0	0	-0	-9.03375e-05	-0.0132738	
75.4768	-9.00046e-05	-0.0132479	0	-0	0	-0	-8.99621e-05	-0.0132462	-9.00046e-05	-0.0132479	0	-0	0	-0	-8.99621e-05	-0.0132462	
75.6338	-8.96312e-05	-0.0132204	0	-0	0	-0	-8.9589e-05	-0.0132187	-8.96312e-05	-0.0132204	0	-0	0	-0	-8.9589e-05	-0.0132187	
75.7909	-8.92601e-05	-0.013193	0	-0	0	-0	-8.92183e-05	-0.0131913	-8.92601e-05	-0.013193	0	-0	0	-0	-8.92183e-05	-0.0131913	
75.948	-8.88912e-05	-0.0131657	0	-0	0	-0	-8.88498e-05	-0.013164	-8.88912e-05	-0.0131657	0	-0	0	-0	-8.88498e-05	-0.013164	
76.1051	-8.85247e-05	-0.0131386	0	-0	0	-0	-8.84836e-05	-0.0131369	-8.85247e-05	-0.0131386	0	-0	0	-0	-8.84836e-05	-0.0131369	
76.2622	-8.81604e-05	-0.0131115	0	-0	0	-0	-8.81197e-05	-0.0131098	-8.81604e-05	-0.0131115	0	-0	0	-0	-8.81197e-05	-0.0131098	
76.4192	-8.77984e-05	-0.0130846	0	-0	0	-0	-8.7758e-05	-0.0130829	-8.77984e-05	-0.0130846	0	-0	0	-0	-8.7758e-05	-0.0130829	
76.5763	-8.74386e-05	-0.0130577	0	-0	0	-0	-8.73985e-05	-0.0130561	-8.74386e-05	-0.0130577	0	-0	0	-0	-8.73985e-05	-0.0130561	
76.7334	-8.7081e-05	-0.013031	0	-0	0	-0	-8.70412e-05	-0.0130293	-8.7081e-05	-0.013031	0	-0	0	-0	-8.70412e-05	-0.0130293	
76.8905	-8.67256e-05	-0.0130044	0	-0	0	-0	-8.66862e-05	-0.0130027	-8.67256e-05	-0.0130044	0	-0	0	-0	-8.66862e-05	-0.0130027	
77.0476	-8.63724e-05	-0.0129779	0	-0	0	-0	-8.63333e-05	-0.0129762	-8.63724e-05	-0.0129779	0	-0	0	-0	-8.63333e-05	-0.0129762	
77.2046	-8.60213e-05	-0.0129515	0	-0	0	-0	-8.59825e-05	-0.0129499	-8.60213e-05	-0.0129515	0	-0	0	-0	-8.59825e-05	-0.0129499	
77.3617	-8.56724e-05	-0.0129252	0	-0	0	-0	-8.56339e-05	-0.0129236	-8.56724e-05	-0.0129252	0	-0	0	-0	-8.56339e-05	-0.0129236	
77.5188	-8.53256e-05	-0.012899	0	-0	0	-0	-8.52874e-05	-0.0128974	-8.53256e-05	-0.012899	0	-0	0	-0	-8.52874e-05	-0.0128974	
77.6759	-8.49808e-05	-0.0128729	0	-0	0	-0	-8.49429e-05	-0.0128713	-8.49808e-05	-0.0128729	0	-0	0	-0	-8.49429e-05	-0.0128713	
77.833	-8.46382e-05	-0.0128469	0	-0	0	-0	-8.46006e-05	-0.0128454	-8.46382e-05	-0.0128469	0	-0	0	-0	-8.46006e-05	-0.0128454	
77.99	-8.42976e-05	-0.0128211	0	-0	0	-0	-8.42603e-05	-0.0128195	-8.42976e-05	-0.0128211	0	-0	0	-0	-8.42603e-05	-0.0128195	
78.1471	-8.39591e-05	-0.0127953	0	-0	0	-0	-8.39221e-05	-0.0127937	-8.39591e-05	-0.0127953	0	-0	0	-0	-8.39221e-05	-0.0127937	
78.3042	-8.36226e-05	-0.0127696	0	-0	0	-0	-8.35859e-05	-0.0127681	-8.36226e-05	-0.0127696	0	-0	0	-0	-8.35859e-05	-0.0127681	
78.4613	-8.32882e-05	-0.0127441	0	-0	0	-0	-8.32518e-05	-0.0127425	-8.32882e-05	-0.0127441	0	-0	0	-0	-8.32518e-05	-0.0127425	
