-10	-0.100252	-2.86175e-13	-0.101021	-1.13803e-11	-0.100252	-2.86175e-13	-0.101021	-1.13803e-11	
-9.98	-0.100454	-2.88662e-13	-0.101227	-1.14023e-11	-0.100454	-2.88662e-13	-0.101227	-1.14023e-11	
-9.96	-0.100657	-2.91149e-13	-0.101435	-1.14215e-11	-0.100657	-2.91149e-13	-0.101435	-1.14215e-11	
-9.94	-0.100861	-2.93655e-13	-0.101643	-1.14376e-11	-0.100861	-2.93655e-13	-0.101643	-1.14376e-11	
-9.92	-0.101065	-2.96171e-13	-0.101853	-1.14507e-11	-0.101065	-2.96171e-13	-0.101853	-1.14507e-11	
-9.9	-0.10127	-2.98694e-13	-0.102063	-1.14606e-11	-0.10127	-2.98694e-13	-0.102063	-1.14606e-11	
-9.88	-0.101476	-3.01223e-13	-0.102274	-1.14671e-11	-0.101476	-3.01223e-13	-0.102274	-1.14671e-11	
-9.86	-0.101683	-3.0376e-13	-0.102485	-1.14702e-11	-0.101683	-3.0376e-13	-0.102485	-1.14702e-11	
-9.84	-0.101891	-3.06307e-13	-0.102698	-1.14697e-11	-0.101891	-3.06307e-13	-0.102698	-1.14697e-11	
-9.82	-0.102099	-3.08871e-13	-0.102912	-1.14655e-11	-0.102099	-3.08871e-13	-0.102912	-1.14655e-11	
-9.8	-0.102309	-3.11431e-13	-0.103126	-1.14575e-11	-0.102309	-3.11431e-13	-0.103126	-1.14575e-11	
-9.78	-0.102519	-3.14008e-13	-0.103342	-1.14456e-11	-0.102519	-3.14008e-13	-0.103342	-1.14456e-11	
-9.76	-0.10273	-3.16582e-13	-0.103558	-1.14295e-11	-0.10273	-3.16582e-13	-0.103558	-1.14295e-11	
-9.74	-0.102943	-3.19168e-13	-0.103775	-1.14092e-11	-0.102943	-3.19168e-13	-0.103775	-1.14092e-11	
-9.72	-0.103155	-3.21762e-13	-0.103994	-1.13845e-11	-0.103155	-3.21762e-13	-0.103994	-1.13845e-11	
-9.7	-0.103369	-3.24355e-13	-0.104213	-1.13553e-11	-0.103369	-3.24355e-13	-0.104213	-1.13553e-11	
-9.68	-0.103584	-3.26952e-13	-0.104433	-1.13214e-11	-0.103584	-3.26952e-13	-0.104433	-1.13214e-11	
-9.66	-0.1038	-3.29561e-13	-0.104654	-1.12827e-11	-0.1038	-3.29561e-13	-0.104654	-1.12827e-11	
-9.64	-0.104016	-3.32174e-13	-0.104876	-1.12389e-11	-0.104016	-3.32174e-13	-0.104876	-1.12389e-11	
-9.62	-0.104234	-3.3478e-13	-0.105099	-1.119e-11	-0.104234	-3.3478e-13	-0.105099	-1.119e-11	
-9.6	-0.104452	-3.3739e-13	-0.105322	-1.11358e-11	-0.104452	-3.3739e-13	-0.105322	-1.11358e-11	
-9.58	-0.104671	-3.40009e-13	-0.105547	-1.1076e-11	-0.104671	-3.40009e-13	-0.105547	-1.1076e-11	
-9.56	-0.104891	-3.42627e-13	-0.105773	-1.10105e-11	-0.104891	-3.42627e-13	-0.105773	-1.10105e-11	
-9.54	-0.105113	-3.45241e-13	-0.106	-1.09392e-11	-0.105113	-3.45241e-13	-0.106	-1.09392e-11	
-9.52	-0.105335	-3.47859e-13	-0.106228	-1.08618e-11	-0.105335	-3.47859e-13	-0.106228	-1.08618e-11	
-9.5	-0.105558	-3.50483e-13	-0.106456	-1.07781e-11	-0.105558	-3.50483e-13	-0.106456	-1.07781e-11	
-9.48	-0.105782	-3.53093e-13	-0.106686	-1.0688e-11	-0.105782	-3.53093e-13	-0.106686	-1.0688e-11	
-9.46	-0.106006	-3.55698e-13	-0.106917	-1.05913e-11	-0.106006	-3.55698e-13	-0.106917	-1.05913e-11	
-9.44	-0.106232	-3.5831e-13	-0.107149	-1.04877e-11	-0.106232	-3.5831e-13	-0.107149	-1.04877e-11	
-9.42	-0.106459	-3.60912e-13	-0.107381	-1.0377e-11	-0.106459	-3.60912e-13	-0.107381	-1.0377e-11	
-9.4	-0.106687	-3.63512e-13	-0.107615	-1.0259e-11	-0.106687	-3.63512e-13	-0.107615	-1.0259e-11	
-9.38	-0.106916	-3.66105e-13	-0.10785	-1.01335e-11	-0.106916	-3.66105e-13	-0.10785	-1.01335e-11	
-9.36	-0.107145	-3.68689e-13	-0.108086	-1.00003e-11	-0.107145	-3.68689e-13	-0.108086	-1.00003e-11	
-9.34	-0.107376	-3.71268e-13	-0.108323	-9.8591e-12	-0.107376	-3.71268e-13	-0.108323	-9.8591e-12	
-9.32	-0.107608	-3.73833e-13	-0.108561	-9.7097e-12	-0.107608	-3.73833e-13	-0.108561	-9.7097e-12	
-9.3	-0.107841	-3.76388e-13	-0.1088	-9.55183e-12	-0.107841	-3.76388e-13	-0.1088	-9.55183e-12	
-9.28	-0.108075	-3.78939e-13	-0.10904	-9.38526e-12	-0.108075	-3.78939e-13	-0.10904	-9.38526e-12	
-9.26	-0.108309	-3.81472e-13	-0.109281	-9.20971e-12	-0.108309	-3.81472e-13	-0.109281	-9.20971e-12	
-9.24	-0.108545	-3.83984e-13	-0.109524	-9.02493e-12	-0.108545	-3.83984e-13	-0.109524	-9.02493e-12	
-9.22	-0.108782	-3.86497e-13	-0.109767	-8.83066e-12	-0.108782	-3.86497e-13	-0.109767	-8.83066e-12	
-9.2	-0.10902	-3.88993e-13	-0.110011	-8.62662e-12	-0.10902	-3.88993e-13	-0.110011	-8.62662e-12	
-9.18	-0.109259	-3.91458e-13	-0.110257	-8.41251e-12	-0.109259	-3.91458e-13	-0.110257	-8.41251e-12	
-9.16	-0.109499	-3.93913e-13	-0.110504	-8.18807e-12	-0.109499	-3.93913e-13	-0.110504	-8.18807e-12	
-9.14	-0.10974	-3.96344e-13	-0.110751	-7.95298e-12	-0.10974	-3.96344e-13	-0.110751	-7.95298e-12	
-9.12	-0.109982	-3.98747e-13	-0.111	-7.70692e-12	-0.109982	-3.98747e-13	-0.111	-7.70692e-12	
-9.1	-0.110225	-4.01142e-13	-0.11125	-7.44965e-12	-0.110225	-4.01142e-13	-0.11125	-7.44965e-12	
-9.08	-0.110469	-4.03504e-13	-0.111502	-7.1808e-12	-0.110469	-4.03504e-13	-0.111502	-7.1808e-12	
-9.06	-0.110715	-4.0583e-13	-0.111754	-6.90007e-12	-0.110715	-4.0583e-13	-0.111754	-6.90007e-12	
-9.04	-0.110961	-4.0815e-13	-0.112007	-6.60706e-12	-0.110961	-4.0815e-13	-0.112007	-6.60706e-12	
-9.02	-0.111209	-4.10424e-13	-0.112262	-6.30151e-12	-0.111209	-4.10424e-13	-0.112262	-6.30151e-12	
-9	-0.111457	-4.1267e-13	-0.112518	-5.98309e-12	-0.111457	-4.1267e-13	-0.112518	-5.98309e-12	
-8.98	-0.111707	-4.14881e-13	-0.112775	-5.65137e-12	-0.111707	-4.14881e-13	-0.112775	-5.65137e-12	
-8.96	-0.111958	-4.17064e-13	-0.113033	-5.30605e-12	-0.111958	-4.17064e-13	-0.113033	-5.30605e-12	
-8.94	-0.11221	-4.19203e-13	-0.113293	-4.94672e-12	-0.11221	-4.19203e-13	-0.113293	-4.94672e-12	
-8.92	-0.112463	-4.21302e-13	-0.113553	-4.57303e-12	-0.112463	-4.21302e-13	-0.113553	-4.57303e-12	
-8.9	-0.112718	-4.23366e-13	-0.113815	-4.18457e-12	-0.112718	-4.23366e-13	-0.113815	-4.18457e-12	
-8.88	-0.112973	-4.25371e-13	-0.114078	-3.78096e-12	-0.112973	-4.25371e-13	-0.114078	-3.78096e-12	
-8.86	-0.11323	-4.2735e-13	-0.114343	-3.36185e-12	-0.11323	-4.2735e-13	-0.114343	-3.36185e-12	
-8.84	-0.113488	-4.29269e-13	-0.114608	-2.9267e-12	-0.113488	-4.29269e-13	-0.114608	-2.9267e-12	
-8.82	-0.113747	-4.31138e-13	-0.114875	-2.47525e-12	-0.113747	-4.31138e-13	-0.114875	-2.47525e-12	
-8.8	-0.114007	-4.32959e-13	-0.115143	-2.00692e-12	-0.114007	-4.32959e-13	-0.115143	-2.00692e-12	
-8.78	-0.114268	-4.34729e-13	-0.115412	-1.52136e-12	-0.114268	-4.34729e-13	-0.115412	-1.52136e-12	
-8.76	-0.114531	-4.36424e-13	-0.115683	-1.01812e-12	-0.114531	-4.36424e-13	-0.115683	-1.01812e-12	
-8.74	-0.114795	-4.3807e-13	-0.115955	-4.96735e-13	-0.114795	-4.3807e-13	-0.115955	-4.96735e-13	
-8.72	-0.11506	-4.39649e-13	-0.116228	4.32474e-14	-0.11506	-4.39649e-13	-0.116228	4.32474e-14	
-8.7	-0.115326	-4.41169e-13	-0.116503	6.02348e-13	-0.115326	-4.41169e-13	-0.116503	6.02348e-13	
-8.68	-0.115594	-4.4261e-13	-0.116779	1.18102e-12	-0.115594	-4.4261e-13	-0.116779	1.18102e-12	
-8.66	-0.115862	-4.43984e-13	-0.117056	1.77973e-12	-0.115862	-4.43984e-13	-0.117056	1.77973e-12	
-8.64	-0.116132	-4.45278e-13	-0.117334	2.39897e-12	-0.116132	-4.45278e-13	-0.117334	2.39897e-12	
-8.62	-0.116404	-4.46495e-13	-0.117614	3.03933e-12	-0.116404	-4.46495e-13	-0.117614	3.03933e-12	
-8.6	-0.116676	-4.47622e-13	-0.117895	3.70126e-12	-0.116676	-4.47622e-13	-0.117895	3.70126e-12	
-8.58	-0.11695	-4.48679e-13	-0.118178	4.38534e-12	-0.11695	-4.48679e-13	-0.118178	4.38534e-12	
-8.56	-0.117225	-4.49631e-13	-0.118462	5.09205e-12	-0.117225	-4.49631e-13	-0.118462	5.09205e-12	
-8.54	-0.117502	-4.50498e-13	-0.118747	5.82198e-12	-0.117502	-4.50498e-13	-0.118747	5.82198e-12	
-8.52	-0.117779	-4.51268e-13	-0.119034	6.57568e-12	-0.117779	-4.51268e-13	-0.119034	6.57568e-12	
-8.5	-0.118058	-4.51933e-13	-0.119322	7.3537e-12	-0.118058	-4.51933e-13	-0.119322	7.3537e-12	
-8.48	-0.118339	-4.52503e-13	-0.119612	8.15666e-12	-0.118339	-4.52503e-13	-0.119612	8.15666e-12	
-8.46	-0.118621	-4.52958e-13	-0.119903	8.98514e-12	-0.118621	-4.52958e-13	-0.119903	8.98514e-12	
-8.44	-0.118904	-4.53293e-13	-0.120195	9.83969e-12	-0.118904	-4.53293e-13	-0.120195	9.83969e-12	
-8.42	-0.119188	-4.53516e-13	-0.120489	1.0721e-11	-0.119188	-4.53516e-13	-0.120489	1.0721e-11	
-8.4	-0.119474	-4.5361e-13	-0.120784	1.16296e-11	-0.119474	-4.5361e-13	-0.120784	1.16296e-11	
-8.38	-0.119761	-4.53582e-13	-0.121081	1.25661e-11	-0.119761	-4.53582e-13	-0.121081	1.25661e-11	
-8.36	-0.12005	-4.53433e-13	-0.12138	1.35313e-11	-0.12005	-4.53433e-13	-0.12138	1.35313e-11	
-8.34	-0.12034	-4.53125e-13	-0.121679	1.45257e-11	-0.12034	-4.53125e-13	-0.121679	1.45257e-11	
-8.32	-0.120631	-4.52693e-13	-0.121981	1.555e-11	-0.120631	-4.52693e-13	-0.121981	1.555e-11	
-8.3	-0.120924	-4.52103e-13	-0.122284	1.66049e-11	-0.120924	-4.52103e-13	-0.122284	1.66049e-11	
-8.28	-0.121218	-4.51365e-13	-0.122588	1.7691e-11	-0.121218	-4.51365e-13	-0.122588	1.7691e-11	
-8.26	-0.121514	-4.50455e-13	-0.122894	1.88091e-11	-0.121514	-4.50455e-13	-0.122894	1.88091e-11	
-8.24	-0.121811	-4.49395e-13	-0.123201	1.99597e-11	-0.121811	-4.49395e-13	-0.123201	1.99597e-11	
-8.22	-0.122109	-4.48154e-13	-0.12351	2.11437e-11	-0.122109	-4.48154e-13	-0.12351	2.11437e-11	
-8.2	-0.12241	-4.46739e-13	-0.123821	2.23618e-11	-0.12241	-4.46739e-13	-0.123821	2.23618e-11	
-8.18	-0.122711	-4.45144e-13	-0.124133	2.36146e-11	-0.122711	-4.45144e-13	-0.124133	2.36146e-11	
-8.16	-0.123014	-4.43364e-13	-0.124447	2.49028e-11	-0.123014	-4.43364e-13	-0.124447	2.49028e-11	
-8.14	-0.123319	-4.41384e-13	-0.124762	2.62273e-11	-0.123319	-4.41384e-13	-0.124762	2.62273e-11	
-8.12	-0.123625	-4.39194e-13	-0.125079	2.75887e-11	-0.123625	-4.39194e-13	-0.125079	2.75887e-11	
-8.1	-0.123932	-4.36797e-13	-0.125398	2.89879e-11	-0.123932	-4.36797e-13	-0.125398	2.89879e-11	
-8.08	-0.124242	-4.34179e-13	-0.125718	3.04254e-11	-0.124242	-4.34179e-13	-0.125718	3.04254e-11	
-8.06	-0.124552	-4.31335e-13	-0.12604	3.19023e-11	-0.124552	-4.31335e-13	-0.12604	3.19023e-11	
-8.04	-0.124864	-4.2826e-13	-0.126364	3.34191e-11	-0.124864	-4.2826e-13	-0.126364	3.34191e-11	
-8.02	-0.125178	-4.24938e-13	-0.12669	3.49767e-11	-0.125178	-4.24938e-13	-0.12669	3.49767e-11	
-8	-0.125494	-4.21372e-13	-0.127017	3.65758e-11	-0.125494	-4.21372e-13	-0.127017	3.65758e-11	
-7.98	-0.125811	-4.17544e-13	-0.127345	3.82173e-11	-0.125811	-4.17544e-13	-0.127345	3.82173e-11	
-7.96	-0.126129	-4.13445e-13	-0.127676	3.99019e-11	-0.126129	-4.13445e-13	-0.127676	3.99019e-11	
-7.94	-0.12645	-4.09073e-13	-0.128008	4.16303e-11	-0.12645	-4.09073e-13	-0.128008	4.16303e-11	
-7.92	-0.126772	-4.04412e-13	-0.128342	4.34035e-11	-0.126772	-4.04412e-13	-0.128342	4.34035e-11	
-7.9	-0.127095	-3.99453e-13	-0.128678	4.52221e-11	-0.127095	-3.99453e-13	-0.128678	4.52221e-11	
-7.88	-0.12742	-3.94196e-13	-0.129016	4.7087e-11	-0.12742	-3.94196e-13	-0.129016	4.7087e-11	
-7.86	-0.127747	-3.88613e-13	-0.129355	4.89989e-11	-0.127747	-3.88613e-13	-0.129355	4.89989e-11	
-7.84	-0.128076	-3.82701e-13	-0.129697	5.09587e-11	-0.128076	-3.82701e-13	-0.129697	5.09587e-11	
-7.82	-0.128406	-3.76454e-13	-0.13004	5.29671e-11	-0.128406	-3.76454e-13	-0.13004	5.29671e-11	
-7.8	-0.128738	-3.69862e-13	-0.130385	5.50249e-11	-0.128738	-3.69862e-13	-0.130385	5.50249e-11	
-7.78	-0.129072	-3.62902e-13	-0.130731	5.71329e-11	-0.129072	-3.62902e-13	-0.130731	5.71329e-11	
-7.76	-0.129407	-3.55579e-13	-0.13108	5.92919e-11	-0.129407	-3.55579e-13	-0.13108	5.92919e-11	
-7.74	-0.129744	-3.47855e-13	-0.131431	6.15025e-11	-0.129744	-3.47855e-13	-0.131431	6.15025e-11	
-7.72	-0.130083	-3.39749e-13	-0.131783	6.37657e-11	-0.130083	-3.39749e-13	-0.131783	6.37657e-11	
-7.7	-0.130424	-3.31208e-13	-0.132138	6.6082e-11	-0.130424	-3.31208e-13	-0.132138	6.6082e-11	
-7.68	-0.130767	-3.2227e-13	-0.132494	6.84522e-11	-0.130767	-3.2227e-13	-0.132494	6.84522e-11	
-7.66	-0.131111	-3.12883e-13	-0.132852	7.08772e-11	-0.131111	-3.12883e-13	-0.132852	7.08772e-11	
-7.64	-0.131457	-3.03038e-13	-0.133213	7.33574e-11	-0.131457	-3.03038e-13	-0.133213	7.33574e-11	
-7.62	-0.131805	-2.92739e-13	-0.133575	7.58936e-11	-0.131805	-2.92739e-13	-0.133575	7.58936e-11	
-7.6	-0.132155	-2.81955e-13	-0.133939	7.84866e-11	-0.132155	-2.81955e-13	-0.133939	7.84866e-11	
-7.58	-0.132507	-2.70652e-13	-0.134306	8.11368e-11	-0.132507	-2.70652e-13	-0.134306	8.11368e-11	
-7.56	-0.132861	-2.58858e-13	-0.134674	8.38449e-11	-0.132861	-2.58858e-13	-0.134674	8.38449e-11	
-7.54	-0.133216	-2.46539e-13	-0.135045	8.66115e-11	-0.133216	-2.46539e-13	-0.135045	8.66115e-11	
-7.52	-0.133574	-2.33647e-13	-0.135417	8.94371e-11	-0.133574	-2.33647e-13	-0.135417	8.94371e-11	
-7.5	-0.133933	-2.20219e-13	-0.135792	9.23223e-11	-0.133933	-2.20219e-13	-0.135792	9.23223e-11	
-7.48	-0.134294	-2.06188e-13	-0.136169	9.52675e-11	-0.134294	-2.06188e-13	-0.136169	9.52675e-11	
-7.46	-0.134658	-1.91574e-13	-0.136547	9.82731e-11	-0.134658	-1.91574e-13	-0.136547	9.82731e-11	
-7.44	-0.135023	-1.7632e-13	-0.136928	1.0134e-10	-0.135023	-1.7632e-13	-0.136928	1.0134e-10	
-7.42	-0.13539	-1.60425e-13	-0.137312	1.04467e-10	-0.13539	-1.60425e-13	-0.137312	1.04467e-10	
-7.4	-0.13576	-1.43893e-13	-0.137697	1.07656e-10	-0.13576	-1.43893e-13	-0.137697	1.07656e-10	
-7.38	-0.136131	-1.26672e-13	-0.138085	1.10907e-10	-0.136131	-1.26672e-13	-0.138085	1.10907e-10	
-7.36	-0.136504	-1.08737e-13	-0.138475	1.1422e-10	-0.136504	-1.08737e-13	-0.138475	1.1422e-10	
-7.34	-0.13688	-9.0091e-14	-0.138867	1.17595e-10	-0.13688	-9.0091e-14	-0.138867	1.17595e-10	
-7.32	-0.137257	-7.07103e-14	-0.139261	1.21031e-10	-0.137257	-7.07103e-14	-0.139261	1.21031e-10	
-7.3	-0.137637	-5.05392e-14	-0.139658	1.2453e-10	-0.137637	-5.05392e-14	-0.139658	1.2453e-10	
-7.28	-0.138019	-2.95892e-14	-0.140057	1.28091e-10	-0.138019	-2.95892e-14	-0.140057	1.28091e-10	
-7.26	-0.138402	-7.82153e-15	-0.140458	1.31713e-10	-0.138402	-7.82153e-15	-0.140458	1.31713e-10	
-7.24	-0.138789	1.48028e-14	-0.140862	1.35397e-10	-0.138789	1.48028e-14	-0.140862	1.35397e-10	
-7.22	-0.139177	3.82759e-14	-0.141268	1.39142e-10	-0.139177	3.82759e-14	-0.141268	1.39142e-10	
-7.2	-0.139567	6.2654e-14	-0.141676	1.42947e-10	-0.139567	6.2654e-14	-0.141676	1.42947e-10	
-7.18	-0.13996	8.79501e-14	-0.142087	1.46812e-10	-0.13996	8.79501e-14	-0.142087	1.46812e-10	
-7.16	-0.140354	1.14214e-13	-0.142501	1.50737e-10	-0.140354	1.14214e-13	-0.142501	1.50737e-10	
-7.14	-0.140752	1.41445e-13	-0.142916	1.5472e-10	-0.140752	1.41445e-13	-0.142916	1.5472e-10	
-7.12	-0.141151	1.69688e-13	-0.143335	1.5876e-10	-0.141151	1.69688e-13	-0.143335	1.5876e-10	
-7.1	-0.141552	1.98974e-13	-0.143755	1.62856e-10	-0.141552	1.98974e-13	-0.143755	1.62856e-10	
-7.08	-0.141956	2.29327e-13	-0.144179	1.67008e-10	-0.141956	2.29327e-13	-0.144179	1.67008e-10	
-7.06	-0.142363	2.60782e-13	-0.144604	1.71212e-10	-0.142363	2.60782e-13	-0.144604	1.71212e-10	
-7.04	-0.142771	2.93391e-13	-0.145033	1.75469e-10	-0.142771	2.93391e-13	-0.145033	1.75469e-10	
-7.02	-0.143182	3.27156e-13	-0.145464	1.79776e-10	-0.143182	3.27156e-13	-0.145464	1.79776e-10	
-7	-0.143595	3.62125e-13	-0.145898	1.84132e-10	-0.143595	3.62125e-13	-0.145898	1.84132e-10	
-6.98	-0.144011	3.98363e-13	-0.146334	1.88533e-10	-0.144011	3.98363e-13	-0.146334	1.88533e-10	
-6.96	-0.144429	4.35859e-13	-0.146773	1.92977e-10	-0.144429	4.35859e-13	-0.146773	1.92977e-10	
-6.94	-0.14485	4.7468e-13	-0.147215	1.97463e-10	-0.14485	4.7468e-13	-0.147215	1.97463e-10	
-6.92	-0.145273	5.14865e-13	-0.147659	2.01987e-10	-0.145273	5.14865e-13	-0.147659	2.01987e-10	
-6.9	-0.145699	5.56445e-13	-0.148106	2.06545e-10	-0.145699	5.56445e-13	-0.148106	2.06545e-10	
-6.88	-0.146127	5.99479e-13	-0.148556	2.11136e-10	-0.146127	5.99479e-13	-0.148556	2.11136e-10	
-6.86	-0.146557	6.44006e-13	-0.149009	2.15754e-10	-0.146557	6.44006e-13	-0.149009	2.15754e-10	
-6.84	-0.146991	6.90031e-13	-0.149464	2.20396e-10	-0.146991	6.90031e-13	-0.149464	2.20396e-10	
-6.82	-0.147426	7.37651e-13	-0.149923	2.25057e-10	-0.147426	7.37651e-13	-0.149923	2.25057e-10	
-6.8	-0.147865	7.86888e-13	-0.150384	2.29734e-10	-0.147865	7.86888e-13	-0.150384	2.29734e-10	
-6.78	-0.148306	8.37786e-13	-0.150848	2.3442e-10	-0.148306	8.37786e-13	-0.150848	2.3442e-10	
-6.76	-0.148749	8.90415e-13	-0.151315	2.39111e-10	-0.148749	8.90415e-13	-0.151315	2.39111e-10	
-6.74	-0.149196	9.44791e-13	-0.151786	2.43801e-10	-0.149196	9.44791e-13	-0.151786	2.43801e-10	
-6.72	-0.149645	1.001e-12	-0.152259	2.48484e-10	-0.149645	1.001e-12	-0.152259	2.48484e-10	
-6.7	-0.150096	1.05908e-12	-0.152735	2.53152e-10	-0.150096	1.05908e-12	-0.152735	2.53152e-10	
-6.68	-0.150551	1.11909e-12	-0.153214	2.578e-10	-0.150551	1.11909e-12	-0.153214	2.578e-10	
-6.66	-0.151008	1.18109e-12	-0.153696	2.62418e-10	-0.151008	1.18109e-12	-0.153696	2.62418e-10	
-6.64	-0.151468	1.24512e-12	-0.154182	2.67001e-10	-0.151468	1.24512e-12	-0.154182	2.67001e-10	
-6.62	-0.151931	1.31125e-12	-0.15467	2.71538e-10	-0.151931	1.31125e-12	-0.15467	2.71538e-10	
-6.6	-0.152397	1.37954e-12	-0.155162	2.7602e-10	-0.152397	1.37954e-12	-0.155162	2.7602e-10	
-6.58	-0.152866	1.45006e-12	-0.155657	2.80439e-10	-0.152866	1.45006e-12	-0.155657	2.80439e-10	
-6.56	-0.153337	1.52287e-12	-0.156155	2.84783e-10	-0.153337	1.52287e-12	-0.156155	2.84783e-10	
-6.54	-0.153812	1.59803e-12	-0.156657	2.89041e-10	-0.153812	1.59803e-12	-0.156657	2.89041e-10	
-6.52	-0.154289	1.67561e-12	-0.157162	2.93202e-10	-0.154289	1.67561e-12	-0.157162	2.93202e-10	
-6.5	-0.15477	1.75569e-12	-0.15767	2.97254e-10	-0.15477	1.75569e-12	-0.15767	2.97254e-10	
-6.48	-0.155253	1.83831e-12	-0.158181	3.01183e-10	-0.155253	1.83831e-12	-0.158181	3.01183e-10	
-6.46	-0.15574	1.92356e-12	-0.158696	3.04974e-10	-0.15574	1.92356e-12	-0.158696	3.04974e-10	
-6.44	-0.156229	2.01154e-12	-0.159215	3.08614e-10	-0.156229	2.01154e-12	-0.159215	3.08614e-10	
-6.42	-0.156722	2.10229e-12	-0.159737	3.12087e-10	-0.156722	2.10229e-12	-0.159737	3.12087e-10	
-6.4	-0.157218	2.19592e-12	-0.160262	3.15376e-10	-0.157218	2.19592e-12	-0.160262	3.15376e-10	
-6.38	-0.157717	2.29248e-12	-0.160791	3.18464e-10	-0.157717	2.29248e-12	-0.160791	3.18464e-10	
-6.36	-0.158219	2.39205e-12	-0.161324	3.21331e-10	-0.158219	2.39205e-12	-0.161324	3.21331e-10	
-6.34	-0.158724	2.49475e-12	-0.16186	3.23959e-10	-0.158724	2.49475e-12	-0.16186	3.23959e-10	
-6.32	-0.159233	2.60063e-12	-0.1624	3.26327e-10	-0.159233	2.60063e-12	-0.1624	3.26327e-10	
-6.3	-0.159745	2.70979e-12	-0.162944	3.28413e-10	-0.159745	2.70979e-12	-0.162944	3.28413e-10	
-6.28	-0.16026	2.82236e-12	-0.163491	3.30193e-10	-0.16026	2.82236e-12	-0.163491	3.30193e-10	
-6.26	-0.160779	2.93837e-12	-0.164042	3.31645e-10	-0.160779	2.93837e-12	-0.164042	3.31645e-10	
-6.24	-0.161301	3.05793e-12	-0.164597	3.32741e-10	-0.161301	3.05793e-12	-0.164597	3.32741e-10	
-6.22	-0.161827	3.18119e-12	-0.165156	3.33456e-10	-0.161827	3.18119e-12	-0.165156	3.33456e-10	
-6.2	-0.162356	3.30819e-12	-0.165719	3.3376e-10	-0.162356	3.30819e-12	-0.165719	3.3376e-10	
-6.18	-0.162888	3.43904e-12	-0.166285	3.33624e-10	-0.162888	3.43904e-12	-0.166285	3.33624e-10	
-6.16	-0.163424	3.57385e-12	-0.166856	3.33017e-10	-0.163424	3.57385e-12	-0.166856	3.33017e-10	
-6.14	-0.163963	3.71274e-12	-0.167431	3.31906e-10	-0.163963	3.71274e-12	-0.167431	3.31906e-10	
-6.12	-0.164507	3.85581e-12	-0.16801	3.30255e-10	-0.164507	3.85581e-12	-0.16801	3.30255e-10	
-6.1	-0.165053	4.00317e-12	-0.168593	3.28029e-10	-0.165053	4.00317e-12	-0.168593	3.28029e-10	
-6.08	-0.165604	4.15496e-12	-0.16918	3.25189e-10	-0.165604	4.15496e-12	-0.16918	3.25189e-10	
-6.06	-0.166158	4.31123e-12	-0.169771	3.21694e-10	-0.166158	4.31123e-12	-0.169771	3.21694e-10	
-6.04	-0.166716	4.47214e-12	-0.170367	3.17504e-10	-0.166716	4.47214e-12	-0.170367	3.17504e-10	
-6.02	-0.167277	4.63783e-12	-0.170967	3.12573e-10	-0.167277	4.63783e-12	-0.170967	3.12573e-10	
-6	-0.167843	4.80839e-12	-0.171571	3.06855e-10	-0.167843	4.80839e-12	-0.171571	3.06855e-10	
-5.98	-0.168412	4.98396e-12	-0.17218	3.00303e-10	-0.168412	4.98396e-12	-0.17218	3.00303e-10	
-5.96	-0.168985	5.16468e-12	-0.172793	2.92864e-10	-0.168985	5.16468e-12	-0.172793	2.92864e-10	
-5.94	-0.169563	5.35063e-12	-0.173411	2.84485e-10	-0.169563	5.35063e-12	-0.173411	2.84485e-10	
-5.92	-0.170144	5.542e-12	-0.174034	2.75112e-10	-0.170144	5.542e-12	-0.174034	2.75112e-10	
-5.9	-0.170729	5.73888e-12	-0.174661	2.64685e-10	-0.170729	5.73888e-12	-0.174661	2.64685e-10	
-5.88	-0.171318	5.94146e-12	-0.175292	2.53144e-10	-0.171318	5.94146e-12	-0.175292	2.53144e-10	
-5.86	-0.171912	6.14985e-12	-0.175929	2.40425e-10	-0.171912	6.14985e-12	-0.175929	2.40425e-10	
-5.84	-0.172509	6.36415e-12	-0.17657	2.26461e-10	-0.172509	6.36415e-12	-0.17657	2.26461e-10	
-5.82	-0.173111	6.58455e-12	-0.177216	2.11184e-10	-0.173111	6.58455e-12	-0.177216	2.11184e-10	
-5.8	-0.173717	6.81121e-12	-0.177867	1.94521e-10	-0.173717	6.81121e-12	-0.177867	1.94521e-10	
-5.78	-0.174327	7.04424e-12	-0.178523	1.76396e-10	-0.174327	7.04424e-12	-0.178523	1.76396e-10	
-5.76	-0.174942	7.28383e-12	-0.179183	1.56731e-10	-0.174942	7.28383e-12	-0.179183	1.56731e-10	
-5.74	-0.175561	7.53008e-12	-0.179849	1.35444e-10	-0.175561	7.53008e-12	-0.179849	1.35444e-10	
-5.72	-0.176184	7.78315e-12	-0.18052	1.12449e-10	-0.176184	7.78315e-12	-0.18052	1.12449e-10	
-5.7	-0.176812	8.04322e-12	-0.181197	8.76579e-11	-0.176812	8.04322e-12	-0.181197	8.76579e-11	
-5.68	-0.177445	8.31047e-12	-0.181878	6.09786e-11	-0.177445	8.31047e-12	-0.181878	6.09786e-11	
-5.66	-0.178082	8.58503e-12	-0.182565	3.2315e-11	-0.178082	8.58503e-12	-0.182565	3.2315e-11	
-5.64	-0.178723	8.86701e-12	-0.183257	1.56762e-12	-0.178723	8.86701e-12	-0.183257	1.56762e-12	
-5.62	-0.17937	9.15665e-12	-0.183955	-3.13667e-11	-0.17937	9.15665e-12	-0.183955	-3.13667e-11	
-5.6	-0.180021	9.45405e-12	-0.184658	-6.65951e-11	-0.180021	9.45405e-12	-0.184658	-6.65951e-11	
-5.58	-0.180677	9.75937e-12	-0.185367	-1.04228e-10	-0.180677	9.75937e-12	-0.185367	-1.04228e-10	
-5.56	-0.181337	1.00728e-11	-0.186082	-1.44381e-10	-0.181337	1.00728e-11	-0.186082	-1.44381e-10	
-5.54	-0.182003	1.03945e-11	-0.186802	-1.87173e-10	-0.182003	1.03945e-11	-0.186802	-1.87173e-10	
-5.52	-0.182673	1.07247e-11	-0.187528	-2.32725e-10	-0.182673	1.07247e-11	-0.187528	-2.32725e-10	
-5.5	-0.183349	1.10634e-11	-0.18826	-2.81165e-10	-0.183349	1.10634e-11	-0.18826	-2.81165e-10	
-5.48	-0.184029	1.14108e-11	-0.188998	-3.32622e-10	-0.184029	1.14108e-11	-0.188998	-3.32622e-10	
-5.46	-0.184715	1.17671e-11	-0.189742	-3.87232e-10	-0.184715	1.17671e-11	-0.189742	-3.87232e-10	
-5.44	-0.185406	1.21325e-11	-0.190491	-4.45133e-10	-0.185406	1.21325e-11	-0.190491	-4.45133e-10	
-5.42	-0.186102	1.2507e-11	-0.191248	-5.06466e-10	-0.186102	1.2507e-11	-0.191248	-5.06466e-10	
-5.4	-0.186803	1.2891e-11	-0.19201	-5.71378e-10	-0.186803	1.2891e-11	-0.19201	-5.71378e-10	
-5.38	-0.18751	1.32843e-11	-0.192779	-6.40018e-10	-0.18751	1.32843e-11	-0.192779	-6.40018e-10	
-5.36	-0.188222	1.36873e-11	-0.193554	-7.12538e-10	-0.188222	1.36873e-11	-0.193554	-7.12538e-10	
-5.34	-0.18894	1.41001e-11	-0.194336	-7.89095e-10	-0.18894	1.41001e-11	-0.194336	-7.89095e-10	
-5.32	-0.189663	1.45227e-11	-0.195124	-8.69847e-10	-0.189663	1.45227e-11	-0.195124	-8.69847e-10	
-5.3	-0.190392	1.49553e-11	-0.195919	-9.54956e-10	-0.190392	1.49553e-11	-0.195919	-9.54956e-10	
-5.28	-0.191126	1.53981e-11	-0.19672	-1.04459e-09	-0.191126	1.53981e-11	-0.19672	-1.04459e-09	
-5.26	-0.191867	1.58511e-11	-0.197529	-1.1389e-09	-0.191867	1.58511e-11	-0.197529	-1.1389e-09	
-5.24	-0.192613	1.63144e-11	-0.198344	-1.23808e-09	-0.192613	1.63144e-11	-0.198344	-1.23808e-09	
-5.22	-0.193364	1.6788e-11	-0.199167	-1.34227e-09	-0.193364	1.6788e-11	-0.199167	-1.34227e-09	
-5.2	-0.194122	1.72722e-11	-0.199997	-1.45167e-09	-0.194122	1.72722e-11	-0.199997	-1.45167e-09	
-5.18	-0.194886	1.77669e-11	-0.200834	-1.56642e-09	-0.194886	1.77669e-11	-0.200834	-1.56642e-09	
-5.16	-0.195656	1.82722e-11	-0.201678	-1.6867e-09	-0.195656	1.82722e-11	-0.201678	-1.6867e-09	
-5.14	-0.196432	1.8788e-11	-0.202529	-1.81269e-09	-0.196432	1.8788e-11	-0.202529	-1.81269e-09	
-5.12	-0.197215	1.93145e-11	-0.203389	-1.94453e-09	-0.197215	1.93145e-11	-0.203389	-1.94453e-09	
-5.1	-0.198003	1.98516e-11	-0.204255	-2.0824e-09	-0.198003	1.98516e-11	-0.204255	-2.0824e-09	
-5.08	-0.198798	2.03993e-11	-0.20513	-2.22645e-09	-0.198798	2.03993e-11	-0.20513	-2.22645e-09	
-5.06	-0.1996	2.09575e-11	-0.206013	-2.37683e-09	-0.1996	2.09575e-11	-0.206013	-2.37683e-09	
-5.04	-0.200408	2.15261e-11	-0.206903	-2.53367e-09	-0.200408	2.15261e-11	-0.206903	-2.53367e-09	
-5.02	-0.201223	2.21051e-11	-0.207801	-2.69712e-09	-0.201223	2.21051e-11	-0.207801	-2.69712e-09	
-5	-0.202044	2.26943e-11	-0.208708	-2.8673e-09	-0.202044	2.26943e-11	-0.208708	-2.8673e-09	
-4.98	-0.202872	2.32935e-11	-0.209623	-3.04431e-09	-0.202872	2.32935e-11	-0.209623	-3.04431e-09	
-4.96	-0.203708	2.39026e-11	-0.210546	-3.22826e-09	-0.203708	2.39026e-11	-0.210546	-3.22826e-09	
-4.94	-0.20455	2.45213e-11	-0.211478	-3.4192e-09	-0.20455	2.45213e-11	-0.211478	-3.4192e-09	
-4.92	-0.205399	2.51492e-11	-0.212419	-3.61721e-09	-0.205399	2.51492e-11	-0.212419	-3.61721e-09	
-4.9	-0.206255	2.57861e-11	-0.213369	-3.82231e-09	-0.206255	2.57861e-11	-0.213369	-3.82231e-09	
-4.88	-0.207119	2.64316e-11	-0.214327	-4.03451e-09	-0.207119	2.64316e-11	-0.214327	-4.03451e-09	
-4.86	-0.20799	2.70853e-11	-0.215294	-4.25378e-09	-0.20799	2.70853e-11	-0.215294	-4.25378e-09	
-4.84	-0.208868	2.77467e-11	-0.216271	-4.48007e-09	-0.208868	2.77467e-11	-0.216271	-4.48007e-09	
-4.82	-0.209754	2.84151e-11	-0.217257	-4.71328e-09	-0.209754	2.84151e-11	-0.217257	-4.71328e-09	
-4.8	-0.210648	2.90901e-11	-0.218253	-4.95327e-09	-0.210648	2.90901e-11	-0.218253	-4.95327e-09	
-4.78	-0.211549	2.97708e-11	-0.219258	-5.19986e-09	-0.211549	2.97708e-11	-0.219258	-5.19986e-09	
-4.76	-0.212458	3.04567e-11	-0.220273	-5.45279e-09	-0.212458	3.04567e-11	-0.220273	-5.45279e-09	
-4.74	-0.213375	3.11466e-11	-0.221297	-5.71177e-09	-0.213375	3.11466e-11	-0.221297	-5.71177e-09	
-4.72	-0.2143	3.18399e-11	-0.222332	-5.97643e-09	-0.2143	3.18399e-11	-0.222332	-5.97643e-09	
-4.7	-0.215233	3.25353e-11	-0.223377	-6.24632e-09	-0.215233	3.25353e-11	-0.223377	-6.24632e-09	
-4.68	-0.216175	3.32318e-11	-0.224433	-6.52092e-09	-0.216175	3.32318e-11	-0.224433	-6.52092e-09	
-4.66	-0.217125	3.39281e-11	-0.225499	-6.7996e-09	-0.217125	3.39281e-11	-0.225499	-6.7996e-09	
-4.64	-0.218083	3.46227e-11	-0.226576	-7.08166e-09	-0.218083	3.46227e-11	-0.226576	-7.08166e-09	
-4.62	-0.21905	3.53142e-11	-0.227664	-7.36626e-09	-0.21905	3.53142e-11	-0.227664	-7.36626e-09	
-4.6	-0.220026	3.6001e-11	-0.228762	-7.65245e-09	-0.220026	3.6001e-11	-0.228762	-7.65245e-09	
-4.58	-0.22101	3.66813e-11	-0.229872	-7.93914e-09	-0.22101	3.66813e-11	-0.229872	-7.93914e-09	
-4.56	-0.222004	3.73531e-11	-0.230994	-8.2251e-09	-0.222004	3.73531e-11	-0.230994	-8.2251e-09	
-4.54	-0.223006	3.80142e-11	-0.232127	-8.50893e-09	-0.223006	3.80142e-11	-0.232127	-8.50893e-09	
-4.52	-0.224018	3.86623e-11	-0.233272	-8.78906e-09	-0.224018	3.86623e-11	-0.233272	-8.78906e-09	
-4.5	-0.225039	3.9295e-11	-0.234429	-9.06373e-09	-0.225039	3.9295e-11	-0.234429	-9.06373e-09	
-4.48	-0.22607	3.99093e-11	-0.235598	-9.33094e-09	-0.22607	3.99093e-11	-0.235598	-9.33094e-09	
-4.46	-0.22711	4.05026e-11	-0.236779	-9.5885e-09	-0.22711	4.05026e-11	-0.236779	-9.5885e-09	
-4.44	-0.22816	4.10715e-11	-0.237973	-9.83394e-09	-0.22816	4.10715e-11	-0.237973	-9.83394e-09	
-4.42	-0.22922	4.16125e-11	-0.23918	-1.00645e-08	-0.22922	4.16125e-11	-0.23918	-1.00645e-08	
-4.4	-0.230289	4.21219e-11	-0.240401	-1.02772e-08	-0.230289	4.21219e-11	-0.240401	-1.02772e-08	
-4.38	-0.231369	4.25957e-11	-0.241634	-1.04686e-08	-0.231369	4.25957e-11	-0.241634	-1.04686e-08	
-4.36	-0.23246	4.30295e-11	-0.242881	-1.06351e-08	-0.23246	4.30295e-11	-0.242881	-1.06351e-08	
-4.34	-0.233561	4.34186e-11	-0.244141	-1.07725e-08	-0.233561	4.34186e-11	-0.244141	-1.07725e-08	
-4.32	-0.234672	4.37578e-11	-0.245416	-1.08763e-08	-0.234672	4.37578e-11	-0.245416	-1.08763e-08	
-4.3	-0.235794	4.40419e-11	-0.246705	-1.09416e-08	-0.235794	4.40419e-11	-0.246705	-1.09416e-08	
-4.28	-0.236927	4.42648e-11	-0.248008	-1.0963e-08	-0.236927	4.42648e-11	-0.248008	-1.0963e-08	
-4.26	-0.238072	4.44202e-11	-0.249326	-1.09344e-08	-0.238072	4.44202e-11	-0.249326	-1.09344e-08	
-4.24	-0.239227	4.45014e-11	-0.250659	-1.08494e-08	-0.239227	4.45014e-11	-0.250659	-1.08494e-08	
-4.22	-0.240394	4.4501e-11	-0.252008	-1.07008e-08	-0.240394	4.4501e-11	-0.252008	-1.07008e-08	
-4.2	-0.241572	4.44112e-11	-0.253372	-1.04809e-08	-0.241572	4.44112e-11	-0.253372	-1.04809e-08	
-4.18	-0.242763	4.42234e-11	-0.254752	-1.01813e-08	-0.242763	4.42234e-11	-0.254752	-1.01813e-08	
-4.16	-0.243965	4.39287e-11	-0.256148	-9.79261e-09	-0.243965	4.39287e-11	-0.256148	-9.79261e-09	
-4.14	-0.24518	4.35174e-11	-0.25756	-9.30499e-09	-0.24518	4.35174e-11	-0.25756	-9.30499e-09	
-4.12	-0.246406	4.2979e-11	-0.25899	-8.70757e-09	-0.246406	4.2979e-11	-0.25899	-8.70757e-09	
-4.1	-0.247646	4.23023e-11	-0.260436	-7.9886e-09	-0.247646	4.23023e-11	-0.260436	-7.9886e-09	
-4.08	-0.248898	4.14754e-11	-0.2619	-7.13541e-09	-0.248898	4.14754e-11	-0.2619	-7.13541e-09	
-4.06	-0.250163	4.04855e-11	-0.263382	-6.13429e-09	-0.250163	4.04855e-11	-0.263382	-6.13429e-09	
-4.04	-0.251441	3.93189e-11	-0.264882	-4.9705e-09	-0.251441	3.93189e-11	-0.264882	-4.9705e-09	
-4.02	-0.252732	3.79608e-11	-0.2664	-3.62814e-09	-0.252732	3.79608e-11	-0.2664	-3.62814e-09	
-4	-0.254037	3.63956e-11	-0.267937	-2.09018e-09	-0.254037	3.63956e-11	-0.267937	-2.09018e-09	
-3.98	-0.255356	3.46066e-11	-0.269494	-3.38325e-10	-0.255356	3.46066e-11	-0.269494	-3.38325e-10	
-3.96	-0.256689	3.25757e-11	-0.27107	1.64696e-09	-0.256689	3.25757e-11	-0.27107	1.64696e-09	
-3.94	-0.258036	3.02838e-11	-0.272666	3.88655e-09	-0.258036	3.02838e-11	-0.272666	3.88655e-09	
-3.92	-0.259397	2.77105e-11	-0.274282	6.40266e-09	-0.259397	2.77105e-11	-0.274282	6.40266e-09	
-3.9	-0.260773	2.48339e-11	-0.275919	9.21888e-09	-0.260773	2.48339e-11	-0.275919	9.21888e-09	
-3.88	-0.262164	2.16308e-11	-0.277578	1.23602e-08	-0.262164	2.16308e-11	-0.277578	1.23602e-08	
-3.86	-0.26357	1.80763e-11	-0.279259	1.5853e-08	-0.26357	1.80763e-11	-0.279259	1.5853e-08	
-3.84	-0.264992	1.41439e-11	-0.280961	1.97251e-08	-0.264992	1.41439e-11	-0.280961	1.97251e-08	
-3.82	-0.26643	9.80537e-12	-0.282687	2.40056e-08	-0.26643	9.80537e-12	-0.282687	2.40056e-08	
-3.8	-0.267883	5.03075e-12	-0.284435	2.87249e-08	-0.267883	5.03075e-12	-0.284435	2.87249e-08	
-3.78	-0.269352	-2.11859e-13	-0.286207	3.39145e-08	-0.269352	-2.11859e-13	-0.286207	3.39145e-08	
-3.76	-0.270839	-5.95657e-12	-0.288004	3.9607e-08	-0.270839	-5.95657e-12	-0.288004	3.9607e-08	
-3.74	-0.272341	-1.22395e-11	-0.289825	4.58359e-08	-0.272341	-1.22395e-11	-0.289825	4.58359e-08	
-3.72	-0.273861	-1.90991e-11	-0.291672	5.26354e-08	-0.273861	-1.90991e-11	-0.291672	5.26354e-08	
-3.7	-0.275399	-2.65761e-11	-0.293544	6.00396e-08	-0.275399	-2.65761e-11	-0.293544	6.00396e-08	
-3.68	-0.276954	-3.47138e-11	-0.295443	6.80831e-08	-0.276954	-3.47138e-11	-0.295443	6.80831e-08	
-3.66	-0.278527	-4.35581e-11	-0.297369	7.67994e-08	-0.278527	-4.35581e-11	-0.297369	7.67994e-08	
-3.64	-0.280118	-5.31577e-11	-0.299323	8.62212e-08	-0.280118	-5.31577e-11	-0.299323	8.62212e-08	
-3.62	-0.281728	-6.3564e-11	-0.301306	9.63792e-08	-0.281728	-6.3564e-11	-0.301306	9.63792e-08	
-3.6	-0.283357	-7.48315e-11	-0.303317	1.07301e-07	-0.283357	-7.48315e-11	-0.303317	1.07301e-07	
-3.58	-0.285006	-8.7018e-11	-0.305358	1.19012e-07	-0.285006	-8.7018e-11	-0.305358	1.19012e-07	
-3.56	-0.286674	-1.00184e-10	-0.30743	1.3153e-07	-0.286674	-1.00184e-10	-0.30743	1.3153e-07	
-3.54	-0.288362	-1.14394e-10	-0.309533	1.44869e-07	-0.288362	-1.14394e-10	-0.309533	1.44869e-07	
-3.52	-0.290071	-1.29716e-10	-0.311669	1.59032e-07	-0.290071	-1.29716e-10	-0.311669	1.59032e-07	
-3.5	-0.2918	-1.4622e-10	-0.313837	1.74014e-07	-0.2918	-1.4622e-10	-0.313837	1.74014e-07	
-3.48	-0.293551	-1.63983e-10	-0.316039	1.89797e-07	-0.293551	-1.63983e-10	-0.316039	1.89797e-07	
-3.46	-0.295323	-1.83081e-10	-0.318275	2.06345e-07	-0.295323	-1.83081e-10	-0.318275	2.06345e-07	
-3.44	-0.297117	-2.03599e-10	-0.320547	2.23607e-07	-0.297117	-2.03599e-10	-0.320547	2.23607e-07	
-3.42	-0.298934	-2.25622e-10	-0.322855	2.41505e-07	-0.298934	-2.25622e-10	-0.322855	2.41505e-07	
-3.4	-0.300773	-2.49239e-10	-0.325201	2.59938e-07	-0.300773	-2.49239e-10	-0.325201	2.59938e-07	
-3.38	-0.302636	-2.74547e-10	-0.327586	2.78769e-07	-0.302636	-2.74547e-10	-0.327586	2.78769e-07	
-3.36	-0.304523	-3.01641e-10	-0.33001	2.97823e-07	-0.304523	-3.01641e-10	-0.33001	2.97823e-07	
-3.34	-0.306434	-3.30624e-10	-0.332474	3.16882e-07	-0.306434	-3.30624e-10	-0.332474	3.16882e-07	
-3.32	-0.308369	-3.616e-10	-0.33498	3.35673e-07	-0.308369	-3.616e-10	-0.33498	3.35673e-07	
-3.3	-0.31033	-3.94678e-10	-0.33753	3.53858e-07	-0.31033	-3.94678e-10	-0.33753	3.53858e-07	
-3.28	-0.312316	-4.29969e-10	-0.340123	3.7103e-07	-0.312316	-4.29969e-10	-0.340123	3.7103e-07	
-3.26	-0.314329	-4.67588e-10	-0.342762	3.86694e-07	-0.314329	-4.67588e-10	-0.342762	3.86694e-07	
-3.24	-0.316369	-5.07649e-10	-0.345448	4.00258e-07	-0.316369	-5.07649e-10	-0.345448	4.00258e-07	
-3.22	-0.318436	-5.50272e-10	-0.348182	4.11016e-07	-0.318436	-5.50272e-10	-0.348182	4.11016e-07	
-3.2	-0.32053	-5.95573e-10	-0.350966	4.1813e-07	-0.32053	-5.95573e-10	-0.350966	4.1813e-07	
-3.18	-0.322653	-6.43672e-10	-0.353801	4.20611e-07	-0.322653	-6.43672e-10	-0.353801	4.20611e-07	
-3.16	-0.324806	-6.94685e-10	-0.356689	4.17299e-07	-0.324806	-6.94685e-10	-0.356689	4.17299e-07	
-3.14	-0.326988	-7.48728e-10	-0.359632	4.06836e-07	-0.326988	-7.48728e-10	-0.359632	4.06836e-07	
-3.12	-0.3292	-8.05909e-10	-0.362631	3.87642e-07	-0.3292	-8.05909e-10	-0.362631	3.87642e-07	
-3.1	-0.331443	-8.66333e-10	-0.365688	3.57883e-07	-0.331443	-8.66333e-10	-0.365688	3.57883e-07	
-3.08	-0.333718	-9.30097e-10	-0.368805	3.15441e-07	-0.333718	-9.30097e-10	-0.368805	3.15441e-07	
-3.06	-0.336026	-9.97284e-10	-0.371985	2.57881e-07	-0.336026	-9.97284e-10	-0.371985	2.57881e-07	
-3.04	-0.338366	-1.06797e-09	-0.375229	1.82412e-07	-0.338366	-1.06797e-09	-0.375229	1.82412e-07	
-3.02	-0.340741	-1.1422e-09	-0.378539	8.58497e-08	-0.340741	-1.1422e-09	-0.378539	8.58497e-08	
-3	-0.343149	-1.22001e-09	-0.381919	-3.54177e-08	-0.343149	-1.22001e-09	-0.381919	-3.54177e-08	
-2.98	-0.345594	-1.30141e-09	-0.38537	-1.85472e-07	-0.345594	-1.30141e-09	-0.38537	-1.85472e-07	
-2.96	-0.348074	-1.38637e-09	-0.388895	-3.68895e-07	-0.348074	-1.38637e-09	-0.388895	-3.68895e-07	
-2.94	-0.350591	-1.47482e-09	-0.392497	-5.90801e-07	-0.350591	-1.47482e-09	-0.392497	-5.90801e-07	
-2.92	-0.353146	-1.56665e-09	-0.396179	-8.56855e-07	-0.353146	-1.56665e-09	-0.396179	-8.56855e-07	
-2.9	-0.35574	-1.6617e-09	-0.399944	-1.17328e-06	-0.35574	-1.6617e-09	-0.399944	-1.17328e-06	
-2.88	-0.358374	-1.75973e-09	-0.403796	-1.54683e-06	-0.358374	-1.75973e-09	-0.403796	-1.54683e-06	
-2.86	-0.361048	-1.86045e-09	-0.407737	-1.98478e-06	-0.361048	-1.86045e-09	-0.407737	-1.98478e-06	
-2.84	-0.363764	-1.96344e-09	-0.411771	-2.49477e-06	-0.363764	-1.96344e-09	-0.411771	-2.49477e-06	
-2.82	-0.366522	-2.06822e-09	-0.415903	-3.08475e-06	-0.366522	-2.06822e-09	-0.415903	-3.08475e-06	
-2.8	-0.369324	-2.17416e-09	-0.420137	-3.76265e-06	-0.369324	-2.17416e-09	-0.420137	-3.76265e-06	
-2.78	-0.372171	-2.2805e-09	-0.424476	-4.53616e-06	-0.372171	-2.2805e-09	-0.424476	-4.53616e-06	
-2.76	-0.375064	-2.38631e-09	-0.428927	-5.41215e-06	-0.375064	-2.38631e-09	-0.428927	-5.41215e-06	
-2.74	-0.378003	-2.49048e-09	-0.433493	-6.3961e-06	-0.378003	-2.49048e-09	-0.433493	-6.3961e-06	
-2.72	-0.380991	-2.59167e-09	-0.438181	-7.49112e-06	-0.380991	-2.59167e-09	-0.438181	-7.49112e-06	
-2.7	-0.384028	-2.68831e-09	-0.442997	-8.69677e-06	-0.384028	-2.68831e-09	-0.442997	-8.69677e-06	
-2.68	-0.387116	-2.77851e-09	-0.447946	-1.00074e-05	-0.387116	-2.77851e-09	-0.447946	-1.00074e-05	
-2.66	-0.390256	-2.86008e-09	-0.453035	-1.141e-05	-0.390256	-2.86008e-09	-0.453035	-1.141e-05	
-2.64	-0.393449	-2.93042e-09	-0.458272	-1.28811e-05	-0.393449	-2.93042e-09	-0.458272	-1.28811e-05	
-2.62	-0.396697	-2.98653e-09	-0.463665	-1.43834e-05	-0.396697	-2.98653e-09	-0.463665	-1.43834e-05	
-2.6	-0.400002	-3.02489e-09	-0.469222	-1.58604e-05	-0.400002	-3.02489e-09	-0.469222	-1.58604e-05	
-2.58	-0.403364	-3.04142e-09	-0.474952	-1.72303e-05	-0.403364	-3.04142e-09	-0.474952	-1.72303e-05	
-2.56	-0.406786	-3.0314e-09	-0.480866	-1.83777e-05	-0.406786	-3.0314e-09	-0.480866	-1.83777e-05	
-2.54	-0.410269	-2.98937e-09	-0.486975	-1.91432e-05	-0.410269	-2.98937e-09	-0.486975	-1.91432e-05	
-2.52	-0.413815	-2.90905e-09	-0.493291	-1.93097e-05	-0.413815	-2.90905e-09	-0.493291	-1.93097e-05	
-2.5	-0.417425	-2.78323e-09	-0.499827	-1.85862e-05	-0.417425	-2.78323e-09	-0.499827	-1.85862e-05	
-2.48	-0.421102	-2.60361e-09	-0.506598	-1.65862e-05	-0.421102	-2.60361e-09	-0.506598	-1.65862e-05	
-2.46	-0.424848	-2.36073e-09	-0.513621	-1.28023e-05	-0.424848	-2.36073e-09	-0.513621	-1.28023e-05	
-2.44	-0.428663	-2.04374e-09	-0.520915	-6.57487e-06	-0.428663	-2.04374e-09	-0.520915	-6.57487e-06	
-2.42	-0.432552	-1.64033e-09	-0.528499	2.94519e-06	-0.432552	-1.64033e-09	-0.528499	2.94519e-06	
-2.4	-0.436515	-1.13645e-09	-0.536398	1.68386e-05	-0.436515	-1.13645e-09	-0.536398	1.68386e-05	
-2.38	-0.440555	-5.16205e-10	-0.544637	3.64631e-05	-0.440555	-5.16205e-10	-0.544637	3.64631e-05	
-2.36	-0.444675	2.38434e-10	-0.553249	6.34982e-05	-0.444675	2.38434e-10	-0.553249	6.34982e-05	
-2.34	-0.448876	1.14781e-09	-0.562268	9.99773e-05	-0.448876	1.14781e-09	-0.562268	9.99773e-05	
-2.32	-0.453162	2.23481e-09	-0.571737	0.00014829	-0.453162	2.23481e-09	-0.571737	0.00014829	
-2.3	-0.457535	3.52518e-09	-0.581704	0.000211119	-0.457535	3.52518e-09	-0.581704	0.000211119	
-2.28	-0.461998	5.0477e-09	-0.59223	0.000291245	-0.461998	5.0477e-09	-0.59223	0.000291245	
-2.26	-0.466555	6.83447e-09	-0.603386	0.000391106	-0.466555	6.83447e-09	-0.603386	0.000391106	
-2.24	-0.471207	8.92117e-09	-0.615261	0.000511902	-0.471207	8.92117e-09	-0.615261	0.000511902	
-2.22	-0.475958	1.13472e-08	-0.627968	0.000651877	-0.475958	1.13472e-08	-0.627968	0.000651877	
-2.2	-0.480813	1.41561e-08	-0.641647	0.000803125	-0.480813	1.41561e-08	-0.641647	0.000803125	
-2.18	-0.485773	1.73951e-08	-0.656478	0.000945721	-0.485773	1.73951e-08	-0.656478	0.000945721	
-2.16	-0.490844	2.11158e-08	-0.672698	0.00103709	-0.490844	2.11158e-08	-0.672698	0.00103709	
-2.14	-0.496028	2.53734e-08	-0.690615	0.000992818	-0.496028	2.53734e-08	-0.690615	0.000992818	
-2.12	-0.501331	3.0227e-08	-0.710631	0.00065213	-0.501331	3.0227e-08	-0.710631	0.00065213	
-2.1	-0.506756	3.57381e-08	-0.733271	-0.000283452	-0.506756	3.57381e-08	-0.733271	-0.000283452	
-2.08	-0.512309	4.19704e-08	-0.759192	-0.00235721	-0.512309	4.19704e-08	-0.759192	-0.00235721	
-2.06	-0.517993	4.89877e-08	-0.789151	-0.00653578	-0.517993	4.89877e-08	-0.789151	-0.00653578	
-2.04	-0.523814	5.68519e-08	-0.823848	-0.0144779	-0.523814	5.68519e-08	-0.823848	-0.0144779	
-2.02	-0.529777	6.56196e-08	-0.863467	-0.0288432	-0.529777	6.56196e-08	-0.863467	-0.0288432	
-2	-0.535888	7.53384e-08	-0.906694	-0.0533526	-0.535888	7.53384e-08	-0.906694	-0.0533526	
-1.98	-0.542153	8.60401e-08	-0.949273	-0.0918329	-0.542153	8.60401e-08	-0.949273	-0.0918329	
-1.96	-0.548579	9.77337e-08	-0.98338	-0.145354	-0.548579	9.77337e-08	-0.98338	-0.145354	
-1.94	-0.555171	1.10395e-07	-1.0005	-0.208681	-0.555171	1.10395e-07	-1.0005	-0.208681	
-1.92	-0.561937	1.23951e-07	-0.997644	-0.270994	-0.561937	1.23951e-07	-0.997644	-0.270994	
-1.9	-0.568885	1.38266e-07	-0.980111	-0.322693	-0.568885	1.38266e-07	-0.980111	-0.322693	
-1.88	-0.576023	1.53114e-07	-0.956763	-0.360842	-0.576023	1.53114e-07	-0.956763	-0.360842	
-1.86	-0.583359	1.68152e-07	-0.934251	-0.387963	-0.583359	1.68152e-07	-0.934251	-0.387963	
-1.84	-0.590903	1.8288e-07	-0.91546	-0.408175	-0.590903	1.8288e-07	-0.91546	-0.408175	
-1.82	-0.598663	1.9659e-07	-0.900729	-0.424876	-0.598663	1.9659e-07	-0.900729	-0.424876	
-1.8	-0.606651	2.08308e-07	-0.889301	-0.440234	-0.606651	2.08308e-07	-0.889301	-0.440234	
-1.78	-0.614878	2.16708e-07	-0.880156	-0.455423	-0.614878	2.16708e-07	-0.880156	-0.455423	
-1.76	-0.623355	2.20016e-07	-0.872361	-0.470975	-0.623355	2.20016e-07	-0.872361	-0.470975	
-1.74	-0.632095	2.15884e-07	-0.865174	-0.487038	-0.632095	2.15884e-07	-0.865174	-0.487038	
-1.72	-0.641112	2.0123e-07	-0.858046	-0.503552	-0.641112	2.0123e-07	-0.858046	-0.503552	
-1.7	-0.650421	1.72046e-07	-0.850602	-0.520347	-0.650421	1.72046e-07	-0.850602	-0.520347	
-1.68	-0.660038	1.2316e-07	-0.842608	-0.537202	-0.660038	1.2316e-07	-0.842608	-0.537202	
-1.66	-0.66998	4.79502e-08	-0.833943	-0.553886	-0.66998	4.79502e-08	-0.833943	-0.553886	
-1.64	-0.680266	-6.19982e-08	-0.82458	-0.570172	-0.680266	-6.19982e-08	-0.82458	-0.570172	
-1.62	-0.690916	-2.17291e-07	-0.814568	-0.585861	-0.690916	-2.17291e-07	-0.814568	-0.585861	
-1.6	-0.701952	-4.31173e-07	-0.804022	-0.600788	-0.701952	-4.31173e-07	-0.804022	-0.600788	
-1.58	-0.713398	-7.20012e-07	-0.793109	-0.61484	-0.713398	-7.20012e-07	-0.793109	-0.61484	
-1.56	-0.725282	-1.10377e-06	-0.782031	-0.627975	-0.725282	-1.10377e-06	-0.782031	-0.627975	
-1.54	-0.737631	-1.60642e-06	-0.770999	-0.640233	-0.737631	-1.60642e-06	-0.770999	-0.640233	
-1.52	-0.750478	-2.2561e-06	-0.760189	-0.651742	-0.750478	-2.2561e-06	-0.760189	-0.651742	
-1.5	-0.763858	-3.08483e-06	-0.749697	-0.662684	-0.763858	-3.08483e-06	-0.749697	-0.662684	
-1.48	-0.77781	-4.12743e-06	-0.739531	-0.673252	-0.77781	-4.12743e-06	-0.739531	-0.673252	
-1.46	-0.792378	-5.41883e-06	-0.729615	-0.683595	-0.792378	-5.41883e-06	-0.729615	-0.683595	
-1.44	-0.807609	-6.98889e-06	-0.719844	-0.69379	-0.807609	-6.98889e-06	-0.719844	-0.69379	
-1.42	-0.823559	-8.85285e-06	-0.710119	-0.703853	-0.823559	-8.85285e-06	-0.710119	-0.703853	
-1.4	-0.840288	-1.09948e-05	-0.70037	-0.713764	-0.840288	-1.09948e-05	-0.70037	-0.713764	
-1.38	-0.857866	-1.33397e-05	-0.690565	-0.723487	-0.857866	-1.33397e-05	-0.690565	-0.723487	
-1.36	-0.876372	-1.5707e-05	-0.680694	-0.73299	-0.876372	-1.5707e-05	-0.680694	-0.73299	
-1.34	-0.895897	-1.77357e-05	-0.670764	-0.742254	-0.895897	-1.77357e-05	-0.670764	-0.742254	
-1.32	-0.916546	-1.87634e-05	-0.660789	-0.751267	-0.916546	-1.87634e-05	-0.660789	-0.751267	
-1.3	-0.938441	-1.76357e-05	-0.650781	-0.760029	-0.938441	-1.76357e-05	-0.650781	-0.760029	
-1.28	-0.961726	-1.24082e-05	-0.640754	-0.768543	-0.961726	-1.24082e-05	-0.640754	-0.768543	
-1.26	-0.986574	1.08513e-07	-0.630718	-0.776818	-0.986574	1.08513e-07	-0.630718	-0.776818	
-1.24	-1.01319	2.50253e-05	-0.620678	-0.784864	-1.01319	2.50253e-05	-0.620678	-0.784864	
-1.22	-1.04183	7.03294e-05	-0.610639	-0.792689	-1.04183	7.03294e-05	-0.610639	-0.792689	
-1.2	-1.07282	0.000148106	-0.600604	-0.800304	-1.07282	0.000148106	-0.600604	-0.800304	
-1.18	-1.10656	0.000275731	-0.590574	-0.807716	-1.10656	0.000275731	-0.590574	-0.807716	
-1.16	-1.14361	0.000475883	-0.580549	-0.814935	-1.14361	0.000475883	-0.580549	-0.814935	
-1.14	-1.18471	0.00077162	-0.570528	-0.821967	-1.18471	0.00077162	-0.570528	-0.821967	
-1.12	-1.23096	0.0011654	-0.560511	-0.828817	-1.23096	0.0011654	-0.560511	-0.828817	
-1.1	-1.28397	0.00156937	-0.550498	-0.835492	-1.28397	0.00156937	-0.550498	-0.835492	
-1.08	-1.34634	0.00159104	-0.540486	-0.841996	-1.34634	0.00159104	-0.540486	-0.841996	
-1.06	-1.42228	-0.000109943	-0.530476	-0.848333	-1.42228	-0.000109943	-0.530476	-0.848333	
-1.04	-1.5186	-0.00772045	-0.520468	-0.854507	-1.5186	-0.00772045	-0.520468	-0.854507	
-1.02	-1.64471	-0.0335125	-0.510459	-0.860522	-1.64471	-0.0335125	-0.510459	-0.860522	
-1	-1.80372	-0.108463	-0.500451	-0.86638	-1.80372	-0.108463	-0.500451	-0.86638	
-0.98	-1.95604	-0.279136	-0.490442	-0.872085	-1.95604	-0.279136	-0.490442	-0.872085	
-0.96	-2.00219	-0.52386	-0.480434	-0.877639	-2.00219	-0.52386	-0.480434	-0.877639	
-0.94	-1.9314	-0.718363	-0.470425	-0.883045	-1.9314	-0.718363	-0.470425	-0.883045	
-0.92	-1.84271	-0.825564	-0.460415	-0.888306	-1.84271	-0.825564	-0.460415	-0.888306	
-0.9	-1.78099	-0.892317	-0.450405	-0.893424	-1.78099	-0.892317	-0.450405	-0.893424	
-0.88	-1.74053	-0.951017	-0.440395	-0.898401	-1.74053	-0.951017	-0.440395	-0.898401	
-0.86	-1.70875	-1.01147	-0.430385	-0.90324	-1.70875	-1.01147	-0.430385	-0.90324	
-0.84	-1.67768	-1.07391	-0.420374	-0.907943	-1.67768	-1.07391	-0.420374	-0.907943	
-0.82	-1.64385	-1.13597	-0.410363	-0.912511	-1.64385	-1.13597	-0.410363	-0.912511	
-0.8	-1.60662	-1.19534	-0.400353	-0.916948	-1.60662	-1.19534	-0.400353	-0.916948	
-0.78	-1.56674	-1.25063	-0.390342	-0.921254	-1.56674	-1.25063	-0.390342	-0.921254	
-0.76	-1.52537	-1.3014	-0.380331	-0.925431	-1.52537	-1.3014	-0.380331	-0.925431	
-0.74	-1.48353	-1.3479	-0.37032	-0.929482	-1.48353	-1.3479	-0.37032	-0.929482	
-0.72	-1.4419	-1.39073	-0.360309	-0.933408	-1.4419	-1.39073	-0.360309	-0.933408	
-0.7	-1.40078	-1.43056	-0.350299	-0.937211	-1.40078	-1.43056	-0.350299	-0.937211	
-0.68	-1.36023	-1.46797	-0.340288	-0.940892	-1.36023	-1.46797	-0.340288	-0.940892	
-0.66	-1.32012	-1.50341	-0.330277	-0.944452	-1.32012	-1.50341	-0.330277	-0.944452	
-0.64	-1.28029	-1.53716	-0.320267	-0.947893	-1.28029	-1.53716	-0.320267	-0.947893	
-0.62	-1.24059	-1.56938	-0.310256	-0.951216	-1.24059	-1.56938	-0.310256	-0.951216	
-0.6	-1.20088	-1.60015	-0.300245	-0.954423	-1.20088	-1.60015	-0.300245	-0.954423	
-0.58	-1.16111	-1.6295	-0.290235	-0.957515	-1.16111	-1.6295	-0.290235	-0.957515	
-0.56	-1.12122	-1.65745	-0.280224	-0.960492	-1.12122	-1.65745	-0.280224	-0.960492	
-0.54	-1.08124	-1.684	-0.270214	-0.963356	-1.08124	-1.684	-0.270214	-0.963356	
-0.52	-1.04118	-1.70918	-0.260203	-0.966108	-1.04118	-1.70918	-0.260203	-0.966108	
-0.5	-1.00107	-1.73303	-0.250193	-0.968748	-1.00107	-1.73303	-0.250193	-0.968748	
-0.48	-0.960941	-1.75559	-0.240182	-0.971279	-0.960941	-1.75559	-0.240182	-0.971279	
-0.46	-0.920818	-1.77693	-0.230172	-0.973699	-0.920818	-1.77693	-0.230172	-0.973699	
-0.44	-0.880713	-1.79709	-0.220161	-0.976012	-0.880713	-1.79709	-0.220161	-0.976012	
-0.42	-0.840633	-1.81613	-0.210151	-0.978216	-0.840633	-1.81613	-0.210151	-0.978216	
-0.4	-0.800575	-1.8341	-0.20014	-0.980313	-0.800575	-1.8341	-0.20014	-0.980313	
-0.38	-0.760536	-1.85103	-0.19013	-0.982303	-0.760536	-1.85103	-0.19013	-0.982303	
-0.36	-0.720506	-1.86696	-0.180119	-0.984188	-0.720506	-1.86696	-0.180119	-0.984188	
-0.34	-0.68048	-1.88192	-0.170109	-0.985967	-0.68048	-1.88192	-0.170109	-0.985967	
-0.32	-0.640452	-1.89592	-0.160098	-0.987642	-0.640452	-1.89592	-0.160098	-0.987642	
-0.3	-0.600418	-1.90898	-0.150087	-0.989213	-0.600418	-1.90898	-0.150087	-0.989213	
-0.28	-0.560378	-1.92113	-0.140077	-0.99068	-0.560378	-1.92113	-0.140077	-0.99068	
-0.26	-0.520332	-1.93237	-0.130066	-0.992044	-0.520332	-1.93237	-0.130066	-0.992044	
-0.24	-0.480282	-1.94272	-0.120056	-0.993305	-0.480282	-1.94272	-0.120056	-0.993305	
-0.22	-0.44023	-1.95218	-0.110045	-0.994464	-0.44023	-1.95218	-0.110045	-0.994464	
-0.2	-0.400178	-1.96078	-0.100035	-0.995521	-0.400178	-1.96078	-0.100035	-0.995521	
-0.18	-0.360128	-1.96853	-0.0900244	-0.996476	-0.360128	-1.96853	-0.0900244	-0.996476	
-0.16	-0.32008	-1.97543	-0.0800139	-0.997329	-0.32008	-1.97543	-0.0800139	-0.997329	
-0.14	-0.280034	-1.9815	-0.0700033	-0.998082	-0.280034	-1.9815	-0.0700033	-0.998082	
-0.12	-0.23999	-1.98675	-0.0599928	-0.998734	-0.23999	-1.98675	-0.0599928	-0.998734	
-0.1	-0.199946	-1.99117	-0.0499823	-0.999285	-0.199946	-1.99117	-0.0499823	-0.999285	
-0.08	-0.159903	-1.99479	-0.0399718	-0.999735	-0.159903	-1.99479	-0.0399718	-0.999735	
-0.06	-0.119858	-1.9976	-0.0299613	-1.00009	-0.119858	-1.9976	-0.0299613	-1.00009	
-0.04	-0.0798126	-1.9996	-0.0199508	-1.00033	-0.0798126	-1.9996	-0.0199508	-1.00033	
-0.02	-0.0397659	-2.0008	-0.00994028	-1.00048	-0.0397659	-2.0008	-0.00994028	-1.00048	
0	0.000281242	-2.00119	7.02349e-05	-1.00053	0.000281242	-2.00119	7.02349e-05	-1.00053	
0.02	0.0403282	-2.00078	0.0100807	-1.00048	0.0403282	-2.00078	0.0100807	-1.00048	
0.04	0.0803745	-1.99958	0.0200913	-1.00033	0.0803745	-1.99958	0.0200913	-1.00033	
0.06	0.12042	-1.99756	0.0301018	-1.00008	0.12042	-1.99756	0.0301018	-1.00008	
0.08	0.160464	-1.99474	0.0401123	-0.999729	0.160464	-1.99474	0.0401123	-0.999729	
0.1	0.200507	-1.99112	0.0501228	-0.999278	0.200507	-1.99112	0.0501228	-0.999278	
0.12	0.240551	-1.98668	0.0601333	-0.998725	0.240551	-1.98668	0.0601333	-0.998725	
0.14	0.280596	-1.98142	0.0701438	-0.998072	0.280596	-1.98142	0.0701438	-0.998072	
0.16	0.320643	-1.97534	0.0801543	-0.997318	0.320643	-1.97534	0.0801543	-0.997318	
0.18	0.360692	-1.96843	0.0901648	-0.996463	0.360692	-1.96843	0.0901648	-0.996463	
0.2	0.400743	-1.96067	0.100175	-0.995506	0.400743	-1.96067	0.100175	-0.995506	
0.22	0.440795	-1.95205	0.110186	-0.994448	0.440795	-1.95205	0.110186	-0.994448	
0.24	0.480846	-1.94257	0.120196	-0.993288	0.480846	-1.94257	0.120196	-0.993288	
0.26	0.520894	-1.93221	0.130207	-0.992025	0.520894	-1.93221	0.130207	-0.992025	
0.28	0.560937	-1.92096	0.140217	-0.99066	0.560937	-1.92096	0.140217	-0.99066	
0.3	0.600974	-1.9088	0.150228	-0.989192	0.600974	-1.9088	0.150228	-0.989192	
0.32	0.641004	-1.89573	0.160238	-0.98762	0.641004	-1.89573	0.160238	-0.98762	
0.34	0.681031	-1.88172	0.170249	-0.985943	0.681031	-1.88172	0.170249	-0.985943	
0.36	0.721058	-1.86675	0.18026	-0.984162	0.721058	-1.86675	0.18026	-0.984162	
0.38	0.761093	-1.85082	0.19027	-0.982276	0.761093	-1.85082	0.19027	-0.982276	
0.4	0.801141	-1.83387	0.200281	-0.980284	0.801141	-1.83387	0.200281	-0.980284	
0.42	0.84121	-1.81589	0.210291	-0.978186	0.84121	-1.81589	0.210291	-0.978186	
0.44	0.881303	-1.79683	0.220302	-0.97598	0.881303	-1.79683	0.220302	-0.97598	
0.46	0.921418	-1.77664	0.230312	-0.973666	0.921418	-1.77664	0.230312	-0.973666	
0.48	0.961546	-1.75527	0.240323	-0.971244	0.961546	-1.75527	0.240323	-0.971244	
0.5	1.00167	-1.73266	0.250333	-0.968712	1.00167	-1.73266	0.250333	-0.968712	
0.52	1.04176	-1.70877	0.260344	-0.96607	1.04176	-1.70877	0.260344	-0.96607	
0.54	1.08179	-1.68355	0.270354	-0.963317	1.08179	-1.68355	0.270354	-0.963317	
0.56	1.12173	-1.65698	0.280365	-0.960451	1.12173	-1.65698	0.280365	-0.960451	
0.58	1.16156	-1.62904	0.290376	-0.957472	1.16156	-1.62904	0.290376	-0.957472	
0.6	1.20129	-1.59972	0.300386	-0.954379	1.20129	-1.59972	0.300386	-0.954379	
0.62	1.24097	-1.56901	0.310397	-0.951171	1.24097	-1.56901	0.310397	-0.951171	
0.64	1.28069	-1.53687	0.320407	-0.947845	1.28069	-1.53687	0.320407	-0.947845	
0.66	1.3206	-1.5032	0.330418	-0.944402	1.3206	-1.5032	0.330418	-0.944402	
0.68	1.36085	-1.4678	0.340428	-0.94084	1.36085	-1.4678	0.340428	-0.94084	
0.7	1.40162	-1.43036	0.350439	-0.937158	1.40162	-1.43036	0.350439	-0.937158	
0.72	1.44296	-1.39037	0.36045	-0.933353	1.44296	-1.39037	0.36045	-0.933353	
0.74	1.48477	-1.34724	0.37046	-0.929426	1.48477	-1.34724	0.37046	-0.929426	
0.76	1.52664	-1.30029	0.380471	-0.925373	1.52664	-1.30029	0.380471	-0.925373	
0.78	1.56778	-1.24901	0.390481	-0.921194	1.56778	-1.24901	0.390481	-0.921194	
0.8	1.60712	-1.19331	0.400492	-0.916886	1.60712	-1.19331	0.400492	-0.916886	
0.82	1.6435	-1.13384	0.410502	-0.912448	1.6435	-1.13384	0.410502	-0.912448	
0.84	1.67639	-1.07227	0.420513	-0.907878	1.67639	-1.07227	0.420513	-0.907878	
0.86	1.70684	-1.01103	0.430523	-0.903175	1.70684	-1.01103	0.430523	-0.903175	
0.88	1.73894	-0.952384	0.440534	-0.898335	1.73894	-0.952384	0.440534	-0.898335	
0.9	1.78142	-0.895343	0.450544	-0.893356	1.78142	-0.895343	0.450544	-0.893356	
0.92	1.84706	-0.828204	0.460555	-0.888238	1.84706	-0.828204	0.460555	-0.888238	
0.94	1.93886	-0.715891	0.470566	-0.882976	1.93886	-0.715891	0.470566	-0.882976	
0.96	2.00524	-0.514555	0.480576	-0.877568	2.00524	-0.514555	0.480576	-0.877568	
0.98	1.95102	-0.27193	0.490587	-0.872012	1.95102	-0.27193	0.490587	-0.872012	
1	1.79798	-0.107215	0.500598	-0.866304	1.79798	-0.107215	0.500598	-0.866304	
1.02	1.64147	-0.0344487	0.51061	-0.860443	1.64147	-0.0344487	0.51061	-0.860443	
1.04	1.51702	-0.00865967	0.520621	-0.854423	1.51702	-0.00865967	0.520621	-0.854423	
1.06	1.42139	-0.0006562	0.530633	-0.848243	1.42139	-0.0006562	0.530633	-0.848243	
1.08	1.34571	0.001345	0.540645	-0.841898	1.34571	0.001345	0.540645	-0.841898	
1.1	1.28342	0.00149213	0.550656	-0.835384	1.28342	0.00149213	0.550656	-0.835384	
1.12	1.23044	0.00116906	0.560668	-0.828698	1.23044	0.00116906	0.560668	-0.828698	
1.14	1.18421	0.000807573	0.57068	-0.821836	1.18421	0.000807573	0.57068	-0.821836	
1.16	1.14313	0.000519926	0.580691	-0.814792	1.14313	0.000519926	0.580691	-0.814792	
1.18	1.1061	0.000317068	0.590702	-0.807562	1.1061	0.000317068	0.590702	-0.807562	
1.2	1.07238	0.000182775	0.600712	-0.800141	1.07238	0.000182775	0.600712	-0.800141	
1.22	1.04142	9.76171e-05	0.610722	-0.792524	1.04142	9.76171e-05	0.610722	-0.792524	
1.24	1.0128	4.56056e-05	0.62073	-0.784706	1.0128	4.56056e-05	0.62073	-0.784706	
1.26	0.98621	1.51241e-05	0.630737	-0.776681	0.98621	1.51241e-05	0.630737	-0.776681	
1.28	0.961384	-1.77226e-06	0.640742	-0.768442	0.961384	-1.77226e-06	0.640742	-0.768442	
1.3	0.938119	-1.03272e-05	0.650747	-0.759984	0.938119	-1.03272e-05	0.650747	-0.759984	
1.32	0.916243	-1.39166e-05	0.66075	-0.751299	0.916243	-1.39166e-05	0.66075	-0.751299	
1.34	0.895611	-1.467e-05	0.670753	-0.74238	0.895611	-1.467e-05	0.670753	-0.74238	
1.36	0.876101	-1.3903e-05	0.680757	-0.733219	0.876101	-1.3903e-05	0.680757	-0.733219	
1.38	0.85761	-1.241e-05	0.690761	-0.723808	0.85761	-1.241e-05	0.690761	-0.723808	
1.4	0.840045	-1.06553e-05	0.700769	-0.714136	0.840045	-1.06553e-05	0.700769	-0.714136	
1.42	0.823327	-8.89877e-06	0.710781	-0.704192	0.823327	-8.89877e-06	0.710781	-0.704192	
1.44	0.807389	-7.27473e-06	0.720799	-0.693963	0.807389	-7.27473e-06	0.720799	-0.693963	
1.46	0.792168	-5.843e-06	0.730826	-0.683436	0.792168	-5.843e-06	0.730826	-0.683436	
1.48	0.777609	-4.62031e-06	0.740864	-0.672592	0.777609	-4.62031e-06	0.740864	-0.672592	
1.5	0.763666	-3.5999e-06	0.750913	-0.661414	0.763666	-3.5999e-06	0.750913	-0.661414	
1.52	0.750294	-2.76324e-06	0.760975	-0.649878	0.750294	-2.76324e-06	0.760975	-0.649878	
1.54	0.737454	-2.08711e-06	0.771047	-0.637961	0.737454	-2.08711e-06	0.771047	-0.637961	
1.56	0.725112	-1.54749e-06	0.781127	-0.625633	0.725112	-1.54749e-06	0.781127	-0.625633	
1.58	0.713235	-1.12167e-06	0.791207	-0.612866	0.713235	-1.12167e-06	0.791207	-0.612866	
1.6	0.701794	-7.89344e-07	0.801277	-0.599626	0.701794	-7.89344e-07	0.801277	-0.599626	
1.62	0.690763	-5.32858e-07	0.811322	-0.585882	0.690763	-5.32858e-07	0.811322	-0.585882	
1.64	0.680119	-3.37273e-07	0.82132	-0.571603	0.680119	-3.37273e-07	0.82132	-0.571603	
1.66	0.669838	-1.90143e-07	0.831248	-0.556759	0.669838	-1.90143e-07	0.831248	-0.556759	
1.68	0.659901	-8.12377e-08	0.84108	-0.541332	0.659901	-8.12377e-08	0.84108	-0.541332	
1.7	0.650288	-2.23594e-09	0.850794	-0.525308	0.650288	-2.23594e-09	0.850794	-0.525308	
1.72	0.640984	5.35707e-08	0.860376	-0.508687	0.640984	5.35707e-08	0.860376	-0.508687	
1.74	0.63197	9.15487e-08	0.869835	-0.491478	0.63197	9.15487e-08	0.869835	-0.491478	
1.76	0.623234	1.15962e-07	0.879221	-0.473698	0.623234	1.15962e-07	0.879221	-0.473698	
1.78	0.614761	1.30175e-07	0.88864	-0.455349	0.614761	1.30175e-07	0.88864	-0.455349	
1.8	0.606537	1.36828e-07	0.898287	-0.436391	0.606537	1.36828e-07	0.898287	-0.436391	
1.82	0.598553	1.37976e-07	0.908468	-0.41668	0.598553	1.37976e-07	0.908468	-0.41668	
1.84	0.590795	1.3521e-07	0.919608	-0.395854	0.590795	1.3521e-07	0.919608	-0.395854	
1.86	0.583255	1.29751e-07	0.932196	-0.373161	0.583255	1.29751e-07	0.932196	-0.373161	
1.88	0.575922	1.22527e-07	0.946587	-0.347197	0.575922	1.22527e-07	0.946587	-0.347197	
1.9	0.568787	1.14239e-07	0.962456	-0.315669	0.568787	1.14239e-07	0.962456	-0.315669	
1.92	0.561841	1.05407e-07	0.977716	-0.275559	0.561841	1.05407e-07	0.977716	-0.275559	
1.94	0.555077	9.64103e-08	0.987193	-0.224634	0.555077	9.64103e-08	0.987193	-0.224634	
1.96	0.548487	8.7523e-08	0.983041	-0.164935	0.548487	8.7523e-08	0.983041	-0.164935	
1.98	0.542064	7.89347e-08	0.959681	-0.105314	0.542064	7.89347e-08	0.959681	-0.105314	
2	0.535801	7.07722e-08	0.919998	-0.0570739	0.535801	7.07722e-08	0.919998	-0.0570739	
2.02	0.529692	6.31147e-08	0.873644	-0.0255561	0.529692	6.31147e-08	0.873644	-0.0255561	
2.04	0.523731	5.60059e-08	0.829285	-0.00847656	0.523731	5.60059e-08	0.829285	-0.00847656	
2.06	0.517912	4.94633e-08	0.790805	-0.000657268	0.517912	4.94633e-08	0.790805	-0.000657268	
2.08	0.51223	4.34854e-08	0.758576	0.00223664	0.51223	4.34854e-08	0.758576	0.00223664	
2.1	0.506679	3.80574e-08	0.731585	0.00284802	0.506679	3.80574e-08	0.731585	0.00284802	
2.12	0.501256	3.31556e-08	0.708625	0.00254861	0.501256	3.31556e-08	0.708625	0.00254861	
2.14	0.495955	2.87504e-08	0.688686	0.00197934	0.495955	2.87504e-08	0.688686	0.00197934	
2.16	0.490772	2.48086e-08	0.671024	0.00140993	0.490772	2.48086e-08	0.671024	0.00140993	
2.18	0.485703	2.12956e-08	0.655111	0.000935521	0.485703	2.12956e-08	0.655111	0.000935521	
2.2	0.480744	1.81764e-08	0.640576	0.000574818	0.480744	1.81764e-08	0.640576	0.000574818	
2.22	0.475891	1.54166e-08	0.627155	0.000316629	0.475891	1.54166e-08	0.627155	0.000316629	
2.24	0.471141	1.29831e-08	0.614659	0.000140795	0.471141	1.29831e-08	0.614659	0.000140795	
2.26	0.46649	1.08444e-08	0.602949	2.6972e-05	0.46649	1.08444e-08	0.602949	2.6972e-05	
2.28	0.461935	8.97096e-09	0.591919	-4.21958e-05	0.461935	8.97096e-09	0.591919	-4.21958e-05	
2.3	0.457473	7.33542e-09	0.581486	-8.03648e-05	0.457473	7.33542e-09	0.581486	-8.03648e-05	
2.32	0.453101	5.91244e-09	0.571585	-9.77691e-05	0.453101	5.91244e-09	0.571585	-9.77691e-05	
2.34	0.448817	4.67881e-09	0.562163	-0.000101818	0.448817	4.67881e-09	0.562163	-0.000101818	
2.36	0.444616	3.61338e-09	0.553174	-9.7729e-05	0.444616	3.61338e-09	0.553174	-9.7729e-05	
2.38	0.440498	2.69696e-09	0.544582	-8.90775e-05	0.440498	2.69696e-09	0.544582	-8.90775e-05	
2.4	0.436459	1.91221e-09	0.536353	-7.8248e-05	0.436459	1.91221e-09	0.536353	-7.8248e-05	
2.42	0.432497	1.24352e-09	0.52846	-6.67767e-05	0.432497	1.24352e-09	0.52846	-6.67767e-05	
2.44	0.428609	6.76865e-10	0.520878	-5.56087e-05	0.428609	6.76865e-10	0.520878	-5.56087e-05	
2.46	0.424795	1.99703e-10	0.513584	-4.52853e-05	0.424795	1.99703e-10	0.513584	-4.52853e-05	
2.48	0.42105	-1.99164e-10	0.506559	-3.60789e-05	0.42105	-1.99164e-10	0.506559	-3.60789e-05	
2.5	0.417374	-5.29707e-10	0.499784	-2.80873e-05	0.417374	-5.29707e-10	0.499784	-2.80873e-05	
2.52	0.413765	-8.00788e-10	0.493245	-2.12999e-05	0.413765	-8.00788e-10	0.493245	-2.12999e-05	
2.54	0.41022	-1.02026e-09	0.486926	-1.5642e-05	0.41022	-1.02026e-09	0.486926	-1.5642e-05	
2.56	0.406738	-1.19508e-09	0.480814	-1.10056e-05	0.406738	-1.19508e-09	0.480814	-1.10056e-05	
2.58	0.403317	-1.33138e-09	0.474897	-7.26828e-06	0.403317	-1.33138e-09	0.474897	-7.26828e-06	
2.6	0.399955	-1.43458e-09	0.469164	-4.30614e-06	0.399955	-1.43458e-09	0.469164	-4.30614e-06	
2.62	0.396651	-1.50944e-09	0.463606	-2.00092e-06	0.396651	-1.50944e-09	0.463606	-2.00092e-06	
2.64	0.393404	-1.56013e-09	0.458212	-2.44243e-07	0.393404	-1.56013e-09	0.458212	-2.44243e-07	
2.66	0.390211	-1.59033e-09	0.452973	1.06052e-06	0.390211	-1.59033e-09	0.452973	1.06052e-06	
2.68	0.387072	-1.60324e-09	0.447883	1.99771e-06	0.387072	-1.60324e-09	0.447883	1.99771e-06	
2.7	0.383985	-1.60165e-09	0.442934	2.63974e-06	0.383985	-1.60165e-09	0.442934	2.63974e-06	
2.72	0.380949	-1.58802e-09	0.438119	3.04789e-06	0.380949	-1.58802e-09	0.438119	3.04789e-06	
2.74	0.377962	-1.56445e-09	0.433431	3.27344e-06	0.377962	-1.56445e-09	0.433431	3.27344e-06	
2.76	0.375023	-1.53279e-09	0.428865	3.3588e-06	0.375023	-1.53279e-09	0.428865	3.3588e-06	
2.78	0.372131	-1.49462e-09	0.424415	3.33871e-06	0.372131	-1.49462e-09	0.424415	3.33871e-06	
2.8	0.369285	-1.45132e-09	0.420076	3.24132e-06	0.369285	-1.45132e-09	0.420076	3.24132e-06	
2.82	0.366483	-1.40407e-09	0.415843	3.08924e-06	0.366483	-1.40407e-09	0.415843	3.08924e-06	
2.84	0.363725	-1.35388e-09	0.411712	2.90041e-06	0.363725	-1.35388e-09	0.411712	2.90041e-06	
2.86	0.36101	-1.30161e-09	0.407679	2.6889e-06	0.36101	-1.30161e-09	0.407679	2.6889e-06	
2.88	0.358337	-1.248e-09	0.403739	2.46561e-06	0.358337	-1.248e-09	0.403739	2.46561e-06	
2.9	0.355704	-1.19366e-09	0.399889	2.23882e-06	0.355704	-1.19366e-09	0.399889	2.23882e-06	
2.92	0.35311	-1.13912e-09	0.396125	2.01472e-06	0.35311	-1.13912e-09	0.396125	2.01472e-06	
2.94	0.350556	-1.08481e-09	0.392444	1.79782e-06	0.350556	-1.08481e-09	0.392444	1.79782e-06	
2.96	0.348039	-1.0311e-09	0.388843	1.59125e-06	0.348039	-1.0311e-09	0.388843	1.59125e-06	
2.98	0.345559	-9.78282e-10	0.385319	1.39712e-06	0.345559	-9.78282e-10	0.385319	1.39712e-06	
3	0.343115	-9.26593e-10	0.381869	1.21668e-06	0.343115	-9.26593e-10	0.381869	1.21668e-06	
3.02	0.340707	-8.76228e-10	0.378491	1.05055e-06	0.340707	-8.76228e-10	0.378491	1.05055e-06	
3.04	0.338333	-8.27337e-10	0.375181	8.98893e-07	0.338333	-8.27337e-10	0.375181	8.98893e-07	
3.06	0.335993	-7.80034e-10	0.371938	7.61476e-07	0.335993	-7.80034e-10	0.371938	7.61476e-07	
3.08	0.333686	-7.34404e-10	0.36876	6.37831e-07	0.333686	-7.34404e-10	0.36876	6.37831e-07	
3.1	0.331412	-6.90504e-10	0.365643	5.27302e-07	0.331412	-6.90504e-10	0.365643	5.27302e-07	
3.12	0.329169	-6.48371e-10	0.362587	4.29115e-07	0.329169	-6.48371e-10	0.362587	4.29115e-07	
3.14	0.326957	-6.0802e-10	0.359589	3.42426e-07	0.326957	-6.0802e-10	0.359589	3.42426e-07	
3.16	0.324775	-5.69455e-10	0.356647	2.66356e-07	0.324775	-5.69455e-10	0.356647	2.66356e-07	
3.18	0.322623	-5.32663e-10	0.35376	2.00021e-07	0.322623	-5.32663e-10	0.35376	2.00021e-07	
3.2	0.320501	-4.97621e-10	0.350926	1.4255e-07	0.320501	-4.97621e-10	0.350926	1.4255e-07	
3.22	0.318406	-4.64299e-10	0.348142	9.31021e-08	0.318406	-4.64299e-10	0.348142	9.31021e-08	
3.24	0.31634	-4.32658e-10	0.345409	5.08757e-08	0.31634	-4.32658e-10	0.345409	5.08757e-08	
3.26	0.314301	-4.02655e-10	0.342724	1.51155e-08	0.314301	-4.02655e-10	0.342724	1.51155e-08	
3.28	0.312288	-3.74241e-10	0.340086	-1.48838e-08	0.312288	-3.74241e-10	0.340086	-1.48838e-08	
3.3	0.310302	-3.47363e-10	0.337493	-3.97749e-08	0.310302	-3.47363e-10	0.337493	-3.97749e-08	
3.32	0.308342	-3.21969e-10	0.334944	-6.01582e-08	0.308342	-3.21969e-10	0.334944	-6.01582e-08	
3.34	0.306407	-2.98002e-10	0.332439	-7.65825e-08	0.306407	-2.98002e-10	0.332439	-7.65825e-08	
3.36	0.304496	-2.75406e-10	0.329975	-8.95465e-08	0.304496	-2.75406e-10	0.329975	-8.95465e-08	
3.38	0.30261	-2.54123e-10	0.327552	-9.95016e-08	0.30261	-2.54123e-10	0.327552	-9.95016e-08	
3.4	0.300747	-2.34096e-10	0.325168	-1.06854e-07	0.300747	-2.34096e-10	0.325168	-1.06854e-07	
3.42	0.298908	-2.1527e-10	0.322823	-1.11968e-07	0.298908	-2.1527e-10	0.322823	-1.11968e-07	
3.44	0.297092	-1.97588e-10	0.320515	-1.15168e-07	0.297092	-1.97588e-10	0.320515	-1.15168e-07	
3.46	0.295298	-1.80995e-10	0.318243	-1.16744e-07	0.295298	-1.80995e-10	0.318243	-1.16744e-07	
3.48	0.293526	-1.65438e-10	0.316007	-1.16953e-07	0.293526	-1.65438e-10	0.316007	-1.16953e-07	
3.5	0.291776	-1.50865e-10	0.313806	-1.16021e-07	0.291776	-1.50865e-10	0.313806	-1.16021e-07	
3.52	0.290047	-1.37226e-10	0.311638	-1.14146e-07	0.290047	-1.37226e-10	0.311638	-1.14146e-07	
3.54	0.288338	-1.24471e-10	0.309504	-1.11504e-07	0.288338	-1.24471e-10	0.309504	-1.11504e-07	
3.56	0.28665	-1.12553e-10	0.307401	-1.08246e-07	0.28665	-1.12553e-10	0.307401	-1.08246e-07	
3.58	0.284983	-1.01428e-10	0.30533	-1.04504e-07	0.284983	-1.01428e-10	0.30533	-1.04504e-07	
3.6	0.283334	-9.10507e-11	0.303289	-1.00393e-07	0.283334	-9.10507e-11	0.303289	-1.00393e-07	
3.62	0.281706	-8.13805e-11	0.301278	-9.6012e-08	0.281706	-8.13805e-11	0.301278	-9.6012e-08	
3.64	0.280096	-7.23771e-11	0.299296	-9.14445e-08	0.280096	-7.23771e-11	0.299296	-9.14445e-08	
3.66	0.278505	-6.40022e-11	0.297342	-8.67626e-08	0.278505	-6.40022e-11	0.297342	-8.67626e-08	
3.68	0.276932	-5.62195e-11	0.295417	-8.20272e-08	0.276932	-5.62195e-11	0.295417	-8.20272e-08	
3.7	0.275377	-4.89942e-11	0.293518	-7.72893e-08	0.275377	-4.89942e-11	0.293518	-7.72893e-08	
3.72	0.27384	-4.22932e-11	0.291646	-7.25913e-08	0.27384	-4.22932e-11	0.291646	-7.25913e-08	
3.74	0.27232	-3.60852e-11	0.2898	-6.79684e-08	0.27232	-3.60852e-11	0.2898	-6.79684e-08	
3.76	0.270818	-3.03402e-11	0.287979	-6.34489e-08	0.270818	-3.03402e-11	0.287979	-6.34489e-08	
3.78	0.269332	-2.50301e-11	0.286182	-5.90557e-08	0.269332	-2.50301e-11	0.286182	-5.90557e-08	
3.8	0.267862	-2.01279e-11	0.284411	-5.48067e-08	0.267862	-2.01279e-11	0.284411	-5.48067e-08	
3.82	0.266409	-1.56082e-11	0.282662	-5.07154e-08	0.266409	-1.56082e-11	0.282662	-5.07154e-08	
3.84	0.264972	-1.14471e-11	0.280937	-4.67921e-08	0.264972	-1.14471e-11	0.280937	-4.67921e-08	
3.86	0.263551	-7.62173e-12	0.279235	-4.30434e-08	0.263551	-7.62173e-12	0.279235	-4.30434e-08	
3.88	0.262145	-4.11059e-12	0.277555	-3.94737e-08	0.262145	-4.11059e-12	0.277555	-3.94737e-08	
3.9	0.260754	-8.93515e-13	0.275896	-3.6085e-08	0.260754	-8.93515e-13	0.275896	-3.6085e-08	
3.92	0.259378	2.04873e-12	0.274259	-3.28773e-08	0.259378	2.04873e-12	0.274259	-3.28773e-08	
3.94	0.258017	4.73417e-12	0.272643	-2.98494e-08	0.258017	4.73417e-12	0.272643	-2.98494e-08	
3.96	0.25667	7.17979e-12	0.271047	-2.69984e-08	0.25667	7.17979e-12	0.271047	-2.69984e-08	
3.98	0.255337	9.4017e-12	0.269472	-2.43207e-08	0.255337	9.4017e-12	0.269472	-2.43207e-08	
4	0.254019	1.14149e-11	0.267915	-2.18115e-08	0.254019	1.14149e-11	0.267915	-2.18115e-08	
4.02	0.252714	1.32337e-11	0.266379	-1.94657e-08	0.252714	1.32337e-11	0.266379	-1.94657e-08	
4.04	0.251423	1.48713e-11	0.264861	-1.72776e-08	0.251423	1.48713e-11	0.264861	-1.72776e-08	
4.06	0.250145	1.63404e-11	0.263361	-1.52409e-08	0.250145	1.63404e-11	0.263361	-1.52409e-08	
4.08	0.24888	1.76528e-11	0.26188	-1.33493e-08	0.24888	1.76528e-11	0.26188	-1.33493e-08	
4.1	0.247628	1.88194e-11	0.260416	-1.15962e-08	0.247628	1.88194e-11	0.260416	-1.15962e-08	
4.12	0.246389	1.98508e-11	0.25897	-9.97509e-09	0.246389	1.98508e-11	0.25897	-9.97509e-09	
4.14	0.245162	2.07567e-11	0.257541	-8.47922e-09	0.245162	2.07567e-11	0.257541	-8.47922e-09	
4.16	0.243948	2.15462e-11	0.256128	-7.10201e-09	0.243948	2.15462e-11	0.256128	-7.10201e-09	
4.18	0.242746	2.2228e-11	0.254732	-5.83696e-09	0.242746	2.2228e-11	0.254732	-5.83696e-09	
4.2	0.241556	2.281e-11	0.253353	-4.6777e-09	0.241556	2.281e-11	0.253353	-4.6777e-09	
4.22	0.240377	2.32998e-11	0.251989	-3.618e-09	0.240377	2.32998e-11	0.251989	-3.618e-09	
4.24	0.239211	2.37045e-11	0.250641	-2.65184e-09	0.239211	2.37045e-11	0.250641	-2.65184e-09	
4.26	0.238055	2.40307e-11	0.249308	-1.77337e-09	0.238055	2.40307e-11	0.249308	-1.77337e-09	
4.28	0.236911	2.42845e-11	0.24799	-9.76976e-10	0.236911	2.42845e-11	0.24799	-9.76976e-10	
4.3	0.235778	2.44717e-11	0.246687	-2.57276e-10	0.235778	2.44717e-11	0.246687	-2.57276e-10	
4.32	0.234656	2.45978e-11	0.245398	3.90892e-10	0.234656	2.45978e-11	0.245398	3.90892e-10	
4.34	0.233545	2.46677e-11	0.244124	9.72451e-10	0.233545	2.46677e-11	0.244124	9.72451e-10	
4.36	0.232444	2.46862e-11	0.242863	1.49209e-09	0.232444	2.46862e-11	0.242863	1.49209e-09	
4.38	0.231354	2.46577e-11	0.241616	1.95425e-09	0.231354	2.46577e-11	0.241616	1.95425e-09	
4.4	0.230274	2.45862e-11	0.240383	2.36316e-09	0.230274	2.45862e-11	0.240383	2.36316e-09	
4.42	0.229205	2.44758e-11	0.239163	2.72281e-09	0.229205	2.44758e-11	0.239163	2.72281e-09	
4.44	0.228145	2.43297e-11	0.237957	3.03696e-09	0.228145	2.43297e-11	0.237957	3.03696e-09	
4.46	0.227095	2.41514e-11	0.236763	3.30916e-09	0.227095	2.41514e-11	0.236763	3.30916e-09	
4.48	0.226055	2.3944e-11	0.235581	3.54276e-09	0.226055	2.3944e-11	0.235581	3.54276e-09	
4.5	0.225025	2.37104e-11	0.234412	3.74089e-09	0.225025	2.37104e-11	0.234412	3.74089e-09	
4.52	0.224004	2.34532e-11	0.233256	3.90651e-09	0.224004	2.34532e-11	0.233256	3.90651e-09	
4.54	0.222992	2.3175e-11	0.232111	4.04236e-09	0.222992	2.3175e-11	0.232111	4.04236e-09	
4.56	0.22199	2.2878e-11	0.230978	4.15102e-09	0.22199	2.2878e-11	0.230978	4.15102e-09	
4.58	0.220996	2.25643e-11	0.229857	4.23491e-09	0.220996	2.25643e-11	0.229857	4.23491e-09	
4.6	0.220012	2.2236e-11	0.228747	4.29627e-09	0.220012	2.2236e-11	0.228747	4.29627e-09	
4.62	0.219036	2.18949e-11	0.227648	4.33721e-09	0.219036	2.18949e-11	0.227648	4.33721e-09	
4.64	0.21807	2.15428e-11	0.226561	4.35965e-09	0.21807	2.15428e-11	0.226561	4.35965e-09	
4.66	0.217111	2.11811e-11	0.225484	4.36543e-09	0.217111	2.11811e-11	0.225484	4.36543e-09	
4.68	0.216162	2.08114e-11	0.224418	4.35621e-09	0.216162	2.08114e-11	0.224418	4.35621e-09	
4.7	0.21522	2.04349e-11	0.223363	4.33355e-09	0.21522	2.04349e-11	0.223363	4.33355e-09	
4.72	0.214287	2.0053e-11	0.222318	4.29891e-09	0.214287	2.0053e-11	0.222318	4.29891e-09	
4.74	0.213362	1.96668e-11	0.221283	4.2536e-09	0.213362	1.96668e-11	0.221283	4.2536e-09	
4.76	0.212445	1.92773e-11	0.220258	4.19886e-09	0.212445	1.92773e-11	0.220258	4.19886e-09	
4.78	0.211536	1.88854e-11	0.219243	4.13583e-09	0.211536	1.88854e-11	0.219243	4.13583e-09	
4.8	0.210635	1.84922e-11	0.218239	4.06554e-09	0.210635	1.84922e-11	0.218239	4.06554e-09	
4.82	0.209742	1.80984e-11	0.217243	3.98897e-09	0.209742	1.80984e-11	0.217243	3.98897e-09	
4.84	0.208856	1.77048e-11	0.216257	3.90698e-09	0.208856	1.77048e-11	0.216257	3.90698e-09	
4.86	0.207977	1.73119e-11	0.215281	3.8204e-09	0.207977	1.73119e-11	0.215281	3.8204e-09	
4.88	0.207107	1.69205e-11	0.214313	3.72996e-09	0.207107	1.69205e-11	0.214313	3.72996e-09	
4.9	0.206243	1.65312e-11	0.213355	3.63633e-09	0.206243	1.65312e-11	0.213355	3.63633e-09	
4.92	0.205387	1.61443e-11	0.212406	3.54014e-09	0.205387	1.61443e-11	0.212406	3.54014e-09	
4.94	0.204538	1.57605e-11	0.211465	3.44194e-09	0.204538	1.57605e-11	0.211465	3.44194e-09	
4.96	0.203696	1.538e-11	0.210533	3.34224e-09	0.203696	1.538e-11	0.210533	3.34224e-09	
4.98	0.202861	1.50034e-11	0.20961	3.2415e-09	0.202861	1.50034e-11	0.20961	3.2415e-09	
5	0.202033	1.46308e-11	0.208695	3.14015e-09	0.202033	1.46308e-11	0.208695	3.14015e-09	
5.02	0.201211	1.42627e-11	0.207789	3.03856e-09	0.201211	1.42627e-11	0.207789	3.03856e-09	
5.04	0.200397	1.38993e-11	0.20689	2.93706e-09	0.200397	1.38993e-11	0.20689	2.93706e-09	
5.06	0.199589	1.35408e-11	0.206	2.83597e-09	0.199589	1.35408e-11	0.206	2.83597e-09	
5.08	0.198787	1.31875e-11	0.205118	2.73554e-09	0.198787	1.31875e-11	0.205118	2.73554e-09	
5.1	0.197992	1.28394e-11	0.204243	2.63603e-09	0.197992	1.28394e-11	0.204243	2.63603e-09	
5.12	0.197204	1.24969e-11	0.203377	2.53765e-09	0.197204	1.24969e-11	0.203377	2.53765e-09	
5.14	0.196421	1.21599e-11	0.202517	2.44058e-09	0.196421	1.21599e-11	0.202517	2.44058e-09	
5.16	0.195645	1.18287e-11	0.201666	2.34499e-09	0.195645	1.18287e-11	0.201666	2.34499e-09	
5.18	0.194875	1.15033e-11	0.200822	2.25102e-09	0.194875	1.15033e-11	0.200822	2.25102e-09	
5.2	0.194112	1.11838e-11	0.199985	2.1588e-09	0.194112	1.11838e-11	0.199985	2.1588e-09	
5.22	0.193354	1.08703e-11	0.199155	2.06843e-09	0.193354	1.08703e-11	0.199155	2.06843e-09	
5.24	0.192602	1.05627e-11	0.198333	1.98001e-09	0.192602	1.05627e-11	0.198333	1.98001e-09	
5.26	0.191856	1.02611e-11	0.197518	1.8936e-09	0.191856	1.02611e-11	0.197518	1.8936e-09	
5.28	0.191116	9.96556e-12	0.196709	1.80927e-09	0.191116	9.96556e-12	0.196709	1.80927e-09	
5.3	0.190382	9.67607e-12	0.195908	1.72707e-09	0.190382	9.67607e-12	0.195908	1.72707e-09	
5.32	0.189653	9.39263e-12	0.195113	1.64703e-09	0.189653	9.39263e-12	0.195113	1.64703e-09	
5.34	0.18893	9.11518e-12	0.194325	1.56918e-09	0.18893	9.11518e-12	0.194325	1.56918e-09	
5.36	0.188212	8.84373e-12	0.193543	1.49354e-09	0.188212	8.84373e-12	0.193543	1.49354e-09	
5.38	0.1875	8.57824e-12	0.192768	1.42012e-09	0.1875	8.57824e-12	0.192768	1.42012e-09	
5.4	0.186794	8.31866e-12	0.191999	1.34892e-09	0.186794	8.31866e-12	0.191999	1.34892e-09	
5.42	0.186092	8.06495e-12	0.191237	1.27993e-09	0.186092	8.06495e-12	0.191237	1.27993e-09	
5.44	0.185396	7.81708e-12	0.190481	1.21314e-09	0.185396	7.81708e-12	0.190481	1.21314e-09	
5.46	0.184706	7.57493e-12	0.189731	1.14854e-09	0.184706	7.57493e-12	0.189731	1.14854e-09	
5.48	0.18402	7.33848e-12	0.188987	1.08611e-09	0.18402	7.33848e-12	0.188987	1.08611e-09	
5.5	0.183339	7.10768e-12	0.18825	1.02582e-09	0.183339	7.10768e-12	0.18825	1.02582e-09	
5.52	0.182664	6.88241e-12	0.187518	9.67635e-10	0.182664	6.88241e-12	0.187518	9.67635e-10	
5.54	0.181994	6.66265e-12	0.186792	9.11533e-10	0.181994	6.66265e-12	0.186792	9.11533e-10	
5.56	0.181328	6.44826e-12	0.186072	8.57474e-10	0.181328	6.44826e-12	0.186072	8.57474e-10	
5.58	0.180667	6.23919e-12	0.185357	8.05422e-10	0.180667	6.23919e-12	0.185357	8.05422e-10	
5.6	0.180012	6.03536e-12	0.184648	7.55337e-10	0.180012	6.03536e-12	0.184648	7.55337e-10	
5.62	0.179361	5.8367e-12	0.183945	7.07177e-10	0.179361	5.8367e-12	0.183945	7.07177e-10	
5.64	0.178714	5.64309e-12	0.183248	6.609e-10	0.178714	5.64309e-12	0.183248	6.609e-10	
5.66	0.178073	5.45444e-12	0.182556	6.16461e-10	0.178073	5.45444e-12	0.182556	6.16461e-10	
5.68	0.177436	5.27069e-12	0.181869	5.73816e-10	0.177436	5.27069e-12	0.181869	5.73816e-10	
5.7	0.176804	5.09175e-12	0.181187	5.32919e-10	0.176804	5.09175e-12	0.181187	5.32919e-10	
5.72	0.176176	4.91751e-12	0.180511	4.93724e-10	0.176176	4.91751e-12	0.180511	4.93724e-10	
5.74	0.175552	4.74788e-12	0.17984	4.56185e-10	0.175552	4.74788e-12	0.17984	4.56185e-10	
5.76	0.174933	4.58279e-12	0.179174	4.20255e-10	0.174933	4.58279e-12	0.179174	4.20255e-10	
5.78	0.174319	4.42213e-12	0.178513	3.85888e-10	0.174319	4.42213e-12	0.178513	3.85888e-10	
5.8	0.173709	4.26582e-12	0.177857	3.53037e-10	0.173709	4.26582e-12	0.177857	3.53037e-10	
5.82	0.173103	4.11379e-12	0.177207	3.21657e-10	0.173103	4.11379e-12	0.177207	3.21657e-10	
5.84	0.172501	3.96589e-12	0.176561	2.91701e-10	0.172501	3.96589e-12	0.176561	2.91701e-10	
5.86	0.171903	3.82209e-12	0.17592	2.63125e-10	0.171903	3.82209e-12	0.17592	2.63125e-10	
5.88	0.17131	3.68224e-12	0.175283	2.35883e-10	0.17131	3.68224e-12	0.175283	2.35883e-10	
5.9	0.170721	3.54635e-12	0.174652	2.09932e-10	0.170721	3.54635e-12	0.174652	2.09932e-10	
5.92	0.170136	3.41422e-12	0.174025	1.85228e-10	0.170136	3.41422e-12	0.174025	1.85228e-10	
5.94	0.169555	3.28584e-12	0.173403	1.61729e-10	0.169555	3.28584e-12	0.173403	1.61729e-10	
5.96	0.168977	3.16109e-12	0.172785	1.39391e-10	0.168977	3.16109e-12	0.172785	1.39391e-10	
5.98	0.168404	3.03992e-12	0.172172	1.18175e-10	0.168404	3.03992e-12	0.172172	1.18175e-10	
6	0.167835	2.92221e-12	0.171563	9.80406e-11	0.167835	2.92221e-12	0.171563	9.80406e-11	
6.02	0.167269	2.80791e-12	0.170959	7.89474e-11	0.167269	2.80791e-12	0.170959	7.89474e-11	
6.04	0.166708	2.69689e-12	0.170359	6.08574e-11	0.166708	2.69689e-12	0.170359	6.08574e-11	
6.06	0.16615	2.58911e-12	0.169763	4.3733e-11	0.16615	2.58911e-12	0.169763	4.3733e-11	
6.08	0.165596	2.48449e-12	0.169172	2.75376e-11	0.165596	2.48449e-12	0.169172	2.75376e-11	
6.1	0.165046	2.38296e-12	0.168585	1.22354e-11	0.165046	2.38296e-12	0.168585	1.22354e-11	
6.12	0.164499	2.28441e-12	0.168002	-2.20816e-12	0.164499	2.28441e-12	0.168002	-2.20816e-12	
6.14	0.163956	2.18877e-12	0.167423	-1.5827e-11	0.163956	2.18877e-12	0.167423	-1.5827e-11	
6.16	0.163416	2.09603e-12	0.166848	-2.8654e-11	0.163416	2.09603e-12	0.166848	-2.8654e-11	
6.18	0.16288	2.00605e-12	0.166277	-4.0721e-11	0.16288	2.00605e-12	0.166277	-4.0721e-11	
6.2	0.162348	1.91877e-12	0.165711	-5.2059e-11	0.162348	1.91877e-12	0.165711	-5.2059e-11	
6.22	0.161819	1.83413e-12	0.165148	-6.26981e-11	0.161819	1.83413e-12	0.165148	-6.26981e-11	
6.24	0.161294	1.75208e-12	0.164589	-7.26673e-11	0.161294	1.75208e-12	0.164589	-7.26673e-11	
6.26	0.160772	1.67252e-12	0.164034	-8.1995e-11	0.160772	1.67252e-12	0.164034	-8.1995e-11	
6.28	0.160253	1.59541e-12	0.163483	-9.07083e-11	0.160253	1.59541e-12	0.163483	-9.07083e-11	
6.3	0.159738	1.52066e-12	0.162936	-9.88338e-11	0.159738	1.52066e-12	0.162936	-9.88338e-11	
6.32	0.159226	1.44824e-12	0.162392	-1.06397e-10	0.159226	1.44824e-12	0.162392	-1.06397e-10	
6.34	0.158717	1.3781e-12	0.161852	-1.13422e-10	0.158717	1.3781e-12	0.161852	-1.13422e-10	
6.36	0.158212	1.3101e-12	0.161316	-1.19934e-10	0.158212	1.3101e-12	0.161316	-1.19934e-10	
6.38	0.15771	1.24428e-12	0.160784	-1.25955e-10	0.15771	1.24428e-12	0.160784	-1.25955e-10	
6.4	0.157211	1.18051e-12	0.160255	-1.31508e-10	0.157211	1.18051e-12	0.160255	-1.31508e-10	
6.42	0.156715	1.11877e-12	0.159729	-1.36614e-10	0.156715	1.11877e-12	0.159729	-1.36614e-10	
6.44	0.156222	1.059e-12	0.159208	-1.41293e-10	0.156222	1.059e-12	0.159208	-1.41293e-10	
6.46	0.155733	1.00115e-12	0.158689	-1.45567e-10	0.155733	1.00115e-12	0.158689	-1.45567e-10	
6.48	0.155246	9.45151e-13	0.158174	-1.49453e-10	0.155246	9.45151e-13	0.158174	-1.49453e-10	
6.5	0.154763	8.90973e-13	0.157663	-1.5297e-10	0.154763	8.90973e-13	0.157663	-1.5297e-10	
6.52	0.154282	8.38551e-13	0.157155	-1.56137e-10	0.154282	8.38551e-13	0.157155	-1.56137e-10	
6.54	0.153805	7.87836e-13	0.15665	-1.58971e-10	0.153805	7.87836e-13	0.15665	-1.58971e-10	
6.56	0.153331	7.38772e-13	0.156148	-1.61487e-10	0.153331	7.38772e-13	0.156148	-1.61487e-10	
6.58	0.152859	6.91357e-13	0.15565	-1.63702e-10	0.152859	6.91357e-13	0.15565	-1.63702e-10	
6.6	0.15239	6.45509e-13	0.155155	-1.65631e-10	0.15239	6.45509e-13	0.155155	-1.65631e-10	
6.62	0.151925	6.01189e-13	0.154664	-1.67289e-10	0.151925	6.01189e-13	0.154664	-1.67289e-10	
6.64	0.151462	5.58336e-13	0.154175	-1.68689e-10	0.151462	5.58336e-13	0.154175	-1.68689e-10	
6.66	0.151002	5.1696e-13	0.15369	-1.69846e-10	0.151002	5.1696e-13	0.15369	-1.69846e-10	
6.68	0.150545	4.76952e-13	0.153207	-1.70772e-10	0.150545	4.76952e-13	0.153207	-1.70772e-10	
6.7	0.15009	4.38333e-13	0.152728	-1.7148e-10	0.15009	4.38333e-13	0.152728	-1.7148e-10	
6.72	0.149638	4.01034e-13	0.152252	-1.71982e-10	0.149638	4.01034e-13	0.152252	-1.71982e-10	
6.74	0.149189	3.65e-13	0.151779	-1.72289e-10	0.149189	3.65e-13	0.151779	-1.72289e-10	
6.76	0.148743	3.30234e-13	0.151309	-1.72412e-10	0.148743	3.30234e-13	0.151309	-1.72412e-10	
6.78	0.148299	2.96696e-13	0.150842	-1.72361e-10	0.148299	2.96696e-13	0.150842	-1.72361e-10	
6.8	0.147858	2.6432e-13	0.150378	-1.72148e-10	0.147858	2.6432e-13	0.150378	-1.72148e-10	
6.82	0.14742	2.33069e-13	0.149916	-1.7178e-10	0.14742	2.33069e-13	0.149916	-1.7178e-10	
6.84	0.146984	2.02952e-13	0.149458	-1.71268e-10	0.146984	2.02952e-13	0.149458	-1.71268e-10	
6.86	0.146551	1.73929e-13	0.149002	-1.70621e-10	0.146551	1.73929e-13	0.149002	-1.70621e-10	
6.88	0.146121	1.45929e-13	0.14855	-1.69846e-10	0.146121	1.45929e-13	0.14855	-1.69846e-10	
6.9	0.145693	1.18949e-13	0.1481	-1.68953e-10	0.145693	1.18949e-13	0.1481	-1.68953e-10	
6.92	0.145267	9.29419e-14	0.147653	-1.67948e-10	0.145267	9.29419e-14	0.147653	-1.67948e-10	
6.94	0.144844	6.7924e-14	0.147208	-1.66839e-10	0.144844	6.7924e-14	0.147208	-1.66839e-10	
6.96	0.144424	4.38074e-14	0.146767	-1.65633e-10	0.144424	4.38074e-14	0.146767	-1.65633e-10	
6.98	0.144005	2.06123e-14	0.146328	-1.64337e-10	0.144005	2.06123e-14	0.146328	-1.64337e-10	
7	0.14359	-1.71358e-15	0.145891	-1.62957e-10	0.14359	-1.71358e-15	0.145891	-1.62957e-10	
7.02	0.143176	-2.32054e-14	0.145458	-1.615e-10	0.143176	-2.32054e-14	0.145458	-1.615e-10	
7.04	0.142765	-4.38481e-14	0.145027	-1.5997e-10	0.142765	-4.38481e-14	0.145027	-1.5997e-10	
7.06	0.142357	-6.37155e-14	0.144598	-1.58375e-10	0.142357	-6.37155e-14	0.144598	-1.58375e-10	
7.08	0.141951	-8.27995e-14	0.144173	-1.56718e-10	0.141951	-8.27995e-14	0.144173	-1.56718e-10	
7.1	0.141547	-1.01139e-13	0.143749	-1.55006e-10	0.141547	-1.01139e-13	0.143749	-1.55006e-10	
7.12	0.141145	-1.18723e-13	0.143329	-1.53242e-10	0.141145	-1.18723e-13	0.143329	-1.53242e-10	
7.14	0.140746	-1.3563e-13	0.14291	-1.51432e-10	0.140746	-1.3563e-13	0.14291	-1.51432e-10	
7.16	0.140349	-1.5185e-13	0.142495	-1.4958e-10	0.140349	-1.5185e-13	0.142495	-1.4958e-10	
7.18	0.139954	-1.67401e-13	0.142081	-1.47689e-10	0.139954	-1.67401e-13	0.142081	-1.47689e-10	
7.2	0.139562	-1.82306e-13	0.141671	-1.45765e-10	0.139562	-1.82306e-13	0.141671	-1.45765e-10	
7.22	0.139171	-1.96578e-13	0.141262	-1.4381e-10	0.139171	-1.96578e-13	0.141262	-1.4381e-10	
7.24	0.138783	-2.10279e-13	0.140856	-1.41828e-10	0.138783	-2.10279e-13	0.140856	-1.41828e-10	
7.26	0.138397	-2.23364e-13	0.140453	-1.39822e-10	0.138397	-2.23364e-13	0.140453	-1.39822e-10	
7.28	0.138013	-2.3589e-13	0.140051	-1.37797e-10	0.138013	-2.3589e-13	0.140051	-1.37797e-10	
7.3	0.137632	-2.47859e-13	0.139652	-1.35754e-10	0.137632	-2.47859e-13	0.139652	-1.35754e-10	
7.32	0.137252	-2.59319e-13	0.139256	-1.33696e-10	0.137252	-2.59319e-13	0.139256	-1.33696e-10	
7.34	0.136874	-2.70248e-13	0.138861	-1.31627e-10	0.136874	-2.70248e-13	0.138861	-1.31627e-10	
7.36	0.136499	-2.80663e-13	0.138469	-1.29548e-10	0.136499	-2.80663e-13	0.138469	-1.29548e-10	
7.38	0.136126	-2.90616e-13	0.138079	-1.27463e-10	0.136126	-2.90616e-13	0.138079	-1.27463e-10	
7.4	0.135754	-3.001e-13	0.137692	-1.25373e-10	0.135754	-3.001e-13	0.137692	-1.25373e-10	
7.42	0.135385	-3.0912e-13	0.137306	-1.23281e-10	0.135385	-3.0912e-13	0.137306	-1.23281e-10	
7.44	0.135018	-3.17705e-13	0.136923	-1.21189e-10	0.135018	-3.17705e-13	0.136923	-1.21189e-10	
7.46	0.134653	-3.25858e-13	0.136542	-1.19098e-10	0.134653	-3.25858e-13	0.136542	-1.19098e-10	
7.48	0.134289	-3.33617e-13	0.136163	-1.1701e-10	0.134289	-3.33617e-13	0.136163	-1.1701e-10	
7.5	0.133928	-3.4097e-13	0.135786	-1.14928e-10	0.133928	-3.4097e-13	0.135786	-1.14928e-10	
7.52	0.133569	-3.47928e-13	0.135412	-1.12852e-10	0.133569	-3.47928e-13	0.135412	-1.12852e-10	
7.54	0.133211	-3.54512e-13	0.135039	-1.10784e-10	0.133211	-3.54512e-13	0.135039	-1.10784e-10	
7.56	0.132856	-3.60752e-13	0.134669	-1.08726e-10	0.132856	-3.60752e-13	0.134669	-1.08726e-10	
7.58	0.132502	-3.66629e-13	0.134301	-1.06678e-10	0.132502	-3.66629e-13	0.134301	-1.06678e-10	
7.6	0.13215	-3.7217e-13	0.133934	-1.04642e-10	0.13215	-3.7217e-13	0.133934	-1.04642e-10	
7.62	0.1318	-3.77398e-13	0.13357	-1.0262e-10	0.1318	-3.77398e-13	0.13357	-1.0262e-10	
7.64	0.131452	-3.82301e-13	0.133208	-1.00612e-10	0.131452	-3.82301e-13	0.133208	-1.00612e-10	
7.66	0.131106	-3.86896e-13	0.132847	-9.86191e-11	0.131106	-3.86896e-13	0.132847	-9.86191e-11	
7.68	0.130762	-3.91199e-13	0.132489	-9.66423e-11	0.130762	-3.91199e-13	0.132489	-9.66423e-11	
7.7	0.130419	-3.95216e-13	0.132133	-9.46824e-11	0.130419	-3.95216e-13	0.132133	-9.46824e-11	
7.72	0.130079	-3.98955e-13	0.131778	-9.27402e-11	0.130079	-3.98955e-13	0.131778	-9.27402e-11	
7.74	0.12974	-4.02439e-13	0.131426	-9.08165e-11	0.12974	-4.02439e-13	0.131426	-9.08165e-11	
7.76	0.129402	-4.05664e-13	0.131075	-8.8912e-11	0.129402	-4.05664e-13	0.131075	-8.8912e-11	
7.78	0.129067	-4.08636e-13	0.130727	-8.7027e-11	0.129067	-4.08636e-13	0.130727	-8.7027e-11	
7.8	0.128733	-4.11373e-13	0.13038	-8.51624e-11	0.128733	-4.11373e-13	0.13038	-8.51624e-11	
7.82	0.128401	-4.13879e-13	0.130035	-8.33186e-11	0.128401	-4.13879e-13	0.130035	-8.33186e-11	
7.84	0.128071	-4.16155e-13	0.129692	-8.14959e-11	0.128071	-4.16155e-13	0.129692	-8.14959e-11	
7.86	0.127743	-4.18214e-13	0.129351	-7.9695e-11	0.127743	-4.18214e-13	0.129351	-7.9695e-11	
7.88	0.127416	-4.20066e-13	0.129011	-7.7916e-11	0.127416	-4.20066e-13	0.129011	-7.7916e-11	
7.9	0.127091	-4.21718e-13	0.128673	-7.61594e-11	0.127091	-4.21718e-13	0.128673	-7.61594e-11	
7.92	0.126767	-4.23186e-13	0.128338	-7.44253e-11	0.126767	-4.23186e-13	0.128338	-7.44253e-11	
7.94	0.126445	-4.24458e-13	0.128004	-7.27142e-11	0.126445	-4.24458e-13	0.128004	-7.27142e-11	
7.96	0.126125	-4.25562e-13	0.127671	-7.10261e-11	0.126125	-4.25562e-13	0.127671	-7.10261e-11	
7.98	0.125806	-4.26482e-13	0.127341	-6.93613e-11	0.125806	-4.26482e-13	0.127341	-6.93613e-11	
8	0.125489	-4.27235e-13	0.127012	-6.77199e-11	0.125489	-4.27235e-13	0.127012	-6.77199e-11	
8.02	0.125174	-4.27833e-13	0.126685	-6.61021e-11	0.125174	-4.27833e-13	0.126685	-6.61021e-11	
8.04	0.12486	-4.28272e-13	0.12636	-6.45079e-11	0.12486	-4.28272e-13	0.12636	-6.45079e-11	
8.06	0.124548	-4.28573e-13	0.126036	-6.29374e-11	0.124548	-4.28573e-13	0.126036	-6.29374e-11	
8.08	0.124237	-4.28704e-13	0.125714	-6.13906e-11	0.124237	-4.28704e-13	0.125714	-6.13906e-11	
8.1	0.123928	-4.28716e-13	0.125394	-5.98677e-11	0.123928	-4.28716e-13	0.125394	-5.98677e-11	
8.12	0.12362	-4.28595e-13	0.125075	-5.83685e-11	0.12362	-4.28595e-13	0.125075	-5.83685e-11	
8.14	0.123314	-4.28337e-13	0.124758	-5.68931e-11	0.123314	-4.28337e-13	0.124758	-5.68931e-11	
8.16	0.12301	-4.27974e-13	0.124443	-5.54415e-11	0.12301	-4.27974e-13	0.124443	-5.54415e-11	
8.18	0.122707	-4.2748e-13	0.124129	-5.40134e-11	0.122707	-4.2748e-13	0.124129	-5.40134e-11	
8.2	0.122405	-4.2686e-13	0.123817	-5.2609e-11	0.122405	-4.2686e-13	0.123817	-5.2609e-11	
8.22	0.122105	-4.26147e-13	0.123506	-5.1228e-11	0.122105	-4.26147e-13	0.123506	-5.1228e-11	
8.24	0.121807	-4.25323e-13	0.123197	-4.98705e-11	0.121807	-4.25323e-13	0.123197	-4.98705e-11	
8.26	0.12151	-4.24411e-13	0.12289	-4.85362e-11	0.12151	-4.24411e-13	0.12289	-4.85362e-11	
8.28	0.121214	-4.23396e-13	0.122584	-4.7225e-11	0.121214	-4.23396e-13	0.122584	-4.7225e-11	
8.3	0.12092	-4.22288e-13	0.122279	-4.59369e-11	0.12092	-4.22288e-13	0.122279	-4.59369e-11	
8.32	0.120627	-4.21083e-13	0.121977	-4.46715e-11	0.120627	-4.21083e-13	0.121977	-4.46715e-11	
8.34	0.120336	-4.19803e-13	0.121675	-4.34288e-11	0.120336	-4.19803e-13	0.121675	-4.34288e-11	
8.36	0.120046	-4.18436e-13	0.121375	-4.22086e-11	0.120046	-4.18436e-13	0.121375	-4.22086e-11	
8.38	0.119757	-4.16992e-13	0.121077	-4.10108e-11	0.119757	-4.16992e-13	0.121077	-4.10108e-11	
8.4	0.11947	-4.15479e-13	0.12078	-3.9835e-11	0.11947	-4.15479e-13	0.12078	-3.9835e-11	
8.42	0.119184	-4.13887e-13	0.120485	-3.86811e-11	0.119184	-4.13887e-13	0.120485	-3.86811e-11	
8.44	0.1189	-4.12234e-13	0.120191	-3.75488e-11	0.1189	-4.12234e-13	0.120191	-3.75488e-11	
8.46	0.118617	-4.10519e-13	0.119899	-3.64381e-11	0.118617	-4.10519e-13	0.119899	-3.64381e-11	
8.48	0.118335	-4.08736e-13	0.119608	-3.53486e-11	0.118335	-4.08736e-13	0.119608	-3.53486e-11	
8.5	0.118054	-4.06886e-13	0.119318	-3.42802e-11	0.118054	-4.06886e-13	0.119318	-3.42802e-11	
8.52	0.117775	-4.04992e-13	0.11903	-3.32325e-11	0.117775	-4.04992e-13	0.11903	-3.32325e-11	
8.54	0.117498	-4.03045e-13	0.118743	-3.22054e-11	0.117498	-4.03045e-13	0.118743	-3.22054e-11	
8.56	0.117221	-4.01048e-13	0.118458	-3.11986e-11	0.117221	-4.01048e-13	0.118458	-3.11986e-11	
8.58	0.116946	-3.98991e-13	0.118174	-3.02119e-11	0.116946	-3.98991e-13	0.118174	-3.02119e-11	
8.6	0.116672	-3.96893e-13	0.117891	-2.9245e-11	0.116672	-3.96893e-13	0.117891	-2.9245e-11	
8.62	0.1164	-3.9476e-13	0.11761	-2.82976e-11	0.1164	-3.9476e-13	0.11761	-2.82976e-11	
8.64	0.116129	-3.92576e-13	0.11733	-2.73696e-11	0.116129	-3.92576e-13	0.11733	-2.73696e-11	
8.66	0.115859	-3.90364e-13	0.117052	-2.64606e-11	0.115859	-3.90364e-13	0.117052	-2.64606e-11	
8.68	0.11559	-3.88106e-13	0.116775	-2.55705e-11	0.11559	-3.88106e-13	0.116775	-2.55705e-11	
8.7	0.115322	-3.85808e-13	0.116499	-2.46989e-11	0.115322	-3.85808e-13	0.116499	-2.46989e-11	
8.72	0.115056	-3.83485e-13	0.116224	-2.38456e-11	0.115056	-3.83485e-13	0.116224	-2.38456e-11	
8.74	0.114791	-3.81122e-13	0.115951	-2.30103e-11	0.114791	-3.81122e-13	0.115951	-2.30103e-11	
8.76	0.114527	-3.78744e-13	0.115679	-2.21927e-11	0.114527	-3.78744e-13	0.115679	-2.21927e-11	
8.78	0.114265	-3.76336e-13	0.115409	-2.13927e-11	0.114265	-3.76336e-13	0.115409	-2.13927e-11	
8.8	0.114003	-3.73898e-13	0.115139	-2.061e-11	0.114003	-3.73898e-13	0.115139	-2.061e-11	
8.82	0.113743	-3.71434e-13	0.114871	-1.98442e-11	0.113743	-3.71434e-13	0.114871	-1.98442e-11	
8.84	0.113484	-3.68948e-13	0.114604	-1.90952e-11	0.113484	-3.68948e-13	0.114604	-1.90952e-11	
8.86	0.113226	-3.66449e-13	0.114339	-1.83626e-11	0.113226	-3.66449e-13	0.114339	-1.83626e-11	
8.88	0.11297	-3.63925e-13	0.114075	-1.76463e-11	0.11297	-3.63925e-13	0.114075	-1.76463e-11	
8.9	0.112714	-3.61389e-13	0.113812	-1.69458e-11	0.112714	-3.61389e-13	0.113812	-1.69458e-11	
8.92	0.11246	-3.58833e-13	0.11355	-1.62611e-11	0.11246	-3.58833e-13	0.11355	-1.62611e-11	
8.94	0.112207	-3.56257e-13	0.113289	-1.55919e-11	0.112207	-3.56257e-13	0.113289	-1.55919e-11	
8.96	0.111955	-3.53677e-13	0.11303	-1.49379e-11	0.111955	-3.53677e-13	0.11303	-1.49379e-11	
8.98	0.111704	-3.51079e-13	0.112771	-1.42987e-11	0.111704	-3.51079e-13	0.112771	-1.42987e-11	
9	0.111454	-3.4847e-13	0.112514	-1.36743e-11	0.111454	-3.4847e-13	0.112514	-1.36743e-11	
9.02	0.111205	-3.45861e-13	0.112259	-1.30643e-11	0.111205	-3.45861e-13	0.112259	-1.30643e-11	
9.04	0.110958	-3.43229e-13	0.112004	-1.24685e-11	0.110958	-3.43229e-13	0.112004	-1.24685e-11	
9.06	0.110711	-3.40597e-13	0.11175	-1.18867e-11	0.110711	-3.40597e-13	0.11175	-1.18867e-11	
9.08	0.110466	-3.37958e-13	0.111498	-1.13186e-11	0.110466	-3.37958e-13	0.111498	-1.13186e-11	
9.1	0.110222	-3.35319e-13	0.111247	-1.07639e-11	0.110222	-3.35319e-13	0.111247	-1.07639e-11	
9.12	0.109979	-3.32667e-13	0.110997	-1.02225e-11	0.109979	-3.32667e-13	0.110997	-1.02225e-11	
9.14	0.109736	-3.30009e-13	0.110748	-9.69403e-12	0.109736	-3.30009e-13	0.110748	-9.69403e-12	
9.16	0.109495	-3.27352e-13	0.1105	-9.17837e-12	0.109495	-3.27352e-13	0.1105	-9.17837e-12	
9.18	0.109255	-3.24701e-13	0.110253	-8.67522e-12	0.109255	-3.24701e-13	0.110253	-8.67522e-12	
9.2	0.109017	-3.22044e-13	0.110008	-8.18438e-12	0.109017	-3.22044e-13	0.110008	-8.18438e-12	
9.22	0.108779	-3.19378e-13	0.109763	-7.70561e-12	0.108779	-3.19378e-13	0.109763	-7.70561e-12	
9.24	0.108542	-3.16725e-13	0.10952	-7.23873e-12	0.108542	-3.16725e-13	0.10952	-7.23873e-12	
9.26	0.108306	-3.14078e-13	0.109278	-6.78343e-12	0.108306	-3.14078e-13	0.109278	-6.78343e-12	
9.28	0.108071	-3.11421e-13	0.109037	-6.33959e-12	0.108071	-3.11421e-13	0.109037	-6.33959e-12	
9.3	0.107837	-3.08769e-13	0.108797	-5.90693e-12	0.107837	-3.08769e-13	0.108797	-5.90693e-12	
9.32	0.107605	-3.06119e-13	0.108558	-5.48526e-12	0.107605	-3.06119e-13	0.108558	-5.48526e-12	
9.34	0.107373	-3.03482e-13	0.10832	-5.07436e-12	0.107373	-3.03482e-13	0.10832	-5.07436e-12	
9.36	0.107142	-3.00846e-13	0.108083	-4.67404e-12	0.107142	-3.00846e-13	0.108083	-4.67404e-12	
9.38	0.106912	-2.98215e-13	0.107847	-4.28408e-12	0.106912	-2.98215e-13	0.107847	-4.28408e-12	
9.4	0.106684	-2.95587e-13	0.107612	-3.9043e-12	0.106684	-2.95587e-13	0.107612	-3.9043e-12	
9.42	0.106456	-2.92975e-13	0.107378	-3.53447e-12	0.106456	-2.92975e-13	0.107378	-3.53447e-12	
9.44	0.106229	-2.90365e-13	0.107145	-3.17443e-12	0.106229	-2.90365e-13	0.107145	-3.17443e-12	
9.46	0.106003	-2.87761e-13	0.106914	-2.82392e-12	0.106003	-2.87761e-13	0.106914	-2.82392e-12	
9.48	0.105778	-2.85161e-13	0.106683	-2.48285e-12	0.105778	-2.85161e-13	0.106683	-2.48285e-12	
9.5	0.105554	-2.82573e-13	0.106453	-2.15097e-12	0.105554	-2.82573e-13	0.106453	-2.15097e-12	
9.52	0.105331	-2.8e-13	0.106224	-1.82809e-12	0.105331	-2.8e-13	0.106224	-1.82809e-12	
9.54	0.105109	-2.7743e-13	0.105997	-1.51405e-12	0.105109	-2.7743e-13	0.105997	-1.51405e-12	
9.56	0.104888	-2.74874e-13	0.10577	-1.20865e-12	0.104888	-2.74874e-13	0.10577	-1.20865e-12	
9.58	0.104668	-2.72325e-13	0.105544	-9.11737e-13	0.104668	-2.72325e-13	0.105544	-9.11737e-13	
9.6	0.104449	-2.69786e-13	0.105319	-6.23109e-13	0.104449	-2.69786e-13	0.105319	-6.23109e-13	
9.62	0.104231	-2.67262e-13	0.105095	-3.42643e-13	0.104231	-2.67262e-13	0.105095	-3.42643e-13	
9.64	0.104013	-2.64745e-13	0.104873	-7.01098e-14	0.104013	-2.64745e-13	0.104873	-7.01098e-14	
9.66	0.103797	-2.6224e-13	0.104651	1.94643e-13	0.103797	-2.6224e-13	0.104651	1.94643e-13	
9.68	0.103581	-2.59749e-13	0.10443	4.51712e-13	0.103581	-2.59749e-13	0.10443	4.51712e-13	
9.7	0.103366	-2.57275e-13	0.10421	7.01341e-13	0.103366	-2.57275e-13	0.10421	7.01341e-13	
9.72	0.103152	-2.5481e-13	0.10399	9.43628e-13	0.103152	-2.5481e-13	0.10399	9.43628e-13	
9.74	0.10294	-2.52359e-13	0.103772	1.17877e-12	0.10294	-2.52359e-13	0.103772	1.17877e-12	
9.76	0.102728	-2.49917e-13	0.103555	1.40691e-12	0.102728	-2.49917e-13	0.103555	1.40691e-12	
9.78	0.102516	-2.47488e-13	0.103339	1.62819e-12	0.102516	-2.47488e-13	0.103339	1.62819e-12	
9.8	0.102306	-2.4507e-13	0.103123	1.84275e-12	0.102306	-2.4507e-13	0.103123	1.84275e-12	
9.82	0.102097	-2.42675e-13	0.102909	2.05076e-12	0.102097	-2.42675e-13	0.102909	2.05076e-12	
9.84	0.101888	-2.40291e-13	0.102695	2.25234e-12	0.101888	-2.40291e-13	0.102695	2.25234e-12	
9.86	0.10168	-2.3792e-13	0.102482	2.44764e-12	0.10168	-2.3792e-13	0.102482	2.44764e-12	
9.88	0.101473	-2.35557e-13	0.102271	2.63678e-12	0.101473	-2.35557e-13	0.102271	2.63678e-12	
9.9	0.101267	-2.33216e-13	0.10206	2.81992e-12	0.101267	-2.33216e-13	0.10206	2.81992e-12	
9.92	0.101062	-2.30888e-13	0.10185	2.99719e-12	0.101062	-2.30888e-13	0.10185	2.99719e-12	
9.94	0.100858	-2.28575e-13	0.10164	3.1687e-12	0.100858	-2.28575e-13	0.10164	3.1687e-12	
9.96	0.100654	-2.26277e-13	0.101432	3.33458e-12	0.100654	-2.26277e-13	0.101432	3.33458e-12	
9.98	0.100451	-2.23997e-13	0.101225	3.495e-12	0.100451	-2.23997e-13	0.101225	3.495e-12	
