0.0785398163397	-0.00965485	-1.80917	0.0	0.0	0.0	0.0	-0.00935873	-0.960937	-0.00602235	-1.81142	0.0	0.0	0.0	0.0	-0.0039397	-0.960269	
0.235619449019	-0.0105233	-1.49057	0.0	0.0	0.0	0.0	-0.00897775	-0.878084	-0.0106408	-1.49311	0.0	0.0	0.0	0.0	-0.00499718	-0.878754	
0.392699081699	-0.00460625	-1.26002	0.0	0.0	0.0	0.0	-0.00898367	-0.807422	-0.00626253	-1.2652	0.0	0.0	0.0	0.0	-0.00637685	-0.80648	
0.549778714378	-0.00944577	-1.08738	0.0	0.0	0.0	0.0	-0.00724868	-0.743921	-0.00683884	-1.08056	0.0	0.0	0.0	0.0	-0.00567336	-0.744642	
0.706858347058	-0.0108979	-0.948365	0.0	0.0	0.0	0.0	-0.00652252	-0.687362	-0.00961589	-0.944878	0.0	0.0	0.0	0.0	-0.00657483	-0.689567	
0.863937979737	-0.00761389	-0.845898	0.0	0.0	0.0	0.0	-0.00458187	-0.638271	-0.00261952	-0.836181	0.0	0.0	0.0	0.0	-0.00529022	-0.639211	
1.02101761242	-0.00697729	-0.755584	0.0	0.0	0.0	0.0	-0.00580215	-0.593863	-0.00521342	-0.756103	0.0	0.0	0.0	0.0	-0.00524379	-0.59574	
1.1780972451	-0.00739852	-0.683983	0.0	0.0	0.0	0.0	-0.00730214	-0.55388	-0.00263238	-0.684137	0.0	0.0	0.0	0.0	-0.00436329	-0.556946	
1.33517687778	-0.0037436	-0.624066	0.0	0.0	0.0	0.0	-0.00692625	-0.518481	-0.00519691	-0.61844	0.0	0.0	0.0	0.0	-0.00281721	-0.520886	
1.49225651046	-0.00685589	-0.566874	0.0	0.0	0.0	0.0	-0.00483854	-0.48672	-0.00395717	-0.571279	0.0	0.0	0.0	0.0	-0.00210994	-0.489856	
1.64933614313	-0.00143269	-0.523244	0.0	0.0	0.0	0.0	-0.00339254	-0.458607	-0.003128	-0.528938	0.0	0.0	0.0	0.0	-0.00269609	-0.461532	
1.80641577581	-0.00305931	-0.482185	0.0	0.0	0.0	0.0	-0.00374009	-0.431866	-0.00443594	-0.493476	0.0	0.0	0.0	0.0	-0.00237917	-0.433845	
1.96349540849	-0.00442308	-0.461272	0.0	0.0	0.0	0.0	-0.00412296	-0.40804	0.000114784	-0.465304	0.0	0.0	0.0	0.0	-0.00372544	-0.410273	
2.12057504117	-0.0065707	-0.42962	0.0	0.0	0.0	0.0	-0.00330267	-0.385199	0.000596484	-0.432256	0.0	0.0	0.0	0.0	-0.00283045	-0.387299	
2.27765467385	-0.00739368	-0.401803	0.0	0.0	0.0	0.0	-0.00376044	-0.366717	0.00456596	-0.407665	0.0	0.0	0.0	0.0	-0.00322473	-0.36897	
2.43473430653	-0.00291297	-0.377243	0.0	0.0	0.0	0.0	-0.00335213	-0.350118	0.00291224	-0.385289	0.0	0.0	0.0	0.0	-0.00371286	-0.351673	
2.59181393921	0.00260296	-0.355177	0.0	0.0	0.0	0.0	-0.00247602	-0.334067	-0.000929043	-0.362896	0.0	0.0	0.0	0.0	-0.00378916	-0.334514	
2.74889357189	0.00555842	-0.336054	0.0	0.0	0.0	0.0	-0.00206199	-0.318706	-0.00285462	-0.341942	0.0	0.0	0.0	0.0	-0.00357984	-0.318395	
2.90597320457	0.00551291	-0.319868	0.0	0.0	0.0	0.0	-0.00234683	-0.304443	-0.00241884	-0.323651	0.0	0.0	0.0	0.0	-0.00324575	-0.303982	
3.06305283725	0.00363162	-0.306016	0.0	0.0	0.0	0.0	-0.00307334	-0.291453	-0.000920775	-0.308108	0.0	0.0	0.0	0.0	-0.00287065	-0.291307	
3.22013246993	0.00119742	-0.293755	0.0	0.0	0.0	0.0	-0.00389479	-0.279683	0.000444706	-0.294755	0.0	0.0	0.0	0.0	-0.0024998	-0.280055	
3.37721210261	-0.000963388	-0.282505	0.0	0.0	0.0	0.0	-0.00457211	-0.268971	0.00113994	-0.282933	0.0	0.0	0.0	0.0	-0.00216601	-0.269856	
3.53429173529	-0.00249714	-0.271926	0.0	0.0	0.0	0.0	-0.00500175	-0.259143	0.00114627	-0.272133	0.0	0.0	0.0	0.0	-0.00189327	-0.260415	
3.69137136797	-0.0033603	-0.261863	0.0	0.0	0.0	0.0	-0.00517656	-0.250045	0.000686217	-0.26204	0.0	0.0	0.0	0.0	-0.00169442	-0.251541	
3.84845100065	-0.00366089	-0.252273	0.0	0.0	0.0	0.0	-0.0051392	-0.24156	2.30586e-05	-0.252492	0.0	0.0	0.0	0.0	-0.0015709	-0.243127	
4.00553063333	-0.00355382	-0.243161	0.0	0.0	0.0	0.0	-0.00494868	-0.233604	-0.000635371	-0.243419	0.0	0.0	0.0	0.0	-0.00151529	-0.235119	
4.16261026601	-0.00318646	-0.234544	0.0	0.0	0.0	0.0	-0.00466163	-0.226112	-0.00116197	-0.234801	0.0	0.0	0.0	0.0	-0.00151484	-0.227493	
4.31968989869	-0.00267695	-0.226432	0.0	0.0	0.0	0.0	-0.00432432	-0.219039	-0.00150075	-0.226634	0.0	0.0	0.0	0.0	-0.00155485	-0.220235	
4.47676953137	-0.00211045	-0.218823	0.0	0.0	0.0	0.0	-0.00397075	-0.212349	-0.00164587	-0.218915	0.0	0.0	0.0	0.0	-0.00162101	-0.213339	
4.63384916404	-0.00154318	-0.211701	0.0	0.0	0.0	0.0	-0.00362388	-0.206013	-0.001621	-0.21164	0.0	0.0	0.0	0.0	-0.00170084	-0.206793	
4.79092879672	-0.00100903	-0.205042	0.0	0.0	0.0	0.0	-0.00329778	-0.200005	-0.00146343	-0.204796	0.0	0.0	0.0	0.0	-0.00178432	-0.200587	
4.9480084294	-0.00052593	-0.198815	0.0	0.0	0.0	0.0	-0.00300005	-0.194304	-0.00121353	-0.198363	0.0	0.0	0.0	0.0	-0.00186398	-0.194707	
5.10508806208	-0.000101174	-0.192987	0.0	0.0	0.0	0.0	-0.00273375	-0.18889	-0.000908583	-0.19232	0.0	0.0	0.0	0.0	-0.00193466	-0.189136	
5.26216769476	0.000264602	-0.187524	0.0	0.0	0.0	0.0	-0.00249903	-0.183745	-0.000579907	-0.186641	0.0	0.0	0.0	0.0	-0.00199317	-0.183857	
5.41924732744	0.000574618	-0.182391	0.0	0.0	0.0	0.0	-0.0022943	-0.178852	-0.000251878	-0.181299	0.0	0.0	0.0	0.0	-0.00203784	-0.178852	
5.57632696012	0.00083407	-0.177559	0.0	0.0	0.0	0.0	-0.00211699	-0.174194	5.77954e-05	-0.17627	0.0	0.0	0.0	0.0	-0.00206817	-0.174105	
5.7334065928	0.00104893	-0.172998	0.0	0.0	0.0	0.0	-0.00196411	-0.169758	0.000337232	-0.171529	0.0	0.0	0.0	0.0	-0.00208448	-0.169598	
5.89048622548	0.00122523	-0.168684	0.0	0.0	0.0	0.0	-0.0018326	-0.165529	0.000579324	-0.167051	0.0	0.0	0.0	0.0	-0.00208764	-0.165315	
6.04756585816	0.00136863	-0.164594	0.0	0.0	0.0	0.0	-0.00171953	-0.161493	0.000780669	-0.162815	0.0	0.0	0.0	0.0	-0.00207885	-0.16124	
6.20464549084	0.00148425	-0.160707	0.0	0.0	0.0	0.0	-0.0016222	-0.157641	0.000940618	-0.158801	0.0	0.0	0.0	0.0	-0.00205948	-0.157359	
6.36172512352	0.00157658	-0.157006	0.0	0.0	0.0	0.0	-0.0015382	-0.153959	0.00106046	-0.154992	0.0	0.0	0.0	0.0	-0.00203097	-0.15366	
6.5188047562	0.00164948	-0.153475	0.0	0.0	0.0	0.0	-0.00146541	-0.150438	0.00114278	-0.15137	0.0	0.0	0.0	0.0	-0.00199474	-0.150129	
6.67588438888	0.00170622	-0.1501	0.0	0.0	0.0	0.0	-0.00140202	-0.147068	0.00119093	-0.147921	0.0	0.0	0.0	0.0	-0.00195214	-0.146756	
6.83296402156	0.00174956	-0.14687	0.0	0.0	0.0	0.0	-0.00134647	-0.14384	0.00120868	-0.144632	0.0	0.0	0.0	0.0	-0.00190441	-0.143529	
6.99004365424	0.0017818	-0.143773	0.0	0.0	0.0	0.0	-0.00129747	-0.140746	0.00119994	-0.14149	0.0	0.0	0.0	0.0	-0.00185267	-0.140441	
7.14712328692	0.00180483	-0.140801	0.0	0.0	0.0	0.0	-0.0012539	-0.137777	0.00116854	-0.138486	0.0	0.0	0.0	0.0	-0.00179793	-0.137481	
7.3042029196	0.00182024	-0.137945	0.0	0.0	0.0	0.0	-0.00121485	-0.134928	0.00111814	-0.135609	0.0	0.0	0.0	0.0	-0.00174107	-0.134643	
7.46128255228	0.00182932	-0.135198	0.0	0.0	0.0	0.0	-0.00117956	-0.13219	0.00105212	-0.132851	0.0	0.0	0.0	0.0	-0.00168283	-0.131918	
7.61836218496	0.00183316	-0.132553	0.0	0.0	0.0	0.0	-0.00114741	-0.129558	0.000973571	-0.130205	0.0	0.0	0.0	0.0	-0.00162386	-0.129299	
7.77544181763	0.00183264	-0.130004	0.0	0.0	0.0	0.0	-0.00111786	-0.127026	0.000885237	-0.127661	0.0	0.0	0.0	0.0	-0.0015647	-0.126782	
7.93252145031	0.00182849	-0.127546	0.0	0.0	0.0	0.0	-0.0010905	-0.124589	0.000789554	-0.125216	0.0	0.0	0.0	0.0	-0.00150581	-0.124359	
8.08960108299	0.00182132	-0.125173	0.0	0.0	0.0	0.0	-0.00106497	-0.122241	0.00068864	-0.122862	0.0	0.0	0.0	0.0	-0.00144757	-0.122026	
8.24668071567	0.00181163	-0.122882	0.0	0.0	0.0	0.0	-0.00104098	-0.119978	0.000584318	-0.120594	0.0	0.0	0.0	0.0	-0.00139027	-0.119777	
8.40376034835	0.00179984	-0.120667	0.0	0.0	0.0	0.0	-0.00101831	-0.117795	0.000478145	-0.118408	0.0	0.0	0.0	0.0	-0.00133415	-0.117609	
8.56083998103	0.0017863	-0.118526	0.0	0.0	0.0	0.0	-0.00099676	-0.115689	0.000371429	-0.116298	0.0	0.0	0.0	0.0	-0.00127942	-0.115516	
8.71791961371	0.0017713	-0.116455	0.0	0.0	0.0	0.0	-0.000976173	-0.113655	0.000265264	-0.114262	0.0	0.0	0.0	0.0	-0.0012262	-0.113495	
8.87499924639	0.00175509	-0.11445	0.0	0.0	0.0	0.0	-0.000956421	-0.11169	0.000160546	-0.112294	0.0	0.0	0.0	0.0	-0.0011746	-0.111543	
9.03207887907	0.00173787	-0.112509	0.0	0.0	0.0	0.0	-0.000937402	-0.109791	5.8007e-05	-0.110391	0.0	0.0	0.0	0.0	-0.00112471	-0.109656	
9.18915851175	0.00171982	-0.110629	0.0	0.0	0.0	0.0	-0.000919031	-0.107954	-4.17733e-05	-0.108551	0.0	0.0	0.0	0.0	-0.00107656	-0.10783	
9.34623814443	0.00170109	-0.108806	0.0	0.0	0.0	0.0	-0.00090124	-0.106176	-0.00013834	-0.10677	0.0	0.0	0.0	0.0	-0.00103018	-0.106063	
9.50331777711	0.0016818	-0.107039	0.0	0.0	0.0	0.0	-0.00088397	-0.104455	-0.000231347	-0.105045	0.0	0.0	0.0	0.0	-0.000985579	-0.104353	
9.66039740979	0.00166208	-0.105324	0.0	0.0	0.0	0.0	-0.000867178	-0.102788	-0.000320544	-0.103373	0.0	0.0	0.0	0.0	-0.000942745	-0.102695	
9.81747704247	0.001642	-0.103661	0.0	0.0	0.0	0.0	-0.000850826	-0.101173	-0.000405754	-0.101753	0.0	0.0	0.0	0.0	-0.000901658	-0.101089	
9.97455667515	0.00162166	-0.102046	0.0	0.0	0.0	0.0	-0.000834882	-0.099607	-0.000486871	-0.100182	0.0	0.0	0.0	0.0	-0.000862287	-0.0995311	
10.1316363078	0.00160113	-0.100478	0.0	0.0	0.0	0.0	-0.000819321	-0.098088	-0.000563841	-0.0986574	0.0	0.0	0.0	0.0	-0.000824594	-0.0980199	
10.2887159405	0.00158045	-0.0989552	0.0	0.0	0.0	0.0	-0.000804123	-0.096614	-0.000636657	-0.0971775	0.0	0.0	0.0	0.0	-0.000788535	-0.0965531	
10.4457955732	0.0015597	-0.0974752	0.0	0.0	0.0	0.0	-0.00078927	-0.0951831	-0.000705347	-0.0957403	0.0	0.0	0.0	0.0	-0.000754062	-0.095129	
10.6028752059	0.00153891	-0.0960366	0.0	0.0	0.0	0.0	-0.000774748	-0.0937935	-0.000769971	-0.094344	0.0	0.0	0.0	0.0	-0.000721123	-0.0937456	
10.7599548385	0.00151813	-0.0946378	0.0	0.0	0.0	0.0	-0.000760543	-0.0924433	-0.000830613	-0.0929869	0.0	0.0	0.0	0.0	-0.000689664	-0.0924013	
10.9170344712	0.00149739	-0.0932773	0.0	0.0	0.0	0.0	-0.000746646	-0.0911311	-0.000887375	-0.0916675	0.0	0.0	0.0	0.0	-0.00065963	-0.0910944	
11.0741141039	0.00147673	-0.0919535	0.0	0.0	0.0	0.0	-0.000733047	-0.0898551	-0.000940373	-0.0903842	0.0	0.0	0.0	0.0	-0.000630967	-0.0898234	
11.2311937366	0.00145617	-0.0906652	0.0	0.0	0.0	0.0	-0.000719737	-0.088614	-0.000989735	-0.0891355	0.0	0.0	0.0	0.0	-0.000603619	-0.0885869	
11.3882733693	0.00143573	-0.0894109	0.0	0.0	0.0	0.0	-0.00070671	-0.0874064	-0.0010356	-0.0879201	0.0	0.0	0.0	0.0	-0.00057753	-0.0873836	
11.5453530019	0.00141545	-0.0881895	0.0	0.0	0.0	0.0	-0.00069396	-0.086231	-0.0010781	-0.0867368	0.0	0.0	0.0	0.0	-0.000552648	-0.086212	
11.7024326346	0.00139532	-0.0869997	0.0	0.0	0.0	0.0	-0.000681479	-0.0850864	-0.00111738	-0.0855842	0.0	0.0	0.0	0.0	-0.000528918	-0.0850711	
11.8595122673	0.00137538	-0.0858403	0.0	0.0	0.0	0.0	-0.000669262	-0.0839715	-0.00115359	-0.0844613	0.0	0.0	0.0	0.0	-0.000506289	-0.0839595	
12.0165919	0.00135564	-0.0847104	0.0	0.0	0.0	0.0	-0.000657304	-0.0828853	-0.00118687	-0.0833669	0.0	0.0	0.0	0.0	-0.000484711	-0.0828763	
12.1736715327	0.0013361	-0.0836088	0.0	0.0	0.0	0.0	-0.0006456	-0.0818265	-0.00121737	-0.0823	0.0	0.0	0.0	0.0	-0.000464135	-0.0818204	
12.3307511653	0.00131679	-0.0825345	0.0	0.0	0.0	0.0	-0.000634145	-0.0807942	-0.00124522	-0.0812595	0.0	0.0	0.0	0.0	-0.000444514	-0.0807907	
12.487830798	0.0012977	-0.0814866	0.0	0.0	0.0	0.0	-0.000622933	-0.0797874	-0.00127056	-0.0802445	0.0	0.0	0.0	0.0	-0.000425804	-0.0797863	
12.6449104307	0.00127884	-0.0804642	0.0	0.0	0.0	0.0	-0.000611961	-0.0788052	-0.00129352	-0.0792542	0.0	0.0	0.0	0.0	-0.00040796	-0.0788062	
12.8019900634	0.00126023	-0.0794664	0.0	0.0	0.0	0.0	-0.000601223	-0.0778468	-0.00131424	-0.0782876	0.0	0.0	0.0	0.0	-0.000390942	-0.0778498	
12.9590696961	0.00124186	-0.0784923	0.0	0.0	0.0	0.0	-0.000590715	-0.0769112	-0.00133284	-0.0773439	0.0	0.0	0.0	0.0	-0.000374709	-0.076916	
13.1161493287	0.00122375	-0.0775412	0.0	0.0	0.0	0.0	-0.000580433	-0.0759976	-0.00134944	-0.0764223	0.0	0.0	0.0	0.0	-0.000359223	-0.0760041	
13.2732289614	0.00120589	-0.0766123	0.0	0.0	0.0	0.0	-0.000570371	-0.0751054	-0.00136416	-0.0755221	0.0	0.0	0.0	0.0	-0.000344448	-0.0751133	
13.4303085941	0.00118829	-0.0757048	0.0	0.0	0.0	0.0	-0.000560526	-0.0742337	-0.0013771	-0.0746425	0.0	0.0	0.0	0.0	-0.00033035	-0.074243	
13.5873882268	0.00117095	-0.0748181	0.0	0.0	0.0	0.0	-0.000550893	-0.0733819	-0.00138837	-0.0737829	0.0	0.0	0.0	0.0	-0.000316894	-0.0733925	
13.7444678595	0.00115386	-0.0739514	0.0	0.0	0.0	0.0	-0.000541468	-0.0725493	-0.00139808	-0.0729426	0.0	0.0	0.0	0.0	-0.00030405	-0.072561	
13.9015474921	0.00113704	-0.0731042	0.0	0.0	0.0	0.0	-0.000532247	-0.0717353	-0.00140631	-0.072121	0.0	0.0	0.0	0.0	-0.000291788	-0.071748	
14.0586271248	0.00112048	-0.0722758	0.0	0.0	0.0	0.0	-0.000523224	-0.0709392	-0.00141317	-0.0713174	0.0	0.0	0.0	0.0	-0.000280079	-0.0709529	
14.2157067575	0.00110419	-0.0714656	0.0	0.0	0.0	0.0	-0.000514396	-0.0701606	-0.00141873	-0.0705313	0.0	0.0	0.0	0.0	-0.000268896	-0.0701751	
14.3727863902	0.00108815	-0.070673	0.0	0.0	0.0	0.0	-0.000505759	-0.0693987	-0.00142308	-0.0697622	0.0	0.0	0.0	0.0	-0.000258214	-0.0694139	
14.5298660229	0.00107237	-0.0698974	0.0	0.0	0.0	0.0	-0.000497309	-0.0686531	-0.0014263	-0.0690094	0.0	0.0	0.0	0.0	-0.000248007	-0.068669	
14.6869456555	0.00105685	-0.0691385	0.0	0.0	0.0	0.0	-0.000489041	-0.0679233	-0.00142847	-0.0682726	0.0	0.0	0.0	0.0	-0.000238253	-0.0679398	
14.8440252882	0.00104158	-0.0683956	0.0	0.0	0.0	0.0	-0.000480951	-0.0672088	-0.00142964	-0.0675511	0.0	0.0	0.0	0.0	-0.00022893	-0.0672258	
15.0011049209	0.00102657	-0.0676682	0.0	0.0	0.0	0.0	-0.000473035	-0.066509	-0.00142989	-0.0668445	0.0	0.0	0.0	0.0	-0.000220016	-0.0665265	
15.1581845536	0.00101181	-0.0669559	0.0	0.0	0.0	0.0	-0.00046529	-0.0658237	-0.00142929	-0.0661525	0.0	0.0	0.0	0.0	-0.000211492	-0.0658415	
15.3152641863	0.000997302	-0.0662582	0.0	0.0	0.0	0.0	-0.000457712	-0.0651522	-0.00142788	-0.0654744	0.0	0.0	0.0	0.0	-0.00020334	-0.0651704	
15.4723438189	0.000983038	-0.0655748	0.0	0.0	0.0	0.0	-0.000450296	-0.0644942	-0.00142573	-0.0648101	0.0	0.0	0.0	0.0	-0.00019554	-0.0645128	
15.6294234516	0.000969017	-0.0649051	0.0	0.0	0.0	0.0	-0.000443039	-0.0638494	-0.00142289	-0.0641589	0.0	0.0	0.0	0.0	-0.000188076	-0.0638682	
15.7865030843	0.000955238	-0.0642488	0.0	0.0	0.0	0.0	-0.000435937	-0.0632172	-0.0014194	-0.0635205	0.0	0.0	0.0	0.0	-0.000180933	-0.0632363	
15.943582717	0.000941696	-0.0636055	0.0	0.0	0.0	0.0	-0.000428986	-0.0625974	-0.00141532	-0.0628947	0.0	0.0	0.0	0.0	-0.000174094	-0.0626167	
16.1006623496	0.000928388	-0.0629748	0.0	0.0	0.0	0.0	-0.000422184	-0.0619896	-0.00141069	-0.0622809	0.0	0.0	0.0	0.0	-0.000167546	-0.062009	
16.2577419823	0.000915312	-0.0623564	0.0	0.0	0.0	0.0	-0.000415526	-0.0613935	-0.00140555	-0.0616789	0.0	0.0	0.0	0.0	-0.000161274	-0.0614129	
16.414821615	0.000902463	-0.0617498	0.0	0.0	0.0	0.0	-0.000409009	-0.0608086	-0.00139993	-0.0610884	0.0	0.0	0.0	0.0	-0.000155266	-0.0608282	
16.5719012477	0.000889839	-0.0611549	0.0	0.0	0.0	0.0	-0.00040263	-0.0602348	-0.00139388	-0.060509	0.0	0.0	0.0	0.0	-0.000149508	-0.0602544	
16.7289808804	0.000877435	-0.0605712	0.0	0.0	0.0	0.0	-0.000396385	-0.0596716	-0.00138743	-0.0599403	0.0	0.0	0.0	0.0	-0.00014399	-0.0596912	
16.886060513	0.00086525	-0.0599985	0.0	0.0	0.0	0.0	-0.000390272	-0.0591189	-0.00138061	-0.0593822	0.0	0.0	0.0	0.0	-0.000138701	-0.0591385	
17.0431401457	0.000853278	-0.0594364	0.0	0.0	0.0	0.0	-0.000384286	-0.0585762	-0.00137345	-0.0588344	0.0	0.0	0.0	0.0	-0.000133629	-0.0585958	
17.2002197784	0.000841517	-0.0588846	0.0	0.0	0.0	0.0	-0.000378425	-0.0580434	-0.00136599	-0.0582964	0.0	0.0	0.0	0.0	-0.000128764	-0.058063	
17.3572994111	0.000829962	-0.058343	0.0	0.0	0.0	0.0	-0.000372687	-0.0575202	-0.00135824	-0.0577682	0.0	0.0	0.0	0.0	-0.000124098	-0.0575397	
17.5143790438	0.000818611	-0.0578111	0.0	0.0	0.0	0.0	-0.000367067	-0.0570062	-0.00135023	-0.0572494	0.0	0.0	0.0	0.0	-0.00011962	-0.0570257	
17.6714586764	0.00080746	-0.0572888	0.0	0.0	0.0	0.0	-0.000361563	-0.0565014	-0.00134198	-0.0567398	0.0	0.0	0.0	0.0	-0.000115323	-0.0565208	
17.8285383091	0.000796506	-0.0567758	0.0	0.0	0.0	0.0	-0.000356173	-0.0560054	-0.00133353	-0.0562391	0.0	0.0	0.0	0.0	-0.000111198	-0.0560247	
17.9856179418	0.000785744	-0.0562719	0.0	0.0	0.0	0.0	-0.000350893	-0.055518	-0.00132488	-0.0557471	0.0	0.0	0.0	0.0	-0.000107238	-0.0555372	
18.1426975745	0.000775172	-0.0557767	0.0	0.0	0.0	0.0	-0.000345721	-0.055039	-0.00131606	-0.0552636	0.0	0.0	0.0	0.0	-0.000103434	-0.0550581	
18.2997772072	0.000764785	-0.0552902	0.0	0.0	0.0	0.0	-0.000340655	-0.0545682	-0.00130708	-0.0547884	0.0	0.0	0.0	0.0	-9.97811e-05	-0.0545872	
18.4568568398	0.000754582	-0.0548121	0.0	0.0	0.0	0.0	-0.000335691	-0.0541053	-0.00129797	-0.0543213	0.0	0.0	0.0	0.0	-9.6271e-05	-0.0541242	
18.6139364725	0.000744557	-0.0543421	0.0	0.0	0.0	0.0	-0.000330827	-0.0536502	-0.00128874	-0.053862	0.0	0.0	0.0	0.0	-9.2898e-05	-0.0536689	
18.7710161052	0.000734708	-0.05388	0.0	0.0	0.0	0.0	-0.000326062	-0.0532027	-0.0012794	-0.0534104	0.0	0.0	0.0	0.0	-8.96559e-05	-0.0532212	
18.9280957379	0.000725032	-0.0534258	0.0	0.0	0.0	0.0	-0.000321391	-0.0527625	-0.00126996	-0.0529662	0.0	0.0	0.0	0.0	-8.65391e-05	-0.0527809	
19.0851753706	0.000715525	-0.0529791	0.0	0.0	0.0	0.0	-0.000316814	-0.0523296	-0.00126045	-0.0525294	0.0	0.0	0.0	0.0	-8.35421e-05	-0.0523478	
19.2422550032	0.000706184	-0.0525398	0.0	0.0	0.0	0.0	-0.000312328	-0.0519037	-0.00125087	-0.0520997	0.0	0.0	0.0	0.0	-8.06596e-05	-0.0519218	
19.3993346359	0.000697006	-0.0521077	0.0	0.0	0.0	0.0	-0.000307931	-0.0514846	-0.00124123	-0.0516769	0.0	0.0	0.0	0.0	-7.78868e-05	-0.0515026	
19.5564142686	0.000687988	-0.0516826	0.0	0.0	0.0	0.0	-0.00030362	-0.0510723	-0.00123155	-0.0512609	0.0	0.0	0.0	0.0	-7.52189e-05	-0.05109	
19.7134939013	0.000679126	-0.0512644	0.0	0.0	0.0	0.0	-0.000299394	-0.0506665	-0.00122183	-0.0508515	0.0	0.0	0.0	0.0	-7.26514e-05	-0.0506841	
19.870573534	0.000670418	-0.0508529	0.0	0.0	0.0	0.0	-0.00029525	-0.0502671	-0.00121209	-0.0504486	0.0	0.0	0.0	0.0	-7.01801e-05	-0.0502845	
20.0276531666	0.00066186	-0.0504479	0.0	0.0	0.0	0.0	-0.000291187	-0.0498739	-0.00120233	-0.050052	0.0	0.0	0.0	0.0	-6.78009e-05	-0.0498911	
20.1847327993	0.00065345	-0.0500493	0.0	0.0	0.0	0.0	-0.000287203	-0.0494868	-0.00119255	-0.0496616	0.0	0.0	0.0	0.0	-6.55099e-05	-0.0495038	
20.341812432	0.000645185	-0.049657	0.0	0.0	0.0	0.0	-0.000283295	-0.0491056	-0.00118278	-0.0492772	0.0	0.0	0.0	0.0	-6.33035e-05	-0.0491225	
20.4988920647	0.000637062	-0.0492708	0.0	0.0	0.0	0.0	-0.000279462	-0.0487303	-0.00117301	-0.0488987	0.0	0.0	0.0	0.0	-6.1178e-05	-0.048747	
20.6559716974	0.000629077	-0.0488905	0.0	0.0	0.0	0.0	-0.000275703	-0.0483606	-0.00116325	-0.0485259	0.0	0.0	0.0	0.0	-5.91302e-05	-0.0483771	
20.81305133	0.00062123	-0.048516	0.0	0.0	0.0	0.0	-0.000272015	-0.0479965	-0.00115351	-0.0481588	0.0	0.0	0.0	0.0	-5.71568e-05	-0.0480128	
20.9701309627	0.000613516	-0.0481472	0.0	0.0	0.0	0.0	-0.000268397	-0.0476379	-0.00114379	-0.0477972	0.0	0.0	0.0	0.0	-5.52549e-05	-0.047654	
21.1272105954	0.000605933	-0.047784	0.0	0.0	0.0	0.0	-0.000264846	-0.0472845	-0.0011341	-0.0474409	0.0	0.0	0.0	0.0	-5.34213e-05	-0.0473004	
21.2842902281	0.000598478	-0.0474262	0.0	0.0	0.0	0.0	-0.000261363	-0.0469364	-0.00112444	-0.0470899	0.0	0.0	0.0	0.0	-5.16535e-05	-0.0469521	
21.4413698608	0.000591149	-0.0470737	0.0	0.0	0.0	0.0	-0.000257944	-0.0465933	-0.00111482	-0.046744	0.0	0.0	0.0	0.0	-4.99487e-05	-0.0466088	
21.5984494934	0.000583944	-0.0467264	0.0	0.0	0.0	0.0	-0.00025459	-0.0462552	-0.00110523	-0.0464032	0.0	0.0	0.0	0.0	-4.83044e-05	-0.0462705	
21.7555291261	0.00057686	-0.0463843	0.0	0.0	0.0	0.0	-0.000251297	-0.045922	-0.0010957	-0.0460673	0.0	0.0	0.0	0.0	-4.67181e-05	-0.0459371	
21.9126087588	0.000569894	-0.046047	0.0	0.0	0.0	0.0	-0.000248064	-0.0455935	-0.00108621	-0.0457362	0.0	0.0	0.0	0.0	-4.51876e-05	-0.0456084	
22.0696883915	0.000563044	-0.0457147	0.0	0.0	0.0	0.0	-0.000244891	-0.0452696	-0.00107677	-0.0454099	0.0	0.0	0.0	0.0	-4.37107e-05	-0.0452844	
22.2267680241	0.000556309	-0.0453871	0.0	0.0	0.0	0.0	-0.000241776	-0.0449504	-0.00106739	-0.0450881	0.0	0.0	0.0	0.0	-4.22852e-05	-0.044965	
22.3838476568	0.000549685	-0.0450642	0.0	0.0	0.0	0.0	-0.000238717	-0.0446356	-0.00105806	-0.0447709	0.0	0.0	0.0	0.0	-4.0909e-05	-0.04465	
22.5409272895	0.00054317	-0.0447458	0.0	0.0	0.0	0.0	-0.000235714	-0.0443252	-0.0010488	-0.0444581	0.0	0.0	0.0	0.0	-3.95804e-05	-0.0443394	
22.6980069222	0.000536763	-0.044432	0.0	0.0	0.0	0.0	-0.000232765	-0.044019	-0.00103959	-0.0441496	0.0	0.0	0.0	0.0	-3.82974e-05	-0.0440331	
22.8550865549	0.000530461	-0.0441225	0.0	0.0	0.0	0.0	-0.000229868	-0.0437171	-0.00103045	-0.0438454	0.0	0.0	0.0	0.0	-3.70583e-05	-0.043731	
23.0121661875	0.000524262	-0.0438172	0.0	0.0	0.0	0.0	-0.000227023	-0.0434192	-0.00102138	-0.0435453	0.0	0.0	0.0	0.0	-3.58614e-05	-0.0434329	
23.1692458202	0.000518164	-0.0435162	0.0	0.0	0.0	0.0	-0.000224228	-0.0431254	-0.00101237	-0.0432493	0.0	0.0	0.0	0.0	-3.4705e-05	-0.0431389	
23.3263254529	0.000512165	-0.0432193	0.0	0.0	0.0	0.0	-0.000221483	-0.0428355	-0.00100343	-0.0429573	0.0	0.0	0.0	0.0	-3.35876e-05	-0.0428489	
23.4834050856	0.000506263	-0.0429264	0.0	0.0	0.0	0.0	-0.000218786	-0.0425495	-0.00099456	-0.0426692	0.0	0.0	0.0	0.0	-3.25078e-05	-0.0425627	
23.6404847183	0.000500456	-0.0426375	0.0	0.0	0.0	0.0	-0.000216136	-0.0422673	-0.000985762	-0.042385	0.0	0.0	0.0	0.0	-3.14641e-05	-0.0422803	
23.7975643509	0.000494743	-0.0423524	0.0	0.0	0.0	0.0	-0.000213532	-0.0419888	-0.000977036	-0.0421045	0.0	0.0	0.0	0.0	-3.04551e-05	-0.0420017	
23.9546439836	0.000489121	-0.0420711	0.0	0.0	0.0	0.0	-0.000210974	-0.0417139	-0.000968383	-0.0418277	0.0	0.0	0.0	0.0	-2.94796e-05	-0.0417266	
24.1117236163	0.000483589	-0.0417935	0.0	0.0	0.0	0.0	-0.000208459	-0.0414426	-0.000959804	-0.0415545	0.0	0.0	0.0	0.0	-2.85363e-05	-0.0414552	
24.268803249	0.000478144	-0.0415196	0.0	0.0	0.0	0.0	-0.000205988	-0.0411749	-0.0009513	-0.0412848	0.0	0.0	0.0	0.0	-2.76241e-05	-0.0411872	
24.4258828817	0.000472787	-0.0412493	0.0	0.0	0.0	0.0	-0.000203558	-0.0409105	-0.000942872	-0.0410186	0.0	0.0	0.0	0.0	-2.67417e-05	-0.0409227	
24.5829625143	0.000467513	-0.0409824	0.0	0.0	0.0	0.0	-0.00020117	-0.0406495	-0.000934519	-0.0407558	0.0	0.0	0.0	0.0	-2.58881e-05	-0.0406616	
24.740042147	0.000462323	-0.040719	0.0	0.0	0.0	0.0	-0.000198823	-0.0403918	-0.000926242	-0.0404964	0.0	0.0	0.0	0.0	-2.50622e-05	-0.0404037	
24.8971217797	0.000457214	-0.040459	0.0	0.0	0.0	0.0	-0.000196515	-0.0401374	-0.000918042	-0.0402402	0.0	0.0	0.0	0.0	-2.4263e-05	-0.0401491	
25.0542014124	0.000452184	-0.0402022	0.0	0.0	0.0	0.0	-0.000194245	-0.0398861	-0.000909919	-0.0399873	0.0	0.0	0.0	0.0	-2.34896e-05	-0.0398977	
25.2112810451	0.000447233	-0.0399487	0.0	0.0	0.0	0.0	-0.000192014	-0.039638	-0.000901872	-0.0397375	0.0	0.0	0.0	0.0	-2.2741e-05	-0.0396494	
25.3683606777	0.000442358	-0.0396984	0.0	0.0	0.0	0.0	-0.000189819	-0.0393929	-0.000893903	-0.0394908	0.0	0.0	0.0	0.0	-2.20163e-05	-0.0394042	
25.5254403104	0.000437559	-0.0394512	0.0	0.0	0.0	0.0	-0.000187661	-0.0391509	-0.000886011	-0.0392472	0.0	0.0	0.0	0.0	-2.13147e-05	-0.039162	
25.6825199431	0.000432834	-0.0392071	0.0	0.0	0.0	0.0	-0.000185538	-0.0389118	-0.000878195	-0.0390065	0.0	0.0	0.0	0.0	-2.06354e-05	-0.0389227	
25.8395995758	0.000428181	-0.038966	0.0	0.0	0.0	0.0	-0.00018345	-0.0386756	-0.000870457	-0.0387688	0.0	0.0	0.0	0.0	-1.99775e-05	-0.0386864	
25.9966792085	0.000423599	-0.0387278	0.0	0.0	0.0	0.0	-0.000181396	-0.0384422	-0.000862796	-0.038534	0.0	0.0	0.0	0.0	-1.93404e-05	-0.0384529	
26.1537588411	0.000419086	-0.0384926	0.0	0.0	0.0	0.0	-0.000179375	-0.0382116	-0.000855211	-0.038302	0.0	0.0	0.0	0.0	-1.87232e-05	-0.0382222	
26.3108384738	0.000414642	-0.0382601	0.0	0.0	0.0	0.0	-0.000177387	-0.0379838	-0.000847702	-0.0380727	0.0	0.0	0.0	0.0	-1.81253e-05	-0.0379942	
26.4679181065	0.000410265	-0.0380305	0.0	0.0	0.0	0.0	-0.000175431	-0.0377587	-0.00084027	-0.0378462	0.0	0.0	0.0	0.0	-1.7546e-05	-0.037769	
26.6249977392	0.000405954	-0.0378036	0.0	0.0	0.0	0.0	-0.000173506	-0.0375362	-0.000832914	-0.0376224	0.0	0.0	0.0	0.0	-1.69847e-05	-0.0375464	
26.7820773719	0.000401707	-0.0375795	0.0	0.0	0.0	0.0	-0.000171612	-0.0373164	-0.000825633	-0.0374011	0.0	0.0	0.0	0.0	-1.64408e-05	-0.0373264	
26.9391570045	0.000397524	-0.0373579	0.0	0.0	0.0	0.0	-0.000169748	-0.0370991	-0.000818427	-0.0371825	0.0	0.0	0.0	0.0	-1.59136e-05	-0.037109	
27.0962366372	0.000393403	-0.037139	0.0	0.0	0.0	0.0	-0.000167913	-0.0368843	-0.000811296	-0.0369664	0.0	0.0	0.0	0.0	-1.54025e-05	-0.036894	
27.2533162699	0.000389343	-0.0369226	0.0	0.0	0.0	0.0	-0.000166107	-0.036672	-0.000804239	-0.0367529	0.0	0.0	0.0	0.0	-1.49071e-05	-0.0366816	
27.4103959026	0.000385342	-0.0367088	0.0	0.0	0.0	0.0	-0.000164329	-0.0364621	-0.000797256	-0.0365417	0.0	0.0	0.0	0.0	-1.44269e-05	-0.0364716	
27.5674755353	0.000381401	-0.0364974	0.0	0.0	0.0	0.0	-0.000162579	-0.0362546	-0.000790346	-0.036333	0.0	0.0	0.0	0.0	-1.39612e-05	-0.0362639	
27.7245551679	0.000377517	-0.0362884	0.0	0.0	0.0	0.0	-0.000160856	-0.0360494	-0.000783509	-0.0361266	0.0	0.0	0.0	0.0	-1.35096e-05	-0.0360587	
27.8816348006	0.00037369	-0.0360818	0.0	0.0	0.0	0.0	-0.00015916	-0.0358466	-0.000776744	-0.0359226	0.0	0.0	0.0	0.0	-1.30716e-05	-0.0358557	
28.0387144333	0.000369918	-0.0358776	0.0	0.0	0.0	0.0	-0.000157489	-0.035646	-0.000770051	-0.0357209	0.0	0.0	0.0	0.0	-1.26468e-05	-0.035655	
28.195794066	0.000366201	-0.0356756	0.0	0.0	0.0	0.0	-0.000155845	-0.0354476	-0.00076343	-0.0355214	0.0	0.0	0.0	0.0	-1.22347e-05	-0.0354565	
28.3528736986	0.000362537	-0.035476	0.0	0.0	0.0	0.0	-0.000154225	-0.0352515	-0.000756879	-0.0353242	0.0	0.0	0.0	0.0	-1.1835e-05	-0.0352602	
28.5099533313	0.000358926	-0.0352785	0.0	0.0	0.0	0.0	-0.000152629	-0.0350575	-0.000750397	-0.0351291	0.0	0.0	0.0	0.0	-1.14471e-05	-0.0350661	
28.667032964	0.000355367	-0.0350833	0.0	0.0	0.0	0.0	-0.000151058	-0.0348656	-0.000743986	-0.0349361	0.0	0.0	0.0	0.0	-1.10708e-05	-0.0348741	
28.8241125967	0.000351858	-0.0348902	0.0	0.0	0.0	0.0	-0.000149511	-0.0346758	-0.000737643	-0.0347453	0.0	0.0	0.0	0.0	-1.07056e-05	-0.0346842	
28.9811922294	0.000348399	-0.0346992	0.0	0.0	0.0	0.0	-0.000147986	-0.034488	-0.000731368	-0.0345565	0.0	0.0	0.0	0.0	-1.03512e-05	-0.0344964	
29.138271862	0.000344989	-0.0345103	0.0	0.0	0.0	0.0	-0.000146484	-0.0343023	-0.000725161	-0.0343698	0.0	0.0	0.0	0.0	-1.00073e-05	-0.0343106	
29.2953514947	0.000341627	-0.0343235	0.0	0.0	0.0	0.0	-0.000145005	-0.0341186	-0.000719021	-0.0341851	0.0	0.0	0.0	0.0	-9.67341e-06	-0.0341267	
29.4524311274	0.000338312	-0.0341386	0.0	0.0	0.0	0.0	-0.000143547	-0.0339368	-0.000712947	-0.0340024	0.0	0.0	0.0	0.0	-9.34931e-06	-0.0339448	
29.6095107601	0.000335043	-0.0339558	0.0	0.0	0.0	0.0	-0.00014211	-0.033757	-0.000706939	-0.0338216	0.0	0.0	0.0	0.0	-9.03467e-06	-0.0337649	
29.7665903928	0.00033182	-0.0337749	0.0	0.0	0.0	0.0	-0.000140695	-0.033579	-0.000700995	-0.0336427	0.0	0.0	0.0	0.0	-8.72918e-06	-0.0335868	
29.9236700254	0.000328642	-0.0335959	0.0	0.0	0.0	0.0	-0.0001393	-0.0334029	-0.000695117	-0.0334657	0.0	0.0	0.0	0.0	-8.43256e-06	-0.0334106	
30.0807496581	0.000325507	-0.0334188	0.0	0.0	0.0	0.0	-0.000137926	-0.0332287	-0.000689301	-0.0332905	0.0	0.0	0.0	0.0	-8.14452e-06	-0.0332363	
30.2378292908	0.000322416	-0.0332436	0.0	0.0	0.0	0.0	-0.000136571	-0.0330562	-0.000683549	-0.0331172	0.0	0.0	0.0	0.0	-7.8648e-06	-0.0330638	
30.3949089235	0.000319367	-0.0330702	0.0	0.0	0.0	0.0	-0.000135236	-0.0328856	-0.000677859	-0.0329457	0.0	0.0	0.0	0.0	-7.59312e-06	-0.032893	
30.5519885562	0.000316359	-0.0328987	0.0	0.0	0.0	0.0	-0.000133919	-0.0327166	-0.000672231	-0.0327759	0.0	0.0	0.0	0.0	-7.32925e-06	-0.032724	
30.7090681888	0.000313393	-0.0327289	0.0	0.0	0.0	0.0	-0.000132622	-0.0325495	-0.000666664	-0.0326079	0.0	0.0	0.0	0.0	-7.07293e-06	-0.0325567	
30.8661478215	0.000310467	-0.0325608	0.0	0.0	0.0	0.0	-0.000131343	-0.032384	-0.000661158	-0.0324416	0.0	0.0	0.0	0.0	-6.82393e-06	-0.0323911	
31.0232274542	0.00030758	-0.0323945	0.0	0.0	0.0	0.0	-0.000130082	-0.0322201	-0.000655711	-0.032277	0.0	0.0	0.0	0.0	-6.58203e-06	-0.0322272	
31.1803070869	0.000304732	-0.0322298	0.0	0.0	0.0	0.0	-0.000128839	-0.032058	-0.000650323	-0.032114	0.0	0.0	0.0	0.0	-6.347e-06	-0.032065	
31.3373867196	0.000301922	-0.0320668	0.0	0.0	0.0	0.0	-0.000127613	-0.0318974	-0.000644994	-0.0319527	0.0	0.0	0.0	0.0	-6.11864e-06	-0.0319043	
31.4944663522	0.00029915	-0.0319055	0.0	0.0	0.0	0.0	-0.000126404	-0.0317385	-0.000639723	-0.031793	0.0	0.0	0.0	0.0	-5.89674e-06	-0.0317453	
31.6515459849	0.000296414	-0.0317458	0.0	0.0	0.0	0.0	-0.000125212	-0.0315811	-0.000634508	-0.0316349	0.0	0.0	0.0	0.0	-5.68111e-06	-0.0315878	
31.8086256176	0.000293715	-0.0315877	0.0	0.0	0.0	0.0	-0.000124037	-0.0314253	-0.00062935	-0.0314783	0.0	0.0	0.0	0.0	-5.47154e-06	-0.0314319	
31.9657052503	0.000291051	-0.0314312	0.0	0.0	0.0	0.0	-0.000122877	-0.031271	-0.000624248	-0.0313233	0.0	0.0	0.0	0.0	-5.26787e-06	-0.0312776	
32.122784883	0.000288422	-0.0312762	0.0	0.0	0.0	0.0	-0.000121734	-0.0311182	-0.000619201	-0.0311698	0.0	0.0	0.0	0.0	-5.06991e-06	-0.0311247	
32.2798645156	0.000285828	-0.0311227	0.0	0.0	0.0	0.0	-0.000120606	-0.0309669	-0.000614209	-0.0310178	0.0	0.0	0.0	0.0	-4.87749e-06	-0.0309733	
32.4369441483	0.000283268	-0.0309707	0.0	0.0	0.0	0.0	-0.000119493	-0.0308171	-0.000609271	-0.0308673	0.0	0.0	0.0	0.0	-4.69044e-06	-0.0308234	
32.594023781	0.000280741	-0.0308202	0.0	0.0	0.0	0.0	-0.000118396	-0.0306687	-0.000604386	-0.0307183	0.0	0.0	0.0	0.0	-4.5086e-06	-0.030675	
32.7511034137	0.000278246	-0.0306712	0.0	0.0	0.0	0.0	-0.000117313	-0.0305217	-0.000599553	-0.0305706	0.0	0.0	0.0	0.0	-4.33182e-06	-0.0305279	
32.9081830464	0.000275784	-0.0305236	0.0	0.0	0.0	0.0	-0.000116245	-0.0303762	-0.000594773	-0.0304244	0.0	0.0	0.0	0.0	-4.15995e-06	-0.0303823	
33.065262679	0.000273353	-0.0303774	0.0	0.0	0.0	0.0	-0.000115191	-0.030232	-0.000590044	-0.0302796	0.0	0.0	0.0	0.0	-3.99285e-06	-0.030238	
33.2223423117	0.000270954	-0.0302327	0.0	0.0	0.0	0.0	-0.000114151	-0.0300891	-0.000585366	-0.0301361	0.0	0.0	0.0	0.0	-3.83036e-06	-0.0300951	
33.3794219444	0.000268585	-0.0300893	0.0	0.0	0.0	0.0	-0.000113125	-0.0299477	-0.000580738	-0.029994	0.0	0.0	0.0	0.0	-3.67236e-06	-0.0299535	
33.5365015771	0.000266246	-0.0299472	0.0	0.0	0.0	0.0	-0.000112113	-0.0298075	-0.00057616	-0.0298533	0.0	0.0	0.0	0.0	-3.51872e-06	-0.0298133	
33.6935812098	0.000263937	-0.0298065	0.0	0.0	0.0	0.0	-0.000111114	-0.0296686	-0.000571631	-0.0297138	0.0	0.0	0.0	0.0	-3.36931e-06	-0.0296744	
33.8506608424	0.000261657	-0.0296671	0.0	0.0	0.0	0.0	-0.000110128	-0.0295311	-0.00056715	-0.0295757	0.0	0.0	0.0	0.0	-3.224e-06	-0.0295368	
34.0077404751	0.000259406	-0.029529	0.0	0.0	0.0	0.0	-0.000109155	-0.0293948	-0.000562717	-0.0294388	0.0	0.0	0.0	0.0	-3.08267e-06	-0.0294004	
34.1648201078	0.000257182	-0.0293922	0.0	0.0	0.0	0.0	-0.000108194	-0.0292597	-0.000558332	-0.0293032	0.0	0.0	0.0	0.0	-2.94522e-06	-0.0292653	
34.3218997405	0.000254987	-0.0292567	0.0	0.0	0.0	0.0	-0.000107246	-0.0291259	-0.000553993	-0.0291688	0.0	0.0	0.0	0.0	-2.81153e-06	-0.0291314	
34.4789793731	0.000252819	-0.0291224	0.0	0.0	0.0	0.0	-0.00010631	-0.0289933	-0.0005497	-0.0290357	0.0	0.0	0.0	0.0	-2.68148e-06	-0.0289987	
34.6360590058	0.000250678	-0.0289893	0.0	0.0	0.0	0.0	-0.000105386	-0.0288619	-0.000545453	-0.0289037	0.0	0.0	0.0	0.0	-2.55499e-06	-0.0288673	
34.7931386385	0.000248563	-0.0288575	0.0	0.0	0.0	0.0	-0.000104474	-0.0287317	-0.000541251	-0.028773	0.0	0.0	0.0	0.0	-2.43194e-06	-0.028737	
34.9502182712	0.000246474	-0.0287268	0.0	0.0	0.0	0.0	-0.000103573	-0.0286027	-0.000537093	-0.0286435	0.0	0.0	0.0	0.0	-2.31223e-06	-0.0286079	
35.1072979039	0.000244411	-0.0285974	0.0	0.0	0.0	0.0	-0.000102684	-0.0284748	-0.00053298	-0.0285151	0.0	0.0	0.0	0.0	-2.19578e-06	-0.02848	
35.2643775365	0.000242372	-0.0284691	0.0	0.0	0.0	0.0	-0.000101807	-0.028348	-0.000528909	-0.0283878	0.0	0.0	0.0	0.0	-2.08249e-06	-0.0283532	
35.4214571692	0.000240359	-0.0283419	0.0	0.0	0.0	0.0	-0.00010094	-0.0282224	-0.000524882	-0.0282617	0.0	0.0	0.0	0.0	-1.97228e-06	-0.0282275	
35.5785368019	0.00023837	-0.0282159	0.0	0.0	0.0	0.0	-0.000100084	-0.0280979	-0.000520897	-0.0281367	0.0	0.0	0.0	0.0	-1.86504e-06	-0.0281029	
35.7356164346	0.000236405	-0.028091	0.0	0.0	0.0	0.0	-9.92386e-05	-0.0279745	-0.000516954	-0.0280128	0.0	0.0	0.0	0.0	-1.76071e-06	-0.0279794	
35.8926960673	0.000234464	-0.0279672	0.0	0.0	0.0	0.0	-9.84039e-05	-0.0278521	-0.000513052	-0.02789	0.0	0.0	0.0	0.0	-1.6592e-06	-0.027857	
36.0497756999	0.000232546	-0.0278444	0.0	0.0	0.0	0.0	-9.75796e-05	-0.0277309	-0.00050919	-0.0277682	0.0	0.0	0.0	0.0	-1.56043e-06	-0.0277357	
36.2068553326	0.000230651	-0.0277228	0.0	0.0	0.0	0.0	-9.67654e-05	-0.0276106	-0.00050537	-0.0276475	0.0	0.0	0.0	0.0	-1.46433e-06	-0.0276154	
36.3639349653	0.000228779	-0.0276022	0.0	0.0	0.0	0.0	-9.59612e-05	-0.0274914	-0.000501589	-0.0275279	0.0	0.0	0.0	0.0	-1.37081e-06	-0.0274962	
36.521014598	0.000226928	-0.0274827	0.0	0.0	0.0	0.0	-9.51669e-05	-0.0273733	-0.000497847	-0.0274093	0.0	0.0	0.0	0.0	-1.27982e-06	-0.0273779	
36.6780942307	0.0002251	-0.0273642	0.0	0.0	0.0	0.0	-9.43823e-05	-0.0272561	-0.000494144	-0.0272917	0.0	0.0	0.0	0.0	-1.19128e-06	-0.0272607	
36.8351738633	0.000223293	-0.0272467	0.0	0.0	0.0	0.0	-9.36072e-05	-0.02714	-0.000490479	-0.0271751	0.0	0.0	0.0	0.0	-1.10512e-06	-0.0271445	
36.992253496	0.000221507	-0.0271302	0.0	0.0	0.0	0.0	-9.28415e-05	-0.0270248	-0.000486853	-0.0270595	0.0	0.0	0.0	0.0	-1.02128e-06	-0.0270293	
37.1493331287	0.000219743	-0.0270148	0.0	0.0	0.0	0.0	-9.2085e-05	-0.0269106	-0.000483263	-0.0269449	0.0	0.0	0.0	0.0	-9.39693e-07	-0.026915	
37.3064127614	0.000217998	-0.0269003	0.0	0.0	0.0	0.0	-9.13376e-05	-0.0267973	-0.000479711	-0.0268313	0.0	0.0	0.0	0.0	-8.603e-07	-0.0268018	
37.4634923941	0.000216274	-0.0267867	0.0	0.0	0.0	0.0	-9.05992e-05	-0.0266851	-0.000476195	-0.0267186	0.0	0.0	0.0	0.0	-7.83041e-07	-0.0266894	
37.6205720267	0.00021457	-0.0266742	0.0	0.0	0.0	0.0	-8.98696e-05	-0.0265737	-0.000472715	-0.0266068	0.0	0.0	0.0	0.0	-7.07857e-07	-0.026578	
37.7776516594	0.000212886	-0.0265625	0.0	0.0	0.0	0.0	-8.91486e-05	-0.0264633	-0.000469271	-0.026496	0.0	0.0	0.0	0.0	-6.34692e-07	-0.0264675	
37.9347312921	0.000211221	-0.0264519	0.0	0.0	0.0	0.0	-8.84362e-05	-0.0263538	-0.000465862	-0.0263861	0.0	0.0	0.0	0.0	-5.63493e-07	-0.026358	
38.0918109248	0.000209575	-0.0263421	0.0	0.0	0.0	0.0	-8.77322e-05	-0.0262451	-0.000462488	-0.0262771	0.0	0.0	0.0	0.0	-4.94207e-07	-0.0262493	
38.2488905575	0.000207948	-0.0262332	0.0	0.0	0.0	0.0	-8.70365e-05	-0.0261374	-0.000459148	-0.026169	0.0	0.0	0.0	0.0	-4.26781e-07	-0.0261416	
38.4059701901	0.000206339	-0.0261252	0.0	0.0	0.0	0.0	-8.63489e-05	-0.0260306	-0.000455842	-0.0260618	0.0	0.0	0.0	0.0	-3.61166e-07	-0.0260347	
38.5630498228	0.000204749	-0.0260182	0.0	0.0	0.0	0.0	-8.56693e-05	-0.0259246	-0.000452569	-0.0259555	0.0	0.0	0.0	0.0	-2.97314e-07	-0.0259287	
38.7201294555	0.000203176	-0.025912	0.0	0.0	0.0	0.0	-8.49976e-05	-0.0258195	-0.00044933	-0.02585	0.0	0.0	0.0	0.0	-2.35178e-07	-0.0258235	
38.8772090882	0.000201622	-0.0258066	0.0	0.0	0.0	0.0	-8.43337e-05	-0.0257152	-0.000446123	-0.0257454	0.0	0.0	0.0	0.0	-1.74712e-07	-0.0257192	
39.0342887209	0.000200084	-0.0257021	0.0	0.0	0.0	0.0	-8.36775e-05	-0.0256118	-0.000442948	-0.0256416	0.0	0.0	0.0	0.0	-1.15873e-07	-0.0256157	
39.1913683535	0.000198564	-0.0255985	0.0	0.0	0.0	0.0	-8.30288e-05	-0.0255092	-0.000439805	-0.0255387	0.0	0.0	0.0	0.0	-5.86161e-08	-0.0255131	
39.3484479862	0.000197061	-0.0254957	0.0	0.0	0.0	0.0	-8.23875e-05	-0.0254074	-0.000436694	-0.0254366	0.0	0.0	0.0	0.0	-2.9008e-09	-0.0254113	
39.5055276189	0.000195574	-0.0253937	0.0	0.0	0.0	0.0	-8.17535e-05	-0.0253065	-0.000433613	-0.0253353	0.0	0.0	0.0	0.0	5.13137e-08	-0.0253103	
39.6626072516	0.000194104	-0.0252925	0.0	0.0	0.0	0.0	-8.11268e-05	-0.0252063	-0.000430564	-0.0252348	0.0	0.0	0.0	0.0	1.04067e-07	-0.0252101	
39.8196868843	0.00019265	-0.0251922	0.0	0.0	0.0	0.0	-8.05072e-05	-0.0251069	-0.000427544	-0.0251351	0.0	0.0	0.0	0.0	1.55397e-07	-0.0251106	
39.9767665169	0.000191213	-0.0250926	0.0	0.0	0.0	0.0	-7.98945e-05	-0.0250083	-0.000424555	-0.0250362	0.0	0.0	0.0	0.0	2.05341e-07	-0.025012	
40.1338461496	0.00018979	-0.0249938	0.0	0.0	0.0	0.0	-7.92887e-05	-0.0249105	-0.000421595	-0.024938	0.0	0.0	0.0	0.0	2.53935e-07	-0.0249141	
40.2909257823	0.000188384	-0.0248958	0.0	0.0	0.0	0.0	-7.86898e-05	-0.0248134	-0.000418665	-0.0248407	0.0	0.0	0.0	0.0	3.01215e-07	-0.024817	
40.448005415	0.000186993	-0.0247986	0.0	0.0	0.0	0.0	-7.80975e-05	-0.0247171	-0.000415763	-0.0247441	0.0	0.0	0.0	0.0	3.47214e-07	-0.0247207	
40.6050850476	0.000185616	-0.0247021	0.0	0.0	0.0	0.0	-7.75118e-05	-0.0246215	-0.00041289	-0.0246482	0.0	0.0	0.0	0.0	3.91966e-07	-0.0246251	
40.7621646803	0.000184255	-0.0246064	0.0	0.0	0.0	0.0	-7.69326e-05	-0.0245267	-0.000410045	-0.0245531	0.0	0.0	0.0	0.0	4.35502e-07	-0.0245302	
40.919244313	0.000182908	-0.0245114	0.0	0.0	0.0	0.0	-7.63598e-05	-0.0244326	-0.000407228	-0.0244587	0.0	0.0	0.0	0.0	4.77855e-07	-0.0244361	
41.0763239457	0.000181576	-0.0244171	0.0	0.0	0.0	0.0	-7.57934e-05	-0.0243392	-0.000404439	-0.024365	0.0	0.0	0.0	0.0	5.19055e-07	-0.0243426	
41.2334035784	0.000180258	-0.0243236	0.0	0.0	0.0	0.0	-7.52331e-05	-0.0242465	-0.000401676	-0.024272	0.0	0.0	0.0	0.0	5.5913e-07	-0.0242499	
41.390483211	0.000178954	-0.0242308	0.0	0.0	0.0	0.0	-7.46789e-05	-0.0241546	-0.000398941	-0.0241798	0.0	0.0	0.0	0.0	5.98111e-07	-0.0241579	
41.5475628437	0.000177664	-0.0241387	0.0	0.0	0.0	0.0	-7.41308e-05	-0.0240633	-0.000396231	-0.0240882	0.0	0.0	0.0	0.0	6.36025e-07	-0.0240666	
41.7046424764	0.000176388	-0.0240473	0.0	0.0	0.0	0.0	-7.35887e-05	-0.0239727	-0.000393549	-0.0239974	0.0	0.0	0.0	0.0	6.72899e-07	-0.023976	
41.8617221091	0.000175125	-0.0239565	0.0	0.0	0.0	0.0	-7.30524e-05	-0.0238828	-0.000390892	-0.0239072	0.0	0.0	0.0	0.0	7.08759e-07	-0.023886	
42.0188017418	0.000173876	-0.0238665	0.0	0.0	0.0	0.0	-7.25219e-05	-0.0237936	-0.00038826	-0.0238177	0.0	0.0	0.0	0.0	7.43633e-07	-0.0237968	
42.1758813744	0.000172639	-0.0237771	0.0	0.0	0.0	0.0	-7.19971e-05	-0.023705	-0.000385654	-0.0237289	0.0	0.0	0.0	0.0	7.77544e-07	-0.0237082	
42.3329610071	0.000171416	-0.0236884	0.0	0.0	0.0	0.0	-7.14779e-05	-0.0236171	-0.000383073	-0.0236407	0.0	0.0	0.0	0.0	8.10517e-07	-0.0236202	
42.4900406398	0.000170205	-0.0236004	0.0	0.0	0.0	0.0	-7.09643e-05	-0.0235298	-0.000380516	-0.0235532	0.0	0.0	0.0	0.0	8.42575e-07	-0.0235329	
42.6471202725	0.000169007	-0.023513	0.0	0.0	0.0	0.0	-7.04561e-05	-0.0234432	-0.000377984	-0.0234663	0.0	0.0	0.0	0.0	8.73743e-07	-0.0234462	
42.8041999052	0.000167821	-0.0234263	0.0	0.0	0.0	0.0	-6.99534e-05	-0.0233572	-0.000375476	-0.0233801	0.0	0.0	0.0	0.0	9.04041e-07	-0.0233602	
42.9612795378	0.000166647	-0.0233402	0.0	0.0	0.0	0.0	-6.94559e-05	-0.0232718	-0.000372992	-0.0232945	0.0	0.0	0.0	0.0	9.33493e-07	-0.0232748	
43.1183591705	0.000165486	-0.0232547	0.0	0.0	0.0	0.0	-6.89637e-05	-0.0231871	-0.000370531	-0.0232095	0.0	0.0	0.0	0.0	9.62119e-07	-0.0231901	
43.2754388032	0.000164336	-0.0231699	0.0	0.0	0.0	0.0	-6.84766e-05	-0.0231029	-0.000368094	-0.0231251	0.0	0.0	0.0	0.0	9.8994e-07	-0.0231059	
43.4325184359	0.000163198	-0.0230857	0.0	0.0	0.0	0.0	-6.79946e-05	-0.0230194	-0.000365679	-0.0230414	0.0	0.0	0.0	0.0	1.01698e-06	-0.0230224	
43.5895980686	0.000162072	-0.0230021	0.0	0.0	0.0	0.0	-6.75177e-05	-0.0229365	-0.000363287	-0.0229582	0.0	0.0	0.0	0.0	1.04325e-06	-0.0229394	
43.7466777012	0.000160958	-0.0229191	0.0	0.0	0.0	0.0	-6.70457e-05	-0.0228542	-0.000360918	-0.0228757	0.0	0.0	0.0	0.0	1.06877e-06	-0.0228571	
43.9037573339	0.000159854	-0.0228367	0.0	0.0	0.0	0.0	-6.65786e-05	-0.0227725	-0.00035857	-0.0227937	0.0	0.0	0.0	0.0	1.09357e-06	-0.0227753	
44.0608369666	0.000158762	-0.0227548	0.0	0.0	0.0	0.0	-6.61163e-05	-0.0226913	-0.000356245	-0.0227124	0.0	0.0	0.0	0.0	1.11766e-06	-0.0226941	
44.2179165993	0.000157681	-0.0226736	0.0	0.0	0.0	0.0	-6.56588e-05	-0.0226107	-0.000353941	-0.0226316	0.0	0.0	0.0	0.0	1.14105e-06	-0.0226135	
44.374996232	0.00015661	-0.022593	0.0	0.0	0.0	0.0	-6.5206e-05	-0.0225307	-0.000351659	-0.0225514	0.0	0.0	0.0	0.0	1.16377e-06	-0.0225335	
44.5320758646	0.00015555	-0.0225129	0.0	0.0	0.0	0.0	-6.47578e-05	-0.0224513	-0.000349397	-0.0224717	0.0	0.0	0.0	0.0	1.18584e-06	-0.022454	
44.6891554973	0.000154501	-0.0224334	0.0	0.0	0.0	0.0	-6.43141e-05	-0.0223724	-0.000347157	-0.0223926	0.0	0.0	0.0	0.0	1.20726e-06	-0.0223751	
44.84623513	0.000153462	-0.0223544	0.0	0.0	0.0	0.0	-6.3875e-05	-0.0222941	-0.000344937	-0.0223141	0.0	0.0	0.0	0.0	1.22805e-06	-0.0222968	
45.0033147627	0.000152434	-0.022276	0.0	0.0	0.0	0.0	-6.34403e-05	-0.0222163	-0.000342738	-0.0222361	0.0	0.0	0.0	0.0	1.24824e-06	-0.0222189	
45.1603943954	0.000151416	-0.0221982	0.0	0.0	0.0	0.0	-6.301e-05	-0.022139	-0.000340559	-0.0221587	0.0	0.0	0.0	0.0	1.26783e-06	-0.0221417	
45.317474028	0.000150407	-0.0221209	0.0	0.0	0.0	0.0	-6.2584e-05	-0.0220623	-0.0003384	-0.0220818	0.0	0.0	0.0	0.0	1.28684e-06	-0.0220649	
45.4745536607	0.000149409	-0.0220441	0.0	0.0	0.0	0.0	-6.21623e-05	-0.0219862	-0.00033626	-0.0220054	0.0	0.0	0.0	0.0	1.30528e-06	-0.0219887	
45.6316332934	0.00014842	-0.0219679	0.0	0.0	0.0	0.0	-6.17449e-05	-0.0219105	-0.00033414	-0.0219296	0.0	0.0	0.0	0.0	1.32317e-06	-0.0219131	
45.7887129261	0.000147442	-0.0218922	0.0	0.0	0.0	0.0	-6.13315e-05	-0.0218354	-0.000332039	-0.0218542	0.0	0.0	0.0	0.0	1.34052e-06	-0.0218379	
45.9457925588	0.000146472	-0.021817	0.0	0.0	0.0	0.0	-6.09223e-05	-0.0217607	-0.000329958	-0.0217794	0.0	0.0	0.0	0.0	1.35734e-06	-0.0217633	
46.1028721914	0.000145512	-0.0217423	0.0	0.0	0.0	0.0	-6.05171e-05	-0.0216866	-0.000327895	-0.0217051	0.0	0.0	0.0	0.0	1.37365e-06	-0.0216891	
46.2599518241	0.000144561	-0.0216681	0.0	0.0	0.0	0.0	-6.01159e-05	-0.021613	-0.00032585	-0.0216313	0.0	0.0	0.0	0.0	1.38946e-06	-0.0216155	
46.4170314568	0.00014362	-0.0215945	0.0	0.0	0.0	0.0	-5.97187e-05	-0.0215399	-0.000323824	-0.021558	0.0	0.0	0.0	0.0	1.40478e-06	-0.0215423	
46.5741110895	0.000142687	-0.0215213	0.0	0.0	0.0	0.0	-5.93253e-05	-0.0214673	-0.000321817	-0.0214852	0.0	0.0	0.0	0.0	1.41963e-06	-0.0214697	
46.7311907221	0.000141764	-0.0214487	0.0	0.0	0.0	0.0	-5.89358e-05	-0.0213952	-0.000319827	-0.0214129	0.0	0.0	0.0	0.0	1.43401e-06	-0.0213975	
46.8882703548	0.000140849	-0.0213765	0.0	0.0	0.0	0.0	-5.85501e-05	-0.0213235	-0.000317855	-0.0213411	0.0	0.0	0.0	0.0	1.44793e-06	-0.0213259	
47.0453499875	0.000139943	-0.0213048	0.0	0.0	0.0	0.0	-5.81682e-05	-0.0212523	-0.0003159	-0.0212698	0.0	0.0	0.0	0.0	1.46142e-06	-0.0212547	
47.2024296202	0.000139046	-0.0212336	0.0	0.0	0.0	0.0	-5.77899e-05	-0.0211816	-0.000313963	-0.0211989	0.0	0.0	0.0	0.0	1.47447e-06	-0.021184	
47.3595092529	0.000138157	-0.0211629	0.0	0.0	0.0	0.0	-5.74153e-05	-0.0211114	-0.000312043	-0.0211285	0.0	0.0	0.0	0.0	1.4871e-06	-0.0211137	
47.5165888855	0.000137276	-0.0210926	0.0	0.0	0.0	0.0	-5.70443e-05	-0.0210416	-0.00031014	-0.0210586	0.0	0.0	0.0	0.0	1.49932e-06	-0.0210439	
47.6736685182	0.000136404	-0.0210228	0.0	0.0	0.0	0.0	-5.66768e-05	-0.0209723	-0.000308254	-0.0209891	0.0	0.0	0.0	0.0	1.51113e-06	-0.0209746	
47.8307481509	0.00013554	-0.0209535	0.0	0.0	0.0	0.0	-5.63129e-05	-0.0209035	-0.000306384	-0.0209201	0.0	0.0	0.0	0.0	1.52256e-06	-0.0209057	
47.9878277836	0.000134684	-0.0208846	0.0	0.0	0.0	0.0	-5.59524e-05	-0.0208351	-0.000304531	-0.0208516	0.0	0.0	0.0	0.0	1.5336e-06	-0.0208373	
48.1449074163	0.000133836	-0.0208162	0.0	0.0	0.0	0.0	-5.55953e-05	-0.0207671	-0.000302694	-0.0207834	0.0	0.0	0.0	0.0	1.54427e-06	-0.0207693	
48.3019870489	0.000132996	-0.0207482	0.0	0.0	0.0	0.0	-5.52417e-05	-0.0206996	-0.000300873	-0.0207158	0.0	0.0	0.0	0.0	1.55458e-06	-0.0207018	
48.4590666816	0.000132163	-0.0206807	0.0	0.0	0.0	0.0	-5.48914e-05	-0.0206326	-0.000299068	-0.0206486	0.0	0.0	0.0	0.0	1.56453e-06	-0.0206347	
48.6161463143	0.000131339	-0.0206136	0.0	0.0	0.0	0.0	-5.45443e-05	-0.0205659	-0.000297279	-0.0205818	0.0	0.0	0.0	0.0	1.57414e-06	-0.0205681	
48.773225947	0.000130522	-0.0205469	0.0	0.0	0.0	0.0	-5.42006e-05	-0.0204997	-0.000295505	-0.0205154	0.0	0.0	0.0	0.0	1.5834e-06	-0.0205018	
48.9303055797	0.000129712	-0.0204807	0.0	0.0	0.0	0.0	-5.386e-05	-0.0204339	-0.000293746	-0.0204495	0.0	0.0	0.0	0.0	1.59234e-06	-0.020436	
49.0873852123	0.00012891	-0.0204149	0.0	0.0	0.0	0.0	-5.35226e-05	-0.0203685	-0.000292003	-0.020384	0.0	0.0	0.0	0.0	1.60095e-06	-0.0203706	
49.244464845	0.000128115	-0.0203495	0.0	0.0	0.0	0.0	-5.31884e-05	-0.0203036	-0.000290275	-0.0203189	0.0	0.0	0.0	0.0	1.60925e-06	-0.0203057	
49.4015444777	0.000127328	-0.0202845	0.0	0.0	0.0	0.0	-5.28573e-05	-0.0202391	-0.000288561	-0.0202542	0.0	0.0	0.0	0.0	1.61724e-06	-0.0202411	
49.5586241104	0.000126548	-0.02022	0.0	0.0	0.0	0.0	-5.25292e-05	-0.0201749	-0.000286862	-0.0201899	0.0	0.0	0.0	0.0	1.62494e-06	-0.020177	
49.7157037431	0.000125774	-0.0201558	0.0	0.0	0.0	0.0	-5.22041e-05	-0.0201112	-0.000285178	-0.0201261	0.0	0.0	0.0	0.0	1.63234e-06	-0.0201132	
49.8727833757	0.000125008	-0.0200921	0.0	0.0	0.0	0.0	-5.18821e-05	-0.0200479	-0.000283508	-0.0200626	0.0	0.0	0.0	0.0	1.63945e-06	-0.0200499	
50.0298630084	0.000124249	-0.0200288	0.0	0.0	0.0	0.0	-5.15629e-05	-0.019985	-0.000281852	-0.0199995	0.0	0.0	0.0	0.0	1.64629e-06	-0.0199869	
50.1869426411	0.000123496	-0.0199658	0.0	0.0	0.0	0.0	-5.12467e-05	-0.0199224	-0.00028021	-0.0199369	0.0	0.0	0.0	0.0	1.65285e-06	-0.0199244	
50.3440222738	0.00012275	-0.0199033	0.0	0.0	0.0	0.0	-5.09334e-05	-0.0198603	-0.000278583	-0.0198746	0.0	0.0	0.0	0.0	1.65915e-06	-0.0198622	
50.5011019065	0.000122011	-0.0198412	0.0	0.0	0.0	0.0	-5.0623e-05	-0.0197985	-0.000276969	-0.0198127	0.0	0.0	0.0	0.0	1.66519e-06	-0.0198005	
50.6581815391	0.000121278	-0.0197794	0.0	0.0	0.0	0.0	-5.03153e-05	-0.0197372	-0.000275368	-0.0197512	0.0	0.0	0.0	0.0	1.67098e-06	-0.0197391	
50.8152611718	0.000120552	-0.019718	0.0	0.0	0.0	0.0	-5.00104e-05	-0.0196762	-0.000273781	-0.0196901	0.0	0.0	0.0	0.0	1.67652e-06	-0.0196781	
50.9723408045	0.000119833	-0.019657	0.0	0.0	0.0	0.0	-4.97083e-05	-0.0196156	-0.000272207	-0.0196294	0.0	0.0	0.0	0.0	1.68182e-06	-0.0196174	
51.1294204372	0.000119119	-0.0195964	0.0	0.0	0.0	0.0	-4.94088e-05	-0.0195553	-0.000270647	-0.019569	0.0	0.0	0.0	0.0	1.68688e-06	-0.0195572	
51.2865000699	0.000118412	-0.0195362	0.0	0.0	0.0	0.0	-4.91121e-05	-0.0194954	-0.000269099	-0.019509	0.0	0.0	0.0	0.0	1.69172e-06	-0.0194973	
51.4435797025	0.000117712	-0.0194763	0.0	0.0	0.0	0.0	-4.8818e-05	-0.0194359	-0.000267564	-0.0194494	0.0	0.0	0.0	0.0	1.69633e-06	-0.0194378	
51.6006593352	0.000117017	-0.0194168	0.0	0.0	0.0	0.0	-4.85265e-05	-0.0193768	-0.000266042	-0.0193901	0.0	0.0	0.0	0.0	1.70072e-06	-0.0193786	
51.7577389679	0.000116328	-0.0193576	0.0	0.0	0.0	0.0	-4.82376e-05	-0.019318	-0.000264533	-0.0193312	0.0	0.0	0.0	0.0	1.7049e-06	-0.0193198	
51.9148186006	0.000115646	-0.0192989	0.0	0.0	0.0	0.0	-4.79513e-05	-0.0192596	-0.000263036	-0.0192727	0.0	0.0	0.0	0.0	1.70887e-06	-0.0192613	
52.0718982333	0.000114969	-0.0192404	0.0	0.0	0.0	0.0	-4.76675e-05	-0.0192015	-0.000261552	-0.0192145	0.0	0.0	0.0	0.0	1.71264e-06	-0.0192032	
52.2289778659	0.000114298	-0.0191824	0.0	0.0	0.0	0.0	-4.73862e-05	-0.0191437	-0.000260079	-0.0191566	0.0	0.0	0.0	0.0	1.71621e-06	-0.0191455	
52.3860574986	0.000113633	-0.0191246	0.0	0.0	0.0	0.0	-4.71073e-05	-0.0190864	-0.000258619	-0.0190991	0.0	0.0	0.0	0.0	1.71958e-06	-0.0190881	
52.5431371313	0.000112974	-0.0190673	0.0	0.0	0.0	0.0	-4.68309e-05	-0.0190293	-0.000257171	-0.019042	0.0	0.0	0.0	0.0	1.72277e-06	-0.019031	
52.700216764	0.00011232	-0.0190102	0.0	0.0	0.0	0.0	-4.65569e-05	-0.0189726	-0.000255734	-0.0189851	0.0	0.0	0.0	0.0	1.72577e-06	-0.0189743	
52.8572963966	0.000111672	-0.0189535	0.0	0.0	0.0	0.0	-4.62853e-05	-0.0189162	-0.000254309	-0.0189287	0.0	0.0	0.0	0.0	1.7286e-06	-0.0189179	
53.0143760293	0.00011103	-0.0188972	0.0	0.0	0.0	0.0	-4.60161e-05	-0.0188602	-0.000252896	-0.0188725	0.0	0.0	0.0	0.0	1.73124e-06	-0.0188619	
53.171455662	0.000110393	-0.0188411	0.0	0.0	0.0	0.0	-4.57491e-05	-0.0188045	-0.000251494	-0.0188167	0.0	0.0	0.0	0.0	1.73372e-06	-0.0188062	
53.3285352947	0.000109761	-0.0187855	0.0	0.0	0.0	0.0	-4.54845e-05	-0.0187491	-0.000250104	-0.0187612	0.0	0.0	0.0	0.0	1.73603e-06	-0.0187508	
53.4856149274	0.000109135	-0.0187301	0.0	0.0	0.0	0.0	-4.52222e-05	-0.0186941	-0.000248725	-0.0187061	0.0	0.0	0.0	0.0	1.73817e-06	-0.0186957	
53.64269456	0.000108514	-0.0186751	0.0	0.0	0.0	0.0	-4.49621e-05	-0.0186394	-0.000247356	-0.0186513	0.0	0.0	0.0	0.0	1.74016e-06	-0.018641	
53.7997741927	0.000107899	-0.0186203	0.0	0.0	0.0	0.0	-4.47042e-05	-0.018585	-0.000245999	-0.0185968	0.0	0.0	0.0	0.0	1.74199e-06	-0.0185866	
53.9568538254	0.000107288	-0.018566	0.0	0.0	0.0	0.0	-4.44485e-05	-0.0185309	-0.000244653	-0.0185426	0.0	0.0	0.0	0.0	1.74366e-06	-0.0185325	
54.1139334581	0.000106683	-0.0185119	0.0	0.0	0.0	0.0	-4.4195e-05	-0.0184771	-0.000243317	-0.0184887	0.0	0.0	0.0	0.0	1.74519e-06	-0.0184787	
54.2710130908	0.000106082	-0.0184581	0.0	0.0	0.0	0.0	-4.39437e-05	-0.0184236	-0.000241993	-0.0184351	0.0	0.0	0.0	0.0	1.74658e-06	-0.0184252	
54.4280927234	0.000105487	-0.0184047	0.0	0.0	0.0	0.0	-4.36944e-05	-0.0183705	-0.000240678	-0.0183819	0.0	0.0	0.0	0.0	1.74782e-06	-0.018372	
54.5851723561	0.000104897	-0.0183515	0.0	0.0	0.0	0.0	-4.34473e-05	-0.0183176	-0.000239374	-0.0183289	0.0	0.0	0.0	0.0	1.74893e-06	-0.0183192	
54.7422519888	0.000104311	-0.0182987	0.0	0.0	0.0	0.0	-4.32023e-05	-0.0182651	-0.000238081	-0.0182763	0.0	0.0	0.0	0.0	1.7499e-06	-0.0182666	
54.8993316215	0.00010373	-0.0182462	0.0	0.0	0.0	0.0	-4.29593e-05	-0.0182128	-0.000236797	-0.018224	0.0	0.0	0.0	0.0	1.75075e-06	-0.0182143	
55.0564112542	0.000103155	-0.0181939	0.0	0.0	0.0	0.0	-4.27183e-05	-0.0181609	-0.000235524	-0.0181719	0.0	0.0	0.0	0.0	1.75146e-06	-0.0181624	
55.2134908868	0.000102583	-0.018142	0.0	0.0	0.0	0.0	-4.24794e-05	-0.0181092	-0.000234261	-0.0181202	0.0	0.0	0.0	0.0	1.75205e-06	-0.0181107	
55.3705705195	0.000102017	-0.0180904	0.0	0.0	0.0	0.0	-4.22424e-05	-0.0180579	-0.000233008	-0.0180687	0.0	0.0	0.0	0.0	1.75252e-06	-0.0180593	
55.5276501522	0.000101455	-0.018039	0.0	0.0	0.0	0.0	-4.20074e-05	-0.0180068	-0.000231764	-0.0180176	0.0	0.0	0.0	0.0	1.75287e-06	-0.0180083	
55.6847297849	0.000100898	-0.017988	0.0	0.0	0.0	0.0	-4.17744e-05	-0.017956	-0.00023053	-0.0179667	0.0	0.0	0.0	0.0	1.7531e-06	-0.0179575	
55.8418094176	0.000100345	-0.0179372	0.0	0.0	0.0	0.0	-4.15433e-05	-0.0179055	-0.000229306	-0.0179161	0.0	0.0	0.0	0.0	1.75322e-06	-0.017907	
55.9988890502	9.97971e-05	-0.0178868	0.0	0.0	0.0	0.0	-4.13141e-05	-0.0178553	-0.000228091	-0.0178658	0.0	0.0	0.0	0.0	1.75323e-06	-0.0178567	
56.1559686829	9.92533e-05	-0.0178366	0.0	0.0	0.0	0.0	-4.10867e-05	-0.0178054	-0.000226886	-0.0178158	0.0	0.0	0.0	0.0	1.75314e-06	-0.0178068	
56.3130483156	9.8714e-05	-0.0177867	0.0	0.0	0.0	0.0	-4.08613e-05	-0.0177557	-0.00022569	-0.017766	0.0	0.0	0.0	0.0	1.75293e-06	-0.0177571	
56.4701279483	9.8179e-05	-0.017737	0.0	0.0	0.0	0.0	-4.06376e-05	-0.0177063	-0.000224503	-0.0177166	0.0	0.0	0.0	0.0	1.75263e-06	-0.0177077	
56.627207581	9.76483e-05	-0.0176877	0.0	0.0	0.0	0.0	-4.04158e-05	-0.0176572	-0.000223326	-0.0176674	0.0	0.0	0.0	0.0	1.75223e-06	-0.0176586	
56.7842872136	9.71218e-05	-0.0176386	0.0	0.0	0.0	0.0	-4.01958e-05	-0.0176084	-0.000222157	-0.0176185	0.0	0.0	0.0	0.0	1.75173e-06	-0.0176098	
56.9413668463	9.65996e-05	-0.0175898	0.0	0.0	0.0	0.0	-3.99776e-05	-0.0175598	-0.000220997	-0.0175698	0.0	0.0	0.0	0.0	1.75113e-06	-0.0175612	
57.098446479	9.60815e-05	-0.0175412	0.0	0.0	0.0	0.0	-3.97611e-05	-0.0175115	-0.000219847	-0.0175215	0.0	0.0	0.0	0.0	1.75044e-06	-0.0175129	
57.2555261117	9.55676e-05	-0.017493	0.0	0.0	0.0	0.0	-3.95464e-05	-0.0174635	-0.000218705	-0.0174734	0.0	0.0	0.0	0.0	1.74967e-06	-0.0174649	
57.4126057444	9.50577e-05	-0.017445	0.0	0.0	0.0	0.0	-3.93334e-05	-0.0174157	-0.000217571	-0.0174255	0.0	0.0	0.0	0.0	1.7488e-06	-0.0174171	
57.569685377	9.45519e-05	-0.0173972	0.0	0.0	0.0	0.0	-3.91221e-05	-0.0173682	-0.000216447	-0.0173779	0.0	0.0	0.0	0.0	1.74785e-06	-0.0173696	
57.7267650097	9.405e-05	-0.0173497	0.0	0.0	0.0	0.0	-3.89125e-05	-0.017321	-0.000215331	-0.0173306	0.0	0.0	0.0	0.0	1.74682e-06	-0.0173223	
57.8838446424	9.35522e-05	-0.0173025	0.0	0.0	0.0	0.0	-3.87046e-05	-0.017274	-0.000214223	-0.0172835	0.0	0.0	0.0	0.0	1.7457e-06	-0.0172753	
58.0409242751	9.30582e-05	-0.0172556	0.0	0.0	0.0	0.0	-3.84983e-05	-0.0172273	-0.000213123	-0.0172367	0.0	0.0	0.0	0.0	1.74451e-06	-0.0172286	
58.1980039078	9.25681e-05	-0.0172088	0.0	0.0	0.0	0.0	-3.82937e-05	-0.0171808	-0.000212032	-0.0171901	0.0	0.0	0.0	0.0	1.74323e-06	-0.0171821	
58.3550835404	9.20818e-05	-0.0171624	0.0	0.0	0.0	0.0	-3.80907e-05	-0.0171345	-0.000210949	-0.0171438	0.0	0.0	0.0	0.0	1.74189e-06	-0.0171358	
58.5121631731	9.15993e-05	-0.0171162	0.0	0.0	0.0	0.0	-3.78893e-05	-0.0170885	-0.000209875	-0.0170978	0.0	0.0	0.0	0.0	1.74047e-06	-0.0170898	
58.6692428058	9.11206e-05	-0.0170702	0.0	0.0	0.0	0.0	-3.76894e-05	-0.0170428	-0.000208808	-0.017052	0.0	0.0	0.0	0.0	1.73897e-06	-0.0170441	
58.8263224385	9.06456e-05	-0.0170245	0.0	0.0	0.0	0.0	-3.74912e-05	-0.0169973	-0.000207749	-0.0170064	0.0	0.0	0.0	0.0	1.73741e-06	-0.0169986	
58.9834020711	9.01742e-05	-0.016979	0.0	0.0	0.0	0.0	-3.72945e-05	-0.016952	-0.000206698	-0.0169611	0.0	0.0	0.0	0.0	1.73578e-06	-0.0169533	
59.1404817038	8.97065e-05	-0.0169338	0.0	0.0	0.0	0.0	-3.70993e-05	-0.016907	-0.000205655	-0.016916	0.0	0.0	0.0	0.0	1.73409e-06	-0.0169083	
59.2975613365	8.92424e-05	-0.0168888	0.0	0.0	0.0	0.0	-3.69057e-05	-0.0168623	-0.00020462	-0.0168711	0.0	0.0	0.0	0.0	1.73233e-06	-0.0168635	
59.4546409692	8.87819e-05	-0.0168441	0.0	0.0	0.0	0.0	-3.67135e-05	-0.0168177	-0.000203592	-0.0168265	0.0	0.0	0.0	0.0	1.7305e-06	-0.0168189	
59.6117206019	8.83248e-05	-0.0167996	0.0	0.0	0.0	0.0	-3.65229e-05	-0.0167734	-0.000202572	-0.0167822	0.0	0.0	0.0	0.0	1.72862e-06	-0.0167746	
59.7688002345	8.78713e-05	-0.0167553	0.0	0.0	0.0	0.0	-3.63337e-05	-0.0167293	-0.000201559	-0.016738	0.0	0.0	0.0	0.0	1.72668e-06	-0.0167305	
59.9258798672	8.74213e-05	-0.0167112	0.0	0.0	0.0	0.0	-3.6146e-05	-0.0166855	-0.000200554	-0.0166941	0.0	0.0	0.0	0.0	1.72467e-06	-0.0166867	
60.0829594999	8.69746e-05	-0.0166674	0.0	0.0	0.0	0.0	-3.59597e-05	-0.0166419	-0.000199556	-0.0166504	0.0	0.0	0.0	0.0	1.72262e-06	-0.0166431	
60.2400391326	8.65314e-05	-0.0166239	0.0	0.0	0.0	0.0	-3.57749e-05	-0.0165985	-0.000198565	-0.016607	0.0	0.0	0.0	0.0	1.7205e-06	-0.0165997	
60.3971187653	8.60915e-05	-0.0165805	0.0	0.0	0.0	0.0	-3.55914e-05	-0.0165553	-0.000197582	-0.0165638	0.0	0.0	0.0	0.0	1.71834e-06	-0.0165565	
60.5541983979	8.56549e-05	-0.0165374	0.0	0.0	0.0	0.0	-3.54094e-05	-0.0165124	-0.000196606	-0.0165208	0.0	0.0	0.0	0.0	1.71612e-06	-0.0165136	
60.7112780306	8.52216e-05	-0.0164945	0.0	0.0	0.0	0.0	-3.52288e-05	-0.0164697	-0.000195637	-0.016478	0.0	0.0	0.0	0.0	1.71385e-06	-0.0164708	
60.8683576633	8.47916e-05	-0.0164518	0.0	0.0	0.0	0.0	-3.50495e-05	-0.0164272	-0.000194675	-0.0164354	0.0	0.0	0.0	0.0	1.71154e-06	-0.0164283	
61.025437296	8.43648e-05	-0.0164093	0.0	0.0	0.0	0.0	-3.48716e-05	-0.0163849	-0.000193719	-0.0163931	0.0	0.0	0.0	0.0	1.70917e-06	-0.016386	
61.1825169287	8.39412e-05	-0.0163671	0.0	0.0	0.0	0.0	-3.4695e-05	-0.0163429	-0.000192771	-0.016351	0.0	0.0	0.0	0.0	1.70676e-06	-0.016344	
61.3395965613	8.35207e-05	-0.0163251	0.0	0.0	0.0	0.0	-3.45198e-05	-0.016301	-0.00019183	-0.0163091	0.0	0.0	0.0	0.0	1.7043e-06	-0.0163021	
61.496676194	8.31034e-05	-0.0162832	0.0	0.0	0.0	0.0	-3.43459e-05	-0.0162594	-0.000190895	-0.0162674	0.0	0.0	0.0	0.0	1.7018e-06	-0.0162605	
61.6537558267	8.26891e-05	-0.0162417	0.0	0.0	0.0	0.0	-3.41733e-05	-0.016218	-0.000189967	-0.0162259	0.0	0.0	0.0	0.0	1.69926e-06	-0.0162191	
61.8108354594	8.2278e-05	-0.0162003	0.0	0.0	0.0	0.0	-3.40019e-05	-0.0161768	-0.000189046	-0.0161846	0.0	0.0	0.0	0.0	1.69667e-06	-0.0161779	
61.9679150921	8.18699e-05	-0.0161591	0.0	0.0	0.0	0.0	-3.38319e-05	-0.0161358	-0.000188131	-0.0161436	0.0	0.0	0.0	0.0	1.69405e-06	-0.0161368	
62.1249947247	8.14647e-05	-0.0161181	0.0	0.0	0.0	0.0	-3.36631e-05	-0.016095	-0.000187223	-0.0161027	0.0	0.0	0.0	0.0	1.69138e-06	-0.016096	
62.2820743574	8.10626e-05	-0.0160774	0.0	0.0	0.0	0.0	-3.34956e-05	-0.0160544	-0.000186321	-0.0160621	0.0	0.0	0.0	0.0	1.68868e-06	-0.0160555	
62.4391539901	8.06634e-05	-0.0160368	0.0	0.0	0.0	0.0	-3.33293e-05	-0.016014	-0.000185425	-0.0160216	0.0	0.0	0.0	0.0	1.68594e-06	-0.0160151	
62.5962336228	8.02671e-05	-0.0159965	0.0	0.0	0.0	0.0	-3.31643e-05	-0.0159738	-0.000184536	-0.0159814	0.0	0.0	0.0	0.0	1.68316e-06	-0.0159749	
62.7533132555	7.98738e-05	-0.0159563	0.0	0.0	0.0	0.0	-3.30005e-05	-0.0159339	-0.000183653	-0.0159414	0.0	0.0	0.0	0.0	1.68035e-06	-0.0159349	
62.9103928881	7.94832e-05	-0.0159164	0.0	0.0	0.0	0.0	-3.28378e-05	-0.0158941	-0.000182777	-0.0159015	0.0	0.0	0.0	0.0	1.67751e-06	-0.0158951	
63.0674725208	7.90956e-05	-0.0158766	0.0	0.0	0.0	0.0	-3.26764e-05	-0.0158545	-0.000181906	-0.0158619	0.0	0.0	0.0	0.0	1.67463e-06	-0.0158555	
63.2245521535	7.87107e-05	-0.0158371	0.0	0.0	0.0	0.0	-3.25162e-05	-0.0158151	-0.000181042	-0.0158225	0.0	0.0	0.0	0.0	1.67172e-06	-0.0158161	
63.3816317862	7.83286e-05	-0.0157978	0.0	0.0	0.0	0.0	-3.23571e-05	-0.0157759	-0.000180184	-0.0157832	0.0	0.0	0.0	0.0	1.66878e-06	-0.0157769	
63.5387114189	7.79493e-05	-0.0157586	0.0	0.0	0.0	0.0	-3.21992e-05	-0.0157369	-0.000179331	-0.0157442	0.0	0.0	0.0	0.0	1.66581e-06	-0.0157379	
63.6957910515	7.75727e-05	-0.0157196	0.0	0.0	0.0	0.0	-3.20424e-05	-0.0156981	-0.000178485	-0.0157053	0.0	0.0	0.0	0.0	1.66282e-06	-0.0156991	
63.8528706842	7.71988e-05	-0.0156809	0.0	0.0	0.0	0.0	-3.18868e-05	-0.0156595	-0.000177645	-0.0156667	0.0	0.0	0.0	0.0	1.65979e-06	-0.0156605	
64.0099503169	7.68276e-05	-0.0156423	0.0	0.0	0.0	0.0	-3.17323e-05	-0.0156211	-0.00017681	-0.0156282	0.0	0.0	0.0	0.0	1.65673e-06	-0.0156221	
64.1670299496	7.6459e-05	-0.0156039	0.0	0.0	0.0	0.0	-3.15789e-05	-0.0155829	-0.000175981	-0.0155899	0.0	0.0	0.0	0.0	1.65365e-06	-0.0155839	
64.3241095823	7.60931e-05	-0.0155657	0.0	0.0	0.0	0.0	-3.14266e-05	-0.0155448	-0.000175158	-0.0155518	0.0	0.0	0.0	0.0	1.65055e-06	-0.0155458	
64.4811892149	7.57298e-05	-0.0155277	0.0	0.0	0.0	0.0	-3.12755e-05	-0.015507	-0.00017434	-0.0155139	0.0	0.0	0.0	0.0	1.64742e-06	-0.0155079	
64.6382688476	7.5369e-05	-0.0154899	0.0	0.0	0.0	0.0	-3.11254e-05	-0.0154693	-0.000173528	-0.0154762	0.0	0.0	0.0	0.0	1.64426e-06	-0.0154702	
64.7953484803	7.50108e-05	-0.0154522	0.0	0.0	0.0	0.0	-3.09763e-05	-0.0154318	-0.000172722	-0.0154386	0.0	0.0	0.0	0.0	1.64109e-06	-0.0154327	
64.952428113	7.46552e-05	-0.0154148	0.0	0.0	0.0	0.0	-3.08284e-05	-0.0153945	-0.000171921	-0.0154013	0.0	0.0	0.0	0.0	1.63788e-06	-0.0153954	
65.1095077456	7.4302e-05	-0.0153775	0.0	0.0	0.0	0.0	-3.06814e-05	-0.0153574	-0.000171126	-0.0153641	0.0	0.0	0.0	0.0	1.63466e-06	-0.0153583	
65.2665873783	7.39514e-05	-0.0153404	0.0	0.0	0.0	0.0	-3.05356e-05	-0.0153204	-0.000170336	-0.0153271	0.0	0.0	0.0	0.0	1.63142e-06	-0.0153213	
65.423667011	7.36032e-05	-0.0153035	0.0	0.0	0.0	0.0	-3.03907e-05	-0.0152836	-0.000169552	-0.0152903	0.0	0.0	0.0	0.0	1.62816e-06	-0.0152845	
65.5807466437	7.32574e-05	-0.0152667	0.0	0.0	0.0	0.0	-3.02469e-05	-0.015247	-0.000168772	-0.0152536	0.0	0.0	0.0	0.0	1.62487e-06	-0.0152479	
65.7378262764	7.2914e-05	-0.0152302	0.0	0.0	0.0	0.0	-3.01041e-05	-0.0152106	-0.000167998	-0.0152172	0.0	0.0	0.0	0.0	1.62157e-06	-0.0152115	
65.894905909	7.25731e-05	-0.0151938	0.0	0.0	0.0	0.0	-2.99624e-05	-0.0151743	-0.00016723	-0.0151809	0.0	0.0	0.0	0.0	1.61825e-06	-0.0151752	
66.0519855417	7.22345e-05	-0.0151576	0.0	0.0	0.0	0.0	-2.98216e-05	-0.0151383	-0.000166466	-0.0151447	0.0	0.0	0.0	0.0	1.61492e-06	-0.0151392	
66.2090651744	7.18982e-05	-0.0151215	0.0	0.0	0.0	0.0	-2.96818e-05	-0.0151024	-0.000165708	-0.0151088	0.0	0.0	0.0	0.0	1.61156e-06	-0.0151032	
66.3661448071	7.15643e-05	-0.0150857	0.0	0.0	0.0	0.0	-2.95429e-05	-0.0150666	-0.000164955	-0.015073	0.0	0.0	0.0	0.0	1.60819e-06	-0.0150675	
66.5232244398	7.12327e-05	-0.01505	0.0	0.0	0.0	0.0	-2.94051e-05	-0.015031	-0.000164206	-0.0150374	0.0	0.0	0.0	0.0	1.60481e-06	-0.0150319	
66.6803040724	7.09034e-05	-0.0150144	0.0	0.0	0.0	0.0	-2.92682e-05	-0.0149956	-0.000163463	-0.0150019	0.0	0.0	0.0	0.0	1.60141e-06	-0.0149965	
66.8373837051	7.05763e-05	-0.0149791	0.0	0.0	0.0	0.0	-2.91322e-05	-0.0149604	-0.000162725	-0.0149666	0.0	0.0	0.0	0.0	1.59799e-06	-0.0149613	
66.9944633378	7.02515e-05	-0.0149439	0.0	0.0	0.0	0.0	-2.89972e-05	-0.0149253	-0.000161992	-0.0149315	0.0	0.0	0.0	0.0	1.59457e-06	-0.0149262	
67.1515429705	6.99289e-05	-0.0149088	0.0	0.0	0.0	0.0	-2.88631e-05	-0.0148904	-0.000161263	-0.0148966	0.0	0.0	0.0	0.0	1.59112e-06	-0.0148913	
67.3086226032	6.96086e-05	-0.0148739	0.0	0.0	0.0	0.0	-2.873e-05	-0.0148557	-0.000160539	-0.0148618	0.0	0.0	0.0	0.0	1.58767e-06	-0.0148565	
67.4657022358	6.92904e-05	-0.0148392	0.0	0.0	0.0	0.0	-2.85977e-05	-0.0148211	-0.000159821	-0.0148272	0.0	0.0	0.0	0.0	1.5842e-06	-0.0148219	
67.6227818685	6.89743e-05	-0.0148047	0.0	0.0	0.0	0.0	-2.84664e-05	-0.0147867	-0.000159107	-0.0147927	0.0	0.0	0.0	0.0	1.58073e-06	-0.0147875	
67.7798615012	6.86604e-05	-0.0147703	0.0	0.0	0.0	0.0	-2.8336e-05	-0.0147524	-0.000158397	-0.0147584	0.0	0.0	0.0	0.0	1.57724e-06	-0.0147532	
67.9369411339	6.83487e-05	-0.0147361	0.0	0.0	0.0	0.0	-2.82064e-05	-0.0147183	-0.000157692	-0.0147243	0.0	0.0	0.0	0.0	1.57374e-06	-0.0147191	
68.0940207666	6.8039e-05	-0.014702	0.0	0.0	0.0	0.0	-2.80778e-05	-0.0146844	-0.000156992	-0.0146903	0.0	0.0	0.0	0.0	1.57023e-06	-0.0146852	
68.2511003992	6.77314e-05	-0.0146681	0.0	0.0	0.0	0.0	-2.795e-05	-0.0146506	-0.000156297	-0.0146564	0.0	0.0	0.0	0.0	1.56671e-06	-0.0146514	
68.4081800319	6.74259e-05	-0.0146343	0.0	0.0	0.0	0.0	-2.78231e-05	-0.0146169	-0.000155606	-0.0146228	0.0	0.0	0.0	0.0	1.56318e-06	-0.0146178	
68.5652596646	6.71225e-05	-0.0146007	0.0	0.0	0.0	0.0	-2.7697e-05	-0.0145835	-0.000154919	-0.0145893	0.0	0.0	0.0	0.0	1.55964e-06	-0.0145843	
68.7223392973	6.6821e-05	-0.0145673	0.0	0.0	0.0	0.0	-2.75718e-05	-0.0145501	-0.000154237	-0.0145559	0.0	0.0	0.0	0.0	1.55609e-06	-0.0145509	
68.87941893	6.65216e-05	-0.014534	0.0	0.0	0.0	0.0	-2.74475e-05	-0.014517	-0.00015356	-0.0145227	0.0	0.0	0.0	0.0	1.55254e-06	-0.0145177	
69.0364985626	6.62242e-05	-0.0145009	0.0	0.0	0.0	0.0	-2.73239e-05	-0.0144839	-0.000152887	-0.0144896	0.0	0.0	0.0	0.0	1.54898e-06	-0.0144847	
69.1935781953	6.59288e-05	-0.0144679	0.0	0.0	0.0	0.0	-2.72013e-05	-0.0144511	-0.000152218	-0.0144567	0.0	0.0	0.0	0.0	1.54541e-06	-0.0144518	
69.350657828	6.56353e-05	-0.014435	0.0	0.0	0.0	0.0	-2.70794e-05	-0.0144183	-0.000151554	-0.0144239	0.0	0.0	0.0	0.0	1.54184e-06	-0.0144191	
69.5077374607	6.53438e-05	-0.0144024	0.0	0.0	0.0	0.0	-2.69583e-05	-0.0143858	-0.000150893	-0.0143913	0.0	0.0	0.0	0.0	1.53826e-06	-0.0143865	
69.6648170934	6.50542e-05	-0.0143698	0.0	0.0	0.0	0.0	-2.68381e-05	-0.0143533	-0.000150237	-0.0143588	0.0	0.0	0.0	0.0	1.53467e-06	-0.0143541	
69.821896726	6.47665e-05	-0.0143374	0.0	0.0	0.0	0.0	-2.67186e-05	-0.014321	-0.000149586	-0.0143265	0.0	0.0	0.0	0.0	1.53108e-06	-0.0143218	
69.9789763587	6.44807e-05	-0.0143052	0.0	0.0	0.0	0.0	-2.66e-05	-0.0142889	-0.000148938	-0.0142943	0.0	0.0	0.0	0.0	1.52748e-06	-0.0142896	
70.1360559914	6.41968e-05	-0.0142731	0.0	0.0	0.0	0.0	-2.64821e-05	-0.0142569	-0.000148295	-0.0142623	0.0	0.0	0.0	0.0	1.52388e-06	-0.0142576	
70.2931356241	6.39147e-05	-0.0142411	0.0	0.0	0.0	0.0	-2.6365e-05	-0.014225	-0.000147655	-0.0142304	0.0	0.0	0.0	0.0	1.52027e-06	-0.0142258	
70.4502152568	6.36345e-05	-0.0142093	0.0	0.0	0.0	0.0	-2.62487e-05	-0.0141933	-0.00014702	-0.0141987	0.0	0.0	0.0	0.0	1.51666e-06	-0.0141941	
70.6072948894	6.33561e-05	-0.0141776	0.0	0.0	0.0	0.0	-2.61331e-05	-0.0141618	-0.000146389	-0.0141671	0.0	0.0	0.0	0.0	1.51305e-06	-0.0141625	
70.7643745221	6.30796e-05	-0.0141461	0.0	0.0	0.0	0.0	-2.60183e-05	-0.0141303	-0.000145762	-0.0141356	0.0	0.0	0.0	0.0	1.50943e-06	-0.0141311	
70.9214541548	6.28048e-05	-0.0141147	0.0	0.0	0.0	0.0	-2.59043e-05	-0.014099	-0.000145139	-0.0141043	0.0	0.0	0.0	0.0	1.50581e-06	-0.0140998	
71.0785337875	6.25318e-05	-0.0140834	0.0	0.0	0.0	0.0	-2.5791e-05	-0.0140679	-0.000144519	-0.0140731	0.0	0.0	0.0	0.0	1.50219e-06	-0.0140686	
71.2356134201	6.22606e-05	-0.0140523	0.0	0.0	0.0	0.0	-2.56785e-05	-0.0140369	-0.000143904	-0.014042	0.0	0.0	0.0	0.0	1.49857e-06	-0.0140376	
71.3926930528	6.19911e-05	-0.0140213	0.0	0.0	0.0	0.0	-2.55666e-05	-0.014006	-0.000143292	-0.0140111	0.0	0.0	0.0	0.0	1.49494e-06	-0.0140067	
71.5497726855	6.17234e-05	-0.0139905	0.0	0.0	0.0	0.0	-2.54555e-05	-0.0139752	-0.000142685	-0.0139803	0.0	0.0	0.0	0.0	1.49131e-06	-0.013976	
71.7068523182	6.14574e-05	-0.0139598	0.0	0.0	0.0	0.0	-2.53452e-05	-0.0139446	-0.000142081	-0.0139497	0.0	0.0	0.0	0.0	1.48768e-06	-0.0139453	
71.8639319509	6.1193e-05	-0.0139292	0.0	0.0	0.0	0.0	-2.52355e-05	-0.0139142	-0.000141481	-0.0139192	0.0	0.0	0.0	0.0	1.48405e-06	-0.0139149	
72.0210115835	6.09304e-05	-0.0138988	0.0	0.0	0.0	0.0	-2.51265e-05	-0.0138838	-0.000140885	-0.0138888	0.0	0.0	0.0	0.0	1.48042e-06	-0.0138845	
72.1780912162	6.06695e-05	-0.0138684	0.0	0.0	0.0	0.0	-2.50183e-05	-0.0138536	-0.000140292	-0.0138586	0.0	0.0	0.0	0.0	1.47679e-06	-0.0138543	
72.3351708489	6.04102e-05	-0.0138383	0.0	0.0	0.0	0.0	-2.49107e-05	-0.0138235	-0.000139703	-0.0138285	0.0	0.0	0.0	0.0	1.47315e-06	-0.0138242	
72.4922504816	6.01526e-05	-0.0138082	0.0	0.0	0.0	0.0	-2.48039e-05	-0.0137936	-0.000139118	-0.0137985	0.0	0.0	0.0	0.0	1.46952e-06	-0.0137943	
72.6493301143	5.98966e-05	-0.0137783	0.0	0.0	0.0	0.0	-2.46977e-05	-0.0137638	-0.000138536	-0.0137686	0.0	0.0	0.0	0.0	1.46589e-06	-0.0137644	
72.8064097469	5.96422e-05	-0.0137485	0.0	0.0	0.0	0.0	-2.45922e-05	-0.0137341	-0.000137958	-0.0137389	0.0	0.0	0.0	0.0	1.46226e-06	-0.0137347	
72.9634893796	5.93895e-05	-0.0137189	0.0	0.0	0.0	0.0	-2.44873e-05	-0.0137045	-0.000137384	-0.0137093	0.0	0.0	0.0	0.0	1.45863e-06	-0.0137052	
73.1205690123	5.91383e-05	-0.0136894	0.0	0.0	0.0	0.0	-2.43832e-05	-0.0136751	-0.000136813	-0.0136799	0.0	0.0	0.0	0.0	1.45499e-06	-0.0136757	
73.277648645	5.88887e-05	-0.01366	0.0	0.0	0.0	0.0	-2.42797e-05	-0.0136458	-0.000136245	-0.0136505	0.0	0.0	0.0	0.0	1.45137e-06	-0.0136464	
73.4347282777	5.86407e-05	-0.0136307	0.0	0.0	0.0	0.0	-2.41768e-05	-0.0136166	-0.000135681	-0.0136213	0.0	0.0	0.0	0.0	1.44774e-06	-0.0136172	
73.5918079103	5.83943e-05	-0.0136015	0.0	0.0	0.0	0.0	-2.40746e-05	-0.0135875	-0.000135121	-0.0135922	0.0	0.0	0.0	0.0	1.44411e-06	-0.0135882	
73.748887543	5.81494e-05	-0.0135725	0.0	0.0	0.0	0.0	-2.39731e-05	-0.0135586	-0.000134564	-0.0135632	0.0	0.0	0.0	0.0	1.44049e-06	-0.0135592	
73.9059671757	5.7906e-05	-0.0135436	0.0	0.0	0.0	0.0	-2.38722e-05	-0.0135298	-0.00013401	-0.0135344	0.0	0.0	0.0	0.0	1.43686e-06	-0.0135304	
74.0630468084	5.76641e-05	-0.0135148	0.0	0.0	0.0	0.0	-2.37719e-05	-0.0135011	-0.00013346	-0.0135057	0.0	0.0	0.0	0.0	1.43324e-06	-0.0135017	
74.2201264411	5.74238e-05	-0.0134862	0.0	0.0	0.0	0.0	-2.36722e-05	-0.0134725	-0.000132913	-0.0134771	0.0	0.0	0.0	0.0	1.42962e-06	-0.0134731	
74.3772060737	5.71849e-05	-0.0134576	0.0	0.0	0.0	0.0	-2.35732e-05	-0.0134441	-0.000132369	-0.0134486	0.0	0.0	0.0	0.0	1.42601e-06	-0.0134447	
74.5342857064	5.69475e-05	-0.0134292	0.0	0.0	0.0	0.0	-2.34748e-05	-0.0134157	-0.000131829	-0.0134202	0.0	0.0	0.0	0.0	1.4224e-06	-0.0134164	
74.6913653391	5.67116e-05	-0.0134009	0.0	0.0	0.0	0.0	-2.3377e-05	-0.0133875	-0.000131292	-0.013392	0.0	0.0	0.0	0.0	1.41879e-06	-0.0133881	
74.8484449718	5.64771e-05	-0.0133727	0.0	0.0	0.0	0.0	-2.32798e-05	-0.0133594	-0.000130758	-0.0133639	0.0	0.0	0.0	0.0	1.41518e-06	-0.01336	
75.0055246045	5.62441e-05	-0.0133447	0.0	0.0	0.0	0.0	-2.31832e-05	-0.0133314	-0.000130227	-0.0133359	0.0	0.0	0.0	0.0	1.41157e-06	-0.0133321	
75.1626042371	5.60125e-05	-0.0133168	0.0	0.0	0.0	0.0	-2.30872e-05	-0.0133036	-0.0001297	-0.013308	0.0	0.0	0.0	0.0	1.40797e-06	-0.0133042	
75.3196838698	5.57824e-05	-0.0132889	0.0	0.0	0.0	0.0	-2.29918e-05	-0.0132759	-0.000129176	-0.0132802	0.0	0.0	0.0	0.0	1.40438e-06	-0.0132765	
75.4767635025	5.55536e-05	-0.0132612	0.0	0.0	0.0	0.0	-2.2897e-05	-0.0132482	-0.000128654	-0.0132526	0.0	0.0	0.0	0.0	1.40079e-06	-0.0132488	
75.6338431352	5.53262e-05	-0.0132336	0.0	0.0	0.0	0.0	-2.28028e-05	-0.0132207	-0.000128136	-0.013225	0.0	0.0	0.0	0.0	1.3972e-06	-0.0132213	
75.7909227679	5.51003e-05	-0.0132062	0.0	0.0	0.0	0.0	-2.27092e-05	-0.0131933	-0.000127621	-0.0131976	0.0	0.0	0.0	0.0	1.39361e-06	-0.0131939	
75.9480024005	5.48757e-05	-0.0131788	0.0	0.0	0.0	0.0	-2.26161e-05	-0.013166	-0.00012711	-0.0131703	0.0	0.0	0.0	0.0	1.39003e-06	-0.0131666	
76.1050820332	5.46524e-05	-0.0131515	0.0	0.0	0.0	0.0	-2.25236e-05	-0.0131389	-0.000126601	-0.0131431	0.0	0.0	0.0	0.0	1.38646e-06	-0.0131395	
76.2621616659	5.44305e-05	-0.0131244	0.0	0.0	0.0	0.0	-2.24317e-05	-0.0131118	-0.000126095	-0.013116	0.0	0.0	0.0	0.0	1.38289e-06	-0.0131124	
76.4192412986	5.421e-05	-0.0130974	0.0	0.0	0.0	0.0	-2.23403e-05	-0.0130849	-0.000125592	-0.0130891	0.0	0.0	0.0	0.0	1.37932e-06	-0.0130854	
76.5763209313	5.39908e-05	-0.0130705	0.0	0.0	0.0	0.0	-2.22495e-05	-0.013058	-0.000125092	-0.0130622	0.0	0.0	0.0	0.0	1.37576e-06	-0.0130586	
76.7334005639	5.37729e-05	-0.0130437	0.0	0.0	0.0	0.0	-2.21592e-05	-0.0130313	-0.000124595	-0.0130354	0.0	0.0	0.0	0.0	1.3722e-06	-0.0130319	
76.8904801966	5.35563e-05	-0.013017	0.0	0.0	0.0	0.0	-2.20695e-05	-0.0130047	-0.000124101	-0.0130088	0.0	0.0	0.0	0.0	1.36865e-06	-0.0130052	
77.0475598293	5.33411e-05	-0.0129904	0.0	0.0	0.0	0.0	-2.19803e-05	-0.0129782	-0.00012361	-0.0129823	0.0	0.0	0.0	0.0	1.3651e-06	-0.0129787	
77.204639462	5.31271e-05	-0.0129639	0.0	0.0	0.0	0.0	-2.18917e-05	-0.0129518	-0.000123122	-0.0129558	0.0	0.0	0.0	0.0	1.36156e-06	-0.0129523	
77.3617190946	5.29144e-05	-0.0129375	0.0	0.0	0.0	0.0	-2.18036e-05	-0.0129255	-0.000122637	-0.0129295	0.0	0.0	0.0	0.0	1.35803e-06	-0.012926	
77.5187987273	5.27029e-05	-0.0129113	0.0	0.0	0.0	0.0	-2.1716e-05	-0.0128993	-0.000122154	-0.0129033	0.0	0.0	0.0	0.0	1.3545e-06	-0.0128998	
77.67587836	5.24928e-05	-0.0128851	0.0	0.0	0.0	0.0	-2.16289e-05	-0.0128732	-0.000121675	-0.0128772	0.0	0.0	0.0	0.0	1.35097e-06	-0.0128738	
77.8329579927	5.22838e-05	-0.0128591	0.0	0.0	0.0	0.0	-2.15424e-05	-0.0128472	-0.000121198	-0.0128512	0.0	0.0	0.0	0.0	1.34745e-06	-0.0128478	
77.9900376254	5.20761e-05	-0.0128331	0.0	0.0	0.0	0.0	-2.14564e-05	-0.0128213	-0.000120723	-0.0128253	0.0	0.0	0.0	0.0	1.34394e-06	-0.0128219	
78.147117258	5.18697e-05	-0.0128073	0.0	0.0	0.0	0.0	-2.13709e-05	-0.0127956	-0.000120252	-0.0127995	0.0	0.0	0.0	0.0	1.34043e-06	-0.0127961	
78.3041968907	5.16644e-05	-0.0127816	0.0	0.0	0.0	0.0	-2.12859e-05	-0.0127699	-0.000119783	-0.0127738	0.0	0.0	0.0	0.0	1.33693e-06	-0.0127705	
78.4612765234	5.14604e-05	-0.0127559	0.0	0.0	0.0	0.0	-2.12014e-05	-0.0127444	-0.000119317	-0.0127482	0.0	0.0	0.0	0.0	1.33344e-06	-0.0127449	
