HDF5 "solver.out.h5" {
DATASET "/G1_LEGENDRE" {
   DATATYPE  H5T_IEEE_F64LE
   DATASPACE  SIMPLE { ( 4, 4, 40, 2 ) / ( 4, 4, 40, 2 ) }
   DATA {
   (0,0,0,0): -3.51594, 0,
   (0,0,1,0): -1.31705, 0,
   (0,0,2,0): -3.00128, 0,
   (0,0,3,0): -1.16397, 0,
   (0,0,4,0): -1.63095, 0,
   (0,0,5,0): -0.693643, 0,
   (0,0,6,0): -0.760629, 0,
   (0,0,7,0): -0.33793, 0,
   (0,0,8,0): -0.314198, 0,
   (0,0,9,0): -0.143544, 0,
   (0,0,10,0): -0.123852, 0,
   (0,0,11,0): -0.0528907, 0,
   (0,0,12,0): -0.0531731, 0,
   (0,0,13,0): -0.0232695, 0,
   (0,0,14,0): -0.021784, 0,
   (0,0,15,0): -0.00430118, 0,
   (0,0,16,0): -0.00526756, 0,
   (0,0,17,0): -0.000982552, 0,
   (0,0,18,0): -0.00091542, 0,
   (0,0,19,0): 0.00546534, 0,
   (0,0,20,0): 0.0103534, 0,
   (0,0,21,0): 0.00353699, 0,
   (0,0,22,0): 0.0117125, 0,
   (0,0,23,0): 0.00339609, 0,
   (0,0,24,0): 0.00926821, 0,
   (0,0,25,0): 0.00427873, 0,
   (0,0,26,0): 0.00754328, 0,
   (0,0,27,0): -0.00373875, 0,
   (0,0,28,0): 0.000159876, 0,
   (0,0,29,0): -0.0111861, 0,
   (0,0,30,0): -0.00476943, 0,
   (0,0,31,0): -0.00755491, 0,
   (0,0,32,0): -0.00706109, 0,
   (0,0,33,0): -0.00396427, 0,
   (0,0,34,0): 0.00105115, 0,
   (0,0,35,0): 0.00345111, 0,
   (0,0,36,0): 0.0040603, 0,
   (0,0,37,0): -0.00400182, 0,
   (0,0,38,0): -0.00806084, 0,
   (0,0,39,0): -0.0161725, 0,
   (0,1,0,0): 0, 0,
   (0,1,1,0): 0, 0,
   (0,1,2,0): 0, 0,
   (0,1,3,0): 0, 0,
   (0,1,4,0): 0, 0,
   (0,1,5,0): 0, 0,
   (0,1,6,0): 0, 0,
   (0,1,7,0): 0, 0,
   (0,1,8,0): 0, 0,
   (0,1,9,0): 0, 0,
   (0,1,10,0): 0, 0,
   (0,1,11,0): 0, 0,
   (0,1,12,0): 0, 0,
   (0,1,13,0): 0, 0,
   (0,1,14,0): 0, 0,
   (0,1,15,0): 0, 0,
   (0,1,16,0): 0, 0,
   (0,1,17,0): 0, 0,
   (0,1,18,0): 0, 0,
   (0,1,19,0): 0, 0,
   (0,1,20,0): 0, 0,
   (0,1,21,0): 0, 0,
   (0,1,22,0): 0, 0,
   (0,1,23,0): 0, 0,
   (0,1,24,0): 0, 0,
   (0,1,25,0): 0, 0,
   (0,1,26,0): 0, 0,
   (0,1,27,0): 0, 0,
   (0,1,28,0): 0, 0,
   (0,1,29,0): 0, 0,
   (0,1,30,0): 0, 0,
   (0,1,31,0): 0, 0,
   (0,1,32,0): 0, 0,
   (0,1,33,0): 0, 0,
   (0,1,34,0): 0, 0,
   (0,1,35,0): 0, 0,
   (0,1,36,0): 0, 0,
   (0,1,37,0): 0, 0,
   (0,1,38,0): 0, 0,
   (0,1,39,0): 0, 0,
   (0,2,0,0): 0, 0,
   (0,2,1,0): 0, 0,
   (0,2,2,0): 0, 0,
   (0,2,3,0): 0, 0,
   (0,2,4,0): 0, 0,
   (0,2,5,0): 0, 0,
   (0,2,6,0): 0, 0,
   (0,2,7,0): 0, 0,
   (0,2,8,0): 0, 0,
   (0,2,9,0): 0, 0,
   (0,2,10,0): 0, 0,
   (0,2,11,0): 0, 0,
   (0,2,12,0): 0, 0,
   (0,2,13,0): 0, 0,
   (0,2,14,0): 0, 0,
   (0,2,15,0): 0, 0,
   (0,2,16,0): 0, 0,
   (0,2,17,0): 0, 0,
   (0,2,18,0): 0, 0,
   (0,2,19,0): 0, 0,
   (0,2,20,0): 0, 0,
   (0,2,21,0): 0, 0,
   (0,2,22,0): 0, 0,
   (0,2,23,0): 0, 0,
   (0,2,24,0): 0, 0,
   (0,2,25,0): 0, 0,
   (0,2,26,0): 0, 0,
   (0,2,27,0): 0, 0,
   (0,2,28,0): 0, 0,
   (0,2,29,0): 0, 0,
   (0,2,30,0): 0, 0,
   (0,2,31,0): 0, 0,
   (0,2,32,0): 0, 0,
   (0,2,33,0): 0, 0,
   (0,2,34,0): 0, 0,
   (0,2,35,0): 0, 0,
   (0,2,36,0): 0, 0,
   (0,2,37,0): 0, 0,
   (0,2,38,0): 0, 0,
   (0,2,39,0): 0, 0,
   (0,3,0,0): 0, 0,
   (0,3,1,0): 0, 0,
   (0,3,2,0): 0, 0,
   (0,3,3,0): 0, 0,
   (0,3,4,0): 0, 0,
   (0,3,5,0): 0, 0,
   (0,3,6,0): 0, 0,
   (0,3,7,0): 0, 0,
   (0,3,8,0): 0, 0,
   (0,3,9,0): 0, 0,
   (0,3,10,0): 0, 0,
   (0,3,11,0): 0, 0,
   (0,3,12,0): 0, 0,
   (0,3,13,0): 0, 0,
   (0,3,14,0): 0, 0,
   (0,3,15,0): 0, 0,
   (0,3,16,0): 0, 0,
   (0,3,17,0): 0, 0,
   (0,3,18,0): 0, 0,
   (0,3,19,0): 0, 0,
   (0,3,20,0): 0, 0,
   (0,3,21,0): 0, 0,
   (0,3,22,0): 0, 0,
   (0,3,23,0): 0, 0,
   (0,3,24,0): 0, 0,
   (0,3,25,0): 0, 0,
   (0,3,26,0): 0, 0,
   (0,3,27,0): 0, 0,
   (0,3,28,0): 0, 0,
   (0,3,29,0): 0, 0,
   (0,3,30,0): 0, 0,
   (0,3,31,0): 0, 0,
   (0,3,32,0): 0, 0,
   (0,3,33,0): 0, 0,
   (0,3,34,0): 0, 0,
   (0,3,35,0): 0, 0,
   (0,3,36,0): 0, 0,
   (0,3,37,0): 0, 0,
   (0,3,38,0): 0, 0,
   (0,3,39,0): 0, 0,
   (1,0,0,0): 0, 0,
   (1,0,1,0): 0, 0,
   (1,0,2,0): 0, 0,
   (1,0,3,0): 0, 0,
   (1,0,4,0): 0, 0,
   (1,0,5,0): 0, 0,
   (1,0,6,0): 0, 0,
   (1,0,7,0): 0, 0,
   (1,0,8,0): 0, 0,
   (1,0,9,0): 0, 0,
   (1,0,10,0): 0, 0,
   (1,0,11,0): 0, 0,
   (1,0,12,0): 0, 0,
   (1,0,13,0): 0, 0,
   (1,0,14,0): 0, 0,
   (1,0,15,0): 0, 0,
   (1,0,16,0): 0, 0,
   (1,0,17,0): 0, 0,
   (1,0,18,0): 0, 0,
   (1,0,19,0): 0, 0,
   (1,0,20,0): 0, 0,
   (1,0,21,0): 0, 0,
   (1,0,22,0): 0, 0,
   (1,0,23,0): 0, 0,
   (1,0,24,0): 0, 0,
   (1,0,25,0): 0, 0,
   (1,0,26,0): 0, 0,
   (1,0,27,0): 0, 0,
   (1,0,28,0): 0, 0,
   (1,0,29,0): 0, 0,
   (1,0,30,0): 0, 0,
   (1,0,31,0): 0, 0,
   (1,0,32,0): 0, 0,
   (1,0,33,0): 0, 0,
   (1,0,34,0): 0, 0,
   (1,0,35,0): 0, 0,
   (1,0,36,0): 0, 0,
   (1,0,37,0): 0, 0,
   (1,0,38,0): 0, 0,
   (1,0,39,0): 0, 0,
   (1,1,0,0): -3.51516, 0,
   (1,1,1,0): -1.31931, 0,
   (1,1,2,0): -2.99363, 0,
   (1,1,3,0): -1.16684, 0,
   (1,1,4,0): -1.62744, 0,
   (1,1,5,0): -0.699823, 0,
   (1,1,6,0): -0.756933, 0,
   (1,1,7,0): -0.334096, 0,
   (1,1,8,0): -0.316936, 0,
   (1,1,9,0): -0.141987, 0,
   (1,1,10,0): -0.126962, 0,
   (1,1,11,0): -0.049486, 0,
   (1,1,12,0): -0.0521559, 0,
   (1,1,13,0): -0.0127612, 0,
   (1,1,14,0): -0.0220251, 0,
   (1,1,15,0): -0.00633316, 0,
   (1,1,16,0): -0.0105138, 0,
   (1,1,17,0): -0.00802309, 0,
   (1,1,18,0): -0.00235241, 0,
   (1,1,19,0): -0.00133313, 0,
   (1,1,20,0): 0.00325597, 0,
   (1,1,21,0): 0.00382823, 0,
   (1,1,22,0): 0.0102572, 0,
   (1,1,23,0): 0.00267388, 0,
   (1,1,24,0): 0.00910061, 0,
   (1,1,25,0): -0.0038156, 0,
   (1,1,26,0): 0.000847539, 0,
   (1,1,27,0): -0.0062017, 0,
   (1,1,28,0): -0.00074073, 0,
   (1,1,29,0): -0.0148195, 0,
   (1,1,30,0): -0.00786365, 0,
   (1,1,31,0): -0.0190698, 0,
   (1,1,32,0): -0.0025412, 0,
   (1,1,33,0): -0.00609401, 0,
   (1,1,34,0): 0.0070409, 0,
   (1,1,35,0): -0.000551413, 0,
   (1,1,36,0): 0.00404606, 0,
   (1,1,37,0): -0.00534816, 0,
   (1,1,38,0): -0.000209686, 0,
   (1,1,39,0): -0.0111471, 0,
   (1,2,0,0): 0, 0,
   (1,2,1,0): 0, 0,
   (1,2,2,0): 0, 0,
   (1,2,3,0): 0, 0,
   (1,2,4,0): 0, 0,
   (1,2,5,0): 0, 0,
   (1,2,6,0): 0, 0,
   (1,2,7,0): 0, 0,
   (1,2,8,0): 0, 0,
   (1,2,9,0): 0, 0,
   (1,2,10,0): 0, 0,
   (1,2,11,0): 0, 0,
   (1,2,12,0): 0, 0,
   (1,2,13,0): 0, 0,
   (1,2,14,0): 0, 0,
   (1,2,15,0): 0, 0,
   (1,2,16,0): 0, 0,
   (1,2,17,0): 0, 0,
   (1,2,18,0): 0, 0,
   (1,2,19,0): 0, 0,
   (1,2,20,0): 0, 0,
   (1,2,21,0): 0, 0,
   (1,2,22,0): 0, 0,
   (1,2,23,0): 0, 0,
   (1,2,24,0): 0, 0,
   (1,2,25,0): 0, 0,
   (1,2,26,0): 0, 0,
   (1,2,27,0): 0, 0,
   (1,2,28,0): 0, 0,
   (1,2,29,0): 0, 0,
   (1,2,30,0): 0, 0,
   (1,2,31,0): 0, 0,
   (1,2,32,0): 0, 0,
   (1,2,33,0): 0, 0,
   (1,2,34,0): 0, 0,
   (1,2,35,0): 0, 0,
   (1,2,36,0): 0, 0,
   (1,2,37,0): 0, 0,
   (1,2,38,0): 0, 0,
   (1,2,39,0): 0, 0,
   (1,3,0,0): 0, 0,
   (1,3,1,0): 0, 0,
   (1,3,2,0): 0, 0,
   (1,3,3,0): 0, 0,
   (1,3,4,0): 0, 0,
   (1,3,5,0): 0, 0,
   (1,3,6,0): 0, 0,
   (1,3,7,0): 0, 0,
   (1,3,8,0): 0, 0,
   (1,3,9,0): 0, 0,
   (1,3,10,0): 0, 0,
   (1,3,11,0): 0, 0,
   (1,3,12,0): 0, 0,
   (1,3,13,0): 0, 0,
   (1,3,14,0): 0, 0,
   (1,3,15,0): 0, 0,
   (1,3,16,0): 0, 0,
   (1,3,17,0): 0, 0,
   (1,3,18,0): 0, 0,
   (1,3,19,0): 0, 0,
   (1,3,20,0): 0, 0,
   (1,3,21,0): 0, 0,
   (1,3,22,0): 0, 0,
   (1,3,23,0): 0, 0,
   (1,3,24,0): 0, 0,
   (1,3,25,0): 0, 0,
   (1,3,26,0): 0, 0,
   (1,3,27,0): 0, 0,
   (1,3,28,0): 0, 0,
   (1,3,29,0): 0, 0,
   (1,3,30,0): 0, 0,
   (1,3,31,0): 0, 0,
   (1,3,32,0): 0, 0,
   (1,3,33,0): 0, 0,
   (1,3,34,0): 0, 0,
   (1,3,35,0): 0, 0,
   (1,3,36,0): 0, 0,
   (1,3,37,0): 0, 0,
   (1,3,38,0): 0, 0,
   (1,3,39,0): 0, 0,
   (2,0,0,0): 0, 0,
   (2,0,1,0): 0, 0,
   (2,0,2,0): 0, 0,
   (2,0,3,0): 0, 0,
   (2,0,4,0): 0, 0,
   (2,0,5,0): 0, 0,
   (2,0,6,0): 0, 0,
   (2,0,7,0): 0, 0,
   (2,0,8,0): 0, 0,
   (2,0,9,0): 0, 0,
   (2,0,10,0): 0, 0,
   (2,0,11,0): 0, 0,
   (2,0,12,0): 0, 0,
   (2,0,13,0): 0, 0,
   (2,0,14,0): 0, 0,
   (2,0,15,0): 0, 0,
   (2,0,16,0): 0, 0,
   (2,0,17,0): 0, 0,
   (2,0,18,0): 0, 0,
   (2,0,19,0): 0, 0,
   (2,0,20,0): 0, 0,
   (2,0,21,0): 0, 0,
   (2,0,22,0): 0, 0,
   (2,0,23,0): 0, 0,
   (2,0,24,0): 0, 0,
   (2,0,25,0): 0, 0,
   (2,0,26,0): 0, 0,
   (2,0,27,0): 0, 0,
   (2,0,28,0): 0, 0,
   (2,0,29,0): 0, 0,
   (2,0,30,0): 0, 0,
   (2,0,31,0): 0, 0,
   (2,0,32,0): 0, 0,
   (2,0,33,0): 0, 0,
   (2,0,34,0): 0, 0,
   (2,0,35,0): 0, 0,
   (2,0,36,0): 0, 0,
   (2,0,37,0): 0, 0,
   (2,0,38,0): 0, 0,
   (2,0,39,0): 0, 0,
   (2,1,0,0): 0, 0,
   (2,1,1,0): 0, 0,
   (2,1,2,0): 0, 0,
   (2,1,3,0): 0, 0,
   (2,1,4,0): 0, 0,
   (2,1,5,0): 0, 0,
   (2,1,6,0): 0, 0,
   (2,1,7,0): 0, 0,
   (2,1,8,0): 0, 0,
   (2,1,9,0): 0, 0,
   (2,1,10,0): 0, 0,
   (2,1,11,0): 0, 0,
   (2,1,12,0): 0, 0,
   (2,1,13,0): 0, 0,
   (2,1,14,0): 0, 0,
   (2,1,15,0): 0, 0,
   (2,1,16,0): 0, 0,
   (2,1,17,0): 0, 0,
   (2,1,18,0): 0, 0,
   (2,1,19,0): 0, 0,
   (2,1,20,0): 0, 0,
   (2,1,21,0): 0, 0,
   (2,1,22,0): 0, 0,
   (2,1,23,0): 0, 0,
   (2,1,24,0): 0, 0,
   (2,1,25,0): 0, 0,
   (2,1,26,0): 0, 0,
   (2,1,27,0): 0, 0,
   (2,1,28,0): 0, 0,
   (2,1,29,0): 0, 0,
   (2,1,30,0): 0, 0,
   (2,1,31,0): 0, 0,
   (2,1,32,0): 0, 0,
   (2,1,33,0): 0, 0,
   (2,1,34,0): 0, 0,
   (2,1,35,0): 0, 0,
   (2,1,36,0): 0, 0,
   (2,1,37,0): 0, 0,
   (2,1,38,0): 0, 0,
   (2,1,39,0): 0, 0,
   (2,2,0,0): -2.32855, 0,
   (2,2,1,0): -0.587583, 0,
   (2,2,2,0): -2.29984, 0,
   (2,2,3,0): -0.62544, 0,
   (2,2,4,0): -1.54213, 0,
   (2,2,5,0): -0.486109, 0,
   (2,2,6,0): -0.933731, 0,
   (2,2,7,0): -0.322038, 0,
   (2,2,8,0): -0.521735, 0,
   (2,2,9,0): -0.191033, 0,
   (2,2,10,0): -0.272575, 0,
   (2,2,11,0): -0.105609, 0,
   (2,2,12,0): -0.134076, 0,
   (2,2,13,0): -0.0547781, 0,
   (2,2,14,0): -0.0597447, 0,
   (2,2,15,0): -0.0269453, 0,
   (2,2,16,0): -0.0218934, 0,
   (2,2,17,0): -0.0134883, 0,
   (2,2,18,0): -0.00701521, 0,
   (2,2,19,0): -0.00717066, 0,
   (2,2,20,0): -0.00378834, 0,
   (2,2,21,0): -0.00462746, 0,
   (2,2,22,0): -0.00313044, 0,
   (2,2,23,0): -0.00598927, 0,
   (2,2,24,0): -0.00271683, 0,
   (2,2,25,0): -0.00370353, 0,
   (2,2,26,0): 0.00129765, 0,
   (2,2,27,0): 0.000184244, 0,
   (2,2,28,0): 0.00311307, 0,
   (2,2,29,0): 0.00193458, 0,
   (2,2,30,0): 0.00335662, 0,
   (2,2,31,0): 0.00159284, 0,
   (2,2,32,0): 0.00269695, 0,
   (2,2,33,0): 0.00245778, 0,
   (2,2,34,0): 0.00187663, 0,
   (2,2,35,0): -0.000365004, 0,
   (2,2,36,0): 3.42587e-05, 0,
   (2,2,37,0): -0.000183623, 0,
   (2,2,38,0): -0.000861933, 0,
   (2,2,39,0): 0.00243901, 0,
   (2,3,0,0): 0, 0,
   (2,3,1,0): 0, 0,
   (2,3,2,0): 0, 0,
   (2,3,3,0): 0, 0,
   (2,3,4,0): 0, 0,
   (2,3,5,0): 0, 0,
   (2,3,6,0): 0, 0,
   (2,3,7,0): 0, 0,
   (2,3,8,0): 0, 0,
   (2,3,9,0): 0, 0,
   (2,3,10,0): 0, 0,
   (2,3,11,0): 0, 0,
   (2,3,12,0): 0, 0,
   (2,3,13,0): 0, 0,
   (2,3,14,0): 0, 0,
   (2,3,15,0): 0, 0,
   (2,3,16,0): 0, 0,
   (2,3,17,0): 0, 0,
   (2,3,18,0): 0, 0,
   (2,3,19,0): 0, 0,
   (2,3,20,0): 0, 0,
   (2,3,21,0): 0, 0,
   (2,3,22,0): 0, 0,
   (2,3,23,0): 0, 0,
   (2,3,24,0): 0, 0,
   (2,3,25,0): 0, 0,
   (2,3,26,0): 0, 0,
   (2,3,27,0): 0, 0,
   (2,3,28,0): 0, 0,
   (2,3,29,0): 0, 0,
   (2,3,30,0): 0, 0,
   (2,3,31,0): 0, 0,
   (2,3,32,0): 0, 0,
   (2,3,33,0): 0, 0,
   (2,3,34,0): 0, 0,
   (2,3,35,0): 0, 0,
   (2,3,36,0): 0, 0,
   (2,3,37,0): 0, 0,
   (2,3,38,0): 0, 0,
   (2,3,39,0): 0, 0,
   (3,0,0,0): 0, 0,
   (3,0,1,0): 0, 0,
   (3,0,2,0): 0, 0,
   (3,0,3,0): 0, 0,
   (3,0,4,0): 0, 0,
   (3,0,5,0): 0, 0,
   (3,0,6,0): 0, 0,
   (3,0,7,0): 0, 0,
   (3,0,8,0): 0, 0,
   (3,0,9,0): 0, 0,
   (3,0,10,0): 0, 0,
   (3,0,11,0): 0, 0,
   (3,0,12,0): 0, 0,
   (3,0,13,0): 0, 0,
   (3,0,14,0): 0, 0,
   (3,0,15,0): 0, 0,
   (3,0,16,0): 0, 0,
   (3,0,17,0): 0, 0,
   (3,0,18,0): 0, 0,
   (3,0,19,0): 0, 0,
   (3,0,20,0): 0, 0,
   (3,0,21,0): 0, 0,
   (3,0,22,0): 0, 0,
   (3,0,23,0): 0, 0,
   (3,0,24,0): 0, 0,
   (3,0,25,0): 0, 0,
   (3,0,26,0): 0, 0,
   (3,0,27,0): 0, 0,
   (3,0,28,0): 0, 0,
   (3,0,29,0): 0, 0,
   (3,0,30,0): 0, 0,
   (3,0,31,0): 0, 0,
   (3,0,32,0): 0, 0,
   (3,0,33,0): 0, 0,
   (3,0,34,0): 0, 0,
   (3,0,35,0): 0, 0,
   (3,0,36,0): 0, 0,
   (3,0,37,0): 0, 0,
   (3,0,38,0): 0, 0,
   (3,0,39,0): 0, 0,
   (3,1,0,0): 0, 0,
   (3,1,1,0): 0, 0,
   (3,1,2,0): 0, 0,
   (3,1,3,0): 0, 0,
   (3,1,4,0): 0, 0,
   (3,1,5,0): 0, 0,
   (3,1,6,0): 0, 0,
   (3,1,7,0): 0, 0,
   (3,1,8,0): 0, 0,
   (3,1,9,0): 0, 0,
   (3,1,10,0): 0, 0,
   (3,1,11,0): 0, 0,
   (3,1,12,0): 0, 0,
   (3,1,13,0): 0, 0,
   (3,1,14,0): 0, 0,
   (3,1,15,0): 0, 0,
   (3,1,16,0): 0, 0,
   (3,1,17,0): 0, 0,
   (3,1,18,0): 0, 0,
   (3,1,19,0): 0, 0,
   (3,1,20,0): 0, 0,
   (3,1,21,0): 0, 0,
   (3,1,22,0): 0, 0,
   (3,1,23,0): 0, 0,
   (3,1,24,0): 0, 0,
   (3,1,25,0): 0, 0,
   (3,1,26,0): 0, 0,
   (3,1,27,0): 0, 0,
   (3,1,28,0): 0, 0,
   (3,1,29,0): 0, 0,
   (3,1,30,0): 0, 0,
   (3,1,31,0): 0, 0,
   (3,1,32,0): 0, 0,
   (3,1,33,0): 0, 0,
   (3,1,34,0): 0, 0,
   (3,1,35,0): 0, 0,
   (3,1,36,0): 0, 0,
   (3,1,37,0): 0, 0,
   (3,1,38,0): 0, 0,
   (3,1,39,0): 0, 0,
   (3,2,0,0): 0, 0,
   (3,2,1,0): 0, 0,
   (3,2,2,0): 0, 0,
   (3,2,3,0): 0, 0,
   (3,2,4,0): 0, 0,
   (3,2,5,0): 0, 0,
   (3,2,6,0): 0, 0,
   (3,2,7,0): 0, 0,
   (3,2,8,0): 0, 0,
   (3,2,9,0): 0, 0,
   (3,2,10,0): 0, 0,
   (3,2,11,0): 0, 0,
   (3,2,12,0): 0, 0,
   (3,2,13,0): 0, 0,
   (3,2,14,0): 0, 0,
   (3,2,15,0): 0, 0,
   (3,2,16,0): 0, 0,
   (3,2,17,0): 0, 0,
   (3,2,18,0): 0, 0,
   (3,2,19,0): 0, 0,
   (3,2,20,0): 0, 0,
   (3,2,21,0): 0, 0,
   (3,2,22,0): 0, 0,
   (3,2,23,0): 0, 0,
   (3,2,24,0): 0, 0,
   (3,2,25,0): 0, 0,
   (3,2,26,0): 0, 0,
   (3,2,27,0): 0, 0,
   (3,2,28,0): 0, 0,
   (3,2,29,0): 0, 0,
   (3,2,30,0): 0, 0,
   (3,2,31,0): 0, 0,
   (3,2,32,0): 0, 0,
   (3,2,33,0): 0, 0,
   (3,2,34,0): 0, 0,
   (3,2,35,0): 0, 0,
   (3,2,36,0): 0, 0,
   (3,2,37,0): 0, 0,
   (3,2,38,0): 0, 0,
   (3,2,39,0): 0, 0,
   (3,3,0,0): -2.32827, 0,
   (3,3,1,0): -0.584899, 0,
   (3,3,2,0): -2.29403, 0,
   (3,3,3,0): -0.622404, 0,
   (3,3,4,0): -1.53293, 0,
   (3,3,5,0): -0.48132, 0,
   (3,3,6,0): -0.927586, 0,
   (3,3,7,0): -0.32179, 0,
   (3,3,8,0): -0.519455, 0,
   (3,3,9,0): -0.193552, 0,
   (3,3,10,0): -0.271221, 0,
   (3,3,11,0): -0.107387, 0,
   (3,3,12,0): -0.131689, 0,
   (3,3,13,0): -0.0566244, 0,
   (3,3,14,0): -0.0563498, 0,
   (3,3,15,0): -0.0265869, 0,
   (3,3,16,0): -0.0171845, 0,
   (3,3,17,0): -0.0124578, 0,
   (3,3,18,0): -7.01431e-05, 0,
   (3,3,19,0): -0.00761383, 0,
   (3,3,20,0): 0.00565743, 0,
   (3,3,21,0): -0.00452473, 0,
   (3,3,22,0): 0.00342311, 0,
   (3,3,23,0): -0.00552706, 0,
   (3,3,24,0): 0.000681188, 0,
   (3,3,25,0): -0.00839126, 0,
   (3,3,26,0): -0.00280688, 0,
   (3,3,27,0): -0.00606607, 0,
   (3,3,28,0): -0.00504128, 0,
   (3,3,29,0): -0.00543132, 0,
   (3,3,30,0): -0.00511165, 0,
   (3,3,31,0): -0.00372674, 0,
   (3,3,32,0): -0.00551194, 0,
   (3,3,33,0): -0.00312068, 0,
   (3,3,34,0): -0.00453393, 0,
   (3,3,35,0): -0.0037352, 0,
   (3,3,36,0): -0.00245542, 0,
   (3,3,37,0): -0.00214689, 0,
   (3,3,38,0): -0.00178163, 0,
   (3,3,39,0): -0.00102076, 0
   }
}
}
