0.0785398163397	-0.00526899	-1.69837	0.0	0.0	0.0	0.0	-0.00526527	-0.929052	0.00207105	-1.69883	0.0	0.0	0.0	0.0	-0.00398597	-0.929306	
0.235619449019	0.00218856	-1.29116	0.0	0.0	0.0	0.0	-0.00379022	-0.814263	0.0067944	-1.28803	0.0	0.0	0.0	0.0	-0.00370479	-0.814405	
0.392699081699	-0.00392481	-1.02806	0.0	0.0	0.0	0.0	-0.00144845	-0.721535	0.00413625	-1.02664	0.0	0.0	0.0	0.0	0.000200044	-0.721151	
0.549778714378	-0.00701371	-0.847141	0.0	0.0	0.0	0.0	-0.00160518	-0.647126	-0.00490403	-0.849993	0.0	0.0	0.0	0.0	-0.00238213	-0.648221	
0.706858347058	0.00201446	-0.729723	0.0	0.0	0.0	0.0	-0.000339467	-0.587992	0.00167594	-0.728051	0.0	0.0	0.0	0.0	-0.000201306	-0.589215	
0.863937979737	-0.00092825	-0.648735	0.0	0.0	0.0	0.0	-0.00114707	-0.538647	0.00882769	-0.642637	0.0	0.0	0.0	0.0	-1.27541e-05	-0.540727	
1.02101761242	-0.00038621	-0.572748	0.0	0.0	0.0	0.0	-0.00195864	-0.493126	0.00132306	-0.574296	0.0	0.0	0.0	0.0	0.00118208	-0.497072	
1.1780972451	-0.00896452	-0.515252	0.0	0.0	0.0	0.0	-0.000757872	-0.458044	-0.00493726	-0.523113	0.0	0.0	0.0	0.0	0.000960724	-0.46048	
1.33517687778	-0.00644525	-0.471351	0.0	0.0	0.0	0.0	-0.00111462	-0.428845	0.00366002	-0.472294	0.0	0.0	0.0	0.0	0.00146503	-0.430381	
1.49225651046	-0.00601368	-0.445561	0.0	0.0	0.0	0.0	-0.000586329	-0.401926	0.0029952	-0.449828	0.0	0.0	0.0	0.0	-0.000583627	-0.403273	
1.64933614313	-0.000357081	-0.413163	0.0	0.0	0.0	0.0	0.000257545	-0.379555	-0.00235916	-0.418636	0.0	0.0	0.0	0.0	-0.000486422	-0.381119	
1.80641577581	0.00113978	-0.386743	0.0	0.0	0.0	0.0	0.000864878	-0.360774	0.00662157	-0.385868	0.0	0.0	0.0	0.0	-0.000201104	-0.360255	
1.96349540849	-0.00540164	-0.368662	0.0	0.0	0.0	0.0	0.00118831	-0.342849	0.00751772	-0.370786	0.0	0.0	0.0	0.0	0.00177974	-0.342513	
2.12057504117	0.00108214	-0.341226	0.0	0.0	0.0	0.0	0.000783007	-0.328421	-0.00147903	-0.345576	0.0	0.0	0.0	0.0	-0.000367296	-0.328717	
2.27765467385	0.000234632	-0.324172	0.0	0.0	0.0	0.0	0.00189885	-0.312319	-0.0044462	-0.327216	0.0	0.0	0.0	0.0	-0.000927212	-0.311542	
2.43473430653	-0.00132467	-0.310971	0.0	0.0	0.0	0.0	0.00300974	-0.29835	-0.00180548	-0.314071	0.0	0.0	0.0	0.0	-4.63284e-05	-0.296924	
2.59181393921	-0.00130041	-0.297724	0.0	0.0	0.0	0.0	0.00331811	-0.286953	0.00148404	-0.301941	0.0	0.0	0.0	0.0	0.000872887	-0.285749	
2.74889357189	-0.000849218	-0.28486	0.0	0.0	0.0	0.0	0.00300637	-0.276778	0.00306057	-0.289603	0.0	0.0	0.0	0.0	0.00130229	-0.276043	
2.90597320457	-0.00075979	-0.273234	0.0	0.0	0.0	0.0	0.00246692	-0.266955	0.00295096	-0.277387	0.0	0.0	0.0	0.0	0.00133049	-0.266443	
3.06305283725	-0.000990775	-0.262952	0.0	0.0	0.0	0.0	0.00195482	-0.257343	0.00198296	-0.265795	0.0	0.0	0.0	0.0	0.00118491	-0.256698	
3.22013246993	-0.00123074	-0.253674	0.0	0.0	0.0	0.0	0.00156511	-0.248115	0.00088953	-0.255079	0.0	0.0	0.0	0.0	0.00102744	-0.247098	
3.37721210261	-0.00125877	-0.245026	0.0	0.0	0.0	0.0	0.00130017	-0.239452	7.33299e-05	-0.245266	0.0	0.0	0.0	0.0	0.000928439	-0.237988	
3.53429173529	-0.00101713	-0.236765	0.0	0.0	0.0	0.0	0.00112773	-0.231436	-0.000338812	-0.236275	0.0	0.0	0.0	0.0	0.000897812	-0.229576	
3.69137136797	-0.000558728	-0.228795	0.0	0.0	0.0	0.0	0.00101203	-0.224051	-0.000379283	-0.227992	0.0	0.0	0.0	0.0	0.000918096	-0.221918	
3.84845100065	2.07996e-05	-0.221112	0.0	0.0	0.0	0.0	0.000925537	-0.217229	-0.000146086	-0.220314	0.0	0.0	0.0	0.0	0.000965299	-0.214968	
4.00553063333	0.000628233	-0.213753	0.0	0.0	0.0	0.0	0.000850787	-0.210885	0.000252755	-0.213156	0.0	0.0	0.0	0.0	0.00101873	-0.208631	
4.16261026601	0.00119322	-0.206761	0.0	0.0	0.0	0.0	0.000778488	-0.204935	0.000725232	-0.206454	0.0	0.0	0.0	0.0	0.00106412	-0.202801	
4.31968989869	0.00167245	-0.200166	0.0	0.0	0.0	0.0	0.000704823	-0.199311	0.00120355	-0.200159	0.0	0.0	0.0	0.0	0.00109336	-0.19738	
4.47676953137	0.00204593	-0.193981	0.0	0.0	0.0	0.0	0.000629179	-0.193961	0.00164335	-0.194232	0.0	0.0	0.0	0.0	0.00110319	-0.192286	
4.63384916404	0.00231052	-0.188202	0.0	0.0	0.0	0.0	0.000552526	-0.188848	0.00201937	-0.188642	0.0	0.0	0.0	0.0	0.00109359	-0.187459	
4.79092879672	0.00247384	-0.182812	0.0	0.0	0.0	0.0	0.000476422	-0.183945	0.00232039	-0.183362	0.0	0.0	0.0	0.0	0.00106644	-0.182853	
4.9480084294	0.00254921	-0.177788	0.0	0.0	0.0	0.0	0.000402446	-0.179236	0.00254467	-0.178369	0.0	0.0	0.0	0.0	0.00102461	-0.178438	
5.10508806208	0.00255223	-0.173098	0.0	0.0	0.0	0.0	0.000331928	-0.174709	0.00269641	-0.173643	0.0	0.0	0.0	0.0	0.000971238	-0.174192	
5.26216769476	0.00249849	-0.168714	0.0	0.0	0.0	0.0	0.000265856	-0.170355	0.00278305	-0.169162	0.0	0.0	0.0	0.0	0.000909409	-0.170099	
5.41924732744	0.00240233	-0.164603	0.0	0.0	0.0	0.0	0.000204868	-0.166169	0.00281356	-0.164911	0.0	0.0	0.0	0.0	0.000841891	-0.166152	
5.57632696012	0.00227618	-0.160738	0.0	0.0	0.0	0.0	0.000149297	-0.162146	0.00279721	-0.160872	0.0	0.0	0.0	0.0	0.000771061	-0.162342	
5.7334065928	0.00213041	-0.157092	0.0	0.0	0.0	0.0	9.92324e-05	-0.15828	0.00274289	-0.157031	0.0	0.0	0.0	0.0	0.000698876	-0.158665	
5.89048622548	0.00197334	-0.153642	0.0	0.0	0.0	0.0	5.4579e-05	-0.154567	0.00265869	-0.153373	0.0	0.0	0.0	0.0	0.000626891	-0.155116	
6.04756585816	0.00181147	-0.150366	0.0	0.0	0.0	0.0	1.51106e-05	-0.151003	0.00255174	-0.149885	0.0	0.0	0.0	0.0	0.000556309	-0.151692	
6.20464549084	0.00164974	-0.147248	0.0	0.0	0.0	0.0	-1.9484e-05	-0.147581	0.00242818	-0.146557	0.0	0.0	0.0	0.0	0.00048802	-0.14839	
6.36172512352	0.00149174	-0.14427	0.0	0.0	0.0	0.0	-4.95667e-05	-0.144296	0.00229314	-0.143376	0.0	0.0	0.0	0.0	0.000422661	-0.145206	
6.5188047562	0.00134003	-0.14142	0.0	0.0	0.0	0.0	-7.55228e-05	-0.141144	0.00215088	-0.140333	0.0	0.0	0.0	0.0	0.000360659	-0.142136	
6.67588438888	0.0011963	-0.138686	0.0	0.0	0.0	0.0	-9.77419e-05	-0.138118	0.00200485	-0.137419	0.0	0.0	0.0	0.0	0.000302274	-0.139177	
6.83296402156	0.00106157	-0.136059	0.0	0.0	0.0	0.0	-0.000116605	-0.135214	0.00185779	-0.134625	0.0	0.0	0.0	0.0	0.000247638	-0.136325	
6.99004365424	0.000936399	-0.133529	0.0	0.0	0.0	0.0	-0.000132473	-0.132424	0.00171189	-0.131944	0.0	0.0	0.0	0.0	0.00019678	-0.133576	
7.14712328692	0.000820938	-0.13109	0.0	0.0	0.0	0.0	-0.000145687	-0.129744	0.00156879	-0.129369	0.0	0.0	0.0	0.0	0.000149657	-0.130927	
7.3042029196	0.000715083	-0.128735	0.0	0.0	0.0	0.0	-0.000156559	-0.127169	0.00142975	-0.126894	0.0	0.0	0.0	0.0	0.000106171	-0.128372	
7.46128255228	0.000618537	-0.126459	0.0	0.0	0.0	0.0	-0.000165374	-0.124692	0.00129569	-0.124512	0.0	0.0	0.0	0.0	6.6184e-05	-0.125909	
7.61836218496	0.000530872	-0.124256	0.0	0.0	0.0	0.0	-0.000172391	-0.12231	0.00116724	-0.122218	0.0	0.0	0.0	0.0	2.95335e-05	-0.123534	
7.77544181763	0.000451583	-0.122123	0.0	0.0	0.0	0.0	-0.00017784	-0.120018	0.00104483	-0.120007	0.0	0.0	0.0	0.0	-3.95933e-06	-0.121242	
7.93252145031	0.000380116	-0.120056	0.0	0.0	0.0	0.0	-0.000181929	-0.11781	0.000928685	-0.117874	0.0	0.0	0.0	0.0	-3.44819e-05	-0.11903	
8.08960108299	0.000315901	-0.118051	0.0	0.0	0.0	0.0	-0.000184842	-0.115683	0.00081892	-0.115816	0.0	0.0	0.0	0.0	-6.22244e-05	-0.116894	
8.24668071567	0.000258366	-0.116105	0.0	0.0	0.0	0.0	-0.00018674	-0.113633	0.000715525	-0.113828	0.0	0.0	0.0	0.0	-8.73757e-05	-0.114831	
8.40376034835	0.000206953	-0.114217	0.0	0.0	0.0	0.0	-0.000187768	-0.111655	0.000618413	-0.111907	0.0	0.0	0.0	0.0	-0.00011012	-0.112839	
8.56083998103	0.000161127	-0.112382	0.0	0.0	0.0	0.0	-0.000188051	-0.109746	0.000527434	-0.110048	0.0	0.0	0.0	0.0	-0.000130636	-0.110912	
8.71791961371	0.00012038	-0.1106	0.0	0.0	0.0	0.0	-0.000187701	-0.107902	0.000442394	-0.10825	0.0	0.0	0.0	0.0	-0.000149093	-0.109049	
8.87499924639	8.42369e-05	-0.108867	0.0	0.0	0.0	0.0	-0.000186812	-0.10612	0.000363064	-0.106509	0.0	0.0	0.0	0.0	-0.000165652	-0.107247	
9.03207887907	5.22563e-05	-0.107182	0.0	0.0	0.0	0.0	-0.000185471	-0.104398	0.000289197	-0.104823	0.0	0.0	0.0	0.0	-0.000180466	-0.105503	
9.18915851175	2.40301e-05	-0.105543	0.0	0.0	0.0	0.0	-0.00018375	-0.102732	0.000220532	-0.103188	0.0	0.0	0.0	0.0	-0.000193676	-0.103813	
9.34623814443	-8.16761e-07	-0.103949	0.0	0.0	0.0	0.0	-0.000181714	-0.101119	0.000156801	-0.101603	0.0	0.0	0.0	0.0	-0.000205415	-0.102177	
9.50331777711	-2.26269e-05	-0.102397	0.0	0.0	0.0	0.0	-0.000179417	-0.0995566	9.77345e-05	-0.100064	0.0	0.0	0.0	0.0	-0.000215806	-0.100591	
9.66039740979	-4.17126e-05	-0.100886	0.0	0.0	0.0	0.0	-0.000176909	-0.098043	4.30672e-05	-0.0985715	0.0	0.0	0.0	0.0	-0.000224964	-0.0990535	
9.81747704247	-5.83576e-05	-0.0994148	0.0	0.0	0.0	0.0	-0.000174231	-0.0965757	-7.46223e-06	-0.0971216	0.0	0.0	0.0	0.0	-0.000232995	-0.0975619	
9.97455667515	-7.28187e-05	-0.0979819	0.0	0.0	0.0	0.0	-0.000171418	-0.0951525	-5.41069e-05	-0.0957129	0.0	0.0	0.0	0.0	-0.000239997	-0.0961144	
10.1316363078	-8.53283e-05	-0.0965859	0.0	0.0	0.0	0.0	-0.000168502	-0.0937714	-9.71107e-05	-0.0943438	0.0	0.0	0.0	0.0	-0.00024606	-0.0947091	
10.2887159405	-9.6096e-05	-0.0952256	0.0	0.0	0.0	0.0	-0.00016551	-0.0924305	-0.000136708	-0.0930126	0.0	0.0	0.0	0.0	-0.000251266	-0.0933442	
10.4457955732	-0.00010531	-0.0938998	0.0	0.0	0.0	0.0	-0.000162464	-0.091128	-0.00017312	-0.0917177	0.0	0.0	0.0	0.0	-0.000255693	-0.0920181	
10.6028752059	-0.000113142	-0.0926073	0.0	0.0	0.0	0.0	-0.000159384	-0.0898623	-0.000206561	-0.0904577	0.0	0.0	0.0	0.0	-0.000259409	-0.090729	
10.7599548385	-0.000119742	-0.0913469	0.0	0.0	0.0	0.0	-0.000156286	-0.0886318	-0.000237229	-0.0892311	0.0	0.0	0.0	0.0	-0.000262479	-0.0894755	
10.9170344712	-0.000125248	-0.0901177	0.0	0.0	0.0	0.0	-0.000153185	-0.0874349	-0.000265314	-0.0880367	0.0	0.0	0.0	0.0	-0.000264963	-0.0882561	
11.0741141039	-0.000129784	-0.0889187	0.0	0.0	0.0	0.0	-0.000150094	-0.0862704	-0.000290995	-0.0868731	0.0	0.0	0.0	0.0	-0.000266913	-0.0870695	
11.2311937366	-0.000133459	-0.0877487	0.0	0.0	0.0	0.0	-0.000147021	-0.0851368	-0.000314438	-0.0857394	0.0	0.0	0.0	0.0	-0.000268381	-0.0859143	
11.3882733693	-0.000136372	-0.0866069	0.0	0.0	0.0	0.0	-0.000143976	-0.084033	-0.000335801	-0.0846342	0.0	0.0	0.0	0.0	-0.000269409	-0.0847894	
11.5453530019	-0.000138611	-0.0854924	0.0	0.0	0.0	0.0	-0.000140965	-0.0829577	-0.00035523	-0.0835566	0.0	0.0	0.0	0.0	-0.000270041	-0.0836934	
11.7024326346	-0.000140255	-0.0844043	0.0	0.0	0.0	0.0	-0.000137995	-0.0819098	-0.000372863	-0.0825055	0.0	0.0	0.0	0.0	-0.000270314	-0.0826255	
11.8595122673	-0.000141374	-0.0833417	0.0	0.0	0.0	0.0	-0.00013507	-0.0808882	-0.000388829	-0.08148	0.0	0.0	0.0	0.0	-0.000270262	-0.0815843	
12.0165919	-0.000142032	-0.0823039	0.0	0.0	0.0	0.0	-0.000132194	-0.079892	-0.000403247	-0.0804791	0.0	0.0	0.0	0.0	-0.000269918	-0.0805691	
12.1736715327	-0.000142285	-0.08129	0.0	0.0	0.0	0.0	-0.00012937	-0.0789202	-0.000416229	-0.0795021	0.0	0.0	0.0	0.0	-0.000269309	-0.0795787	
12.3307511653	-0.000142183	-0.0802994	0.0	0.0	0.0	0.0	-0.000126601	-0.0779718	-0.00042788	-0.078548	0.0	0.0	0.0	0.0	-0.000268463	-0.0786124	
12.487830798	-0.000141772	-0.0793312	0.0	0.0	0.0	0.0	-0.000123888	-0.0770461	-0.000438297	-0.077616	0.0	0.0	0.0	0.0	-0.000267404	-0.0776692	
12.6449104307	-0.00014109	-0.0783849	0.0	0.0	0.0	0.0	-0.000121232	-0.0761421	-0.00044757	-0.0767055	0.0	0.0	0.0	0.0	-0.000266154	-0.0767483	
12.8019900634	-0.000140175	-0.0774597	0.0	0.0	0.0	0.0	-0.000118636	-0.0752592	-0.000455783	-0.0758157	0.0	0.0	0.0	0.0	-0.000264733	-0.0758489	
12.9590696961	-0.000139056	-0.0765549	0.0	0.0	0.0	0.0	-0.000116098	-0.0743966	-0.000463015	-0.0749459	0.0	0.0	0.0	0.0	-0.000263159	-0.0749703	
13.1161493287	-0.000137764	-0.07567	0.0	0.0	0.0	0.0	-0.000113619	-0.0735536	-0.000469339	-0.0740954	0.0	0.0	0.0	0.0	-0.000261449	-0.0741117	
13.2732289614	-0.000136323	-0.0748044	0.0	0.0	0.0	0.0	-0.000111199	-0.0727294	-0.000474821	-0.0732637	0.0	0.0	0.0	0.0	-0.000259618	-0.0732725	
13.4303085941	-0.000134756	-0.0739575	0.0	0.0	0.0	0.0	-0.000108838	-0.0719235	-0.000479527	-0.07245	0.0	0.0	0.0	0.0	-0.000257681	-0.0724521	
13.5873882268	-0.000133082	-0.0731286	0.0	0.0	0.0	0.0	-0.000106535	-0.0711353	-0.000483513	-0.0716539	0.0	0.0	0.0	0.0	-0.00025565	-0.0716497	
13.7444678595	-0.000131319	-0.0723174	0.0	0.0	0.0	0.0	-0.00010429	-0.0703642	-0.000486834	-0.0708748	0.0	0.0	0.0	0.0	-0.000253537	-0.0708648	
13.9015474921	-0.000129483	-0.0715232	0.0	0.0	0.0	0.0	-0.000102102	-0.0696095	-0.000489541	-0.0701121	0.0	0.0	0.0	0.0	-0.000251352	-0.0700969	
14.0586271248	-0.000127588	-0.0707455	0.0	0.0	0.0	0.0	-9.99687e-05	-0.0688709	-0.000491681	-0.0693653	0.0	0.0	0.0	0.0	-0.000249106	-0.0693454	
14.2157067575	-0.000125646	-0.069984	0.0	0.0	0.0	0.0	-9.78908e-05	-0.0681477	-0.000493298	-0.068634	0.0	0.0	0.0	0.0	-0.000246806	-0.0686097	
14.3727863902	-0.000123667	-0.069238	0.0	0.0	0.0	0.0	-9.58666e-05	-0.0674394	-0.000494431	-0.0679177	0.0	0.0	0.0	0.0	-0.000244462	-0.0678894	
14.5298660229	-0.000121663	-0.0685073	0.0	0.0	0.0	0.0	-9.3895e-05	-0.0667458	-0.000495119	-0.0672159	0.0	0.0	0.0	0.0	-0.00024208	-0.067184	
14.6869456555	-0.00011964	-0.0677912	0.0	0.0	0.0	0.0	-9.19749e-05	-0.0660661	-0.000495397	-0.0665282	0.0	0.0	0.0	0.0	-0.000239666	-0.066493	
14.8440252882	-0.000117607	-0.0670895	0.0	0.0	0.0	0.0	-9.01051e-05	-0.0654001	-0.000495297	-0.0658542	0.0	0.0	0.0	0.0	-0.000237228	-0.065816	
15.0011049209	-0.000115569	-0.0664017	0.0	0.0	0.0	0.0	-8.82844e-05	-0.0647474	-0.000494849	-0.0651935	0.0	0.0	0.0	0.0	-0.000234771	-0.0651526	
15.1581845536	-0.000113534	-0.0657274	0.0	0.0	0.0	0.0	-8.65116e-05	-0.0641075	-0.000494081	-0.0645457	0.0	0.0	0.0	0.0	-0.000232298	-0.0645023	
15.3152641863	-0.000111505	-0.0650662	0.0	0.0	0.0	0.0	-8.47854e-05	-0.06348	-0.00049302	-0.0639104	0.0	0.0	0.0	0.0	-0.000229816	-0.0638648	
15.4723438189	-0.000109487	-0.0644178	0.0	0.0	0.0	0.0	-8.31046e-05	-0.0628646	-0.00049169	-0.0632873	0.0	0.0	0.0	0.0	-0.000227328	-0.0632398	
15.6294234516	-0.000107484	-0.0637819	0.0	0.0	0.0	0.0	-8.1468e-05	-0.062261	-0.000490112	-0.062676	0.0	0.0	0.0	0.0	-0.000224838	-0.0626267	
15.7865030843	-0.0001055	-0.0631581	0.0	0.0	0.0	0.0	-7.98744e-05	-0.0616688	-0.000488309	-0.0620763	0.0	0.0	0.0	0.0	-0.000222349	-0.0620254	
15.943582717	-0.000103536	-0.062546	0.0	0.0	0.0	0.0	-7.83227e-05	-0.0610876	-0.000486299	-0.0614877	0.0	0.0	0.0	0.0	-0.000219864	-0.0614354	
16.1006623496	-0.000101596	-0.0619453	0.0	0.0	0.0	0.0	-7.68115e-05	-0.0605173	-0.0004841	-0.06091	0.0	0.0	0.0	0.0	-0.000217387	-0.0608565	
16.2577419823	-9.96804e-05	-0.0613558	0.0	0.0	0.0	0.0	-7.53399e-05	-0.0599574	-0.000481729	-0.0603429	0.0	0.0	0.0	0.0	-0.000214919	-0.0602883	
16.414821615	-9.77924e-05	-0.0607772	0.0	0.0	0.0	0.0	-7.39066e-05	-0.0594077	-0.000479202	-0.0597861	0.0	0.0	0.0	0.0	-0.000212462	-0.0597305	
16.5719012477	-9.59328e-05	-0.0602091	0.0	0.0	0.0	0.0	-7.25106e-05	-0.0588679	-0.000476533	-0.0592393	0.0	0.0	0.0	0.0	-0.00021002	-0.0591829	
16.7289808804	-9.41029e-05	-0.0596513	0.0	0.0	0.0	0.0	-7.11507e-05	-0.0583378	-0.000473736	-0.0587023	0.0	0.0	0.0	0.0	-0.000207592	-0.0586452	
16.886060513	-9.23036e-05	-0.0591035	0.0	0.0	0.0	0.0	-6.98259e-05	-0.057817	-0.000470822	-0.0581747	0.0	0.0	0.0	0.0	-0.000205182	-0.0581171	
17.0431401457	-9.05356e-05	-0.0585655	0.0	0.0	0.0	0.0	-6.85351e-05	-0.0573054	-0.000467804	-0.0576565	0.0	0.0	0.0	0.0	-0.000202791	-0.0575984	
17.2002197784	-8.87995e-05	-0.058037	0.0	0.0	0.0	0.0	-6.72775e-05	-0.0568027	-0.000464692	-0.0571472	0.0	0.0	0.0	0.0	-0.000200419	-0.0570888	
17.3572994111	-8.70956e-05	-0.0575177	0.0	0.0	0.0	0.0	-6.60519e-05	-0.0563087	-0.000461495	-0.0566468	0.0	0.0	0.0	0.0	-0.000198068	-0.056588	
17.5143790438	-8.54243e-05	-0.0570075	0.0	0.0	0.0	0.0	-6.48574e-05	-0.0558231	-0.000458225	-0.0561549	0.0	0.0	0.0	0.0	-0.000195739	-0.0560959	
17.6714586764	-8.37857e-05	-0.0565061	0.0	0.0	0.0	0.0	-6.36931e-05	-0.0553458	-0.000454888	-0.0556714	0.0	0.0	0.0	0.0	-0.000193432	-0.0556122	
17.8285383091	-8.21798e-05	-0.0560132	0.0	0.0	0.0	0.0	-6.25581e-05	-0.0548765	-0.000451492	-0.055196	0.0	0.0	0.0	0.0	-0.000191149	-0.0551368	
17.9856179418	-8.06065e-05	-0.0555288	0.0	0.0	0.0	0.0	-6.14515e-05	-0.054415	-0.000448046	-0.0547285	0.0	0.0	0.0	0.0	-0.00018889	-0.0546693	
18.1426975745	-7.90657e-05	-0.0550525	0.0	0.0	0.0	0.0	-6.03725e-05	-0.0539611	-0.000444556	-0.0542688	0.0	0.0	0.0	0.0	-0.000186656	-0.0542096	
18.2997772072	-7.75572e-05	-0.0545842	0.0	0.0	0.0	0.0	-5.93203e-05	-0.0535147	-0.000441028	-0.0538167	0.0	0.0	0.0	0.0	-0.000184447	-0.0537576	
18.4568568398	-7.60808e-05	-0.0541236	0.0	0.0	0.0	0.0	-5.8294e-05	-0.0530755	-0.000437468	-0.0533719	0.0	0.0	0.0	0.0	-0.000182263	-0.053313	
18.6139364725	-7.4636e-05	-0.0536707	0.0	0.0	0.0	0.0	-5.72928e-05	-0.0526434	-0.000433882	-0.0529344	0.0	0.0	0.0	0.0	-0.000180105	-0.0528756	
18.7710161052	-7.32225e-05	-0.0532251	0.0	0.0	0.0	0.0	-5.63161e-05	-0.0522183	-0.000430274	-0.0525038	0.0	0.0	0.0	0.0	-0.000177973	-0.0524453	
18.9280957379	-7.184e-05	-0.0527868	0.0	0.0	0.0	0.0	-5.53631e-05	-0.0517999	-0.00042665	-0.0520801	0.0	0.0	0.0	0.0	-0.000175867	-0.0520218	
19.0851753706	-7.04879e-05	-0.0523556	0.0	0.0	0.0	0.0	-5.44331e-05	-0.051388	-0.000423013	-0.0516631	0.0	0.0	0.0	0.0	-0.000173788	-0.0516051	
19.2422550032	-6.91657e-05	-0.0519312	0.0	0.0	0.0	0.0	-5.35254e-05	-0.0509827	-0.000419367	-0.0512527	0.0	0.0	0.0	0.0	-0.000171735	-0.051195	
19.3993346359	-6.78731e-05	-0.0515136	0.0	0.0	0.0	0.0	-5.26394e-05	-0.0505836	-0.000415717	-0.0508486	0.0	0.0	0.0	0.0	-0.000169709	-0.0507913	
19.5564142686	-6.66094e-05	-0.0511025	0.0	0.0	0.0	0.0	-5.17744e-05	-0.0501906	-0.000412065	-0.0504508	0.0	0.0	0.0	0.0	-0.000167709	-0.0503939	
19.7134939013	-6.53742e-05	-0.0506979	0.0	0.0	0.0	0.0	-5.09298e-05	-0.0498037	-0.000408415	-0.0500591	0.0	0.0	0.0	0.0	-0.000165735	-0.0500026	
19.870573534	-6.41668e-05	-0.0502995	0.0	0.0	0.0	0.0	-5.0105e-05	-0.0494226	-0.000404769	-0.0496734	0.0	0.0	0.0	0.0	-0.000163788	-0.0496173	
20.0276531666	-6.29868e-05	-0.0499073	0.0	0.0	0.0	0.0	-4.92994e-05	-0.0490472	-0.00040113	-0.0492935	0.0	0.0	0.0	0.0	-0.000161868	-0.0492378	
20.1847327993	-6.18336e-05	-0.0495211	0.0	0.0	0.0	0.0	-4.85125e-05	-0.0486775	-0.000397501	-0.0489193	0.0	0.0	0.0	0.0	-0.000159973	-0.048864	
20.341812432	-6.07066e-05	-0.0491408	0.0	0.0	0.0	0.0	-4.77437e-05	-0.0483132	-0.000393884	-0.0485507	0.0	0.0	0.0	0.0	-0.000158104	-0.0484959	
20.4988920647	-5.96053e-05	-0.0487662	0.0	0.0	0.0	0.0	-4.69925e-05	-0.0479543	-0.000390281	-0.0481875	0.0	0.0	0.0	0.0	-0.000156261	-0.0481332	
20.6559716974	-5.85291e-05	-0.0483972	0.0	0.0	0.0	0.0	-4.62585e-05	-0.0476007	-0.000386693	-0.0478297	0.0	0.0	0.0	0.0	-0.000154444	-0.0477758	
20.81305133	-5.74775e-05	-0.0480337	0.0	0.0	0.0	0.0	-4.5541e-05	-0.0472522	-0.000383123	-0.047477	0.0	0.0	0.0	0.0	-0.000152653	-0.0474237	
20.9701309627	-5.64499e-05	-0.0476755	0.0	0.0	0.0	0.0	-4.48397e-05	-0.0469087	-0.000379572	-0.0471295	0.0	0.0	0.0	0.0	-0.000150886	-0.0470767	
21.1272105954	-5.54457e-05	-0.0473226	0.0	0.0	0.0	0.0	-4.4154e-05	-0.0465701	-0.000376042	-0.046787	0.0	0.0	0.0	0.0	-0.000149145	-0.0467347	
21.2842902281	-5.44644e-05	-0.0469749	0.0	0.0	0.0	0.0	-4.34836e-05	-0.0462363	-0.000372533	-0.0464494	0.0	0.0	0.0	0.0	-0.000147428	-0.0463976	
21.4413698608	-5.35055e-05	-0.0466322	0.0	0.0	0.0	0.0	-4.2828e-05	-0.0459072	-0.000369048	-0.0461166	0.0	0.0	0.0	0.0	-0.000145735	-0.0460653	
21.5984494934	-5.25685e-05	-0.0462944	0.0	0.0	0.0	0.0	-4.21868e-05	-0.0455828	-0.000365586	-0.0457884	0.0	0.0	0.0	0.0	-0.000144067	-0.0457377	
21.7555291261	-5.16527e-05	-0.0459614	0.0	0.0	0.0	0.0	-4.15596e-05	-0.0452628	-0.00036215	-0.0454649	0.0	0.0	0.0	0.0	-0.000142423	-0.0454147	
21.9126087588	-5.07578e-05	-0.0456331	0.0	0.0	0.0	0.0	-4.0946e-05	-0.0449473	-0.000358739	-0.0451458	0.0	0.0	0.0	0.0	-0.000140803	-0.0450961	
22.0696883915	-4.98831e-05	-0.0453094	0.0	0.0	0.0	0.0	-4.03456e-05	-0.0446361	-0.000355355	-0.0448311	0.0	0.0	0.0	0.0	-0.000139206	-0.044782	
22.2267680241	-4.90282e-05	-0.0449903	0.0	0.0	0.0	0.0	-3.97581e-05	-0.0443291	-0.000351999	-0.0445208	0.0	0.0	0.0	0.0	-0.000137632	-0.0444722	
22.3838476568	-4.81927e-05	-0.0446756	0.0	0.0	0.0	0.0	-3.91831e-05	-0.0440263	-0.000348671	-0.0442147	0.0	0.0	0.0	0.0	-0.00013608	-0.0441666	
22.5409272895	-4.73759e-05	-0.0443653	0.0	0.0	0.0	0.0	-3.86202e-05	-0.0437276	-0.000345371	-0.0439127	0.0	0.0	0.0	0.0	-0.000134552	-0.0438652	
22.6980069222	-4.65776e-05	-0.0440592	0.0	0.0	0.0	0.0	-3.80692e-05	-0.0434328	-0.0003421	-0.0436148	0.0	0.0	0.0	0.0	-0.000133045	-0.0435678	
22.8550865549	-4.57971e-05	-0.0437572	0.0	0.0	0.0	0.0	-3.75297e-05	-0.043142	-0.000338859	-0.0433209	0.0	0.0	0.0	0.0	-0.00013156	-0.0432744	
23.0121661875	-4.50341e-05	-0.0434594	0.0	0.0	0.0	0.0	-3.70015e-05	-0.042855	-0.000335647	-0.0430308	0.0	0.0	0.0	0.0	-0.000130097	-0.0429849	
23.1692458202	-4.4288e-05	-0.0431655	0.0	0.0	0.0	0.0	-3.64841e-05	-0.0425718	-0.000332466	-0.0427446	0.0	0.0	0.0	0.0	-0.000128655	-0.0426992	
23.3263254529	-4.35586e-05	-0.0428756	0.0	0.0	0.0	0.0	-3.59774e-05	-0.0422922	-0.000329315	-0.0424621	0.0	0.0	0.0	0.0	-0.000127234	-0.0424173	
23.4834050856	-4.28454e-05	-0.0425895	0.0	0.0	0.0	0.0	-3.5481e-05	-0.0420163	-0.000326194	-0.0421834	0.0	0.0	0.0	0.0	-0.000125834	-0.0421391	
23.6404847183	-4.21478e-05	-0.0423071	0.0	0.0	0.0	0.0	-3.49947e-05	-0.0417439	-0.000323105	-0.0419082	0.0	0.0	0.0	0.0	-0.000124454	-0.0418644	
23.7975643509	-4.14657e-05	-0.0420285	0.0	0.0	0.0	0.0	-3.45182e-05	-0.041475	-0.000320046	-0.0416365	0.0	0.0	0.0	0.0	-0.000123094	-0.0415933	
23.9546439836	-4.07985e-05	-0.0417535	0.0	0.0	0.0	0.0	-3.40512e-05	-0.0412095	-0.000317019	-0.0413684	0.0	0.0	0.0	0.0	-0.000121754	-0.0413256	
24.1117236163	-4.01459e-05	-0.0414821	0.0	0.0	0.0	0.0	-3.35936e-05	-0.0409474	-0.000314022	-0.0411036	0.0	0.0	0.0	0.0	-0.000120434	-0.0410614	
24.268803249	-3.95075e-05	-0.0412141	0.0	0.0	0.0	0.0	-3.3145e-05	-0.0406885	-0.000311057	-0.0408422	0.0	0.0	0.0	0.0	-0.000119132	-0.0408004	
24.4258828817	-3.8883e-05	-0.0409496	0.0	0.0	0.0	0.0	-3.27052e-05	-0.0404329	-0.000308122	-0.040584	0.0	0.0	0.0	0.0	-0.000117849	-0.0405428	
24.5829625143	-3.82719e-05	-0.0406884	0.0	0.0	0.0	0.0	-3.22741e-05	-0.0401804	-0.000305219	-0.0403291	0.0	0.0	0.0	0.0	-0.000116585	-0.0402884	
24.740042147	-3.76741e-05	-0.0404305	0.0	0.0	0.0	0.0	-3.18513e-05	-0.039931	-0.000302346	-0.0400773	0.0	0.0	0.0	0.0	-0.000115339	-0.0400371	
24.8971217797	-3.7089e-05	-0.0401758	0.0	0.0	0.0	0.0	-3.14368e-05	-0.0396847	-0.000299505	-0.0398286	0.0	0.0	0.0	0.0	-0.000114111	-0.0397889	
25.0542014124	-3.65165e-05	-0.0399244	0.0	0.0	0.0	0.0	-3.10301e-05	-0.0394414	-0.000296694	-0.039583	0.0	0.0	0.0	0.0	-0.000112901	-0.0395437	
25.2112810451	-3.59561e-05	-0.039676	0.0	0.0	0.0	0.0	-3.06313e-05	-0.039201	-0.000293914	-0.0393403	0.0	0.0	0.0	0.0	-0.000111708	-0.0393016	
25.3683606777	-3.54077e-05	-0.0394307	0.0	0.0	0.0	0.0	-3.024e-05	-0.0389636	-0.000291164	-0.0391006	0.0	0.0	0.0	0.0	-0.000110533	-0.0390623	
25.5254403104	-3.48707e-05	-0.0391884	0.0	0.0	0.0	0.0	-2.98562e-05	-0.0387289	-0.000288445	-0.0388638	0.0	0.0	0.0	0.0	-0.000109374	-0.038826	
25.6825199431	-3.43451e-05	-0.038949	0.0	0.0	0.0	0.0	-2.94795e-05	-0.038497	-0.000285756	-0.0386298	0.0	0.0	0.0	0.0	-0.000108232	-0.0385924	
25.8395995758	-3.38305e-05	-0.0387125	0.0	0.0	0.0	0.0	-2.91099e-05	-0.0382679	-0.000283097	-0.0383985	0.0	0.0	0.0	0.0	-0.000107106	-0.0383617	
25.9966792085	-3.33266e-05	-0.0384789	0.0	0.0	0.0	0.0	-2.87472e-05	-0.0380415	-0.000280468	-0.0381701	0.0	0.0	0.0	0.0	-0.000105996	-0.0381337	
26.1537588411	-3.28332e-05	-0.0382481	0.0	0.0	0.0	0.0	-2.83911e-05	-0.0378177	-0.000277869	-0.0379442	0.0	0.0	0.0	0.0	-0.000104902	-0.0379083	
26.3108384738	-3.235e-05	-0.03802	0.0	0.0	0.0	0.0	-2.80416e-05	-0.0375965	-0.000275299	-0.0377211	0.0	0.0	0.0	0.0	-0.000103823	-0.0376856	
26.4679181065	-3.18767e-05	-0.0377946	0.0	0.0	0.0	0.0	-2.76984e-05	-0.0373779	-0.000272758	-0.0375005	0.0	0.0	0.0	0.0	-0.00010276	-0.0374654	
26.6249977392	-3.1413e-05	-0.0375718	0.0	0.0	0.0	0.0	-2.73615e-05	-0.0371617	-0.000270246	-0.0372825	0.0	0.0	0.0	0.0	-0.000101712	-0.0372478	
26.7820773719	-3.09589e-05	-0.0373517	0.0	0.0	0.0	0.0	-2.70307e-05	-0.0369481	-0.000267763	-0.0370669	0.0	0.0	0.0	0.0	-0.000100678	-0.0370328	
26.9391570045	-3.0514e-05	-0.0371341	0.0	0.0	0.0	0.0	-2.67058e-05	-0.0367368	-0.000265308	-0.0368539	0.0	0.0	0.0	0.0	-9.96591e-05	-0.0368201	
27.0962366372	-3.0078e-05	-0.036919	0.0	0.0	0.0	0.0	-2.63867e-05	-0.036528	-0.000262881	-0.0366432	0.0	0.0	0.0	0.0	-9.86544e-05	-0.0366099	
27.2533162699	-2.96508e-05	-0.0367064	0.0	0.0	0.0	0.0	-2.60732e-05	-0.0363214	-0.000260483	-0.036435	0.0	0.0	0.0	0.0	-9.76637e-05	-0.036402	
27.4103959026	-2.92322e-05	-0.0364962	0.0	0.0	0.0	0.0	-2.57653e-05	-0.0361172	-0.000258112	-0.036229	0.0	0.0	0.0	0.0	-9.66869e-05	-0.0361965	
27.5674755353	-2.88219e-05	-0.0362884	0.0	0.0	0.0	0.0	-2.54628e-05	-0.0359153	-0.000255768	-0.0360254	0.0	0.0	0.0	0.0	-9.57237e-05	-0.0359933	
27.7245551679	-2.84198e-05	-0.036083	0.0	0.0	0.0	0.0	-2.51656e-05	-0.0357156	-0.000253452	-0.035824	0.0	0.0	0.0	0.0	-9.47739e-05	-0.0357923	
27.8816348006	-2.80256e-05	-0.0358798	0.0	0.0	0.0	0.0	-2.48735e-05	-0.0355181	-0.000251162	-0.0356249	0.0	0.0	0.0	0.0	-9.38372e-05	-0.0355936	
28.0387144333	-2.76391e-05	-0.0356789	0.0	0.0	0.0	0.0	-2.45865e-05	-0.0353227	-0.000248899	-0.0354279	0.0	0.0	0.0	0.0	-9.29135e-05	-0.035397	
28.195794066	-2.72602e-05	-0.0354803	0.0	0.0	0.0	0.0	-2.43044e-05	-0.0351295	-0.000246662	-0.0352331	0.0	0.0	0.0	0.0	-9.20024e-05	-0.0352026	
28.3528736986	-2.68887e-05	-0.0352838	0.0	0.0	0.0	0.0	-2.40271e-05	-0.0349383	-0.000244451	-0.0350404	0.0	0.0	0.0	0.0	-9.11039e-05	-0.0350103	
28.5099533313	-2.65244e-05	-0.0350895	0.0	0.0	0.0	0.0	-2.37545e-05	-0.0347492	-0.000242266	-0.0348498	0.0	0.0	0.0	0.0	-9.02177e-05	-0.03482	
28.667032964	-2.61671e-05	-0.0348973	0.0	0.0	0.0	0.0	-2.34865e-05	-0.0345621	-0.000240106	-0.0346613	0.0	0.0	0.0	0.0	-8.93436e-05	-0.0346319	
28.8241125967	-2.58167e-05	-0.0347072	0.0	0.0	0.0	0.0	-2.3223e-05	-0.034377	-0.000237971	-0.0344747	0.0	0.0	0.0	0.0	-8.84814e-05	-0.0344457	
28.9811922294	-2.54729e-05	-0.0345192	0.0	0.0	0.0	0.0	-2.29639e-05	-0.0341939	-0.000235862	-0.0342902	0.0	0.0	0.0	0.0	-8.76309e-05	-0.0342615	
29.138271862	-2.51357e-05	-0.0343332	0.0	0.0	0.0	0.0	-2.27092e-05	-0.0340127	-0.000233776	-0.0341076	0.0	0.0	0.0	0.0	-8.67919e-05	-0.0340792	
29.2953514947	-2.48049e-05	-0.0341492	0.0	0.0	0.0	0.0	-2.24586e-05	-0.0338334	-0.000231715	-0.0339269	0.0	0.0	0.0	0.0	-8.59642e-05	-0.0338989	
29.4524311274	-2.44803e-05	-0.0339671	0.0	0.0	0.0	0.0	-2.22121e-05	-0.033656	-0.000229678	-0.0337481	0.0	0.0	0.0	0.0	-8.51476e-05	-0.0337205	
29.6095107601	-2.41618e-05	-0.033787	0.0	0.0	0.0	0.0	-2.19697e-05	-0.0334804	-0.000227665	-0.0335712	0.0	0.0	0.0	0.0	-8.4342e-05	-0.0335439	
29.7665903928	-2.38493e-05	-0.0336087	0.0	0.0	0.0	0.0	-2.17312e-05	-0.0333066	-0.000225675	-0.0333961	0.0	0.0	0.0	0.0	-8.35472e-05	-0.0333691	
29.9236700254	-2.35425e-05	-0.0334323	0.0	0.0	0.0	0.0	-2.14966e-05	-0.0331346	-0.000223709	-0.0332228	0.0	0.0	0.0	0.0	-8.2763e-05	-0.0331962	
30.0807496581	-2.32415e-05	-0.0332578	0.0	0.0	0.0	0.0	-2.12658e-05	-0.0329643	-0.000221765	-0.0330513	0.0	0.0	0.0	0.0	-8.19892e-05	-0.033025	
30.2378292908	-2.29459e-05	-0.0330851	0.0	0.0	0.0	0.0	-2.10386e-05	-0.0327958	-0.000219843	-0.0328816	0.0	0.0	0.0	0.0	-8.12257e-05	-0.0328556	
30.3949089235	-2.26558e-05	-0.0329141	0.0	0.0	0.0	0.0	-2.08151e-05	-0.032629	-0.000217944	-0.0327136	0.0	0.0	0.0	0.0	-8.04722e-05	-0.0326879	
30.5519885562	-2.23709e-05	-0.0327449	0.0	0.0	0.0	0.0	-2.05951e-05	-0.0324638	-0.000216067	-0.0325473	0.0	0.0	0.0	0.0	-7.97287e-05	-0.0325219	
30.7090681888	-2.20913e-05	-0.0325775	0.0	0.0	0.0	0.0	-2.03786e-05	-0.0323003	-0.000214212	-0.0323826	0.0	0.0	0.0	0.0	-7.89949e-05	-0.0323575	
30.8661478215	-2.18166e-05	-0.0324117	0.0	0.0	0.0	0.0	-2.01655e-05	-0.0321385	-0.000212378	-0.0322196	0.0	0.0	0.0	0.0	-7.82707e-05	-0.0321949	
31.0232274542	-2.15469e-05	-0.0322476	0.0	0.0	0.0	0.0	-1.99557e-05	-0.0319782	-0.000210566	-0.0320582	0.0	0.0	0.0	0.0	-7.7556e-05	-0.0320338	
31.1803070869	-2.12821e-05	-0.0320852	0.0	0.0	0.0	0.0	-1.97492e-05	-0.0318196	-0.000208774	-0.0318985	0.0	0.0	0.0	0.0	-7.68505e-05	-0.0318743	
31.3373867196	-2.10219e-05	-0.0319243	0.0	0.0	0.0	0.0	-1.95458e-05	-0.0316624	-0.000207003	-0.0317403	0.0	0.0	0.0	0.0	-7.61542e-05	-0.0317164	
31.4944663522	-2.07663e-05	-0.0317651	0.0	0.0	0.0	0.0	-1.93456e-05	-0.0315068	-0.000205253	-0.0315836	0.0	0.0	0.0	0.0	-7.5467e-05	-0.03156	
31.6515459849	-2.05153e-05	-0.0316075	0.0	0.0	0.0	0.0	-1.91485e-05	-0.0313528	-0.000203522	-0.0314285	0.0	0.0	0.0	0.0	-7.47885e-05	-0.0314052	
31.8086256176	-2.02686e-05	-0.0314514	0.0	0.0	0.0	0.0	-1.89543e-05	-0.0312002	-0.000201811	-0.0312749	0.0	0.0	0.0	0.0	-7.41188e-05	-0.0312519	
31.9657052503	-2.00263e-05	-0.0312969	0.0	0.0	0.0	0.0	-1.87631e-05	-0.0310491	-0.00020012	-0.0311228	0.0	0.0	0.0	0.0	-7.34576e-05	-0.0311	
32.122784883	-1.97881e-05	-0.0311438	0.0	0.0	0.0	0.0	-1.85748e-05	-0.0308994	-0.000198449	-0.0309721	0.0	0.0	0.0	0.0	-7.28049e-05	-0.0309496	
32.2798645156	-1.95541e-05	-0.0309923	0.0	0.0	0.0	0.0	-1.83892e-05	-0.0307512	-0.000196796	-0.0308229	0.0	0.0	0.0	0.0	-7.21604e-05	-0.0308007	
32.4369441483	-1.93241e-05	-0.0308422	0.0	0.0	0.0	0.0	-1.82065e-05	-0.0306043	-0.000195163	-0.0306751	0.0	0.0	0.0	0.0	-7.15242e-05	-0.0306532	
32.594023781	-1.90981e-05	-0.0306935	0.0	0.0	0.0	0.0	-1.80265e-05	-0.0304589	-0.000193548	-0.0305287	0.0	0.0	0.0	0.0	-7.08959e-05	-0.0305071	
32.7511034137	-1.88759e-05	-0.0305463	0.0	0.0	0.0	0.0	-1.78491e-05	-0.0303148	-0.000191951	-0.0303837	0.0	0.0	0.0	0.0	-7.02756e-05	-0.0303623	
32.9081830464	-1.86574e-05	-0.0304005	0.0	0.0	0.0	0.0	-1.76743e-05	-0.0301721	-0.000190372	-0.0302401	0.0	0.0	0.0	0.0	-6.96631e-05	-0.0302189	
33.065262679	-1.84427e-05	-0.030256	0.0	0.0	0.0	0.0	-1.75021e-05	-0.0300307	-0.000188812	-0.0300978	0.0	0.0	0.0	0.0	-6.90582e-05	-0.0300769	
33.2223423117	-1.82316e-05	-0.030113	0.0	0.0	0.0	0.0	-1.73325e-05	-0.0298906	-0.000187269	-0.0299569	0.0	0.0	0.0	0.0	-6.84608e-05	-0.0299362	
33.3794219444	-1.8024e-05	-0.0299712	0.0	0.0	0.0	0.0	-1.71652e-05	-0.0297518	-0.000185743	-0.0298172	0.0	0.0	0.0	0.0	-6.78709e-05	-0.0297968	
33.5365015771	-1.78198e-05	-0.0298308	0.0	0.0	0.0	0.0	-1.70004e-05	-0.0296143	-0.000184235	-0.0296788	0.0	0.0	0.0	0.0	-6.72883e-05	-0.0296586	
33.6935812098	-1.76191e-05	-0.0296918	0.0	0.0	0.0	0.0	-1.68379e-05	-0.029478	-0.000182743	-0.0295418	0.0	0.0	0.0	0.0	-6.67129e-05	-0.0295218	
33.8506608424	-1.74216e-05	-0.029554	0.0	0.0	0.0	0.0	-1.66778e-05	-0.029343	-0.000181269	-0.0294059	0.0	0.0	0.0	0.0	-6.61445e-05	-0.0293862	
34.0077404751	-1.72274e-05	-0.0294174	0.0	0.0	0.0	0.0	-1.65199e-05	-0.0292092	-0.000179811	-0.0292713	0.0	0.0	0.0	0.0	-6.55832e-05	-0.0292518	
34.1648201078	-1.70364e-05	-0.0292821	0.0	0.0	0.0	0.0	-1.63643e-05	-0.0290767	-0.000178369	-0.0291379	0.0	0.0	0.0	0.0	-6.50287e-05	-0.0291187	
34.3218997405	-1.68484e-05	-0.0291481	0.0	0.0	0.0	0.0	-1.62109e-05	-0.0289453	-0.000176943	-0.0290058	0.0	0.0	0.0	0.0	-6.44809e-05	-0.0289867	
34.4789793731	-1.66635e-05	-0.0290153	0.0	0.0	0.0	0.0	-1.60596e-05	-0.028815	-0.000175533	-0.0288748	0.0	0.0	0.0	0.0	-6.39398e-05	-0.0288559	
34.6360590058	-1.64816e-05	-0.0288837	0.0	0.0	0.0	0.0	-1.59105e-05	-0.028686	-0.000174139	-0.028745	0.0	0.0	0.0	0.0	-6.34053e-05	-0.0287263	
34.7931386385	-1.63026e-05	-0.0287532	0.0	0.0	0.0	0.0	-1.57634e-05	-0.0285581	-0.00017276	-0.0286163	0.0	0.0	0.0	0.0	-6.28771e-05	-0.0285979	
34.9502182712	-1.61265e-05	-0.028624	0.0	0.0	0.0	0.0	-1.56183e-05	-0.0284313	-0.000171397	-0.0284888	0.0	0.0	0.0	0.0	-6.23554e-05	-0.0284706	
35.1072979039	-1.59532e-05	-0.0284959	0.0	0.0	0.0	0.0	-1.54753e-05	-0.0283056	-0.000170048	-0.0283624	0.0	0.0	0.0	0.0	-6.18399e-05	-0.0283444	
35.2643775365	-1.57826e-05	-0.0283689	0.0	0.0	0.0	0.0	-1.53342e-05	-0.0281811	-0.000168715	-0.0282372	0.0	0.0	0.0	0.0	-6.13305e-05	-0.0282194	
35.4214571692	-1.56147e-05	-0.0282431	0.0	0.0	0.0	0.0	-1.5195e-05	-0.0280576	-0.000167396	-0.028113	0.0	0.0	0.0	0.0	-6.08272e-05	-0.0280954	
35.5785368019	-1.54494e-05	-0.0281184	0.0	0.0	0.0	0.0	-1.50577e-05	-0.0279352	-0.000166092	-0.0279899	0.0	0.0	0.0	0.0	-6.03299e-05	-0.0279725	
35.7356164346	-1.52867e-05	-0.0279947	0.0	0.0	0.0	0.0	-1.49223e-05	-0.0278138	-0.000164801	-0.0278679	0.0	0.0	0.0	0.0	-5.98385e-05	-0.0278507	
35.8926960673	-1.51265e-05	-0.0278722	0.0	0.0	0.0	0.0	-1.47887e-05	-0.0276935	-0.000163525	-0.0277469	0.0	0.0	0.0	0.0	-5.93529e-05	-0.0277299	
36.0497756999	-1.49688e-05	-0.0277507	0.0	0.0	0.0	0.0	-1.46569e-05	-0.0275742	-0.000162263	-0.027627	0.0	0.0	0.0	0.0	-5.88729e-05	-0.0276101	
36.2068553326	-1.48135e-05	-0.0276303	0.0	0.0	0.0	0.0	-1.45268e-05	-0.027456	-0.000161015	-0.0275081	0.0	0.0	0.0	0.0	-5.83986e-05	-0.0274914	
36.3639349653	-1.46606e-05	-0.0275109	0.0	0.0	0.0	0.0	-1.43985e-05	-0.0273387	-0.00015978	-0.0273902	0.0	0.0	0.0	0.0	-5.79298e-05	-0.0273737	
36.521014598	-1.45101e-05	-0.0273925	0.0	0.0	0.0	0.0	-1.42718e-05	-0.0272224	-0.000158558	-0.0272733	0.0	0.0	0.0	0.0	-5.74665e-05	-0.027257	
36.6780942307	-1.43618e-05	-0.0272752	0.0	0.0	0.0	0.0	-1.41469e-05	-0.0271072	-0.00015735	-0.0271574	0.0	0.0	0.0	0.0	-5.70086e-05	-0.0271413	
36.8351738633	-1.42158e-05	-0.0271588	0.0	0.0	0.0	0.0	-1.40236e-05	-0.0269929	-0.000156154	-0.0270425	0.0	0.0	0.0	0.0	-5.65559e-05	-0.0270266	
36.992253496	-1.40719e-05	-0.0270435	0.0	0.0	0.0	0.0	-1.39019e-05	-0.0268795	-0.000154972	-0.0269285	0.0	0.0	0.0	0.0	-5.61085e-05	-0.0269128	
37.1493331287	-1.39302e-05	-0.0269291	0.0	0.0	0.0	0.0	-1.37817e-05	-0.0267671	-0.000153802	-0.0268155	0.0	0.0	0.0	0.0	-5.56662e-05	-0.0268	
37.3064127614	-1.37907e-05	-0.0268157	0.0	0.0	0.0	0.0	-1.36631e-05	-0.0266556	-0.000152645	-0.0267035	0.0	0.0	0.0	0.0	-5.52289e-05	-0.0266881	
37.4634923941	-1.36532e-05	-0.0267032	0.0	0.0	0.0	0.0	-1.35461e-05	-0.026545	-0.0001515	-0.0265924	0.0	0.0	0.0	0.0	-5.47967e-05	-0.0265771	
37.6205720267	-1.35177e-05	-0.0265917	0.0	0.0	0.0	0.0	-1.34306e-05	-0.0264354	-0.000150367	-0.0264821	0.0	0.0	0.0	0.0	-5.43693e-05	-0.0264671	
37.7776516594	-1.33842e-05	-0.0264811	0.0	0.0	0.0	0.0	-1.33165e-05	-0.0263266	-0.000149246	-0.0263728	0.0	0.0	0.0	0.0	-5.39468e-05	-0.0263579	
37.9347312921	-1.32527e-05	-0.0263714	0.0	0.0	0.0	0.0	-1.32039e-05	-0.0262187	-0.000148137	-0.0262644	0.0	0.0	0.0	0.0	-5.35291e-05	-0.0262497	
38.0918109248	-1.31231e-05	-0.0262626	0.0	0.0	0.0	0.0	-1.30927e-05	-0.0261118	-0.00014704	-0.0261569	0.0	0.0	0.0	0.0	-5.31161e-05	-0.0261423	
38.2488905575	-1.29954e-05	-0.0261547	0.0	0.0	0.0	0.0	-1.29829e-05	-0.0260056	-0.000145954	-0.0260503	0.0	0.0	0.0	0.0	-5.27077e-05	-0.0260358	
38.4059701901	-1.28695e-05	-0.0260477	0.0	0.0	0.0	0.0	-1.28745e-05	-0.0259004	-0.000144879	-0.0259445	0.0	0.0	0.0	0.0	-5.23039e-05	-0.0259302	
38.5630498228	-1.27454e-05	-0.0259415	0.0	0.0	0.0	0.0	-1.27674e-05	-0.0257959	-0.000143816	-0.0258395	0.0	0.0	0.0	0.0	-5.19046e-05	-0.0258254	
38.7201294555	-1.26231e-05	-0.0258363	0.0	0.0	0.0	0.0	-1.26617e-05	-0.0256923	-0.000142764	-0.0257354	0.0	0.0	0.0	0.0	-5.15097e-05	-0.0257215	
38.8772090882	-1.25026e-05	-0.0257318	0.0	0.0	0.0	0.0	-1.25573e-05	-0.0255896	-0.000141723	-0.0256322	0.0	0.0	0.0	0.0	-5.11192e-05	-0.0256184	
39.0342887209	-1.23838e-05	-0.0256282	0.0	0.0	0.0	0.0	-1.24542e-05	-0.0254876	-0.000140693	-0.0255298	0.0	0.0	0.0	0.0	-5.0733e-05	-0.0255161	
39.1913683535	-1.22666e-05	-0.0255255	0.0	0.0	0.0	0.0	-1.23523e-05	-0.0253865	-0.000139674	-0.0254281	0.0	0.0	0.0	0.0	-5.03511e-05	-0.0254146	
39.3484479862	-1.21511e-05	-0.0254236	0.0	0.0	0.0	0.0	-1.22517e-05	-0.0252861	-0.000138665	-0.0253273	0.0	0.0	0.0	0.0	-4.99733e-05	-0.0253139	
39.5055276189	-1.20372e-05	-0.0253224	0.0	0.0	0.0	0.0	-1.21524e-05	-0.0251866	-0.000137666	-0.0252273	0.0	0.0	0.0	0.0	-4.95997e-05	-0.025214	
39.6626072516	-1.19249e-05	-0.0252221	0.0	0.0	0.0	0.0	-1.20542e-05	-0.0250878	-0.000136678	-0.025128	0.0	0.0	0.0	0.0	-4.92302e-05	-0.0251149	
39.8196868843	-1.18142e-05	-0.0251226	0.0	0.0	0.0	0.0	-1.19572e-05	-0.0249898	-0.0001357	-0.0250296	0.0	0.0	0.0	0.0	-4.88647e-05	-0.0250166	
39.9767665169	-1.1705e-05	-0.0250238	0.0	0.0	0.0	0.0	-1.18614e-05	-0.0248925	-0.000134731	-0.0249319	0.0	0.0	0.0	0.0	-4.85031e-05	-0.024919	
40.1338461496	-1.15973e-05	-0.0249258	0.0	0.0	0.0	0.0	-1.17667e-05	-0.024796	-0.000133773	-0.0248349	0.0	0.0	0.0	0.0	-4.81454e-05	-0.0248222	
40.2909257823	-1.14911e-05	-0.0248286	0.0	0.0	0.0	0.0	-1.16732e-05	-0.0247002	-0.000132825	-0.0247387	0.0	0.0	0.0	0.0	-4.77916e-05	-0.0247262	
40.448005415	-1.13863e-05	-0.0247322	0.0	0.0	0.0	0.0	-1.15808e-05	-0.0246052	-0.000131886	-0.0246433	0.0	0.0	0.0	0.0	-4.74416e-05	-0.0246308	
40.6050850476	-1.1283e-05	-0.0246364	0.0	0.0	0.0	0.0	-1.14895e-05	-0.0245109	-0.000130956	-0.0245486	0.0	0.0	0.0	0.0	-4.70953e-05	-0.0245362	
40.7621646803	-1.1181e-05	-0.0245415	0.0	0.0	0.0	0.0	-1.13993e-05	-0.0244173	-0.000130036	-0.0244545	0.0	0.0	0.0	0.0	-4.67528e-05	-0.0244424	
40.919244313	-1.10805e-05	-0.0244472	0.0	0.0	0.0	0.0	-1.13101e-05	-0.0243244	-0.000129126	-0.0243613	0.0	0.0	0.0	0.0	-4.64138e-05	-0.0243492	
41.0763239457	-1.09812e-05	-0.0243537	0.0	0.0	0.0	0.0	-1.1222e-05	-0.0242322	-0.000128224	-0.0242687	0.0	0.0	0.0	0.0	-4.60785e-05	-0.0242568	
41.2334035784	-1.08833e-05	-0.0242609	0.0	0.0	0.0	0.0	-1.11349e-05	-0.0241408	-0.000127332	-0.0241768	0.0	0.0	0.0	0.0	-4.57467e-05	-0.024165	
41.390483211	-1.07868e-05	-0.0241688	0.0	0.0	0.0	0.0	-1.10488e-05	-0.02405	-0.000126448	-0.0240856	0.0	0.0	0.0	0.0	-4.54184e-05	-0.0240739	
41.5475628437	-1.06915e-05	-0.0240774	0.0	0.0	0.0	0.0	-1.09637e-05	-0.0239598	-0.000125573	-0.0239951	0.0	0.0	0.0	0.0	-4.50935e-05	-0.0239835	
41.7046424764	-1.05974e-05	-0.0239866	0.0	0.0	0.0	0.0	-1.08796e-05	-0.0238704	-0.000124707	-0.0239053	0.0	0.0	0.0	0.0	-4.4772e-05	-0.0238938	
41.8617221091	-1.05046e-05	-0.0238966	0.0	0.0	0.0	0.0	-1.07964e-05	-0.0237816	-0.00012385	-0.0238161	0.0	0.0	0.0	0.0	-4.44539e-05	-0.0238048	
42.0188017418	-1.0413e-05	-0.0238072	0.0	0.0	0.0	0.0	-1.07143e-05	-0.0236935	-0.000123001	-0.0237276	0.0	0.0	0.0	0.0	-4.41391e-05	-0.0237164	
42.1758813744	-1.03226e-05	-0.0237185	0.0	0.0	0.0	0.0	-1.0633e-05	-0.023606	-0.00012216	-0.0236398	0.0	0.0	0.0	0.0	-4.38276e-05	-0.0236287	
42.3329610071	-1.02334e-05	-0.0236305	0.0	0.0	0.0	0.0	-1.05527e-05	-0.0235191	-0.000121328	-0.0235526	0.0	0.0	0.0	0.0	-4.35193e-05	-0.0235416	
42.4900406398	-1.01453e-05	-0.0235431	0.0	0.0	0.0	0.0	-1.04733e-05	-0.0234329	-0.000120504	-0.023466	0.0	0.0	0.0	0.0	-4.32141e-05	-0.0234551	
42.6471202725	-1.00584e-05	-0.0234563	0.0	0.0	0.0	0.0	-1.03948e-05	-0.0233473	-0.000119687	-0.0233801	0.0	0.0	0.0	0.0	-4.29121e-05	-0.0233693	
42.8041999052	-9.97257e-06	-0.0233702	0.0	0.0	0.0	0.0	-1.03171e-05	-0.0232624	-0.000118879	-0.0232948	0.0	0.0	0.0	0.0	-4.26132e-05	-0.0232841	
42.9612795378	-9.88785e-06	-0.0232847	0.0	0.0	0.0	0.0	-1.02404e-05	-0.023178	-0.000118079	-0.0232101	0.0	0.0	0.0	0.0	-4.23173e-05	-0.0231995	
43.1183591705	-9.80421e-06	-0.0231999	0.0	0.0	0.0	0.0	-1.01645e-05	-0.0230943	-0.000117287	-0.023126	0.0	0.0	0.0	0.0	-4.20245e-05	-0.0231155	
43.2754388032	-9.72163e-06	-0.0231156	0.0	0.0	0.0	0.0	-1.00894e-05	-0.0230111	-0.000116502	-0.0230425	0.0	0.0	0.0	0.0	-4.17346e-05	-0.0230322	
43.4325184359	-9.64009e-06	-0.023032	0.0	0.0	0.0	0.0	-1.00152e-05	-0.0229286	-0.000115724	-0.0229597	0.0	0.0	0.0	0.0	-4.14476e-05	-0.0229494	
43.5895980686	-9.55958e-06	-0.022949	0.0	0.0	0.0	0.0	-9.94174e-06	-0.0228466	-0.000114955	-0.0228774	0.0	0.0	0.0	0.0	-4.11636e-05	-0.0228672	
43.7466777012	-9.48007e-06	-0.0228665	0.0	0.0	0.0	0.0	-9.86913e-06	-0.0227653	-0.000114192	-0.0227957	0.0	0.0	0.0	0.0	-4.08824e-05	-0.0227856	
43.9037573339	-9.40156e-06	-0.0227847	0.0	0.0	0.0	0.0	-9.79732e-06	-0.0226845	-0.000113437	-0.0227146	0.0	0.0	0.0	0.0	-4.0604e-05	-0.0227046	
44.0608369666	-9.32402e-06	-0.0227034	0.0	0.0	0.0	0.0	-9.72629e-06	-0.0226042	-0.000112689	-0.022634	0.0	0.0	0.0	0.0	-4.03284e-05	-0.0226242	
44.2179165993	-9.24745e-06	-0.0226227	0.0	0.0	0.0	0.0	-9.65603e-06	-0.0225246	-0.000111949	-0.0225541	0.0	0.0	0.0	0.0	-4.00555e-05	-0.0225443	
44.374996232	-9.17181e-06	-0.0225426	0.0	0.0	0.0	0.0	-9.58653e-06	-0.0224454	-0.000111215	-0.0224747	0.0	0.0	0.0	0.0	-3.97853e-05	-0.022465	
44.5320758646	-9.09711e-06	-0.0224631	0.0	0.0	0.0	0.0	-9.51779e-06	-0.0223669	-0.000110488	-0.0223958	0.0	0.0	0.0	0.0	-3.95179e-05	-0.0223862	
44.6891554973	-9.02332e-06	-0.0223841	0.0	0.0	0.0	0.0	-9.44978e-06	-0.0222889	-0.000109769	-0.0223175	0.0	0.0	0.0	0.0	-3.9253e-05	-0.022308	
44.84623513	-8.95043e-06	-0.0223056	0.0	0.0	0.0	0.0	-9.3825e-06	-0.0222114	-0.000109055	-0.0222397	0.0	0.0	0.0	0.0	-3.89908e-05	-0.0222303	
45.0033147627	-8.87842e-06	-0.0222278	0.0	0.0	0.0	0.0	-9.31594e-06	-0.0221345	-0.000108349	-0.0221625	0.0	0.0	0.0	0.0	-3.87311e-05	-0.0221532	
45.1603943954	-8.80729e-06	-0.0221504	0.0	0.0	0.0	0.0	-9.25009e-06	-0.0220581	-0.000107649	-0.0220858	0.0	0.0	0.0	0.0	-3.8474e-05	-0.0220766	
45.317474028	-8.73701e-06	-0.0220736	0.0	0.0	0.0	0.0	-9.18494e-06	-0.0219822	-0.000106956	-0.0220097	0.0	0.0	0.0	0.0	-3.82194e-05	-0.0220005	
45.4745536607	-8.66757e-06	-0.0219973	0.0	0.0	0.0	0.0	-9.12047e-06	-0.0219068	-0.00010627	-0.021934	0.0	0.0	0.0	0.0	-3.79673e-05	-0.021925	
45.6316332934	-8.59897e-06	-0.0219216	0.0	0.0	0.0	0.0	-9.05669e-06	-0.021832	-0.000105589	-0.0218589	0.0	0.0	0.0	0.0	-3.77176e-05	-0.0218499	
45.7887129261	-8.53118e-06	-0.0218463	0.0	0.0	0.0	0.0	-8.99357e-06	-0.0217576	-0.000104915	-0.0217843	0.0	0.0	0.0	0.0	-3.74703e-05	-0.0217754	
45.9457925588	-8.46419e-06	-0.0217716	0.0	0.0	0.0	0.0	-8.93111e-06	-0.0216838	-0.000104248	-0.0217102	0.0	0.0	0.0	0.0	-3.72254e-05	-0.0217014	
46.1028721914	-8.398e-06	-0.0216974	0.0	0.0	0.0	0.0	-8.86931e-06	-0.0216104	-0.000103586	-0.0216366	0.0	0.0	0.0	0.0	-3.69829e-05	-0.0216279	
46.2599518241	-8.33258e-06	-0.0216237	0.0	0.0	0.0	0.0	-8.80814e-06	-0.0215376	-0.000102931	-0.0215635	0.0	0.0	0.0	0.0	-3.67426e-05	-0.0215548	
46.4170314568	-8.26793e-06	-0.0215505	0.0	0.0	0.0	0.0	-8.74761e-06	-0.0214652	-0.000102281	-0.0214909	0.0	0.0	0.0	0.0	-3.65047e-05	-0.0214823	
46.5741110895	-8.20404e-06	-0.0214778	0.0	0.0	0.0	0.0	-8.6877e-06	-0.0213933	-0.000101638	-0.0214187	0.0	0.0	0.0	0.0	-3.62691e-05	-0.0214103	
46.7311907221	-8.14089e-06	-0.0214056	0.0	0.0	0.0	0.0	-8.62841e-06	-0.0213219	-0.000101	-0.0213471	0.0	0.0	0.0	0.0	-3.60356e-05	-0.0213387	
46.8882703548	-8.07847e-06	-0.0213338	0.0	0.0	0.0	0.0	-8.56972e-06	-0.021251	-0.000100368	-0.0212759	0.0	0.0	0.0	0.0	-3.58044e-05	-0.0212676	
47.0453499875	-8.01677e-06	-0.0212625	0.0	0.0	0.0	0.0	-8.51163e-06	-0.0211805	-9.97422e-05	-0.0212052	0.0	0.0	0.0	0.0	-3.55754e-05	-0.021197	
47.2024296202	-7.95578e-06	-0.0211918	0.0	0.0	0.0	0.0	-8.45413e-06	-0.0211105	-9.91219e-05	-0.021135	0.0	0.0	0.0	0.0	-3.53485e-05	-0.0211268	
47.3595092529	-7.89549e-06	-0.0211214	0.0	0.0	0.0	0.0	-8.39722e-06	-0.021041	-9.85071e-05	-0.0210652	0.0	0.0	0.0	0.0	-3.51238e-05	-0.0210571	
47.5165888855	-7.83589e-06	-0.0210516	0.0	0.0	0.0	0.0	-8.34088e-06	-0.0209719	-9.78979e-05	-0.0209959	0.0	0.0	0.0	0.0	-3.49011e-05	-0.0209879	
47.6736685182	-7.77697e-06	-0.0209822	0.0	0.0	0.0	0.0	-8.28511e-06	-0.0209033	-9.72942e-05	-0.0209271	0.0	0.0	0.0	0.0	-3.46806e-05	-0.0209191	
47.8307481509	-7.71871e-06	-0.0209133	0.0	0.0	0.0	0.0	-8.22989e-06	-0.0208351	-9.66959e-05	-0.0208586	0.0	0.0	0.0	0.0	-3.44621e-05	-0.0208508	
47.9878277836	-7.66112e-06	-0.0208448	0.0	0.0	0.0	0.0	-8.17523e-06	-0.0207674	-9.61029e-05	-0.0207907	0.0	0.0	0.0	0.0	-3.42456e-05	-0.0207829	
48.1449074163	-7.60417e-06	-0.0207767	0.0	0.0	0.0	0.0	-8.12111e-06	-0.0207001	-9.55153e-05	-0.0207232	0.0	0.0	0.0	0.0	-3.40311e-05	-0.0207154	
48.3019870489	-7.54786e-06	-0.0207091	0.0	0.0	0.0	0.0	-8.06753e-06	-0.0206332	-9.49329e-05	-0.0206561	0.0	0.0	0.0	0.0	-3.38186e-05	-0.0206484	
48.4590666816	-7.49217e-06	-0.020642	0.0	0.0	0.0	0.0	-8.01448e-06	-0.0205668	-9.43556e-05	-0.0205894	0.0	0.0	0.0	0.0	-3.36081e-05	-0.0205818	
48.6161463143	-7.43711e-06	-0.0205753	0.0	0.0	0.0	0.0	-7.96196e-06	-0.0205007	-9.37835e-05	-0.0205232	0.0	0.0	0.0	0.0	-3.33995e-05	-0.0205157	
48.773225947	-7.38266e-06	-0.020509	0.0	0.0	0.0	0.0	-7.90995e-06	-0.0204351	-9.32164e-05	-0.0204574	0.0	0.0	0.0	0.0	-3.31928e-05	-0.0204499	
48.9303055797	-7.32881e-06	-0.0204431	0.0	0.0	0.0	0.0	-7.85845e-06	-0.02037	-9.26543e-05	-0.020392	0.0	0.0	0.0	0.0	-3.29879e-05	-0.0203846	
49.0873852123	-7.27555e-06	-0.0203777	0.0	0.0	0.0	0.0	-7.80745e-06	-0.0203052	-9.20972e-05	-0.020327	0.0	0.0	0.0	0.0	-3.2785e-05	-0.0203197	
49.244464845	-7.22287e-06	-0.0203126	0.0	0.0	0.0	0.0	-7.75695e-06	-0.0202408	-9.1545e-05	-0.0202625	0.0	0.0	0.0	0.0	-3.25839e-05	-0.0202552	
49.4015444777	-7.17077e-06	-0.020248	0.0	0.0	0.0	0.0	-7.70694e-06	-0.0201769	-9.09976e-05	-0.0201983	0.0	0.0	0.0	0.0	-3.23846e-05	-0.0201911	
49.5586241104	-7.11924e-06	-0.0201838	0.0	0.0	0.0	0.0	-7.65741e-06	-0.0201133	-9.04549e-05	-0.0201346	0.0	0.0	0.0	0.0	-3.21871e-05	-0.0201274	
49.7157037431	-7.06827e-06	-0.02012	0.0	0.0	0.0	0.0	-7.60836e-06	-0.0200502	-8.9917e-05	-0.0200712	0.0	0.0	0.0	0.0	-3.19913e-05	-0.0200642	
49.8727833757	-7.01785e-06	-0.0200566	0.0	0.0	0.0	0.0	-7.55978e-06	-0.0199874	-8.93838e-05	-0.0200083	0.0	0.0	0.0	0.0	-3.17974e-05	-0.0200013	
50.0298630084	-6.96797e-06	-0.0199936	0.0	0.0	0.0	0.0	-7.51167e-06	-0.0199251	-8.88552e-05	-0.0199457	0.0	0.0	0.0	0.0	-3.16051e-05	-0.0199388	
50.1869426411	-6.91862e-06	-0.019931	0.0	0.0	0.0	0.0	-7.46402e-06	-0.0198631	-8.83311e-05	-0.0198836	0.0	0.0	0.0	0.0	-3.14146e-05	-0.0198767	
50.3440222738	-6.86981e-06	-0.0198688	0.0	0.0	0.0	0.0	-7.41682e-06	-0.0198015	-8.78116e-05	-0.0198218	0.0	0.0	0.0	0.0	-3.12258e-05	-0.019815	
50.5011019065	-6.82151e-06	-0.019807	0.0	0.0	0.0	0.0	-7.37007e-06	-0.0197403	-8.72965e-05	-0.0197604	0.0	0.0	0.0	0.0	-3.10386e-05	-0.0197536	
50.6581815391	-6.77373e-06	-0.0197455	0.0	0.0	0.0	0.0	-7.32375e-06	-0.0196794	-8.67858e-05	-0.0196994	0.0	0.0	0.0	0.0	-3.08531e-05	-0.0196927	
50.8152611718	-6.72645e-06	-0.0196845	0.0	0.0	0.0	0.0	-7.27788e-06	-0.019619	-8.62795e-05	-0.0196387	0.0	0.0	0.0	0.0	-3.06693e-05	-0.0196321	
50.9723408045	-6.67967e-06	-0.0196238	0.0	0.0	0.0	0.0	-7.23244e-06	-0.0195589	-8.57775e-05	-0.0195784	0.0	0.0	0.0	0.0	-3.0487e-05	-0.0195719	
51.1294204372	-6.63338e-06	-0.0195635	0.0	0.0	0.0	0.0	-7.18742e-06	-0.0194992	-8.52798e-05	-0.0195185	0.0	0.0	0.0	0.0	-3.03064e-05	-0.019512	
51.2865000699	-6.58758e-06	-0.0195035	0.0	0.0	0.0	0.0	-7.14282e-06	-0.0194398	-8.47863e-05	-0.019459	0.0	0.0	0.0	0.0	-3.01273e-05	-0.0194525	
51.4435797025	-6.54225e-06	-0.019444	0.0	0.0	0.0	0.0	-7.09864e-06	-0.0193808	-8.4297e-05	-0.0193998	0.0	0.0	0.0	0.0	-2.99498e-05	-0.0193934	
51.6006593352	-6.4974e-06	-0.0193848	0.0	0.0	0.0	0.0	-7.05487e-06	-0.0193221	-8.38118e-05	-0.019341	0.0	0.0	0.0	0.0	-2.97739e-05	-0.0193346	
51.7577389679	-6.45301e-06	-0.0193259	0.0	0.0	0.0	0.0	-7.0115e-06	-0.0192638	-8.33308e-05	-0.0192825	0.0	0.0	0.0	0.0	-2.95994e-05	-0.0192762	
51.9148186006	-6.40908e-06	-0.0192674	0.0	0.0	0.0	0.0	-6.96854e-06	-0.0192059	-8.28537e-05	-0.0192244	0.0	0.0	0.0	0.0	-2.94265e-05	-0.0192182	
52.0718982333	-6.3656e-06	-0.0192093	0.0	0.0	0.0	0.0	-6.92597e-06	-0.0191483	-8.23807e-05	-0.0191667	0.0	0.0	0.0	0.0	-2.92551e-05	-0.0191604	
52.2289778659	-6.32257e-06	-0.0191515	0.0	0.0	0.0	0.0	-6.88378e-06	-0.019091	-8.19116e-05	-0.0191092	0.0	0.0	0.0	0.0	-2.90851e-05	-0.0191031	
52.3860574986	-6.27998e-06	-0.019094	0.0	0.0	0.0	0.0	-6.84199e-06	-0.0190341	-8.14464e-05	-0.0190522	0.0	0.0	0.0	0.0	-2.89166e-05	-0.019046	
52.5431371313	-6.23782e-06	-0.0190369	0.0	0.0	0.0	0.0	-6.80057e-06	-0.0189775	-8.0985e-05	-0.0189954	0.0	0.0	0.0	0.0	-2.87496e-05	-0.0189894	
52.700216764	-6.19609e-06	-0.0189801	0.0	0.0	0.0	0.0	-6.75953e-06	-0.0189213	-8.05275e-05	-0.018939	0.0	0.0	0.0	0.0	-2.85839e-05	-0.018933	
52.8572963966	-6.15478e-06	-0.0189237	0.0	0.0	0.0	0.0	-6.71886e-06	-0.0188653	-8.00738e-05	-0.0188829	0.0	0.0	0.0	0.0	-2.84197e-05	-0.018877	
53.0143760293	-6.11389e-06	-0.0188676	0.0	0.0	0.0	0.0	-6.67856e-06	-0.0188098	-7.96239e-05	-0.0188272	0.0	0.0	0.0	0.0	-2.82569e-05	-0.0188213	
53.171455662	-6.07341e-06	-0.0188119	0.0	0.0	0.0	0.0	-6.63862e-06	-0.0187545	-7.91776e-05	-0.0187718	0.0	0.0	0.0	0.0	-2.80954e-05	-0.0187659	
53.3285352947	-6.03333e-06	-0.0187564	0.0	0.0	0.0	0.0	-6.59904e-06	-0.0186996	-7.8735e-05	-0.0187167	0.0	0.0	0.0	0.0	-2.79354e-05	-0.0187109	
53.4856149274	-5.99365e-06	-0.0187013	0.0	0.0	0.0	0.0	-6.55982e-06	-0.0186449	-7.82961e-05	-0.0186619	0.0	0.0	0.0	0.0	-2.77766e-05	-0.0186562	
53.64269456	-5.95437e-06	-0.0186465	0.0	0.0	0.0	0.0	-6.52094e-06	-0.0185906	-7.78607e-05	-0.0186075	0.0	0.0	0.0	0.0	-2.76192e-05	-0.0186018	
53.7997741927	-5.91548e-06	-0.0185921	0.0	0.0	0.0	0.0	-6.48241e-06	-0.0185366	-7.74289e-05	-0.0185534	0.0	0.0	0.0	0.0	-2.74631e-05	-0.0185477	
53.9568538254	-5.87697e-06	-0.0185379	0.0	0.0	0.0	0.0	-6.44422e-06	-0.018483	-7.70005e-05	-0.0184996	0.0	0.0	0.0	0.0	-2.73084e-05	-0.0184939	
54.1139334581	-5.83885e-06	-0.0184841	0.0	0.0	0.0	0.0	-6.40637e-06	-0.0184296	-7.65757e-05	-0.018446	0.0	0.0	0.0	0.0	-2.71549e-05	-0.0184405	
54.2710130908	-5.80109e-06	-0.0184306	0.0	0.0	0.0	0.0	-6.36885e-06	-0.0183765	-7.61543e-05	-0.0183928	0.0	0.0	0.0	0.0	-2.70027e-05	-0.0183873	
54.4280927234	-5.76371e-06	-0.0183774	0.0	0.0	0.0	0.0	-6.33166e-06	-0.0183238	-7.57363e-05	-0.01834	0.0	0.0	0.0	0.0	-2.68517e-05	-0.0183345	
54.5851723561	-5.72669e-06	-0.0183245	0.0	0.0	0.0	0.0	-6.2948e-06	-0.0182713	-7.53217e-05	-0.0182874	0.0	0.0	0.0	0.0	-2.6702e-05	-0.0182819	
54.7422519888	-5.69003e-06	-0.0182719	0.0	0.0	0.0	0.0	-6.25826e-06	-0.0182192	-7.49104e-05	-0.0182351	0.0	0.0	0.0	0.0	-2.65535e-05	-0.0182297	
54.8993316215	-5.65373e-06	-0.0182196	0.0	0.0	0.0	0.0	-6.22204e-06	-0.0181673	-7.45024e-05	-0.0181831	0.0	0.0	0.0	0.0	-2.64063e-05	-0.0181777	
55.0564112542	-5.61777e-06	-0.0181676	0.0	0.0	0.0	0.0	-6.18613e-06	-0.0181158	-7.40976e-05	-0.0181314	0.0	0.0	0.0	0.0	-2.62602e-05	-0.0181261	
55.2134908868	-5.58217e-06	-0.0181159	0.0	0.0	0.0	0.0	-6.15053e-06	-0.0180645	-7.36961e-05	-0.01808	0.0	0.0	0.0	0.0	-2.61154e-05	-0.0180747	
55.3705705195	-5.5469e-06	-0.0180644	0.0	0.0	0.0	0.0	-6.11524e-06	-0.0180135	-7.32978e-05	-0.0180289	0.0	0.0	0.0	0.0	-2.59717e-05	-0.0180236	
55.5276501522	-5.51197e-06	-0.0180133	0.0	0.0	0.0	0.0	-6.08026e-06	-0.0179628	-7.29026e-05	-0.017978	0.0	0.0	0.0	0.0	-2.58292e-05	-0.0179729	
55.6847297849	-5.47738e-06	-0.0179625	0.0	0.0	0.0	0.0	-6.04557e-06	-0.0179124	-7.25106e-05	-0.0179275	0.0	0.0	0.0	0.0	-2.56879e-05	-0.0179224	
55.8418094176	-5.44311e-06	-0.0179119	0.0	0.0	0.0	0.0	-6.01118e-06	-0.0178623	-7.21217e-05	-0.0178773	0.0	0.0	0.0	0.0	-2.55477e-05	-0.0178721	
55.9988890502	-5.40917e-06	-0.0178617	0.0	0.0	0.0	0.0	-5.97709e-06	-0.0178124	-7.17358e-05	-0.0178273	0.0	0.0	0.0	0.0	-2.54087e-05	-0.0178222	
56.1559686829	-5.37555e-06	-0.0178117	0.0	0.0	0.0	0.0	-5.94328e-06	-0.0177628	-7.1353e-05	-0.0177776	0.0	0.0	0.0	0.0	-2.52707e-05	-0.0177726	
56.3130483156	-5.34224e-06	-0.017762	0.0	0.0	0.0	0.0	-5.90977e-06	-0.0177135	-7.09731e-05	-0.0177282	0.0	0.0	0.0	0.0	-2.51339e-05	-0.0177232	
56.4701279483	-5.30925e-06	-0.0177126	0.0	0.0	0.0	0.0	-5.87653e-06	-0.0176645	-7.05963e-05	-0.017679	0.0	0.0	0.0	0.0	-2.49982e-05	-0.0176741	
56.627207581	-5.27657e-06	-0.0176634	0.0	0.0	0.0	0.0	-5.84358e-06	-0.0176157	-7.02224e-05	-0.0176301	0.0	0.0	0.0	0.0	-2.48635e-05	-0.0176252	
56.7842872136	-5.24419e-06	-0.0176145	0.0	0.0	0.0	0.0	-5.8109e-06	-0.0175672	-6.98514e-05	-0.0175815	0.0	0.0	0.0	0.0	-2.47299e-05	-0.0175766	
56.9413668463	-5.21211e-06	-0.0175659	0.0	0.0	0.0	0.0	-5.7785e-06	-0.017519	-6.94832e-05	-0.0175332	0.0	0.0	0.0	0.0	-2.45974e-05	-0.0175283	
57.098446479	-5.18033e-06	-0.0175176	0.0	0.0	0.0	0.0	-5.74636e-06	-0.017471	-6.9118e-05	-0.0174851	0.0	0.0	0.0	0.0	-2.4466e-05	-0.0174803	
57.2555261117	-5.14884e-06	-0.0174695	0.0	0.0	0.0	0.0	-5.7145e-06	-0.0174233	-6.87555e-05	-0.0174373	0.0	0.0	0.0	0.0	-2.43355e-05	-0.0174325	
57.4126057444	-5.11764e-06	-0.0174217	0.0	0.0	0.0	0.0	-5.6829e-06	-0.0173759	-6.83959e-05	-0.0173897	0.0	0.0	0.0	0.0	-2.42061e-05	-0.017385	
57.569685377	-5.08673e-06	-0.0173741	0.0	0.0	0.0	0.0	-5.65156e-06	-0.0173287	-6.8039e-05	-0.0173424	0.0	0.0	0.0	0.0	-2.40778e-05	-0.0173378	
57.7267650097	-5.05611e-06	-0.0173269	0.0	0.0	0.0	0.0	-5.62049e-06	-0.0172818	-6.76848e-05	-0.0172954	0.0	0.0	0.0	0.0	-2.39504e-05	-0.0172907	
57.8838446424	-5.02576e-06	-0.0172798	0.0	0.0	0.0	0.0	-5.58967e-06	-0.0172351	-6.73334e-05	-0.0172486	0.0	0.0	0.0	0.0	-2.3824e-05	-0.017244	
58.0409242751	-4.99568e-06	-0.017233	0.0	0.0	0.0	0.0	-5.5591e-06	-0.0171887	-6.69847e-05	-0.0172021	0.0	0.0	0.0	0.0	-2.36987e-05	-0.0171975	
58.1980039078	-4.96589e-06	-0.0171865	0.0	0.0	0.0	0.0	-5.52878e-06	-0.0171425	-6.66386e-05	-0.0171558	0.0	0.0	0.0	0.0	-2.35743e-05	-0.0171512	
58.3550835404	-4.93635e-06	-0.0171402	0.0	0.0	0.0	0.0	-5.49871e-06	-0.0170966	-6.62951e-05	-0.0171097	0.0	0.0	0.0	0.0	-2.34508e-05	-0.0171052	
58.5121631731	-4.90709e-06	-0.0170942	0.0	0.0	0.0	0.0	-5.46889e-06	-0.0170509	-6.59543e-05	-0.017064	0.0	0.0	0.0	0.0	-2.33284e-05	-0.0170595	
58.6692428058	-4.87809e-06	-0.0170484	0.0	0.0	0.0	0.0	-5.43931e-06	-0.0170054	-6.5616e-05	-0.0170184	0.0	0.0	0.0	0.0	-2.32068e-05	-0.017014	
58.8263224385	-4.84935e-06	-0.0170029	0.0	0.0	0.0	0.0	-5.40997e-06	-0.0169602	-6.52803e-05	-0.0169731	0.0	0.0	0.0	0.0	-2.30862e-05	-0.0169687	
58.9834020711	-4.82086e-06	-0.0169576	0.0	0.0	0.0	0.0	-5.38086e-06	-0.0169153	-6.49471e-05	-0.016928	0.0	0.0	0.0	0.0	-2.29666e-05	-0.0169237	
59.1404817038	-4.79263e-06	-0.0169125	0.0	0.0	0.0	0.0	-5.352e-06	-0.0168705	-6.46164e-05	-0.0168832	0.0	0.0	0.0	0.0	-2.28478e-05	-0.0168789	
59.2975613365	-4.76465e-06	-0.0168677	0.0	0.0	0.0	0.0	-5.32336e-06	-0.016826	-6.42882e-05	-0.0168386	0.0	0.0	0.0	0.0	-2.273e-05	-0.0168343	
59.4546409692	-4.73692e-06	-0.0168231	0.0	0.0	0.0	0.0	-5.29495e-06	-0.0167818	-6.39624e-05	-0.0167943	0.0	0.0	0.0	0.0	-2.26131e-05	-0.01679	
59.6117206019	-4.70943e-06	-0.0167788	0.0	0.0	0.0	0.0	-5.26677e-06	-0.0167378	-6.36391e-05	-0.0167502	0.0	0.0	0.0	0.0	-2.2497e-05	-0.0167459	
59.7688002345	-4.68218e-06	-0.0167347	0.0	0.0	0.0	0.0	-5.23882e-06	-0.016694	-6.33182e-05	-0.0167063	0.0	0.0	0.0	0.0	-2.23819e-05	-0.0167021	
59.9258798672	-4.65518e-06	-0.0166908	0.0	0.0	0.0	0.0	-5.21109e-06	-0.0166504	-6.29997e-05	-0.0166626	0.0	0.0	0.0	0.0	-2.22676e-05	-0.0166584	
60.0829594999	-4.6284e-06	-0.0166471	0.0	0.0	0.0	0.0	-5.18358e-06	-0.0166071	-6.26835e-05	-0.0166192	0.0	0.0	0.0	0.0	-2.21542e-05	-0.016615	
60.2400391326	-4.60187e-06	-0.0166037	0.0	0.0	0.0	0.0	-5.15629e-06	-0.0165639	-6.23697e-05	-0.016576	0.0	0.0	0.0	0.0	-2.20416e-05	-0.0165718	
60.3971187653	-4.57556e-06	-0.0165605	0.0	0.0	0.0	0.0	-5.12921e-06	-0.016521	-6.20582e-05	-0.016533	0.0	0.0	0.0	0.0	-2.19299e-05	-0.0165289	
60.5541983979	-4.54948e-06	-0.0165175	0.0	0.0	0.0	0.0	-5.10234e-06	-0.0164784	-6.1749e-05	-0.0164902	0.0	0.0	0.0	0.0	-2.1819e-05	-0.0164862	
60.7112780306	-4.52363e-06	-0.0164748	0.0	0.0	0.0	0.0	-5.07569e-06	-0.0164359	-6.1442e-05	-0.0164477	0.0	0.0	0.0	0.0	-2.1709e-05	-0.0164436	
60.8683576633	-4.49799e-06	-0.0164323	0.0	0.0	0.0	0.0	-5.04925e-06	-0.0163937	-6.11373e-05	-0.0164053	0.0	0.0	0.0	0.0	-2.15998e-05	-0.0164014	
61.025437296	-4.47258e-06	-0.0163899	0.0	0.0	0.0	0.0	-5.02301e-06	-0.0163517	-6.08349e-05	-0.0163632	0.0	0.0	0.0	0.0	-2.14914e-05	-0.0163593	
61.1825169287	-4.44739e-06	-0.0163479	0.0	0.0	0.0	0.0	-4.99698e-06	-0.0163099	-6.05346e-05	-0.0163213	0.0	0.0	0.0	0.0	-2.13838e-05	-0.0163174	
61.3395965613	-4.42241e-06	-0.016306	0.0	0.0	0.0	0.0	-4.97114e-06	-0.0162683	-6.02365e-05	-0.0162797	0.0	0.0	0.0	0.0	-2.1277e-05	-0.0162758	
61.496676194	-4.39765e-06	-0.0162643	0.0	0.0	0.0	0.0	-4.94551e-06	-0.0162269	-5.99406e-05	-0.0162382	0.0	0.0	0.0	0.0	-2.1171e-05	-0.0162343	
61.6537558267	-4.37309e-06	-0.0162229	0.0	0.0	0.0	0.0	-4.92008e-06	-0.0161857	-5.96468e-05	-0.0161969	0.0	0.0	0.0	0.0	-2.10658e-05	-0.0161931	
61.8108354594	-4.34874e-06	-0.0161816	0.0	0.0	0.0	0.0	-4.89485e-06	-0.0161448	-5.93552e-05	-0.0161559	0.0	0.0	0.0	0.0	-2.09613e-05	-0.0161521	
61.9679150921	-4.3246e-06	-0.0161406	0.0	0.0	0.0	0.0	-4.8698e-06	-0.016104	-5.90657e-05	-0.0161151	0.0	0.0	0.0	0.0	-2.08576e-05	-0.0161113	
62.1249947247	-4.30066e-06	-0.0160998	0.0	0.0	0.0	0.0	-4.84495e-06	-0.0160634	-5.87782e-05	-0.0160744	0.0	0.0	0.0	0.0	-2.07547e-05	-0.0160707	
62.2820743574	-4.27693e-06	-0.0160591	0.0	0.0	0.0	0.0	-4.8203e-06	-0.0160231	-5.84928e-05	-0.016034	0.0	0.0	0.0	0.0	-2.06525e-05	-0.0160303	
62.4391539901	-4.25339e-06	-0.0160187	0.0	0.0	0.0	0.0	-4.79582e-06	-0.015983	-5.82095e-05	-0.0159938	0.0	0.0	0.0	0.0	-2.05511e-05	-0.0159901	
62.5962336228	-4.23005e-06	-0.0159785	0.0	0.0	0.0	0.0	-4.77154e-06	-0.015943	-5.79281e-05	-0.0159537	0.0	0.0	0.0	0.0	-2.04504e-05	-0.0159501	
62.7533132555	-4.2069e-06	-0.0159385	0.0	0.0	0.0	0.0	-4.74744e-06	-0.0159033	-5.76488e-05	-0.0159139	0.0	0.0	0.0	0.0	-2.03505e-05	-0.0159103	
62.9103928881	-4.18394e-06	-0.0158987	0.0	0.0	0.0	0.0	-4.72352e-06	-0.0158637	-5.73715e-05	-0.0158743	0.0	0.0	0.0	0.0	-2.02513e-05	-0.0158707	
63.0674725208	-4.16118e-06	-0.0158591	0.0	0.0	0.0	0.0	-4.69978e-06	-0.0158244	-5.70961e-05	-0.0158349	0.0	0.0	0.0	0.0	-2.01528e-05	-0.0158312	
63.2245521535	-4.1386e-06	-0.0158197	0.0	0.0	0.0	0.0	-4.67623e-06	-0.0157852	-5.68227e-05	-0.0157956	0.0	0.0	0.0	0.0	-2.0055e-05	-0.015792	
63.3816317862	-4.11621e-06	-0.0157805	0.0	0.0	0.0	0.0	-4.65285e-06	-0.0157462	-5.65513e-05	-0.0157566	0.0	0.0	0.0	0.0	-1.99579e-05	-0.015753	
63.5387114189	-4.094e-06	-0.0157414	0.0	0.0	0.0	0.0	-4.62964e-06	-0.0157074	-5.62817e-05	-0.0157177	0.0	0.0	0.0	0.0	-1.98615e-05	-0.0157142	
63.6957910515	-4.07197e-06	-0.0157026	0.0	0.0	0.0	0.0	-4.60661e-06	-0.0156689	-5.6014e-05	-0.0156791	0.0	0.0	0.0	0.0	-1.97658e-05	-0.0156756	
63.8528706842	-4.05012e-06	-0.015664	0.0	0.0	0.0	0.0	-4.58375e-06	-0.0156305	-5.57483e-05	-0.0156406	0.0	0.0	0.0	0.0	-1.96708e-05	-0.0156371	
64.0099503169	-4.02845e-06	-0.0156255	0.0	0.0	0.0	0.0	-4.56106e-06	-0.0155923	-5.54843e-05	-0.0156023	0.0	0.0	0.0	0.0	-1.95765e-05	-0.0155989	
64.1670299496	-4.00696e-06	-0.0155872	0.0	0.0	0.0	0.0	-4.53854e-06	-0.0155542	-5.52223e-05	-0.0155642	0.0	0.0	0.0	0.0	-1.94828e-05	-0.0155608	
64.3241095823	-3.98564e-06	-0.0155492	0.0	0.0	0.0	0.0	-4.51618e-06	-0.0155164	-5.4962e-05	-0.0155263	0.0	0.0	0.0	0.0	-1.93898e-05	-0.0155229	
64.4811892149	-3.96449e-06	-0.0155113	0.0	0.0	0.0	0.0	-4.49399e-06	-0.0154787	-5.47036e-05	-0.0154886	0.0	0.0	0.0	0.0	-1.92974e-05	-0.0154852	
64.6382688476	-3.94352e-06	-0.0154736	0.0	0.0	0.0	0.0	-4.47197e-06	-0.0154413	-5.4447e-05	-0.015451	0.0	0.0	0.0	0.0	-1.92058e-05	-0.0154477	
64.7953484803	-3.92271e-06	-0.015436	0.0	0.0	0.0	0.0	-4.45011e-06	-0.015404	-5.41921e-05	-0.0154137	0.0	0.0	0.0	0.0	-1.91147e-05	-0.0154103	
64.952428113	-3.90207e-06	-0.0153987	0.0	0.0	0.0	0.0	-4.4284e-06	-0.0153669	-5.3939e-05	-0.0153765	0.0	0.0	0.0	0.0	-1.90243e-05	-0.0153732	
65.1095077456	-3.88159e-06	-0.0153615	0.0	0.0	0.0	0.0	-4.40686e-06	-0.0153299	-5.36877e-05	-0.0153395	0.0	0.0	0.0	0.0	-1.89346e-05	-0.0153362	
65.2665873783	-3.86127e-06	-0.0153246	0.0	0.0	0.0	0.0	-4.38547e-06	-0.0152932	-5.3438e-05	-0.0153027	0.0	0.0	0.0	0.0	-1.88454e-05	-0.0152994	
65.423667011	-3.84112e-06	-0.0152878	0.0	0.0	0.0	0.0	-4.36424e-06	-0.0152566	-5.31901e-05	-0.015266	0.0	0.0	0.0	0.0	-1.87569e-05	-0.0152628	
65.5807466437	-3.82113e-06	-0.0152511	0.0	0.0	0.0	0.0	-4.34316e-06	-0.0152202	-5.29439e-05	-0.0152295	0.0	0.0	0.0	0.0	-1.8669e-05	-0.0152263	
65.7378262764	-3.80129e-06	-0.0152147	0.0	0.0	0.0	0.0	-4.32224e-06	-0.0151839	-5.26994e-05	-0.0151932	0.0	0.0	0.0	0.0	-1.85817e-05	-0.01519	
65.894905909	-3.78161e-06	-0.0151784	0.0	0.0	0.0	0.0	-4.30146e-06	-0.0151479	-5.24566e-05	-0.0151571	0.0	0.0	0.0	0.0	-1.8495e-05	-0.0151539	
66.0519855417	-3.76209e-06	-0.0151423	0.0	0.0	0.0	0.0	-4.28084e-06	-0.015112	-5.22154e-05	-0.0151211	0.0	0.0	0.0	0.0	-1.8409e-05	-0.015118	
66.2090651744	-3.74272e-06	-0.0151063	0.0	0.0	0.0	0.0	-4.26036e-06	-0.0150763	-5.19758e-05	-0.0150854	0.0	0.0	0.0	0.0	-1.83235e-05	-0.0150822	
66.3661448071	-3.72349e-06	-0.0150706	0.0	0.0	0.0	0.0	-4.24003e-06	-0.0150407	-5.17379e-05	-0.0150497	0.0	0.0	0.0	0.0	-1.82386e-05	-0.0150466	
66.5232244398	-3.70442e-06	-0.015035	0.0	0.0	0.0	0.0	-4.21985e-06	-0.0150053	-5.15016e-05	-0.0150143	0.0	0.0	0.0	0.0	-1.81543e-05	-0.0150112	
66.6803040724	-3.6855e-06	-0.0149996	0.0	0.0	0.0	0.0	-4.19981e-06	-0.0149701	-5.12668e-05	-0.014979	0.0	0.0	0.0	0.0	-1.80706e-05	-0.0149759	
66.8373837051	-3.66673e-06	-0.0149643	0.0	0.0	0.0	0.0	-4.17992e-06	-0.014935	-5.10337e-05	-0.0149439	0.0	0.0	0.0	0.0	-1.79874e-05	-0.0149408	
66.9944633378	-3.64809e-06	-0.0149292	0.0	0.0	0.0	0.0	-4.16016e-06	-0.0149001	-5.08021e-05	-0.0149089	0.0	0.0	0.0	0.0	-1.79048e-05	-0.0149059	
67.1515429705	-3.62961e-06	-0.0148943	0.0	0.0	0.0	0.0	-4.14055e-06	-0.0148654	-5.05721e-05	-0.0148741	0.0	0.0	0.0	0.0	-1.78228e-05	-0.0148711	
67.3086226032	-3.61126e-06	-0.0148595	0.0	0.0	0.0	0.0	-4.12107e-06	-0.0148308	-5.03436e-05	-0.0148395	0.0	0.0	0.0	0.0	-1.77413e-05	-0.0148365	
67.4657022358	-3.59306e-06	-0.0148249	0.0	0.0	0.0	0.0	-4.10173e-06	-0.0147964	-5.01167e-05	-0.014805	0.0	0.0	0.0	0.0	-1.76604e-05	-0.0148021	
67.6227818685	-3.57499e-06	-0.0147904	0.0	0.0	0.0	0.0	-4.08253e-06	-0.0147622	-4.98912e-05	-0.0147707	0.0	0.0	0.0	0.0	-1.75801e-05	-0.0147678	
67.7798615012	-3.55706e-06	-0.0147562	0.0	0.0	0.0	0.0	-4.06346e-06	-0.0147281	-4.96673e-05	-0.0147366	0.0	0.0	0.0	0.0	-1.75002e-05	-0.0147336	
67.9369411339	-3.53927e-06	-0.014722	0.0	0.0	0.0	0.0	-4.04453e-06	-0.0146941	-4.94448e-05	-0.0147026	0.0	0.0	0.0	0.0	-1.7421e-05	-0.0146997	
68.0940207666	-3.52162e-06	-0.0146881	0.0	0.0	0.0	0.0	-4.02573e-06	-0.0146604	-4.92239e-05	-0.0146687	0.0	0.0	0.0	0.0	-1.73422e-05	-0.0146658	
68.2511003992	-3.50409e-06	-0.0146542	0.0	0.0	0.0	0.0	-4.00706e-06	-0.0146267	-4.90043e-05	-0.0146351	0.0	0.0	0.0	0.0	-1.7264e-05	-0.0146322	
68.4081800319	-3.4867e-06	-0.0146206	0.0	0.0	0.0	0.0	-3.98852e-06	-0.0145933	-4.87863e-05	-0.0146015	0.0	0.0	0.0	0.0	-1.71863e-05	-0.0145987	
68.5652596646	-3.46944e-06	-0.0145871	0.0	0.0	0.0	0.0	-3.9701e-06	-0.0145599	-4.85696e-05	-0.0145682	0.0	0.0	0.0	0.0	-1.71091e-05	-0.0145653	
68.7223392973	-3.45231e-06	-0.0145537	0.0	0.0	0.0	0.0	-3.95182e-06	-0.0145268	-4.83544e-05	-0.0145349	0.0	0.0	0.0	0.0	-1.70325e-05	-0.0145321	
68.87941893	-3.43531e-06	-0.0145205	0.0	0.0	0.0	0.0	-3.93366e-06	-0.0144938	-4.81406e-05	-0.0145019	0.0	0.0	0.0	0.0	-1.69563e-05	-0.0144991	
69.0364985626	-3.41844e-06	-0.0144875	0.0	0.0	0.0	0.0	-3.91563e-06	-0.0144609	-4.79283e-05	-0.0144689	0.0	0.0	0.0	0.0	-1.68807e-05	-0.0144662	
69.1935781953	-3.40169e-06	-0.0144546	0.0	0.0	0.0	0.0	-3.89772e-06	-0.0144282	-4.77172e-05	-0.0144362	0.0	0.0	0.0	0.0	-1.68055e-05	-0.0144334	
69.350657828	-3.38506e-06	-0.0144218	0.0	0.0	0.0	0.0	-3.87993e-06	-0.0143956	-4.75076e-05	-0.0144035	0.0	0.0	0.0	0.0	-1.67309e-05	-0.0144008	
69.5077374607	-3.36856e-06	-0.0143892	0.0	0.0	0.0	0.0	-3.86227e-06	-0.0143632	-4.72993e-05	-0.0143711	0.0	0.0	0.0	0.0	-1.66567e-05	-0.0143683	
69.6648170934	-3.35218e-06	-0.0143568	0.0	0.0	0.0	0.0	-3.84472e-06	-0.0143309	-4.70924e-05	-0.0143387	0.0	0.0	0.0	0.0	-1.65831e-05	-0.014336	
69.821896726	-3.33593e-06	-0.0143245	0.0	0.0	0.0	0.0	-3.8273e-06	-0.0142988	-4.68868e-05	-0.0143065	0.0	0.0	0.0	0.0	-1.65099e-05	-0.0143038	
69.9789763587	-3.31979e-06	-0.0142923	0.0	0.0	0.0	0.0	-3.80999e-06	-0.0142668	-4.66826e-05	-0.0142745	0.0	0.0	0.0	0.0	-1.64372e-05	-0.0142718	
70.1360559914	-3.30377e-06	-0.0142603	0.0	0.0	0.0	0.0	-3.79281e-06	-0.0142349	-4.64797e-05	-0.0142426	0.0	0.0	0.0	0.0	-1.6365e-05	-0.0142399	
70.2931356241	-3.28787e-06	-0.0142284	0.0	0.0	0.0	0.0	-3.77573e-06	-0.0142032	-4.6278e-05	-0.0142108	0.0	0.0	0.0	0.0	-1.62932e-05	-0.0142082	
70.4502152568	-3.27208e-06	-0.0141967	0.0	0.0	0.0	0.0	-3.75878e-06	-0.0141716	-4.60777e-05	-0.0141792	0.0	0.0	0.0	0.0	-1.6222e-05	-0.0141766	
70.6072948894	-3.25641e-06	-0.0141651	0.0	0.0	0.0	0.0	-3.74193e-06	-0.0141402	-4.58787e-05	-0.0141477	0.0	0.0	0.0	0.0	-1.61511e-05	-0.0141451	
70.7643745221	-3.24085e-06	-0.0141336	0.0	0.0	0.0	0.0	-3.72521e-06	-0.0141089	-4.56809e-05	-0.0141164	0.0	0.0	0.0	0.0	-1.60808e-05	-0.0141138	
70.9214541548	-3.2254e-06	-0.0141023	0.0	0.0	0.0	0.0	-3.70859e-06	-0.0140778	-4.54844e-05	-0.0140852	0.0	0.0	0.0	0.0	-1.60109e-05	-0.0140826	
71.0785337875	-3.21007e-06	-0.0140711	0.0	0.0	0.0	0.0	-3.69208e-06	-0.0140468	-4.52891e-05	-0.0140541	0.0	0.0	0.0	0.0	-1.59414e-05	-0.0140516	
71.2356134201	-3.19485e-06	-0.0140401	0.0	0.0	0.0	0.0	-3.67569e-06	-0.0140159	-4.50951e-05	-0.0140232	0.0	0.0	0.0	0.0	-1.58724e-05	-0.0140207	
71.3926930528	-3.17973e-06	-0.0140092	0.0	0.0	0.0	0.0	-3.6594e-06	-0.0139851	-4.49023e-05	-0.0139924	0.0	0.0	0.0	0.0	-1.58039e-05	-0.0139899	
71.5497726855	-3.16473e-06	-0.0139784	0.0	0.0	0.0	0.0	-3.64322e-06	-0.0139545	-4.47108e-05	-0.0139618	0.0	0.0	0.0	0.0	-1.57358e-05	-0.0139593	
71.7068523182	-3.14983e-06	-0.0139478	0.0	0.0	0.0	0.0	-3.62715e-06	-0.0139241	-4.45204e-05	-0.0139312	0.0	0.0	0.0	0.0	-1.56681e-05	-0.0139288	
71.8639319509	-3.13504e-06	-0.0139173	0.0	0.0	0.0	0.0	-3.61119e-06	-0.0138937	-4.43313e-05	-0.0139009	0.0	0.0	0.0	0.0	-1.56008e-05	-0.0138984	
72.0210115835	-3.12036e-06	-0.013887	0.0	0.0	0.0	0.0	-3.59533e-06	-0.0138635	-4.41433e-05	-0.0138706	0.0	0.0	0.0	0.0	-1.5534e-05	-0.0138681	
72.1780912162	-3.10577e-06	-0.0138567	0.0	0.0	0.0	0.0	-3.57957e-06	-0.0138334	-4.39565e-05	-0.0138405	0.0	0.0	0.0	0.0	-1.54676e-05	-0.013838	
72.3351708489	-3.0913e-06	-0.0138266	0.0	0.0	0.0	0.0	-3.56392e-06	-0.0138035	-4.37709e-05	-0.0138105	0.0	0.0	0.0	0.0	-1.54017e-05	-0.0138081	
72.4922504816	-3.07692e-06	-0.0137967	0.0	0.0	0.0	0.0	-3.54837e-06	-0.0137736	-4.35865e-05	-0.0137806	0.0	0.0	0.0	0.0	-1.53361e-05	-0.0137782	
72.6493301143	-3.06265e-06	-0.0137668	0.0	0.0	0.0	0.0	-3.53292e-06	-0.013744	-4.34032e-05	-0.0137509	0.0	0.0	0.0	0.0	-1.5271e-05	-0.0137485	
72.8064097469	-3.04847e-06	-0.0137371	0.0	0.0	0.0	0.0	-3.51758e-06	-0.0137144	-4.3221e-05	-0.0137213	0.0	0.0	0.0	0.0	-1.52062e-05	-0.0137189	
72.9634893796	-3.0344e-06	-0.0137075	0.0	0.0	0.0	0.0	-3.50233e-06	-0.013685	-4.304e-05	-0.0136918	0.0	0.0	0.0	0.0	-1.51419e-05	-0.0136894	
73.1205690123	-3.02042e-06	-0.0136781	0.0	0.0	0.0	0.0	-3.48719e-06	-0.0136556	-4.28601e-05	-0.0136624	0.0	0.0	0.0	0.0	-1.5078e-05	-0.0136601	
73.277648645	-3.00654e-06	-0.0136488	0.0	0.0	0.0	0.0	-3.47214e-06	-0.0136265	-4.26813e-05	-0.0136332	0.0	0.0	0.0	0.0	-1.50145e-05	-0.0136309	
73.4347282777	-2.99276e-06	-0.0136195	0.0	0.0	0.0	0.0	-3.45719e-06	-0.0135974	-4.25037e-05	-0.0136041	0.0	0.0	0.0	0.0	-1.49514e-05	-0.0136018	
73.5918079103	-2.97908e-06	-0.0135905	0.0	0.0	0.0	0.0	-3.44233e-06	-0.0135685	-4.23271e-05	-0.0135751	0.0	0.0	0.0	0.0	-1.48887e-05	-0.0135728	
73.748887543	-2.96549e-06	-0.0135615	0.0	0.0	0.0	0.0	-3.42757e-06	-0.0135396	-4.21516e-05	-0.0135463	0.0	0.0	0.0	0.0	-1.48264e-05	-0.013544	
73.9059671757	-2.95199e-06	-0.0135327	0.0	0.0	0.0	0.0	-3.41291e-06	-0.0135109	-4.19772e-05	-0.0135175	0.0	0.0	0.0	0.0	-1.47644e-05	-0.0135153	
74.0630468084	-2.93859e-06	-0.013504	0.0	0.0	0.0	0.0	-3.39834e-06	-0.0134824	-4.18038e-05	-0.0134889	0.0	0.0	0.0	0.0	-1.47029e-05	-0.0134867	
74.2201264411	-2.92528e-06	-0.0134754	0.0	0.0	0.0	0.0	-3.38386e-06	-0.0134539	-4.16316e-05	-0.0134604	0.0	0.0	0.0	0.0	-1.46417e-05	-0.0134582	
74.3772060737	-2.91206e-06	-0.0134469	0.0	0.0	0.0	0.0	-3.36948e-06	-0.0134256	-4.14603e-05	-0.0134321	0.0	0.0	0.0	0.0	-1.45809e-05	-0.0134298	
74.5342857064	-2.89893e-06	-0.0134186	0.0	0.0	0.0	0.0	-3.35518e-06	-0.0133974	-4.12901e-05	-0.0134038	0.0	0.0	0.0	0.0	-1.45205e-05	-0.0134016	
74.6913653391	-2.88589e-06	-0.0133903	0.0	0.0	0.0	0.0	-3.34098e-06	-0.0133693	-4.1121e-05	-0.0133757	0.0	0.0	0.0	0.0	-1.44604e-05	-0.0133735	
74.8484449718	-2.87294e-06	-0.0133622	0.0	0.0	0.0	0.0	-3.32687e-06	-0.0133413	-4.09529e-05	-0.0133476	0.0	0.0	0.0	0.0	-1.44008e-05	-0.0133454	
75.0055246045	-2.86008e-06	-0.0133342	0.0	0.0	0.0	0.0	-3.31285e-06	-0.0133134	-4.07858e-05	-0.0133197	0.0	0.0	0.0	0.0	-1.43415e-05	-0.0133176	
75.1626042371	-2.8473e-06	-0.0133064	0.0	0.0	0.0	0.0	-3.29892e-06	-0.0132857	-4.06197e-05	-0.013292	0.0	0.0	0.0	0.0	-1.42825e-05	-0.0132898	
75.3196838698	-2.83461e-06	-0.0132786	0.0	0.0	0.0	0.0	-3.28507e-06	-0.0132581	-4.04546e-05	-0.0132643	0.0	0.0	0.0	0.0	-1.42239e-05	-0.0132621	
75.4767635025	-2.82201e-06	-0.013251	0.0	0.0	0.0	0.0	-3.27131e-06	-0.0132306	-4.02905e-05	-0.0132367	0.0	0.0	0.0	0.0	-1.41657e-05	-0.0132346	
75.6338431352	-2.80949e-06	-0.0132234	0.0	0.0	0.0	0.0	-3.25764e-06	-0.0132032	-4.01274e-05	-0.0132093	0.0	0.0	0.0	0.0	-1.41078e-05	-0.0132072	
75.7909227679	-2.79706e-06	-0.013196	0.0	0.0	0.0	0.0	-3.24406e-06	-0.0131759	-3.99653e-05	-0.013182	0.0	0.0	0.0	0.0	-1.40503e-05	-0.0131799	
75.9480024005	-2.78471e-06	-0.0131687	0.0	0.0	0.0	0.0	-3.23055e-06	-0.0131487	-3.98042e-05	-0.0131548	0.0	0.0	0.0	0.0	-1.39932e-05	-0.0131527	
76.1050820332	-2.77244e-06	-0.0131415	0.0	0.0	0.0	0.0	-3.21714e-06	-0.0131216	-3.9644e-05	-0.0131277	0.0	0.0	0.0	0.0	-1.39363e-05	-0.0131256	
76.2621616659	-2.76026e-06	-0.0131145	0.0	0.0	0.0	0.0	-3.2038e-06	-0.0130947	-3.94847e-05	-0.0131007	0.0	0.0	0.0	0.0	-1.38799e-05	-0.0130986	
76.4192412986	-2.74815e-06	-0.0130875	0.0	0.0	0.0	0.0	-3.19055e-06	-0.0130678	-3.93265e-05	-0.0130738	0.0	0.0	0.0	0.0	-1.38237e-05	-0.0130717	
76.5763209313	-2.73613e-06	-0.0130607	0.0	0.0	0.0	0.0	-3.17739e-06	-0.0130411	-3.91691e-05	-0.013047	0.0	0.0	0.0	0.0	-1.37679e-05	-0.013045	
76.7334005639	-2.72419e-06	-0.0130339	0.0	0.0	0.0	0.0	-3.1643e-06	-0.0130145	-3.90127e-05	-0.0130204	0.0	0.0	0.0	0.0	-1.37124e-05	-0.0130183	
76.8904801966	-2.71232e-06	-0.0130073	0.0	0.0	0.0	0.0	-3.15129e-06	-0.012988	-3.88572e-05	-0.0129938	0.0	0.0	0.0	0.0	-1.36573e-05	-0.0129918	
77.0475598293	-2.70054e-06	-0.0129808	0.0	0.0	0.0	0.0	-3.13837e-06	-0.0129615	-3.87027e-05	-0.0129674	0.0	0.0	0.0	0.0	-1.36025e-05	-0.0129653	
77.204639462	-2.68883e-06	-0.0129543	0.0	0.0	0.0	0.0	-3.12552e-06	-0.0129352	-3.8549e-05	-0.012941	0.0	0.0	0.0	0.0	-1.3548e-05	-0.012939	
77.3617190946	-2.6772e-06	-0.012928	0.0	0.0	0.0	0.0	-3.11275e-06	-0.012909	-3.83963e-05	-0.0129148	0.0	0.0	0.0	0.0	-1.34939e-05	-0.0129128	
77.5187987273	-2.66564e-06	-0.0129018	0.0	0.0	0.0	0.0	-3.10006e-06	-0.012883	-3.82445e-05	-0.0128887	0.0	0.0	0.0	0.0	-1.34401e-05	-0.0128867	
77.67587836	-2.65416e-06	-0.0128757	0.0	0.0	0.0	0.0	-3.08745e-06	-0.012857	-3.80935e-05	-0.0128627	0.0	0.0	0.0	0.0	-1.33866e-05	-0.0128607	
77.8329579927	-2.64276e-06	-0.0128497	0.0	0.0	0.0	0.0	-3.07492e-06	-0.0128311	-3.79434e-05	-0.0128367	0.0	0.0	0.0	0.0	-1.33334e-05	-0.0128348	
77.9900376254	-2.63143e-06	-0.0128239	0.0	0.0	0.0	0.0	-3.06246e-06	-0.0128053	-3.77942e-05	-0.0128109	0.0	0.0	0.0	0.0	-1.32805e-05	-0.012809	
78.147117258	-2.62017e-06	-0.0127981	0.0	0.0	0.0	0.0	-3.05008e-06	-0.0127796	-3.76459e-05	-0.0127852	0.0	0.0	0.0	0.0	-1.32279e-05	-0.0127833	
78.3041968907	-2.60899e-06	-0.0127724	0.0	0.0	0.0	0.0	-3.03777e-06	-0.0127541	-3.74985e-05	-0.0127596	0.0	0.0	0.0	0.0	-1.31757e-05	-0.0127577	
78.4612765234	-2.59787e-06	-0.0127468	0.0	0.0	0.0	0.0	-3.02554e-06	-0.0127286	-3.73519e-05	-0.0127341	0.0	0.0	0.0	0.0	-1.31237e-05	-0.0127322	
