-10	-0.100327	0.00156059	-0.0927413	-0.00322069	-0.100327	0.00156059	-0.0927413	-0.00322069	
-9.98	-0.100522	0.0015727	-0.0928916	-0.00328666	-0.100522	0.0015727	-0.0928916	-0.00328666	
-9.96	-0.100718	0.00158491	-0.0930424	-0.003354	-0.100718	0.00158491	-0.0930424	-0.003354	
-9.94	-0.100915	0.00159722	-0.0931938	-0.00342272	-0.100915	0.00159722	-0.0931938	-0.00342272	
-9.92	-0.101113	0.00160964	-0.0933459	-0.00349288	-0.101113	0.00160964	-0.0933459	-0.00349288	
-9.9	-0.101311	0.00162215	-0.0934986	-0.00356448	-0.101311	0.00162215	-0.0934986	-0.00356448	
-9.88	-0.10151	0.00163477	-0.093652	-0.00363757	-0.10151	0.00163477	-0.093652	-0.00363757	
-9.86	-0.101709	0.00164749	-0.0938061	-0.00371218	-0.101709	0.00164749	-0.0938061	-0.00371218	
-9.84	-0.10191	0.00166031	-0.0939609	-0.00378833	-0.10191	0.00166031	-0.0939609	-0.00378833	
-9.82	-0.102111	0.00167324	-0.0941164	-0.00386606	-0.102111	0.00167324	-0.0941164	-0.00386606	
-9.8	-0.102313	0.00168628	-0.0942726	-0.0039454	-0.102313	0.00168628	-0.0942726	-0.0039454	
-9.78	-0.102515	0.00169942	-0.0944297	-0.00402639	-0.102515	0.00169942	-0.0944297	-0.00402639	
-9.76	-0.102719	0.00171267	-0.0945875	-0.00410905	-0.102719	0.00171267	-0.0945875	-0.00410905	
-9.74	-0.102923	0.00172602	-0.0947461	-0.00419343	-0.102923	0.00172602	-0.0947461	-0.00419343	
-9.72	-0.103127	0.00173949	-0.0949056	-0.00427955	-0.103127	0.00173949	-0.0949056	-0.00427955	
-9.7	-0.103333	0.00175307	-0.095066	-0.00436746	-0.103333	0.00175307	-0.095066	-0.00436746	
-9.68	-0.103539	0.00176675	-0.0952272	-0.00445718	-0.103539	0.00176675	-0.0952272	-0.00445718	
-9.66	-0.103746	0.00178055	-0.0953894	-0.00454876	-0.103746	0.00178055	-0.0953894	-0.00454876	
-9.64	-0.103954	0.00179446	-0.0955525	-0.00464223	-0.103954	0.00179446	-0.0955525	-0.00464223	
-9.62	-0.104162	0.00180848	-0.0957167	-0.00473763	-0.104162	0.00180848	-0.0957167	-0.00473763	
-9.6	-0.104372	0.00182262	-0.0958818	-0.004835	-0.104372	0.00182262	-0.0958818	-0.004835	
-9.58	-0.104582	0.00183687	-0.096048	-0.00493438	-0.104582	0.00183687	-0.096048	-0.00493438	
-9.56	-0.104792	0.00185123	-0.0962153	-0.0050358	-0.104792	0.00185123	-0.0962153	-0.0050358	
-9.54	-0.105004	0.00186571	-0.0963837	-0.0051393	-0.105004	0.00186571	-0.0963837	-0.0051393	
-9.52	-0.105216	0.00188031	-0.0965532	-0.00524493	-0.105216	0.00188031	-0.0965532	-0.00524493	
-9.5	-0.105429	0.00189502	-0.096724	-0.00535273	-0.105429	0.00189502	-0.096724	-0.00535273	
-9.48	-0.105643	0.00190985	-0.096896	-0.00546273	-0.105643	0.00190985	-0.096896	-0.00546273	
-9.46	-0.105858	0.00192481	-0.0970693	-0.00557498	-0.105858	0.00192481	-0.0970693	-0.00557498	
-9.44	-0.106073	0.00193988	-0.0972439	-0.00568953	-0.106073	0.00193988	-0.0972439	-0.00568953	
-9.42	-0.106289	0.00195507	-0.0974199	-0.0058064	-0.106289	0.00195507	-0.0974199	-0.0058064	
-9.4	-0.106506	0.00197038	-0.0975974	-0.00592565	-0.106506	0.00197038	-0.0975974	-0.00592565	
-9.38	-0.106724	0.00198581	-0.0977763	-0.00604731	-0.106724	0.00198581	-0.0977763	-0.00604731	
-9.36	-0.106943	0.00200137	-0.0979567	-0.00617144	-0.106943	0.00200137	-0.0979567	-0.00617144	
-9.34	-0.107162	0.00201704	-0.0981387	-0.00629807	-0.107162	0.00201704	-0.0981387	-0.00629807	
-9.32	-0.107382	0.00203285	-0.0983224	-0.00642725	-0.107382	0.00203285	-0.0983224	-0.00642725	
-9.3	-0.107603	0.00204877	-0.0985078	-0.00655901	-0.107603	0.00204877	-0.0985078	-0.00655901	
-9.28	-0.107825	0.00206482	-0.0986949	-0.00669342	-0.107825	0.00206482	-0.0986949	-0.00669342	
-9.26	-0.108047	0.002081	-0.0988838	-0.0068305	-0.108047	0.002081	-0.0988838	-0.0068305	
-9.24	-0.108271	0.00209731	-0.0990747	-0.0069703	-0.108271	0.00209731	-0.0990747	-0.0069703	
-9.22	-0.108495	0.00211374	-0.0992675	-0.00711287	-0.108495	0.00211374	-0.0992675	-0.00711287	
-9.2	-0.10872	0.0021303	-0.0994623	-0.00725825	-0.10872	0.0021303	-0.0994623	-0.00725825	
-9.18	-0.108946	0.00214699	-0.0996592	-0.00740648	-0.108946	0.00214699	-0.0996592	-0.00740648	
-9.16	-0.109173	0.0021638	-0.0998584	-0.0075576	-0.109173	0.0021638	-0.0998584	-0.0075576	
-9.14	-0.1094	0.00218075	-0.10006	-0.00771166	-0.1094	0.00218075	-0.10006	-0.00771166	
-9.12	-0.109629	0.00219783	-0.100263	-0.00786871	-0.109629	0.00219783	-0.100263	-0.00786871	
-9.1	-0.109858	0.00221504	-0.10047	-0.00802877	-0.109858	0.00221504	-0.10047	-0.00802877	
-9.08	-0.110088	0.00223238	-0.100678	-0.0081919	-0.110088	0.00223238	-0.100678	-0.0081919	
-9.06	-0.110319	0.00224985	-0.10089	-0.00835812	-0.110319	0.00224985	-0.10089	-0.00835812	
-9.04	-0.11055	0.00226746	-0.101104	-0.00852749	-0.11055	0.00226746	-0.101104	-0.00852749	
-9.02	-0.110783	0.0022852	-0.10132	-0.00870004	-0.110783	0.0022852	-0.10132	-0.00870004	
-9	-0.111016	0.00230307	-0.10154	-0.00887581	-0.111016	0.00230307	-0.10154	-0.00887581	
-8.98	-0.111251	0.00232108	-0.101763	-0.00905482	-0.111251	0.00232108	-0.101763	-0.00905482	
-8.96	-0.111486	0.00233922	-0.101989	-0.00923713	-0.111486	0.00233922	-0.101989	-0.00923713	
-8.94	-0.111722	0.0023575	-0.102218	-0.00942275	-0.111722	0.0023575	-0.102218	-0.00942275	
-8.92	-0.111959	0.00237592	-0.10245	-0.00961172	-0.111959	0.00237592	-0.10245	-0.00961172	
-8.9	-0.112196	0.00239447	-0.102686	-0.00980407	-0.112196	0.00239447	-0.102686	-0.00980407	
-8.88	-0.112435	0.00241316	-0.102925	-0.00999983	-0.112435	0.00241316	-0.102925	-0.00999983	
-8.86	-0.112675	0.00243198	-0.103169	-0.010199	-0.112675	0.00243198	-0.103169	-0.010199	
-8.84	-0.112915	0.00245095	-0.103416	-0.0104017	-0.112915	0.00245095	-0.103416	-0.0104017	
-8.82	-0.113156	0.00247005	-0.103667	-0.0106078	-0.113156	0.00247005	-0.103667	-0.0106078	
-8.8	-0.113399	0.00248929	-0.103922	-0.0108174	-0.113399	0.00248929	-0.103922	-0.0108174	
-8.78	-0.113642	0.00250868	-0.104181	-0.0110305	-0.113642	0.00250868	-0.104181	-0.0110305	
-8.76	-0.113886	0.0025282	-0.104445	-0.0112471	-0.113886	0.0025282	-0.104445	-0.0112471	
-8.74	-0.11413	0.00254786	-0.104713	-0.0114672	-0.11413	0.00254786	-0.104713	-0.0114672	
-8.72	-0.114376	0.00256766	-0.104987	-0.0116909	-0.114376	0.00256766	-0.104987	-0.0116909	
-8.7	-0.114623	0.0025876	-0.105265	-0.0119181	-0.114623	0.0025876	-0.105265	-0.0119181	
-8.68	-0.11487	0.00260768	-0.105548	-0.0121487	-0.11487	0.00260768	-0.105548	-0.0121487	
-8.66	-0.115119	0.0026279	-0.105836	-0.0123829	-0.115119	0.0026279	-0.105836	-0.0123829	
-8.64	-0.115368	0.00264826	-0.106129	-0.0126206	-0.115368	0.00264826	-0.106129	-0.0126206	
-8.62	-0.115619	0.00266877	-0.106429	-0.0128618	-0.115619	0.00266877	-0.106429	-0.0128618	
-8.6	-0.11587	0.00268942	-0.106733	-0.0131064	-0.11587	0.00268942	-0.106733	-0.0131064	
-8.58	-0.116122	0.0027102	-0.107044	-0.0133544	-0.116122	0.0027102	-0.107044	-0.0133544	
-8.56	-0.116375	0.00273113	-0.107361	-0.0136058	-0.116375	0.00273113	-0.107361	-0.0136058	
-8.54	-0.116629	0.0027522	-0.107684	-0.0138605	-0.116629	0.0027522	-0.107684	-0.0138605	
-8.52	-0.116884	0.00277341	-0.108014	-0.0141184	-0.116884	0.00277341	-0.108014	-0.0141184	
-8.5	-0.11714	0.00279477	-0.10835	-0.0143796	-0.11714	0.00279477	-0.10835	-0.0143796	
-8.48	-0.117397	0.00281626	-0.108693	-0.014644	-0.117397	0.00281626	-0.108693	-0.014644	
-8.46	-0.117655	0.0028379	-0.109044	-0.0149114	-0.117655	0.0028379	-0.109044	-0.0149114	
-8.44	-0.117914	0.00285967	-0.109401	-0.0151819	-0.117914	0.00285967	-0.109401	-0.0151819	
-8.42	-0.118174	0.00288159	-0.109766	-0.0154552	-0.118174	0.00288159	-0.109766	-0.0154552	
-8.4	-0.118434	0.00290365	-0.110139	-0.0157313	-0.118434	0.00290365	-0.110139	-0.0157313	
-8.38	-0.118696	0.00292585	-0.110519	-0.0160102	-0.118696	0.00292585	-0.110519	-0.0160102	
-8.36	-0.118959	0.00294818	-0.110908	-0.0162916	-0.118959	0.00294818	-0.110908	-0.0162916	
-8.34	-0.119222	0.00297066	-0.111305	-0.0165755	-0.119222	0.00297066	-0.111305	-0.0165755	
-8.32	-0.119487	0.00299328	-0.11171	-0.0168617	-0.119487	0.00299328	-0.11171	-0.0168617	
-8.3	-0.119752	0.00301603	-0.112125	-0.01715	-0.119752	0.00301603	-0.112125	-0.01715	
-8.28	-0.120019	0.00303893	-0.112548	-0.0174404	-0.120019	0.00303893	-0.112548	-0.0174404	
-8.26	-0.120286	0.00306196	-0.11298	-0.0177326	-0.120286	0.00306196	-0.11298	-0.0177326	
-8.24	-0.120555	0.00308513	-0.113422	-0.0180265	-0.120555	0.00308513	-0.113422	-0.0180265	
-8.22	-0.120824	0.00310843	-0.113873	-0.0183219	-0.120824	0.00310843	-0.113873	-0.0183219	
-8.2	-0.121095	0.00313187	-0.114334	-0.0186185	-0.121095	0.00313187	-0.114334	-0.0186185	
-8.18	-0.121366	0.00315545	-0.114805	-0.0189162	-0.121366	0.00315545	-0.114805	-0.0189162	
-8.16	-0.121639	0.00317915	-0.115286	-0.0192147	-0.121639	0.00317915	-0.115286	-0.0192147	
-8.14	-0.121912	0.003203	-0.115777	-0.0195138	-0.121912	0.003203	-0.115777	-0.0195138	
-8.12	-0.122187	0.00322697	-0.116279	-0.0198132	-0.122187	0.00322697	-0.116279	-0.0198132	
-8.1	-0.122463	0.00325107	-0.116791	-0.0201127	-0.122463	0.00325107	-0.116791	-0.0201127	
-8.08	-0.122739	0.0032753	-0.117314	-0.020412	-0.122739	0.0032753	-0.117314	-0.020412	
-8.06	-0.123017	0.00329967	-0.117849	-0.0207108	-0.123017	0.00329967	-0.117849	-0.0207108	
-8.04	-0.123295	0.00332415	-0.118394	-0.0210089	-0.123295	0.00332415	-0.118394	-0.0210089	
-8.02	-0.123575	0.00334877	-0.118951	-0.0213059	-0.123575	0.00334877	-0.118951	-0.0213059	
-8	-0.123855	0.00337351	-0.119519	-0.0216014	-0.123855	0.00337351	-0.119519	-0.0216014	
-7.98	-0.124137	0.00339837	-0.120099	-0.0218953	-0.124137	0.00339837	-0.120099	-0.0218953	
-7.96	-0.12442	0.00342335	-0.120691	-0.022187	-0.12442	0.00342335	-0.120691	-0.022187	
-7.94	-0.124704	0.00344845	-0.121294	-0.0224764	-0.124704	0.00344845	-0.121294	-0.0224764	
-7.92	-0.124988	0.00347367	-0.121909	-0.0227629	-0.124988	0.00347367	-0.121909	-0.0227629	
-7.9	-0.125274	0.003499	-0.122536	-0.0230463	-0.125274	0.003499	-0.122536	-0.0230463	
-7.88	-0.125561	0.00352445	-0.123175	-0.0233262	-0.125561	0.00352445	-0.123175	-0.0233262	
-7.86	-0.125849	0.00355	-0.123826	-0.0236022	-0.125849	0.00355	-0.123826	-0.0236022	
-7.84	-0.126138	0.00357567	-0.124489	-0.0238738	-0.126138	0.00357567	-0.124489	-0.0238738	
-7.82	-0.126428	0.00360145	-0.125164	-0.0241408	-0.126428	0.00360145	-0.125164	-0.0241408	
-7.8	-0.126719	0.00362733	-0.125851	-0.0244027	-0.126719	0.00362733	-0.125851	-0.0244027	
-7.78	-0.127011	0.00365331	-0.12655	-0.0246591	-0.127011	0.00365331	-0.12655	-0.0246591	
-7.76	-0.127305	0.00367939	-0.127261	-0.0249095	-0.127305	0.00367939	-0.127261	-0.0249095	
-7.74	-0.127599	0.00370557	-0.127983	-0.0251537	-0.127599	0.00370557	-0.127983	-0.0251537	
-7.72	-0.127894	0.00373184	-0.128718	-0.0253911	-0.127894	0.00373184	-0.128718	-0.0253911	
-7.7	-0.128191	0.0037582	-0.129464	-0.0256214	-0.128191	0.0037582	-0.129464	-0.0256214	
-7.68	-0.128488	0.00378465	-0.130222	-0.0258441	-0.128488	0.00378465	-0.130222	-0.0258441	
-7.66	-0.128787	0.00381119	-0.130991	-0.0260588	-0.128787	0.00381119	-0.130991	-0.0260588	
-7.64	-0.129087	0.0038378	-0.131771	-0.0262652	-0.129087	0.0038378	-0.131771	-0.0262652	
-7.62	-0.129388	0.0038645	-0.132563	-0.0264629	-0.129388	0.0038645	-0.132563	-0.0264629	
-7.6	-0.12969	0.00389127	-0.133365	-0.0266513	-0.12969	0.00389127	-0.133365	-0.0266513	
-7.58	-0.129993	0.00391811	-0.134178	-0.0268303	-0.129993	0.00391811	-0.134178	-0.0268303	
-7.56	-0.130297	0.00394502	-0.135001	-0.0269994	-0.130297	0.00394502	-0.135001	-0.0269994	
-7.54	-0.130602	0.00397199	-0.135834	-0.0271581	-0.130602	0.00397199	-0.135834	-0.0271581	
-7.52	-0.130909	0.00399901	-0.136677	-0.0273063	-0.130909	0.00399901	-0.136677	-0.0273063	
-7.5	-0.131216	0.0040261	-0.137529	-0.0274435	-0.131216	0.0040261	-0.137529	-0.0274435	
-7.48	-0.131525	0.00405323	-0.138391	-0.0275694	-0.131525	0.00405323	-0.138391	-0.0275694	
-7.46	-0.131835	0.00408041	-0.139261	-0.0276837	-0.131835	0.00408041	-0.139261	-0.0276837	
-7.44	-0.132145	0.00410763	-0.14014	-0.0277861	-0.132145	0.00410763	-0.14014	-0.0277861	
-7.42	-0.132457	0.00413488	-0.141027	-0.0278764	-0.132457	0.00413488	-0.141027	-0.0278764	
-7.4	-0.132771	0.00416216	-0.141921	-0.0279542	-0.132771	0.00416216	-0.141921	-0.0279542	
-7.38	-0.133085	0.00418947	-0.142823	-0.0280194	-0.133085	0.00418947	-0.142823	-0.0280194	
-7.36	-0.1334	0.0042168	-0.143732	-0.0280717	-0.1334	0.0042168	-0.143732	-0.0280717	
-7.34	-0.133717	0.00424414	-0.144647	-0.0281109	-0.133717	0.00424414	-0.144647	-0.0281109	
-7.32	-0.134035	0.00427149	-0.145569	-0.0281368	-0.134035	0.00427149	-0.145569	-0.0281368	
-7.3	-0.134354	0.00429885	-0.146496	-0.0281494	-0.134354	0.00429885	-0.146496	-0.0281494	
-7.28	-0.134674	0.0043262	-0.147428	-0.0281484	-0.134674	0.0043262	-0.147428	-0.0281484	
-7.26	-0.134995	0.00435353	-0.148365	-0.0281337	-0.134995	0.00435353	-0.148365	-0.0281337	
-7.24	-0.135318	0.00438086	-0.149306	-0.0281052	-0.135318	0.00438086	-0.149306	-0.0281052	
-7.22	-0.135641	0.00440815	-0.150251	-0.028063	-0.135641	0.00440815	-0.150251	-0.028063	
-7.2	-0.135966	0.00443542	-0.151199	-0.0280069	-0.135966	0.00443542	-0.151199	-0.0280069	
-7.18	-0.136292	0.00446265	-0.152151	-0.0279369	-0.136292	0.00446265	-0.152151	-0.0279369	
-7.16	-0.136619	0.00448983	-0.153105	-0.027853	-0.136619	0.00448983	-0.153105	-0.027853	
-7.14	-0.136948	0.00451696	-0.154061	-0.0277552	-0.136948	0.00451696	-0.154061	-0.0277552	
-7.12	-0.137277	0.00454403	-0.155018	-0.0276437	-0.137277	0.00454403	-0.155018	-0.0276437	
-7.1	-0.137608	0.00457103	-0.155977	-0.0275183	-0.137608	0.00457103	-0.155977	-0.0275183	
-7.08	-0.13794	0.00459795	-0.156937	-0.0273793	-0.13794	0.00459795	-0.156937	-0.0273793	
-7.06	-0.138273	0.00462478	-0.157897	-0.0272267	-0.138273	0.00462478	-0.157897	-0.0272267	
-7.04	-0.138608	0.00465152	-0.158856	-0.0270607	-0.138608	0.00465152	-0.158856	-0.0270607	
-7.02	-0.138943	0.00467815	-0.159816	-0.0268813	-0.138943	0.00467815	-0.159816	-0.0268813	
-7	-0.13928	0.00470467	-0.160775	-0.0266888	-0.13928	0.00470467	-0.160775	-0.0266888	
-6.98	-0.139618	0.00473107	-0.161732	-0.0264833	-0.139618	0.00473107	-0.161732	-0.0264833	
-6.96	-0.139958	0.00475733	-0.162688	-0.026265	-0.139958	0.00475733	-0.162688	-0.026265	
-6.94	-0.140298	0.00478345	-0.163642	-0.0260341	-0.140298	0.00478345	-0.163642	-0.0260341	
-6.92	-0.14064	0.00480942	-0.164594	-0.0257909	-0.14064	0.00480942	-0.164594	-0.0257909	
-6.9	-0.140983	0.00483522	-0.165544	-0.0255354	-0.140983	0.00483522	-0.165544	-0.0255354	
-6.88	-0.141327	0.00486085	-0.16649	-0.0252681	-0.141327	0.00486085	-0.16649	-0.0252681	
-6.86	-0.141673	0.00488629	-0.167434	-0.024989	-0.141673	0.00488629	-0.167434	-0.024989	
-6.84	-0.14202	0.00491153	-0.168374	-0.0246986	-0.14202	0.00491153	-0.168374	-0.0246986	
-6.82	-0.142368	0.00493656	-0.169311	-0.0243969	-0.142368	0.00493656	-0.169311	-0.0243969	
-6.8	-0.142718	0.00496136	-0.170244	-0.0240844	-0.142718	0.00496136	-0.170244	-0.0240844	
-6.78	-0.143068	0.00498594	-0.171172	-0.0237613	-0.143068	0.00498594	-0.171172	-0.0237613	
-6.76	-0.14342	0.00501026	-0.172097	-0.0234278	-0.14342	0.00501026	-0.172097	-0.0234278	
-6.74	-0.143774	0.00503432	-0.173017	-0.0230842	-0.143774	0.00503432	-0.173017	-0.0230842	
-6.72	-0.144129	0.00505811	-0.173933	-0.0227308	-0.144129	0.00505811	-0.173933	-0.0227308	
-6.7	-0.144485	0.00508161	-0.174844	-0.022368	-0.144485	0.00508161	-0.174844	-0.022368	
-6.68	-0.144842	0.00510481	-0.17575	-0.0219959	-0.144842	0.00510481	-0.17575	-0.0219959	
-6.66	-0.145201	0.00512769	-0.176651	-0.0216149	-0.145201	0.00512769	-0.176651	-0.0216149	
-6.64	-0.145561	0.00515025	-0.177547	-0.0212253	-0.145561	0.00515025	-0.177547	-0.0212253	
-6.62	-0.145922	0.00517245	-0.178438	-0.0208272	-0.145922	0.00517245	-0.178438	-0.0208272	
-6.6	-0.146285	0.00519429	-0.179323	-0.0204211	-0.146285	0.00519429	-0.179323	-0.0204211	
-6.58	-0.146649	0.00521576	-0.180204	-0.0200071	-0.146649	0.00521576	-0.180204	-0.0200071	
-6.56	-0.147014	0.00523683	-0.181079	-0.0195856	-0.147014	0.00523683	-0.181079	-0.0195856	
-6.54	-0.147381	0.00525749	-0.181948	-0.0191568	-0.147381	0.00525749	-0.181948	-0.0191568	
-6.52	-0.14775	0.00527772	-0.182813	-0.0187209	-0.14775	0.00527772	-0.182813	-0.0187209	
-6.5	-0.148119	0.00529751	-0.183671	-0.0182783	-0.148119	0.00529751	-0.183671	-0.0182783	
-6.48	-0.14849	0.00531683	-0.184525	-0.0178292	-0.14849	0.00531683	-0.184525	-0.0178292	
-6.46	-0.148863	0.00533568	-0.185373	-0.0173737	-0.148863	0.00533568	-0.185373	-0.0173737	
-6.44	-0.149237	0.00535402	-0.186215	-0.0169122	-0.149237	0.00535402	-0.186215	-0.0169122	
-6.42	-0.149612	0.00537185	-0.187052	-0.0164448	-0.149612	0.00537185	-0.187052	-0.0164448	
-6.4	-0.149989	0.00538914	-0.187884	-0.0159719	-0.149989	0.00538914	-0.187884	-0.0159719	
-6.38	-0.150367	0.00540588	-0.188711	-0.0154935	-0.150367	0.00540588	-0.188711	-0.0154935	
-6.36	-0.150747	0.00542204	-0.189532	-0.0150099	-0.150747	0.00542204	-0.189532	-0.0150099	
-6.34	-0.151128	0.0054376	-0.190348	-0.0145214	-0.151128	0.0054376	-0.190348	-0.0145214	
-6.32	-0.151511	0.00545255	-0.191159	-0.014028	-0.151511	0.00545255	-0.191159	-0.014028	
-6.3	-0.151895	0.00546686	-0.191965	-0.0135299	-0.151895	0.00546686	-0.191965	-0.0135299	
-6.28	-0.152281	0.00548051	-0.192766	-0.0130275	-0.152281	0.00548051	-0.192766	-0.0130275	
-6.26	-0.152669	0.00549347	-0.193562	-0.0125207	-0.152669	0.00549347	-0.193562	-0.0125207	
-6.24	-0.153058	0.00550573	-0.194354	-0.0120098	-0.153058	0.00550573	-0.194354	-0.0120098	
-6.22	-0.153448	0.00551727	-0.19514	-0.0114948	-0.153448	0.00551727	-0.19514	-0.0114948	
-6.2	-0.15384	0.00552805	-0.195922	-0.010976	-0.15384	0.00552805	-0.195922	-0.010976	
-6.18	-0.154234	0.00553806	-0.196699	-0.0104535	-0.154234	0.00553806	-0.196699	-0.0104535	
-6.16	-0.154629	0.00554728	-0.197472	-0.00992745	-0.154629	0.00554728	-0.197472	-0.00992745	
-6.14	-0.155026	0.00555566	-0.19824	-0.00939787	-0.155026	0.00555566	-0.19824	-0.00939787	
-6.12	-0.155424	0.00556321	-0.199004	-0.00886492	-0.155424	0.00556321	-0.199004	-0.00886492	
-6.1	-0.155825	0.00556987	-0.199764	-0.00832871	-0.155825	0.00556987	-0.199764	-0.00832871	
-6.08	-0.156226	0.00557564	-0.20052	-0.00778932	-0.156226	0.00557564	-0.20052	-0.00778932	
-6.06	-0.15663	0.00558049	-0.201271	-0.00724685	-0.15663	0.00558049	-0.201271	-0.00724685	
-6.04	-0.157035	0.00558438	-0.202019	-0.00670138	-0.157035	0.00558438	-0.202019	-0.00670138	
-6.02	-0.157442	0.00558729	-0.202763	-0.00615298	-0.157442	0.00558729	-0.202763	-0.00615298	
-6	-0.157851	0.0055892	-0.203503	-0.00560174	-0.157851	0.0055892	-0.203503	-0.00560174	
-5.98	-0.158261	0.00559007	-0.204239	-0.0050477	-0.158261	0.00559007	-0.204239	-0.0050477	
-5.96	-0.158674	0.00558987	-0.204972	-0.00449093	-0.158674	0.00558987	-0.204972	-0.00449093	
-5.94	-0.159088	0.00558859	-0.205701	-0.00393148	-0.159088	0.00558859	-0.205701	-0.00393148	
-5.92	-0.159504	0.00558618	-0.206427	-0.00336939	-0.159504	0.00558618	-0.206427	-0.00336939	
-5.9	-0.159921	0.00558263	-0.207149	-0.00280472	-0.159921	0.00558263	-0.207149	-0.00280472	
-5.88	-0.160341	0.00557789	-0.207869	-0.00223749	-0.160341	0.00557789	-0.207869	-0.00223749	
-5.86	-0.160762	0.00557194	-0.208585	-0.00166774	-0.160762	0.00557194	-0.208585	-0.00166774	
-5.84	-0.161186	0.00556474	-0.209298	-0.0010955	-0.161186	0.00556474	-0.209298	-0.0010955	
-5.82	-0.161611	0.00555627	-0.210007	-0.000520791	-0.161611	0.00555627	-0.210007	-0.000520791	
-5.8	-0.162038	0.00554649	-0.210714	5.63668e-05	-0.162038	0.00554649	-0.210714	5.63668e-05	
-5.78	-0.162467	0.00553537	-0.211419	0.000635957	-0.162467	0.00553537	-0.211419	0.000635957	
-5.76	-0.162899	0.00552288	-0.21212	0.00121797	-0.162899	0.00552288	-0.21212	0.00121797	
-5.74	-0.163332	0.00550899	-0.212818	0.00180239	-0.163332	0.00550899	-0.212818	0.00180239	
-5.72	-0.163767	0.00549365	-0.213514	0.00238921	-0.163767	0.00549365	-0.213514	0.00238921	
-5.7	-0.164205	0.00547684	-0.214207	0.00297843	-0.164205	0.00547684	-0.214207	0.00297843	
-5.68	-0.164644	0.00545852	-0.214898	0.00357005	-0.164644	0.00545852	-0.214898	0.00357005	
-5.66	-0.165086	0.00543866	-0.215586	0.00416406	-0.165086	0.00543866	-0.215586	0.00416406	
-5.64	-0.16553	0.00541722	-0.216271	0.00476048	-0.16553	0.00541722	-0.216271	0.00476048	
-5.62	-0.165976	0.00539416	-0.216954	0.0053593	-0.165976	0.00539416	-0.216954	0.0053593	
-5.6	-0.166424	0.00536945	-0.217634	0.00596054	-0.166424	0.00536945	-0.217634	0.00596054	
-5.58	-0.166874	0.00534305	-0.218312	0.0065642	-0.166874	0.00534305	-0.218312	0.0065642	
-5.56	-0.167327	0.00531492	-0.218988	0.0071703	-0.167327	0.00531492	-0.218988	0.0071703	
-5.54	-0.167782	0.00528503	-0.219661	0.00777883	-0.167782	0.00528503	-0.219661	0.00777883	
-5.52	-0.16824	0.00525334	-0.220332	0.00838982	-0.16824	0.00525334	-0.220332	0.00838982	
-5.5	-0.168699	0.0052198	-0.221001	0.00900328	-0.168699	0.0052198	-0.221001	0.00900328	
-5.48	-0.169162	0.00518439	-0.221667	0.00961921	-0.169162	0.00518439	-0.221667	0.00961921	
-5.46	-0.169626	0.00514706	-0.222331	0.0102376	-0.169626	0.00514706	-0.222331	0.0102376	
-5.44	-0.170094	0.00510776	-0.222993	0.0108586	-0.170094	0.00510776	-0.222993	0.0108586	
-5.42	-0.170563	0.00506647	-0.223653	0.011482	-0.170563	0.00506647	-0.223653	0.011482	
-5.4	-0.171036	0.00502313	-0.22431	0.012108	-0.171036	0.00502313	-0.22431	0.012108	
-5.38	-0.171511	0.00497772	-0.224965	0.0127366	-0.171511	0.00497772	-0.224965	0.0127366	
-5.36	-0.171988	0.00493018	-0.225617	0.0133677	-0.171988	0.00493018	-0.225617	0.0133677	
-5.34	-0.172468	0.00488048	-0.226268	0.0140013	-0.172468	0.00488048	-0.226268	0.0140013	
-5.32	-0.172951	0.00482856	-0.226916	0.0146376	-0.172951	0.00482856	-0.226916	0.0146376	
-5.3	-0.173437	0.0047744	-0.227561	0.0152764	-0.173437	0.0047744	-0.227561	0.0152764	
-5.28	-0.173926	0.00471794	-0.228205	0.0159178	-0.173926	0.00471794	-0.228205	0.0159178	
-5.26	-0.174417	0.00465915	-0.228845	0.0165619	-0.174417	0.00465915	-0.228845	0.0165619	
-5.24	-0.174911	0.00459797	-0.229484	0.0172085	-0.174911	0.00459797	-0.229484	0.0172085	
-5.22	-0.175408	0.00453437	-0.23012	0.0178578	-0.175408	0.00453437	-0.23012	0.0178578	
-5.2	-0.175909	0.0044683	-0.230753	0.0185097	-0.175909	0.0044683	-0.230753	0.0185097	
-5.18	-0.176412	0.00439971	-0.231384	0.0191642	-0.176412	0.00439971	-0.231384	0.0191642	
-5.16	-0.176918	0.00432855	-0.232013	0.0198213	-0.176918	0.00432855	-0.232013	0.0198213	
-5.14	-0.177428	0.00425479	-0.232638	0.0204811	-0.177428	0.00425479	-0.232638	0.0204811	
-5.12	-0.17794	0.00417838	-0.233262	0.0211434	-0.17794	0.00417838	-0.233262	0.0211434	
-5.1	-0.178456	0.00409926	-0.233882	0.0218083	-0.178456	0.00409926	-0.233882	0.0218083	
-5.08	-0.178975	0.00401739	-0.234499	0.0224758	-0.178975	0.00401739	-0.234499	0.0224758	
-5.06	-0.179497	0.00393273	-0.235114	0.0231459	-0.179497	0.00393273	-0.235114	0.0231459	
-5.04	-0.180023	0.00384522	-0.235726	0.0238185	-0.180023	0.00384522	-0.235726	0.0238185	
-5.02	-0.180552	0.00375482	-0.236335	0.0244936	-0.180552	0.00375482	-0.236335	0.0244936	
-5	-0.181085	0.00366147	-0.236941	0.0251712	-0.181085	0.00366147	-0.236941	0.0251712	
-4.98	-0.181621	0.00356513	-0.237544	0.0258513	-0.181621	0.00356513	-0.237544	0.0258513	
-4.96	-0.182161	0.00346575	-0.238144	0.0265339	-0.182161	0.00346575	-0.238144	0.0265339	
-4.94	-0.182705	0.00336327	-0.23874	0.0272188	-0.182705	0.00336327	-0.23874	0.0272188	
-4.92	-0.183252	0.00325765	-0.239333	0.0279061	-0.183252	0.00325765	-0.239333	0.0279061	
-4.9	-0.183803	0.00314883	-0.239923	0.0285957	-0.183803	0.00314883	-0.239923	0.0285957	
-4.88	-0.184357	0.00303677	-0.240509	0.0292875	-0.184357	0.00303677	-0.240509	0.0292875	
-4.86	-0.184916	0.0029214	-0.241092	0.0299816	-0.184916	0.0029214	-0.241092	0.0299816	
-4.84	-0.185479	0.00280268	-0.241672	0.0306778	-0.185479	0.00280268	-0.241672	0.0306778	
-4.82	-0.186045	0.00268056	-0.242247	0.031376	-0.186045	0.00268056	-0.242247	0.031376	
-4.8	-0.186616	0.00255497	-0.242819	0.0320764	-0.186616	0.00255497	-0.242819	0.0320764	
-4.78	-0.187191	0.00242587	-0.243387	0.0327786	-0.187191	0.00242587	-0.243387	0.0327786	
-4.76	-0.187769	0.0022932	-0.243951	0.0334827	-0.187769	0.0022932	-0.243951	0.0334827	
-4.74	-0.188353	0.0021569	-0.244511	0.0341886	-0.188353	0.0021569	-0.244511	0.0341886	
-4.72	-0.18894	0.00201693	-0.245066	0.0348962	-0.18894	0.00201693	-0.245066	0.0348962	
-4.7	-0.189532	0.00187321	-0.245618	0.0356054	-0.189532	0.00187321	-0.245618	0.0356054	
-4.68	-0.190128	0.00172569	-0.246165	0.036316	-0.190128	0.00172569	-0.246165	0.036316	
-4.66	-0.190729	0.00157432	-0.246708	0.0370281	-0.190729	0.00157432	-0.246708	0.0370281	
-4.64	-0.191334	0.00141904	-0.247247	0.0377415	-0.191334	0.00141904	-0.247247	0.0377415	
-4.62	-0.191944	0.00125978	-0.247781	0.038456	-0.191944	0.00125978	-0.247781	0.038456	
-4.6	-0.192559	0.0010965	-0.24831	0.0391715	-0.192559	0.0010965	-0.24831	0.0391715	
-4.58	-0.193179	0.000929112	-0.248834	0.039888	-0.193179	0.000929112	-0.248834	0.039888	
-4.56	-0.193803	0.000757573	-0.249354	0.0406052	-0.193803	0.000757573	-0.249354	0.0406052	
-4.54	-0.194432	0.000581816	-0.249869	0.0413231	-0.194432	0.000581816	-0.249869	0.0413231	
-4.52	-0.195067	0.000401777	-0.250379	0.0420414	-0.195067	0.000401777	-0.250379	0.0420414	
-4.5	-0.195706	0.000217392	-0.250883	0.0427601	-0.195706	0.000217392	-0.250883	0.0427601	
-4.48	-0.19635	2.8596e-05	-0.251383	0.0434789	-0.19635	2.8596e-05	-0.251383	0.0434789	
-4.46	-0.197	-0.000164677	-0.251877	0.0441978	-0.197	-0.000164677	-0.251877	0.0441978	
-4.44	-0.197655	-0.000362494	-0.252366	0.0449164	-0.197655	-0.000362494	-0.252366	0.0449164	
-4.42	-0.198315	-0.000564922	-0.25285	0.0456347	-0.198315	-0.000564922	-0.25285	0.0456347	
-4.4	-0.198981	-0.000772032	-0.253328	0.0463525	-0.198981	-0.000772032	-0.253328	0.0463525	
-4.38	-0.199652	-0.000983893	-0.2538	0.0470694	-0.199652	-0.000983893	-0.2538	0.0470694	
-4.36	-0.200329	-0.00120058	-0.254267	0.0477855	-0.200329	-0.00120058	-0.254267	0.0477855	
-4.34	-0.201012	-0.00142215	-0.254729	0.0485004	-0.201012	-0.00142215	-0.254729	0.0485004	
-4.32	-0.2017	-0.0016487	-0.255184	0.0492139	-0.2017	-0.0016487	-0.255184	0.0492139	
-4.3	-0.202394	-0.00188029	-0.255634	0.0499257	-0.202394	-0.00188029	-0.255634	0.0499257	
-4.28	-0.203094	-0.002117	-0.256078	0.0506358	-0.203094	-0.002117	-0.256078	0.0506358	
-4.26	-0.2038	-0.0023589	-0.256516	0.0513438	-0.2038	-0.0023589	-0.256516	0.0513438	
-4.24	-0.204512	-0.00260608	-0.256948	0.0520495	-0.204512	-0.00260608	-0.256948	0.0520495	
-4.22	-0.20523	-0.00285862	-0.257374	0.0527526	-0.20523	-0.00285862	-0.257374	0.0527526	
-4.2	-0.205955	-0.00311659	-0.257794	0.0534528	-0.205955	-0.00311659	-0.257794	0.0534528	
-4.18	-0.206685	-0.00338009	-0.258207	0.05415	-0.206685	-0.00338009	-0.258207	0.05415	
-4.16	-0.207422	-0.00364919	-0.258615	0.0548438	-0.207422	-0.00364919	-0.258615	0.0548438	
-4.14	-0.208166	-0.00392399	-0.259017	0.055534	-0.208166	-0.00392399	-0.259017	0.055534	
-4.12	-0.208916	-0.00420457	-0.259413	0.0562202	-0.208916	-0.00420457	-0.259413	0.0562202	
-4.1	-0.209673	-0.00449102	-0.259802	0.0569021	-0.209673	-0.00449102	-0.259802	0.0569021	
-4.08	-0.210436	-0.00478344	-0.260185	0.0575796	-0.210436	-0.00478344	-0.260185	0.0575796	
-4.06	-0.211206	-0.00508192	-0.260562	0.0582521	-0.211206	-0.00508192	-0.260562	0.0582521	
-4.04	-0.211983	-0.00538655	-0.260934	0.0589196	-0.211983	-0.00538655	-0.260934	0.0589196	
-4.02	-0.212767	-0.00569744	-0.261298	0.0595815	-0.212767	-0.00569744	-0.261298	0.0595815	
-4	-0.213558	-0.00601468	-0.261657	0.0602376	-0.213558	-0.00601468	-0.261657	0.0602376	
-3.98	-0.214356	-0.00633839	-0.26201	0.0608876	-0.214356	-0.00633839	-0.26201	0.0608876	
-3.96	-0.215161	-0.00666865	-0.262357	0.0615311	-0.215161	-0.00666865	-0.262357	0.0615311	
-3.94	-0.215974	-0.0070056	-0.262698	0.0621677	-0.215974	-0.0070056	-0.262698	0.0621677	
-3.92	-0.216794	-0.00734932	-0.263033	0.0627972	-0.216794	-0.00734932	-0.263033	0.0627972	
-3.9	-0.217622	-0.00769994	-0.263362	0.0634191	-0.217622	-0.00769994	-0.263362	0.0634191	
-3.88	-0.218457	-0.00805757	-0.263686	0.0640331	-0.218457	-0.00805757	-0.263686	0.0640331	
-3.86	-0.219299	-0.00842234	-0.264004	0.0646388	-0.219299	-0.00842234	-0.264004	0.0646388	
-3.84	-0.22015	-0.00879435	-0.264316	0.0652358	-0.22015	-0.00879435	-0.264316	0.0652358	
-3.82	-0.221008	-0.00917375	-0.264623	0.0658238	-0.221008	-0.00917375	-0.264623	0.0658238	
-3.8	-0.221874	-0.00956065	-0.264924	0.0664023	-0.221874	-0.00956065	-0.264924	0.0664023	
-3.78	-0.222748	-0.00995519	-0.265221	0.0669711	-0.222748	-0.00995519	-0.265221	0.0669711	
-3.76	-0.22363	-0.0103575	-0.265512	0.0675296	-0.22363	-0.0103575	-0.265512	0.0675296	
-3.74	-0.22452	-0.0107677	-0.265798	0.0680774	-0.22452	-0.0107677	-0.265798	0.0680774	
-3.72	-0.225419	-0.011186	-0.26608	0.0686143	-0.225419	-0.011186	-0.26608	0.0686143	
-3.7	-0.226326	-0.0116125	-0.266357	0.0691397	-0.226326	-0.0116125	-0.266357	0.0691397	
-3.68	-0.227241	-0.0120473	-0.26663	0.0696532	-0.227241	-0.0120473	-0.26663	0.0696532	
-3.66	-0.228165	-0.0124906	-0.266898	0.0701544	-0.228165	-0.0124906	-0.266898	0.0701544	
-3.64	-0.229097	-0.0129426	-0.267162	0.070643	-0.229097	-0.0129426	-0.267162	0.070643	
-3.62	-0.230038	-0.0134034	-0.267423	0.0711184	-0.230038	-0.0134034	-0.267423	0.0711184	
-3.6	-0.230988	-0.0138732	-0.26768	0.0715803	-0.230988	-0.0138732	-0.26768	0.0715803	
-3.58	-0.231947	-0.0143522	-0.267934	0.0720282	-0.231947	-0.0143522	-0.267934	0.0720282	
-3.56	-0.232915	-0.0148405	-0.268184	0.0724616	-0.232915	-0.0148405	-0.268184	0.0724616	
-3.54	-0.233891	-0.0153383	-0.268432	0.0728802	-0.233891	-0.0153383	-0.268432	0.0728802	
-3.52	-0.234877	-0.0158458	-0.268678	0.0732835	-0.234877	-0.0158458	-0.268678	0.0732835	
-3.5	-0.235872	-0.0163631	-0.268921	0.0736711	-0.235872	-0.0163631	-0.268921	0.0736711	
-3.48	-0.236877	-0.0168906	-0.269162	0.0740425	-0.236877	-0.0168906	-0.269162	0.0740425	
-3.46	-0.23789	-0.0174284	-0.269402	0.0743972	-0.23789	-0.0174284	-0.269402	0.0743972	
-3.44	-0.238914	-0.0179766	-0.26964	0.0747349	-0.238914	-0.0179766	-0.26964	0.0747349	
-3.42	-0.239946	-0.0185356	-0.269878	0.075055	-0.239946	-0.0185356	-0.269878	0.075055	
-3.4	-0.240989	-0.0191055	-0.270114	0.0753572	-0.240989	-0.0191055	-0.270114	0.0753572	
-3.38	-0.242041	-0.0196866	-0.270351	0.075641	-0.242041	-0.0196866	-0.270351	0.075641	
-3.36	-0.243103	-0.020279	-0.270588	0.0759059	-0.243103	-0.020279	-0.270588	0.0759059	
-3.34	-0.244175	-0.020883	-0.270825	0.0761514	-0.244175	-0.020883	-0.270825	0.0761514	
-3.32	-0.245257	-0.021499	-0.271063	0.0763772	-0.245257	-0.021499	-0.271063	0.0763772	
-3.3	-0.246349	-0.022127	-0.271303	0.0765828	-0.246349	-0.022127	-0.271303	0.0765828	
-3.28	-0.247451	-0.0227674	-0.271545	0.0767677	-0.247451	-0.0227674	-0.271545	0.0767677	
-3.26	-0.248563	-0.0234204	-0.271788	0.0769314	-0.248563	-0.0234204	-0.271788	0.0769314	
-3.24	-0.249686	-0.0240864	-0.272035	0.0770736	-0.249686	-0.0240864	-0.272035	0.0770736	
-3.22	-0.250819	-0.0247656	-0.272284	0.0771938	-0.250819	-0.0247656	-0.272284	0.0771938	
-3.2	-0.251962	-0.0254582	-0.272538	0.0772915	-0.251962	-0.0254582	-0.272538	0.0772915	
-3.18	-0.253116	-0.0261647	-0.272795	0.0773663	-0.253116	-0.0261647	-0.272795	0.0773663	
-3.16	-0.254281	-0.0268852	-0.273058	0.0774177	-0.254281	-0.0268852	-0.273058	0.0774177	
-3.14	-0.255456	-0.0276202	-0.273325	0.0774454	-0.255456	-0.0276202	-0.273325	0.0774454	
-3.12	-0.256642	-0.0283698	-0.273598	0.0774487	-0.256642	-0.0283698	-0.273598	0.0774487	
-3.1	-0.257839	-0.0291346	-0.273878	0.0774274	-0.257839	-0.0291346	-0.273878	0.0774274	
-3.08	-0.259047	-0.0299147	-0.274164	0.077381	-0.259047	-0.0299147	-0.274164	0.077381	
-3.06	-0.260266	-0.0307106	-0.274458	0.077309	-0.260266	-0.0307106	-0.274458	0.077309	
-3.04	-0.261496	-0.0315226	-0.274759	0.077211	-0.261496	-0.0315226	-0.274759	0.077211	
-3.02	-0.262737	-0.0323512	-0.27507	0.0770866	-0.262737	-0.0323512	-0.27507	0.0770866	
-3	-0.263989	-0.0331966	-0.275389	0.0769353	-0.263989	-0.0331966	-0.275389	0.0769353	
-2.98	-0.265253	-0.0340592	-0.275719	0.0767567	-0.265253	-0.0340592	-0.275719	0.0767567	
-2.96	-0.266528	-0.0349396	-0.276059	0.0765504	-0.266528	-0.0349396	-0.276059	0.0765504	
-2.94	-0.267814	-0.0358381	-0.276409	0.0763159	-0.267814	-0.0358381	-0.276409	0.0763159	
-2.92	-0.269112	-0.036755	-0.276772	0.0760529	-0.269112	-0.036755	-0.276772	0.0760529	
-2.9	-0.270421	-0.037691	-0.277147	0.0757608	-0.270421	-0.037691	-0.277147	0.0757608	
-2.88	-0.271741	-0.0386463	-0.277536	0.0754394	-0.271741	-0.0386463	-0.277536	0.0754394	
-2.86	-0.273073	-0.0396216	-0.277938	0.075088	-0.273073	-0.0396216	-0.277938	0.075088	
-2.84	-0.274417	-0.0406172	-0.278354	0.0747064	-0.274417	-0.0406172	-0.278354	0.0747064	
-2.82	-0.275772	-0.0416337	-0.278786	0.0742941	-0.275772	-0.0416337	-0.278786	0.0742941	
-2.8	-0.277139	-0.0426715	-0.279233	0.0738507	-0.277139	-0.0426715	-0.279233	0.0738507	
-2.78	-0.278517	-0.0437312	-0.279697	0.0733758	-0.278517	-0.0437312	-0.279697	0.0733758	
-2.76	-0.279908	-0.0448133	-0.280179	0.0728689	-0.279908	-0.0448133	-0.280179	0.0728689	
-2.74	-0.281309	-0.0459184	-0.280679	0.0723296	-0.281309	-0.0459184	-0.280679	0.0723296	
-2.72	-0.282723	-0.047047	-0.281197	0.0717576	-0.282723	-0.047047	-0.281197	0.0717576	
-2.7	-0.284148	-0.0481997	-0.281735	0.0711523	-0.284148	-0.0481997	-0.281735	0.0711523	
-2.68	-0.285585	-0.0493771	-0.282294	0.0705134	-0.285585	-0.0493771	-0.282294	0.0705134	
-2.66	-0.287034	-0.0505798	-0.282873	0.0698405	-0.287034	-0.0505798	-0.282873	0.0698405	
-2.64	-0.288494	-0.0518084	-0.283475	0.069133	-0.288494	-0.0518084	-0.283475	0.069133	
-2.62	-0.289965	-0.0530636	-0.284099	0.0683907	-0.289965	-0.0530636	-0.284099	0.0683907	
-2.6	-0.291448	-0.0543461	-0.284747	0.067613	-0.291448	-0.0543461	-0.284747	0.067613	
-2.58	-0.292943	-0.0556564	-0.285419	0.0667995	-0.292943	-0.0556564	-0.285419	0.0667995	
-2.56	-0.294449	-0.0569954	-0.286116	0.0659497	-0.294449	-0.0569954	-0.286116	0.0659497	
-2.54	-0.295966	-0.0583637	-0.286839	0.0650633	-0.295966	-0.0583637	-0.286839	0.0650633	
-2.52	-0.297495	-0.059762	-0.287589	0.0641398	-0.297495	-0.059762	-0.287589	0.0641398	
-2.5	-0.299035	-0.0611911	-0.288367	0.0631786	-0.299035	-0.0611911	-0.288367	0.0631786	
-2.48	-0.300585	-0.0626518	-0.289173	0.0621794	-0.300585	-0.0626518	-0.289173	0.0621794	
-2.46	-0.302147	-0.0641448	-0.290008	0.0611416	-0.302147	-0.0641448	-0.290008	0.0611416	
-2.44	-0.303719	-0.065671	-0.290874	0.0600648	-0.303719	-0.065671	-0.290874	0.0600648	
-2.42	-0.305302	-0.0672312	-0.29177	0.0589484	-0.305302	-0.0672312	-0.29177	0.0589484	
-2.4	-0.306895	-0.0688262	-0.292699	0.057792	-0.306895	-0.0688262	-0.292699	0.057792	
-2.38	-0.308498	-0.0704568	-0.29366	0.056595	-0.308498	-0.0704568	-0.29366	0.056595	
-2.36	-0.310112	-0.0721241	-0.294654	0.0553569	-0.310112	-0.0721241	-0.294654	0.0553569	
-2.34	-0.311734	-0.0738288	-0.295683	0.0540771	-0.311734	-0.0738288	-0.295683	0.0540771	
-2.32	-0.313367	-0.0755719	-0.296748	0.0527551	-0.313367	-0.0755719	-0.296748	0.0527551	
-2.3	-0.315008	-0.0773544	-0.297848	0.0513902	-0.315008	-0.0773544	-0.297848	0.0513902	
-2.28	-0.316658	-0.0791771	-0.298986	0.0499818	-0.316658	-0.0791771	-0.298986	0.0499818	
-2.26	-0.318317	-0.0810412	-0.300161	0.0485294	-0.318317	-0.0810412	-0.300161	0.0485294	
-2.24	-0.319983	-0.0829475	-0.301376	0.0470322	-0.319983	-0.0829475	-0.301376	0.0470322	
-2.22	-0.321657	-0.0848972	-0.30263	0.0454895	-0.321657	-0.0848972	-0.30263	0.0454895	
-2.2	-0.323339	-0.0868912	-0.303924	0.0439007	-0.323339	-0.0868912	-0.303924	0.0439007	
-2.18	-0.325027	-0.0889306	-0.30526	0.0422649	-0.325027	-0.0889306	-0.30526	0.0422649	
-2.16	-0.326721	-0.0910165	-0.306639	0.0405815	-0.326721	-0.0910165	-0.306639	0.0405815	
-2.14	-0.328421	-0.09315	-0.30806	0.0388496	-0.328421	-0.09315	-0.30806	0.0388496	
-2.12	-0.330126	-0.0953322	-0.309526	0.0370684	-0.330126	-0.0953322	-0.309526	0.0370684	
-2.1	-0.331835	-0.0975642	-0.311037	0.0352369	-0.331835	-0.0975642	-0.311037	0.0352369	
-2.08	-0.333548	-0.0998472	-0.312593	0.0333544	-0.333548	-0.0998472	-0.312593	0.0333544	
-2.06	-0.335263	-0.102182	-0.314196	0.0314197	-0.335263	-0.102182	-0.314196	0.0314197	
-2.04	-0.336981	-0.104571	-0.315847	0.0294318	-0.336981	-0.104571	-0.315847	0.0294318	
-2.02	-0.338701	-0.107013	-0.317547	0.0273898	-0.338701	-0.107013	-0.317547	0.0273898	
-2	-0.34042	-0.109512	-0.319296	0.0252925	-0.34042	-0.109512	-0.319296	0.0252925	
-1.98	-0.342139	-0.112067	-0.321095	0.0231387	-0.342139	-0.112067	-0.321095	0.0231387	
-1.96	-0.343857	-0.114681	-0.322945	0.0209272	-0.343857	-0.114681	-0.322945	0.0209272	
-1.94	-0.345571	-0.117353	-0.324848	0.0186567	-0.345571	-0.117353	-0.324848	0.0186567	
-1.92	-0.347282	-0.120086	-0.326803	0.0163258	-0.347282	-0.120086	-0.326803	0.0163258	
-1.9	-0.348988	-0.122881	-0.328811	0.0139331	-0.348988	-0.122881	-0.328811	0.0139331	
-1.88	-0.350688	-0.125738	-0.330875	0.0114771	-0.350688	-0.125738	-0.330875	0.0114771	
-1.86	-0.352379	-0.128659	-0.332994	0.00895618	-0.352379	-0.128659	-0.332994	0.00895618	
-1.84	-0.354061	-0.131646	-0.335169	0.00636873	-0.354061	-0.131646	-0.335169	0.00636873	
-1.82	-0.355733	-0.134699	-0.337401	0.00371295	-0.355733	-0.134699	-0.337401	0.00371295	
-1.8	-0.357392	-0.137819	-0.339691	0.000987005	-0.357392	-0.137819	-0.339691	0.000987005	
-1.78	-0.359037	-0.141007	-0.342039	-0.00181105	-0.359037	-0.141007	-0.342039	-0.00181105	
-1.76	-0.360665	-0.144265	-0.344447	-0.00468328	-0.360665	-0.144265	-0.344447	-0.00468328	
-1.74	-0.362276	-0.147593	-0.346915	-0.00763182	-0.362276	-0.147593	-0.346915	-0.00763182	
-1.72	-0.363866	-0.150993	-0.349444	-0.010659	-0.363866	-0.150993	-0.349444	-0.010659	
-1.7	-0.365435	-0.154464	-0.352035	-0.0137671	-0.365435	-0.154464	-0.352035	-0.0137671	
-1.68	-0.366978	-0.158009	-0.354688	-0.0169588	-0.366978	-0.158009	-0.354688	-0.0169588	
-1.66	-0.368495	-0.161627	-0.357404	-0.0202366	-0.368495	-0.161627	-0.357404	-0.0202366	
-1.64	-0.369983	-0.16532	-0.360184	-0.0236034	-0.369983	-0.16532	-0.360184	-0.0236034	
-1.62	-0.371438	-0.169087	-0.363028	-0.0270621	-0.371438	-0.169087	-0.363028	-0.0270621	
-1.6	-0.372859	-0.172929	-0.365937	-0.0306158	-0.372859	-0.172929	-0.365937	-0.0306158	
-1.58	-0.374242	-0.176847	-0.368911	-0.0342679	-0.374242	-0.176847	-0.368911	-0.0342679	
-1.56	-0.375584	-0.180839	-0.371952	-0.0380216	-0.375584	-0.180839	-0.371952	-0.0380216	
-1.54	-0.376883	-0.184907	-0.375058	-0.0418807	-0.376883	-0.184907	-0.375058	-0.0418807	
-1.52	-0.378135	-0.18905	-0.378232	-0.045849	-0.378135	-0.18905	-0.378232	-0.045849	
-1.5	-0.379337	-0.193268	-0.381472	-0.0499305	-0.379337	-0.193268	-0.381472	-0.0499305	
-1.48	-0.380485	-0.197559	-0.38478	-0.0541293	-0.380485	-0.197559	-0.38478	-0.0541293	
-1.46	-0.381577	-0.201922	-0.388155	-0.0584501	-0.381577	-0.201922	-0.388155	-0.0584501	
-1.44	-0.382607	-0.206357	-0.391598	-0.0628973	-0.382607	-0.206357	-0.391598	-0.0628973	
-1.42	-0.383574	-0.210861	-0.395108	-0.0674761	-0.383574	-0.210861	-0.395108	-0.0674761	
-1.4	-0.384472	-0.215433	-0.398686	-0.0721914	-0.384472	-0.215433	-0.398686	-0.0721914	
-1.38	-0.385299	-0.220071	-0.402331	-0.0770489	-0.385299	-0.220071	-0.402331	-0.0770489	
-1.36	-0.38605	-0.224771	-0.406043	-0.0820542	-0.38605	-0.224771	-0.406043	-0.0820542	
-1.34	-0.386722	-0.229531	-0.409822	-0.0872133	-0.386722	-0.229531	-0.409822	-0.0872133	
-1.32	-0.38731	-0.234347	-0.413666	-0.0925325	-0.38731	-0.234347	-0.413666	-0.0925325	
-1.3	-0.387812	-0.239215	-0.417575	-0.0980186	-0.387812	-0.239215	-0.417575	-0.0980186	
-1.28	-0.388223	-0.244129	-0.421548	-0.103678	-0.388223	-0.244129	-0.421548	-0.103678	
-1.26	-0.388541	-0.249086	-0.425584	-0.109519	-0.388541	-0.249086	-0.425584	-0.109519	
-1.24	-0.388761	-0.254078	-0.42968	-0.115549	-0.388761	-0.254078	-0.42968	-0.115549	
-1.22	-0.388881	-0.2591	-0.433837	-0.121775	-0.388881	-0.2591	-0.433837	-0.121775	
-1.2	-0.388898	-0.264145	-0.43805	-0.128207	-0.388898	-0.264145	-0.43805	-0.128207	
-1.18	-0.38881	-0.269203	-0.442318	-0.134853	-0.38881	-0.269203	-0.442318	-0.134853	
-1.16	-0.388615	-0.274267	-0.446639	-0.141722	-0.388615	-0.274267	-0.446639	-0.141722	
-1.14	-0.388312	-0.279327	-0.451008	-0.148824	-0.388312	-0.279327	-0.451008	-0.148824	
-1.12	-0.3879	-0.284372	-0.455423	-0.156169	-0.3879	-0.284372	-0.455423	-0.156169	
-1.1	-0.38738	-0.289391	-0.459879	-0.163767	-0.38738	-0.289391	-0.459879	-0.163767	
-1.08	-0.386752	-0.294372	-0.464372	-0.17163	-0.386752	-0.294372	-0.464372	-0.17163	
-1.06	-0.38602	-0.299302	-0.468896	-0.179768	-0.38602	-0.299302	-0.468896	-0.179768	
-1.04	-0.385186	-0.304166	-0.473446	-0.188195	-0.385186	-0.304166	-0.473446	-0.188195	
-1.02	-0.384255	-0.308949	-0.478014	-0.196921	-0.384255	-0.308949	-0.478014	-0.196921	
-1	-0.383235	-0.313636	-0.482594	-0.205959	-0.383235	-0.313636	-0.482594	-0.205959	
-0.98	-0.382133	-0.318209	-0.487177	-0.215324	-0.382133	-0.318209	-0.487177	-0.215324	
-0.96	-0.380961	-0.32265	-0.491754	-0.225027	-0.380961	-0.32265	-0.491754	-0.225027	
-0.94	-0.379732	-0.326941	-0.496314	-0.235082	-0.379732	-0.326941	-0.496314	-0.235082	
-0.92	-0.37846	-0.331061	-0.500846	-0.245505	-0.37846	-0.331061	-0.500846	-0.245505	
-0.9	-0.377166	-0.334991	-0.505337	-0.256308	-0.377166	-0.334991	-0.505337	-0.256308	
-0.88	-0.375871	-0.338709	-0.509772	-0.267507	-0.375871	-0.338709	-0.509772	-0.267507	
-0.86	-0.374601	-0.342195	-0.514136	-0.279115	-0.374601	-0.342195	-0.514136	-0.279115	
-0.84	-0.373387	-0.345427	-0.518411	-0.291147	-0.373387	-0.345427	-0.518411	-0.291147	
-0.82	-0.372263	-0.348382	-0.522577	-0.303617	-0.372263	-0.348382	-0.522577	-0.303617	
-0.8	-0.37127	-0.351041	-0.526612	-0.316539	-0.37127	-0.351041	-0.526612	-0.316539	
-0.78	-0.370454	-0.353382	-0.530492	-0.329927	-0.370454	-0.353382	-0.530492	-0.329927	
-0.76	-0.369868	-0.355387	-0.53419	-0.343791	-0.369868	-0.355387	-0.53419	-0.343791	
-0.74	-0.36957	-0.357036	-0.537677	-0.358145	-0.36957	-0.357036	-0.537677	-0.358145	
-0.72	-0.36963	-0.358316	-0.540919	-0.372998	-0.36963	-0.358316	-0.540919	-0.372998	
-0.7	-0.370124	-0.359213	-0.54388	-0.388358	-0.370124	-0.359213	-0.54388	-0.388358	
-0.68	-0.371138	-0.359719	-0.54652	-0.404232	-0.371138	-0.359719	-0.54652	-0.404232	
-0.66	-0.372771	-0.359831	-0.548795	-0.420624	-0.372771	-0.359831	-0.548795	-0.420624	
-0.64	-0.375132	-0.359552	-0.550654	-0.437536	-0.375132	-0.359552	-0.550654	-0.437536	
-0.62	-0.378346	-0.358894	-0.552044	-0.454965	-0.378346	-0.358894	-0.552044	-0.454965	
-0.6	-0.382551	-0.357879	-0.552905	-0.472908	-0.382551	-0.357879	-0.552905	-0.472908	
-0.58	-0.387905	-0.356542	-0.553172	-0.491355	-0.387905	-0.356542	-0.553172	-0.491355	
-0.56	-0.394583	-0.354936	-0.552772	-0.510294	-0.394583	-0.354936	-0.552772	-0.510294	
-0.54	-0.402784	-0.353132	-0.551629	-0.529706	-0.402784	-0.353132	-0.551629	-0.529706	
-0.52	-0.412729	-0.351229	-0.549658	-0.549571	-0.412729	-0.351229	-0.549658	-0.549571	
-0.5	-0.424667	-0.349361	-0.546768	-0.569861	-0.424667	-0.349361	-0.546768	-0.569861	
-0.48	-0.438878	-0.347701	-0.542865	-0.590545	-0.438878	-0.347701	-0.542865	-0.590545	
-0.46	-0.455673	-0.346479	-0.537849	-0.611587	-0.455673	-0.346479	-0.537849	-0.611587	
-0.44	-0.475399	-0.345995	-0.531617	-0.632944	-0.475399	-0.345995	-0.531617	-0.632944	
-0.42	-0.498437	-0.346639	-0.524065	-0.654568	-0.498437	-0.346639	-0.524065	-0.654568	
-0.4	-0.5252	-0.348918	-0.515091	-0.676405	-0.5252	-0.348918	-0.515091	-0.676405	
-0.38	-0.556129	-0.353494	-0.504597	-0.698393	-0.556129	-0.353494	-0.504597	-0.698393	
-0.36	-0.591672	-0.361224	-0.49249	-0.720458	-0.591672	-0.361224	-0.49249	-0.720458	
-0.34	-0.632259	-0.373224	-0.478687	-0.742518	-0.632259	-0.373224	-0.478687	-0.742518	
-0.32	-0.678241	-0.390937	-0.463119	-0.764479	-0.678241	-0.390937	-0.463119	-0.764479	
-0.3	-0.729799	-0.416218	-0.445728	-0.78623	-0.729799	-0.416218	-0.445728	-0.78623	
-0.28	-0.786788	-0.451425	-0.426476	-0.807648	-0.786788	-0.451425	-0.426476	-0.807648	
-0.26	-0.848492	-0.499486	-0.40534	-0.828592	-0.848492	-0.499486	-0.40534	-0.828592	
-0.24	-0.913249	-0.563906	-0.382321	-0.848909	-0.913249	-0.563906	-0.382321	-0.848909	
-0.22	-0.977944	-0.648611	-0.357437	-0.868429	-0.977944	-0.648611	-0.357437	-0.868429	
-0.2	-1.03736	-0.757472	-0.330732	-0.886975	-1.03736	-0.757472	-0.330732	-0.886975	
-0.18	-1.08359	-0.893309	-0.302272	-0.904358	-1.08359	-0.893309	-0.302272	-0.904358	
-0.16	-1.10589	-1.0562	-0.272148	-0.920389	-1.10589	-1.0562	-0.272148	-0.920389	
-0.14	-1.09163	-1.24122	-0.240476	-0.934877	-1.09163	-1.24122	-0.240476	-0.934877	
-0.12	-1.02919	-1.43661	-0.207397	-0.947638	-1.02919	-1.43661	-0.207397	-0.947638	
-0.1	-0.912416	-1.62386	-0.173075	-0.958499	-0.912416	-1.62386	-0.173075	-0.958499	
-0.08	-0.745008	-1.7815	-0.137699	-0.967304	-0.745008	-1.7815	-0.137699	-0.967304	
-0.06	-0.541402	-1.89169	-0.101476	-0.973918	-0.541402	-1.89169	-0.101476	-0.973918	
-0.04	-0.322686	-1.94613	-0.0646309	-0.978229	-0.322686	-1.94613	-0.0646309	-0.978229	
-0.02	-0.109708	-1.9475	-0.0274023	-0.980158	-0.109708	-1.9475	-0.0274023	-0.980158	
0	0.0823973	-1.90631	0.00996285	-0.979655	0.0823973	-1.90631	0.00996285	-0.979655	
0.02	0.245967	-1.83591	0.0472141	-0.976704	0.245967	-1.83591	0.0472141	-0.976704	
0.04	0.379528	-1.74867	0.0841028	-0.971323	0.379528	-1.74867	0.0841028	-0.971323	
0.06	0.485416	-1.6541	0.120387	-0.963564	0.485416	-1.6541	0.120387	-0.963564	
0.08	0.567665	-1.55867	0.155838	-0.953508	0.567665	-1.55867	0.155838	-0.953508	
0.1	0.630642	-1.46633	0.190242	-0.941266	0.630642	-1.46633	0.190242	-0.941266	
0.12	0.678349	-1.3792	0.223408	-0.926974	0.678349	-1.3792	0.223408	-0.926974	
0.14	0.714164	-1.29826	0.255167	-0.910789	0.714164	-1.29826	0.255167	-0.910789	
0.16	0.740801	-1.22374	0.285378	-0.892884	0.740801	-1.22374	0.285378	-0.892884	
0.18	0.760387	-1.15547	0.313924	-0.873442	0.760387	-1.15547	0.313924	-0.873442	
0.2	0.774561	-1.0931	0.340718	-0.852655	0.774561	-1.0931	0.340718	-0.852655	
0.22	0.784573	-1.03614	0.365699	-0.830716	0.784573	-1.03614	0.365699	-0.830716	
0.24	0.791374	-0.984134	0.388832	-0.807817	0.791374	-0.984134	0.388832	-0.807817	
0.26	0.795684	-0.936598	0.410105	-0.784145	0.795684	-0.936598	0.410105	-0.784145	
0.28	0.798047	-0.8931	0.429528	-0.759877	0.798047	-0.8931	0.429528	-0.759877	
0.3	0.798874	-0.853244	0.44713	-0.735183	0.798874	-0.853244	0.44713	-0.735183	
0.32	0.798476	-0.816674	0.462956	-0.710218	0.798476	-0.816674	0.462956	-0.710218	
0.34	0.797083	-0.783072	0.477064	-0.685124	0.797083	-0.783072	0.477064	-0.685124	
0.36	0.79487	-0.752157	0.489525	-0.660031	0.79487	-0.752157	0.489525	-0.660031	
0.38	0.791965	-0.723676	0.500416	-0.635053	0.791965	-0.723676	0.500416	-0.635053	
0.4	0.788461	-0.697401	0.50982	-0.61029	0.788461	-0.697401	0.50982	-0.61029	
0.42	0.784429	-0.673129	0.517825	-0.585828	0.784429	-0.673129	0.517825	-0.585828	
0.44	0.779916	-0.650672	0.524522	-0.561741	0.779916	-0.650672	0.524522	-0.561741	
0.46	0.774962	-0.629858	0.529999	-0.538092	0.774962	-0.629858	0.529999	-0.538092	
0.48	0.769593	-0.61053	0.534348	-0.514929	0.769593	-0.61053	0.534348	-0.514929	
0.5	0.763831	-0.592539	0.537655	-0.492293	0.763831	-0.592539	0.537655	-0.492293	
0.52	0.757698	-0.575747	0.540006	-0.470215	0.757698	-0.575747	0.540006	-0.470215	
0.54	0.751213	-0.560027	0.541482	-0.448718	0.751213	-0.560027	0.541482	-0.448718	
0.56	0.744396	-0.545259	0.542162	-0.427816	0.744396	-0.545259	0.542162	-0.427816	
0.58	0.737272	-0.531333	0.542119	-0.407519	0.737272	-0.531333	0.542119	-0.407519	
0.6	0.729866	-0.518146	0.541424	-0.38783	0.729866	-0.518146	0.541424	-0.38783	
0.62	0.722208	-0.505608	0.540141	-0.368748	0.722208	-0.505608	0.540141	-0.368748	
0.64	0.714331	-0.493635	0.538331	-0.350269	0.714331	-0.493635	0.538331	-0.350269	
0.66	0.706268	-0.482154	0.536053	-0.332384	0.706268	-0.482154	0.536053	-0.332384	
0.68	0.698054	-0.471101	0.533357	-0.315082	0.698054	-0.471101	0.533357	-0.315082	
0.7	0.689726	-0.460423	0.530293	-0.298349	0.689726	-0.460423	0.530293	-0.298349	
0.72	0.68132	-0.450073	0.526905	-0.282172	0.68132	-0.450073	0.526905	-0.282172	
0.74	0.672868	-0.440014	0.523236	-0.266533	0.672868	-0.440014	0.523236	-0.266533	
0.76	0.664405	-0.430214	0.519321	-0.251416	0.664405	-0.430214	0.519321	-0.251416	
0.78	0.65596	-0.420649	0.515197	-0.236803	0.65596	-0.420649	0.515197	-0.236803	
0.8	0.64756	-0.411302	0.510894	-0.222675	0.64756	-0.411302	0.510894	-0.222675	
0.82	0.63923	-0.402157	0.506442	-0.209014	0.63923	-0.402157	0.506442	-0.209014	
0.84	0.630991	-0.393204	0.501867	-0.195801	0.630991	-0.393204	0.501867	-0.195801	
0.86	0.62286	-0.384436	0.497192	-0.183017	0.62286	-0.384436	0.497192	-0.183017	
0.88	0.614852	-0.375848	0.49244	-0.170645	0.614852	-0.375848	0.49244	-0.170645	
0.9	0.606979	-0.367437	0.487631	-0.158666	0.606979	-0.367437	0.487631	-0.158666	
0.92	0.599252	-0.359201	0.482782	-0.147062	0.599252	-0.359201	0.482782	-0.147062	
0.94	0.591676	-0.351139	0.47791	-0.135816	0.591676	-0.351139	0.47791	-0.135816	
0.96	0.584256	-0.343249	0.47303	-0.124912	0.584256	-0.343249	0.47303	-0.124912	
0.98	0.576996	-0.335532	0.468155	-0.114334	0.576996	-0.335532	0.468155	-0.114334	
1	0.569898	-0.327988	0.463298	-0.104065	0.569898	-0.327988	0.463298	-0.104065	
1.02	0.562961	-0.320614	0.45847	-0.0940911	0.562961	-0.320614	0.45847	-0.0940911	
1.04	0.556184	-0.313412	0.453681	-0.0843973	0.556184	-0.313412	0.453681	-0.0843973	
1.06	0.549567	-0.30638	0.448941	-0.0749701	0.549567	-0.30638	0.448941	-0.0749701	
1.08	0.543106	-0.299517	0.444257	-0.0657961	0.543106	-0.299517	0.444257	-0.0657961	
1.1	0.536799	-0.292821	0.439638	-0.0568628	0.536799	-0.292821	0.439638	-0.0568628	
1.12	0.530643	-0.286291	0.435091	-0.0481581	0.530643	-0.286291	0.435091	-0.0481581	
1.14	0.524632	-0.279925	0.430622	-0.0396706	0.524632	-0.279925	0.430622	-0.0396706	
1.16	0.518765	-0.27372	0.426238	-0.0313895	0.518765	-0.27372	0.426238	-0.0313895	
1.18	0.513036	-0.267673	0.421943	-0.0233045	0.513036	-0.267673	0.421943	-0.0233045	
1.2	0.507442	-0.261783	0.417743	-0.0154059	0.507442	-0.261783	0.417743	-0.0154059	
1.22	0.501979	-0.256045	0.413642	-0.00768451	0.501979	-0.256045	0.413642	-0.00768451	
1.24	0.496642	-0.250458	0.409645	-0.000131818	0.496642	-0.250458	0.409645	-0.000131818	
1.26	0.491427	-0.245017	0.405756	0.0072603	0.491427	-0.245017	0.405756	0.0072603	
1.28	0.48633	-0.239721	0.401979	0.0144994	0.48633	-0.239721	0.401979	0.0144994	
1.3	0.481348	-0.234564	0.398317	0.0215926	0.481348	-0.234564	0.398317	0.0215926	
1.32	0.476477	-0.229545	0.394774	0.0285463	0.476477	-0.229545	0.394774	0.0285463	
1.34	0.471713	-0.224659	0.391352	0.0353667	0.471713	-0.224659	0.391352	0.0353667	
1.36	0.467052	-0.219903	0.388054	0.0420594	0.467052	-0.219903	0.388054	0.0420594	
1.38	0.462492	-0.215274	0.384884	0.0486295	0.462492	-0.215274	0.384884	0.0486295	
1.4	0.458028	-0.210769	0.381844	0.0550816	0.458028	-0.210769	0.381844	0.0550816	
1.42	0.453658	-0.206384	0.378936	0.0614201	0.453658	-0.206384	0.378936	0.0614201	
1.44	0.449379	-0.202115	0.376164	0.0676486	0.449379	-0.202115	0.376164	0.0676486	
1.46	0.445187	-0.19796	0.373528	0.0737707	0.445187	-0.19796	0.373528	0.0737707	
1.48	0.44108	-0.193916	0.371031	0.0797892	0.44108	-0.193916	0.371031	0.0797892	
1.5	0.437056	-0.189979	0.368675	0.0857067	0.437056	-0.189979	0.368675	0.0857067	
1.52	0.433111	-0.186145	0.366462	0.0915253	0.433111	-0.186145	0.366462	0.0915253	
1.54	0.429243	-0.182414	0.364394	0.0972467	0.429243	-0.182414	0.364394	0.0972467	
1.56	0.42545	-0.17878	0.362472	0.102872	0.42545	-0.17878	0.362472	0.102872	
1.58	0.42173	-0.175242	0.360698	0.108403	0.42173	-0.175242	0.360698	0.108403	
1.6	0.41808	-0.171797	0.359073	0.11384	0.41808	-0.171797	0.359073	0.11384	
1.62	0.414499	-0.168441	0.357598	0.119183	0.414499	-0.168441	0.357598	0.119183	
1.64	0.410983	-0.165173	0.356274	0.124432	0.410983	-0.165173	0.356274	0.124432	
1.66	0.407533	-0.16199	0.355102	0.129586	0.407533	-0.16199	0.355102	0.129586	
1.68	0.404145	-0.158889	0.354083	0.134645	0.404145	-0.158889	0.354083	0.134645	
1.7	0.400817	-0.155868	0.353218	0.139608	0.400817	-0.155868	0.353218	0.139608	
1.72	0.397549	-0.152924	0.352505	0.144474	0.397549	-0.152924	0.352505	0.144474	
1.74	0.394339	-0.150056	0.351947	0.14924	0.394339	-0.150056	0.351947	0.14924	
1.76	0.391184	-0.147261	0.351541	0.153906	0.391184	-0.147261	0.351541	0.153906	
1.78	0.388084	-0.144537	0.351289	0.158468	0.388084	-0.144537	0.351289	0.158468	
1.8	0.385037	-0.141882	0.351189	0.162924	0.385037	-0.141882	0.351189	0.162924	
1.82	0.382041	-0.139293	0.351241	0.167273	0.382041	-0.139293	0.351241	0.167273	
1.84	0.379096	-0.13677	0.351442	0.17151	0.379096	-0.13677	0.351442	0.17151	
1.86	0.376199	-0.13431	0.351793	0.175634	0.376199	-0.13431	0.351793	0.175634	
1.88	0.37335	-0.131912	0.352291	0.17964	0.37335	-0.131912	0.352291	0.17964	
1.9	0.370548	-0.129573	0.352934	0.183526	0.370548	-0.129573	0.352934	0.183526	
1.92	0.367791	-0.127292	0.353719	0.187289	0.367791	-0.127292	0.353719	0.187289	
1.94	0.365078	-0.125067	0.354644	0.190925	0.365078	-0.125067	0.354644	0.190925	
1.96	0.362409	-0.122897	0.355706	0.19443	0.362409	-0.122897	0.355706	0.19443	
1.98	0.359781	-0.12078	0.356902	0.197802	0.359781	-0.12078	0.356902	0.197802	
2	0.357195	-0.118715	0.358228	0.201036	0.357195	-0.118715	0.358228	0.201036	
2.02	0.354648	-0.1167	0.35968	0.20413	0.354648	-0.1167	0.35968	0.20413	
2.04	0.352141	-0.114734	0.361253	0.207081	0.352141	-0.114734	0.361253	0.207081	
2.06	0.349672	-0.112815	0.362943	0.209884	0.349672	-0.112815	0.362943	0.209884	
2.08	0.34724	-0.110943	0.364746	0.212537	0.34724	-0.110943	0.364746	0.212537	
2.1	0.344845	-0.109116	0.366655	0.215037	0.344845	-0.109116	0.366655	0.215037	
2.12	0.342485	-0.107332	0.368666	0.217381	0.342485	-0.107332	0.368666	0.217381	
2.14	0.340159	-0.105591	0.370773	0.219567	0.340159	-0.105591	0.370773	0.219567	
2.16	0.337868	-0.103891	0.372969	0.221593	0.337868	-0.103891	0.372969	0.221593	
2.18	0.33561	-0.102232	0.375248	0.223456	0.33561	-0.102232	0.375248	0.223456	
2.2	0.333385	-0.100612	0.377605	0.225155	0.333385	-0.100612	0.377605	0.225155	
2.22	0.331191	-0.09903	0.380033	0.226689	0.331191	-0.09903	0.380033	0.226689	
2.24	0.329028	-0.0974853	0.382524	0.228055	0.329028	-0.0974853	0.382524	0.228055	
2.26	0.326896	-0.0959767	0.385072	0.229255	0.326896	-0.0959767	0.385072	0.229255	
2.28	0.324793	-0.0945034	0.387669	0.230287	0.324793	-0.0945034	0.387669	0.230287	
2.3	0.322719	-0.0930645	0.39031	0.231151	0.322719	-0.0930645	0.39031	0.231151	
2.32	0.320674	-0.091659	0.392987	0.231847	0.320674	-0.091659	0.392987	0.231847	
2.34	0.318657	-0.0902861	0.395692	0.232377	0.318657	-0.0902861	0.395692	0.232377	
2.36	0.316666	-0.0889449	0.398419	0.232741	0.316666	-0.0889449	0.398419	0.232741	
2.38	0.314703	-0.0876346	0.401161	0.232941	0.314703	-0.0876346	0.401161	0.232941	
2.4	0.312765	-0.0863545	0.403911	0.232979	0.312765	-0.0863545	0.403911	0.232979	
2.42	0.310853	-0.0851038	0.406662	0.232856	0.310853	-0.0851038	0.406662	0.232856	
2.44	0.308966	-0.0838817	0.409408	0.232576	0.308966	-0.0838817	0.409408	0.232576	
2.46	0.307104	-0.0826876	0.412142	0.23214	0.307104	-0.0826876	0.412142	0.23214	
2.48	0.305265	-0.0815206	0.414857	0.231553	0.305265	-0.0815206	0.414857	0.231553	
2.5	0.30345	-0.0803802	0.417548	0.230817	0.30345	-0.0803802	0.417548	0.230817	
2.52	0.301658	-0.0792657	0.42021	0.229937	0.301658	-0.0792657	0.42021	0.229937	
2.54	0.299888	-0.0781764	0.422836	0.228916	0.299888	-0.0781764	0.422836	0.228916	
2.56	0.29814	-0.0771117	0.425421	0.227759	0.29814	-0.0771117	0.425421	0.227759	
2.58	0.296414	-0.0760711	0.42796	0.226469	0.296414	-0.0760711	0.42796	0.226469	
2.6	0.29471	-0.0750538	0.430449	0.225052	0.29471	-0.0750538	0.430449	0.225052	
2.62	0.293026	-0.0740594	0.432883	0.223513	0.293026	-0.0740594	0.432883	0.223513	
2.64	0.291362	-0.0730873	0.435258	0.221855	0.291362	-0.0730873	0.435258	0.221855	
2.66	0.289719	-0.0721369	0.437571	0.220085	0.289719	-0.0721369	0.437571	0.220085	
2.68	0.288095	-0.0712078	0.439818	0.218208	0.288095	-0.0712078	0.439818	0.218208	
2.7	0.28649	-0.0702994	0.441996	0.216228	0.28649	-0.0702994	0.441996	0.216228	
2.72	0.284904	-0.0694112	0.444102	0.214151	0.284904	-0.0694112	0.444102	0.214151	
2.74	0.283336	-0.0685428	0.446134	0.211982	0.283336	-0.0685428	0.446134	0.211982	
2.76	0.281787	-0.0676936	0.448089	0.209726	0.281787	-0.0676936	0.448089	0.209726	
2.78	0.280255	-0.0668632	0.449966	0.207389	0.280255	-0.0668632	0.449966	0.207389	
2.8	0.278741	-0.0660512	0.451764	0.204976	0.278741	-0.0660512	0.451764	0.204976	
2.82	0.277244	-0.0652571	0.453481	0.202491	0.277244	-0.0652571	0.453481	0.202491	
2.84	0.275764	-0.0644805	0.455116	0.199941	0.275764	-0.0644805	0.455116	0.199941	
2.86	0.2743	-0.063721	0.456668	0.197329	0.2743	-0.063721	0.456668	0.197329	
2.88	0.272852	-0.0629782	0.458138	0.194662	0.272852	-0.0629782	0.458138	0.194662	
2.9	0.27142	-0.0622517	0.459524	0.191943	0.27142	-0.0622517	0.459524	0.191943	
2.92	0.270004	-0.0615411	0.460827	0.189177	0.270004	-0.0615411	0.460827	0.189177	
2.94	0.268603	-0.0608461	0.462047	0.186368	0.268603	-0.0608461	0.462047	0.186368	
2.96	0.267217	-0.0601663	0.463184	0.183522	0.267217	-0.0601663	0.463184	0.183522	
2.98	0.265846	-0.0595013	0.464239	0.180642	0.265846	-0.0595013	0.464239	0.180642	
3	0.26449	-0.0588509	0.465213	0.177733	0.26449	-0.0588509	0.465213	0.177733	
3.02	0.263147	-0.0582146	0.466107	0.174797	0.263147	-0.0582146	0.466107	0.174797	
3.04	0.261819	-0.0575921	0.466921	0.171839	0.261819	-0.0575921	0.466921	0.171839	
3.06	0.260504	-0.0569832	0.467657	0.168863	0.260504	-0.0569832	0.467657	0.168863	
3.08	0.259203	-0.0563875	0.468316	0.165872	0.259203	-0.0563875	0.468316	0.165872	
3.1	0.257915	-0.0558047	0.4689	0.162868	0.257915	-0.0558047	0.4689	0.162868	
3.12	0.25664	-0.0552345	0.46941	0.159856	0.25664	-0.0552345	0.46941	0.159856	
3.14	0.255378	-0.0546767	0.469847	0.156838	0.255378	-0.0546767	0.469847	0.156838	
3.16	0.254129	-0.0541309	0.470213	0.153816	0.254129	-0.0541309	0.470213	0.153816	
3.18	0.252892	-0.0535969	0.47051	0.150794	0.252892	-0.0535969	0.47051	0.150794	
3.2	0.251667	-0.0530745	0.470739	0.147773	0.251667	-0.0530745	0.470739	0.147773	
3.22	0.250455	-0.0525633	0.470902	0.144757	0.250455	-0.0525633	0.470902	0.144757	
3.24	0.249254	-0.0520631	0.471002	0.141747	0.249254	-0.0520631	0.471002	0.141747	
3.26	0.248064	-0.0515737	0.471038	0.138745	0.248064	-0.0515737	0.471038	0.138745	
3.28	0.246886	-0.0510948	0.471014	0.135753	0.246886	-0.0510948	0.471014	0.135753	
3.3	0.24572	-0.0506262	0.470931	0.132772	0.24572	-0.0506262	0.470931	0.132772	
3.32	0.244564	-0.0501677	0.470791	0.129805	0.244564	-0.0501677	0.470791	0.129805	
3.34	0.243419	-0.049719	0.470596	0.126853	0.243419	-0.049719	0.470596	0.126853	
3.36	0.242285	-0.04928	0.470347	0.123917	0.242285	-0.04928	0.470347	0.123917	
3.38	0.241162	-0.0488503	0.470046	0.120999	0.241162	-0.0488503	0.470046	0.120999	
3.4	0.240049	-0.0484299	0.469694	0.118099	0.240049	-0.0484299	0.469694	0.118099	
3.42	0.238946	-0.0480184	0.469294	0.115219	0.238946	-0.0480184	0.469294	0.115219	
3.44	0.237853	-0.0476158	0.468847	0.112359	0.237853	-0.0476158	0.468847	0.112359	
3.46	0.23677	-0.0472218	0.468355	0.109521	0.23677	-0.0472218	0.468355	0.109521	
3.48	0.235697	-0.0468362	0.467819	0.106706	0.235697	-0.0468362	0.467819	0.106706	
3.5	0.234633	-0.0464589	0.467241	0.103913	0.234633	-0.0464589	0.467241	0.103913	
3.52	0.233579	-0.0460896	0.466622	0.101144	0.233579	-0.0460896	0.466622	0.101144	
3.54	0.232534	-0.0457283	0.465963	0.0983988	0.232534	-0.0457283	0.465963	0.0983988	
3.56	0.231499	-0.0453746	0.465267	0.0956786	0.231499	-0.0453746	0.465267	0.0956786	
3.58	0.230472	-0.0450285	0.464534	0.0929836	0.230472	-0.0450285	0.464534	0.0929836	
3.6	0.229455	-0.0446898	0.463766	0.0903142	0.229455	-0.0446898	0.463766	0.0903142	
3.62	0.228446	-0.0443584	0.462964	0.0876706	0.228446	-0.0443584	0.462964	0.0876706	
3.64	0.227446	-0.044034	0.46213	0.0850533	0.227446	-0.044034	0.46213	0.0850533	
3.66	0.226455	-0.0437165	0.461264	0.0824624	0.226455	-0.0437165	0.461264	0.0824624	
3.68	0.225472	-0.0434059	0.460367	0.0798981	0.225472	-0.0434059	0.460367	0.0798981	
3.7	0.224497	-0.0431019	0.459442	0.0773608	0.224497	-0.0431019	0.459442	0.0773608	
3.72	0.223531	-0.0428044	0.458488	0.0748504	0.223531	-0.0428044	0.458488	0.0748504	
3.74	0.222573	-0.0425132	0.457507	0.0723671	0.222573	-0.0425132	0.457507	0.0723671	
3.76	0.221623	-0.0422283	0.4565	0.069911	0.221623	-0.0422283	0.4565	0.069911	
3.78	0.22068	-0.0419495	0.455468	0.0674821	0.22068	-0.0419495	0.455468	0.0674821	
3.8	0.219746	-0.0416767	0.454412	0.0650805	0.219746	-0.0416767	0.454412	0.0650805	
3.82	0.218819	-0.0414097	0.453332	0.0627063	0.218819	-0.0414097	0.453332	0.0627063	
3.84	0.2179	-0.0411485	0.45223	0.0603594	0.2179	-0.0411485	0.45223	0.0603594	
3.86	0.216988	-0.0408928	0.451107	0.0580398	0.216988	-0.0408928	0.451107	0.0580398	
3.88	0.216084	-0.0406427	0.449962	0.0557475	0.216084	-0.0406427	0.449962	0.0557475	
3.9	0.215187	-0.040398	0.448797	0.0534824	0.215187	-0.040398	0.448797	0.0534824	
3.92	0.214298	-0.0401585	0.447613	0.0512446	0.214298	-0.0401585	0.447613	0.0512446	
3.94	0.213415	-0.0399242	0.44641	0.0490339	0.213415	-0.0399242	0.44641	0.0490339	
3.96	0.21254	-0.039695	0.445189	0.0468503	0.21254	-0.039695	0.445189	0.0468503	
3.98	0.211672	-0.0394708	0.443951	0.0446938	0.211672	-0.0394708	0.443951	0.0446938	
4	0.21081	-0.0392514	0.442695	0.0425642	0.21081	-0.0392514	0.442695	0.0425642	
4.02	0.209955	-0.0390368	0.441424	0.0404615	0.209955	-0.0390368	0.441424	0.0404615	
4.04	0.209107	-0.0388268	0.440137	0.0383856	0.209107	-0.0388268	0.440137	0.0383856	
4.06	0.208266	-0.0386214	0.438834	0.0363365	0.208266	-0.0386214	0.438834	0.0363365	
4.08	0.207432	-0.0384206	0.437517	0.034314	0.207432	-0.0384206	0.437517	0.034314	
4.1	0.206603	-0.0382241	0.436186	0.0323182	0.206603	-0.0382241	0.436186	0.0323182	
4.12	0.205782	-0.038032	0.434841	0.0303488	0.205782	-0.038032	0.434841	0.0303488	
4.14	0.204966	-0.0378441	0.433483	0.0284059	0.204966	-0.0378441	0.433483	0.0284059	
4.16	0.204157	-0.0376603	0.432112	0.0264893	0.204157	-0.0376603	0.432112	0.0264893	
4.18	0.203355	-0.0374806	0.430729	0.0245991	0.203355	-0.0374806	0.430729	0.0245991	
4.2	0.202558	-0.0373049	0.429334	0.022735	0.202558	-0.0373049	0.429334	0.022735	
4.22	0.201768	-0.0371332	0.427928	0.0208972	0.201768	-0.0371332	0.427928	0.0208972	
4.24	0.200983	-0.0369653	0.42651	0.0190854	0.200983	-0.0369653	0.42651	0.0190854	
4.26	0.200205	-0.0368011	0.425081	0.0172996	0.200205	-0.0368011	0.425081	0.0172996	
4.28	0.199433	-0.0366407	0.423642	0.0155398	0.199433	-0.0366407	0.423642	0.0155398	
4.3	0.198666	-0.0364839	0.422194	0.0138059	0.198666	-0.0364839	0.422194	0.0138059	
4.32	0.197905	-0.0363307	0.420735	0.0120979	0.197905	-0.0363307	0.420735	0.0120979	
4.34	0.19715	-0.0361809	0.419267	0.0104157	0.19715	-0.0361809	0.419267	0.0104157	
4.36	0.196401	-0.0360346	0.41779	0.00875926	0.196401	-0.0360346	0.41779	0.00875926	
4.38	0.195657	-0.0358917	0.416304	0.00712853	0.195657	-0.0358917	0.416304	0.00712853	
4.4	0.194919	-0.0357521	0.41481	0.00552348	0.194919	-0.0357521	0.41481	0.00552348	
4.42	0.194187	-0.0356158	0.413308	0.00394405	0.194187	-0.0356158	0.413308	0.00394405	
4.44	0.19346	-0.0354827	0.411798	0.00239022	0.19346	-0.0354827	0.411798	0.00239022	
4.46	0.192738	-0.0353527	0.41028	0.000861949	0.192738	-0.0353527	0.41028	0.000861949	
4.48	0.192022	-0.0352258	0.408756	-0.000640808	0.192022	-0.0352258	0.408756	-0.000640808	
4.5	0.191311	-0.0351019	0.407224	-0.00211808	0.191311	-0.0351019	0.407224	-0.00211808	
4.52	0.190606	-0.034981	0.405686	-0.00356991	0.190606	-0.034981	0.405686	-0.00356991	
4.54	0.189905	-0.0348631	0.404142	-0.00499632	0.189905	-0.0348631	0.404142	-0.00499632	
4.56	0.18921	-0.034748	0.402592	-0.00639735	0.18921	-0.034748	0.402592	-0.00639735	
4.58	0.188521	-0.0346358	0.401036	-0.00777304	0.188521	-0.0346358	0.401036	-0.00777304	
4.6	0.187836	-0.0345263	0.399475	-0.00912342	0.187836	-0.0345263	0.399475	-0.00912342	
4.62	0.187156	-0.0344196	0.397908	-0.0104485	0.187156	-0.0344196	0.397908	-0.0104485	
4.64	0.186482	-0.0343156	0.396337	-0.0117484	0.186482	-0.0343156	0.396337	-0.0117484	
4.66	0.185812	-0.0342143	0.394761	-0.013023	0.185812	-0.0342143	0.394761	-0.013023	
4.68	0.185148	-0.0341155	0.39318	-0.0142725	0.185148	-0.0341155	0.39318	-0.0142725	
4.7	0.184488	-0.0340193	0.391596	-0.0154969	0.184488	-0.0340193	0.391596	-0.0154969	
4.72	0.183833	-0.0339257	0.390008	-0.0166962	0.183833	-0.0339257	0.390008	-0.0166962	
4.74	0.183183	-0.0338345	0.388417	-0.0178705	0.183183	-0.0338345	0.388417	-0.0178705	
4.76	0.182538	-0.0337458	0.386822	-0.0190199	0.182538	-0.0337458	0.386822	-0.0190199	
4.78	0.181898	-0.0336594	0.385224	-0.0201443	0.181898	-0.0336594	0.385224	-0.0201443	
4.8	0.181262	-0.0335755	0.383624	-0.0212438	0.181262	-0.0335755	0.383624	-0.0212438	
4.82	0.180631	-0.0334939	0.382022	-0.0223186	0.180631	-0.0334939	0.382022	-0.0223186	
4.84	0.180005	-0.0334146	0.380417	-0.0233686	0.180005	-0.0334146	0.380417	-0.0233686	
4.86	0.179384	-0.0333375	0.37881	-0.024394	0.179384	-0.0333375	0.37881	-0.024394	
4.88	0.178767	-0.0332627	0.377202	-0.0253948	0.178767	-0.0332627	0.377202	-0.0253948	
4.9	0.178155	-0.0331901	0.375593	-0.0263711	0.178155	-0.0331901	0.375593	-0.0263711	
4.92	0.177547	-0.0331196	0.373983	-0.027323	0.177547	-0.0331196	0.373983	-0.027323	
4.94	0.176944	-0.0330513	0.372372	-0.0282506	0.176944	-0.0330513	0.372372	-0.0282506	
4.96	0.176345	-0.0329851	0.37076	-0.0291539	0.176345	-0.0329851	0.37076	-0.0291539	
4.98	0.175751	-0.0329209	0.369149	-0.0300332	0.175751	-0.0329209	0.369149	-0.0300332	
5	0.175162	-0.0328588	0.367537	-0.0308884	0.175162	-0.0328588	0.367537	-0.0308884	
5.02	0.174576	-0.0327987	0.365926	-0.0317198	0.174576	-0.0327987	0.365926	-0.0317198	
5.04	0.173996	-0.0327406	0.364315	-0.0325274	0.173996	-0.0327406	0.364315	-0.0325274	
5.06	0.173419	-0.0326845	0.362705	-0.0333114	0.173419	-0.0326845	0.362705	-0.0333114	
5.08	0.172847	-0.0326303	0.361096	-0.0340718	0.172847	-0.0326303	0.361096	-0.0340718	
5.1	0.172279	-0.032578	0.359489	-0.034809	0.172279	-0.032578	0.359489	-0.034809	
5.12	0.171716	-0.0325276	0.357883	-0.0355229	0.171716	-0.0325276	0.357883	-0.0355229	
5.14	0.171157	-0.032479	0.356279	-0.0362137	0.171157	-0.032479	0.356279	-0.0362137	
5.16	0.170602	-0.0324323	0.354677	-0.0368817	0.170602	-0.0324323	0.354677	-0.0368817	
5.18	0.170051	-0.0323873	0.353077	-0.0375269	0.170051	-0.0323873	0.353077	-0.0375269	
5.2	0.169505	-0.0323442	0.35148	-0.0381496	0.169505	-0.0323442	0.35148	-0.0381496	
5.22	0.168963	-0.0323028	0.349886	-0.03875	0.168963	-0.0323028	0.349886	-0.03875	
5.24	0.168425	-0.0322631	0.348294	-0.0393281	0.168425	-0.0322631	0.348294	-0.0393281	
5.26	0.167891	-0.0322251	0.346706	-0.0398843	0.167891	-0.0322251	0.346706	-0.0398843	
5.28	0.167362	-0.0321889	0.345121	-0.0404187	0.167362	-0.0321889	0.345121	-0.0404187	
5.3	0.166836	-0.0321543	0.34354	-0.0409315	0.166836	-0.0321543	0.34354	-0.0409315	
5.32	0.166315	-0.0321213	0.341963	-0.0414229	0.166315	-0.0321213	0.341963	-0.0414229	
5.34	0.165798	-0.03209	0.340389	-0.0418932	0.165798	-0.03209	0.340389	-0.0418932	
5.36	0.165285	-0.0320603	0.33882	-0.0423425	0.165285	-0.0320603	0.33882	-0.0423425	
5.38	0.164775	-0.0320321	0.337255	-0.0427711	0.164775	-0.0320321	0.337255	-0.0427711	
5.4	0.164271	-0.0320055	0.335695	-0.0431793	0.164271	-0.0320055	0.335695	-0.0431793	
5.42	0.16377	-0.0319805	0.33414	-0.0435672	0.16377	-0.0319805	0.33414	-0.0435672	
5.44	0.163273	-0.031957	0.332589	-0.0439352	0.163273	-0.031957	0.332589	-0.0439352	
5.46	0.16278	-0.031935	0.331044	-0.0442833	0.16278	-0.031935	0.331044	-0.0442833	
5.48	0.162291	-0.0319144	0.329504	-0.0446121	0.162291	-0.0319144	0.329504	-0.0446121	
5.5	0.161807	-0.0318954	0.327969	-0.0449215	0.161807	-0.0318954	0.327969	-0.0449215	
5.52	0.161326	-0.0318777	0.32644	-0.0452121	0.161326	-0.0318777	0.32644	-0.0452121	
5.54	0.160849	-0.0318615	0.324916	-0.0454839	0.160849	-0.0318615	0.324916	-0.0454839	
5.56	0.160376	-0.0318467	0.323398	-0.0457372	0.160376	-0.0318467	0.323398	-0.0457372	
5.58	0.159908	-0.0318333	0.321887	-0.0459724	0.159908	-0.0318333	0.321887	-0.0459724	
5.6	0.159443	-0.0318212	0.320381	-0.0461898	0.159443	-0.0318212	0.320381	-0.0461898	
5.62	0.158982	-0.0318105	0.318882	-0.0463895	0.158982	-0.0318105	0.318882	-0.0463895	
5.64	0.158525	-0.0318011	0.317388	-0.0465719	0.158525	-0.0318011	0.317388	-0.0465719	
5.66	0.158072	-0.0317931	0.315902	-0.0467372	0.158072	-0.0317931	0.315902	-0.0467372	
5.68	0.157623	-0.0317863	0.314421	-0.0468858	0.157623	-0.0317863	0.314421	-0.0468858	
5.7	0.157178	-0.0317808	0.312948	-0.047018	0.157178	-0.0317808	0.312948	-0.047018	
5.72	0.156737	-0.0317765	0.311481	-0.047134	0.156737	-0.0317765	0.311481	-0.047134	
5.74	0.1563	-0.0317735	0.310021	-0.047234	0.1563	-0.0317735	0.310021	-0.047234	
5.76	0.155867	-0.0317717	0.308567	-0.0473186	0.155867	-0.0317717	0.308567	-0.0473186	
5.78	0.155437	-0.0317711	0.307121	-0.0473878	0.155437	-0.0317711	0.307121	-0.0473878	
5.8	0.155012	-0.0317716	0.305681	-0.047442	0.155012	-0.0317716	0.305681	-0.047442	
5.82	0.154591	-0.0317733	0.304249	-0.0474815	0.154591	-0.0317733	0.304249	-0.0474815	
5.84	0.154173	-0.0317762	0.302823	-0.0475067	0.154173	-0.0317762	0.302823	-0.0475067	
5.86	0.153759	-0.0317802	0.301405	-0.0475177	0.153759	-0.0317802	0.301405	-0.0475177	
5.88	0.15335	-0.0317852	0.299994	-0.047515	0.15335	-0.0317852	0.299994	-0.047515	
5.9	0.152944	-0.0317914	0.29859	-0.0474988	0.152944	-0.0317914	0.29859	-0.0474988	
5.92	0.152542	-0.0317986	0.297193	-0.0474693	0.152542	-0.0317986	0.297193	-0.0474693	
5.94	0.152144	-0.0318068	0.295804	-0.047427	0.152144	-0.0318068	0.295804	-0.047427	
5.96	0.15175	-0.031816	0.294422	-0.0473721	0.15175	-0.031816	0.294422	-0.0473721	
5.98	0.15136	-0.0318262	0.293047	-0.0473049	0.15136	-0.0318262	0.293047	-0.0473049	
6	0.150974	-0.0318374	0.29168	-0.0472257	0.150974	-0.0318374	0.29168	-0.0472257	
6.02	0.150592	-0.0318496	0.29032	-0.0471348	0.150592	-0.0318496	0.29032	-0.0471348	
6.04	0.150214	-0.0318626	0.288967	-0.0470325	0.150214	-0.0318626	0.288967	-0.0470325	
6.06	0.14984	-0.0318766	0.287621	-0.0469191	0.14984	-0.0318766	0.287621	-0.0469191	
6.08	0.149469	-0.0318914	0.286283	-0.0467949	0.149469	-0.0318914	0.286283	-0.0467949	
6.1	0.149103	-0.0319071	0.284953	-0.0466602	0.149103	-0.0319071	0.284953	-0.0466602	
6.12	0.148741	-0.0319236	0.283629	-0.0465152	0.148741	-0.0319236	0.283629	-0.0465152	
6.14	0.148382	-0.0319409	0.282313	-0.0463603	0.148382	-0.0319409	0.282313	-0.0463603	
6.16	0.148028	-0.0319589	0.281004	-0.0461957	0.148028	-0.0319589	0.281004	-0.0461957	
6.18	0.147677	-0.0319777	0.279703	-0.0460218	0.147677	-0.0319777	0.279703	-0.0460218	
6.2	0.147331	-0.0319973	0.278408	-0.0458388	0.147331	-0.0319973	0.278408	-0.0458388	
6.22	0.146988	-0.0320175	0.277121	-0.045647	0.146988	-0.0320175	0.277121	-0.045647	
6.24	0.14665	-0.0320384	0.275841	-0.0454466	0.14665	-0.0320384	0.275841	-0.0454466	
6.26	0.146316	-0.0320599	0.274569	-0.045238	0.146316	-0.0320599	0.274569	-0.045238	
6.28	0.145985	-0.032082	0.273303	-0.0450214	0.145985	-0.032082	0.273303	-0.0450214	
6.3	0.145659	-0.0321046	0.272045	-0.0447971	0.145659	-0.0321046	0.272045	-0.0447971	
6.32	0.145336	-0.0321279	0.270794	-0.0445653	0.145336	-0.0321279	0.270794	-0.0445653	
6.34	0.145018	-0.0321516	0.269549	-0.0443264	0.145018	-0.0321516	0.269549	-0.0443264	
6.36	0.144704	-0.0321757	0.268312	-0.0440806	0.144704	-0.0321757	0.268312	-0.0440806	
6.38	0.144394	-0.0322004	0.267082	-0.0438281	0.144394	-0.0322004	0.267082	-0.0438281	
6.4	0.144088	-0.0322254	0.265859	-0.0435692	0.144088	-0.0322254	0.265859	-0.0435692	
6.42	0.143786	-0.0322507	0.264642	-0.0433041	0.143786	-0.0322507	0.264642	-0.0433041	
6.44	0.143488	-0.0322764	0.263433	-0.0430332	0.143488	-0.0322764	0.263433	-0.0430332	
6.46	0.143194	-0.0323024	0.26223	-0.0427566	0.143194	-0.0323024	0.26223	-0.0427566	
6.48	0.142905	-0.0323286	0.261034	-0.0424746	0.142905	-0.0323286	0.261034	-0.0424746	
6.5	0.142619	-0.032355	0.259845	-0.0421874	0.142619	-0.032355	0.259845	-0.0421874	
6.52	0.142338	-0.0323816	0.258662	-0.0418952	0.142338	-0.0323816	0.258662	-0.0418952	
6.54	0.142061	-0.0324083	0.257487	-0.0415984	0.142061	-0.0324083	0.257487	-0.0415984	
6.56	0.141788	-0.0324351	0.256317	-0.0412971	0.141788	-0.0324351	0.256317	-0.0412971	
6.58	0.141519	-0.0324619	0.255155	-0.0409915	0.141519	-0.0324619	0.255155	-0.0409915	
6.6	0.141254	-0.0324886	0.253998	-0.0406819	0.141254	-0.0324886	0.253998	-0.0406819	
6.62	0.140994	-0.0325153	0.252849	-0.0403684	0.140994	-0.0325153	0.252849	-0.0403684	
6.64	0.140737	-0.0325419	0.251705	-0.0400514	0.140737	-0.0325419	0.251705	-0.0400514	
6.66	0.140485	-0.0325683	0.250568	-0.039731	0.140485	-0.0325683	0.250568	-0.039731	
6.68	0.140237	-0.0325945	0.249438	-0.0394074	0.140237	-0.0325945	0.249438	-0.0394074	
6.7	0.139994	-0.0326204	0.248313	-0.0390808	0.139994	-0.0326204	0.248313	-0.0390808	
6.72	0.139754	-0.032646	0.247195	-0.0387514	0.139754	-0.032646	0.247195	-0.0387514	
6.74	0.139519	-0.0326712	0.246083	-0.0384194	0.139519	-0.0326712	0.246083	-0.0384194	
6.76	0.139288	-0.0326959	0.244978	-0.0380851	0.139288	-0.0326959	0.244978	-0.0380851	
6.78	0.139062	-0.0327201	0.243878	-0.0377485	0.139062	-0.0327201	0.243878	-0.0377485	
6.8	0.138839	-0.0327438	0.242784	-0.0374099	0.138839	-0.0327438	0.242784	-0.0374099	
6.82	0.138621	-0.0327668	0.241697	-0.0370694	0.138621	-0.0327668	0.241697	-0.0370694	
6.84	0.138407	-0.0327891	0.240615	-0.0367273	0.138407	-0.0327891	0.240615	-0.0367273	
6.86	0.138198	-0.0328107	0.239539	-0.0363837	0.138198	-0.0328107	0.239539	-0.0363837	
6.88	0.137992	-0.0328315	0.23847	-0.0360387	0.137992	-0.0328315	0.23847	-0.0360387	
6.9	0.137791	-0.0328513	0.237406	-0.0356926	0.137791	-0.0328513	0.237406	-0.0356926	
6.92	0.137594	-0.0328702	0.236348	-0.0353454	0.137594	-0.0328702	0.236348	-0.0353454	
6.94	0.137402	-0.032888	0.235295	-0.0349974	0.137402	-0.032888	0.235295	-0.0349974	
6.96	0.137213	-0.0329048	0.234249	-0.0346487	0.137213	-0.0329048	0.234249	-0.0346487	
6.98	0.137029	-0.0329203	0.233208	-0.0342995	0.137029	-0.0329203	0.233208	-0.0342995	
7	0.136849	-0.0329346	0.232173	-0.0339498	0.136849	-0.0329346	0.232173	-0.0339498	
7.02	0.136674	-0.0329475	0.231143	-0.0335999	0.136674	-0.0329475	0.231143	-0.0335999	
7.04	0.136502	-0.0329591	0.230119	-0.0332498	0.136502	-0.0329591	0.230119	-0.0332498	
7.06	0.136335	-0.0329691	0.229101	-0.0328998	0.136335	-0.0329691	0.229101	-0.0328998	
7.08	0.136172	-0.0329776	0.228088	-0.0325498	0.136172	-0.0329776	0.228088	-0.0325498	
7.1	0.136013	-0.0329843	0.22708	-0.0322002	0.136013	-0.0329843	0.22708	-0.0322002	
7.12	0.135858	-0.0329894	0.226079	-0.0318509	0.135858	-0.0329894	0.226079	-0.0318509	
7.14	0.135708	-0.0329926	0.225082	-0.0315021	0.135708	-0.0329926	0.225082	-0.0315021	
7.16	0.135561	-0.0329939	0.224091	-0.031154	0.135561	-0.0329939	0.224091	-0.031154	
7.18	0.135418	-0.0329932	0.223105	-0.0308065	0.135418	-0.0329932	0.223105	-0.0308065	
7.2	0.13528	-0.0329904	0.222125	-0.0304599	0.13528	-0.0329904	0.222125	-0.0304599	
7.22	0.135145	-0.0329855	0.22115	-0.0301143	0.135145	-0.0329855	0.22115	-0.0301143	
7.24	0.135015	-0.0329782	0.22018	-0.0297697	0.135015	-0.0329782	0.22018	-0.0297697	
7.26	0.134888	-0.0329686	0.219216	-0.0294262	0.134888	-0.0329686	0.219216	-0.0294262	
7.28	0.134766	-0.0329566	0.218257	-0.029084	0.134766	-0.0329566	0.218257	-0.029084	
7.3	0.134647	-0.032942	0.217303	-0.0287431	0.134647	-0.032942	0.217303	-0.0287431	
7.32	0.134532	-0.0329247	0.216354	-0.0284036	0.134532	-0.0329247	0.216354	-0.0284036	
7.34	0.13442	-0.0329048	0.215411	-0.0280656	0.13442	-0.0329048	0.215411	-0.0280656	
7.36	0.134313	-0.032882	0.214472	-0.0277292	0.134313	-0.032882	0.214472	-0.0277292	
7.38	0.134208	-0.0328563	0.213539	-0.0273945	0.134208	-0.0328563	0.213539	-0.0273945	
7.4	0.134108	-0.0328276	0.212611	-0.0270615	0.134108	-0.0328276	0.212611	-0.0270615	
7.42	0.134011	-0.0327958	0.211688	-0.0267303	0.134011	-0.0327958	0.211688	-0.0267303	
7.44	0.133917	-0.0327608	0.21077	-0.026401	0.133917	-0.0327608	0.21077	-0.026401	
7.46	0.133827	-0.0327226	0.209857	-0.0260736	0.133827	-0.0327226	0.209857	-0.0260736	
7.48	0.13374	-0.0326809	0.208949	-0.0257482	0.13374	-0.0326809	0.208949	-0.0257482	
7.5	0.133656	-0.0326359	0.208046	-0.0254249	0.133656	-0.0326359	0.208046	-0.0254249	
7.52	0.133575	-0.0325872	0.207149	-0.0251037	0.133575	-0.0325872	0.207149	-0.0251037	
7.54	0.133498	-0.0325349	0.206256	-0.0247847	0.133498	-0.0325349	0.206256	-0.0247847	
7.56	0.133423	-0.032479	0.205368	-0.0244679	0.133423	-0.032479	0.205368	-0.0244679	
7.58	0.133351	-0.0324192	0.204485	-0.0241534	0.133351	-0.0324192	0.204485	-0.0241534	
7.6	0.133282	-0.0323555	0.203607	-0.0238412	0.133282	-0.0323555	0.203607	-0.0238412	
7.62	0.133215	-0.0322878	0.202734	-0.0235314	0.133215	-0.0322878	0.202734	-0.0235314	
7.64	0.133151	-0.0322162	0.201866	-0.023224	0.133151	-0.0322162	0.201866	-0.023224	
7.66	0.133089	-0.0321404	0.201003	-0.0229191	0.133089	-0.0321404	0.201003	-0.0229191	
7.68	0.13303	-0.0320604	0.200145	-0.0226166	0.13303	-0.0320604	0.200145	-0.0226166	
7.7	0.132972	-0.0319761	0.199291	-0.0223167	0.132972	-0.0319761	0.199291	-0.0223167	
7.72	0.132917	-0.0318876	0.198443	-0.0220193	0.132917	-0.0318876	0.198443	-0.0220193	
7.74	0.132863	-0.0317946	0.197599	-0.0217245	0.132863	-0.0317946	0.197599	-0.0217245	
7.76	0.132812	-0.0316972	0.19676	-0.0214323	0.132812	-0.0316972	0.19676	-0.0214323	
7.78	0.132762	-0.0315953	0.195926	-0.0211428	0.132762	-0.0315953	0.195926	-0.0211428	
7.8	0.132713	-0.0314889	0.195096	-0.0208559	0.132713	-0.0314889	0.195096	-0.0208559	
7.82	0.132666	-0.0313779	0.194272	-0.0205717	0.132666	-0.0313779	0.194272	-0.0205717	
7.84	0.13262	-0.0312622	0.193452	-0.0202902	0.13262	-0.0312622	0.193452	-0.0202902	
7.86	0.132575	-0.0311419	0.192637	-0.0200114	0.132575	-0.0311419	0.192637	-0.0200114	
7.88	0.132531	-0.0310168	0.191827	-0.0197354	0.132531	-0.0310168	0.191827	-0.0197354	
7.9	0.132488	-0.0308871	0.191021	-0.0194621	0.132488	-0.0308871	0.191021	-0.0194621	
7.92	0.132446	-0.0307525	0.19022	-0.0191916	0.132446	-0.0307525	0.19022	-0.0191916	
7.94	0.132403	-0.0306133	0.189424	-0.0189238	0.132403	-0.0306133	0.189424	-0.0189238	
7.96	0.132362	-0.0304692	0.188633	-0.0186588	0.132362	-0.0304692	0.188633	-0.0186588	
7.98	0.13232	-0.0303203	0.187846	-0.0183966	0.13232	-0.0303203	0.187846	-0.0183966	
8	0.132278	-0.0301667	0.187064	-0.0181372	0.132278	-0.0301667	0.187064	-0.0181372	
8.02	0.132236	-0.0300083	0.186286	-0.0178806	0.132236	-0.0300083	0.186286	-0.0178806	
8.04	0.132194	-0.0298452	0.185514	-0.0176268	0.132194	-0.0298452	0.185514	-0.0176268	
8.06	0.132151	-0.0296773	0.184745	-0.0173758	0.132151	-0.0296773	0.184745	-0.0173758	
8.08	0.132107	-0.0295046	0.183982	-0.0171276	0.132107	-0.0295046	0.183982	-0.0171276	
8.1	0.132063	-0.0293273	0.183223	-0.0168822	0.132063	-0.0293273	0.183223	-0.0168822	
8.12	0.132017	-0.0291454	0.182468	-0.0166396	0.132017	-0.0291454	0.182468	-0.0166396	
8.14	0.131971	-0.0289589	0.181718	-0.0163998	0.131971	-0.0289589	0.181718	-0.0163998	
8.16	0.131923	-0.0287678	0.180973	-0.0161628	0.131923	-0.0287678	0.180973	-0.0161628	
8.18	0.131874	-0.0285722	0.180232	-0.0159286	0.131874	-0.0285722	0.180232	-0.0159286	
8.2	0.131823	-0.0283722	0.179496	-0.0156972	0.131823	-0.0283722	0.179496	-0.0156972	
8.22	0.13177	-0.0281679	0.178764	-0.0154685	0.13177	-0.0281679	0.178764	-0.0154685	
8.24	0.131715	-0.0279593	0.178037	-0.0152426	0.131715	-0.0279593	0.178037	-0.0152426	
8.26	0.131658	-0.0277465	0.177314	-0.0150194	0.131658	-0.0277465	0.177314	-0.0150194	
8.28	0.131599	-0.0275295	0.176595	-0.0147989	0.131599	-0.0275295	0.176595	-0.0147989	
8.3	0.131537	-0.0273086	0.175881	-0.0145812	0.131537	-0.0273086	0.175881	-0.0145812	
8.32	0.131473	-0.0270838	0.175172	-0.0143662	0.131473	-0.0270838	0.175172	-0.0143662	
8.34	0.131406	-0.0268551	0.174467	-0.0141539	0.131406	-0.0268551	0.174467	-0.0141539	
8.36	0.131337	-0.0266228	0.173766	-0.0139443	0.131337	-0.0266228	0.173766	-0.0139443	
8.38	0.131264	-0.0263869	0.17307	-0.0137374	0.131264	-0.0263869	0.17307	-0.0137374	
8.4	0.131189	-0.0261476	0.172378	-0.0135331	0.131189	-0.0261476	0.172378	-0.0135331	
8.42	0.13111	-0.0259049	0.17169	-0.0133314	0.13111	-0.0259049	0.17169	-0.0133314	
8.44	0.131028	-0.025659	0.171007	-0.0131324	0.131028	-0.025659	0.171007	-0.0131324	
8.46	0.130943	-0.0254101	0.170327	-0.012936	0.130943	-0.0254101	0.170327	-0.012936	
8.48	0.130854	-0.0251582	0.169653	-0.0127422	0.130854	-0.0251582	0.169653	-0.0127422	
8.5	0.130761	-0.0249036	0.168982	-0.0125509	0.130761	-0.0249036	0.168982	-0.0125509	
8.52	0.130665	-0.0246463	0.168316	-0.0123622	0.130665	-0.0246463	0.168316	-0.0123622	
8.54	0.130565	-0.0243865	0.167654	-0.012176	0.130565	-0.0243865	0.167654	-0.012176	
8.56	0.130462	-0.0241244	0.166996	-0.0119923	0.130462	-0.0241244	0.166996	-0.0119923	
8.58	0.130354	-0.0238601	0.166343	-0.0118111	0.130354	-0.0238601	0.166343	-0.0118111	
8.6	0.130243	-0.0235938	0.165693	-0.0116323	0.130243	-0.0235938	0.165693	-0.0116323	
8.62	0.130127	-0.0233256	0.165048	-0.011456	0.130127	-0.0233256	0.165048	-0.011456	
8.64	0.130008	-0.0230557	0.164407	-0.0112822	0.130008	-0.0230557	0.164407	-0.0112822	
8.66	0.129884	-0.0227842	0.16377	-0.0111107	0.129884	-0.0227842	0.16377	-0.0111107	
8.68	0.129756	-0.0225113	0.163137	-0.0109416	0.129756	-0.0225113	0.163137	-0.0109416	
8.7	0.129624	-0.0222372	0.162508	-0.0107749	0.129624	-0.0222372	0.162508	-0.0107749	
8.72	0.129488	-0.021962	0.161883	-0.0106105	0.129488	-0.021962	0.161883	-0.0106105	
8.74	0.129347	-0.0216859	0.161262	-0.0104484	0.129347	-0.0216859	0.161262	-0.0104484	
8.76	0.129203	-0.021409	0.160646	-0.0102886	0.129203	-0.021409	0.160646	-0.0102886	
8.78	0.129054	-0.0211315	0.160033	-0.0101311	0.129054	-0.0211315	0.160033	-0.0101311	
8.8	0.128901	-0.0208535	0.159424	-0.00997576	0.128901	-0.0208535	0.159424	-0.00997576	
8.82	0.128743	-0.0205753	0.158819	-0.00982269	0.128743	-0.0205753	0.158819	-0.00982269	
8.84	0.128582	-0.0202969	0.158219	-0.00967181	0.128582	-0.0202969	0.158219	-0.00967181	
8.86	0.128416	-0.0200185	0.157622	-0.00952311	0.128416	-0.0200185	0.157622	-0.00952311	
8.88	0.128247	-0.0197402	0.157029	-0.00937655	0.128247	-0.0197402	0.157029	-0.00937655	
8.9	0.128073	-0.0194623	0.156439	-0.00923211	0.128073	-0.0194623	0.156439	-0.00923211	
8.92	0.127895	-0.0191848	0.155854	-0.00908978	0.127895	-0.0191848	0.155854	-0.00908978	
8.94	0.127712	-0.0189078	0.155273	-0.00894952	0.127712	-0.0189078	0.155273	-0.00894952	
8.96	0.127526	-0.0186316	0.154695	-0.00881132	0.127526	-0.0186316	0.154695	-0.00881132	
8.98	0.127336	-0.0183562	0.154121	-0.00867514	0.127336	-0.0183562	0.154121	-0.00867514	
9	0.127142	-0.0180818	0.153551	-0.00854097	0.127142	-0.0180818	0.153551	-0.00854097	
9.02	0.126945	-0.0178085	0.152984	-0.00840877	0.126945	-0.0178085	0.152984	-0.00840877	
9.04	0.126743	-0.0175365	0.152422	-0.00827854	0.126743	-0.0175365	0.152422	-0.00827854	
9.06	0.126538	-0.0172657	0.151863	-0.00815023	0.126538	-0.0172657	0.151863	-0.00815023	
9.08	0.126329	-0.0169964	0.151307	-0.00802384	0.126329	-0.0169964	0.151307	-0.00802384	
9.1	0.126117	-0.0167287	0.150756	-0.00789933	0.126117	-0.0167287	0.150756	-0.00789933	
9.12	0.125901	-0.0164626	0.150208	-0.00777668	0.125901	-0.0164626	0.150208	-0.00777668	
9.14	0.125682	-0.0161983	0.149663	-0.00765587	0.125682	-0.0161983	0.149663	-0.00765587	
9.16	0.125459	-0.0159359	0.149122	-0.00753688	0.125459	-0.0159359	0.149122	-0.00753688	
9.18	0.125233	-0.0156754	0.148585	-0.00741968	0.125233	-0.0156754	0.148585	-0.00741968	
9.2	0.125004	-0.015417	0.148051	-0.00730424	0.125004	-0.015417	0.148051	-0.00730424	
9.22	0.124772	-0.0151606	0.147521	-0.00719055	0.124772	-0.0151606	0.147521	-0.00719055	
9.24	0.124537	-0.0149065	0.146995	-0.00707859	0.124537	-0.0149065	0.146995	-0.00707859	
9.26	0.124299	-0.0146547	0.146471	-0.00696832	0.124299	-0.0146547	0.146471	-0.00696832	
9.28	0.124058	-0.0144052	0.145951	-0.00685973	0.124058	-0.0144052	0.145951	-0.00685973	
9.3	0.123815	-0.0141581	0.145435	-0.0067528	0.123815	-0.0141581	0.145435	-0.0067528	
9.32	0.123569	-0.0139135	0.144922	-0.0066475	0.123569	-0.0139135	0.144922	-0.0066475	
9.34	0.12332	-0.0136714	0.144413	-0.00654381	0.12332	-0.0136714	0.144413	-0.00654381	
9.36	0.12307	-0.0134319	0.143906	-0.0064417	0.12307	-0.0134319	0.143906	-0.0064417	
9.38	0.122816	-0.013195	0.143403	-0.00634117	0.122816	-0.013195	0.143403	-0.00634117	
9.4	0.122561	-0.0129608	0.142904	-0.00624217	0.122561	-0.0129608	0.142904	-0.00624217	
9.42	0.122303	-0.0127293	0.142407	-0.0061447	0.122303	-0.0127293	0.142407	-0.0061447	
9.44	0.122043	-0.0125006	0.141914	-0.00604874	0.122043	-0.0125006	0.141914	-0.00604874	
9.46	0.121782	-0.0122746	0.141425	-0.00595425	0.121782	-0.0122746	0.141425	-0.00595425	
9.48	0.121518	-0.0120515	0.140938	-0.00586122	0.121518	-0.0120515	0.140938	-0.00586122	
9.5	0.121253	-0.0118312	0.140455	-0.00576963	0.121253	-0.0118312	0.140455	-0.00576963	
9.52	0.120986	-0.0116138	0.139975	-0.00567947	0.120986	-0.0116138	0.139975	-0.00567947	
9.54	0.120718	-0.0113992	0.139498	-0.00559069	0.120718	-0.0113992	0.139498	-0.00559069	
9.56	0.120448	-0.0111876	0.139024	-0.0055033	0.120448	-0.0111876	0.139024	-0.0055033	
9.58	0.120177	-0.0109788	0.138553	-0.00541727	0.120177	-0.0109788	0.138553	-0.00541727	
9.6	0.119904	-0.010773	0.138085	-0.00533257	0.119904	-0.010773	0.138085	-0.00533257	
9.62	0.11963	-0.0105701	0.137621	-0.0052492	0.11963	-0.0105701	0.137621	-0.0052492	
9.64	0.119355	-0.0103702	0.137159	-0.00516712	0.119355	-0.0103702	0.137159	-0.00516712	
9.66	0.119079	-0.0101731	0.1367	-0.00508632	0.119079	-0.0101731	0.1367	-0.00508632	
9.68	0.118802	-0.00997902	0.136245	-0.00500679	0.118802	-0.00997902	0.136245	-0.00500679	
9.7	0.118524	-0.00978784	0.135792	-0.0049285	0.118524	-0.00978784	0.135792	-0.0049285	
9.72	0.118245	-0.00959959	0.135342	-0.00485143	0.118245	-0.00959959	0.135342	-0.00485143	
9.74	0.117965	-0.00941426	0.134896	-0.00477557	0.117965	-0.00941426	0.134896	-0.00477557	
9.76	0.117685	-0.00923182	0.134452	-0.0047009	0.117685	-0.00923182	0.134452	-0.0047009	
9.78	0.117404	-0.00905228	0.134011	-0.00462739	0.117404	-0.00905228	0.134011	-0.00462739	
9.8	0.117123	-0.00887562	0.133573	-0.00455505	0.117123	-0.00887562	0.133573	-0.00455505	
9.82	0.116841	-0.00870182	0.133138	-0.00448383	0.116841	-0.00870182	0.133138	-0.00448383	
9.84	0.116559	-0.00853087	0.132705	-0.00441374	0.116559	-0.00853087	0.132705	-0.00441374	
9.86	0.116277	-0.00836274	0.132276	-0.00434474	0.116277	-0.00836274	0.132276	-0.00434474	
9.88	0.115994	-0.00819742	0.131849	-0.00427683	0.115994	-0.00819742	0.131849	-0.00427683	
9.9	0.115711	-0.00803488	0.131425	-0.00420999	0.115711	-0.00803488	0.131425	-0.00420999	
9.92	0.115428	-0.0078751	0.131004	-0.0041442	0.115428	-0.0078751	0.131004	-0.0041442	
9.94	0.115145	-0.00771807	0.130585	-0.00407945	0.115145	-0.00771807	0.130585	-0.00407945	
9.96	0.114862	-0.00756374	0.130169	-0.00401572	0.114862	-0.00756374	0.130169	-0.00401572	
9.98	0.114578	-0.0074121	0.129756	-0.00395299	0.114578	-0.0074121	0.129756	-0.00395299	
