0.0785398	0.00653338	-1.41286	0	0	0	0	0.0036581	-0.859136	0.00653338	-1.41286	0	0	0	0	0.0036581	-0.859136	
0.235619	0.00436171	-0.913582	0	0	0	0	0.000749742	-0.670482	0.00436171	-0.913582	0	0	0	0	0.000749742	-0.670482	
0.392699	0.0121733	-0.674888	0	0	0	0	0.00153223	-0.543528	0.0121733	-0.674888	0	0	0	0	0.00153223	-0.543528	
0.549779	0.00273965	-0.535606	0	0	0	0	-0.000513643	-0.462678	0.00273965	-0.535606	0	0	0	0	-0.000513643	-0.462678	
0.706858	0.00482986	-0.453521	0	0	0	0	0.000495396	-0.411706	0.00482986	-0.453521	0	0	0	0	0.000495396	-0.411706	
0.863938	-0.00470039	-0.408703	0	0	0	0	0.000741275	-0.371312	-0.00470039	-0.408703	0	0	0	0	0.000741275	-0.371312	
1.02102	-0.000999854	-0.37239	0	0	0	0	0.00116572	-0.341192	-0.000999854	-0.37239	0	0	0	0	0.00116572	-0.341192	
1.1781	-0.00208265	-0.337127	0	0	0	0	-0.000112082	-0.320883	-0.00208265	-0.337127	0	0	0	0	-0.000112082	-0.320883	
1.33518	0.00333058	-0.316113	0	0	0	0	-0.000989002	-0.301954	0.00333058	-0.316113	0	0	0	0	-0.000989002	-0.301954	
1.49226	0.00337268	-0.306779	0	0	0	0	0.00158497	-0.28632	0.00337268	-0.306779	0	0	0	0	0.00158497	-0.28632	
1.64934	-0.000304413	-0.287058	0	0	0	0	0.000535266	-0.272839	-0.000304413	-0.287058	0	0	0	0	0.000535266	-0.272839	
1.80642	0.00290771	-0.271637	0	0	0	0	0.00134259	-0.264566	0.00290771	-0.271637	0	0	0	0	0.00134259	-0.264566	
1.9635	0.00731611	-0.26097	0	0	0	0	0.00254654	-0.254343	0.00731611	-0.26097	0	0	0	0	0.00254654	-0.254343	
2.12058	0.00492043	-0.251037	0	0	0	0	0.000653859	-0.246463	0.00492043	-0.251037	0	0	0	0	0.000653859	-0.246463	
2.27765	0.005057	-0.245094	0	0	0	0	0.00151993	-0.239225	0.005057	-0.245094	0	0	0	0	0.00151993	-0.239225	
2.43473	0.00252469	-0.240573	0	0	0	0	0.00128237	-0.232301	0.00252469	-0.240573	0	0	0	0	0.00128237	-0.232301	
2.59181	-0.000887581	-0.235266	0	0	0	0	0.000530144	-0.225925	-0.000887581	-0.235266	0	0	0	0	0.000530144	-0.225925	
2.74889	-0.00253869	-0.228816	0	0	0	0	0.000367152	-0.220157	-0.00253869	-0.228816	0	0	0	0	0.000367152	-0.220157	
2.90597	-0.00204491	-0.221756	0	0	0	0	0.000770195	-0.214876	-0.00204491	-0.221756	0	0	0	0	0.000770195	-0.214876	
3.06305	-0.000331821	-0.214707	0	0	0	0	0.00125011	-0.209917	-0.000331821	-0.214707	0	0	0	0	0.00125011	-0.209917	
3.22013	0.00159202	-0.208069	0	0	0	0	0.00146306	-0.205152	0.00159202	-0.208069	0	0	0	0	0.00146306	-0.205152	
3.37721	0.00312185	-0.202012	0	0	0	0	0.00133725	-0.200505	0.00312185	-0.202012	0	0	0	0	0.00133725	-0.200505	
3.53429	0.00405391	-0.196556	0	0	0	0	0.000971211	-0.195947	0.00405391	-0.196556	0	0	0	0	0.000971211	-0.195947	
3.69137	0.00442973	-0.191639	0	0	0	0	0.000512712	-0.191475	0.00442973	-0.191639	0	0	0	0	0.000512712	-0.191475	
3.84845	0.00439289	-0.187172	0	0	0	0	8.68657e-05	-0.187099	0.00439289	-0.187172	0	0	0	0	8.68657e-05	-0.187099	
4.00553	0.00410076	-0.183064	0	0	0	0	-0.000228922	-0.182833	0.00410076	-0.183064	0	0	0	0	-0.000228922	-0.182833	
4.16261	0.0036839	-0.179238	0	0	0	0	-0.000403073	-0.178688	0.0036839	-0.179238	0	0	0	0	-0.000403073	-0.178688	
4.31969	0.00323468	-0.17563	0	0	0	0	-0.000437359	-0.174673	0.00323468	-0.17563	0	0	0	0	-0.000437359	-0.174673	
4.47677	0.00281026	-0.172193	0	0	0	0	-0.00035319	-0.170793	0.00281026	-0.172193	0	0	0	0	-0.00035319	-0.170793	
4.63385	0.00244061	-0.16889	0	0	0	0	-0.000180577	-0.16705	0.00244061	-0.16889	0	0	0	0	-0.000180577	-0.16705	
4.79093	0.00213709	-0.165696	0	0	0	0	4.9308e-05	-0.163443	0.00213709	-0.165696	0	0	0	0	4.9308e-05	-0.163443	
4.94801	0.00189947	-0.162596	0	0	0	0	0.000308426	-0.159969	0.00189947	-0.162596	0	0	0	0	0.000308426	-0.159969	
5.10509	0.00172121	-0.159576	0	0	0	0	0.000573852	-0.156624	0.00172121	-0.159576	0	0	0	0	0.000573852	-0.156624	
5.26217	0.00159289	-0.15663	0	0	0	0	0.00082827	-0.153404	0.00159289	-0.15663	0	0	0	0	0.00082827	-0.153404	
5.41925	0.00150446	-0.153752	0	0	0	0	0.00105961	-0.150301	0.00150446	-0.153752	0	0	0	0	0.00105961	-0.150301	
5.57633	0.00144642	-0.150941	0	0	0	0	0.00126031	-0.147312	0.00144642	-0.150941	0	0	0	0	0.00126031	-0.147312	
5.73341	0.00141047	-0.148194	0	0	0	0	0.00142637	-0.144431	0.00141047	-0.148194	0	0	0	0	0.00142637	-0.144431	
5.89049	0.0013897	-0.145511	0	0	0	0	0.00155655	-0.141651	0.0013897	-0.145511	0	0	0	0	0.00155655	-0.141651	
6.04757	0.00137863	-0.14289	0	0	0	0	0.00165155	-0.138967	0.00137863	-0.14289	0	0	0	0	0.00165155	-0.138967	
6.20465	0.00137301	-0.140331	0	0	0	0	0.00171339	-0.136375	0.00137301	-0.140331	0	0	0	0	0.00171339	-0.136375	
6.36173	0.0013697	-0.137834	0	0	0	0	0.00174494	-0.13387	0.0013697	-0.137834	0	0	0	0	0.00174494	-0.13387	
6.5188	0.00136644	-0.135398	0	0	0	0	0.00174949	-0.131449	0.00136644	-0.135398	0	0	0	0	0.00174949	-0.131449	
6.67588	0.00136171	-0.133024	0	0	0	0	0.00173053	-0.129106	0.00136171	-0.133024	0	0	0	0	0.00173053	-0.129106	
6.83296	0.00135454	-0.13071	0	0	0	0	0.00169151	-0.126838	0.00135454	-0.13071	0	0	0	0	0.00169151	-0.126838	
6.99004	0.00134439	-0.128456	0	0	0	0	0.00163573	-0.124641	0.00134439	-0.128456	0	0	0	0	0.00163573	-0.124641	
7.14712	0.00133101	-0.12626	0	0	0	0	0.00156626	-0.122513	0.00133101	-0.12626	0	0	0	0	0.00156626	-0.122513	
7.3042	0.00131441	-0.124121	0	0	0	0	0.0014859	-0.12045	0.00131441	-0.124121	0	0	0	0	0.0014859	-0.12045	
7.46128	0.00129472	-0.12204	0	0	0	0	0.00139713	-0.118449	0.00129472	-0.12204	0	0	0	0	0.00139713	-0.118449	
7.61836	0.00127219	-0.120013	0	0	0	0	0.00130216	-0.116508	0.00127219	-0.120013	0	0	0	0	0.00130216	-0.116508	
7.77544	0.00124713	-0.11804	0	0	0	0	0.00120289	-0.114624	0.00124713	-0.11804	0	0	0	0	0.00120289	-0.114624	
7.93252	0.00121986	-0.11612	0	0	0	0	0.00110095	-0.112795	0.00121986	-0.11612	0	0	0	0	0.00110095	-0.112795	
8.0896	0.00119074	-0.114251	0	0	0	0	0.000997744	-0.111018	0.00119074	-0.114251	0	0	0	0	0.000997744	-0.111018	
8.24668	0.0011601	-0.112433	0	0	0	0	0.00089442	-0.109292	0.0011601	-0.112433	0	0	0	0	0.00089442	-0.109292	
8.40376	0.00112827	-0.110663	0	0	0	0	0.000791948	-0.107613	0.00112827	-0.110663	0	0	0	0	0.000791948	-0.107613	
8.56084	0.00109554	-0.10894	0	0	0	0	0.000691114	-0.105982	0.00109554	-0.10894	0	0	0	0	0.000691114	-0.105982	
8.71792	0.0010622	-0.107263	0	0	0	0	0.000592548	-0.104396	0.0010622	-0.107263	0	0	0	0	0.000592548	-0.104396	
8.875	0.00102849	-0.105631	0	0	0	0	0.000496752	-0.102852	0.00102849	-0.105631	0	0	0	0	0.000496752	-0.102852	
9.03208	0.000994628	-0.104042	0	0	0	0	0.00040411	-0.101349	0.000994628	-0.104042	0	0	0	0	0.00040411	-0.101349	
9.18916	0.000960815	-0.102494	0	0	0	0	0.000314907	-0.0998873	0.000960815	-0.102494	0	0	0	0	0.000314907	-0.0998873	
9.34624	0.000927211	-0.100987	0	0	0	0	0.000229348	-0.0984634	0.000927211	-0.100987	0	0	0	0	0.000229348	-0.0984634	
9.50332	0.00089396	-0.0995192	0	0	0	0	0.000147568	-0.0970765	0.00089396	-0.0995192	0	0	0	0	0.000147568	-0.0970765	
9.6604	0.000861189	-0.0980894	0	0	0	0	6.96411e-05	-0.0957253	0.000861189	-0.0980894	0	0	0	0	6.96411e-05	-0.0957253	
9.81748	0.000828993	-0.0966963	0	0	0	0	-4.40357e-06	-0.0944085	0.000828993	-0.0966963	0	0	0	0	-4.40357e-06	-0.0944085	
9.97456	0.000797455	-0.0953388	0	0	0	0	-7.4576e-05	-0.093125	0.000797455	-0.0953388	0	0	0	0	-7.4576e-05	-0.093125	
10.1316	0.000766648	-0.0940157	0	0	0	0	-0.00014092	-0.0918735	0.000766648	-0.0940157	0	0	0	0	-0.00014092	-0.0918735	
10.2887	0.000736622	-0.0927259	0	0	0	0	-0.000203504	-0.0906529	0.000736622	-0.0927259	0	0	0	0	-0.000203504	-0.0906529	
10.4458	0.000707412	-0.0914682	0	0	0	0	-0.000262415	-0.0894623	0.000707412	-0.0914682	0	0	0	0	-0.000262415	-0.0894623	
10.6029	0.000679056	-0.0902417	0	0	0	0	-0.00031776	-0.0883005	0.000679056	-0.0902417	0	0	0	0	-0.00031776	-0.0883005	
10.76	0.000651567	-0.0890453	0	0	0	0	-0.000369652	-0.0871666	0.000651567	-0.0890453	0	0	0	0	-0.000369652	-0.0871666	
10.917	0.00062496	-0.0878781	0	0	0	0	-0.000418216	-0.0860597	0.00062496	-0.0878781	0	0	0	0	-0.000418216	-0.0860597	
11.0741	0.000599243	-0.0867391	0	0	0	0	-0.000463581	-0.0849788	0.000599243	-0.0867391	0	0	0	0	-0.000463581	-0.0849788	
11.2312	0.000574408	-0.0856274	0	0	0	0	-0.000505881	-0.0839233	0.000574408	-0.0856274	0	0	0	0	-0.000505881	-0.0839233	
11.3883	0.000550456	-0.0845422	0	0	0	0	-0.000545252	-0.082892	0.000550456	-0.0845422	0	0	0	0	-0.000545252	-0.082892	
11.5454	0.000527369	-0.0834825	0	0	0	0	-0.000581826	-0.0818845	0.000527369	-0.0834825	0	0	0	0	-0.000581826	-0.0818845	
11.7024	0.000505142	-0.0824475	0	0	0	0	-0.00061574	-0.0808997	0.000505142	-0.0824475	0	0	0	0	-0.00061574	-0.0808997	
11.8595	0.000483755	-0.0814366	0	0	0	0	-0.000647124	-0.0799372	0.000483755	-0.0814366	0	0	0	0	-0.000647124	-0.0799372	
12.0166	0.00046319	-0.0804487	0	0	0	0	-0.000676108	-0.078996	0.00046319	-0.0804487	0	0	0	0	-0.000676108	-0.078996	
12.1737	0.000443426	-0.0794835	0	0	0	0	-0.000702818	-0.0780757	0.000443426	-0.0794835	0	0	0	0	-0.000702818	-0.0780757	
12.3308	0.000424443	-0.0785399	0	0	0	0	-0.000727375	-0.0771754	0.000424443	-0.0785399	0	0	0	0	-0.000727375	-0.0771754	
12.4878	0.000406217	-0.0776175	0	0	0	0	-0.000749898	-0.0762947	0.000406217	-0.0776175	0	0	0	0	-0.000749898	-0.0762947	
12.6449	0.000388725	-0.0767156	0	0	0	0	-0.0007705	-0.0754329	0.000388725	-0.0767156	0	0	0	0	-0.0007705	-0.0754329	
12.802	0.000371944	-0.0758333	0	0	0	0	-0.00078929	-0.0745894	0.000371944	-0.0758333	0	0	0	0	-0.00078929	-0.0745894	
12.9591	0.000355849	-0.0749704	0	0	0	0	-0.000806372	-0.0737637	0.000355849	-0.0749704	0	0	0	0	-0.000806372	-0.0737637	
13.1161	0.000340417	-0.074126	0	0	0	0	-0.000821845	-0.0729553	0.000340417	-0.074126	0	0	0	0	-0.000821845	-0.0729553	
13.2732	0.000325624	-0.0732997	0	0	0	0	-0.000835805	-0.0721636	0.000325624	-0.0732997	0	0	0	0	-0.000835805	-0.0721636	
13.4303	0.000311447	-0.0724909	0	0	0	0	-0.000848343	-0.0713882	0.000311447	-0.0724909	0	0	0	0	-0.000848343	-0.0713882	
13.5874	0.000297861	-0.0716991	0	0	0	0	-0.000859544	-0.0706286	0.000297861	-0.0716991	0	0	0	0	-0.000859544	-0.0706286	
13.7445	0.000284845	-0.0709238	0	0	0	0	-0.00086949	-0.0698843	0.000284845	-0.0709238	0	0	0	0	-0.00086949	-0.0698843	
13.9015	0.000272375	-0.0701645	0	0	0	0	-0.000878259	-0.0691549	0.000272375	-0.0701645	0	0	0	0	-0.000878259	-0.0691549	
14.0586	0.000260431	-0.0694207	0	0	0	0	-0.000885925	-0.0684399	0.000260431	-0.0694207	0	0	0	0	-0.000885925	-0.0684399	
14.2157	0.00024899	-0.068692	0	0	0	0	-0.000892557	-0.0677391	0.00024899	-0.068692	0	0	0	0	-0.000892557	-0.0677391	
14.3728	0.000238033	-0.067978	0	0	0	0	-0.000898218	-0.0670519	0.000238033	-0.067978	0	0	0	0	-0.000898218	-0.0670519	
14.5299	0.000227539	-0.0672781	0	0	0	0	-0.000902972	-0.0663779	0.000227539	-0.0672781	0	0	0	0	-0.000902972	-0.0663779	
14.6869	0.000217489	-0.0665921	0	0	0	0	-0.000906883	-0.065717	0.000217489	-0.0665921	0	0	0	0	-0.000906883	-0.065717	
14.844	0.000207865	-0.0659195	0	0	0	0	-0.000910001	-0.0650685	0.000207865	-0.0659195	0	0	0	0	-0.000910001	-0.0650685	
15.0011	0.000198647	-0.0652601	0	0	0	0	-0.000912377	-0.0644323	0.000198647	-0.0652601	0	0	0	0	-0.000912377	-0.0644323	
15.1582	0.00018982	-0.0646133	0	0	0	0	-0.000914061	-0.063808	0.00018982	-0.0646133	0	0	0	0	-0.000914061	-0.063808	
15.3153	0.000181366	-0.0639788	0	0	0	0	-0.000915104	-0.0631952	0.000181366	-0.0639788	0	0	0	0	-0.000915104	-0.0631952	
15.4723	0.00017327	-0.0633563	0	0	0	0	-0.000915545	-0.0625938	0.00017327	-0.0633563	0	0	0	0	-0.000915545	-0.0625938	
15.6294	0.000165516	-0.0627456	0	0	0	0	-0.000915423	-0.0620033	0.000165516	-0.0627456	0	0	0	0	-0.000915423	-0.0620033	
15.7865	0.000158089	-0.0621462	0	0	0	0	-0.000914785	-0.0614234	0.000158089	-0.0621462	0	0	0	0	-0.000914785	-0.0614234	
15.9436	0.000150975	-0.0615578	0	0	0	0	-0.000913659	-0.060854	0.000150975	-0.0615578	0	0	0	0	-0.000913659	-0.060854	
16.1007	0.000144161	-0.0609802	0	0	0	0	-0.000912088	-0.0602948	0.000144161	-0.0609802	0	0	0	0	-0.000912088	-0.0602948	
16.2577	0.000137633	-0.0604131	0	0	0	0	-0.000910096	-0.0597455	0.000137633	-0.0604131	0	0	0	0	-0.000910096	-0.0597455	
16.4148	0.000131379	-0.0598562	0	0	0	0	-0.000907719	-0.0592057	0.000131379	-0.0598562	0	0	0	0	-0.000907719	-0.0592057	
16.5719	0.000125387	-0.0593094	0	0	0	0	-0.000904977	-0.0586753	0.000125387	-0.0593094	0	0	0	0	-0.000904977	-0.0586753	
16.729	0.000119647	-0.0587721	0	0	0	0	-0.000901907	-0.058154	0.000119647	-0.0587721	0	0	0	0	-0.000901907	-0.058154	
16.8861	0.000114146	-0.0582443	0	0	0	0	-0.000898533	-0.0576418	0.000114146	-0.0582443	0	0	0	0	-0.000898533	-0.0576418	
17.0431	0.000108874	-0.0577256	0	0	0	0	-0.000894873	-0.0571382	0.000108874	-0.0577256	0	0	0	0	-0.000894873	-0.0571382	
17.2002	0.000103822	-0.057216	0	0	0	0	-0.000890948	-0.056643	0.000103822	-0.057216	0	0	0	0	-0.000890948	-0.056643	
17.3573	9.89797e-05	-0.0567151	0	0	0	0	-0.00088679	-0.0561562	9.89797e-05	-0.0567151	0	0	0	0	-0.00088679	-0.0561562	
17.5144	9.43384e-05	-0.0562227	0	0	0	0	-0.000882405	-0.0556775	9.43384e-05	-0.0562227	0	0	0	0	-0.000882405	-0.0556775	
17.6715	8.9889e-05	-0.0557387	0	0	0	0	-0.000877817	-0.0552066	8.9889e-05	-0.0557387	0	0	0	0	-0.000877817	-0.0552066	
17.8285	8.5624e-05	-0.0552627	0	0	0	0	-0.000873047	-0.0547434	8.5624e-05	-0.0552627	0	0	0	0	-0.000873047	-0.0547434	
17.9856	8.15341e-05	-0.0547947	0	0	0	0	-0.000868106	-0.0542878	8.15341e-05	-0.0547947	0	0	0	0	-0.000868106	-0.0542878	
18.1427	7.76123e-05	-0.0543343	0	0	0	0	-0.000863011	-0.0538395	7.76123e-05	-0.0543343	0	0	0	0	-0.000863011	-0.0538395	
18.2998	7.38524e-05	-0.0538815	0	0	0	0	-0.000857775	-0.0533984	7.38524e-05	-0.0538815	0	0	0	0	-0.000857775	-0.0533984	
18.4569	7.02459e-05	-0.0534361	0	0	0	0	-0.000852413	-0.0529642	7.02459e-05	-0.0534361	0	0	0	0	-0.000852413	-0.0529642	
18.6139	6.67876e-05	-0.0529979	0	0	0	0	-0.000846936	-0.0525369	6.67876e-05	-0.0529979	0	0	0	0	-0.000846936	-0.0525369	
18.771	6.34695e-05	-0.0525666	0	0	0	0	-0.000841357	-0.0521163	6.34695e-05	-0.0525666	0	0	0	0	-0.000841357	-0.0521163	
18.9281	6.02875e-05	-0.0521422	0	0	0	0	-0.000835685	-0.0517022	6.02875e-05	-0.0521422	0	0	0	0	-0.000835685	-0.0517022	
19.0852	5.72341e-05	-0.0517245	0	0	0	0	-0.000829933	-0.0512945	5.72341e-05	-0.0517245	0	0	0	0	-0.000829933	-0.0512945	
19.2423	5.43051e-05	-0.0513133	0	0	0	0	-0.000824107	-0.0508931	5.43051e-05	-0.0513133	0	0	0	0	-0.000824107	-0.0508931	
19.3993	5.14947e-05	-0.0509085	0	0	0	0	-0.000818218	-0.0504977	5.14947e-05	-0.0509085	0	0	0	0	-0.000818218	-0.0504977	
19.5564	4.87981e-05	-0.05051	0	0	0	0	-0.000812275	-0.0501083	4.87981e-05	-0.05051	0	0	0	0	-0.000812275	-0.0501083	
19.7135	4.62097e-05	-0.0501176	0	0	0	0	-0.000806285	-0.0497248	4.62097e-05	-0.0501176	0	0	0	0	-0.000806285	-0.0497248	
19.8706	4.37261e-05	-0.0497311	0	0	0	0	-0.000800255	-0.0493469	4.37261e-05	-0.0497311	0	0	0	0	-0.000800255	-0.0493469	
20.0277	4.1342e-05	-0.0493504	0	0	0	0	-0.000794191	-0.0489747	4.1342e-05	-0.0493504	0	0	0	0	-0.000794191	-0.0489747	
20.1847	3.90539e-05	-0.0489755	0	0	0	0	-0.000788102	-0.0486079	3.90539e-05	-0.0489755	0	0	0	0	-0.000788102	-0.0486079	
20.3418	3.68573e-05	-0.0486061	0	0	0	0	-0.000781991	-0.0482464	3.68573e-05	-0.0486061	0	0	0	0	-0.000781991	-0.0482464	
20.4989	3.47487e-05	-0.0482422	0	0	0	0	-0.000775866	-0.0478902	3.47487e-05	-0.0482422	0	0	0	0	-0.000775866	-0.0478902	
20.656	3.27242e-05	-0.0478836	0	0	0	0	-0.00076973	-0.0475392	3.27242e-05	-0.0478836	0	0	0	0	-0.00076973	-0.0475392	
20.8131	3.07804e-05	-0.0475304	0	0	0	0	-0.00076359	-0.0471931	3.07804e-05	-0.0475304	0	0	0	0	-0.00076359	-0.0471931	
20.9701	2.89148e-05	-0.0471821	0	0	0	0	-0.000757449	-0.046852	2.89148e-05	-0.0471821	0	0	0	0	-0.000757449	-0.046852	
21.1272	2.71228e-05	-0.0468389	0	0	0	0	-0.000751311	-0.0465156	2.71228e-05	-0.0468389	0	0	0	0	-0.000751311	-0.0465156	
21.2843	2.54022e-05	-0.0465005	0	0	0	0	-0.000745181	-0.046184	2.54022e-05	-0.0465005	0	0	0	0	-0.000745181	-0.046184	
21.4414	2.37499e-05	-0.046167	0	0	0	0	-0.000739062	-0.0458569	2.37499e-05	-0.046167	0	0	0	0	-0.000739062	-0.0458569	
21.5984	2.21627e-05	-0.0458381	0	0	0	0	-0.000732958	-0.0455344	2.21627e-05	-0.0458381	0	0	0	0	-0.000732958	-0.0455344	
21.7555	2.06389e-05	-0.0455138	0	0	0	0	-0.00072687	-0.0452164	2.06389e-05	-0.0455138	0	0	0	0	-0.00072687	-0.0452164	
21.9126	1.91749e-05	-0.0451941	0	0	0	0	-0.000720803	-0.0449026	1.91749e-05	-0.0451941	0	0	0	0	-0.000720803	-0.0449026	
22.0697	1.77695e-05	-0.0448787	0	0	0	0	-0.00071476	-0.0445931	1.77695e-05	-0.0448787	0	0	0	0	-0.00071476	-0.0445931	
22.2268	1.64191e-05	-0.0445677	0	0	0	0	-0.000708741	-0.0442878	1.64191e-05	-0.0445677	0	0	0	0	-0.000708741	-0.0442878	
22.3838	1.5122e-05	-0.044261	0	0	0	0	-0.000702751	-0.0439866	1.5122e-05	-0.044261	0	0	0	0	-0.000702751	-0.0439866	
22.5409	1.3876e-05	-0.0439583	0	0	0	0	-0.00069679	-0.0436894	1.3876e-05	-0.0439583	0	0	0	0	-0.00069679	-0.0436894	
22.698	1.26796e-05	-0.0436597	0	0	0	0	-0.000690861	-0.0433961	1.26796e-05	-0.0436597	0	0	0	0	-0.000690861	-0.0433961	
22.8551	1.15301e-05	-0.0433651	0	0	0	0	-0.000684966	-0.0431066	1.15301e-05	-0.0433651	0	0	0	0	-0.000684966	-0.0431066	
23.0122	1.0426e-05	-0.0430745	0	0	0	0	-0.000679106	-0.042821	1.0426e-05	-0.0430745	0	0	0	0	-0.000679106	-0.042821	
23.1692	9.36543e-06	-0.0427877	0	0	0	0	-0.000673282	-0.042539	9.36543e-06	-0.0427877	0	0	0	0	-0.000673282	-0.042539	
23.3263	8.34645e-06	-0.0425046	0	0	0	0	-0.000667496	-0.0422607	8.34645e-06	-0.0425046	0	0	0	0	-0.000667496	-0.0422607	
23.4834	7.3679e-06	-0.0422252	0	0	0	0	-0.00066175	-0.0419859	7.3679e-06	-0.0422252	0	0	0	0	-0.00066175	-0.0419859	
23.6405	6.42771e-06	-0.0419494	0	0	0	0	-0.000656044	-0.0417147	6.42771e-06	-0.0419494	0	0	0	0	-0.000656044	-0.0417147	
23.7976	5.52469e-06	-0.0416772	0	0	0	0	-0.000650379	-0.0414468	5.52469e-06	-0.0416772	0	0	0	0	-0.000650379	-0.0414468	
23.9546	4.6573e-06	-0.0414084	0	0	0	0	-0.000644757	-0.0411824	4.6573e-06	-0.0414084	0	0	0	0	-0.000644757	-0.0411824	
24.1117	3.8239e-06	-0.0411431	0	0	0	0	-0.000639178	-0.0409212	3.8239e-06	-0.0411431	0	0	0	0	-0.000639178	-0.0409212	
24.2688	3.02391e-06	-0.0408811	0	0	0	0	-0.000633642	-0.0406633	3.02391e-06	-0.0408811	0	0	0	0	-0.000633642	-0.0406633	
24.4259	2.25524e-06	-0.0406224	0	0	0	0	-0.000628151	-0.0404086	2.25524e-06	-0.0406224	0	0	0	0	-0.000628151	-0.0404086	
24.583	1.51724e-06	-0.0403668	0	0	0	0	-0.000622706	-0.040157	1.51724e-06	-0.0403668	0	0	0	0	-0.000622706	-0.040157	
24.74	8.07925e-07	-0.0401145	0	0	0	0	-0.000617306	-0.0399085	8.07925e-07	-0.0401145	0	0	0	0	-0.000617306	-0.0399085	
24.8971	1.27649e-07	-0.0398653	0	0	0	0	-0.000611952	-0.039663	1.27649e-07	-0.0398653	0	0	0	0	-0.000611952	-0.039663	
25.0542	-5.26208e-07	-0.0396191	0	0	0	0	-0.000606644	-0.0394205	-5.26208e-07	-0.0396191	0	0	0	0	-0.000606644	-0.0394205	
25.2113	-1.15365e-06	-0.039376	0	0	0	0	-0.000601383	-0.0391808	-1.15365e-06	-0.039376	0	0	0	0	-0.000601383	-0.0391808	
25.3684	-1.75679e-06	-0.0391358	0	0	0	0	-0.000596168	-0.0389441	-1.75679e-06	-0.0391358	0	0	0	0	-0.000596168	-0.0389441	
25.5254	-2.33524e-06	-0.0388984	0	0	0	0	-0.000591002	-0.0387102	-2.33524e-06	-0.0388984	0	0	0	0	-0.000591002	-0.0387102	
25.6825	-2.8905e-06	-0.038664	0	0	0	0	-0.000585882	-0.0384789	-2.8905e-06	-0.038664	0	0	0	0	-0.000585882	-0.0384789	
25.8396	-3.42376e-06	-0.0384322	0	0	0	0	-0.00058081	-0.0382504	-3.42376e-06	-0.0384322	0	0	0	0	-0.00058081	-0.0382504	
25.9967	-3.93548e-06	-0.0382033	0	0	0	0	-0.000575785	-0.0380246	-3.93548e-06	-0.0382033	0	0	0	0	-0.000575785	-0.0380246	
26.1538	-4.42629e-06	-0.037977	0	0	0	0	-0.000570807	-0.0378015	-4.42629e-06	-0.037977	0	0	0	0	-0.000570807	-0.0378015	
26.3108	-4.8972e-06	-0.0377534	0	0	0	0	-0.000565877	-0.0375808	-4.8972e-06	-0.0377534	0	0	0	0	-0.000565877	-0.0375808	
26.4679	-5.34939e-06	-0.0375323	0	0	0	0	-0.000560996	-0.0373627	-5.34939e-06	-0.0375323	0	0	0	0	-0.000560996	-0.0373627	
26.625	-5.78323e-06	-0.0373139	0	0	0	0	-0.00055616	-0.0371471	-5.78323e-06	-0.0373139	0	0	0	0	-0.00055616	-0.0371471	
26.7821	-6.19898e-06	-0.0370979	0	0	0	0	-0.000551373	-0.036934	-6.19898e-06	-0.0370979	0	0	0	0	-0.000551373	-0.036934	
26.9392	-6.59763e-06	-0.0368843	0	0	0	0	-0.000546632	-0.0367233	-6.59763e-06	-0.0368843	0	0	0	0	-0.000546632	-0.0367233	
27.0962	-6.97967e-06	-0.0366733	0	0	0	0	-0.000541939	-0.0365149	-6.97967e-06	-0.0366733	0	0	0	0	-0.000541939	-0.0365149	
27.2533	-7.34621e-06	-0.0364646	0	0	0	0	-0.000537292	-0.0363088	-7.34621e-06	-0.0364646	0	0	0	0	-0.000537292	-0.0363088	
27.4104	-7.69783e-06	-0.0362583	0	0	0	0	-0.000532692	-0.0361051	-7.69783e-06	-0.0362583	0	0	0	0	-0.000532692	-0.0361051	
27.5675	-8.03457e-06	-0.0360542	0	0	0	0	-0.000528138	-0.0359035	-8.03457e-06	-0.0360542	0	0	0	0	-0.000528138	-0.0359035	
27.7246	-8.35694e-06	-0.0358525	0	0	0	0	-0.000523631	-0.0357042	-8.35694e-06	-0.0358525	0	0	0	0	-0.000523631	-0.0357042	
27.8816	-8.66559e-06	-0.0356529	0	0	0	0	-0.00051917	-0.0355071	-8.66559e-06	-0.0356529	0	0	0	0	-0.00051917	-0.0355071	
28.0387	-8.96142e-06	-0.0354556	0	0	0	0	-0.000514754	-0.0353121	-8.96142e-06	-0.0354556	0	0	0	0	-0.000514754	-0.0353121	
28.1958	-9.24461e-06	-0.0352604	0	0	0	0	-0.000510383	-0.0351192	-9.24461e-06	-0.0352604	0	0	0	0	-0.000510383	-0.0351192	
28.3529	-9.51513e-06	-0.0350673	0	0	0	0	-0.000506058	-0.0349284	-9.51513e-06	-0.0350673	0	0	0	0	-0.000506058	-0.0349284	
28.51	-9.77408e-06	-0.0348763	0	0	0	0	-0.000501777	-0.0347396	-9.77408e-06	-0.0348763	0	0	0	0	-0.000501777	-0.0347396	
28.667	-1.0022e-05	-0.0346874	0	0	0	0	-0.000497541	-0.0345529	-1.0022e-05	-0.0346874	0	0	0	0	-0.000497541	-0.0345529	
28.8241	-1.02588e-05	-0.0345006	0	0	0	0	-0.000493348	-0.0343681	-1.02588e-05	-0.0345006	0	0	0	0	-0.000493348	-0.0343681	
28.9812	-1.04852e-05	-0.0343156	0	0	0	0	-0.000489199	-0.0341853	-1.04852e-05	-0.0343156	0	0	0	0	-0.000489199	-0.0341853	
29.1383	-1.07017e-05	-0.0341327	0	0	0	0	-0.000485095	-0.0340044	-1.07017e-05	-0.0341327	0	0	0	0	-0.000485095	-0.0340044	
29.2954	-1.09083e-05	-0.0339517	0	0	0	0	-0.000481033	-0.0338254	-1.09083e-05	-0.0339517	0	0	0	0	-0.000481033	-0.0338254	
29.4524	-1.11056e-05	-0.0337725	0	0	0	0	-0.000477013	-0.0336482	-1.11056e-05	-0.0337725	0	0	0	0	-0.000477013	-0.0336482	
29.6095	-1.1293e-05	-0.0335953	0	0	0	0	-0.000473036	-0.0334729	-1.1293e-05	-0.0335953	0	0	0	0	-0.000473036	-0.0334729	
29.7666	-1.14726e-05	-0.0334199	0	0	0	0	-0.000469101	-0.0332993	-1.14726e-05	-0.0334199	0	0	0	0	-0.000469101	-0.0332993	
29.9237	-1.16435e-05	-0.0332463	0	0	0	0	-0.000465207	-0.0331276	-1.16435e-05	-0.0332463	0	0	0	0	-0.000465207	-0.0331276	
30.0807	-1.18063e-05	-0.0330745	0	0	0	0	-0.000461355	-0.0329576	-1.18063e-05	-0.0330745	0	0	0	0	-0.000461355	-0.0329576	
30.2378	-1.19613e-05	-0.0329045	0	0	0	0	-0.000457543	-0.0327893	-1.19613e-05	-0.0329045	0	0	0	0	-0.000457543	-0.0327893	
30.3949	-1.21087e-05	-0.0327361	0	0	0	0	-0.000453772	-0.0326227	-1.21087e-05	-0.0327361	0	0	0	0	-0.000453772	-0.0326227	
30.552	-1.2249e-05	-0.0325695	0	0	0	0	-0.00045004	-0.0324578	-1.2249e-05	-0.0325695	0	0	0	0	-0.00045004	-0.0324578	
30.7091	-1.23818e-05	-0.0324046	0	0	0	0	-0.000446348	-0.0322945	-1.23818e-05	-0.0324046	0	0	0	0	-0.000446348	-0.0322945	
30.8661	-1.2508e-05	-0.0322413	0	0	0	0	-0.000442696	-0.0321328	-1.2508e-05	-0.0322413	0	0	0	0	-0.000442696	-0.0321328	
31.0232	-1.26282e-05	-0.0320797	0	0	0	0	-0.000439082	-0.0319728	-1.26282e-05	-0.0320797	0	0	0	0	-0.000439082	-0.0319728	
31.1803	-1.27419e-05	-0.0319196	0	0	0	0	-0.000435507	-0.0318143	-1.27419e-05	-0.0319196	0	0	0	0	-0.000435507	-0.0318143	
31.3374	-1.28491e-05	-0.0317612	0	0	0	0	-0.00043197	-0.0316574	-1.28491e-05	-0.0317612	0	0	0	0	-0.00043197	-0.0316574	
31.4945	-1.29505e-05	-0.0316042	0	0	0	0	-0.00042847	-0.031502	-1.29505e-05	-0.0316042	0	0	0	0	-0.00042847	-0.031502	
31.6515	-1.30465e-05	-0.0314488	0	0	0	0	-0.000425007	-0.0313481	-1.30465e-05	-0.0314488	0	0	0	0	-0.000425007	-0.0313481	
31.8086	-1.31375e-05	-0.031295	0	0	0	0	-0.000421581	-0.0311956	-1.31375e-05	-0.031295	0	0	0	0	-0.000421581	-0.0311956	
31.9657	-1.32223e-05	-0.0311426	0	0	0	0	-0.000418192	-0.0310447	-1.32223e-05	-0.0311426	0	0	0	0	-0.000418192	-0.0310447	
32.1228	-1.33027e-05	-0.0309917	0	0	0	0	-0.000414838	-0.0308952	-1.33027e-05	-0.0309917	0	0	0	0	-0.000414838	-0.0308952	
32.2799	-1.33778e-05	-0.0308423	0	0	0	0	-0.000411521	-0.0307471	-1.33778e-05	-0.0308423	0	0	0	0	-0.000411521	-0.0307471	
32.4369	-1.34487e-05	-0.0306942	0	0	0	0	-0.000408239	-0.0306004	-1.34487e-05	-0.0306942	0	0	0	0	-0.000408239	-0.0306004	
32.594	-1.35148e-05	-0.0305476	0	0	0	0	-0.000404991	-0.0304551	-1.35148e-05	-0.0305476	0	0	0	0	-0.000404991	-0.0304551	
32.7511	-1.35765e-05	-0.0304024	0	0	0	0	-0.000401778	-0.0303112	-1.35765e-05	-0.0304024	0	0	0	0	-0.000401778	-0.0303112	
32.9082	-1.36339e-05	-0.0302585	0	0	0	0	-0.000398599	-0.0301686	-1.36339e-05	-0.0302585	0	0	0	0	-0.000398599	-0.0301686	
33.0653	-1.36876e-05	-0.030116	0	0	0	0	-0.000395453	-0.0300273	-1.36876e-05	-0.030116	0	0	0	0	-0.000395453	-0.0300273	
33.2223	-1.37373e-05	-0.0299748	0	0	0	0	-0.000392341	-0.0298874	-1.37373e-05	-0.0299748	0	0	0	0	-0.000392341	-0.0298874	
33.3794	-1.37827e-05	-0.0298349	0	0	0	0	-0.000389261	-0.0297487	-1.37827e-05	-0.0298349	0	0	0	0	-0.000389261	-0.0297487	
33.5365	-1.38251e-05	-0.0296963	0	0	0	0	-0.000386214	-0.0296112	-1.38251e-05	-0.0296963	0	0	0	0	-0.000386214	-0.0296112	
33.6936	-1.38635e-05	-0.029559	0	0	0	0	-0.0003832	-0.0294751	-1.38635e-05	-0.029559	0	0	0	0	-0.0003832	-0.0294751	
33.8507	-1.38988e-05	-0.029423	0	0	0	0	-0.000380217	-0.0293402	-1.38988e-05	-0.029423	0	0	0	0	-0.000380217	-0.0293402	
34.0077	-1.3931e-05	-0.0292882	0	0	0	0	-0.000377266	-0.0292065	-1.3931e-05	-0.0292882	0	0	0	0	-0.000377266	-0.0292065	
34.1648	-1.39598e-05	-0.0291546	0	0	0	0	-0.000374345	-0.029074	-1.39598e-05	-0.0291546	0	0	0	0	-0.000374345	-0.029074	
34.3219	-1.39855e-05	-0.0290222	0	0	0	0	-0.000371455	-0.0289427	-1.39855e-05	-0.0290222	0	0	0	0	-0.000371455	-0.0289427	
34.479	-1.40085e-05	-0.028891	0	0	0	0	-0.000368597	-0.0288126	-1.40085e-05	-0.028891	0	0	0	0	-0.000368597	-0.0288126	
34.6361	-1.40283e-05	-0.028761	0	0	0	0	-0.000365767	-0.0286836	-1.40283e-05	-0.028761	0	0	0	0	-0.000365767	-0.0286836	
34.7931	-1.40457e-05	-0.0286322	0	0	0	0	-0.000362967	-0.0285558	-1.40457e-05	-0.0286322	0	0	0	0	-0.000362967	-0.0285558	
34.9502	-1.40602e-05	-0.0285045	0	0	0	0	-0.000360197	-0.0284291	-1.40602e-05	-0.0285045	0	0	0	0	-0.000360197	-0.0284291	
35.1073	-1.40726e-05	-0.0283779	0	0	0	0	-0.000357455	-0.0283035	-1.40726e-05	-0.0283779	0	0	0	0	-0.000357455	-0.0283035	
35.2644	-1.40824e-05	-0.0282524	0	0	0	0	-0.000354742	-0.028179	-1.40824e-05	-0.0282524	0	0	0	0	-0.000354742	-0.028179	
35.4215	-1.409e-05	-0.0281281	0	0	0	0	-0.000352057	-0.0280556	-1.409e-05	-0.0281281	0	0	0	0	-0.000352057	-0.0280556	
35.5785	-1.40951e-05	-0.0280048	0	0	0	0	-0.0003494	-0.0279333	-1.40951e-05	-0.0280048	0	0	0	0	-0.0003494	-0.0279333	
35.7356	-1.40978e-05	-0.0278826	0	0	0	0	-0.000346771	-0.027812	-1.40978e-05	-0.0278826	0	0	0	0	-0.000346771	-0.027812	
35.8927	-1.40988e-05	-0.0277614	0	0	0	0	-0.000344169	-0.0276918	-1.40988e-05	-0.0277614	0	0	0	0	-0.000344169	-0.0276918	
36.0498	-1.40977e-05	-0.0276414	0	0	0	0	-0.000341594	-0.0275726	-1.40977e-05	-0.0276414	0	0	0	0	-0.000341594	-0.0275726	
36.2069	-1.40946e-05	-0.0275223	0	0	0	0	-0.000339045	-0.0274544	-1.40946e-05	-0.0275223	0	0	0	0	-0.000339045	-0.0274544	
36.3639	-1.40897e-05	-0.0274042	0	0	0	0	-0.000336522	-0.0273372	-1.40897e-05	-0.0274042	0	0	0	0	-0.000336522	-0.0273372	
36.521	-1.4083e-05	-0.0272872	0	0	0	0	-0.000334026	-0.027221	-1.4083e-05	-0.0272872	0	0	0	0	-0.000334026	-0.027221	
36.6781	-1.40742e-05	-0.0271712	0	0	0	0	-0.000331555	-0.0271057	-1.40742e-05	-0.0271712	0	0	0	0	-0.000331555	-0.0271057	
36.8352	-1.40644e-05	-0.0270561	0	0	0	0	-0.00032911	-0.0269915	-1.40644e-05	-0.0270561	0	0	0	0	-0.00032911	-0.0269915	
36.9923	-1.40527e-05	-0.026942	0	0	0	0	-0.000326689	-0.0268782	-1.40527e-05	-0.026942	0	0	0	0	-0.000326689	-0.0268782	
37.1493	-1.40393e-05	-0.0268288	0	0	0	0	-0.000324293	-0.0267658	-1.40393e-05	-0.0268288	0	0	0	0	-0.000324293	-0.0267658	
37.3064	-1.40246e-05	-0.0267166	0	0	0	0	-0.000321922	-0.0266544	-1.40246e-05	-0.0267166	0	0	0	0	-0.000321922	-0.0266544	
37.4635	-1.40084e-05	-0.0266054	0	0	0	0	-0.000319575	-0.0265439	-1.40084e-05	-0.0266054	0	0	0	0	-0.000319575	-0.0265439	
37.6206	-1.39907e-05	-0.026495	0	0	0	0	-0.000317251	-0.0264342	-1.39907e-05	-0.026495	0	0	0	0	-0.000317251	-0.0264342	
37.7777	-1.39717e-05	-0.0263855	0	0	0	0	-0.000314952	-0.0263256	-1.39717e-05	-0.0263855	0	0	0	0	-0.000314952	-0.0263256	
37.9347	-1.39514e-05	-0.026277	0	0	0	0	-0.000312675	-0.0262177	-1.39514e-05	-0.026277	0	0	0	0	-0.000312675	-0.0262177	
38.0918	-1.39303e-05	-0.0261693	0	0	0	0	-0.000310421	-0.0261108	-1.39303e-05	-0.0261693	0	0	0	0	-0.000310421	-0.0261108	
38.2489	-1.39077e-05	-0.0260625	0	0	0	0	-0.00030819	-0.0260047	-1.39077e-05	-0.0260625	0	0	0	0	-0.00030819	-0.0260047	
38.406	-1.38842e-05	-0.0259566	0	0	0	0	-0.000305982	-0.0258995	-1.38842e-05	-0.0259566	0	0	0	0	-0.000305982	-0.0258995	
38.563	-1.38591e-05	-0.0258516	0	0	0	0	-0.000303796	-0.0257951	-1.38591e-05	-0.0258516	0	0	0	0	-0.000303796	-0.0257951	
38.7201	-1.38333e-05	-0.0257473	0	0	0	0	-0.000301632	-0.0256915	-1.38333e-05	-0.0257473	0	0	0	0	-0.000301632	-0.0256915	
38.8772	-1.38068e-05	-0.0256439	0	0	0	0	-0.000299489	-0.0255888	-1.38068e-05	-0.0256439	0	0	0	0	-0.000299489	-0.0255888	
39.0343	-1.37785e-05	-0.0255414	0	0	0	0	-0.000297367	-0.0254869	-1.37785e-05	-0.0255414	0	0	0	0	-0.000297367	-0.0254869	
39.1914	-1.37502e-05	-0.0254396	0	0	0	0	-0.000295267	-0.0253858	-1.37502e-05	-0.0254396	0	0	0	0	-0.000295267	-0.0253858	
39.3484	-1.37205e-05	-0.0253386	0	0	0	0	-0.000293188	-0.0252855	-1.37205e-05	-0.0253386	0	0	0	0	-0.000293188	-0.0252855	
39.5055	-1.36903e-05	-0.0252385	0	0	0	0	-0.000291129	-0.0251859	-1.36903e-05	-0.0252385	0	0	0	0	-0.000291129	-0.0251859	
39.6626	-1.36588e-05	-0.0251391	0	0	0	0	-0.00028909	-0.0250872	-1.36588e-05	-0.0251391	0	0	0	0	-0.00028909	-0.0250872	
39.8197	-1.3627e-05	-0.0250405	0	0	0	0	-0.000287072	-0.0249892	-1.3627e-05	-0.0250405	0	0	0	0	-0.000287072	-0.0249892	
39.9768	-1.3594e-05	-0.0249427	0	0	0	0	-0.000285073	-0.024892	-1.3594e-05	-0.0249427	0	0	0	0	-0.000285073	-0.024892	
40.1338	-1.35609e-05	-0.0248457	0	0	0	0	-0.000283095	-0.0247955	-1.35609e-05	-0.0248457	0	0	0	0	-0.000283095	-0.0247955	
40.2909	-1.35267e-05	-0.0247494	0	0	0	0	-0.000281135	-0.0246998	-1.35267e-05	-0.0247494	0	0	0	0	-0.000281135	-0.0246998	
40.448	-1.34917e-05	-0.0246538	0	0	0	0	-0.000279195	-0.0246048	-1.34917e-05	-0.0246538	0	0	0	0	-0.000279195	-0.0246048	
40.6051	-1.34566e-05	-0.024559	0	0	0	0	-0.000277273	-0.0245105	-1.34566e-05	-0.024559	0	0	0	0	-0.000277273	-0.0245105	
40.7622	-1.34205e-05	-0.0244648	0	0	0	0	-0.000275371	-0.0244169	-1.34205e-05	-0.0244648	0	0	0	0	-0.000275371	-0.0244169	
40.9192	-1.33839e-05	-0.0243714	0	0	0	0	-0.000273486	-0.024324	-1.33839e-05	-0.0243714	0	0	0	0	-0.000273486	-0.024324	
41.0763	-1.33469e-05	-0.0242787	0	0	0	0	-0.000271621	-0.0242319	-1.33469e-05	-0.0242787	0	0	0	0	-0.000271621	-0.0242319	
41.2334	-1.33093e-05	-0.0241868	0	0	0	0	-0.000269773	-0.0241405	-1.33093e-05	-0.0241868	0	0	0	0	-0.000269773	-0.0241405	
41.3905	-1.32712e-05	-0.0240955	0	0	0	0	-0.000267943	-0.0240497	-1.32712e-05	-0.0240955	0	0	0	0	-0.000267943	-0.0240497	
41.5476	-1.32326e-05	-0.0240049	0	0	0	0	-0.00026613	-0.0239596	-1.32326e-05	-0.0240049	0	0	0	0	-0.00026613	-0.0239596	
41.7046	-1.31936e-05	-0.0239149	0	0	0	0	-0.000264335	-0.0238702	-1.31936e-05	-0.0239149	0	0	0	0	-0.000264335	-0.0238702	
41.8617	-1.31542e-05	-0.0238257	0	0	0	0	-0.000262557	-0.0237814	-1.31542e-05	-0.0238257	0	0	0	0	-0.000262557	-0.0237814	
42.0188	-1.31144e-05	-0.0237371	0	0	0	0	-0.000260797	-0.0236933	-1.31144e-05	-0.0237371	0	0	0	0	-0.000260797	-0.0236933	
42.1759	-1.30742e-05	-0.0236491	0	0	0	0	-0.000259053	-0.0236058	-1.30742e-05	-0.0236491	0	0	0	0	-0.000259053	-0.0236058	
42.333	-1.30336e-05	-0.0235618	0	0	0	0	-0.000257325	-0.023519	-1.30336e-05	-0.0235618	0	0	0	0	-0.000257325	-0.023519	
42.49	-1.29928e-05	-0.0234752	0	0	0	0	-0.000255614	-0.0234328	-1.29928e-05	-0.0234752	0	0	0	0	-0.000255614	-0.0234328	
42.6471	-1.29515e-05	-0.0233891	0	0	0	0	-0.000253919	-0.0233472	-1.29515e-05	-0.0233891	0	0	0	0	-0.000253919	-0.0233472	
42.8042	-1.291e-05	-0.0233037	0	0	0	0	-0.00025224	-0.0232623	-1.291e-05	-0.0233037	0	0	0	0	-0.00025224	-0.0232623	
42.9613	-1.28682e-05	-0.023219	0	0	0	0	-0.000250577	-0.023178	-1.28682e-05	-0.023219	0	0	0	0	-0.000250577	-0.023178	
43.1184	-1.28262e-05	-0.0231348	0	0	0	0	-0.00024893	-0.0230942	-1.28262e-05	-0.0231348	0	0	0	0	-0.00024893	-0.0230942	
43.2754	-1.27838e-05	-0.0230512	0	0	0	0	-0.000247298	-0.0230111	-1.27838e-05	-0.0230512	0	0	0	0	-0.000247298	-0.0230111	
43.4325	-1.27412e-05	-0.0229683	0	0	0	0	-0.000245682	-0.0229286	-1.27412e-05	-0.0229683	0	0	0	0	-0.000245682	-0.0229286	
43.5896	-1.26985e-05	-0.0228859	0	0	0	0	-0.00024408	-0.0228466	-1.26985e-05	-0.0228859	0	0	0	0	-0.00024408	-0.0228466	
43.7467	-1.26555e-05	-0.0228042	0	0	0	0	-0.000242494	-0.0227653	-1.26555e-05	-0.0228042	0	0	0	0	-0.000242494	-0.0227653	
43.9038	-1.26123e-05	-0.022723	0	0	0	0	-0.000240922	-0.0226845	-1.26123e-05	-0.022723	0	0	0	0	-0.000240922	-0.0226845	
44.0608	-1.2569e-05	-0.0226423	0	0	0	0	-0.000239365	-0.0226043	-1.2569e-05	-0.0226423	0	0	0	0	-0.000239365	-0.0226043	
44.2179	-1.25255e-05	-0.0225622	0	0	0	0	-0.000237822	-0.0225246	-1.25255e-05	-0.0225622	0	0	0	0	-0.000237822	-0.0225246	
44.375	-1.24817e-05	-0.0224828	0	0	0	0	-0.000236293	-0.0224455	-1.24817e-05	-0.0224828	0	0	0	0	-0.000236293	-0.0224455	
44.5321	-1.24379e-05	-0.0224038	0	0	0	0	-0.000234779	-0.022367	-1.24379e-05	-0.0224038	0	0	0	0	-0.000234779	-0.022367	
44.6892	-1.2394e-05	-0.0223255	0	0	0	0	-0.000233278	-0.022289	-1.2394e-05	-0.0223255	0	0	0	0	-0.000233278	-0.022289	
44.8462	-1.23499e-05	-0.0222476	0	0	0	0	-0.000231792	-0.0222115	-1.23499e-05	-0.0222476	0	0	0	0	-0.000231792	-0.0222115	
45.0033	-1.23058e-05	-0.0221703	0	0	0	0	-0.000230318	-0.0221346	-1.23058e-05	-0.0221703	0	0	0	0	-0.000230318	-0.0221346	
45.1604	-1.22615e-05	-0.0220936	0	0	0	0	-0.000228859	-0.0220582	-1.22615e-05	-0.0220936	0	0	0	0	-0.000228859	-0.0220582	
45.3175	-1.22171e-05	-0.0220173	0	0	0	0	-0.000227412	-0.0219823	-1.22171e-05	-0.0220173	0	0	0	0	-0.000227412	-0.0219823	
45.4746	-1.21727e-05	-0.0219416	0	0	0	0	-0.000225979	-0.021907	-1.21727e-05	-0.0219416	0	0	0	0	-0.000225979	-0.021907	
45.6316	-1.21282e-05	-0.0218664	0	0	0	0	-0.000224558	-0.0218321	-1.21282e-05	-0.0218664	0	0	0	0	-0.000224558	-0.0218321	
45.7887	-1.20837e-05	-0.0217917	0	0	0	0	-0.000223151	-0.0217578	-1.20837e-05	-0.0217917	0	0	0	0	-0.000223151	-0.0217578	
45.9458	-1.20391e-05	-0.0217176	0	0	0	0	-0.000221756	-0.0216839	-1.20391e-05	-0.0217176	0	0	0	0	-0.000221756	-0.0216839	
46.1029	-1.19944e-05	-0.0216439	0	0	0	0	-0.000220373	-0.0216106	-1.19944e-05	-0.0216439	0	0	0	0	-0.000220373	-0.0216106	
46.26	-1.19497e-05	-0.0215707	0	0	0	0	-0.000219003	-0.0215378	-1.19497e-05	-0.0215707	0	0	0	0	-0.000219003	-0.0215378	
46.417	-1.19051e-05	-0.021498	0	0	0	0	-0.000217646	-0.0214654	-1.19051e-05	-0.021498	0	0	0	0	-0.000217646	-0.0214654	
46.5741	-1.18604e-05	-0.0214258	0	0	0	0	-0.0002163	-0.0213935	-1.18604e-05	-0.0214258	0	0	0	0	-0.0002163	-0.0213935	
46.7312	-1.18157e-05	-0.0213541	0	0	0	0	-0.000214967	-0.0213222	-1.18157e-05	-0.0213541	0	0	0	0	-0.000214967	-0.0213222	
46.8883	-1.1771e-05	-0.0212829	0	0	0	0	-0.000213645	-0.0212512	-1.1771e-05	-0.0212829	0	0	0	0	-0.000213645	-0.0212512	
47.0453	-1.17263e-05	-0.0212121	0	0	0	0	-0.000212335	-0.0211808	-1.17263e-05	-0.0212121	0	0	0	0	-0.000212335	-0.0211808	
47.2024	-1.16816e-05	-0.0211418	0	0	0	0	-0.000211036	-0.0211108	-1.16816e-05	-0.0211418	0	0	0	0	-0.000211036	-0.0211108	
47.3595	-1.1637e-05	-0.021072	0	0	0	0	-0.00020975	-0.0210413	-1.1637e-05	-0.021072	0	0	0	0	-0.00020975	-0.0210413	
47.5166	-1.15923e-05	-0.0210026	0	0	0	0	-0.000208474	-0.0209722	-1.15923e-05	-0.0210026	0	0	0	0	-0.000208474	-0.0209722	
47.6737	-1.15477e-05	-0.0209337	0	0	0	0	-0.00020721	-0.0209036	-1.15477e-05	-0.0209337	0	0	0	0	-0.00020721	-0.0209036	
47.8307	-1.15032e-05	-0.0208652	0	0	0	0	-0.000205956	-0.0208354	-1.15032e-05	-0.0208652	0	0	0	0	-0.000205956	-0.0208354	
47.9878	-1.14587e-05	-0.0207972	0	0	0	0	-0.000204714	-0.0207677	-1.14587e-05	-0.0207972	0	0	0	0	-0.000204714	-0.0207677	
48.1449	-1.14142e-05	-0.0207296	0	0	0	0	-0.000203482	-0.0207004	-1.14142e-05	-0.0207296	0	0	0	0	-0.000203482	-0.0207004	
48.302	-1.13698e-05	-0.0206625	0	0	0	0	-0.000202261	-0.0206335	-1.13698e-05	-0.0206625	0	0	0	0	-0.000202261	-0.0206335	
48.4591	-1.13255e-05	-0.0205957	0	0	0	0	-0.000201051	-0.020567	-1.13255e-05	-0.0205957	0	0	0	0	-0.000201051	-0.020567	
48.6161	-1.12812e-05	-0.0205295	0	0	0	0	-0.000199851	-0.020501	-1.12812e-05	-0.0205295	0	0	0	0	-0.000199851	-0.020501	
48.7732	-1.1237e-05	-0.0204636	0	0	0	0	-0.000198662	-0.0204354	-1.1237e-05	-0.0204636	0	0	0	0	-0.000198662	-0.0204354	
48.9303	-1.11929e-05	-0.0203982	0	0	0	0	-0.000197483	-0.0203703	-1.11929e-05	-0.0203982	0	0	0	0	-0.000197483	-0.0203703	
49.0874	-1.11488e-05	-0.0203331	0	0	0	0	-0.000196314	-0.0203055	-1.11488e-05	-0.0203331	0	0	0	0	-0.000196314	-0.0203055	
49.2445	-1.11048e-05	-0.0202685	0	0	0	0	-0.000195155	-0.0202412	-1.11048e-05	-0.0202685	0	0	0	0	-0.000195155	-0.0202412	
49.4015	-1.1061e-05	-0.0202043	0	0	0	0	-0.000194006	-0.0201772	-1.1061e-05	-0.0202043	0	0	0	0	-0.000194006	-0.0201772	
49.5586	-1.10172e-05	-0.0201405	0	0	0	0	-0.000192866	-0.0201137	-1.10172e-05	-0.0201405	0	0	0	0	-0.000192866	-0.0201137	
49.7157	-1.09735e-05	-0.0200771	0	0	0	0	-0.000191736	-0.0200505	-1.09735e-05	-0.0200771	0	0	0	0	-0.000191736	-0.0200505	
49.8728	-1.09299e-05	-0.0200141	0	0	0	0	-0.000190616	-0.0199878	-1.09299e-05	-0.0200141	0	0	0	0	-0.000190616	-0.0199878	
50.0299	-1.08865e-05	-0.0199515	0	0	0	0	-0.000189506	-0.0199254	-1.08865e-05	-0.0199515	0	0	0	0	-0.000189506	-0.0199254	
50.1869	-1.08431e-05	-0.0198893	0	0	0	0	-0.000188404	-0.0198635	-1.08431e-05	-0.0198893	0	0	0	0	-0.000188404	-0.0198635	
50.344	-1.07998e-05	-0.0198275	0	0	0	0	-0.000187312	-0.0198019	-1.07998e-05	-0.0198275	0	0	0	0	-0.000187312	-0.0198019	
50.5011	-1.07567e-05	-0.019766	0	0	0	0	-0.00018623	-0.0197406	-1.07567e-05	-0.019766	0	0	0	0	-0.00018623	-0.0197406	
50.6582	-1.07136e-05	-0.019705	0	0	0	0	-0.000185156	-0.0196798	-1.07136e-05	-0.019705	0	0	0	0	-0.000185156	-0.0196798	
50.8153	-1.06707e-05	-0.0196442	0	0	0	0	-0.000184092	-0.0196193	-1.06707e-05	-0.0196442	0	0	0	0	-0.000184092	-0.0196193	
50.9723	-1.06279e-05	-0.019584	0	0	0	0	-0.000183036	-0.0195593	-1.06279e-05	-0.019584	0	0	0	0	-0.000183036	-0.0195593	
51.1294	-1.05852e-05	-0.019524	0	0	0	0	-0.000181989	-0.0194995	-1.05852e-05	-0.019524	0	0	0	0	-0.000181989	-0.0194995	
51.2865	-1.05427e-05	-0.0194644	0	0	0	0	-0.000180951	-0.0194401	-1.05427e-05	-0.0194644	0	0	0	0	-0.000180951	-0.0194401	
51.4436	-1.05002e-05	-0.0194052	0	0	0	0	-0.000179921	-0.0193812	-1.05002e-05	-0.0194052	0	0	0	0	-0.000179921	-0.0193812	
51.6007	-1.0458e-05	-0.0193463	0	0	0	0	-0.0001789	-0.0193225	-1.0458e-05	-0.0193463	0	0	0	0	-0.0001789	-0.0193225	
51.7577	-1.04158e-05	-0.0192878	0	0	0	0	-0.000177887	-0.0192642	-1.04158e-05	-0.0192878	0	0	0	0	-0.000177887	-0.0192642	
51.9148	-1.03737e-05	-0.0192296	0	0	0	0	-0.000176883	-0.0192062	-1.03737e-05	-0.0192296	0	0	0	0	-0.000176883	-0.0192062	
52.0719	-1.03319e-05	-0.0191718	0	0	0	0	-0.000175887	-0.0191487	-1.03319e-05	-0.0191718	0	0	0	0	-0.000175887	-0.0191487	
52.229	-1.02901e-05	-0.0191143	0	0	0	0	-0.000174899	-0.0190914	-1.02901e-05	-0.0191143	0	0	0	0	-0.000174899	-0.0190914	
52.3861	-1.02485e-05	-0.0190572	0	0	0	0	-0.000173919	-0.0190345	-1.02485e-05	-0.0190572	0	0	0	0	-0.000173919	-0.0190345	
52.5431	-1.0207e-05	-0.0190004	0	0	0	0	-0.000172947	-0.0189779	-1.0207e-05	-0.0190004	0	0	0	0	-0.000172947	-0.0189779	
52.7002	-1.01657e-05	-0.018944	0	0	0	0	-0.000171983	-0.0189216	-1.01657e-05	-0.018944	0	0	0	0	-0.000171983	-0.0189216	
52.8573	-1.01246e-05	-0.0188879	0	0	0	0	-0.000171027	-0.0188657	-1.01246e-05	-0.0188879	0	0	0	0	-0.000171027	-0.0188657	
53.0144	-1.00835e-05	-0.0188321	0	0	0	0	-0.000170079	-0.0188102	-1.00835e-05	-0.0188321	0	0	0	0	-0.000170079	-0.0188102	
53.1715	-1.00426e-05	-0.0187767	0	0	0	0	-0.000169138	-0.0187548	-1.00426e-05	-0.0187767	0	0	0	0	-0.000169138	-0.0187548	
53.3285	-1.00019e-05	-0.0187215	0	0	0	0	-0.000168205	-0.0186999	-1.00019e-05	-0.0187215	0	0	0	0	-0.000168205	-0.0186999	
53.4856	-9.96131e-06	-0.0186667	0	0	0	0	-0.000167279	-0.0186453	-9.96131e-06	-0.0186667	0	0	0	0	-0.000167279	-0.0186453	
53.6427	-9.92083e-06	-0.0186122	0	0	0	0	-0.000166361	-0.018591	-9.92083e-06	-0.0186122	0	0	0	0	-0.000166361	-0.018591	
53.7998	-9.88056e-06	-0.0185581	0	0	0	0	-0.000165449	-0.018537	-9.88056e-06	-0.0185581	0	0	0	0	-0.000165449	-0.018537	
53.9569	-9.84043e-06	-0.0185042	0	0	0	0	-0.000164546	-0.0184833	-9.84043e-06	-0.0185042	0	0	0	0	-0.000164546	-0.0184833	
54.1139	-9.80048e-06	-0.0184507	0	0	0	0	-0.00016365	-0.01843	-9.80048e-06	-0.0184507	0	0	0	0	-0.00016365	-0.01843	
54.271	-9.76061e-06	-0.0183975	0	0	0	0	-0.00016276	-0.0183769	-9.76061e-06	-0.0183975	0	0	0	0	-0.00016276	-0.0183769	
54.4281	-9.72099e-06	-0.0183445	0	0	0	0	-0.000161878	-0.0183242	-9.72099e-06	-0.0183445	0	0	0	0	-0.000161878	-0.0183242	
54.5852	-9.68146e-06	-0.0182919	0	0	0	0	-0.000161003	-0.0182717	-9.68146e-06	-0.0182919	0	0	0	0	-0.000161003	-0.0182717	
54.7423	-9.6421e-06	-0.0182396	0	0	0	0	-0.000160134	-0.0182195	-9.6421e-06	-0.0182396	0	0	0	0	-0.000160134	-0.0182195	
54.8993	-9.6029e-06	-0.0181875	0	0	0	0	-0.000159273	-0.0181677	-9.6029e-06	-0.0181875	0	0	0	0	-0.000159273	-0.0181677	
55.0564	-9.5639e-06	-0.0181358	0	0	0	0	-0.000158418	-0.0181161	-9.5639e-06	-0.0181358	0	0	0	0	-0.000158418	-0.0181161	
55.2135	-9.52502e-06	-0.0180844	0	0	0	0	-0.00015757	-0.0180649	-9.52502e-06	-0.0180844	0	0	0	0	-0.00015757	-0.0180649	
55.3706	-9.48635e-06	-0.0180332	0	0	0	0	-0.000156728	-0.0180138	-9.48635e-06	-0.0180332	0	0	0	0	-0.000156728	-0.0180138	
55.5277	-9.44777e-06	-0.0179824	0	0	0	0	-0.000155894	-0.0179632	-9.44777e-06	-0.0179824	0	0	0	0	-0.000155894	-0.0179632	
55.6847	-9.40941e-06	-0.0179318	0	0	0	0	-0.000155065	-0.0179127	-9.40941e-06	-0.0179318	0	0	0	0	-0.000155065	-0.0179127	
55.8418	-9.3712e-06	-0.0178815	0	0	0	0	-0.000154243	-0.0178626	-9.3712e-06	-0.0178815	0	0	0	0	-0.000154243	-0.0178626	
55.9989	-9.33308e-06	-0.0178315	0	0	0	0	-0.000153428	-0.0178127	-9.33308e-06	-0.0178315	0	0	0	0	-0.000153428	-0.0178127	
56.156	-9.29523e-06	-0.0177817	0	0	0	0	-0.000152619	-0.0177632	-9.29523e-06	-0.0177817	0	0	0	0	-0.000152619	-0.0177632	
56.313	-9.25748e-06	-0.0177323	0	0	0	0	-0.000151815	-0.0177139	-9.25748e-06	-0.0177323	0	0	0	0	-0.000151815	-0.0177139	
56.4701	-9.21989e-06	-0.0176831	0	0	0	0	-0.000151019	-0.0176649	-9.21989e-06	-0.0176831	0	0	0	0	-0.000151019	-0.0176649	
56.6272	-9.1825e-06	-0.0176342	0	0	0	0	-0.000150228	-0.0176161	-9.1825e-06	-0.0176342	0	0	0	0	-0.000150228	-0.0176161	
56.7843	-9.14524e-06	-0.0175855	0	0	0	0	-0.000149444	-0.0175676	-9.14524e-06	-0.0175855	0	0	0	0	-0.000149444	-0.0175676	
56.9414	-9.10817e-06	-0.0175372	0	0	0	0	-0.000148665	-0.0175194	-9.10817e-06	-0.0175372	0	0	0	0	-0.000148665	-0.0175194	
57.0984	-9.07123e-06	-0.0174891	0	0	0	0	-0.000147892	-0.0174714	-9.07123e-06	-0.0174891	0	0	0	0	-0.000147892	-0.0174714	
57.2555	-9.03445e-06	-0.0174412	0	0	0	0	-0.000147125	-0.0174237	-9.03445e-06	-0.0174412	0	0	0	0	-0.000147125	-0.0174237	
57.4126	-8.9979e-06	-0.0173936	0	0	0	0	-0.000146364	-0.0173763	-8.9979e-06	-0.0173936	0	0	0	0	-0.000146364	-0.0173763	
57.5697	-8.96142e-06	-0.0173463	0	0	0	0	-0.000145609	-0.0173291	-8.96142e-06	-0.0173463	0	0	0	0	-0.000145609	-0.0173291	
57.7268	-8.92519e-06	-0.0172992	0	0	0	0	-0.000144859	-0.0172822	-8.92519e-06	-0.0172992	0	0	0	0	-0.000144859	-0.0172822	
57.8838	-8.88904e-06	-0.0172524	0	0	0	0	-0.000144115	-0.0172354	-8.88904e-06	-0.0172524	0	0	0	0	-0.000144115	-0.0172354	
58.0409	-8.85316e-06	-0.0172059	0	0	0	0	-0.000143377	-0.0171891	-8.85316e-06	-0.0172059	0	0	0	0	-0.000143377	-0.0171891	
58.198	-8.81738e-06	-0.0171595	0	0	0	0	-0.000142644	-0.0171428	-8.81738e-06	-0.0171595	0	0	0	0	-0.000142644	-0.0171428	
58.3551	-8.78175e-06	-0.0171135	0	0	0	0	-0.000141917	-0.0170969	-8.78175e-06	-0.0171135	0	0	0	0	-0.000141917	-0.0170969	
58.5122	-8.7463e-06	-0.0170677	0	0	0	0	-0.000141195	-0.0170512	-8.7463e-06	-0.0170677	0	0	0	0	-0.000141195	-0.0170512	
58.6692	-8.71104e-06	-0.0170221	0	0	0	0	-0.000140478	-0.0170058	-8.71104e-06	-0.0170221	0	0	0	0	-0.000140478	-0.0170058	
58.8263	-8.67591e-06	-0.0169767	0	0	0	0	-0.000139767	-0.0169606	-8.67591e-06	-0.0169767	0	0	0	0	-0.000139767	-0.0169606	
58.9834	-8.64089e-06	-0.0169317	0	0	0	0	-0.000139062	-0.0169156	-8.64089e-06	-0.0169317	0	0	0	0	-0.000139062	-0.0169156	
59.1405	-8.60614e-06	-0.0168868	0	0	0	0	-0.000138361	-0.0168709	-8.60614e-06	-0.0168868	0	0	0	0	-0.000138361	-0.0168709	
59.2976	-8.57149e-06	-0.0168422	0	0	0	0	-0.000137666	-0.0168264	-8.57149e-06	-0.0168422	0	0	0	0	-0.000137666	-0.0168264	
59.4546	-8.53708e-06	-0.0167978	0	0	0	0	-0.000136975	-0.0167822	-8.53708e-06	-0.0167978	0	0	0	0	-0.000136975	-0.0167822	
59.6117	-8.50271e-06	-0.0167537	0	0	0	0	-0.00013629	-0.0167381	-8.50271e-06	-0.0167537	0	0	0	0	-0.00013629	-0.0167381	
59.7688	-8.46858e-06	-0.0167098	0	0	0	0	-0.00013561	-0.0166943	-8.46858e-06	-0.0167098	0	0	0	0	-0.00013561	-0.0166943	
59.9259	-8.43461e-06	-0.016666	0	0	0	0	-0.000134934	-0.0166508	-8.43461e-06	-0.016666	0	0	0	0	-0.000134934	-0.0166508	
60.083	-8.40078e-06	-0.0166226	0	0	0	0	-0.000134264	-0.0166074	-8.40078e-06	-0.0166226	0	0	0	0	-0.000134264	-0.0166074	
60.24	-8.36713e-06	-0.0165794	0	0	0	0	-0.000133598	-0.0165643	-8.36713e-06	-0.0165794	0	0	0	0	-0.000133598	-0.0165643	
60.3971	-8.33361e-06	-0.0165364	0	0	0	0	-0.000132938	-0.0165214	-8.33361e-06	-0.0165364	0	0	0	0	-0.000132938	-0.0165214	
60.5542	-8.30025e-06	-0.0164935	0	0	0	0	-0.000132282	-0.0164787	-8.30025e-06	-0.0164935	0	0	0	0	-0.000132282	-0.0164787	
60.7113	-8.26706e-06	-0.016451	0	0	0	0	-0.000131631	-0.0164363	-8.26706e-06	-0.016451	0	0	0	0	-0.000131631	-0.0164363	
60.8684	-8.23401e-06	-0.0164087	0	0	0	0	-0.000130985	-0.016394	-8.23401e-06	-0.0164087	0	0	0	0	-0.000130985	-0.016394	
61.0254	-8.20119e-06	-0.0163665	0	0	0	0	-0.000130343	-0.016352	-8.20119e-06	-0.0163665	0	0	0	0	-0.000130343	-0.016352	
61.1825	-8.16848e-06	-0.0163246	0	0	0	0	-0.000129706	-0.0163102	-8.16848e-06	-0.0163246	0	0	0	0	-0.000129706	-0.0163102	
61.3396	-8.13593e-06	-0.0162829	0	0	0	0	-0.000129073	-0.0162686	-8.13593e-06	-0.0162829	0	0	0	0	-0.000129073	-0.0162686	
61.4967	-8.10351e-06	-0.0162414	0	0	0	0	-0.000128446	-0.0162273	-8.10351e-06	-0.0162414	0	0	0	0	-0.000128446	-0.0162273	
61.6538	-8.0713e-06	-0.0162001	0	0	0	0	-0.000127822	-0.0161861	-8.0713e-06	-0.0162001	0	0	0	0	-0.000127822	-0.0161861	
61.8108	-8.03922e-06	-0.016159	0	0	0	0	-0.000127203	-0.0161451	-8.03922e-06	-0.016159	0	0	0	0	-0.000127203	-0.0161451	
61.9679	-8.00726e-06	-0.0161182	0	0	0	0	-0.000126588	-0.0161044	-8.00726e-06	-0.0161182	0	0	0	0	-0.000126588	-0.0161044	
62.125	-7.97548e-06	-0.0160775	0	0	0	0	-0.000125978	-0.0160638	-7.97548e-06	-0.0160775	0	0	0	0	-0.000125978	-0.0160638	
62.2821	-7.9439e-06	-0.0160371	0	0	0	0	-0.000125372	-0.0160234	-7.9439e-06	-0.0160371	0	0	0	0	-0.000125372	-0.0160234	
62.4392	-7.91247e-06	-0.0159968	0	0	0	0	-0.000124771	-0.0159833	-7.91247e-06	-0.0159968	0	0	0	0	-0.000124771	-0.0159833	
62.5962	-7.88113e-06	-0.0159568	0	0	0	0	-0.000124173	-0.0159433	-7.88113e-06	-0.0159568	0	0	0	0	-0.000124173	-0.0159433	
62.7533	-7.84999e-06	-0.0159169	0	0	0	0	-0.00012358	-0.0159036	-7.84999e-06	-0.0159169	0	0	0	0	-0.00012358	-0.0159036	
62.9104	-7.81898e-06	-0.0158773	0	0	0	0	-0.000122991	-0.0158641	-7.81898e-06	-0.0158773	0	0	0	0	-0.000122991	-0.0158641	
63.0675	-7.78813e-06	-0.0158378	0	0	0	0	-0.000122406	-0.0158247	-7.78813e-06	-0.0158378	0	0	0	0	-0.000122406	-0.0158247	
63.2246	-7.75744e-06	-0.0157986	0	0	0	0	-0.000121825	-0.0157855	-7.75744e-06	-0.0157986	0	0	0	0	-0.000121825	-0.0157855	
63.3816	-7.72686e-06	-0.0157595	0	0	0	0	-0.000121248	-0.0157466	-7.72686e-06	-0.0157595	0	0	0	0	-0.000121248	-0.0157466	
63.5387	-7.6965e-06	-0.0157206	0	0	0	0	-0.000120676	-0.0157078	-7.6965e-06	-0.0157206	0	0	0	0	-0.000120676	-0.0157078	
63.6958	-7.66624e-06	-0.015682	0	0	0	0	-0.000120107	-0.0156692	-7.66624e-06	-0.015682	0	0	0	0	-0.000120107	-0.0156692	
63.8529	-7.63616e-06	-0.0156435	0	0	0	0	-0.000119542	-0.0156308	-7.63616e-06	-0.0156435	0	0	0	0	-0.000119542	-0.0156308	
64.01	-7.6062e-06	-0.0156051	0	0	0	0	-0.000118981	-0.0155926	-7.6062e-06	-0.0156051	0	0	0	0	-0.000118981	-0.0155926	
64.167	-7.57638e-06	-0.015567	0	0	0	0	-0.000118424	-0.0155546	-7.57638e-06	-0.015567	0	0	0	0	-0.000118424	-0.0155546	
64.3241	-7.54673e-06	-0.0155291	0	0	0	0	-0.000117871	-0.0155168	-7.54673e-06	-0.0155291	0	0	0	0	-0.000117871	-0.0155168	
64.4812	-7.51725e-06	-0.0154914	0	0	0	0	-0.000117321	-0.0154791	-7.51725e-06	-0.0154914	0	0	0	0	-0.000117321	-0.0154791	
64.6383	-7.48791e-06	-0.0154538	0	0	0	0	-0.000116776	-0.0154416	-7.48791e-06	-0.0154538	0	0	0	0	-0.000116776	-0.0154416	
64.7953	-7.45866e-06	-0.0154164	0	0	0	0	-0.000116234	-0.0154043	-7.45866e-06	-0.0154164	0	0	0	0	-0.000116234	-0.0154043	
64.9524	-7.42958e-06	-0.0153792	0	0	0	0	-0.000115696	-0.0153672	-7.42958e-06	-0.0153792	0	0	0	0	-0.000115696	-0.0153672	
65.1095	-7.40068e-06	-0.0153422	0	0	0	0	-0.000115161	-0.0153302	-7.40068e-06	-0.0153422	0	0	0	0	-0.000115161	-0.0153302	
65.2666	-7.37195e-06	-0.0153054	0	0	0	0	-0.000114631	-0.0152935	-7.37195e-06	-0.0153054	0	0	0	0	-0.000114631	-0.0152935	
65.4237	-7.3433e-06	-0.0152687	0	0	0	0	-0.000114103	-0.0152569	-7.3433e-06	-0.0152687	0	0	0	0	-0.000114103	-0.0152569	
65.5807	-7.31481e-06	-0.0152322	0	0	0	0	-0.000113579	-0.0152205	-7.31481e-06	-0.0152322	0	0	0	0	-0.000113579	-0.0152205	
65.7378	-7.28644e-06	-0.0151959	0	0	0	0	-0.000113059	-0.0151843	-7.28644e-06	-0.0151959	0	0	0	0	-0.000113059	-0.0151843	
65.8949	-7.2582e-06	-0.0151597	0	0	0	0	-0.000112543	-0.0151482	-7.2582e-06	-0.0151597	0	0	0	0	-0.000112543	-0.0151482	
66.052	-7.23012e-06	-0.0151238	0	0	0	0	-0.00011203	-0.0151123	-7.23012e-06	-0.0151238	0	0	0	0	-0.00011203	-0.0151123	
66.2091	-7.20223e-06	-0.015088	0	0	0	0	-0.00011152	-0.0150766	-7.20223e-06	-0.015088	0	0	0	0	-0.00011152	-0.0150766	
66.3661	-7.17443e-06	-0.0150523	0	0	0	0	-0.000111014	-0.015041	-7.17443e-06	-0.0150523	0	0	0	0	-0.000111014	-0.015041	
66.5232	-7.14679e-06	-0.0150168	0	0	0	0	-0.00011051	-0.0150057	-7.14679e-06	-0.0150168	0	0	0	0	-0.00011051	-0.0150057	
66.6803	-7.11928e-06	-0.0149815	0	0	0	0	-0.000110011	-0.0149704	-7.11928e-06	-0.0149815	0	0	0	0	-0.000110011	-0.0149704	
66.8374	-7.09188e-06	-0.0149464	0	0	0	0	-0.000109514	-0.0149353	-7.09188e-06	-0.0149464	0	0	0	0	-0.000109514	-0.0149353	
66.9945	-7.06463e-06	-0.0149114	0	0	0	0	-0.000109022	-0.0149005	-7.06463e-06	-0.0149114	0	0	0	0	-0.000109022	-0.0149005	
67.1515	-7.03757e-06	-0.0148766	0	0	0	0	-0.000108532	-0.0148658	-7.03757e-06	-0.0148766	0	0	0	0	-0.000108532	-0.0148658	
67.3086	-7.01056e-06	-0.014842	0	0	0	0	-0.000108046	-0.0148312	-7.01056e-06	-0.014842	0	0	0	0	-0.000108046	-0.0148312	
67.4657	-6.98375e-06	-0.0148075	0	0	0	0	-0.000107562	-0.0147967	-6.98375e-06	-0.0148075	0	0	0	0	-0.000107562	-0.0147967	
67.6228	-6.95707e-06	-0.0147731	0	0	0	0	-0.000107082	-0.0147625	-6.95707e-06	-0.0147731	0	0	0	0	-0.000107082	-0.0147625	
67.7799	-6.93051e-06	-0.014739	0	0	0	0	-0.000106606	-0.0147284	-6.93051e-06	-0.014739	0	0	0	0	-0.000106606	-0.0147284	
67.9369	-6.90409e-06	-0.014705	0	0	0	0	-0.000106132	-0.0146945	-6.90409e-06	-0.014705	0	0	0	0	-0.000106132	-0.0146945	
68.094	-6.87781e-06	-0.0146711	0	0	0	0	-0.000105661	-0.0146607	-6.87781e-06	-0.0146711	0	0	0	0	-0.000105661	-0.0146607	
68.2511	-6.85159e-06	-0.0146374	0	0	0	0	-0.000105194	-0.0146271	-6.85159e-06	-0.0146374	0	0	0	0	-0.000105194	-0.0146271	
68.4082	-6.82557e-06	-0.0146039	0	0	0	0	-0.000104729	-0.0145936	-6.82557e-06	-0.0146039	0	0	0	0	-0.000104729	-0.0145936	
68.5653	-6.79968e-06	-0.0145705	0	0	0	0	-0.000104267	-0.0145603	-6.79968e-06	-0.0145705	0	0	0	0	-0.000104267	-0.0145603	
68.7223	-6.77389e-06	-0.0145372	0	0	0	0	-0.000103809	-0.0145271	-6.77389e-06	-0.0145372	0	0	0	0	-0.000103809	-0.0145271	
68.8794	-6.74827e-06	-0.0145042	0	0	0	0	-0.000103354	-0.0144941	-6.74827e-06	-0.0145042	0	0	0	0	-0.000103354	-0.0144941	
69.0365	-6.7227e-06	-0.0144712	0	0	0	0	-0.000102901	-0.0144612	-6.7227e-06	-0.0144712	0	0	0	0	-0.000102901	-0.0144612	
69.1936	-6.69731e-06	-0.0144384	0	0	0	0	-0.000102452	-0.0144285	-6.69731e-06	-0.0144384	0	0	0	0	-0.000102452	-0.0144285	
69.3507	-6.67211e-06	-0.0144058	0	0	0	0	-0.000102005	-0.0143959	-6.67211e-06	-0.0144058	0	0	0	0	-0.000102005	-0.0143959	
69.5077	-6.64693e-06	-0.0143733	0	0	0	0	-0.000101561	-0.0143635	-6.64693e-06	-0.0143733	0	0	0	0	-0.000101561	-0.0143635	
69.6648	-6.62192e-06	-0.0143409	0	0	0	0	-0.00010112	-0.0143312	-6.62192e-06	-0.0143409	0	0	0	0	-0.00010112	-0.0143312	
69.8219	-6.59709e-06	-0.0143087	0	0	0	0	-0.000100682	-0.0142991	-6.59709e-06	-0.0143087	0	0	0	0	-0.000100682	-0.0142991	
69.979	-6.57229e-06	-0.0142767	0	0	0	0	-0.000100247	-0.0142671	-6.57229e-06	-0.0142767	0	0	0	0	-0.000100247	-0.0142671	
70.1361	-6.54768e-06	-0.0142448	0	0	0	0	-9.9814e-05	-0.0142352	-6.54768e-06	-0.0142448	0	0	0	0	-9.9814e-05	-0.0142352	
70.2931	-6.52317e-06	-0.014213	0	0	0	0	-9.93841e-05	-0.0142035	-6.52317e-06	-0.014213	0	0	0	0	-9.93841e-05	-0.0142035	
70.4502	-6.49874e-06	-0.0141814	0	0	0	0	-9.89568e-05	-0.014172	-6.49874e-06	-0.0141814	0	0	0	0	-9.89568e-05	-0.014172	
70.6073	-6.47446e-06	-0.0141499	0	0	0	0	-9.85327e-05	-0.0141405	-6.47446e-06	-0.0141499	0	0	0	0	-9.85327e-05	-0.0141405	
70.7644	-6.45032e-06	-0.0141185	0	0	0	0	-9.81107e-05	-0.0141092	-6.45032e-06	-0.0141185	0	0	0	0	-9.81107e-05	-0.0141092	
70.9215	-6.42627e-06	-0.0140873	0	0	0	0	-9.76919e-05	-0.0140781	-6.42627e-06	-0.0140873	0	0	0	0	-9.76919e-05	-0.0140781	
71.0785	-6.40238e-06	-0.0140562	0	0	0	0	-9.72756e-05	-0.0140471	-6.40238e-06	-0.0140562	0	0	0	0	-9.72756e-05	-0.0140471	
71.2356	-6.37862e-06	-0.0140253	0	0	0	0	-9.68619e-05	-0.0140162	-6.37862e-06	-0.0140253	0	0	0	0	-9.68619e-05	-0.0140162	
71.3927	-6.35496e-06	-0.0139945	0	0	0	0	-9.64504e-05	-0.0139854	-6.35496e-06	-0.0139945	0	0	0	0	-9.64504e-05	-0.0139854	
71.5498	-6.33138e-06	-0.0139638	0	0	0	0	-9.60419e-05	-0.0139548	-6.33138e-06	-0.0139638	0	0	0	0	-9.60419e-05	-0.0139548	
71.7069	-6.30795e-06	-0.0139333	0	0	0	0	-9.5636e-05	-0.0139243	-6.30795e-06	-0.0139333	0	0	0	0	-9.5636e-05	-0.0139243	
71.8639	-6.28463e-06	-0.0139029	0	0	0	0	-9.52327e-05	-0.013894	-6.28463e-06	-0.0139029	0	0	0	0	-9.52327e-05	-0.013894	
72.021	-6.26145e-06	-0.0138726	0	0	0	0	-9.48314e-05	-0.0138638	-6.26145e-06	-0.0138726	0	0	0	0	-9.48314e-05	-0.0138638	
72.1781	-6.23832e-06	-0.0138425	0	0	0	0	-9.44331e-05	-0.0138337	-6.23832e-06	-0.0138425	0	0	0	0	-9.44331e-05	-0.0138337	
72.3352	-6.21539e-06	-0.0138125	0	0	0	0	-9.4037e-05	-0.0138037	-6.21539e-06	-0.0138125	0	0	0	0	-9.4037e-05	-0.0138037	
72.4923	-6.19255e-06	-0.0137826	0	0	0	0	-9.36433e-05	-0.0137739	-6.19255e-06	-0.0137826	0	0	0	0	-9.36433e-05	-0.0137739	
72.6493	-6.1698e-06	-0.0137529	0	0	0	0	-9.32521e-05	-0.0137443	-6.1698e-06	-0.0137529	0	0	0	0	-9.32521e-05	-0.0137443	
72.8064	-6.14717e-06	-0.0137232	0	0	0	0	-9.28635e-05	-0.0137147	-6.14717e-06	-0.0137232	0	0	0	0	-9.28635e-05	-0.0137147	
72.9635	-6.12463e-06	-0.0136937	0	0	0	0	-9.24774e-05	-0.0136853	-6.12463e-06	-0.0136937	0	0	0	0	-9.24774e-05	-0.0136853	
73.1206	-6.10223e-06	-0.0136644	0	0	0	0	-9.20933e-05	-0.0136559	-6.10223e-06	-0.0136644	0	0	0	0	-9.20933e-05	-0.0136559	
73.2776	-6.07994e-06	-0.0136351	0	0	0	0	-9.17116e-05	-0.0136267	-6.07994e-06	-0.0136351	0	0	0	0	-9.17116e-05	-0.0136267	
73.4347	-6.05774e-06	-0.013606	0	0	0	0	-9.13325e-05	-0.0135977	-6.05774e-06	-0.013606	0	0	0	0	-9.13325e-05	-0.0135977	
73.5918	-6.0357e-06	-0.013577	0	0	0	0	-9.09558e-05	-0.0135688	-6.0357e-06	-0.013577	0	0	0	0	-9.09558e-05	-0.0135688	
73.7489	-6.01371e-06	-0.0135482	0	0	0	0	-9.05811e-05	-0.0135399	-6.01371e-06	-0.0135482	0	0	0	0	-9.05811e-05	-0.0135399	
73.906	-5.99188e-06	-0.0135194	0	0	0	0	-9.02088e-05	-0.0135112	-5.99188e-06	-0.0135194	0	0	0	0	-9.02088e-05	-0.0135112	
74.063	-5.97014e-06	-0.0134908	0	0	0	0	-8.98386e-05	-0.0134826	-5.97014e-06	-0.0134908	0	0	0	0	-8.98386e-05	-0.0134826	
74.2201	-5.94846e-06	-0.0134623	0	0	0	0	-8.94707e-05	-0.0134542	-5.94846e-06	-0.0134623	0	0	0	0	-8.94707e-05	-0.0134542	
74.3772	-5.92692e-06	-0.0134339	0	0	0	0	-8.91053e-05	-0.0134259	-5.92692e-06	-0.0134339	0	0	0	0	-8.91053e-05	-0.0134259	
74.5343	-5.90555e-06	-0.0134056	0	0	0	0	-8.87418e-05	-0.0133977	-5.90555e-06	-0.0134056	0	0	0	0	-8.87418e-05	-0.0133977	
74.6914	-5.88423e-06	-0.0133775	0	0	0	0	-8.83807e-05	-0.0133696	-5.88423e-06	-0.0133775	0	0	0	0	-8.83807e-05	-0.0133696	
74.8484	-5.863e-06	-0.0133495	0	0	0	0	-8.80216e-05	-0.0133416	-5.863e-06	-0.0133495	0	0	0	0	-8.80216e-05	-0.0133416	
75.0055	-5.84188e-06	-0.0133216	0	0	0	0	-8.76648e-05	-0.0133137	-5.84188e-06	-0.0133216	0	0	0	0	-8.76648e-05	-0.0133137	
75.1626	-5.82087e-06	-0.0132938	0	0	0	0	-8.73099e-05	-0.013286	-5.82087e-06	-0.0132938	0	0	0	0	-8.73099e-05	-0.013286	
75.3197	-5.79997e-06	-0.0132661	0	0	0	0	-8.69575e-05	-0.0132583	-5.79997e-06	-0.0132661	0	0	0	0	-8.69575e-05	-0.0132583	
75.4768	-5.77923e-06	-0.0132385	0	0	0	0	-8.66069e-05	-0.0132308	-5.77923e-06	-0.0132385	0	0	0	0	-8.66069e-05	-0.0132308	
75.6338	-5.75848e-06	-0.0132111	0	0	0	0	-8.62587e-05	-0.0132034	-5.75848e-06	-0.0132111	0	0	0	0	-8.62587e-05	-0.0132034	
75.7909	-5.73789e-06	-0.0131837	0	0	0	0	-8.59123e-05	-0.0131761	-5.73789e-06	-0.0131837	0	0	0	0	-8.59123e-05	-0.0131761	
75.948	-5.7174e-06	-0.0131565	0	0	0	0	-8.5568e-05	-0.0131489	-5.7174e-06	-0.0131565	0	0	0	0	-8.5568e-05	-0.0131489	
76.1051	-5.69703e-06	-0.0131294	0	0	0	0	-8.52258e-05	-0.0131219	-5.69703e-06	-0.0131294	0	0	0	0	-8.52258e-05	-0.0131219	
76.2622	-5.67672e-06	-0.0131024	0	0	0	0	-8.48856e-05	-0.0130949	-5.67672e-06	-0.0131024	0	0	0	0	-8.48856e-05	-0.0130949	
76.4192	-5.65657e-06	-0.0130755	0	0	0	0	-8.45474e-05	-0.0130681	-5.65657e-06	-0.0130755	0	0	0	0	-8.45474e-05	-0.0130681	
76.5763	-5.63641e-06	-0.0130487	0	0	0	0	-8.42112e-05	-0.0130414	-5.63641e-06	-0.0130487	0	0	0	0	-8.42112e-05	-0.0130414	
76.7334	-5.61646e-06	-0.0130221	0	0	0	0	-8.3877e-05	-0.0130147	-5.61646e-06	-0.0130221	0	0	0	0	-8.3877e-05	-0.0130147	
76.8905	-5.59654e-06	-0.0129955	0	0	0	0	-8.35448e-05	-0.0129882	-5.59654e-06	-0.0129955	0	0	0	0	-8.35448e-05	-0.0129882	
77.0476	-5.57676e-06	-0.012969	0	0	0	0	-8.32144e-05	-0.0129618	-5.57676e-06	-0.012969	0	0	0	0	-8.32144e-05	-0.0129618	
77.2046	-5.55705e-06	-0.0129427	0	0	0	0	-8.28861e-05	-0.0129355	-5.55705e-06	-0.0129427	0	0	0	0	-8.28861e-05	-0.0129355	
77.3617	-5.5374e-06	-0.0129164	0	0	0	0	-8.25596e-05	-0.0129093	-5.5374e-06	-0.0129164	0	0	0	0	-8.25596e-05	-0.0129093	
77.5188	-5.51794e-06	-0.0128903	0	0	0	0	-8.22351e-05	-0.0128832	-5.51794e-06	-0.0128903	0	0	0	0	-8.22351e-05	-0.0128832	
77.6759	-5.4985e-06	-0.0128643	0	0	0	0	-8.19125e-05	-0.0128572	-5.4985e-06	-0.0128643	0	0	0	0	-8.19125e-05	-0.0128572	
77.833	-5.47919e-06	-0.0128384	0	0	0	0	-8.15916e-05	-0.0128314	-5.47919e-06	-0.0128384	0	0	0	0	-8.15916e-05	-0.0128314	
77.99	-5.45993e-06	-0.0128125	0	0	0	0	-8.12728e-05	-0.0128056	-5.45993e-06	-0.0128125	0	0	0	0	-8.12728e-05	-0.0128056	
78.1471	-5.44082e-06	-0.0127868	0	0	0	0	-8.09557e-05	-0.0127799	-5.44082e-06	-0.0127868	0	0	0	0	-8.09557e-05	-0.0127799	
78.3042	-5.42179e-06	-0.0127612	0	0	0	0	-8.06404e-05	-0.0127543	-5.42179e-06	-0.0127612	0	0	0	0	-8.06404e-05	-0.0127543	
78.4613	-5.40286e-06	-0.0127357	0	0	0	0	-8.0327e-05	-0.0127289	-5.40286e-06	-0.0127357	0	0	0	0	-8.0327e-05	-0.0127289	
