-10	-0.0259904	-0.000305716	-0.129738	0.00280724	-0.0259904	-0.000305716	-0.129738	0.00280724	
-9.98	-0.0260472	-0.000311144	-0.130189	0.00286194	-0.0260472	-0.000311144	-0.130189	0.00286194	
-9.96	-0.0261044	-0.000316666	-0.130644	0.0029178	-0.0261044	-0.000316666	-0.130644	0.0029178	
-9.94	-0.0261617	-0.000322284	-0.131103	0.00297485	-0.0261617	-0.000322284	-0.131103	0.00297485	
-9.92	-0.0262193	-0.000328	-0.131566	0.00303313	-0.0262193	-0.000328	-0.131566	0.00303313	
-9.9	-0.0262772	-0.000333815	-0.132032	0.00309265	-0.0262772	-0.000333815	-0.132032	0.00309265	
-9.88	-0.0263353	-0.000339732	-0.132503	0.00315346	-0.0263353	-0.000339732	-0.132503	0.00315346	
-9.86	-0.0263936	-0.000345752	-0.132978	0.00321558	-0.0263936	-0.000345752	-0.132978	0.00321558	
-9.84	-0.0264522	-0.000351876	-0.133456	0.00327904	-0.0264522	-0.000351876	-0.133456	0.00327904	
-9.82	-0.026511	-0.000358108	-0.133939	0.00334389	-0.026511	-0.000358108	-0.133939	0.00334389	
-9.8	-0.0265701	-0.000364448	-0.134427	0.00341015	-0.0265701	-0.000364448	-0.134427	0.00341015	
-9.78	-0.0266295	-0.0003709	-0.134918	0.00347785	-0.0266295	-0.0003709	-0.134918	0.00347785	
-9.76	-0.0266891	-0.000377464	-0.135414	0.00354704	-0.0266891	-0.000377464	-0.135414	0.00354704	
-9.74	-0.0267489	-0.000384143	-0.135914	0.00361775	-0.0267489	-0.000384143	-0.135914	0.00361775	
-9.72	-0.026809	-0.00039094	-0.136419	0.00369003	-0.026809	-0.00039094	-0.136419	0.00369003	
-9.7	-0.0268694	-0.000397855	-0.136928	0.0037639	-0.0268694	-0.000397855	-0.136928	0.0037639	
-9.68	-0.02693	-0.000404892	-0.137442	0.00383941	-0.02693	-0.000404892	-0.137442	0.00383941	
-9.66	-0.0269908	-0.000412053	-0.13796	0.0039166	-0.0269908	-0.000412053	-0.13796	0.0039166	
-9.64	-0.0270519	-0.000419339	-0.138483	0.00399552	-0.0270519	-0.000419339	-0.138483	0.00399552	
-9.62	-0.0271133	-0.000426754	-0.139011	0.00407621	-0.0271133	-0.000426754	-0.139011	0.00407621	
-9.6	-0.027175	-0.000434299	-0.139544	0.00415871	-0.027175	-0.000434299	-0.139544	0.00415871	
-9.58	-0.0272369	-0.000441977	-0.140081	0.00424308	-0.0272369	-0.000441977	-0.140081	0.00424308	
-9.56	-0.027299	-0.00044979	-0.140624	0.00432935	-0.027299	-0.00044979	-0.140624	0.00432935	
-9.54	-0.0273615	-0.000457741	-0.141171	0.00441758	-0.0273615	-0.000457741	-0.141171	0.00441758	
-9.52	-0.0274241	-0.000465833	-0.141724	0.00450783	-0.0274241	-0.000465833	-0.141724	0.00450783	
-9.5	-0.0274871	-0.000474067	-0.142282	0.00460014	-0.0274871	-0.000474067	-0.142282	0.00460014	
-9.48	-0.0275503	-0.000482447	-0.142845	0.00469456	-0.0275503	-0.000482447	-0.142845	0.00469456	
-9.46	-0.0276138	-0.000490975	-0.143414	0.00479116	-0.0276138	-0.000490975	-0.143414	0.00479116	
-9.44	-0.0276775	-0.000499653	-0.143988	0.00488999	-0.0276775	-0.000499653	-0.143988	0.00488999	
-9.42	-0.0277415	-0.000508485	-0.144567	0.00499111	-0.0277415	-0.000508485	-0.144567	0.00499111	
-9.4	-0.0278058	-0.000517474	-0.145153	0.00509459	-0.0278058	-0.000517474	-0.145153	0.00509459	
-9.38	-0.0278703	-0.000526622	-0.145743	0.00520048	-0.0278703	-0.000526622	-0.145743	0.00520048	
-9.36	-0.0279351	-0.000535932	-0.14634	0.00530885	-0.0279351	-0.000535932	-0.14634	0.00530885	
-9.34	-0.0280002	-0.000545407	-0.146942	0.00541976	-0.0280002	-0.000545407	-0.146942	0.00541976	
-9.32	-0.0280655	-0.000555049	-0.147551	0.00553329	-0.0280655	-0.000555049	-0.147551	0.00553329	
-9.3	-0.0281311	-0.000564863	-0.148165	0.00564951	-0.0281311	-0.000564863	-0.148165	0.00564951	
-9.28	-0.028197	-0.000574852	-0.148785	0.00576849	-0.028197	-0.000574852	-0.148785	0.00576849	
-9.26	-0.0282632	-0.000585017	-0.149412	0.00589031	-0.0282632	-0.000585017	-0.149412	0.00589031	
-9.24	-0.0283296	-0.000595363	-0.150045	0.00601504	-0.0283296	-0.000595363	-0.150045	0.00601504	
-9.22	-0.0283963	-0.000605893	-0.150684	0.00614277	-0.0283963	-0.000605893	-0.150684	0.00614277	
-9.2	-0.0284632	-0.00061661	-0.15133	0.00627357	-0.0284632	-0.00061661	-0.15133	0.00627357	
-9.18	-0.0285304	-0.000627517	-0.151982	0.00640754	-0.0285304	-0.000627517	-0.151982	0.00640754	
-9.16	-0.0285979	-0.000638618	-0.152641	0.00654476	-0.0285979	-0.000638618	-0.152641	0.00654476	
-9.14	-0.0286657	-0.000649917	-0.153307	0.00668533	-0.0286657	-0.000649917	-0.153307	0.00668533	
-9.12	-0.0287337	-0.000661416	-0.15398	0.00682933	-0.0287337	-0.000661416	-0.15398	0.00682933	
-9.1	-0.028802	-0.00067312	-0.154659	0.00697687	-0.028802	-0.00067312	-0.154659	0.00697687	
-9.08	-0.0288706	-0.000685031	-0.155346	0.00712805	-0.0288706	-0.000685031	-0.155346	0.00712805	
-9.06	-0.0289394	-0.000697155	-0.15604	0.00728296	-0.0289394	-0.000697155	-0.15604	0.00728296	
-9.04	-0.0290085	-0.000709494	-0.156741	0.00744172	-0.0290085	-0.000709494	-0.156741	0.00744172	
-9.02	-0.0290779	-0.000722052	-0.15745	0.00760444	-0.0290779	-0.000722052	-0.15745	0.00760444	
-9	-0.0291475	-0.000734834	-0.158167	0.00777124	-0.0291475	-0.000734834	-0.158167	0.00777124	
-8.98	-0.0292174	-0.000747843	-0.15889	0.00794222	-0.0292174	-0.000747843	-0.15889	0.00794222	
-8.96	-0.0292876	-0.000761082	-0.159622	0.00811751	-0.0292876	-0.000761082	-0.159622	0.00811751	
-8.94	-0.029358	-0.000774557	-0.160362	0.00829724	-0.029358	-0.000774557	-0.160362	0.00829724	
-8.92	-0.0294287	-0.000788271	-0.16111	0.00848154	-0.0294287	-0.000788271	-0.16111	0.00848154	
-8.9	-0.0294997	-0.000802229	-0.161865	0.00867055	-0.0294997	-0.000802229	-0.161865	0.00867055	
-8.88	-0.0295709	-0.000816434	-0.16263	0.00886439	-0.0295709	-0.000816434	-0.16263	0.00886439	
-8.86	-0.0296424	-0.00083089	-0.163402	0.00906323	-0.0296424	-0.00083089	-0.163402	0.00906323	
-8.84	-0.0297141	-0.000845603	-0.164183	0.00926719	-0.0297141	-0.000845603	-0.164183	0.00926719	
-8.82	-0.0297861	-0.000860577	-0.164973	0.00947645	-0.0297861	-0.000860577	-0.164973	0.00947645	
-8.8	-0.0298584	-0.000875815	-0.165772	0.00969116	-0.0298584	-0.000875815	-0.165772	0.00969116	
-8.78	-0.0299309	-0.000891323	-0.166579	0.00991147	-0.0299309	-0.000891323	-0.166579	0.00991147	
-8.76	-0.0300036	-0.000907104	-0.167396	0.0101376	-0.0300036	-0.000907104	-0.167396	0.0101376	
-8.74	-0.0300767	-0.000923165	-0.168222	0.0103696	-0.0300767	-0.000923165	-0.168222	0.0103696	
-8.72	-0.0301499	-0.000939508	-0.169057	0.0106078	-0.0301499	-0.000939508	-0.169057	0.0106078	
-8.7	-0.0302234	-0.000956139	-0.169902	0.0108524	-0.0302234	-0.000956139	-0.169902	0.0108524	
-8.68	-0.0302972	-0.000973063	-0.170756	0.0111034	-0.0302972	-0.000973063	-0.170756	0.0111034	
-8.66	-0.0303712	-0.000990285	-0.171621	0.0113612	-0.0303712	-0.000990285	-0.171621	0.0113612	
-8.64	-0.0304454	-0.00100781	-0.172495	0.0116259	-0.0304454	-0.00100781	-0.172495	0.0116259	
-8.62	-0.0305199	-0.00102564	-0.17338	0.0118978	-0.0305199	-0.00102564	-0.17338	0.0118978	
-8.6	-0.0305946	-0.00104378	-0.174275	0.0121771	-0.0305946	-0.00104378	-0.174275	0.0121771	
-8.58	-0.0306695	-0.00106224	-0.17518	0.012464	-0.0306695	-0.00106224	-0.17518	0.012464	
-8.56	-0.0307447	-0.00108102	-0.176096	0.0127587	-0.0307447	-0.00108102	-0.176096	0.0127587	
-8.54	-0.03082	-0.00110013	-0.177023	0.0130615	-0.03082	-0.00110013	-0.177023	0.0130615	
-8.52	-0.0308956	-0.00111957	-0.177961	0.0133727	-0.0308956	-0.00111957	-0.177961	0.0133727	
-8.5	-0.0309715	-0.00113935	-0.17891	0.0136925	-0.0309715	-0.00113935	-0.17891	0.0136925	
-8.48	-0.0310475	-0.00115947	-0.17987	0.0140213	-0.0310475	-0.00115947	-0.17987	0.0140213	
-8.46	-0.0311237	-0.00117994	-0.180842	0.0143592	-0.0311237	-0.00117994	-0.180842	0.0143592	
-8.44	-0.0312002	-0.00120076	-0.181826	0.0147066	-0.0312002	-0.00120076	-0.181826	0.0147066	
-8.42	-0.0312768	-0.00122194	-0.182821	0.0150638	-0.0312768	-0.00122194	-0.182821	0.0150638	
-8.4	-0.0313537	-0.00124348	-0.183829	0.0154312	-0.0313537	-0.00124348	-0.183829	0.0154312	
-8.38	-0.0314307	-0.00126539	-0.184849	0.015809	-0.0314307	-0.00126539	-0.184849	0.015809	
-8.36	-0.0315079	-0.00128767	-0.185881	0.0161976	-0.0315079	-0.00128767	-0.185881	0.0161976	
-8.34	-0.0315853	-0.00131034	-0.186926	0.0165974	-0.0315853	-0.00131034	-0.186926	0.0165974	
-8.32	-0.0316628	-0.00133338	-0.187983	0.0170087	-0.0316628	-0.00133338	-0.187983	0.0170087	
-8.3	-0.0317406	-0.00135682	-0.189054	0.0174319	-0.0317406	-0.00135682	-0.189054	0.0174319	
-8.28	-0.0318185	-0.00138065	-0.190138	0.0178675	-0.0318185	-0.00138065	-0.190138	0.0178675	
-8.26	-0.0318965	-0.00140488	-0.191235	0.0183157	-0.0318965	-0.00140488	-0.191235	0.0183157	
-8.24	-0.0319747	-0.00142951	-0.192346	0.0187772	-0.0319747	-0.00142951	-0.192346	0.0187772	
-8.22	-0.032053	-0.00145455	-0.19347	0.0192523	-0.032053	-0.00145455	-0.19347	0.0192523	
-8.2	-0.0321315	-0.00148001	-0.194609	0.0197414	-0.0321315	-0.00148001	-0.194609	0.0197414	
-8.18	-0.0322101	-0.00150589	-0.195762	0.0202451	-0.0322101	-0.00150589	-0.195762	0.0202451	
-8.16	-0.0322888	-0.0015322	-0.196929	0.0207639	-0.0322888	-0.0015322	-0.196929	0.0207639	
-8.14	-0.0323676	-0.00155893	-0.19811	0.0212983	-0.0323676	-0.00155893	-0.19811	0.0212983	
-8.12	-0.0324465	-0.0015861	-0.199307	0.0218488	-0.0324465	-0.0015861	-0.199307	0.0218488	
-8.1	-0.0325255	-0.00161371	-0.200518	0.0224159	-0.0325255	-0.00161371	-0.200518	0.0224159	
-8.08	-0.0326046	-0.00164176	-0.201745	0.0230004	-0.0326046	-0.00164176	-0.201745	0.0230004	
-8.06	-0.0326838	-0.00167026	-0.202987	0.0236027	-0.0326838	-0.00167026	-0.202987	0.0236027	
-8.04	-0.032763	-0.00169921	-0.204244	0.0242235	-0.032763	-0.00169921	-0.204244	0.0242235	
-8.02	-0.0328423	-0.00172862	-0.205517	0.0248635	-0.0328423	-0.00172862	-0.205517	0.0248635	
-8	-0.0329216	-0.0017585	-0.206806	0.0255233	-0.0329216	-0.0017585	-0.206806	0.0255233	
-7.98	-0.033001	-0.00178884	-0.208111	0.0262037	-0.033001	-0.00178884	-0.208111	0.0262037	
-7.96	-0.0330803	-0.00181964	-0.209432	0.0269053	-0.0330803	-0.00181964	-0.209432	0.0269053	
-7.94	-0.0331597	-0.00185092	-0.210769	0.027629	-0.0331597	-0.00185092	-0.210769	0.027629	
-7.92	-0.0332391	-0.00188268	-0.212124	0.0283756	-0.0332391	-0.00188268	-0.212124	0.0283756	
-7.9	-0.0333185	-0.00191492	-0.213494	0.0291458	-0.0333185	-0.00191492	-0.213494	0.0291458	
-7.88	-0.0333978	-0.00194764	-0.214882	0.0299405	-0.0333978	-0.00194764	-0.214882	0.0299405	
-7.86	-0.0334771	-0.00198084	-0.216287	0.0307606	-0.0334771	-0.00198084	-0.216287	0.0307606	
-7.84	-0.0335563	-0.00201454	-0.217708	0.0316071	-0.0335563	-0.00201454	-0.217708	0.0316071	
-7.82	-0.0336355	-0.00204872	-0.219147	0.0324808	-0.0336355	-0.00204872	-0.219147	0.0324808	
-7.8	-0.0337146	-0.0020834	-0.220603	0.0333829	-0.0337146	-0.0020834	-0.220603	0.0333829	
-7.78	-0.0337936	-0.00211857	-0.222077	0.0343142	-0.0337936	-0.00211857	-0.222077	0.0343142	
-7.76	-0.0338725	-0.00215424	-0.223567	0.035276	-0.0338725	-0.00215424	-0.223567	0.035276	
-7.74	-0.0339513	-0.0021904	-0.225076	0.0362693	-0.0339513	-0.0021904	-0.225076	0.0362693	
-7.72	-0.0340299	-0.00222706	-0.226601	0.0372954	-0.0340299	-0.00222706	-0.226601	0.0372954	
-7.7	-0.0341083	-0.00226422	-0.228145	0.0383553	-0.0341083	-0.00226422	-0.228145	0.0383553	
-7.68	-0.0341866	-0.00230187	-0.229705	0.0394504	-0.0341866	-0.00230187	-0.229705	0.0394504	
-7.66	-0.0342647	-0.00234003	-0.231283	0.0405819	-0.0342647	-0.00234003	-0.231283	0.0405819	
-7.64	-0.0343426	-0.00237867	-0.232878	0.0417513	-0.0343426	-0.00237867	-0.232878	0.0417513	
-7.62	-0.0344202	-0.00241782	-0.234491	0.0429599	-0.0344202	-0.00241782	-0.234491	0.0429599	
-7.6	-0.0344977	-0.00245745	-0.23612	0.0442092	-0.0344977	-0.00245745	-0.23612	0.0442092	
-7.58	-0.0345748	-0.00249758	-0.237767	0.0455008	-0.0345748	-0.00249758	-0.237767	0.0455008	
-7.56	-0.0346517	-0.00253819	-0.239429	0.0468361	-0.0346517	-0.00253819	-0.239429	0.0468361	
-7.54	-0.0347282	-0.00257928	-0.241108	0.0482168	-0.0347282	-0.00257928	-0.241108	0.0482168	
-7.52	-0.0348045	-0.00262085	-0.242803	0.0496446	-0.0348045	-0.00262085	-0.242803	0.0496446	
-7.5	-0.0348803	-0.0026629	-0.244514	0.0511213	-0.0348803	-0.0026629	-0.244514	0.0511213	
-7.48	-0.0349559	-0.00270542	-0.246239	0.0526486	-0.0349559	-0.00270542	-0.246239	0.0526486	
-7.46	-0.035031	-0.00274839	-0.247979	0.0542285	-0.035031	-0.00274839	-0.247979	0.0542285	
-7.44	-0.0351058	-0.00279183	-0.249733	0.0558628	-0.0351058	-0.00279183	-0.249733	0.0558628	
-7.42	-0.0351801	-0.00283571	-0.251501	0.0575537	-0.0351801	-0.00283571	-0.251501	0.0575537	
-7.4	-0.035254	-0.00288002	-0.25328	0.0593031	-0.035254	-0.00288002	-0.25328	0.0593031	
-7.38	-0.0353274	-0.00292477	-0.255072	0.0611132	-0.0353274	-0.00292477	-0.255072	0.0611132	
-7.36	-0.0354003	-0.00296994	-0.256874	0.0629863	-0.0354003	-0.00296994	-0.256874	0.0629863	
-7.34	-0.0354727	-0.00301552	-0.258686	0.0649245	-0.0354727	-0.00301552	-0.258686	0.0649245	
-7.32	-0.0355446	-0.00306149	-0.260506	0.0669303	-0.0355446	-0.00306149	-0.260506	0.0669303	
-7.3	-0.0356159	-0.00310785	-0.262333	0.069006	-0.0356159	-0.00310785	-0.262333	0.069006	
-7.28	-0.0356867	-0.00315458	-0.264167	0.0711541	-0.0356867	-0.00315458	-0.264167	0.0711541	
-7.26	-0.0357568	-0.00320167	-0.266004	0.0733772	-0.0357568	-0.00320167	-0.266004	0.0733772	
-7.24	-0.0358264	-0.0032491	-0.267844	0.0756778	-0.0358264	-0.0032491	-0.267844	0.0756778	
-7.22	-0.0358952	-0.00329685	-0.269684	0.0780587	-0.0358952	-0.00329685	-0.269684	0.0780587	
-7.2	-0.0359635	-0.00334491	-0.271523	0.0805225	-0.0359635	-0.00334491	-0.271523	0.0805225	
-7.18	-0.036031	-0.00339326	-0.273358	0.083072	-0.036031	-0.00339326	-0.273358	0.083072	
-7.16	-0.0360978	-0.00344188	-0.275187	0.08571	-0.0360978	-0.00344188	-0.275187	0.08571	
-7.14	-0.0361639	-0.00349074	-0.277008	0.0884393	-0.0361639	-0.00349074	-0.277008	0.0884393	
-7.12	-0.0362292	-0.00353983	-0.278816	0.0912628	-0.0362292	-0.00353983	-0.278816	0.0912628	
-7.1	-0.0362937	-0.00358913	-0.280609	0.0941835	-0.0362937	-0.00358913	-0.280609	0.0941835	
-7.08	-0.0363575	-0.00363861	-0.282385	0.0972042	-0.0363575	-0.00363861	-0.282385	0.0972042	
-7.06	-0.0364204	-0.00368824	-0.284138	0.100328	-0.0364204	-0.00368824	-0.284138	0.100328	
-7.04	-0.0364825	-0.003738	-0.285865	0.103557	-0.0364825	-0.003738	-0.285865	0.103557	
-7.02	-0.0365437	-0.00378786	-0.287563	0.106895	-0.0365437	-0.00378786	-0.287563	0.106895	
-7	-0.036604	-0.0038378	-0.289225	0.110345	-0.036604	-0.0038378	-0.289225	0.110345	
-6.98	-0.0366635	-0.00388778	-0.290848	0.113908	-0.0366635	-0.00388778	-0.290848	0.113908	
-6.96	-0.036722	-0.00393777	-0.292426	0.117589	-0.036722	-0.00393777	-0.292426	0.117589	
-6.94	-0.0367796	-0.00398774	-0.293953	0.121389	-0.0367796	-0.00398774	-0.293953	0.121389	
-6.92	-0.0368362	-0.00403766	-0.295424	0.12531	-0.0368362	-0.00403766	-0.295424	0.12531	
-6.9	-0.0368918	-0.0040875	-0.296832	0.129355	-0.0368918	-0.0040875	-0.296832	0.129355	
-6.88	-0.0369465	-0.00413721	-0.29817	0.133526	-0.0369465	-0.00413721	-0.29817	0.133526	
-6.86	-0.0370002	-0.00418677	-0.299431	0.137825	-0.0370002	-0.00418677	-0.299431	0.137825	
-6.84	-0.0370528	-0.00423613	-0.300607	0.142253	-0.0370528	-0.00423613	-0.300607	0.142253	
-6.82	-0.0371045	-0.00428526	-0.301691	0.14681	-0.0371045	-0.00428526	-0.301691	0.14681	
-6.8	-0.037155	-0.00433411	-0.302673	0.151499	-0.037155	-0.00433411	-0.302673	0.151499	
-6.78	-0.0372046	-0.00438266	-0.303546	0.156318	-0.0372046	-0.00438266	-0.303546	0.156318	
-6.76	-0.0372531	-0.00443085	-0.304298	0.161268	-0.0372531	-0.00443085	-0.304298	0.161268	
-6.74	-0.0373005	-0.00447864	-0.304922	0.166348	-0.0373005	-0.00447864	-0.304922	0.166348	
-6.72	-0.0373468	-0.00452599	-0.305406	0.171556	-0.0373468	-0.00452599	-0.305406	0.171556	
-6.7	-0.0373921	-0.00457287	-0.305741	0.176891	-0.0373921	-0.00457287	-0.305741	0.176891	
-6.68	-0.0374363	-0.00461921	-0.305914	0.182349	-0.0374363	-0.00461921	-0.305914	0.182349	
-6.66	-0.0374794	-0.00466499	-0.305916	0.187927	-0.0374794	-0.00466499	-0.305916	0.187927	
-6.64	-0.0375214	-0.00471015	-0.305735	0.193621	-0.0375214	-0.00471015	-0.305735	0.193621	
-6.62	-0.0375624	-0.00475464	-0.305359	0.199425	-0.0375624	-0.00475464	-0.305359	0.199425	
-6.6	-0.0376022	-0.00479843	-0.304777	0.205332	-0.0376022	-0.00479843	-0.304777	0.205332	
-6.58	-0.037641	-0.00484145	-0.303977	0.211335	-0.037641	-0.00484145	-0.303977	0.211335	
-6.56	-0.0376787	-0.00488368	-0.302948	0.217425	-0.0376787	-0.00488368	-0.302948	0.217425	
-6.54	-0.0377154	-0.00492505	-0.301677	0.223593	-0.0377154	-0.00492505	-0.301677	0.223593	
-6.52	-0.037751	-0.00496553	-0.300155	0.229828	-0.037751	-0.00496553	-0.300155	0.229828	
-6.5	-0.0377856	-0.00500506	-0.29837	0.236117	-0.0377856	-0.00500506	-0.29837	0.236117	
-6.48	-0.0378192	-0.0050436	-0.296312	0.242447	-0.0378192	-0.0050436	-0.296312	0.242447	
-6.46	-0.0378517	-0.00508109	-0.293971	0.248803	-0.0378517	-0.00508109	-0.293971	0.248803	
-6.44	-0.0378833	-0.0051175	-0.291339	0.255169	-0.0378833	-0.0051175	-0.291339	0.255169	
-6.42	-0.0379139	-0.00515278	-0.288409	0.261529	-0.0379139	-0.00515278	-0.288409	0.261529	
-6.4	-0.0379435	-0.00518688	-0.285173	0.267863	-0.0379435	-0.00518688	-0.285173	0.267863	
-6.38	-0.0379722	-0.00521975	-0.281627	0.274153	-0.0379722	-0.00521975	-0.281627	0.274153	
-6.36	-0.0380001	-0.00525135	-0.277766	0.280378	-0.0380001	-0.00525135	-0.277766	0.280378	
-6.34	-0.038027	-0.00528164	-0.273589	0.286516	-0.038027	-0.00528164	-0.273589	0.286516	
-6.32	-0.0380531	-0.00531057	-0.269096	0.292547	-0.0380531	-0.00531057	-0.269096	0.292547	
-6.3	-0.0380784	-0.0053381	-0.264287	0.298447	-0.0380784	-0.0053381	-0.264287	0.298447	
-6.28	-0.0381029	-0.00536419	-0.259166	0.304194	-0.0381029	-0.00536419	-0.259166	0.304194	
-6.26	-0.0381267	-0.0053888	-0.253739	0.309765	-0.0381267	-0.0053888	-0.253739	0.309765	
-6.24	-0.0381497	-0.00541189	-0.248014	0.315138	-0.0381497	-0.00541189	-0.248014	0.315138	
-6.22	-0.0381721	-0.00543343	-0.242	0.320289	-0.0381721	-0.00543343	-0.242	0.320289	
-6.2	-0.0381938	-0.00545337	-0.23571	0.325197	-0.0381938	-0.00545337	-0.23571	0.325197	
-6.18	-0.038215	-0.00547169	-0.229157	0.329842	-0.038215	-0.00547169	-0.229157	0.329842	
-6.16	-0.0382355	-0.00548835	-0.222358	0.334202	-0.0382355	-0.00548835	-0.222358	0.334202	
-6.14	-0.0382556	-0.00550332	-0.215331	0.33826	-0.0382556	-0.00550332	-0.215331	0.33826	
-6.12	-0.0382752	-0.00551657	-0.208095	0.341999	-0.0382752	-0.00551657	-0.208095	0.341999	
-6.1	-0.0382944	-0.00552808	-0.200674	0.345403	-0.0382944	-0.00552808	-0.200674	0.345403	
-6.08	-0.0383132	-0.00553781	-0.193088	0.34846	-0.0383132	-0.00553781	-0.193088	0.34846	
-6.06	-0.0383317	-0.00554575	-0.185363	0.351157	-0.0383317	-0.00554575	-0.185363	0.351157	
-6.04	-0.0383498	-0.00555187	-0.177524	0.353488	-0.0383498	-0.00555187	-0.177524	0.353488	
-6.02	-0.0383678	-0.00555616	-0.169596	0.355444	-0.0383678	-0.00555616	-0.169596	0.355444	
-6	-0.0383856	-0.00555859	-0.161605	0.357023	-0.0383856	-0.00555859	-0.161605	0.357023	
-5.98	-0.0384032	-0.00555916	-0.153578	0.358222	-0.0384032	-0.00555916	-0.153578	0.358222	
-5.96	-0.0384207	-0.00555784	-0.145541	0.359043	-0.0384207	-0.00555784	-0.145541	0.359043	
-5.94	-0.0384382	-0.00555463	-0.137519	0.359488	-0.0384382	-0.00555463	-0.137519	0.359488	
-5.92	-0.0384557	-0.00554952	-0.129537	0.359563	-0.0384557	-0.00554952	-0.129537	0.359563	
-5.9	-0.0384733	-0.00554251	-0.12162	0.359275	-0.0384733	-0.00554251	-0.12162	0.359275	
-5.88	-0.038491	-0.00553358	-0.113789	0.358635	-0.038491	-0.00553358	-0.113789	0.358635	
-5.86	-0.0385089	-0.00552274	-0.106067	0.357652	-0.0385089	-0.00552274	-0.106067	0.357652	
-5.84	-0.0385269	-0.00550998	-0.0984741	0.356341	-0.0385269	-0.00550998	-0.0984741	0.356341	
-5.82	-0.0385453	-0.00549532	-0.091028	0.354715	-0.0385453	-0.00549532	-0.091028	0.354715	
-5.8	-0.0385639	-0.00547874	-0.0837459	0.352789	-0.0385639	-0.00547874	-0.0837459	0.352789	
-5.78	-0.0385829	-0.00546027	-0.0766426	0.35058	-0.0385829	-0.00546027	-0.0766426	0.35058	
-5.76	-0.0386023	-0.0054399	-0.0697316	0.348106	-0.0386023	-0.0054399	-0.0697316	0.348106	
-5.74	-0.0386222	-0.00541765	-0.0630241	0.345383	-0.0386222	-0.00541765	-0.0630241	0.345383	
-5.72	-0.0386426	-0.00539352	-0.05653	0.34243	-0.0386426	-0.00539352	-0.05653	0.34243	
-5.7	-0.0386635	-0.00536754	-0.050257	0.339265	-0.0386635	-0.00536754	-0.050257	0.339265	
-5.68	-0.038685	-0.00533973	-0.0442116	0.335905	-0.038685	-0.00533973	-0.0442116	0.335905	
-5.66	-0.0387071	-0.00531008	-0.0383985	0.332369	-0.0387071	-0.00531008	-0.0383985	0.332369	
-5.64	-0.0387299	-0.00527864	-0.0328207	0.328675	-0.0387299	-0.00527864	-0.0328207	0.328675	
-5.62	-0.0387534	-0.00524541	-0.0274802	0.324839	-0.0387534	-0.00524541	-0.0274802	0.324839	
-5.6	-0.0387777	-0.00521042	-0.0223775	0.320878	-0.0387777	-0.00521042	-0.0223775	0.320878	
-5.58	-0.0388028	-0.00517369	-0.0175118	0.316808	-0.0388028	-0.00517369	-0.0175118	0.316808	
-5.56	-0.0388287	-0.00513526	-0.0128815	0.312644	-0.0388287	-0.00513526	-0.0128815	0.312644	
-5.54	-0.0388555	-0.00509514	-0.00848385	0.308401	-0.0388555	-0.00509514	-0.00848385	0.308401	
-5.52	-0.0388831	-0.00505336	-0.00431536	0.304092	-0.0388831	-0.00505336	-0.00431536	0.304092	
-5.5	-0.0389117	-0.00500996	-0.000371776	0.299731	-0.0389117	-0.00500996	-0.000371776	0.299731	
-5.48	-0.0389412	-0.00496496	0.00335178	0.295329	-0.0389412	-0.00496496	0.00335178	0.295329	
-5.46	-0.0389718	-0.0049184	0.00686072	0.290898	-0.0389718	-0.0049184	0.00686072	0.290898	
-5.44	-0.0390033	-0.0048703	0.0101609	0.286448	-0.0390033	-0.0048703	0.0101609	0.286448	
-5.42	-0.0390359	-0.0048207	0.0132585	0.281988	-0.0390359	-0.0048207	0.0132585	0.281988	
-5.4	-0.0390695	-0.00476964	0.0161599	0.277528	-0.0390695	-0.00476964	0.0161599	0.277528	
-5.38	-0.0391043	-0.00471715	0.018872	0.273075	-0.0391043	-0.00471715	0.018872	0.273075	
-5.36	-0.0391401	-0.00466326	0.0214014	0.268637	-0.0391401	-0.00466326	0.0214014	0.268637	
-5.34	-0.039177	-0.00460801	0.0237551	0.264221	-0.039177	-0.00460801	0.0237551	0.264221	
-5.32	-0.0392151	-0.00455143	0.02594	0.259832	-0.0392151	-0.00455143	0.02594	0.259832	
-5.3	-0.0392544	-0.00449357	0.0279629	0.255475	-0.0392544	-0.00449357	0.0279629	0.255475	
-5.28	-0.0392948	-0.00443445	0.0298309	0.251155	-0.0392948	-0.00443445	0.0298309	0.251155	
-5.26	-0.0393364	-0.00437413	0.0315505	0.246877	-0.0393364	-0.00437413	0.0315505	0.246877	
-5.24	-0.0393793	-0.00431262	0.0331285	0.242644	-0.0393793	-0.00431262	0.0331285	0.242644	
-5.22	-0.0394233	-0.00424998	0.0345713	0.238459	-0.0394233	-0.00424998	0.0345713	0.238459	
-5.2	-0.0394685	-0.00418624	0.0358854	0.234325	-0.0394685	-0.00418624	0.0358854	0.234325	
-5.18	-0.0395149	-0.00412144	0.0370768	0.230244	-0.0395149	-0.00412144	0.0370768	0.230244	
-5.16	-0.0395626	-0.00405561	0.0381515	0.226217	-0.0395626	-0.00405561	0.0381515	0.226217	
-5.14	-0.0396115	-0.0039888	0.0391154	0.222247	-0.0396115	-0.0039888	0.0391154	0.222247	
-5.12	-0.0396616	-0.00392104	0.039974	0.218335	-0.0396616	-0.00392104	0.039974	0.218335	
-5.1	-0.039713	-0.00385237	0.0407327	0.214481	-0.039713	-0.00385237	0.0407327	0.214481	
-5.08	-0.0397656	-0.00378283	0.0413966	0.210687	-0.0397656	-0.00378283	0.0413966	0.210687	
-5.06	-0.0398194	-0.00371245	0.0419706	0.206952	-0.0398194	-0.00371245	0.0419706	0.206952	
-5.04	-0.0398745	-0.00364127	0.0424595	0.203277	-0.0398745	-0.00364127	0.0424595	0.203277	
-5.02	-0.0399308	-0.00356933	0.0428679	0.199662	-0.0399308	-0.00356933	0.0428679	0.199662	
-5	-0.0399883	-0.00349667	0.0431999	0.196106	-0.0399883	-0.00349667	0.0431999	0.196106	
-4.98	-0.040047	-0.00342333	0.0434597	0.19261	-0.040047	-0.00342333	0.0434597	0.19261	
-4.96	-0.040107	-0.00334933	0.0436513	0.189173	-0.040107	-0.00334933	0.0436513	0.189173	
-4.94	-0.0401681	-0.00327471	0.0437783	0.185795	-0.0401681	-0.00327471	0.0437783	0.185795	
-4.92	-0.0402304	-0.00319952	0.0438442	0.182474	-0.0402304	-0.00319952	0.0438442	0.182474	
-4.9	-0.0402939	-0.00312379	0.0438524	0.17921	-0.0402939	-0.00312379	0.0438524	0.17921	
-4.88	-0.0403586	-0.00304755	0.043806	0.176002	-0.0403586	-0.00304755	0.043806	0.176002	
-4.86	-0.0404245	-0.00297083	0.0437081	0.17285	-0.0404245	-0.00297083	0.0437081	0.17285	
-4.84	-0.0404915	-0.00289368	0.0435614	0.169752	-0.0404915	-0.00289368	0.0435614	0.169752	
-4.82	-0.0405597	-0.00281612	0.0433687	0.166707	-0.0405597	-0.00281612	0.0433687	0.166707	
-4.8	-0.040629	-0.00273819	0.0431324	0.163714	-0.040629	-0.00273819	0.0431324	0.163714	
-4.78	-0.0406994	-0.00265992	0.042855	0.160772	-0.0406994	-0.00265992	0.042855	0.160772	
-4.76	-0.0407709	-0.00258135	0.0425386	0.157881	-0.0407709	-0.00258135	0.0425386	0.157881	
-4.74	-0.0408435	-0.00250251	0.0421854	0.155038	-0.0408435	-0.00250251	0.0421854	0.155038	
-4.72	-0.0409172	-0.00242344	0.0417973	0.152243	-0.0409172	-0.00242344	0.0417973	0.152243	
-4.7	-0.0409919	-0.00234416	0.0413763	0.149495	-0.0409919	-0.00234416	0.0413763	0.149495	
-4.68	-0.0410677	-0.0022647	0.040924	0.146792	-0.0410677	-0.0022647	0.040924	0.146792	
-4.66	-0.0411445	-0.00218511	0.0404422	0.144133	-0.0411445	-0.00218511	0.0404422	0.144133	
-4.64	-0.0412224	-0.0021054	0.0399322	0.141518	-0.0412224	-0.0021054	0.0399322	0.141518	
-4.62	-0.0413012	-0.00202562	0.0393957	0.138944	-0.0413012	-0.00202562	0.0393957	0.138944	
-4.6	-0.0413811	-0.0019458	0.0388338	0.136412	-0.0413811	-0.0019458	0.0388338	0.136412	
-4.58	-0.0414619	-0.00186596	0.038248	0.133919	-0.0414619	-0.00186596	0.038248	0.133919	
-4.56	-0.0415436	-0.00178613	0.0376393	0.131465	-0.0415436	-0.00178613	0.0376393	0.131465	
-4.54	-0.0416263	-0.00170636	0.0370088	0.129048	-0.0416263	-0.00170636	0.0370088	0.129048	
-4.52	-0.04171	-0.00162666	0.0363577	0.126668	-0.04171	-0.00162666	0.0363577	0.126668	
-4.5	-0.0417945	-0.00154707	0.0356867	0.124323	-0.0417945	-0.00154707	0.0356867	0.124323	
-4.48	-0.0418799	-0.00146763	0.0349968	0.122012	-0.0418799	-0.00146763	0.0349968	0.122012	
-4.46	-0.0419663	-0.00138835	0.0342888	0.119735	-0.0419663	-0.00138835	0.0342888	0.119735	
-4.44	-0.0420535	-0.00130927	0.0335635	0.117489	-0.0420535	-0.00130927	0.0335635	0.117489	
-4.42	-0.0421415	-0.00123043	0.0328215	0.115275	-0.0421415	-0.00123043	0.0328215	0.115275	
-4.4	-0.0422304	-0.00115185	0.0320635	0.113092	-0.0422304	-0.00115185	0.0320635	0.113092	
-4.38	-0.0423201	-0.00107357	0.0312901	0.110938	-0.0423201	-0.00107357	0.0312901	0.110938	
-4.36	-0.0424106	-0.000995606	0.0305018	0.108812	-0.0424106	-0.000995606	0.0305018	0.108812	
-4.34	-0.0425019	-0.000918001	0.0296992	0.106713	-0.0425019	-0.000918001	0.0296992	0.106713	
-4.32	-0.042594	-0.000840783	0.0288826	0.104642	-0.042594	-0.000840783	0.0288826	0.104642	
-4.3	-0.0426868	-0.000763982	0.0280525	0.102596	-0.0426868	-0.000763982	0.0280525	0.102596	
-4.28	-0.0427805	-0.000687631	0.0272093	0.100575	-0.0427805	-0.000687631	0.0272093	0.100575	
-4.26	-0.0428748	-0.000611761	0.0263532	0.0985776	-0.0428748	-0.000611761	0.0263532	0.0985776	
-4.24	-0.0429699	-0.000536403	0.0254846	0.096604	-0.0429699	-0.000536403	0.0254846	0.096604	
-4.22	-0.0430658	-0.000461589	0.0246038	0.094653	-0.0430658	-0.000461589	0.0246038	0.094653	
-4.2	-0.0431623	-0.000387352	0.023711	0.0927237	-0.0431623	-0.000387352	0.023711	0.0927237	
-4.18	-0.0432596	-0.000313724	0.0228063	0.0908156	-0.0432596	-0.000313724	0.0228063	0.0908156	
-4.16	-0.0433575	-0.000240738	0.0218901	0.0889278	-0.0433575	-0.000240738	0.0218901	0.0889278	
-4.14	-0.0434562	-0.000168427	0.0209623	0.0870598	-0.0434562	-0.000168427	0.0209623	0.0870598	
-4.12	-0.0435555	-9.68231e-05	0.0200232	0.0852108	-0.0435555	-9.68231e-05	0.0200232	0.0852108	
-4.1	-0.0436555	-2.59612e-05	0.0190729	0.0833802	-0.0436555	-2.59612e-05	0.0190729	0.0833802	
-4.08	-0.0437562	4.41251e-05	0.0181113	0.0815674	-0.0437562	4.41251e-05	0.0181113	0.0815674	
-4.06	-0.0438575	0.000113402	0.0171387	0.0797717	-0.0438575	0.000113402	0.0171387	0.0797717	
-4.04	-0.0439596	0.000181833	0.016155	0.0779927	-0.0439596	0.000181833	0.016155	0.0779927	
-4.02	-0.0440622	0.000249386	0.0151602	0.0762297	-0.0440622	0.000249386	0.0151602	0.0762297	
-4	-0.0441656	0.000316023	0.0141544	0.0744823	-0.0441656	0.000316023	0.0141544	0.0744823	
-3.98	-0.0442696	0.00038171	0.0131375	0.0727498	-0.0442696	0.00038171	0.0131375	0.0727498	
-3.96	-0.0443742	0.000446409	0.0121095	0.0710318	-0.0443742	0.000446409	0.0121095	0.0710318	
-3.94	-0.0444796	0.000510085	0.0110704	0.0693278	-0.0444796	0.000510085	0.0110704	0.0693278	
-3.92	-0.0445856	0.0005727	0.0100201	0.0676374	-0.0445856	0.0005727	0.0100201	0.0676374	
-3.9	-0.0446922	0.000634217	0.00895849	0.0659601	-0.0446922	0.000634217	0.00895849	0.0659601	
-3.88	-0.0447996	0.000694598	0.00788556	0.0642954	-0.0447996	0.000694598	0.00788556	0.0642954	
-3.86	-0.0449076	0.000753805	0.00680119	0.0626429	-0.0449076	0.000753805	0.00680119	0.0626429	
-3.84	-0.0450162	0.000811798	0.00570526	0.0610024	-0.0450162	0.000811798	0.00570526	0.0610024	
-3.82	-0.0451256	0.000868539	0.00459768	0.0593732	-0.0451256	0.000868539	0.00459768	0.0593732	
-3.8	-0.0452357	0.000923988	0.0034783	0.0577552	-0.0452357	0.000923988	0.0034783	0.0577552	
-3.78	-0.0453465	0.000978104	0.00234701	0.056148	-0.0453465	0.000978104	0.00234701	0.056148	
-3.76	-0.045458	0.00103085	0.00120365	0.0545512	-0.045458	0.00103085	0.00120365	0.0545512	
-3.74	-0.0455703	0.00108218	4.80818e-05	0.0529645	-0.0455703	0.00108218	4.80818e-05	0.0529645	
-3.72	-0.0456833	0.00113205	-0.00111985	0.0513876	-0.0456833	0.00113205	-0.00111985	0.0513876	
-3.7	-0.0457971	0.00118043	-0.00230031	0.0498201	-0.0457971	0.00118043	-0.00230031	0.0498201	
-3.68	-0.0459117	0.00122727	-0.00349347	0.048262	-0.0459117	0.00122727	-0.00349347	0.048262	
-3.66	-0.046027	0.00127253	-0.00469949	0.0467128	-0.046027	0.00127253	-0.00469949	0.0467128	
-3.64	-0.0461432	0.00131616	-0.00591856	0.0451723	-0.0461432	0.00131616	-0.00591856	0.0451723	
-3.62	-0.0462603	0.00135812	-0.00715086	0.0436403	-0.0462603	0.00135812	-0.00715086	0.0436403	
-3.6	-0.0463782	0.00139837	-0.00839658	0.0421165	-0.0463782	0.00139837	-0.00839658	0.0421165	
-3.58	-0.046497	0.00143686	-0.0096559	0.0406008	-0.046497	0.00143686	-0.0096559	0.0406008	
-3.56	-0.0466167	0.00147356	-0.010929	0.0390929	-0.0466167	0.00147356	-0.010929	0.0390929	
-3.54	-0.0467374	0.0015084	-0.0122161	0.0375927	-0.0467374	0.0015084	-0.0122161	0.0375927	
-3.52	-0.0468591	0.00154136	-0.0135174	0.0360999	-0.0468591	0.00154136	-0.0135174	0.0360999	
-3.5	-0.0469818	0.00157237	-0.0148331	0.0346145	-0.0469818	0.00157237	-0.0148331	0.0346145	
-3.48	-0.0471055	0.00160141	-0.0161634	0.0331361	-0.0471055	0.00160141	-0.0161634	0.0331361	
-3.46	-0.0472303	0.00162841	-0.0175085	0.0316648	-0.0472303	0.00162841	-0.0175085	0.0316648	
-3.44	-0.0473562	0.00165334	-0.0188686	0.0302003	-0.0473562	0.00165334	-0.0188686	0.0302003	
-3.42	-0.0474833	0.00167614	-0.0202439	0.0287425	-0.0474833	0.00167614	-0.0202439	0.0287425	
-3.4	-0.0476116	0.00169678	-0.0216346	0.0272913	-0.0476116	0.00169678	-0.0216346	0.0272913	
-3.38	-0.0477411	0.00171519	-0.0230409	0.0258466	-0.0477411	0.00171519	-0.0230409	0.0258466	
-3.36	-0.0478719	0.00173134	-0.0244631	0.0244082	-0.0478719	0.00173134	-0.0244631	0.0244082	
-3.34	-0.048004	0.00174518	-0.0259013	0.0229762	-0.048004	0.00174518	-0.0259013	0.0229762	
-3.32	-0.0481376	0.00175666	-0.0273557	0.0215502	-0.0481376	0.00175666	-0.0273557	0.0215502	
-3.3	-0.0482725	0.00176573	-0.0288266	0.0201304	-0.0482725	0.00176573	-0.0288266	0.0201304	
-3.28	-0.0484089	0.00177234	-0.0303142	0.0187166	-0.0484089	0.00177234	-0.0303142	0.0187166	
-3.26	-0.0485469	0.00177645	-0.0318185	0.0173087	-0.0485469	0.00177645	-0.0318185	0.0173087	
-3.24	-0.0486865	0.001778	-0.03334	0.0159067	-0.0486865	0.001778	-0.03334	0.0159067	
-3.22	-0.0488277	0.00177695	-0.0348787	0.0145105	-0.0488277	0.00177695	-0.0348787	0.0145105	
-3.2	-0.0489706	0.00177325	-0.0364348	0.01312	-0.0489706	0.00177325	-0.0364348	0.01312	
-3.18	-0.0491153	0.00176684	-0.0380086	0.0117352	-0.0491153	0.00176684	-0.0380086	0.0117352	
-3.16	-0.0492618	0.00175769	-0.0396003	0.010356	-0.0492618	0.00175769	-0.0396003	0.010356	
-3.14	-0.0494102	0.00174574	-0.04121	0.00898238	-0.0494102	0.00174574	-0.04121	0.00898238	
-3.12	-0.0495606	0.00173095	-0.0428379	0.0076143	-0.0495606	0.00173095	-0.0428379	0.0076143	
-3.1	-0.049713	0.00171325	-0.0444842	0.00625171	-0.049713	0.00171325	-0.0444842	0.00625171	
-3.08	-0.0498676	0.00169262	-0.0461492	0.00489455	-0.0498676	0.00169262	-0.0461492	0.00489455	
-3.06	-0.0500243	0.00166899	-0.047833	0.00354279	-0.0500243	0.00166899	-0.047833	0.00354279	
-3.04	-0.0501834	0.00164231	-0.0495357	0.00219638	-0.0501834	0.00164231	-0.0495357	0.00219638	
-3.02	-0.0503447	0.00161255	-0.0512576	0.000855284	-0.0503447	0.00161255	-0.0512576	0.000855284	
-3	-0.0505085	0.00157965	-0.0529988	-0.000480546	-0.0505085	0.00157965	-0.0529988	-0.000480546	
-2.98	-0.0506748	0.00154356	-0.0547595	-0.00181115	-0.0506748	0.00154356	-0.0547595	-0.00181115	
-2.96	-0.0508437	0.00150423	-0.05654	-0.00313658	-0.0508437	0.00150423	-0.05654	-0.00313658	
-2.94	-0.0510153	0.00146161	-0.0583403	-0.00445688	-0.0510153	0.00146161	-0.0583403	-0.00445688	
-2.92	-0.0511896	0.00141566	-0.0601606	-0.0057721	-0.0511896	0.00141566	-0.0601606	-0.0057721	
-2.9	-0.0513668	0.00136633	-0.0620011	-0.00708229	-0.0513668	0.00136633	-0.0620011	-0.00708229	
-2.88	-0.051547	0.00131357	-0.063862	-0.00838751	-0.051547	0.00131357	-0.063862	-0.00838751	
-2.86	-0.0517303	0.00125733	-0.0657434	-0.00968783	-0.0517303	0.00125733	-0.0657434	-0.00968783	
-2.84	-0.0519167	0.00119755	-0.0676454	-0.0109833	-0.0519167	0.00119755	-0.0676454	-0.0109833	
-2.82	-0.0521064	0.00113421	-0.0695684	-0.012274	-0.0521064	0.00113421	-0.0695684	-0.012274	
-2.8	-0.0522994	0.00106724	-0.0715123	-0.0135601	-0.0522994	0.00106724	-0.0715123	-0.0135601	
-2.78	-0.0524959	0.000996591	-0.0734774	-0.0148415	-0.0524959	0.000996591	-0.0734774	-0.0148415	
-2.76	-0.052696	0.000922225	-0.0754638	-0.0161184	-0.052696	0.000922225	-0.0754638	-0.0161184	
-2.74	-0.0528998	0.000844089	-0.0774717	-0.0173909	-0.0528998	0.000844089	-0.0774717	-0.0173909	
-2.72	-0.0531074	0.000762135	-0.0795012	-0.0186592	-0.0531074	0.000762135	-0.0795012	-0.0186592	
-2.7	-0.053319	0.000676314	-0.0815524	-0.0199232	-0.053319	0.000676314	-0.0815524	-0.0199232	
-2.68	-0.0535346	0.000586578	-0.0836256	-0.0211832	-0.0535346	0.000586578	-0.0836256	-0.0211832	
-2.66	-0.0537543	0.000492877	-0.0857209	-0.0224394	-0.0537543	0.000492877	-0.0857209	-0.0224394	
-2.64	-0.0539784	0.000395163	-0.0878384	-0.0236917	-0.0539784	0.000395163	-0.0878384	-0.0236917	
-2.62	-0.0542069	0.000293385	-0.0899783	-0.0249406	-0.0542069	0.000293385	-0.0899783	-0.0249406	
-2.6	-0.0544399	0.000187496	-0.0921407	-0.026186	-0.0544399	0.000187496	-0.0921407	-0.026186	
-2.58	-0.0546777	7.74437e-05	-0.0943259	-0.0274282	-0.0546777	7.74437e-05	-0.0943259	-0.0274282	
-2.56	-0.0549202	-3.68214e-05	-0.0965338	-0.0286674	-0.0549202	-3.68214e-05	-0.0965338	-0.0286674	
-2.54	-0.0551677	-0.00015535	-0.0987648	-0.0299039	-0.0551677	-0.00015535	-0.0987648	-0.0299039	
-2.52	-0.0554203	-0.000278194	-0.101019	-0.0311378	-0.0554203	-0.000278194	-0.101019	-0.0311378	
-2.5	-0.0556782	-0.000405406	-0.103296	-0.0323695	-0.0556782	-0.000405406	-0.103296	-0.0323695	
-2.48	-0.0559415	-0.000537037	-0.105597	-0.0335992	-0.0559415	-0.000537037	-0.105597	-0.0335992	
-2.46	-0.0562103	-0.000673142	-0.107922	-0.0348273	-0.0562103	-0.000673142	-0.107922	-0.0348273	
-2.44	-0.0564848	-0.000813775	-0.110271	-0.0360539	-0.0564848	-0.000813775	-0.110271	-0.0360539	
-2.42	-0.0567652	-0.000958992	-0.112643	-0.0372796	-0.0567652	-0.000958992	-0.112643	-0.0372796	
-2.4	-0.0570516	-0.00110885	-0.11504	-0.0385046	-0.0570516	-0.00110885	-0.11504	-0.0385046	
-2.38	-0.0573442	-0.0012634	-0.117461	-0.0397294	-0.0573442	-0.0012634	-0.117461	-0.0397294	
-2.36	-0.0576432	-0.00142271	-0.119907	-0.0409542	-0.0576432	-0.00142271	-0.119907	-0.0409542	
-2.34	-0.0579486	-0.00158684	-0.122377	-0.0421797	-0.0579486	-0.00158684	-0.122377	-0.0421797	
-2.32	-0.0582608	-0.00175584	-0.124873	-0.0434062	-0.0582608	-0.00175584	-0.124873	-0.0434062	
-2.3	-0.0585799	-0.00192979	-0.127394	-0.0446343	-0.0585799	-0.00192979	-0.127394	-0.0446343	
-2.28	-0.058906	-0.00210874	-0.12994	-0.0458645	-0.058906	-0.00210874	-0.12994	-0.0458645	
-2.26	-0.0592394	-0.00229277	-0.132512	-0.0470972	-0.0592394	-0.00229277	-0.132512	-0.0470972	
-2.24	-0.0595803	-0.00248194	-0.13511	-0.0483332	-0.0595803	-0.00248194	-0.13511	-0.0483332	
-2.22	-0.0599288	-0.00267632	-0.137734	-0.049573	-0.0599288	-0.00267632	-0.137734	-0.049573	
-2.2	-0.0602851	-0.002876	-0.140385	-0.0508172	-0.0602851	-0.002876	-0.140385	-0.0508172	
-2.18	-0.0606495	-0.00308104	-0.143062	-0.0520667	-0.0606495	-0.00308104	-0.143062	-0.0520667	
-2.16	-0.0610221	-0.00329153	-0.145767	-0.053322	-0.0610221	-0.00329153	-0.145767	-0.053322	
-2.14	-0.0614033	-0.00350754	-0.148498	-0.054584	-0.0614033	-0.00350754	-0.148498	-0.054584	
-2.12	-0.0617931	-0.00372918	-0.151258	-0.0558534	-0.0617931	-0.00372918	-0.151258	-0.0558534	
-2.1	-0.0621919	-0.00395651	-0.154046	-0.0571312	-0.0621919	-0.00395651	-0.154046	-0.0571312	
-2.08	-0.0625999	-0.00418965	-0.156862	-0.0584181	-0.0625999	-0.00418965	-0.156862	-0.0584181	
-2.06	-0.0630173	-0.00442869	-0.159707	-0.0597153	-0.0630173	-0.00442869	-0.159707	-0.0597153	
-2.04	-0.0634443	-0.00467372	-0.162581	-0.0610235	-0.0634443	-0.00467372	-0.162581	-0.0610235	
-2.02	-0.0638813	-0.00492486	-0.165485	-0.0623439	-0.0638813	-0.00492486	-0.165485	-0.0623439	
-2	-0.0643284	-0.00518222	-0.168419	-0.0636776	-0.0643284	-0.00518222	-0.168419	-0.0636776	
-1.98	-0.064786	-0.00544592	-0.171383	-0.0650257	-0.064786	-0.00544592	-0.171383	-0.0650257	
-1.96	-0.0652544	-0.00571608	-0.174379	-0.0663894	-0.0652544	-0.00571608	-0.174379	-0.0663894	
-1.94	-0.0657337	-0.00599283	-0.177406	-0.0677699	-0.0657337	-0.00599283	-0.177406	-0.0677699	
-1.92	-0.0662244	-0.0062763	-0.180465	-0.0691686	-0.0662244	-0.0062763	-0.180465	-0.0691686	
-1.9	-0.0667266	-0.00656665	-0.183556	-0.0705869	-0.0667266	-0.00656665	-0.183556	-0.0705869	
-1.88	-0.0672408	-0.00686402	-0.186681	-0.0720262	-0.0672408	-0.00686402	-0.186681	-0.0720262	
-1.86	-0.0677673	-0.00716857	-0.18984	-0.0734881	-0.0677673	-0.00716857	-0.18984	-0.0734881	
-1.84	-0.0683063	-0.00748047	-0.193033	-0.0749741	-0.0683063	-0.00748047	-0.193033	-0.0749741	
-1.82	-0.0688583	-0.0077999	-0.196261	-0.0764859	-0.0688583	-0.0077999	-0.196261	-0.0764859	
-1.8	-0.0694236	-0.00812704	-0.199525	-0.0780252	-0.0694236	-0.00812704	-0.199525	-0.0780252	
-1.78	-0.0700026	-0.0084621	-0.202826	-0.079594	-0.0700026	-0.0084621	-0.202826	-0.079594	
-1.76	-0.0705956	-0.00880528	-0.206164	-0.0811941	-0.0705956	-0.00880528	-0.206164	-0.0811941	
-1.74	-0.071203	-0.0091568	-0.20954	-0.0828275	-0.071203	-0.0091568	-0.20954	-0.0828275	
-1.72	-0.0718254	-0.0095169	-0.212955	-0.0844963	-0.0718254	-0.0095169	-0.212955	-0.0844963	
-1.7	-0.072463	-0.00988583	-0.216409	-0.0862028	-0.072463	-0.00988583	-0.216409	-0.0862028	
-1.68	-0.0731164	-0.0102639	-0.219904	-0.0879493	-0.0731164	-0.0102639	-0.219904	-0.0879493	
-1.66	-0.0737859	-0.0106512	-0.223441	-0.0897382	-0.0737859	-0.0106512	-0.223441	-0.0897382	
-1.64	-0.0744722	-0.0110483	-0.22702	-0.0915721	-0.0744722	-0.0110483	-0.22702	-0.0915721	
-1.62	-0.0751757	-0.0114553	-0.230643	-0.0934536	-0.0751757	-0.0114553	-0.230643	-0.0934536	
-1.6	-0.0758969	-0.0118727	-0.23431	-0.0953855	-0.0758969	-0.0118727	-0.23431	-0.0953855	
-1.58	-0.0766363	-0.0123007	-0.238023	-0.0973709	-0.0766363	-0.0123007	-0.238023	-0.0973709	
-1.56	-0.0773946	-0.0127398	-0.241782	-0.0994127	-0.0773946	-0.0127398	-0.241782	-0.0994127	
-1.54	-0.0781723	-0.0131903	-0.245589	-0.101514	-0.0781723	-0.0131903	-0.245589	-0.101514	
-1.52	-0.0789701	-0.0136527	-0.249444	-0.103679	-0.0789701	-0.0136527	-0.249444	-0.103679	
-1.5	-0.0797885	-0.0141274	-0.25335	-0.10591	-0.0797885	-0.0141274	-0.25335	-0.10591	
-1.48	-0.0806283	-0.014615	-0.257306	-0.108212	-0.0806283	-0.014615	-0.257306	-0.108212	
-1.46	-0.0814902	-0.0151159	-0.261315	-0.110588	-0.0814902	-0.0151159	-0.261315	-0.110588	
-1.44	-0.0823748	-0.0156307	-0.265377	-0.113043	-0.0823748	-0.0156307	-0.265377	-0.113043	
-1.42	-0.0832831	-0.0161599	-0.269493	-0.115581	-0.0832831	-0.0161599	-0.269493	-0.115581	
-1.4	-0.0842158	-0.0167043	-0.273666	-0.118206	-0.0842158	-0.0167043	-0.273666	-0.118206	
-1.38	-0.0851737	-0.0172644	-0.277895	-0.120924	-0.0851737	-0.0172644	-0.277895	-0.120924	
-1.36	-0.0861578	-0.0178411	-0.282183	-0.123739	-0.0861578	-0.0178411	-0.282183	-0.123739	
-1.34	-0.0871689	-0.018435	-0.28653	-0.126657	-0.0871689	-0.018435	-0.28653	-0.126657	
-1.32	-0.0882081	-0.0190471	-0.290937	-0.129683	-0.0882081	-0.0190471	-0.290937	-0.129683	
-1.3	-0.0892765	-0.0196782	-0.295407	-0.132825	-0.0892765	-0.0196782	-0.295407	-0.132825	
-1.28	-0.090375	-0.0203292	-0.299939	-0.136087	-0.090375	-0.0203292	-0.299939	-0.136087	
-1.26	-0.0915049	-0.0210011	-0.304535	-0.139476	-0.0915049	-0.0210011	-0.304535	-0.139476	
-1.24	-0.0926674	-0.0216952	-0.309195	-0.143	-0.0926674	-0.0216952	-0.309195	-0.143	
-1.22	-0.0938637	-0.0224125	-0.313922	-0.146666	-0.0938637	-0.0224125	-0.313922	-0.146666	
-1.2	-0.0950952	-0.0231544	-0.318715	-0.150482	-0.0950952	-0.0231544	-0.318715	-0.150482	
-1.18	-0.0963633	-0.0239222	-0.323574	-0.154456	-0.0963633	-0.0239222	-0.323574	-0.154456	
-1.16	-0.0976695	-0.0247175	-0.328502	-0.158597	-0.0976695	-0.0247175	-0.328502	-0.158597	
-1.14	-0.0990154	-0.0255417	-0.333497	-0.162914	-0.0990154	-0.0255417	-0.333497	-0.162914	
-1.12	-0.100403	-0.0263968	-0.33856	-0.167417	-0.100403	-0.0263968	-0.33856	-0.167417	
-1.1	-0.101833	-0.0272845	-0.343691	-0.172117	-0.101833	-0.0272845	-0.343691	-0.172117	
-1.08	-0.103309	-0.0282069	-0.348889	-0.177025	-0.103309	-0.0282069	-0.348889	-0.177025	
-1.06	-0.104831	-0.0291662	-0.354154	-0.182152	-0.104831	-0.0291662	-0.354154	-0.182152	
-1.04	-0.106403	-0.0301649	-0.359484	-0.18751	-0.106403	-0.0301649	-0.359484	-0.18751	
-1.02	-0.108025	-0.0312055	-0.364878	-0.193114	-0.108025	-0.0312055	-0.364878	-0.193114	
-1	-0.109702	-0.032291	-0.370334	-0.198976	-0.109702	-0.032291	-0.370334	-0.198976	
-0.98	-0.111435	-0.0334244	-0.375848	-0.205111	-0.111435	-0.0334244	-0.375848	-0.205111	
-0.96	-0.113226	-0.0346092	-0.381418	-0.211536	-0.113226	-0.0346092	-0.381418	-0.211536	
-0.94	-0.115079	-0.0358492	-0.38704	-0.218266	-0.115079	-0.0358492	-0.38704	-0.218266	
-0.92	-0.116997	-0.0371484	-0.392708	-0.225319	-0.116997	-0.0371484	-0.392708	-0.225319	
-0.9	-0.118983	-0.0385113	-0.398417	-0.232714	-0.118983	-0.0385113	-0.398417	-0.232714	
-0.88	-0.121039	-0.0399429	-0.404159	-0.24047	-0.121039	-0.0399429	-0.404159	-0.24047	
-0.86	-0.12317	-0.0414486	-0.409925	-0.248607	-0.12317	-0.0414486	-0.409925	-0.248607	
-0.84	-0.12538	-0.0430346	-0.415707	-0.257148	-0.12538	-0.0430346	-0.415707	-0.257148	
-0.82	-0.127672	-0.0447073	-0.421492	-0.266114	-0.127672	-0.0447073	-0.421492	-0.266114	
-0.8	-0.13005	-0.0464743	-0.427268	-0.275531	-0.13005	-0.0464743	-0.427268	-0.275531	
-0.78	-0.132519	-0.0483436	-0.433018	-0.285423	-0.132519	-0.0483436	-0.433018	-0.285423	
-0.76	-0.135084	-0.0503244	-0.438724	-0.295816	-0.135084	-0.0503244	-0.438724	-0.295816	
-0.74	-0.137749	-0.0524267	-0.444367	-0.306737	-0.137749	-0.0524267	-0.444367	-0.306737	
-0.72	-0.14052	-0.054662	-0.449923	-0.318216	-0.14052	-0.054662	-0.449923	-0.318216	
-0.7	-0.143401	-0.0570427	-0.455364	-0.330282	-0.143401	-0.0570427	-0.455364	-0.330282	
-0.68	-0.146398	-0.0595832	-0.460661	-0.342963	-0.146398	-0.0595832	-0.460661	-0.342963	
-0.66	-0.149517	-0.0622991	-0.465778	-0.356292	-0.149517	-0.0622991	-0.465778	-0.356292	
-0.64	-0.152764	-0.0652085	-0.470676	-0.370299	-0.152764	-0.0652085	-0.470676	-0.370299	
-0.62	-0.156143	-0.0683314	-0.47531	-0.385015	-0.156143	-0.0683314	-0.47531	-0.385015	
-0.6	-0.159661	-0.0716907	-0.47963	-0.400471	-0.159661	-0.0716907	-0.47963	-0.400471	
-0.58	-0.163323	-0.0753119	-0.483579	-0.416697	-0.163323	-0.0753119	-0.483579	-0.416697	
-0.56	-0.167134	-0.0792245	-0.487095	-0.43372	-0.167134	-0.0792245	-0.487095	-0.43372	
-0.54	-0.171097	-0.0834615	-0.490105	-0.451567	-0.171097	-0.0834615	-0.490105	-0.451567	
-0.52	-0.175216	-0.0880607	-0.492532	-0.47026	-0.175216	-0.0880607	-0.492532	-0.47026	
-0.5	-0.179493	-0.0930652	-0.494289	-0.489817	-0.179493	-0.0930652	-0.494289	-0.489817	
-0.48	-0.183925	-0.0985242	-0.49528	-0.510249	-0.183925	-0.0985242	-0.49528	-0.510249	
-0.46	-0.188509	-0.104494	-0.495399	-0.531563	-0.188509	-0.104494	-0.495399	-0.531563	
-0.44	-0.193236	-0.111038	-0.494534	-0.553754	-0.193236	-0.111038	-0.494534	-0.553754	
-0.42	-0.198092	-0.11823	-0.492559	-0.576805	-0.198092	-0.11823	-0.492559	-0.576805	
-0.4	-0.203053	-0.126155	-0.489345	-0.600689	-0.203053	-0.126155	-0.489345	-0.600689	
-0.38	-0.208088	-0.134906	-0.48475	-0.62536	-0.208088	-0.134906	-0.48475	-0.62536	
-0.36	-0.213147	-0.144593	-0.478629	-0.650753	-0.213147	-0.144593	-0.478629	-0.650753	
-0.34	-0.218164	-0.155337	-0.470832	-0.676785	-0.218164	-0.155337	-0.470832	-0.676785	
-0.32	-0.223048	-0.167274	-0.461205	-0.703346	-0.223048	-0.167274	-0.461205	-0.703346	
-0.3	-0.227674	-0.180554	-0.449598	-0.730299	-0.227674	-0.180554	-0.449598	-0.730299	
-0.28	-0.231873	-0.195338	-0.435867	-0.757479	-0.231873	-0.195338	-0.435867	-0.757479	
-0.26	-0.235424	-0.211792	-0.419877	-0.784692	-0.235424	-0.211792	-0.419877	-0.784692	
-0.24	-0.238035	-0.230081	-0.401512	-0.811711	-0.238035	-0.230081	-0.401512	-0.811711	
-0.22	-0.239329	-0.250349	-0.380679	-0.838277	-0.239329	-0.250349	-0.380679	-0.838277	
-0.2	-0.238825	-0.272697	-0.357317	-0.864105	-0.238825	-0.272697	-0.357317	-0.864105	
-0.18	-0.235929	-0.297143	-0.3314	-0.888882	-0.235929	-0.297143	-0.3314	-0.888882	
-0.16	-0.229927	-0.323569	-0.302952	-0.912279	-0.229927	-0.323569	-0.302952	-0.912279	
-0.14	-0.220005	-0.35165	-0.272045	-0.93395	-0.220005	-0.35165	-0.272045	-0.93395	
-0.12	-0.205295	-0.380775	-0.238807	-0.953552	-0.205295	-0.380775	-0.238807	-0.953552	
-0.1	-0.184976	-0.409967	-0.203424	-0.970748	-0.184976	-0.409967	-0.203424	-0.970748	
-0.08	-0.158437	-0.437838	-0.166139	-0.985223	-0.158437	-0.437838	-0.166139	-0.985223	
-0.06	-0.125488	-0.462623	-0.127249	-0.996701	-0.125488	-0.462623	-0.127249	-0.996701	
-0.04	-0.0865769	-0.482335	-0.087098	-1.00495	-0.0865769	-0.482335	-0.087098	-1.00495	
-0.02	-0.0429444	-0.495057	-0.0460684	-1.00981	-0.0429444	-0.495057	-0.0460684	-1.00981	
0	0.00340235	-0.499333	-0.00457209	-1.01119	0.00340235	-0.499333	-0.00457209	-1.01119	
0.02	0.0499367	-0.494529	0.0369597	-1.00907	0.0499367	-0.494529	0.0369597	-1.00907	
0.04	0.0940452	-0.481015	0.0780865	-1.00352	0.0940452	-0.481015	0.0780865	-1.00352	
0.06	0.1335	-0.460088	0.118372	-0.994666	0.1335	-0.460088	0.118372	-0.994666	
0.08	0.166803	-0.433657	0.157403	-0.982701	0.166803	-0.433657	0.157403	-0.982701	
0.1	0.193295	-0.403836	0.194806	-0.967856	0.193295	-0.403836	0.194806	-0.967856	
0.12	0.213064	-0.372586	0.230264	-0.950399	0.213064	-0.372586	0.230264	-0.950399	
0.14	0.226722	-0.341489	0.263525	-0.930628	0.226722	-0.341489	0.263525	-0.930628	
0.16	0.235161	-0.311679	0.294406	-0.908861	0.235161	-0.311679	0.294406	-0.908861	
0.18	0.239361	-0.283864	0.322784	-0.885429	0.239361	-0.283864	0.322784	-0.885429	
0.2	0.240255	-0.258412	0.348598	-0.860662	0.240255	-0.258412	0.348598	-0.860662	
0.22	0.238663	-0.235442	0.371836	-0.834882	0.238663	-0.235442	0.371836	-0.834882	
0.24	0.235267	-0.214912	0.392531	-0.808393	0.235267	-0.214912	0.392531	-0.808393	
0.26	0.230611	-0.196682	0.410753	-0.781474	0.230611	-0.196682	0.410753	-0.781474	
0.28	0.225116	-0.180561	0.426601	-0.754379	0.225116	-0.180561	0.426601	-0.754379	
0.3	0.219102	-0.16634	0.440197	-0.727328	0.219102	-0.16634	0.440197	-0.727328	
0.32	0.212808	-0.15381	0.451677	-0.700514	0.212808	-0.15381	0.451677	-0.700514	
0.34	0.206408	-0.142773	0.46119	-0.674097	0.206408	-0.142773	0.46119	-0.674097	
0.36	0.200029	-0.133046	0.468887	-0.648212	0.200029	-0.133046	0.468887	-0.648212	
0.38	0.193757	-0.124467	0.474921	-0.622964	0.193757	-0.124467	0.474921	-0.622964	
0.4	0.187653	-0.116891	0.479442	-0.598436	0.187653	-0.116891	0.479442	-0.598436	
0.42	0.181759	-0.110191	0.482597	-0.57469	0.181759	-0.110191	0.482597	-0.57469	
0.44	0.176099	-0.104257	0.484525	-0.55177	0.176099	-0.104257	0.484525	-0.55177	
0.46	0.170687	-0.0989929	0.485357	-0.529704	0.170687	-0.0989929	0.485357	-0.529704	
0.48	0.16553	-0.0943154	0.485214	-0.508506	0.16553	-0.0943154	0.485214	-0.508506	
0.5	0.160628	-0.0901521	0.484211	-0.48818	0.160628	-0.0901521	0.484211	-0.48818	
0.52	0.155979	-0.0864404	0.482452	-0.468721	0.155979	-0.0864404	0.482452	-0.468721	
0.54	0.151577	-0.0831261	0.48003	-0.450116	0.151577	-0.0831261	0.48003	-0.450116	
0.56	0.147413	-0.0801617	0.477033	-0.432347	0.147413	-0.0801617	0.477033	-0.432347	
0.58	0.14348	-0.0775061	0.473539	-0.415391	0.14348	-0.0775061	0.473539	-0.415391	
0.6	0.139768	-0.0751233	0.469617	-0.399224	0.139768	-0.0751233	0.469617	-0.399224	
0.62	0.136266	-0.0729819	0.465329	-0.383817	0.136266	-0.0729819	0.465329	-0.383817	
0.64	0.132966	-0.0710543	0.460733	-0.36914	0.132966	-0.0710543	0.460733	-0.36914	
0.66	0.129858	-0.0693162	0.455878	-0.355164	0.129858	-0.0693162	0.455878	-0.355164	
0.68	0.126932	-0.0677461	0.450808	-0.341857	0.126932	-0.0677461	0.450808	-0.341857	
0.7	0.12418	-0.0663252	0.445563	-0.329189	0.12418	-0.0663252	0.445563	-0.329189	
0.72	0.121592	-0.0650366	0.440176	-0.31713	0.121592	-0.0650366	0.440176	-0.31713	
0.74	0.11916	-0.0638654	0.434679	-0.305649	0.11916	-0.0638654	0.434679	-0.305649	
0.76	0.116877	-0.0627983	0.429097	-0.294719	0.116877	-0.0627983	0.429097	-0.294719	
0.78	0.114734	-0.0618233	0.423455	-0.284311	0.114734	-0.0618233	0.423455	-0.284311	
0.8	0.112724	-0.0609298	0.417773	-0.274398	0.112724	-0.0609298	0.417773	-0.274398	
0.82	0.11084	-0.0601082	0.412069	-0.264954	0.11084	-0.0601082	0.412069	-0.264954	
0.84	0.109077	-0.0593498	0.406358	-0.255955	0.109077	-0.0593498	0.406358	-0.255955	
0.86	0.107427	-0.0586469	0.400654	-0.247378	0.107427	-0.0586469	0.400654	-0.247378	
0.88	0.105884	-0.0579925	0.394968	-0.239199	0.105884	-0.0579925	0.394968	-0.239199	
0.9	0.104444	-0.05738	0.389309	-0.231397	0.104444	-0.05738	0.389309	-0.231397	
0.92	0.1031	-0.0568039	0.383688	-0.223953	0.1031	-0.0568039	0.383688	-0.223953	
0.94	0.101848	-0.0562588	0.37811	-0.216846	0.101848	-0.0562588	0.37811	-0.216846	
0.96	0.100682	-0.0557399	0.372582	-0.21006	0.100682	-0.0557399	0.372582	-0.21006	
0.98	0.0995976	-0.055243	0.367109	-0.203577	0.0995976	-0.055243	0.367109	-0.203577	
1	0.0985906	-0.0547641	0.361696	-0.197381	0.0985906	-0.0547641	0.361696	-0.197381	
1.02	0.0976566	-0.0542996	0.356345	-0.191456	0.0976566	-0.0542996	0.356345	-0.191456	
1.04	0.0967913	-0.0538463	0.351059	-0.185789	0.0967913	-0.0538463	0.351059	-0.185789	
1.06	0.0959908	-0.0534013	0.345841	-0.180366	0.0959908	-0.0534013	0.345841	-0.180366	
1.08	0.0952512	-0.052962	0.340693	-0.175173	0.0952512	-0.052962	0.340693	-0.175173	
1.1	0.0945688	-0.0525259	0.335615	-0.170199	0.0945688	-0.0525259	0.335615	-0.170199	
1.12	0.09394	-0.0520908	0.330609	-0.165434	0.09394	-0.0520908	0.330609	-0.165434	
1.14	0.0933614	-0.051655	0.325676	-0.160865	0.0933614	-0.051655	0.325676	-0.160865	
1.16	0.0928297	-0.0512166	0.320814	-0.156483	0.0928297	-0.0512166	0.320814	-0.156483	
1.18	0.0923417	-0.0507743	0.316025	-0.152278	0.0923417	-0.0507743	0.316025	-0.152278	
1.2	0.0918942	-0.0503265	0.311308	-0.148242	0.0918942	-0.0503265	0.311308	-0.148242	
1.22	0.0914844	-0.0498723	0.306662	-0.144366	0.0914844	-0.0498723	0.306662	-0.144366	
1.24	0.0911095	-0.0494106	0.302088	-0.140642	0.0911095	-0.0494106	0.302088	-0.140642	
1.26	0.0907665	-0.0489407	0.297583	-0.137062	0.0907665	-0.0489407	0.297583	-0.137062	
1.28	0.090453	-0.0484617	0.293149	-0.13362	0.090453	-0.0484617	0.293149	-0.13362	
1.3	0.0901664	-0.0479732	0.288782	-0.130309	0.0901664	-0.0479732	0.288782	-0.130309	
1.32	0.0899043	-0.0474749	0.284484	-0.127123	0.0899043	-0.0474749	0.284484	-0.127123	
1.34	0.0896643	-0.0469662	0.280251	-0.124055	0.0896643	-0.0469662	0.280251	-0.124055	
1.36	0.0894443	-0.0464472	0.276084	-0.1211	0.0894443	-0.0464472	0.276084	-0.1211	
1.38	0.0892421	-0.0459177	0.271981	-0.118252	0.0892421	-0.0459177	0.271981	-0.118252	
1.4	0.0890557	-0.0453777	0.267941	-0.115507	0.0890557	-0.0453777	0.267941	-0.115507	
1.42	0.0888833	-0.0448273	0.263962	-0.112861	0.0888833	-0.0448273	0.263962	-0.112861	
1.44	0.088723	-0.0442667	0.260044	-0.110307	0.088723	-0.0442667	0.260044	-0.110307	
1.46	0.0885731	-0.0436962	0.256184	-0.107843	0.0885731	-0.0436962	0.256184	-0.107843	
1.48	0.088432	-0.043116	0.252382	-0.105464	0.088432	-0.043116	0.252382	-0.105464	
1.5	0.0882983	-0.0425266	0.248636	-0.103166	0.0882983	-0.0425266	0.248636	-0.103166	
1.52	0.0881705	-0.0419284	0.244945	-0.100946	0.0881705	-0.0419284	0.244945	-0.100946	
1.54	0.0880472	-0.0413219	0.241308	-0.0987999	0.0880472	-0.0413219	0.241308	-0.0987999	
1.56	0.0879273	-0.0407075	0.237723	-0.0967252	0.0879273	-0.0407075	0.237723	-0.0967252	
1.58	0.0878097	-0.0400859	0.234189	-0.0947184	0.0878097	-0.0400859	0.234189	-0.0947184	
1.6	0.0876932	-0.0394576	0.230705	-0.0927767	0.0876932	-0.0394576	0.230705	-0.0927767	
1.62	0.087577	-0.0388233	0.22727	-0.0908974	0.087577	-0.0388233	0.22727	-0.0908974	
1.64	0.0874601	-0.0381834	0.223881	-0.0890777	0.0874601	-0.0381834	0.223881	-0.0890777	
1.66	0.0873418	-0.0375388	0.220539	-0.0873152	0.0873418	-0.0375388	0.220539	-0.0873152	
1.68	0.0872212	-0.03689	0.217242	-0.0856075	0.0872212	-0.03689	0.217242	-0.0856075	
1.7	0.0870979	-0.0362377	0.213988	-0.0839524	0.0870979	-0.0362377	0.213988	-0.0839524	
1.72	0.0869712	-0.0355825	0.210776	-0.0823476	0.0869712	-0.0355825	0.210776	-0.0823476	
1.74	0.0868406	-0.034925	0.207606	-0.0807913	0.0868406	-0.034925	0.207606	-0.0807913	
1.76	0.0867056	-0.034266	0.204476	-0.0792814	0.0867056	-0.034266	0.204476	-0.0792814	
1.78	0.0865659	-0.033606	0.201385	-0.077816	0.0865659	-0.033606	0.201385	-0.077816	
1.8	0.0864211	-0.0329457	0.198331	-0.0763935	0.0864211	-0.0329457	0.198331	-0.0763935	
1.82	0.0862711	-0.0322856	0.195315	-0.0750122	0.0862711	-0.0322856	0.195315	-0.0750122	
1.84	0.0861154	-0.0316263	0.192334	-0.0736703	0.0861154	-0.0316263	0.192334	-0.0736703	
1.86	0.085954	-0.0309685	0.189387	-0.0723666	0.085954	-0.0309685	0.189387	-0.0723666	
1.88	0.0857868	-0.0303126	0.186475	-0.0710993	0.0857868	-0.0303126	0.186475	-0.0710993	
1.9	0.0856136	-0.0296593	0.183595	-0.0698673	0.0856136	-0.0296593	0.183595	-0.0698673	
1.92	0.0854344	-0.0290089	0.180746	-0.0686691	0.0854344	-0.0290089	0.180746	-0.0686691	
1.94	0.0852492	-0.028362	0.177928	-0.0675036	0.0852492	-0.028362	0.177928	-0.0675036	
1.96	0.085058	-0.027719	0.17514	-0.0663694	0.085058	-0.027719	0.17514	-0.0663694	
1.98	0.0848608	-0.0270804	0.172381	-0.0652655	0.0848608	-0.0270804	0.172381	-0.0652655	
2	0.0846577	-0.0264465	0.16965	-0.0641907	0.0846577	-0.0264465	0.16965	-0.0641907	
2.02	0.0844488	-0.0258178	0.166945	-0.063144	0.0844488	-0.0258178	0.166945	-0.063144	
2.04	0.0842342	-0.0251946	0.164266	-0.0621244	0.0842342	-0.0251946	0.164266	-0.0621244	
2.06	0.084014	-0.0245773	0.161613	-0.0611309	0.084014	-0.0245773	0.161613	-0.0611309	
2.08	0.0837884	-0.0239661	0.158984	-0.0601626	0.0837884	-0.0239661	0.158984	-0.0601626	
2.1	0.0835576	-0.0233614	0.156378	-0.0592187	0.0835576	-0.0233614	0.156378	-0.0592187	
2.12	0.0833216	-0.0227634	0.153795	-0.0582982	0.0833216	-0.0227634	0.153795	-0.0582982	
2.14	0.0830807	-0.0221724	0.151234	-0.0574004	0.0830807	-0.0221724	0.151234	-0.0574004	
2.16	0.0828351	-0.0215885	0.148694	-0.0565246	0.0828351	-0.0215885	0.148694	-0.0565246	
2.18	0.082585	-0.021012	0.146174	-0.0556699	0.082585	-0.021012	0.146174	-0.0556699	
2.2	0.0823305	-0.0204431	0.143674	-0.0548356	0.0823305	-0.0204431	0.143674	-0.0548356	
2.22	0.082072	-0.0198819	0.141192	-0.0540212	0.082072	-0.0198819	0.141192	-0.0540212	
2.24	0.0818095	-0.0193285	0.138728	-0.0532258	0.0818095	-0.0193285	0.138728	-0.0532258	
2.26	0.0815434	-0.0187831	0.136281	-0.052449	0.0815434	-0.0187831	0.136281	-0.052449	
2.28	0.0812737	-0.0182458	0.13385	-0.0516901	0.0812737	-0.0182458	0.13385	-0.0516901	
2.3	0.0810008	-0.0177167	0.131435	-0.0509485	0.0810008	-0.0177167	0.131435	-0.0509485	
2.32	0.0807249	-0.0171958	0.129035	-0.0502238	0.0807249	-0.0171958	0.129035	-0.0502238	
2.34	0.0804461	-0.0166831	0.12665	-0.0495153	0.0804461	-0.0166831	0.12665	-0.0495153	
2.36	0.0801647	-0.0161789	0.124277	-0.0488225	0.0801647	-0.0161789	0.124277	-0.0488225	
2.38	0.0798809	-0.015683	0.121918	-0.0481451	0.0798809	-0.015683	0.121918	-0.0481451	
2.4	0.0795949	-0.0151955	0.11957	-0.0474824	0.0795949	-0.0151955	0.11957	-0.0474824	
2.42	0.0793068	-0.0147164	0.117234	-0.0468341	0.0793068	-0.0147164	0.117234	-0.0468341	
2.44	0.0790169	-0.0142456	0.114908	-0.0461998	0.0790169	-0.0142456	0.114908	-0.0461998	
2.46	0.0787254	-0.0137833	0.112593	-0.045579	0.0787254	-0.0137833	0.112593	-0.045579	
2.48	0.0784324	-0.0133293	0.110286	-0.0449714	0.0784324	-0.0133293	0.110286	-0.0449714	
2.5	0.0781381	-0.0128836	0.107988	-0.0443765	0.0781381	-0.0128836	0.107988	-0.0443765	
2.52	0.0778428	-0.0124462	0.105698	-0.043794	0.0778428	-0.0124462	0.105698	-0.043794	
2.54	0.0775465	-0.0120171	0.103415	-0.0432235	0.0775465	-0.0120171	0.103415	-0.0432235	
2.56	0.0772494	-0.0115961	0.101139	-0.0426648	0.0772494	-0.0115961	0.101139	-0.0426648	
2.58	0.0769517	-0.0111832	0.0988684	-0.0421175	0.0769517	-0.0111832	0.0988684	-0.0421175	
2.6	0.0766536	-0.0107784	0.0966029	-0.0415813	0.0766536	-0.0107784	0.0966029	-0.0415813	
2.62	0.0763551	-0.0103815	0.0943417	-0.0410558	0.0763551	-0.0103815	0.0943417	-0.0410558	
2.64	0.0760565	-0.00999259	0.0920843	-0.0405409	0.0760565	-0.00999259	0.0920843	-0.0405409	
2.66	0.0757578	-0.00961147	0.0898297	-0.0400362	0.0757578	-0.00961147	0.0898297	-0.0400362	
2.68	0.0754592	-0.00923807	0.0875775	-0.0395415	0.0754592	-0.00923807	0.0875775	-0.0395415	
2.7	0.0751609	-0.00887233	0.0853268	-0.0390566	0.0751609	-0.00887233	0.0853268	-0.0390566	
2.72	0.0748628	-0.00851414	0.0830769	-0.0385811	0.0748628	-0.00851414	0.0830769	-0.0385811	
2.74	0.0745652	-0.00816341	0.0808271	-0.0381149	0.0745652	-0.00816341	0.0808271	-0.0381149	
2.76	0.0742682	-0.00782005	0.0785766	-0.0376577	0.0742682	-0.00782005	0.0785766	-0.0376577	
2.78	0.0739717	-0.00748396	0.0763248	-0.0372094	0.0739717	-0.00748396	0.0763248	-0.0372094	
2.8	0.0736761	-0.00715504	0.0740707	-0.0367697	0.0736761	-0.00715504	0.0740707	-0.0367697	
2.82	0.0733812	-0.00683318	0.0718138	-0.0363385	0.0733812	-0.00683318	0.0718138	-0.0363385	
2.84	0.0730873	-0.0065183	0.0695531	-0.0359155	0.0730873	-0.0065183	0.0695531	-0.0359155	
2.86	0.0727944	-0.00621028	0.067288	-0.0355005	0.0727944	-0.00621028	0.067288	-0.0355005	
2.88	0.0725026	-0.00590902	0.0650175	-0.0350935	0.0725026	-0.00590902	0.0650175	-0.0350935	
2.9	0.0722119	-0.00561443	0.0627409	-0.0346942	0.0722119	-0.00561443	0.0627409	-0.0346942	
2.92	0.0719224	-0.00532638	0.0604573	-0.0343025	0.0719224	-0.00532638	0.0604573	-0.0343025	
2.94	0.0716342	-0.00504479	0.0581659	-0.0339183	0.0716342	-0.00504479	0.0581659	-0.0339183	
2.96	0.0713474	-0.00476955	0.0558658	-0.0335414	0.0713474	-0.00476955	0.0558658	-0.0335414	
2.98	0.071062	-0.00450055	0.0535561	-0.0331716	0.071062	-0.00450055	0.0535561	-0.0331716	
3	0.070778	-0.00423769	0.0512359	-0.0328089	0.070778	-0.00423769	0.0512359	-0.0328089	
3.02	0.0704954	-0.00398087	0.0489042	-0.0324531	0.0704954	-0.00398087	0.0489042	-0.0324531	
3.04	0.0702145	-0.00372999	0.0465601	-0.0321041	0.0702145	-0.00372999	0.0465601	-0.0321041	
3.06	0.0699351	-0.00348494	0.0442025	-0.0317617	0.0699351	-0.00348494	0.0442025	-0.0317617	
3.08	0.0696573	-0.00324562	0.0418306	-0.031426	0.0696573	-0.00324562	0.0418306	-0.031426	
3.1	0.0693812	-0.00301195	0.0394431	-0.0310968	0.0693812	-0.00301195	0.0394431	-0.0310968	
3.12	0.0691068	-0.00278381	0.0370391	-0.030774	0.0691068	-0.00278381	0.0370391	-0.030774	
3.14	0.068834	-0.00256111	0.0346174	-0.0304575	0.068834	-0.00256111	0.0346174	-0.0304575	
3.16	0.0685631	-0.00234375	0.0321768	-0.0301472	0.0685631	-0.00234375	0.0321768	-0.0301472	
3.18	0.0682938	-0.00213164	0.0297163	-0.0298431	0.0682938	-0.00213164	0.0297163	-0.0298431	
3.2	0.0680264	-0.00192468	0.0272345	-0.029545	0.0680264	-0.00192468	0.0272345	-0.029545	
3.22	0.0677607	-0.00172279	0.0247302	-0.029253	0.0677607	-0.00172279	0.0247302	-0.029253	
3.24	0.0674969	-0.00152586	0.022202	-0.028967	0.0674969	-0.00152586	0.022202	-0.028967	
3.26	0.0672349	-0.00133382	0.0196487	-0.0286868	0.0672349	-0.00133382	0.0196487	-0.0286868	
3.28	0.0669747	-0.00114656	0.0170688	-0.0284125	0.0669747	-0.00114656	0.0170688	-0.0284125	
3.3	0.0667164	-0.00096401	0.0144607	-0.0281441	0.0667164	-0.00096401	0.0144607	-0.0281441	
3.32	0.0664599	-0.000786073	0.0118231	-0.0278814	0.0664599	-0.000786073	0.0118231	-0.0278814	
3.34	0.0662053	-0.000612667	0.00915428	-0.0276244	0.0662053	-0.000612667	0.00915428	-0.0276244	
3.36	0.0659526	-0.000443708	0.00645259	-0.0273731	0.0659526	-0.000443708	0.00645259	-0.0273731	
3.38	0.0657017	-0.000279114	0.00371633	-0.0271276	0.0657017	-0.000279114	0.00371633	-0.0271276	
3.4	0.0654527	-0.000118803	0.000943682	-0.0268876	0.0654527	-0.000118803	0.000943682	-0.0268876	
3.42	0.0652056	3.73028e-05	-0.00186723	-0.0266534	0.0652056	3.73028e-05	-0.00186723	-0.0266534	
3.44	0.0649603	0.000189283	-0.00471836	-0.0264248	0.0649603	0.000189283	-0.00471836	-0.0264248	
3.46	0.0647169	0.000337215	-0.00761178	-0.0262018	0.0647169	0.000337215	-0.00761178	-0.0262018	
3.48	0.0644753	0.000481174	-0.0105496	-0.0259845	0.0644753	0.000481174	-0.0105496	-0.0259845	
3.5	0.0642356	0.000621235	-0.0135342	-0.0257728	0.0642356	0.000621235	-0.0135342	-0.0257728	
3.52	0.0639977	0.000757471	-0.0165678	-0.0255668	0.0639977	0.000757471	-0.0165678	-0.0255668	
3.54	0.0637617	0.000889954	-0.0196529	-0.0253665	0.0637617	0.000889954	-0.0196529	-0.0253665	
3.56	0.0635274	0.00101875	-0.0227922	-0.0251719	0.0635274	0.00101875	-0.0227922	-0.0251719	
3.58	0.063295	0.00114394	-0.0259883	-0.0249831	0.063295	0.00114394	-0.0259883	-0.0249831	
3.6	0.0630644	0.00126558	-0.0292443	-0.0248001	0.0630644	0.00126558	-0.0292443	-0.0248001	
3.62	0.0628356	0.00138375	-0.032563	-0.0246229	0.0628356	0.00138375	-0.032563	-0.0246229	
3.64	0.0626085	0.0014985	-0.0359478	-0.0244517	0.0626085	0.0014985	-0.0359478	-0.0244517	
3.66	0.0623832	0.00160991	-0.039402	-0.0242864	0.0623832	0.00160991	-0.039402	-0.0242864	
3.68	0.0621597	0.00171803	-0.0429292	-0.0241272	0.0621597	0.00171803	-0.0429292	-0.0241272	
3.7	0.0619379	0.00182293	-0.0465332	-0.0239742	0.0619379	0.00182293	-0.0465332	-0.0239742	
3.72	0.0617178	0.00192467	-0.0502179	-0.0238274	0.0617178	0.00192467	-0.0502179	-0.0238274	
3.74	0.0614994	0.00202331	-0.0539878	-0.0236869	0.0614994	0.00202331	-0.0539878	-0.0236869	
3.76	0.0612826	0.00211891	-0.0578471	-0.023553	0.0612826	0.00211891	-0.0578471	-0.023553	
3.78	0.0610676	0.00221153	-0.0618008	-0.0234256	0.0610676	0.00221153	-0.0618008	-0.0234256	
3.8	0.0608542	0.00230123	-0.065854	-0.023305	0.0608542	0.00230123	-0.065854	-0.023305	
3.82	0.0606424	0.00238806	-0.070012	-0.0231913	0.0606424	0.00238806	-0.070012	-0.0231913	
3.84	0.0604322	0.00247207	-0.0742807	-0.0230848	0.0604322	0.00247207	-0.0742807	-0.0230848	
3.86	0.0602236	0.00255332	-0.0786662	-0.0229855	0.0602236	0.00255332	-0.0786662	-0.0229855	
3.88	0.0600166	0.00263187	-0.083175	-0.0228937	0.0600166	0.00263187	-0.083175	-0.0228937	
3.9	0.0598112	0.00270777	-0.0878144	-0.0228097	0.0598112	0.00270777	-0.0878144	-0.0228097	
3.92	0.0596073	0.00278106	-0.0925917	-0.0227337	0.0596073	0.00278106	-0.0925917	-0.0227337	
3.94	0.0594048	0.00285181	-0.0975152	-0.022666	0.0594048	0.00285181	-0.0975152	-0.022666	
3.96	0.0592039	0.00292005	-0.102593	-0.022607	0.0592039	0.00292005	-0.102593	-0.022607	
3.98	0.0590045	0.00298584	-0.107836	-0.0225568	0.0590045	0.00298584	-0.107836	-0.0225568	
4	0.0588065	0.00304923	-0.113253	-0.022516	0.0588065	0.00304923	-0.113253	-0.022516	
4.02	0.05861	0.00311026	-0.118854	-0.022485	0.05861	0.00311026	-0.118854	-0.022485	
4.04	0.0584148	0.00316899	-0.124653	-0.0224642	0.0584148	0.00316899	-0.124653	-0.0224642	
4.06	0.0582211	0.00322545	-0.130661	-0.022454	0.0582211	0.00322545	-0.130661	-0.022454	
4.08	0.0580287	0.00327969	-0.136893	-0.0224552	0.0580287	0.00327969	-0.136893	-0.0224552	
4.1	0.0578377	0.00333176	-0.143363	-0.0224682	0.0578377	0.00333176	-0.143363	-0.0224682	
4.12	0.057648	0.0033817	-0.150087	-0.0224937	0.057648	0.0033817	-0.150087	-0.0224937	
4.14	0.0574596	0.00342956	-0.157084	-0.0225326	0.0574596	0.00342956	-0.157084	-0.0225326	
4.16	0.0572725	0.00347537	-0.164372	-0.0225856	0.0572725	0.00347537	-0.164372	-0.0225856	
4.18	0.0570867	0.00351918	-0.171974	-0.0226537	0.0570867	0.00351918	-0.171974	-0.0226537	
4.2	0.0569021	0.00356103	-0.179911	-0.0227378	0.0569021	0.00356103	-0.179911	-0.0227378	
4.22	0.0567188	0.00360096	-0.18821	-0.0228392	0.0567188	0.00360096	-0.18821	-0.0228392	
4.24	0.0565366	0.00363902	-0.196899	-0.0229591	0.0565366	0.00363902	-0.196899	-0.0229591	
4.26	0.0563557	0.00367523	-0.206008	-0.0230989	0.0563557	0.00367523	-0.206008	-0.0230989	
4.28	0.0561759	0.00370964	-0.215573	-0.0232603	0.0561759	0.00370964	-0.215573	-0.0232603	
4.3	0.0559973	0.00374228	-0.225631	-0.0234451	0.0559973	0.00374228	-0.225631	-0.0234451	
4.32	0.0558198	0.0037732	-0.236225	-0.0236554	0.0558198	0.0037732	-0.236225	-0.0236554	
4.34	0.0556435	0.00380244	-0.247403	-0.0238935	0.0556435	0.00380244	-0.247403	-0.0238935	
4.36	0.0554682	0.00383002	-0.259216	-0.0241621	0.0554682	0.00383002	-0.259216	-0.0241621	
4.38	0.055294	0.00385598	-0.271726	-0.0244643	0.055294	0.00385598	-0.271726	-0.0244643	
4.4	0.0551209	0.00388037	-0.284999	-0.0248035	0.0551209	0.00388037	-0.284999	-0.0248035	
4.42	0.0549488	0.00390321	-0.299112	-0.0251838	0.0549488	0.00390321	-0.299112	-0.0251838	
4.44	0.0547777	0.00392454	-0.314151	-0.02561	0.0547777	0.00392454	-0.314151	-0.02561	
4.46	0.0546076	0.00394439	-0.330216	-0.0260874	0.0546076	0.00394439	-0.330216	-0.0260874	
4.48	0.0544385	0.00396281	-0.347419	-0.0266226	0.0544385	0.00396281	-0.347419	-0.0266226	
4.5	0.0542704	0.00397981	-0.365891	-0.027223	0.0542704	0.00397981	-0.365891	-0.027223	
4.52	0.0541032	0.00399543	-0.385784	-0.0278976	0.0541032	0.00399543	-0.385784	-0.0278976	
4.54	0.053937	0.00400971	-0.407273	-0.028657	0.053937	0.00400971	-0.407273	-0.028657	
4.56	0.0537717	0.00402268	-0.430566	-0.0295142	0.0537717	0.00402268	-0.430566	-0.0295142	
4.58	0.0536073	0.00403436	-0.455906	-0.0304845	0.0536073	0.00403436	-0.455906	-0.0304845	
4.6	0.0534438	0.00404479	-0.483583	-0.0315871	0.0534438	0.00404479	-0.483583	-0.0315871	
4.62	0.0532811	0.00405401	-0.513942	-0.0328453	0.0532811	0.00405401	-0.513942	-0.0328453	
4.64	0.0531193	0.00406203	-0.547404	-0.0342884	0.0531193	0.00406203	-0.547404	-0.0342884	
4.66	0.0529584	0.00406889	-0.584477	-0.0359531	0.0529584	0.00406889	-0.584477	-0.0359531	
4.68	0.0527983	0.00407461	-0.62579	-0.0378865	0.0527983	0.00407461	-0.62579	-0.0378865	
4.7	0.0526389	0.00407923	-0.672127	-0.0401495	0.0526389	0.00407923	-0.672127	-0.0401495	
4.72	0.0524804	0.00408278	-0.724475	-0.0428222	0.0524804	0.00408278	-0.724475	-0.0428222	
4.74	0.0523227	0.00408528	-0.784098	-0.0460118	0.0523227	0.00408528	-0.784098	-0.0460118	
4.76	0.0521657	0.00408676	-0.852644	-0.049865	0.0521657	0.00408676	-0.852644	-0.049865	
4.78	0.0520095	0.00408724	-0.932295	-0.054587	0.0520095	0.00408724	-0.932295	-0.054587	
4.8	0.0518541	0.00408676	-1.02601	-0.0604724	0.0518541	0.00408676	-1.02601	-0.0604724	
4.82	0.0516994	0.00408534	-1.13789	-0.0679579	0.0516994	0.00408534	-1.13789	-0.0679579	
4.84	0.0515454	0.004083	-1.27382	-0.0777155	0.0515454	0.004083	-1.27382	-0.0777155	
4.86	0.0513921	0.00407977	-1.44252	-0.0908261	0.0513921	0.00407977	-1.44252	-0.0908261	
4.88	0.0512395	0.00407568	-1.6575	-0.109127	0.0512395	0.00407568	-1.6575	-0.109127	
4.9	0.0510876	0.00407075	-1.94086	-0.135962	0.0510876	0.00407075	-1.94086	-0.135962	
4.92	0.0509363	0.004065	-2.33139	-0.177994	0.0509363	0.004065	-2.33139	-0.177994	
4.94	0.0507858	0.00405846	-2.90398	-0.25021	0.0507858	0.00405846	-2.90398	-0.25021	
4.96	0.0506359	0.00405115	-3.82391	-0.39278	0.0506359	0.00405115	-3.82391	-0.39278	
4.98	0.0504866	0.0040431	-5.53994	-0.747834	0.0504866	0.0040431	-5.53994	-0.747834	
5	0.050338	0.00403432	-9.80458	-2.16606	0.050338	0.00403432	-9.80458	-2.16606	
5.02	0.0501899	0.00402484	-25.9914	-26.8132	0.0501899	0.00402484	-25.9914	-26.8132	
5.04	0.0500425	0.00401469	15.719	-4.6001	0.0500425	0.00401469	15.719	-4.6001	
5.06	0.0498958	0.00400387	7.34007	-0.8313	0.0498958	0.00400387	7.34007	-0.8313	
5.08	0.0497496	0.00399242	4.76148	-0.306735	0.0497496	0.00399242	4.76148	-0.306735	
5.1	0.049604	0.00398036	3.5329	-0.148237	0.049604	0.00398036	3.5329	-0.148237	
5.12	0.0494589	0.0039677	2.81632	-0.0823316	0.0494589	0.0039677	2.81632	-0.0823316	
5.14	0.0493145	0.00395446	2.34729	-0.0496697	0.0493145	0.00395446	2.34729	-0.0496697	
5.16	0.0491706	0.00394068	2.01651	-0.031587	0.0491706	0.00394068	2.01651	-0.031587	
5.18	0.0490273	0.00392635	1.77074	-0.0207881	0.0490273	0.00392635	1.77074	-0.0207881	
5.2	0.0488845	0.00391151	1.58092	-0.0139779	0.0488845	0.00391151	1.58092	-0.0139779	
5.22	0.0487423	0.00389618	1.4299	-0.00950584	0.0487423	0.00389618	1.4299	-0.00950584	
5.24	0.0486006	0.00388036	1.30687	-0.00647791	0.0486006	0.00388036	1.30687	-0.00647791	
5.26	0.0484594	0.00386408	1.20469	-0.00437958	0.0484594	0.00386408	1.20469	-0.00437958	
5.28	0.0483188	0.00384736	1.11848	-0.00289988	0.0483188	0.00384736	1.11848	-0.00289988	
5.3	0.0481787	0.00383022	1.04474	-0.00184319	0.0481787	0.00383022	1.04474	-0.00184319	
5.32	0.0480391	0.00381266	0.980956	-0.00108231	0.0480391	0.00381266	0.980956	-0.00108231	
5.34	0.0479	0.00379471	0.925221	-0.000532142	0.0479	0.00379471	0.925221	-0.000532142	
5.36	0.0477614	0.00377639	0.8761	-0.000134427	0.0477614	0.00377639	0.8761	-0.000134427	
5.38	0.0476233	0.0037577	0.832475	0.000151587	0.0476233	0.0037577	0.832475	0.000151587	
5.4	0.0474857	0.00373867	0.793469	0.000354901	0.0474857	0.00373867	0.793469	0.000354901	
5.42	0.0473486	0.00371932	0.758379	0.000496478	0.0473486	0.00371932	0.758379	0.000496478	
5.44	0.047212	0.00369964	0.726641	0.000591675	0.047212	0.00369964	0.726641	0.000591675	
5.46	0.0470759	0.00367967	0.697793	0.000651876	0.0470759	0.00367967	0.697793	0.000651876	
5.48	0.0469402	0.00365941	0.671454	0.000685609	0.0469402	0.00365941	0.671454	0.000685609	
5.5	0.046805	0.00363889	0.647308	0.000699316	0.046805	0.00363889	0.647308	0.000699316	
5.52	0.0466703	0.0036181	0.625088	0.000697903	0.0466703	0.0036181	0.625088	0.000697903	
5.54	0.0465361	0.00359707	0.604572	0.00068513	0.0465361	0.00359707	0.604572	0.00068513	
5.56	0.0464023	0.00357581	0.585568	0.000663895	0.0464023	0.00357581	0.585568	0.000663895	
5.58	0.046269	0.00355433	0.567912	0.000636442	0.046269	0.00355433	0.567912	0.000636442	
5.6	0.0461361	0.00353265	0.551466	0.000604514	0.0461361	0.00353265	0.551466	0.000604514	
5.62	0.0460037	0.00351077	0.536106	0.000569468	0.0460037	0.00351077	0.536106	0.000569468	
5.64	0.0458717	0.00348871	0.521727	0.000532363	0.0458717	0.00348871	0.521727	0.000532363	
5.66	0.0457402	0.00346649	0.508236	0.000494024	0.0457402	0.00346649	0.508236	0.000494024	
5.68	0.0456091	0.0034441	0.495553	0.000455093	0.0456091	0.0034441	0.495553	0.000455093	
5.7	0.0454785	0.00342157	0.483606	0.000416071	0.0454785	0.00342157	0.483606	0.000416071	
5.72	0.0453483	0.0033989	0.47233	0.000377342	0.0453483	0.0033989	0.47233	0.000377342	
5.74	0.0452186	0.00337611	0.461671	0.000339204	0.0452186	0.00337611	0.461671	0.000339204	
5.76	0.0450893	0.00335319	0.451578	0.000301882	0.0450893	0.00335319	0.451578	0.000301882	
5.78	0.0449604	0.00333018	0.442006	0.000265543	0.0449604	0.00333018	0.442006	0.000265543	
5.8	0.044832	0.00330707	0.432915	0.000230311	0.044832	0.00330707	0.432915	0.000230311	
5.82	0.044704	0.00328387	0.424268	0.000196274	0.044704	0.00328387	0.424268	0.000196274	
5.84	0.0445764	0.00326059	0.416033	0.000163491	0.0445764	0.00326059	0.416033	0.000163491	
5.86	0.0444492	0.00323725	0.408181	0.000131996	0.0444492	0.00323725	0.408181	0.000131996	
5.88	0.0443225	0.00321385	0.400685	0.000101809	0.0443225	0.00321385	0.400685	0.000101809	
5.9	0.0441963	0.0031904	0.393521	7.29335e-05	0.0441963	0.0031904	0.393521	7.29335e-05	
5.92	0.0440704	0.0031669	0.386666	4.53616e-05	0.0440704	0.0031669	0.386666	4.53616e-05	
5.94	0.043945	0.00314337	0.3801	1.90773e-05	0.043945	0.00314337	0.3801	1.90773e-05	
5.96	0.04382	0.00311981	0.373805	-5.94229e-06	0.04382	0.00311981	0.373805	-5.94229e-06	
5.98	0.0436954	0.00309623	0.367763	-2.97252e-05	0.0436954	0.00309623	0.367763	-2.97252e-05	
6	0.0435712	0.00307264	0.361961	-5.23034e-05	0.0435712	0.00307264	0.361961	-5.23034e-05	
6.02	0.0434475	0.00304905	0.356382	-7.37117e-05	0.0434475	0.00304905	0.356382	-7.37117e-05	
6.04	0.0433241	0.00302545	0.351014	-9.39867e-05	0.0433241	0.00302545	0.351014	-9.39867e-05	
6.06	0.0432012	0.00300187	0.345844	-0.000113166	0.0432012	0.00300187	0.345844	-0.000113166	
6.08	0.0430788	0.0029783	0.340862	-0.000131289	0.0430788	0.0029783	0.340862	-0.000131289	
6.1	0.0429567	0.00295475	0.336058	-0.000148395	0.0429567	0.00295475	0.336058	-0.000148395	
6.12	0.0428351	0.00293123	0.33142	-0.000164522	0.0428351	0.00293123	0.33142	-0.000164522	
6.14	0.0427138	0.00290774	0.326941	-0.000179708	0.0427138	0.00290774	0.326941	-0.000179708	
6.16	0.042593	0.00288429	0.322613	-0.000193993	0.042593	0.00288429	0.322613	-0.000193993	
6.18	0.0424726	0.00286088	0.318427	-0.000207413	0.0424726	0.00286088	0.318427	-0.000207413	
6.2	0.0423527	0.00283752	0.314376	-0.000220004	0.0423527	0.00283752	0.314376	-0.000220004	
6.22	0.0422331	0.00281422	0.310454	-0.000231802	0.0422331	0.00281422	0.310454	-0.000231802	
6.24	0.042114	0.00279098	0.306654	-0.000242842	0.042114	0.00279098	0.306654	-0.000242842	
6.26	0.0419952	0.00276779	0.30297	-0.000253157	0.0419952	0.00276779	0.30297	-0.000253157	
6.28	0.0418769	0.00274468	0.299397	-0.000262779	0.0418769	0.00274468	0.299397	-0.000262779	
6.3	0.041759	0.00272164	0.29593	-0.00027174	0.041759	0.00272164	0.29593	-0.00027174	
6.32	0.0416415	0.00269868	0.292564	-0.000280069	0.0416415	0.00269868	0.292564	-0.000280069	
6.34	0.0415245	0.0026758	0.289294	-0.000287795	0.0415245	0.0026758	0.289294	-0.000287795	
6.36	0.0414078	0.002653	0.286116	-0.000294946	0.0414078	0.002653	0.286116	-0.000294946	
6.38	0.0412916	0.00263029	0.283026	-0.000301549	0.0412916	0.00263029	0.283026	-0.000301549	
6.4	0.0411757	0.00260767	0.28002	-0.00030763	0.0411757	0.00260767	0.28002	-0.00030763	
6.42	0.0410603	0.00258515	0.277095	-0.000313213	0.0410603	0.00258515	0.277095	-0.000313213	
6.44	0.0409453	0.00256273	0.274247	-0.000318321	0.0409453	0.00256273	0.274247	-0.000318321	
6.46	0.0408307	0.0025404	0.271473	-0.000322978	0.0408307	0.0025404	0.271473	-0.000322978	
6.48	0.0407166	0.00251819	0.26877	-0.000327204	0.0407166	0.00251819	0.26877	-0.000327204	
6.5	0.0406028	0.00249608	0.266135	-0.000331021	0.0406028	0.00249608	0.266135	-0.000331021	
6.52	0.0404895	0.00247408	0.263566	-0.000334449	0.0404895	0.00247408	0.263566	-0.000334449	
6.54	0.0403765	0.00245219	0.26106	-0.000337506	0.0403765	0.00245219	0.26106	-0.000337506	
6.56	0.040264	0.00243042	0.258614	-0.000340211	0.040264	0.00243042	0.258614	-0.000340211	
6.58	0.0401519	0.00240877	0.256227	-0.000342581	0.0401519	0.00240877	0.256227	-0.000342581	
6.6	0.0400402	0.00238723	0.253896	-0.000344632	0.0400402	0.00238723	0.253896	-0.000344632	
6.62	0.0399289	0.00236582	0.251618	-0.000346381	0.0399289	0.00236582	0.251618	-0.000346381	
6.64	0.039818	0.00234454	0.249393	-0.000347842	0.039818	0.00234454	0.249393	-0.000347842	
6.66	0.0397075	0.00232338	0.247217	-0.00034903	0.0397075	0.00232338	0.247217	-0.00034903	
6.68	0.0395975	0.00230234	0.245091	-0.00034996	0.0395975	0.00230234	0.245091	-0.00034996	
6.7	0.0394878	0.00228144	0.24301	-0.000350643	0.0394878	0.00228144	0.24301	-0.000350643	
6.72	0.0393786	0.00226067	0.240975	-0.000351093	0.0393786	0.00226067	0.240975	-0.000351093	
6.74	0.0392697	0.00224003	0.238983	-0.000351322	0.0392697	0.00224003	0.238983	-0.000351322	
6.76	0.0391613	0.00221952	0.237033	-0.000351342	0.0391613	0.00221952	0.237033	-0.000351342	
6.78	0.0390533	0.00219915	0.235124	-0.000351162	0.0390533	0.00219915	0.235124	-0.000351162	
6.8	0.0389457	0.00217891	0.233254	-0.000350795	0.0389457	0.00217891	0.233254	-0.000350795	
6.82	0.0388385	0.00215882	0.231422	-0.00035025	0.0388385	0.00215882	0.231422	-0.00035025	
6.84	0.0387317	0.00213886	0.229627	-0.000349536	0.0387317	0.00213886	0.229627	-0.000349536	
6.86	0.0386253	0.00211904	0.227867	-0.000348663	0.0386253	0.00211904	0.227867	-0.000348663	
6.88	0.0385194	0.00209936	0.226142	-0.000347639	0.0385194	0.00209936	0.226142	-0.000347639	
6.9	0.0384138	0.00207982	0.22445	-0.000346474	0.0384138	0.00207982	0.22445	-0.000346474	
6.92	0.0383087	0.00206043	0.222791	-0.000345174	0.0383087	0.00206043	0.222791	-0.000345174	
6.94	0.0382039	0.00204117	0.221163	-0.000343747	0.0382039	0.00204117	0.221163	-0.000343747	
6.96	0.0380995	0.00202207	0.219565	-0.000342201	0.0380995	0.00202207	0.219565	-0.000342201	
6.98	0.0379956	0.0020031	0.217996	-0.000340542	0.0379956	0.0020031	0.217996	-0.000340542	
7	0.0378921	0.00198428	0.216457	-0.000338778	0.0378921	0.00198428	0.216457	-0.000338778	
7.02	0.0377889	0.0019656	0.214945	-0.000336914	0.0377889	0.0019656	0.214945	-0.000336914	
7.04	0.0376862	0.00194707	0.21346	-0.000334957	0.0376862	0.00194707	0.21346	-0.000334957	
7.06	0.0375839	0.00192868	0.212001	-0.000332912	0.0375839	0.00192868	0.212001	-0.000332912	
7.08	0.0374819	0.00191044	0.210568	-0.000330785	0.0374819	0.00191044	0.210568	-0.000330785	
7.1	0.0373804	0.00189234	0.209159	-0.000328581	0.0373804	0.00189234	0.209159	-0.000328581	
7.12	0.0372793	0.00187439	0.207775	-0.000326306	0.0372793	0.00187439	0.207775	-0.000326306	
7.14	0.0371786	0.00185658	0.206414	-0.000323963	0.0371786	0.00185658	0.206414	-0.000323963	
7.16	0.0370782	0.00183892	0.205076	-0.000321557	0.0370782	0.00183892	0.205076	-0.000321557	
7.18	0.0369783	0.00182141	0.203759	-0.000319093	0.0369783	0.00182141	0.203759	-0.000319093	
7.2	0.0368788	0.00180404	0.202465	-0.000316575	0.0368788	0.00180404	0.202465	-0.000316575	
7.22	0.0367797	0.00178682	0.201191	-0.000314007	0.0367797	0.00178682	0.201191	-0.000314007	
7.24	0.0366809	0.00176974	0.199938	-0.000311393	0.0366809	0.00176974	0.199938	-0.000311393	
7.26	0.0365826	0.00175281	0.198704	-0.000308735	0.0365826	0.00175281	0.198704	-0.000308735	
7.28	0.0364846	0.00173602	0.19749	-0.000306039	0.0364846	0.00173602	0.19749	-0.000306039	
7.3	0.0363871	0.00171937	0.196295	-0.000303306	0.0363871	0.00171937	0.196295	-0.000303306	
7.32	0.0362899	0.00170287	0.195119	-0.000300541	0.0362899	0.00170287	0.195119	-0.000300541	
7.34	0.0361932	0.00168652	0.19396	-0.000297745	0.0361932	0.00168652	0.19396	-0.000297745	
7.36	0.0360968	0.0016703	0.192819	-0.000294923	0.0360968	0.0016703	0.192819	-0.000294923	
7.38	0.0360008	0.00165423	0.191694	-0.000292076	0.0360008	0.00165423	0.191694	-0.000292076	
7.4	0.0359052	0.00163831	0.190587	-0.000289207	0.0359052	0.00163831	0.190587	-0.000289207	
7.42	0.03581	0.00162252	0.189496	-0.000286319	0.03581	0.00162252	0.189496	-0.000286319	
7.44	0.0357152	0.00160687	0.18842	-0.000283413	0.0357152	0.00160687	0.18842	-0.000283413	
7.46	0.0356208	0.00159137	0.18736	-0.000280493	0.0356208	0.00159137	0.18736	-0.000280493	
7.48	0.0355267	0.00157601	0.186316	-0.00027756	0.0355267	0.00157601	0.186316	-0.00027756	
7.5	0.0354331	0.00156078	0.185286	-0.000274617	0.0354331	0.00156078	0.185286	-0.000274617	
7.52	0.0353398	0.0015457	0.18427	-0.000271664	0.0353398	0.0015457	0.18427	-0.000271664	
7.54	0.0352469	0.00153075	0.183269	-0.000268705	0.0352469	0.00153075	0.183269	-0.000268705	
7.56	0.0351544	0.00151594	0.182281	-0.000265741	0.0351544	0.00151594	0.182281	-0.000265741	
7.58	0.0350623	0.00150127	0.181307	-0.000262772	0.0350623	0.00150127	0.181307	-0.000262772	
7.6	0.0349706	0.00148673	0.180346	-0.000259802	0.0349706	0.00148673	0.180346	-0.000259802	
7.62	0.0348792	0.00147233	0.179398	-0.000256831	0.0348792	0.00147233	0.179398	-0.000256831	
7.64	0.0347882	0.00145806	0.178462	-0.000253861	0.0347882	0.00145806	0.178462	-0.000253861	
7.66	0.0346976	0.00144393	0.177539	-0.000250894	0.0346976	0.00144393	0.177539	-0.000250894	
7.68	0.0346074	0.00142993	0.176628	-0.00024793	0.0346074	0.00142993	0.176628	-0.00024793	
7.7	0.0345175	0.00141607	0.175729	-0.00024497	0.0345175	0.00141607	0.175729	-0.00024497	
7.72	0.034428	0.00140233	0.174841	-0.000242016	0.034428	0.00140233	0.174841	-0.000242016	
7.74	0.0343389	0.00138873	0.173964	-0.00023907	0.0343389	0.00138873	0.173964	-0.00023907	
7.76	0.0342502	0.00137525	0.173099	-0.000236131	0.0342502	0.00137525	0.173099	-0.000236131	
7.78	0.0341618	0.00136191	0.172244	-0.000233201	0.0341618	0.00136191	0.172244	-0.000233201	
7.8	0.0340738	0.00134869	0.1714	-0.000230281	0.0340738	0.00134869	0.1714	-0.000230281	
7.82	0.0339862	0.0013356	0.170567	-0.000227372	0.0339862	0.0013356	0.170567	-0.000227372	
7.84	0.0338989	0.00132264	0.169743	-0.000224474	0.0338989	0.00132264	0.169743	-0.000224474	
7.86	0.033812	0.00130981	0.16893	-0.000221588	0.033812	0.00130981	0.16893	-0.000221588	
7.88	0.0337255	0.00129709	0.168126	-0.000218716	0.0337255	0.00129709	0.168126	-0.000218716	
7.9	0.0336393	0.0012845	0.167332	-0.000215857	0.0336393	0.0012845	0.167332	-0.000215857	
7.92	0.0335535	0.00127204	0.166548	-0.000213012	0.0335535	0.00127204	0.166548	-0.000213012	
7.94	0.033468	0.0012597	0.165772	-0.000210183	0.033468	0.0012597	0.165772	-0.000210183	
7.96	0.0333829	0.00124747	0.165006	-0.000207369	0.0333829	0.00124747	0.165006	-0.000207369	
7.98	0.0332982	0.00123537	0.164248	-0.000204571	0.0332982	0.00123537	0.164248	-0.000204571	
8	0.0332138	0.00122339	0.163499	-0.000201789	0.0332138	0.00122339	0.163499	-0.000201789	
8.02	0.0331298	0.00121153	0.162759	-0.000199025	0.0331298	0.00121153	0.162759	-0.000199025	
8.04	0.0330461	0.00119978	0.162027	-0.000196278	0.0330461	0.00119978	0.162027	-0.000196278	
8.06	0.0329628	0.00118815	0.161303	-0.000193549	0.0329628	0.00118815	0.161303	-0.000193549	
8.08	0.0328799	0.00117663	0.160588	-0.000190838	0.0328799	0.00117663	0.160588	-0.000190838	
8.1	0.0327972	0.00116523	0.15988	-0.000188146	0.0327972	0.00116523	0.15988	-0.000188146	
8.12	0.032715	0.00115395	0.15918	-0.000185473	0.032715	0.00115395	0.15918	-0.000185473	
8.14	0.032633	0.00114278	0.158488	-0.000182819	0.032633	0.00114278	0.158488	-0.000182819	
8.16	0.0325515	0.00113171	0.157803	-0.000180185	0.0325515	0.00113171	0.157803	-0.000180185	
8.18	0.0324702	0.00112076	0.157125	-0.00017757	0.0324702	0.00112076	0.157125	-0.00017757	
8.2	0.0323894	0.00110992	0.156455	-0.000174976	0.0323894	0.00110992	0.156455	-0.000174976	
8.22	0.0323088	0.00109919	0.155792	-0.000172402	0.0323088	0.00109919	0.155792	-0.000172402	
8.24	0.0322286	0.00108857	0.155136	-0.000169848	0.0322286	0.00108857	0.155136	-0.000169848	
8.26	0.0321487	0.00107805	0.154486	-0.000167315	0.0321487	0.00107805	0.154486	-0.000167315	
8.28	0.0320692	0.00106764	0.153844	-0.000164802	0.0320692	0.00106764	0.153844	-0.000164802	
8.3	0.03199	0.00105733	0.153208	-0.000162311	0.03199	0.00105733	0.153208	-0.000162311	
8.32	0.0319112	0.00104713	0.152578	-0.00015984	0.0319112	0.00104713	0.152578	-0.00015984	
8.34	0.0318326	0.00103703	0.151955	-0.000157391	0.0318326	0.00103703	0.151955	-0.000157391	
8.36	0.0317545	0.00102704	0.151338	-0.000154963	0.0317545	0.00102704	0.151338	-0.000154963	
8.38	0.0316766	0.00101714	0.150727	-0.000152557	0.0316766	0.00101714	0.150727	-0.000152557	
8.4	0.0315991	0.00100735	0.150123	-0.000150171	0.0315991	0.00100735	0.150123	-0.000150171	
8.42	0.0315219	0.000997657	0.149524	-0.000147808	0.0315219	0.000997657	0.149524	-0.000147808	
8.44	0.031445	0.000988062	0.148931	-0.000145465	0.031445	0.000988062	0.148931	-0.000145465	
8.46	0.0313684	0.000978564	0.148344	-0.000143145	0.0313684	0.000978564	0.148344	-0.000143145	
8.48	0.0312922	0.000969164	0.147763	-0.000140846	0.0312922	0.000969164	0.147763	-0.000140846	
8.5	0.0312163	0.000959859	0.147187	-0.000138568	0.0312163	0.000959859	0.147187	-0.000138568	
8.52	0.0311407	0.000950649	0.146617	-0.000136312	0.0311407	0.000950649	0.146617	-0.000136312	
8.54	0.0310655	0.000941534	0.146052	-0.000134078	0.0310655	0.000941534	0.146052	-0.000134078	
8.56	0.0309905	0.000932512	0.145493	-0.000131865	0.0309905	0.000932512	0.145493	-0.000131865	
8.58	0.0309159	0.000923582	0.144939	-0.000129674	0.0309159	0.000923582	0.144939	-0.000129674	
8.6	0.0308416	0.000914743	0.14439	-0.000127504	0.0308416	0.000914743	0.14439	-0.000127504	
8.62	0.0307676	0.000905996	0.143846	-0.000125356	0.0307676	0.000905996	0.143846	-0.000125356	
8.64	0.0306939	0.000897337	0.143307	-0.000123229	0.0306939	0.000897337	0.143307	-0.000123229	
8.66	0.0306205	0.000888768	0.142773	-0.000121124	0.0306205	0.000888768	0.142773	-0.000121124	
8.68	0.0305475	0.000880287	0.142244	-0.00011904	0.0305475	0.000880287	0.142244	-0.00011904	
8.7	0.0304747	0.000871892	0.14172	-0.000116977	0.0304747	0.000871892	0.14172	-0.000116977	
8.72	0.0304023	0.000863584	0.1412	-0.000114935	0.0304023	0.000863584	0.1412	-0.000114935	
8.74	0.0303301	0.000855361	0.140685	-0.000112914	0.0303301	0.000855361	0.140685	-0.000112914	
8.76	0.0302583	0.000847223	0.140175	-0.000110914	0.0302583	0.000847223	0.140175	-0.000110914	
8.78	0.0301867	0.000839168	0.139669	-0.000108935	0.0301867	0.000839168	0.139669	-0.000108935	
8.8	0.0301155	0.000831197	0.139167	-0.000106977	0.0301155	0.000831197	0.139167	-0.000106977	
8.82	0.0300446	0.000823307	0.13867	-0.00010504	0.0300446	0.000823307	0.13867	-0.00010504	
8.84	0.0299739	0.000815498	0.138177	-0.000103123	0.0299739	0.000815498	0.138177	-0.000103123	
8.86	0.0299036	0.00080777	0.137689	-0.000101227	0.0299036	0.00080777	0.137689	-0.000101227	
8.88	0.0298336	0.000800121	0.137204	-9.93508e-05	0.0298336	0.000800121	0.137204	-9.93508e-05	
8.9	0.0297638	0.000792551	0.136724	-9.74952e-05	0.0297638	0.000792551	0.136724	-9.74952e-05	
8.92	0.0296944	0.000785059	0.136248	-9.56596e-05	0.0296944	0.000785059	0.136248	-9.56596e-05	
8.94	0.0296252	0.000777644	0.135776	-9.38441e-05	0.0296252	0.000777644	0.135776	-9.38441e-05	
8.96	0.0295563	0.000770305	0.135308	-9.20485e-05	0.0295563	0.000770305	0.135308	-9.20485e-05	
8.98	0.0294877	0.000763042	0.134843	-9.02726e-05	0.0294877	0.000763042	0.134843	-9.02726e-05	
9	0.0294194	0.000755854	0.134383	-8.85164e-05	0.0294194	0.000755854	0.134383	-8.85164e-05	
9.02	0.0293514	0.00074874	0.133926	-8.67797e-05	0.0293514	0.00074874	0.133926	-8.67797e-05	
9.04	0.0292837	0.000741699	0.133473	-8.50623e-05	0.0292837	0.000741699	0.133473	-8.50623e-05	
9.06	0.0292162	0.00073473	0.133024	-8.33642e-05	0.0292162	0.00073473	0.133024	-8.33642e-05	
9.08	0.0291491	0.000727833	0.132578	-8.16851e-05	0.0291491	0.000727833	0.132578	-8.16851e-05	
9.1	0.0290822	0.000721007	0.132136	-8.00251e-05	0.0290822	0.000721007	0.132136	-8.00251e-05	
9.12	0.0290156	0.000714252	0.131698	-7.83838e-05	0.0290156	0.000714252	0.131698	-7.83838e-05	
9.14	0.0289493	0.000707566	0.131263	-7.67612e-05	0.0289493	0.000707566	0.131263	-7.67612e-05	
9.16	0.0288832	0.000700948	0.130831	-7.51572e-05	0.0288832	0.000700948	0.130831	-7.51572e-05	
9.18	0.0288174	0.000694399	0.130403	-7.35715e-05	0.0288174	0.000694399	0.130403	-7.35715e-05	
9.2	0.0287519	0.000687917	0.129979	-7.20041e-05	0.0287519	0.000687917	0.129979	-7.20041e-05	
9.22	0.0286867	0.000681502	0.129557	-7.04547e-05	0.0286867	0.000681502	0.129557	-7.04547e-05	
9.24	0.0286217	0.000675153	0.129139	-6.89233e-05	0.0286217	0.000675153	0.129139	-6.89233e-05	
9.26	0.028557	0.000668868	0.128724	-6.74097e-05	0.028557	0.000668868	0.128724	-6.74097e-05	
9.28	0.0284926	0.000662649	0.128312	-6.59138e-05	0.0284926	0.000662649	0.128312	-6.59138e-05	
9.3	0.0284285	0.000656493	0.127904	-6.44353e-05	0.0284285	0.000656493	0.127904	-6.44353e-05	
9.32	0.0283646	0.000650401	0.127498	-6.29742e-05	0.0283646	0.000650401	0.127498	-6.29742e-05	
9.34	0.028301	0.000644371	0.127096	-6.15303e-05	0.028301	0.000644371	0.127096	-6.15303e-05	
9.36	0.0282376	0.000638403	0.126696	-6.01034e-05	0.0282376	0.000638403	0.126696	-6.01034e-05	
9.38	0.0281745	0.000632496	0.1263	-5.86934e-05	0.0281745	0.000632496	0.1263	-5.86934e-05	
9.4	0.0281116	0.000626649	0.125906	-5.73002e-05	0.0281116	0.000626649	0.125906	-5.73002e-05	
9.42	0.0280491	0.000620863	0.125516	-5.59235e-05	0.0280491	0.000620863	0.125516	-5.59235e-05	
9.44	0.0279867	0.000615136	0.125128	-5.45633e-05	0.0279867	0.000615136	0.125128	-5.45633e-05	
9.46	0.0279247	0.000609467	0.124743	-5.32194e-05	0.0279247	0.000609467	0.124743	-5.32194e-05	
9.48	0.0278629	0.000603857	0.124361	-5.18916e-05	0.0278629	0.000603857	0.124361	-5.18916e-05	
9.5	0.0278013	0.000598303	0.123982	-5.05798e-05	0.0278013	0.000598303	0.123982	-5.05798e-05	
9.52	0.02774	0.000592807	0.123605	-4.92839e-05	0.02774	0.000592807	0.123605	-4.92839e-05	
9.54	0.0276789	0.000587367	0.123232	-4.80036e-05	0.0276789	0.000587367	0.123232	-4.80036e-05	
9.56	0.0276181	0.000581982	0.12286	-4.67389e-05	0.0276181	0.000581982	0.12286	-4.67389e-05	
9.58	0.0275576	0.000576652	0.122492	-4.54896e-05	0.0275576	0.000576652	0.122492	-4.54896e-05	
9.6	0.0274973	0.000571377	0.122126	-4.42555e-05	0.0274973	0.000571377	0.122126	-4.42555e-05	
9.62	0.0274372	0.000566155	0.121763	-4.30365e-05	0.0274372	0.000566155	0.121763	-4.30365e-05	
9.64	0.0273774	0.000560987	0.121402	-4.18324e-05	0.0273774	0.000560987	0.121402	-4.18324e-05	
9.66	0.0273178	0.000555871	0.121044	-4.06432e-05	0.0273178	0.000555871	0.121044	-4.06432e-05	
9.68	0.0272585	0.000550807	0.120688	-3.94686e-05	0.0272585	0.000550807	0.120688	-3.94686e-05	
9.7	0.0271994	0.000545795	0.120335	-3.83085e-05	0.0271994	0.000545795	0.120335	-3.83085e-05	
9.72	0.0271405	0.000540834	0.119984	-3.71627e-05	0.0271405	0.000540834	0.119984	-3.71627e-05	
9.74	0.0270819	0.000535923	0.119635	-3.60312e-05	0.0270819	0.000535923	0.119635	-3.60312e-05	
9.76	0.0270235	0.000531062	0.119289	-3.49137e-05	0.0270235	0.000531062	0.119289	-3.49137e-05	
9.78	0.0269654	0.000526251	0.118946	-3.38102e-05	0.0269654	0.000526251	0.118946	-3.38102e-05	
9.8	0.0269075	0.000521488	0.118604	-3.27205e-05	0.0269075	0.000521488	0.118604	-3.27205e-05	
9.82	0.0268498	0.000516773	0.118265	-3.16444e-05	0.0268498	0.000516773	0.118265	-3.16444e-05	
9.84	0.0267924	0.000512106	0.117928	-3.05818e-05	0.0267924	0.000512106	0.117928	-3.05818e-05	
9.86	0.0267352	0.000507486	0.117594	-2.95325e-05	0.0267352	0.000507486	0.117594	-2.95325e-05	
9.88	0.0266782	0.000502913	0.117262	-2.84965e-05	0.0266782	0.000502913	0.117262	-2.84965e-05	
9.9	0.0266214	0.000498387	0.116931	-2.74736e-05	0.0266214	0.000498387	0.116931	-2.74736e-05	
9.92	0.0265649	0.000493906	0.116604	-2.64636e-05	0.0265649	0.000493906	0.116604	-2.64636e-05	
9.94	0.0265086	0.00048947	0.116278	-2.54665e-05	0.0265086	0.00048947	0.116278	-2.54665e-05	
9.96	0.0264525	0.000485079	0.115954	-2.4482e-05	0.0264525	0.000485079	0.115954	-2.4482e-05	
9.98	0.0263967	0.000480732	0.115632	-2.35101e-05	0.0263967	0.000480732	0.115632	-2.35101e-05	
