0.0785398	0.00163172	-0.352785	0	0	0	0	0.00365742	-0.858215	0.00163172	-0.352785	0	0	0	0	0.00365742	-0.858215	
0.235619	0.00108936	-0.22811	0	0	0	0	0.000752072	-0.669759	0.00108936	-0.22811	0	0	0	0	0.000752072	-0.669759	
0.392699	0.00303981	-0.168509	0	0	0	0	0.00153372	-0.542938	0.00303981	-0.168509	0	0	0	0	0.00153372	-0.542938	
0.549779	0.000684292	-0.133731	0	0	0	0	-0.000509976	-0.462175	0.000684292	-0.133731	0	0	0	0	-0.000509976	-0.462175	
0.706858	0.00120618	-0.113236	0	0	0	0	0.000497982	-0.411258	0.00120618	-0.113236	0	0	0	0	0.000497982	-0.411258	
0.863938	-0.00117338	-0.102045	0	0	0	0	0.000743594	-0.370907	-0.00117338	-0.102045	0	0	0	0	0.000743594	-0.370907	
1.02102	-0.000249414	-0.0929786	0	0	0	0	0.00116758	-0.340819	-0.000249414	-0.0929786	0	0	0	0	0.00116758	-0.340819	
1.1781	-0.00051977	-0.0841741	0	0	0	0	-0.000108843	-0.320532	-0.00051977	-0.0841741	0	0	0	0	-0.000108843	-0.320532	
1.33518	0.00083182	-0.0789273	0	0	0	0	-0.000984812	-0.301623	0.00083182	-0.0789273	0	0	0	0	-0.000984812	-0.301623	
1.49226	0.000842331	-0.0765965	0	0	0	0	0.00158636	-0.286007	0.000842331	-0.0765965	0	0	0	0	0.00158636	-0.286007	
1.64934	-7.57731e-05	-0.0716727	0	0	0	0	0.000537802	-0.27254	-7.57731e-05	-0.0716727	0	0	0	0	0.000537802	-0.27254	
1.80642	0.000726235	-0.0678224	0	0	0	0	0.00134425	-0.264276	0.000726235	-0.0678224	0	0	0	0	0.00134425	-0.264276	
1.9635	0.00182693	-0.0651591	0	0	0	0	0.00254688	-0.254064	0.00182693	-0.0651591	0	0	0	0	0.00254688	-0.254064	
2.12058	0.00122877	-0.0626788	0	0	0	0	0.000656264	-0.246193	0.00122877	-0.0626788	0	0	0	0	0.000656264	-0.246193	
2.27765	0.00126287	-0.061195	0	0	0	0	0.00152139	-0.238962	0.00126287	-0.061195	0	0	0	0	0.00152139	-0.238962	
2.43473	0.000630601	-0.0600663	0	0	0	0	0.00128409	-0.232046	0.000630601	-0.0600663	0	0	0	0	0.00128409	-0.232046	
2.59181	-0.000221379	-0.0587413	0	0	0	0	0.000532684	-0.225677	-0.000221379	-0.0587413	0	0	0	0	0.000532684	-0.225677	
2.74889	-0.00063363	-0.0571307	0	0	0	0	0.000369869	-0.219915	-0.00063363	-0.0571307	0	0	0	0	0.000369869	-0.219915	
2.90597	-0.000510341	-0.055368	0	0	0	0	0.000772472	-0.214641	-0.000510341	-0.055368	0	0	0	0	0.000772472	-0.214641	
3.06305	-8.26161e-05	-0.0536079	0	0	0	0	0.00125186	-0.209687	-8.26161e-05	-0.0536079	0	0	0	0	0.00125186	-0.209687	
3.22013	0.00039773	-0.0519505	0	0	0	0	0.00146458	-0.204927	0.00039773	-0.0519505	0	0	0	0	0.00146458	-0.204927	
3.37721	0.000779699	-0.0504384	0	0	0	0	0.0013389	-0.200285	0.000779699	-0.0504384	0	0	0	0	0.0013389	-0.200285	
3.53429	0.00101242	-0.049076	0	0	0	0	0.000973268	-0.195732	0.00101242	-0.049076	0	0	0	0	0.000973268	-0.195732	
3.69137	0.00110625	-0.0478482	0	0	0	0	0.000515269	-0.191265	0.00110625	-0.0478482	0	0	0	0	0.000515269	-0.191265	
3.84845	0.00109705	-0.046733	0	0	0	0	8.98883e-05	-0.186894	0.00109705	-0.046733	0	0	0	0	8.98883e-05	-0.186894	
4.00553	0.00102411	-0.0457074	0	0	0	0	-0.000225554	-0.182633	0.00102411	-0.0457074	0	0	0	0	-0.000225554	-0.182633	
4.16261	0.000920031	-0.0447521	0	0	0	0	-0.000399515	-0.178492	0.000920031	-0.0447521	0	0	0	0	-0.000399515	-0.178492	
4.31969	0.00080787	-0.0438513	0	0	0	0	-0.000433763	-0.174481	0.00080787	-0.0438513	0	0	0	0	-0.000433763	-0.174481	
4.47677	0.000701899	-0.042993	0	0	0	0	-0.000349686	-0.170606	0.000701899	-0.042993	0	0	0	0	-0.000349686	-0.170606	
4.63385	0.000609606	-0.0421683	0	0	0	0	-0.000177262	-0.166867	0.000609606	-0.0421683	0	0	0	0	-0.000177262	-0.166867	
4.79093	0.000533821	-0.0413709	0	0	0	0	5.23716e-05	-0.163263	0.000533821	-0.0413709	0	0	0	0	5.23716e-05	-0.163263	
4.94801	0.000474494	-0.0405968	0	0	0	0	0.000311206	-0.159793	0.000474494	-0.0405968	0	0	0	0	0.000311206	-0.159793	
5.10509	0.000429985	-0.0398428	0	0	0	0	0.000576341	-0.156452	0.000429985	-0.0398428	0	0	0	0	0.000576341	-0.156452	
5.26217	0.000397947	-0.0391072	0	0	0	0	0.00083048	-0.153235	0.000397947	-0.0391072	0	0	0	0	0.00083048	-0.153235	
5.41925	0.000375866	-0.0383888	0	0	0	0	0.00106157	-0.150136	0.000375866	-0.0383888	0	0	0	0	0.00106157	-0.150136	
5.57633	0.000361374	-0.0376869	0	0	0	0	0.00126204	-0.14715	0.000361374	-0.0376869	0	0	0	0	0.00126204	-0.14715	
5.73341	0.000352399	-0.037001	0	0	0	0	0.00142793	-0.144272	0.000352399	-0.037001	0	0	0	0	0.00142793	-0.144272	
5.89049	0.000347215	-0.036331	0	0	0	0	0.00155796	-0.141495	0.000347215	-0.036331	0	0	0	0	0.00155796	-0.141495	
6.04757	0.00034445	-0.0356766	0	0	0	0	0.00165286	-0.138814	0.00034445	-0.0356766	0	0	0	0	0.00165286	-0.138814	
6.20465	0.000343046	-0.0350377	0	0	0	0	0.00171463	-0.136225	0.000343046	-0.0350377	0	0	0	0	0.00171463	-0.136225	
6.36173	0.000342219	-0.0344144	0	0	0	0	0.00174614	-0.133723	0.000342219	-0.0344144	0	0	0	0	0.00174614	-0.133723	
6.5188	0.000341405	-0.0338062	0	0	0	0	0.00175069	-0.131305	0.000341405	-0.0338062	0	0	0	0	0.00175069	-0.131305	
6.67588	0.000340225	-0.0332134	0	0	0	0	0.00173175	-0.128964	0.000340225	-0.0332134	0	0	0	0	0.00173175	-0.128964	
6.83296	0.000338435	-0.0326357	0	0	0	0	0.00169277	-0.126698	0.000338435	-0.0326357	0	0	0	0	0.00169277	-0.126698	
6.99004	0.000335899	-0.0320728	0	0	0	0	0.00163705	-0.124504	0.000335899	-0.0320728	0	0	0	0	0.00163705	-0.124504	
7.14712	0.000332559	-0.0315244	0	0	0	0	0.00156766	-0.122378	0.000332559	-0.0315244	0	0	0	0	0.00156766	-0.122378	
7.3042	0.000328416	-0.0309905	0	0	0	0	0.00148739	-0.120318	0.000328416	-0.0309905	0	0	0	0	0.00148739	-0.120318	
7.46128	0.000323499	-0.0304708	0	0	0	0	0.00139872	-0.118319	0.000323499	-0.0304708	0	0	0	0	0.00139872	-0.118319	
7.61836	0.000317874	-0.0299647	0	0	0	0	0.00130385	-0.11638	0.000317874	-0.0299647	0	0	0	0	0.00130385	-0.11638	
7.77544	0.000311616	-0.0294721	0	0	0	0	0.00120469	-0.114498	0.000311616	-0.0294721	0	0	0	0	0.00120469	-0.114498	
7.93252	0.000304807	-0.0289927	0	0	0	0	0.00110286	-0.112671	0.000304807	-0.0289927	0	0	0	0	0.00110286	-0.112671	
8.0896	0.000297536	-0.0285261	0	0	0	0	0.000999767	-0.110896	0.000297536	-0.0285261	0	0	0	0	0.000999767	-0.110896	
8.24668	0.000289886	-0.0280721	0	0	0	0	0.000896556	-0.109172	0.000289886	-0.0280721	0	0	0	0	0.000896556	-0.109172	
8.40376	0.000281938	-0.0276302	0	0	0	0	0.000794196	-0.107495	0.000281938	-0.0276302	0	0	0	0	0.000794196	-0.107495	
8.56084	0.000273767	-0.0272	0	0	0	0	0.000693472	-0.105866	0.000273767	-0.0272	0	0	0	0	0.000693472	-0.105866	
8.71792	0.000265443	-0.0267813	0	0	0	0	0.000595015	-0.104281	0.000265443	-0.0267813	0	0	0	0	0.000595015	-0.104281	
8.875	0.000257026	-0.0263739	0	0	0	0	0.000499324	-0.102739	0.000257026	-0.0263739	0	0	0	0	0.000499324	-0.102739	
9.03208	0.000248571	-0.025977	0	0	0	0	0.000406784	-0.101238	0.000248571	-0.025977	0	0	0	0	0.000406784	-0.101238	
9.18916	0.000240129	-0.0255907	0	0	0	0	0.000317679	-0.0997775	0.000240129	-0.0255907	0	0	0	0	0.000317679	-0.0997775	
9.34624	0.000231739	-0.0252143	0	0	0	0	0.000232214	-0.0983552	0.000231739	-0.0252143	0	0	0	0	0.000232214	-0.0983552	
9.50332	0.000223437	-0.0248479	0	0	0	0	0.000150523	-0.0969698	0.000223437	-0.0248479	0	0	0	0	0.000150523	-0.0969698	
9.6604	0.000215254	-0.0244909	0	0	0	0	7.26822e-05	-0.0956201	0.000215254	-0.0244909	0	0	0	0	7.26822e-05	-0.0956201	
9.81748	0.000207216	-0.0241431	0	0	0	0	-1.28115e-06	-0.0943047	0.000207216	-0.0241431	0	0	0	0	-1.28115e-06	-0.0943047	
9.97456	0.000199341	-0.0238041	0	0	0	0	-7.13765e-05	-0.0930226	0.000199341	-0.0238041	0	0	0	0	-7.13765e-05	-0.0930226	
10.1316	0.000191649	-0.0234738	0	0	0	0	-0.000137647	-0.0917725	0.000191649	-0.0234738	0	0	0	0	-0.000137647	-0.0917725	
10.2887	0.000184152	-0.0231517	0	0	0	0	-0.000200163	-0.0905532	0.000184152	-0.0231517	0	0	0	0	-0.000200163	-0.0905532	
10.4458	0.000176859	-0.0228377	0	0	0	0	-0.00025901	-0.0893639	0.000176859	-0.0228377	0	0	0	0	-0.00025901	-0.0893639	
10.6029	0.00016978	-0.0225315	0	0	0	0	-0.000314293	-0.0882034	0.00016978	-0.0225315	0	0	0	0	-0.000314293	-0.0882034	
10.76	0.000162916	-0.0222328	0	0	0	0	-0.000366128	-0.0870707	0.000162916	-0.0222328	0	0	0	0	-0.000366128	-0.0870707	
10.917	0.000156273	-0.0219413	0	0	0	0	-0.000414639	-0.0859651	0.000156273	-0.0219413	0	0	0	0	-0.000414639	-0.0859651	
11.0741	0.000149852	-0.021657	0	0	0	0	-0.000459954	-0.0848854	0.000149852	-0.021657	0	0	0	0	-0.000459954	-0.0848854	
11.2312	0.000143651	-0.0213794	0	0	0	0	-0.000502208	-0.083831	0.000143651	-0.0213794	0	0	0	0	-0.000502208	-0.083831	
11.3883	0.000137671	-0.0211084	0	0	0	0	-0.000541535	-0.0828009	0.000137671	-0.0211084	0	0	0	0	-0.000541535	-0.0828009	
11.5454	0.000131906	-0.0208438	0	0	0	0	-0.00057807	-0.0817944	0.000131906	-0.0208438	0	0	0	0	-0.00057807	-0.0817944	
11.7024	0.000126357	-0.0205854	0	0	0	0	-0.000611946	-0.0808108	0.000126357	-0.0205854	0	0	0	0	-0.000611946	-0.0808108	
11.8595	0.000121017	-0.020333	0	0	0	0	-0.000643295	-0.0798493	0.000121017	-0.020333	0	0	0	0	-0.000643295	-0.0798493	
12.0166	0.000115882	-0.0200864	0	0	0	0	-0.000672248	-0.0789092	0.000115882	-0.0200864	0	0	0	0	-0.000672248	-0.0789092	
12.1737	0.000110948	-0.0198454	0	0	0	0	-0.000698928	-0.0779898	0.000110948	-0.0198454	0	0	0	0	-0.000698928	-0.0779898	
12.3308	0.000106208	-0.0196098	0	0	0	0	-0.000723458	-0.0770906	0.000106208	-0.0196098	0	0	0	0	-0.000723458	-0.0770906	
12.4878	0.000101657	-0.0193795	0	0	0	0	-0.000745957	-0.0762108	0.000101657	-0.0193795	0	0	0	0	-0.000745957	-0.0762108	
12.6449	9.72897e-05	-0.0191543	0	0	0	0	-0.000766536	-0.0753499	9.72897e-05	-0.0191543	0	0	0	0	-0.000766536	-0.0753499	
12.802	9.30998e-05	-0.018934	0	0	0	0	-0.000785305	-0.0745074	9.30998e-05	-0.018934	0	0	0	0	-0.000785305	-0.0745074	
12.9591	8.90812e-05	-0.0187186	0	0	0	0	-0.000802368	-0.0736826	8.90812e-05	-0.0187186	0	0	0	0	-0.000802368	-0.0736826	
13.1161	8.52284e-05	-0.0185077	0	0	0	0	-0.000817824	-0.0728751	8.52284e-05	-0.0185077	0	0	0	0	-0.000817824	-0.0728751	
13.2732	8.15348e-05	-0.0183014	0	0	0	0	-0.000831769	-0.0720843	8.15348e-05	-0.0183014	0	0	0	0	-0.000831769	-0.0720843	
13.4303	7.79951e-05	-0.0180995	0	0	0	0	-0.000844293	-0.0713097	7.79951e-05	-0.0180995	0	0	0	0	-0.000844293	-0.0713097	
13.5874	7.4603e-05	-0.0179018	0	0	0	0	-0.000855482	-0.0705509	7.4603e-05	-0.0179018	0	0	0	0	-0.000855482	-0.0705509	
13.7445	7.13531e-05	-0.0177082	0	0	0	0	-0.000865417	-0.0698074	7.13531e-05	-0.0177082	0	0	0	0	-0.000865417	-0.0698074	
13.9015	6.82397e-05	-0.0175186	0	0	0	0	-0.000874176	-0.0690789	6.82397e-05	-0.0175186	0	0	0	0	-0.000874176	-0.0690789	
14.0586	6.52574e-05	-0.0173329	0	0	0	0	-0.000881834	-0.0683647	6.52574e-05	-0.0173329	0	0	0	0	-0.000881834	-0.0683647	
14.2157	6.24009e-05	-0.017151	0	0	0	0	-0.000888458	-0.0676646	6.24009e-05	-0.017151	0	0	0	0	-0.000888458	-0.0676646	
14.3728	5.96651e-05	-0.0169727	0	0	0	0	-0.000894113	-0.0669781	5.96651e-05	-0.0169727	0	0	0	0	-0.000894113	-0.0669781	
14.5299	5.70449e-05	-0.0167979	0	0	0	0	-0.000898862	-0.0663049	5.70449e-05	-0.0167979	0	0	0	0	-0.000898862	-0.0663049	
14.6869	5.45357e-05	-0.0166267	0	0	0	0	-0.000902768	-0.0656447	5.45357e-05	-0.0166267	0	0	0	0	-0.000902768	-0.0656447	
14.844	5.21327e-05	-0.0164587	0	0	0	0	-0.000905883	-0.064997	5.21327e-05	-0.0164587	0	0	0	0	-0.000905883	-0.064997	
15.0011	4.98313e-05	-0.0162941	0	0	0	0	-0.000908257	-0.0643615	4.98313e-05	-0.0162941	0	0	0	0	-0.000908257	-0.0643615	
15.1582	4.76273e-05	-0.0161326	0	0	0	0	-0.000909939	-0.0637378	4.76273e-05	-0.0161326	0	0	0	0	-0.000909939	-0.0637378	
15.3153	4.55165e-05	-0.0159742	0	0	0	0	-0.000910981	-0.0631257	4.55165e-05	-0.0159742	0	0	0	0	-0.000910981	-0.0631257	
15.4723	4.34951e-05	-0.0158188	0	0	0	0	-0.000911421	-0.062525	4.34951e-05	-0.0158188	0	0	0	0	-0.000911421	-0.062525	
15.6294	4.15591e-05	-0.0156663	0	0	0	0	-0.000911299	-0.0619351	4.15591e-05	-0.0156663	0	0	0	0	-0.000911299	-0.0619351	
15.7865	3.97047e-05	-0.0155166	0	0	0	0	-0.000910662	-0.0613559	3.97047e-05	-0.0155166	0	0	0	0	-0.000910662	-0.0613559	
15.9436	3.79286e-05	-0.0153697	0	0	0	0	-0.000909537	-0.0607871	3.79286e-05	-0.0153697	0	0	0	0	-0.000909537	-0.0607871	
16.1007	3.62271e-05	-0.0152255	0	0	0	0	-0.000907968	-0.0602285	3.62271e-05	-0.0152255	0	0	0	0	-0.000907968	-0.0602285	
16.2577	3.45973e-05	-0.0150839	0	0	0	0	-0.000905978	-0.0596797	3.45973e-05	-0.0150839	0	0	0	0	-0.000905978	-0.0596797	
16.4148	3.30357e-05	-0.0149449	0	0	0	0	-0.000903604	-0.0591406	3.30357e-05	-0.0149449	0	0	0	0	-0.000903604	-0.0591406	
16.5719	3.15398e-05	-0.0148083	0	0	0	0	-0.000900865	-0.0586108	3.15398e-05	-0.0148083	0	0	0	0	-0.000900865	-0.0586108	
16.729	3.01065e-05	-0.0146742	0	0	0	0	-0.000897798	-0.0580901	3.01065e-05	-0.0146742	0	0	0	0	-0.000897798	-0.0580901	
16.8861	2.8733e-05	-0.0145424	0	0	0	0	-0.000894427	-0.0575784	2.8733e-05	-0.0145424	0	0	0	0	-0.000894427	-0.0575784	
17.0431	2.74168e-05	-0.0144129	0	0	0	0	-0.000890772	-0.0570753	2.74168e-05	-0.0144129	0	0	0	0	-0.000890772	-0.0570753	
17.2002	2.61553e-05	-0.0142857	0	0	0	0	-0.000886851	-0.0565807	2.61553e-05	-0.0142857	0	0	0	0	-0.000886851	-0.0565807	
17.3573	2.49464e-05	-0.0141606	0	0	0	0	-0.000882697	-0.0560944	2.49464e-05	-0.0141606	0	0	0	0	-0.000882697	-0.0560944	
17.5144	2.37875e-05	-0.0140376	0	0	0	0	-0.000878317	-0.0556162	2.37875e-05	-0.0140376	0	0	0	0	-0.000878317	-0.0556162	
17.6715	2.26766e-05	-0.0139168	0	0	0	0	-0.000873734	-0.0551459	2.26766e-05	-0.0139168	0	0	0	0	-0.000873734	-0.0551459	
17.8285	2.16117e-05	-0.0137979	0	0	0	0	-0.00086897	-0.0546832	2.16117e-05	-0.0137979	0	0	0	0	-0.00086897	-0.0546832	
17.9856	2.05906e-05	-0.0136811	0	0	0	0	-0.000864034	-0.0542281	2.05906e-05	-0.0136811	0	0	0	0	-0.000864034	-0.0542281	
18.1427	1.96114e-05	-0.0135662	0	0	0	0	-0.000858945	-0.0537803	1.96114e-05	-0.0135662	0	0	0	0	-0.000858945	-0.0537803	
18.2998	1.86726e-05	-0.0134531	0	0	0	0	-0.000853715	-0.0533397	1.86726e-05	-0.0134531	0	0	0	0	-0.000853715	-0.0533397	
18.4569	1.77721e-05	-0.0133419	0	0	0	0	-0.000848358	-0.0529059	1.77721e-05	-0.0133419	0	0	0	0	-0.000848358	-0.0529059	
18.6139	1.69087e-05	-0.0132325	0	0	0	0	-0.000842887	-0.0524791	1.69087e-05	-0.0132325	0	0	0	0	-0.000842887	-0.0524791	
18.771	1.60802e-05	-0.0131248	0	0	0	0	-0.000837314	-0.0520589	1.60802e-05	-0.0131248	0	0	0	0	-0.000837314	-0.0520589	
18.9281	1.52857e-05	-0.0130188	0	0	0	0	-0.000831649	-0.0516453	1.52857e-05	-0.0130188	0	0	0	0	-0.000831649	-0.0516453	
19.0852	1.45234e-05	-0.0129145	0	0	0	0	-0.000825903	-0.0512381	1.45234e-05	-0.0129145	0	0	0	0	-0.000825903	-0.0512381	
19.2423	1.3792e-05	-0.0128119	0	0	0	0	-0.000820083	-0.0508371	1.3792e-05	-0.0128119	0	0	0	0	-0.000820083	-0.0508371	
19.3993	1.30903e-05	-0.0127108	0	0	0	0	-0.000814201	-0.0504422	1.30903e-05	-0.0127108	0	0	0	0	-0.000814201	-0.0504422	
19.5564	1.24171e-05	-0.0126113	0	0	0	0	-0.000808264	-0.0500532	1.24171e-05	-0.0126113	0	0	0	0	-0.000808264	-0.0500532	
19.7135	1.17708e-05	-0.0125133	0	0	0	0	-0.00080228	-0.0496701	1.17708e-05	-0.0125133	0	0	0	0	-0.00080228	-0.0496701	
19.8706	1.11507e-05	-0.0124168	0	0	0	0	-0.000796257	-0.0492927	1.11507e-05	-0.0124168	0	0	0	0	-0.000796257	-0.0492927	
20.0277	1.05554e-05	-0.0123218	0	0	0	0	-0.0007902	-0.0489208	1.05554e-05	-0.0123218	0	0	0	0	-0.0007902	-0.0489208	
20.1847	9.98413e-06	-0.0122282	0	0	0	0	-0.000784118	-0.0485544	9.98413e-06	-0.0122282	0	0	0	0	-0.000784118	-0.0485544	
20.3418	9.43569e-06	-0.0121359	0	0	0	0	-0.000778014	-0.0481934	9.43569e-06	-0.0121359	0	0	0	0	-0.000778014	-0.0481934	
20.4989	8.90921e-06	-0.0120451	0	0	0	0	-0.000771895	-0.0478375	8.90921e-06	-0.0120451	0	0	0	0	-0.000771895	-0.0478375	
20.656	8.40375e-06	-0.0119556	0	0	0	0	-0.000765766	-0.0474869	8.40375e-06	-0.0119556	0	0	0	0	-0.000765766	-0.0474869	
20.8131	7.91841e-06	-0.0118673	0	0	0	0	-0.000759632	-0.0471412	7.91841e-06	-0.0118673	0	0	0	0	-0.000759632	-0.0471412	
20.9701	7.4526e-06	-0.0117804	0	0	0	0	-0.000753498	-0.0468004	7.4526e-06	-0.0117804	0	0	0	0	-0.000753498	-0.0468004	
21.1272	7.00518e-06	-0.0116947	0	0	0	0	-0.000747368	-0.0464644	7.00518e-06	-0.0116947	0	0	0	0	-0.000747368	-0.0464644	
21.2843	6.57558e-06	-0.0116102	0	0	0	0	-0.000741244	-0.0461332	6.57558e-06	-0.0116102	0	0	0	0	-0.000741244	-0.0461332	
21.4414	6.16305e-06	-0.0115269	0	0	0	0	-0.000735132	-0.0458065	6.16305e-06	-0.0115269	0	0	0	0	-0.000735132	-0.0458065	
21.5984	5.76674e-06	-0.0114448	0	0	0	0	-0.000729034	-0.0454843	5.76674e-06	-0.0114448	0	0	0	0	-0.000729034	-0.0454843	
21.7555	5.38629e-06	-0.0113639	0	0	0	0	-0.000722953	-0.0451666	5.38629e-06	-0.0113639	0	0	0	0	-0.000722953	-0.0451666	
21.9126	5.02076e-06	-0.011284	0	0	0	0	-0.000716893	-0.0448533	5.02076e-06	-0.011284	0	0	0	0	-0.000716893	-0.0448533	
22.0697	4.66986e-06	-0.0112053	0	0	0	0	-0.000710856	-0.0445441	4.66986e-06	-0.0112053	0	0	0	0	-0.000710856	-0.0445441	
22.2268	4.33269e-06	-0.0111276	0	0	0	0	-0.000704844	-0.0442391	4.33269e-06	-0.0111276	0	0	0	0	-0.000704844	-0.0442391	
22.3838	4.00883e-06	-0.011051	0	0	0	0	-0.00069886	-0.0439382	4.00883e-06	-0.011051	0	0	0	0	-0.00069886	-0.0439382	
22.5409	3.69773e-06	-0.0109755	0	0	0	0	-0.000692906	-0.0436413	3.69773e-06	-0.0109755	0	0	0	0	-0.000692906	-0.0436413	
22.698	3.39902e-06	-0.0109009	0	0	0	0	-0.000686983	-0.0433483	3.39902e-06	-0.0109009	0	0	0	0	-0.000686983	-0.0433483	
22.8551	3.11202e-06	-0.0108274	0	0	0	0	-0.000681095	-0.0430592	3.11202e-06	-0.0108274	0	0	0	0	-0.000681095	-0.0430592	
23.0122	2.83633e-06	-0.0107548	0	0	0	0	-0.000675241	-0.0427739	2.83633e-06	-0.0107548	0	0	0	0	-0.000675241	-0.0427739	
23.1692	2.57154e-06	-0.0106832	0	0	0	0	-0.000669424	-0.0424922	2.57154e-06	-0.0106832	0	0	0	0	-0.000669424	-0.0424922	
23.3263	2.31712e-06	-0.0106125	0	0	0	0	-0.000663645	-0.0422142	2.31712e-06	-0.0106125	0	0	0	0	-0.000663645	-0.0422142	
23.4834	2.0728e-06	-0.0105427	0	0	0	0	-0.000657905	-0.0419397	2.0728e-06	-0.0105427	0	0	0	0	-0.000657905	-0.0419397	
23.6405	1.83805e-06	-0.0104739	0	0	0	0	-0.000652205	-0.0416688	1.83805e-06	-0.0104739	0	0	0	0	-0.000652205	-0.0416688	
23.7976	1.61259e-06	-0.0104059	0	0	0	0	-0.000646546	-0.0414012	1.61259e-06	-0.0104059	0	0	0	0	-0.000646546	-0.0414012	
23.9546	1.39602e-06	-0.0103388	0	0	0	0	-0.00064093	-0.0411371	1.39602e-06	-0.0103388	0	0	0	0	-0.00064093	-0.0411371	
24.1117	1.18793e-06	-0.0102726	0	0	0	0	-0.000635357	-0.0408762	1.18793e-06	-0.0102726	0	0	0	0	-0.000635357	-0.0408762	
24.2688	9.88194e-07	-0.0102072	0	0	0	0	-0.000629828	-0.0406186	9.88194e-07	-0.0102072	0	0	0	0	-0.000629828	-0.0406186	
24.4259	7.96274e-07	-0.0101426	0	0	0	0	-0.000624343	-0.0403642	7.96274e-07	-0.0101426	0	0	0	0	-0.000624343	-0.0403642	
24.583	6.12009e-07	-0.0100788	0	0	0	0	-0.000618904	-0.0401128	6.12009e-07	-0.0100788	0	0	0	0	-0.000618904	-0.0401128	
24.74	4.34909e-07	-0.0100158	0	0	0	0	-0.000613509	-0.0398646	4.34909e-07	-0.0100158	0	0	0	0	-0.000613509	-0.0398646	
24.8971	2.65058e-07	-0.00995354	0	0	0	0	-0.000608161	-0.0396194	2.65058e-07	-0.00995354	0	0	0	0	-0.000608161	-0.0396194	
25.0542	1.01803e-07	-0.00989207	0	0	0	0	-0.000602859	-0.0393771	1.01803e-07	-0.00989207	0	0	0	0	-0.000602859	-0.0393771	
25.2113	-5.48556e-08	-0.00983136	0	0	0	0	-0.000597604	-0.0391378	-5.48556e-08	-0.00983136	0	0	0	0	-0.000597604	-0.0391378	
25.3684	-2.05447e-07	-0.00977139	0	0	0	0	-0.000592395	-0.0389013	-2.05447e-07	-0.00977139	0	0	0	0	-0.000592395	-0.0389013	
25.5254	-3.49874e-07	-0.00971213	0	0	0	0	-0.000587234	-0.0386676	-3.49874e-07	-0.00971213	0	0	0	0	-0.000587234	-0.0386676	
25.6825	-4.88512e-07	-0.00965359	0	0	0	0	-0.00058212	-0.0384366	-4.88512e-07	-0.00965359	0	0	0	0	-0.00058212	-0.0384366	
25.8396	-6.21656e-07	-0.00959573	0	0	0	0	-0.000577054	-0.0382083	-6.21656e-07	-0.00959573	0	0	0	0	-0.000577054	-0.0382083	
25.9967	-7.4942e-07	-0.00953857	0	0	0	0	-0.000572034	-0.0379828	-7.4942e-07	-0.00953857	0	0	0	0	-0.000572034	-0.0379828	
26.1538	-8.71966e-07	-0.00948206	0	0	0	0	-0.000567062	-0.0377599	-8.71966e-07	-0.00948206	0	0	0	0	-0.000567062	-0.0377599	
26.3108	-9.89543e-07	-0.00942624	0	0	0	0	-0.000562138	-0.0375395	-9.89543e-07	-0.00942624	0	0	0	0	-0.000562138	-0.0375395	
26.4679	-1.10244e-06	-0.00937103	0	0	0	0	-0.000557261	-0.0373216	-1.10244e-06	-0.00937103	0	0	0	0	-0.000557261	-0.0373216	
26.625	-1.21077e-06	-0.0093165	0	0	0	0	-0.000552431	-0.0371063	-1.21077e-06	-0.0093165	0	0	0	0	-0.000552431	-0.0371063	
26.7821	-1.31457e-06	-0.00926257	0	0	0	0	-0.000547649	-0.0368934	-1.31457e-06	-0.00926257	0	0	0	0	-0.000547649	-0.0368934	
26.9392	-1.41411e-06	-0.00920925	0	0	0	0	-0.000542914	-0.0366829	-1.41411e-06	-0.00920925	0	0	0	0	-0.000542914	-0.0366829	
27.0962	-1.50949e-06	-0.00915656	0	0	0	0	-0.000538225	-0.0364747	-1.50949e-06	-0.00915656	0	0	0	0	-0.000538225	-0.0364747	
27.2533	-1.60101e-06	-0.00910446	0	0	0	0	-0.000533583	-0.0362689	-1.60101e-06	-0.00910446	0	0	0	0	-0.000533583	-0.0362689	
27.4104	-1.6888e-06	-0.00905294	0	0	0	0	-0.000528989	-0.0360654	-1.6888e-06	-0.00905294	0	0	0	0	-0.000528989	-0.0360654	
27.5675	-1.77288e-06	-0.00900199	0	0	0	0	-0.00052444	-0.035864	-1.77288e-06	-0.00900199	0	0	0	0	-0.00052444	-0.035864	
27.7246	-1.85337e-06	-0.00895162	0	0	0	0	-0.000519938	-0.0356649	-1.85337e-06	-0.00895162	0	0	0	0	-0.000519938	-0.0356649	
27.8816	-1.93043e-06	-0.00890179	0	0	0	0	-0.000515481	-0.0354681	-1.93043e-06	-0.00890179	0	0	0	0	-0.000515481	-0.0354681	
28.0387	-2.00429e-06	-0.00885252	0	0	0	0	-0.00051107	-0.0352733	-2.00429e-06	-0.00885252	0	0	0	0	-0.00051107	-0.0352733	
28.1958	-2.075e-06	-0.00880379	0	0	0	0	-0.000506704	-0.0350806	-2.075e-06	-0.00880379	0	0	0	0	-0.000506704	-0.0350806	
28.3529	-2.14254e-06	-0.00875559	0	0	0	0	-0.000502383	-0.03489	-2.14254e-06	-0.00875559	0	0	0	0	-0.000502383	-0.03489	
28.51	-2.2072e-06	-0.0087079	0	0	0	0	-0.000498107	-0.0347014	-2.2072e-06	-0.0087079	0	0	0	0	-0.000498107	-0.0347014	
28.667	-2.26909e-06	-0.00866073	0	0	0	0	-0.000493876	-0.0345149	-2.26909e-06	-0.00866073	0	0	0	0	-0.000493876	-0.0345149	
28.8241	-2.32822e-06	-0.00861408	0	0	0	0	-0.000489688	-0.0343303	-2.32822e-06	-0.00861408	0	0	0	0	-0.000489688	-0.0343303	
28.9812	-2.38476e-06	-0.0085679	0	0	0	0	-0.000485544	-0.0341477	-2.38476e-06	-0.0085679	0	0	0	0	-0.000485544	-0.0341477	
29.1383	-2.4388e-06	-0.00852224	0	0	0	0	-0.000481444	-0.033967	-2.4388e-06	-0.00852224	0	0	0	0	-0.000481444	-0.033967	
29.2954	-2.49039e-06	-0.00847703	0	0	0	0	-0.000477386	-0.0337882	-2.49039e-06	-0.00847703	0	0	0	0	-0.000477386	-0.0337882	
29.4524	-2.53964e-06	-0.0084323	0	0	0	0	-0.000473371	-0.0336112	-2.53964e-06	-0.0084323	0	0	0	0	-0.000473371	-0.0336112	
29.6095	-2.58644e-06	-0.00838805	0	0	0	0	-0.000469398	-0.0334361	-2.58644e-06	-0.00838805	0	0	0	0	-0.000469398	-0.0334361	
29.7666	-2.63128e-06	-0.00834427	0	0	0	0	-0.000465467	-0.0332627	-2.63128e-06	-0.00834427	0	0	0	0	-0.000465467	-0.0332627	
29.9237	-2.67396e-06	-0.00830092	0	0	0	0	-0.000461578	-0.0330912	-2.67396e-06	-0.00830092	0	0	0	0	-0.000461578	-0.0330912	
30.0807	-2.71459e-06	-0.00825801	0	0	0	0	-0.00045773	-0.0329213	-2.71459e-06	-0.00825801	0	0	0	0	-0.00045773	-0.0329213	
30.2378	-2.7533e-06	-0.00821557	0	0	0	0	-0.000453922	-0.0327532	-2.7533e-06	-0.00821557	0	0	0	0	-0.000453922	-0.0327532	
30.3949	-2.79011e-06	-0.00817354	0	0	0	0	-0.000450155	-0.0325868	-2.79011e-06	-0.00817354	0	0	0	0	-0.000450155	-0.0325868	
30.552	-2.82514e-06	-0.00813194	0	0	0	0	-0.000446428	-0.0324221	-2.82514e-06	-0.00813194	0	0	0	0	-0.000446428	-0.0324221	
30.7091	-2.85829e-06	-0.00809076	0	0	0	0	-0.00044274	-0.032259	-2.85829e-06	-0.00809076	0	0	0	0	-0.00044274	-0.032259	
30.8661	-2.8898e-06	-0.00804998	0	0	0	0	-0.000439092	-0.0320975	-2.8898e-06	-0.00804998	0	0	0	0	-0.000439092	-0.0320975	
31.0232	-2.91981e-06	-0.00800962	0	0	0	0	-0.000435482	-0.0319376	-2.91981e-06	-0.00800962	0	0	0	0	-0.000435482	-0.0319376	
31.1803	-2.9482e-06	-0.00796966	0	0	0	0	-0.00043191	-0.0317793	-2.9482e-06	-0.00796966	0	0	0	0	-0.00043191	-0.0317793	
31.3374	-2.97498e-06	-0.0079301	0	0	0	0	-0.000428377	-0.0316225	-2.97498e-06	-0.0079301	0	0	0	0	-0.000428377	-0.0316225	
31.4945	-3.00029e-06	-0.00789091	0	0	0	0	-0.000424881	-0.0314673	-3.00029e-06	-0.00789091	0	0	0	0	-0.000424881	-0.0314673	
31.6515	-3.02425e-06	-0.00785211	0	0	0	0	-0.000421422	-0.0313136	-3.02425e-06	-0.00785211	0	0	0	0	-0.000421422	-0.0313136	
31.8086	-3.04698e-06	-0.0078137	0	0	0	0	-0.000418	-0.0311613	-3.04698e-06	-0.0078137	0	0	0	0	-0.000418	-0.0311613	
31.9657	-3.06814e-06	-0.00777565	0	0	0	0	-0.000414614	-0.0310106	-3.06814e-06	-0.00777565	0	0	0	0	-0.000414614	-0.0310106	
32.1228	-3.08822e-06	-0.00773798	0	0	0	0	-0.000411265	-0.0308612	-3.08822e-06	-0.00773798	0	0	0	0	-0.000411265	-0.0308612	
32.2799	-3.10697e-06	-0.00770067	0	0	0	0	-0.000407951	-0.0307132	-3.10697e-06	-0.00770067	0	0	0	0	-0.000407951	-0.0307132	
32.4369	-3.12467e-06	-0.0076637	0	0	0	0	-0.000404672	-0.0305667	-3.12467e-06	-0.0076637	0	0	0	0	-0.000404672	-0.0305667	
32.594	-3.14118e-06	-0.00762709	0	0	0	0	-0.000401428	-0.0304216	-3.14118e-06	-0.00762709	0	0	0	0	-0.000401428	-0.0304216	
32.7511	-3.15658e-06	-0.00759084	0	0	0	0	-0.000398218	-0.0302778	-3.15658e-06	-0.00759084	0	0	0	0	-0.000398218	-0.0302778	
32.9082	-3.17092e-06	-0.00755491	0	0	0	0	-0.000395043	-0.0301354	-3.17092e-06	-0.00755491	0	0	0	0	-0.000395043	-0.0301354	
33.0653	-3.18432e-06	-0.00751933	0	0	0	0	-0.000391901	-0.0299942	-3.18432e-06	-0.00751933	0	0	0	0	-0.000391901	-0.0299942	
33.2223	-3.19673e-06	-0.00748407	0	0	0	0	-0.000388791	-0.0298545	-3.19673e-06	-0.00748407	0	0	0	0	-0.000388791	-0.0298545	
33.3794	-3.20807e-06	-0.00744916	0	0	0	0	-0.000385716	-0.0297159	-3.20807e-06	-0.00744916	0	0	0	0	-0.000385716	-0.0297159	
33.5365	-3.21866e-06	-0.00741455	0	0	0	0	-0.000382672	-0.0295786	-3.21866e-06	-0.00741455	0	0	0	0	-0.000382672	-0.0295786	
33.6936	-3.22825e-06	-0.00738027	0	0	0	0	-0.000379661	-0.0294426	-3.22825e-06	-0.00738027	0	0	0	0	-0.000379661	-0.0294426	
33.8507	-3.23706e-06	-0.0073463	0	0	0	0	-0.000376681	-0.0293079	-3.23706e-06	-0.0073463	0	0	0	0	-0.000376681	-0.0293079	
34.0077	-3.24509e-06	-0.00731264	0	0	0	0	-0.000373733	-0.0291743	-3.24509e-06	-0.00731264	0	0	0	0	-0.000373733	-0.0291743	
34.1648	-3.25229e-06	-0.00727929	0	0	0	0	-0.000370816	-0.029042	-3.25229e-06	-0.00727929	0	0	0	0	-0.000370816	-0.029042	
34.3219	-3.25869e-06	-0.00724624	0	0	0	0	-0.000367929	-0.0289109	-3.25869e-06	-0.00724624	0	0	0	0	-0.000367929	-0.0289109	
34.479	-3.26445e-06	-0.00721348	0	0	0	0	-0.000365074	-0.0287809	-3.26445e-06	-0.00721348	0	0	0	0	-0.000365074	-0.0287809	
34.6361	-3.26938e-06	-0.00718102	0	0	0	0	-0.000362247	-0.0286521	-3.26938e-06	-0.00718102	0	0	0	0	-0.000362247	-0.0286521	
34.7931	-3.27374e-06	-0.00714885	0	0	0	0	-0.00035945	-0.0285244	-3.27374e-06	-0.00714885	0	0	0	0	-0.00035945	-0.0285244	
34.9502	-3.27734e-06	-0.00711697	0	0	0	0	-0.000356683	-0.0283978	-3.27734e-06	-0.00711697	0	0	0	0	-0.000356683	-0.0283978	
35.1073	-3.28046e-06	-0.00708537	0	0	0	0	-0.000353944	-0.0282724	-3.28046e-06	-0.00708537	0	0	0	0	-0.000353944	-0.0282724	
35.2644	-3.2829e-06	-0.00705404	0	0	0	0	-0.000351234	-0.028148	-3.2829e-06	-0.00705404	0	0	0	0	-0.000351234	-0.028148	
35.4215	-3.28479e-06	-0.00702299	0	0	0	0	-0.000348552	-0.0280247	-3.28479e-06	-0.00702299	0	0	0	0	-0.000348552	-0.0280247	
35.5785	-3.28607e-06	-0.00699221	0	0	0	0	-0.000345898	-0.0279026	-3.28607e-06	-0.00699221	0	0	0	0	-0.000345898	-0.0279026	
35.7356	-3.28673e-06	-0.00696171	0	0	0	0	-0.000343272	-0.0277814	-3.28673e-06	-0.00696171	0	0	0	0	-0.000343272	-0.0277814	
35.8927	-3.287e-06	-0.00693145	0	0	0	0	-0.000340673	-0.0276613	-3.287e-06	-0.00693145	0	0	0	0	-0.000340673	-0.0276613	
36.0498	-3.28672e-06	-0.00690147	0	0	0	0	-0.000338101	-0.0275422	-3.28672e-06	-0.00690147	0	0	0	0	-0.000338101	-0.0275422	
36.2069	-3.28595e-06	-0.00687173	0	0	0	0	-0.000335555	-0.0274242	-3.28595e-06	-0.00687173	0	0	0	0	-0.000335555	-0.0274242	
36.3639	-3.28471e-06	-0.00684226	0	0	0	0	-0.000333035	-0.0273071	-3.28471e-06	-0.00684226	0	0	0	0	-0.000333035	-0.0273071	
36.521	-3.28304e-06	-0.00681305	0	0	0	0	-0.000330541	-0.0271911	-3.28304e-06	-0.00681305	0	0	0	0	-0.000330541	-0.0271911	
36.6781	-3.28086e-06	-0.00678407	0	0	0	0	-0.000328073	-0.0270759	-3.28086e-06	-0.00678407	0	0	0	0	-0.000328073	-0.0270759	
36.8352	-3.27841e-06	-0.00675533	0	0	0	0	-0.00032563	-0.0269618	-3.27841e-06	-0.00675533	0	0	0	0	-0.00032563	-0.0269618	
36.9923	-3.27549e-06	-0.00672685	0	0	0	0	-0.000323212	-0.0268486	-3.27549e-06	-0.00672685	0	0	0	0	-0.000323212	-0.0268486	
37.1493	-3.27214e-06	-0.00669859	0	0	0	0	-0.000320819	-0.0267364	-3.27214e-06	-0.00669859	0	0	0	0	-0.000320819	-0.0267364	
37.3064	-3.26848e-06	-0.00667058	0	0	0	0	-0.00031845	-0.0266251	-3.26848e-06	-0.00667058	0	0	0	0	-0.00031845	-0.0266251	
37.4635	-3.26442e-06	-0.0066428	0	0	0	0	-0.000316106	-0.0265147	-3.26442e-06	-0.0066428	0	0	0	0	-0.000316106	-0.0265147	
37.6206	-3.26001e-06	-0.00661524	0	0	0	0	-0.000313785	-0.0264052	-3.26001e-06	-0.00661524	0	0	0	0	-0.000313785	-0.0264052	
37.7777	-3.25525e-06	-0.00658791	0	0	0	0	-0.000311488	-0.0262966	-3.25525e-06	-0.00658791	0	0	0	0	-0.000311488	-0.0262966	
37.9347	-3.25018e-06	-0.00656081	0	0	0	0	-0.000309214	-0.0261889	-3.25018e-06	-0.00656081	0	0	0	0	-0.000309214	-0.0261889	
38.0918	-3.24492e-06	-0.00653393	0	0	0	0	-0.000306962	-0.0260821	-3.24492e-06	-0.00653393	0	0	0	0	-0.000306962	-0.0260821	
38.2489	-3.23928e-06	-0.00650727	0	0	0	0	-0.000304734	-0.0259761	-3.23928e-06	-0.00650727	0	0	0	0	-0.000304734	-0.0259761	
38.406	-3.2334e-06	-0.00648082	0	0	0	0	-0.000302528	-0.025871	-3.2334e-06	-0.00648082	0	0	0	0	-0.000302528	-0.025871	
38.563	-3.22714e-06	-0.0064546	0	0	0	0	-0.000300345	-0.0257667	-3.22714e-06	-0.0064546	0	0	0	0	-0.000300345	-0.0257667	
38.7201	-3.2207e-06	-0.00642857	0	0	0	0	-0.000298182	-0.0256633	-3.2207e-06	-0.00642857	0	0	0	0	-0.000298182	-0.0256633	
38.8772	-3.21407e-06	-0.00640275	0	0	0	0	-0.000296042	-0.0255607	-3.21407e-06	-0.00640275	0	0	0	0	-0.000296042	-0.0255607	
39.0343	-3.20703e-06	-0.00637715	0	0	0	0	-0.000293923	-0.0254589	-3.20703e-06	-0.00637715	0	0	0	0	-0.000293923	-0.0254589	
39.1914	-3.19996e-06	-0.00635174	0	0	0	0	-0.000291825	-0.0253579	-3.19996e-06	-0.00635174	0	0	0	0	-0.000291825	-0.0253579	
39.3484	-3.19254e-06	-0.00632652	0	0	0	0	-0.000289748	-0.0252577	-3.19254e-06	-0.00632652	0	0	0	0	-0.000289748	-0.0252577	
39.5055	-3.185e-06	-0.00630152	0	0	0	0	-0.000287691	-0.0251582	-3.185e-06	-0.00630152	0	0	0	0	-0.000287691	-0.0251582	
39.6626	-3.17713e-06	-0.00627671	0	0	0	0	-0.000285655	-0.0250596	-3.17713e-06	-0.00627671	0	0	0	0	-0.000285655	-0.0250596	
39.8197	-3.16919e-06	-0.00625209	0	0	0	0	-0.000283638	-0.0249618	-3.16919e-06	-0.00625209	0	0	0	0	-0.000283638	-0.0249618	
39.9768	-3.16095e-06	-0.00622767	0	0	0	0	-0.000281642	-0.0248646	-3.16095e-06	-0.00622767	0	0	0	0	-0.000281642	-0.0248646	
40.1338	-3.15269e-06	-0.00620344	0	0	0	0	-0.000279666	-0.0247683	-3.15269e-06	-0.00620344	0	0	0	0	-0.000279666	-0.0247683	
40.2909	-3.14416e-06	-0.0061794	0	0	0	0	-0.000277708	-0.0246726	-3.14416e-06	-0.0061794	0	0	0	0	-0.000277708	-0.0246726	
40.448	-3.1354e-06	-0.00615553	0	0	0	0	-0.00027577	-0.0245777	-3.1354e-06	-0.00615553	0	0	0	0	-0.00027577	-0.0245777	
40.6051	-3.12664e-06	-0.00613186	0	0	0	0	-0.000273851	-0.0244835	-3.12664e-06	-0.00613186	0	0	0	0	-0.000273851	-0.0244835	
40.7622	-3.11762e-06	-0.00610835	0	0	0	0	-0.000271951	-0.0243901	-3.11762e-06	-0.00610835	0	0	0	0	-0.000271951	-0.0243901	
40.9192	-3.1085e-06	-0.00608503	0	0	0	0	-0.000270068	-0.0242973	-3.1085e-06	-0.00608503	0	0	0	0	-0.000270068	-0.0242973	
41.0763	-3.09925e-06	-0.00606189	0	0	0	0	-0.000268204	-0.0242053	-3.09925e-06	-0.00606189	0	0	0	0	-0.000268204	-0.0242053	
41.2334	-3.08986e-06	-0.00603893	0	0	0	0	-0.000266359	-0.0241139	-3.08986e-06	-0.00603893	0	0	0	0	-0.000266359	-0.0241139	
41.3905	-3.08034e-06	-0.00601613	0	0	0	0	-0.000264531	-0.0240232	-3.08034e-06	-0.00601613	0	0	0	0	-0.000264531	-0.0240232	
41.5476	-3.07072e-06	-0.00599351	0	0	0	0	-0.00026272	-0.0239332	-3.07072e-06	-0.00599351	0	0	0	0	-0.00026272	-0.0239332	
41.7046	-3.06098e-06	-0.00597105	0	0	0	0	-0.000260927	-0.0238439	-3.06098e-06	-0.00597105	0	0	0	0	-0.000260927	-0.0238439	
41.8617	-3.05114e-06	-0.00594877	0	0	0	0	-0.000259151	-0.0237553	-3.05114e-06	-0.00594877	0	0	0	0	-0.000259151	-0.0237553	
42.0188	-3.0412e-06	-0.00592665	0	0	0	0	-0.000257393	-0.0236672	-3.0412e-06	-0.00592665	0	0	0	0	-0.000257393	-0.0236672	
42.1759	-3.03116e-06	-0.00590469	0	0	0	0	-0.00025565	-0.0235799	-3.03116e-06	-0.00590469	0	0	0	0	-0.00025565	-0.0235799	
42.333	-3.02104e-06	-0.00588289	0	0	0	0	-0.000253925	-0.0234931	-3.02104e-06	-0.00588289	0	0	0	0	-0.000253925	-0.0234931	
42.49	-3.01083e-06	-0.00586126	0	0	0	0	-0.000252215	-0.023407	-3.01083e-06	-0.00586126	0	0	0	0	-0.000252215	-0.023407	
42.6471	-3.00054e-06	-0.00583977	0	0	0	0	-0.000250523	-0.0233215	-3.00054e-06	-0.00583977	0	0	0	0	-0.000250523	-0.0233215	
42.8042	-2.99018e-06	-0.00581845	0	0	0	0	-0.000248845	-0.0232367	-2.99018e-06	-0.00581845	0	0	0	0	-0.000248845	-0.0232367	
42.9613	-2.97974e-06	-0.00579729	0	0	0	0	-0.000247184	-0.0231525	-2.97974e-06	-0.00579729	0	0	0	0	-0.000247184	-0.0231525	
43.1184	-2.96924e-06	-0.00577628	0	0	0	0	-0.000245539	-0.0230688	-2.96924e-06	-0.00577628	0	0	0	0	-0.000245539	-0.0230688	
43.2754	-2.95867e-06	-0.00575541	0	0	0	0	-0.000243909	-0.0229858	-2.95867e-06	-0.00575541	0	0	0	0	-0.000243909	-0.0229858	
43.4325	-2.94804e-06	-0.0057347	0	0	0	0	-0.000242294	-0.0229034	-2.94804e-06	-0.0057347	0	0	0	0	-0.000242294	-0.0229034	
43.5896	-2.93737e-06	-0.00571413	0	0	0	0	-0.000240694	-0.0228215	-2.93737e-06	-0.00571413	0	0	0	0	-0.000240694	-0.0228215	
43.7467	-2.92662e-06	-0.00569372	0	0	0	0	-0.000239109	-0.0227402	-2.92662e-06	-0.00569372	0	0	0	0	-0.000239109	-0.0227402	
43.9038	-2.91585e-06	-0.00567345	0	0	0	0	-0.00023754	-0.0226596	-2.91585e-06	-0.00567345	0	0	0	0	-0.00023754	-0.0226596	
44.0608	-2.90503e-06	-0.00565331	0	0	0	0	-0.000235984	-0.0225794	-2.90503e-06	-0.00565331	0	0	0	0	-0.000235984	-0.0225794	
44.2179	-2.89416e-06	-0.00563331	0	0	0	0	-0.000234443	-0.0224998	-2.89416e-06	-0.00563331	0	0	0	0	-0.000234443	-0.0224998	
44.375	-2.88324e-06	-0.00561348	0	0	0	0	-0.000232916	-0.0224208	-2.88324e-06	-0.00561348	0	0	0	0	-0.000232916	-0.0224208	
44.5321	-2.8723e-06	-0.00559376	0	0	0	0	-0.000231403	-0.0223424	-2.8723e-06	-0.00559376	0	0	0	0	-0.000231403	-0.0223424	
44.6892	-2.86133e-06	-0.0055742	0	0	0	0	-0.000229904	-0.0222645	-2.86133e-06	-0.0055742	0	0	0	0	-0.000229904	-0.0222645	
44.8462	-2.85033e-06	-0.00555476	0	0	0	0	-0.000228419	-0.022187	-2.85033e-06	-0.00555476	0	0	0	0	-0.000228419	-0.022187	
45.0033	-2.83931e-06	-0.00553546	0	0	0	0	-0.000226948	-0.0221102	-2.83931e-06	-0.00553546	0	0	0	0	-0.000226948	-0.0221102	
45.1604	-2.82824e-06	-0.0055163	0	0	0	0	-0.000225489	-0.022034	-2.82824e-06	-0.0055163	0	0	0	0	-0.000225489	-0.022034	
45.3175	-2.81717e-06	-0.00549726	0	0	0	0	-0.000224044	-0.0219581	-2.81717e-06	-0.00549726	0	0	0	0	-0.000224044	-0.0219581	
45.4746	-2.80608e-06	-0.00547836	0	0	0	0	-0.000222613	-0.0218829	-2.80608e-06	-0.00547836	0	0	0	0	-0.000222613	-0.0218829	
45.6316	-2.79497e-06	-0.00545959	0	0	0	0	-0.000221193	-0.0218081	-2.79497e-06	-0.00545959	0	0	0	0	-0.000221193	-0.0218081	
45.7887	-2.78386e-06	-0.00544094	0	0	0	0	-0.000219788	-0.0217338	-2.78386e-06	-0.00544094	0	0	0	0	-0.000219788	-0.0217338	
45.9458	-2.77272e-06	-0.00542242	0	0	0	0	-0.000218394	-0.0216601	-2.77272e-06	-0.00542242	0	0	0	0	-0.000218394	-0.0216601	
46.1029	-2.76158e-06	-0.00540402	0	0	0	0	-0.000217014	-0.0215868	-2.76158e-06	-0.00540402	0	0	0	0	-0.000217014	-0.0215868	
46.26	-2.75041e-06	-0.00538576	0	0	0	0	-0.000215645	-0.0215141	-2.75041e-06	-0.00538576	0	0	0	0	-0.000215645	-0.0215141	
46.417	-2.73926e-06	-0.0053676	0	0	0	0	-0.000214289	-0.0214418	-2.73926e-06	-0.0053676	0	0	0	0	-0.000214289	-0.0214418	
46.5741	-2.7281e-06	-0.00534958	0	0	0	0	-0.000212945	-0.02137	-2.7281e-06	-0.00534958	0	0	0	0	-0.000212945	-0.02137	
46.7312	-2.71694e-06	-0.00533168	0	0	0	0	-0.000211613	-0.0212987	-2.71694e-06	-0.00533168	0	0	0	0	-0.000211613	-0.0212987	
46.8883	-2.70579e-06	-0.00531389	0	0	0	0	-0.000210293	-0.0212278	-2.70579e-06	-0.00531389	0	0	0	0	-0.000210293	-0.0212278	
47.0453	-2.69462e-06	-0.00529622	0	0	0	0	-0.000208984	-0.0211575	-2.69462e-06	-0.00529622	0	0	0	0	-0.000208984	-0.0211575	
47.2024	-2.68346e-06	-0.00527867	0	0	0	0	-0.000207687	-0.0210875	-2.68346e-06	-0.00527867	0	0	0	0	-0.000207687	-0.0210875	
47.3595	-2.67232e-06	-0.00526123	0	0	0	0	-0.000206402	-0.0210181	-2.67232e-06	-0.00526123	0	0	0	0	-0.000206402	-0.0210181	
47.5166	-2.66117e-06	-0.00524391	0	0	0	0	-0.000205127	-0.0209491	-2.66117e-06	-0.00524391	0	0	0	0	-0.000205127	-0.0209491	
47.6737	-2.65004e-06	-0.0052267	0	0	0	0	-0.000203864	-0.0208806	-2.65004e-06	-0.0052267	0	0	0	0	-0.000203864	-0.0208806	
47.8307	-2.63892e-06	-0.0052096	0	0	0	0	-0.000202612	-0.0208124	-2.63892e-06	-0.0052096	0	0	0	0	-0.000202612	-0.0208124	
47.9878	-2.62781e-06	-0.00519263	0	0	0	0	-0.000201371	-0.0207448	-2.62781e-06	-0.00519263	0	0	0	0	-0.000201371	-0.0207448	
48.1449	-2.61671e-06	-0.00517575	0	0	0	0	-0.000200141	-0.0206776	-2.61671e-06	-0.00517575	0	0	0	0	-0.000200141	-0.0206776	
48.302	-2.60562e-06	-0.00515899	0	0	0	0	-0.000198921	-0.0206108	-2.60562e-06	-0.00515899	0	0	0	0	-0.000198921	-0.0206108	
48.4591	-2.59455e-06	-0.00514232	0	0	0	0	-0.000197712	-0.0205444	-2.59455e-06	-0.00514232	0	0	0	0	-0.000197712	-0.0205444	
48.6161	-2.58349e-06	-0.00512578	0	0	0	0	-0.000196514	-0.0204785	-2.58349e-06	-0.00512578	0	0	0	0	-0.000196514	-0.0204785	
48.7732	-2.57245e-06	-0.00510934	0	0	0	0	-0.000195326	-0.0204129	-2.57245e-06	-0.00510934	0	0	0	0	-0.000195326	-0.0204129	
48.9303	-2.56144e-06	-0.005093	0	0	0	0	-0.000194148	-0.0203479	-2.56144e-06	-0.005093	0	0	0	0	-0.000194148	-0.0203479	
49.0874	-2.55044e-06	-0.00507675	0	0	0	0	-0.00019298	-0.0202832	-2.55044e-06	-0.00507675	0	0	0	0	-0.00019298	-0.0202832	
49.2445	-2.53946e-06	-0.00506062	0	0	0	0	-0.000191822	-0.0202189	-2.53946e-06	-0.00506062	0	0	0	0	-0.000191822	-0.0202189	
49.4015	-2.52851e-06	-0.00504459	0	0	0	0	-0.000190675	-0.020155	-2.52851e-06	-0.00504459	0	0	0	0	-0.000190675	-0.020155	
49.5586	-2.51758e-06	-0.00502867	0	0	0	0	-0.000189537	-0.0200915	-2.51758e-06	-0.00502867	0	0	0	0	-0.000189537	-0.0200915	
49.7157	-2.50668e-06	-0.00501284	0	0	0	0	-0.000188408	-0.0200285	-2.50668e-06	-0.00501284	0	0	0	0	-0.000188408	-0.0200285	
49.8728	-2.49579e-06	-0.00499711	0	0	0	0	-0.000187289	-0.0199658	-2.49579e-06	-0.00499711	0	0	0	0	-0.000187289	-0.0199658	
50.0299	-2.48494e-06	-0.00498146	0	0	0	0	-0.00018618	-0.0199035	-2.48494e-06	-0.00498146	0	0	0	0	-0.00018618	-0.0199035	
50.1869	-2.47411e-06	-0.00496595	0	0	0	0	-0.00018508	-0.0198416	-2.47411e-06	-0.00496595	0	0	0	0	-0.00018508	-0.0198416	
50.344	-2.4633e-06	-0.0049505	0	0	0	0	-0.000183989	-0.0197801	-2.4633e-06	-0.0049505	0	0	0	0	-0.000183989	-0.0197801	
50.5011	-2.45253e-06	-0.00493516	0	0	0	0	-0.000182908	-0.0197189	-2.45253e-06	-0.00493516	0	0	0	0	-0.000182908	-0.0197189	
50.6582	-2.44177e-06	-0.00491992	0	0	0	0	-0.000181835	-0.0196582	-2.44177e-06	-0.00491992	0	0	0	0	-0.000181835	-0.0196582	
50.8153	-2.43106e-06	-0.00490475	0	0	0	0	-0.000180772	-0.0195977	-2.43106e-06	-0.00490475	0	0	0	0	-0.000180772	-0.0195977	
50.9723	-2.42038e-06	-0.00488971	0	0	0	0	-0.000179717	-0.0195377	-2.42038e-06	-0.00488971	0	0	0	0	-0.000179717	-0.0195377	
51.1294	-2.40972e-06	-0.00487473	0	0	0	0	-0.000178671	-0.0194781	-2.40972e-06	-0.00487473	0	0	0	0	-0.000178671	-0.0194781	
51.2865	-2.39911e-06	-0.00485984	0	0	0	0	-0.000177635	-0.0194187	-2.39911e-06	-0.00485984	0	0	0	0	-0.000177635	-0.0194187	
51.4436	-2.3885e-06	-0.00484506	0	0	0	0	-0.000176605	-0.0193598	-2.3885e-06	-0.00484506	0	0	0	0	-0.000176605	-0.0193598	
51.6007	-2.37795e-06	-0.00483036	0	0	0	0	-0.000175586	-0.0193012	-2.37795e-06	-0.00483036	0	0	0	0	-0.000175586	-0.0193012	
51.7577	-2.36742e-06	-0.00481575	0	0	0	0	-0.000174574	-0.019243	-2.36742e-06	-0.00481575	0	0	0	0	-0.000174574	-0.019243	
51.9148	-2.35692e-06	-0.00480123	0	0	0	0	-0.000173571	-0.0191851	-2.35692e-06	-0.00480123	0	0	0	0	-0.000173571	-0.0191851	
52.0719	-2.34647e-06	-0.0047868	0	0	0	0	-0.000172576	-0.0191276	-2.34647e-06	-0.0047868	0	0	0	0	-0.000172576	-0.0191276	
52.229	-2.33604e-06	-0.00477244	0	0	0	0	-0.000171589	-0.0190704	-2.33604e-06	-0.00477244	0	0	0	0	-0.000171589	-0.0190704	
52.3861	-2.32566e-06	-0.00475819	0	0	0	0	-0.00017061	-0.0190135	-2.32566e-06	-0.00475819	0	0	0	0	-0.00017061	-0.0190135	
52.5431	-2.3153e-06	-0.00474401	0	0	0	0	-0.00016964	-0.018957	-2.3153e-06	-0.00474401	0	0	0	0	-0.00016964	-0.018957	
52.7002	-2.30498e-06	-0.00472991	0	0	0	0	-0.000168676	-0.0189008	-2.30498e-06	-0.00472991	0	0	0	0	-0.000168676	-0.0189008	
52.8573	-2.2947e-06	-0.00471592	0	0	0	0	-0.000167721	-0.0188449	-2.2947e-06	-0.00471592	0	0	0	0	-0.000167721	-0.0188449	
53.0144	-2.28445e-06	-0.00470198	0	0	0	0	-0.000166774	-0.0187895	-2.28445e-06	-0.00470198	0	0	0	0	-0.000166774	-0.0187895	
53.1715	-2.27425e-06	-0.00468814	0	0	0	0	-0.000165834	-0.0187342	-2.27425e-06	-0.00468814	0	0	0	0	-0.000165834	-0.0187342	
53.3285	-2.26408e-06	-0.00467437	0	0	0	0	-0.000164902	-0.0186793	-2.26408e-06	-0.00467437	0	0	0	0	-0.000164902	-0.0186793	
53.4856	-2.25395e-06	-0.00466069	0	0	0	0	-0.000163977	-0.0186248	-2.25395e-06	-0.00466069	0	0	0	0	-0.000163977	-0.0186248	
53.6427	-2.24384e-06	-0.00464708	0	0	0	0	-0.000163061	-0.0185705	-2.24384e-06	-0.00464708	0	0	0	0	-0.000163061	-0.0185705	
53.7998	-2.23378e-06	-0.00463356	0	0	0	0	-0.00016215	-0.0185167	-2.23378e-06	-0.00463356	0	0	0	0	-0.00016215	-0.0185167	
53.9569	-2.22376e-06	-0.00462011	0	0	0	0	-0.000161248	-0.018463	-2.22376e-06	-0.00462011	0	0	0	0	-0.000161248	-0.018463	
54.1139	-2.21379e-06	-0.00460674	0	0	0	0	-0.000160352	-0.0184097	-2.21379e-06	-0.00460674	0	0	0	0	-0.000160352	-0.0184097	
54.271	-2.20383e-06	-0.00459346	0	0	0	0	-0.000159463	-0.0183567	-2.20383e-06	-0.00459346	0	0	0	0	-0.000159463	-0.0183567	
54.4281	-2.19394e-06	-0.00458024	0	0	0	0	-0.000158582	-0.018304	-2.19394e-06	-0.00458024	0	0	0	0	-0.000158582	-0.018304	
54.5852	-2.18407e-06	-0.0045671	0	0	0	0	-0.000157708	-0.0182516	-2.18407e-06	-0.0045671	0	0	0	0	-0.000157708	-0.0182516	
54.7423	-2.17425e-06	-0.00455404	0	0	0	0	-0.000156841	-0.0181995	-2.17425e-06	-0.00455404	0	0	0	0	-0.000156841	-0.0181995	
54.8993	-2.16446e-06	-0.00454104	0	0	0	0	-0.00015598	-0.0181477	-2.16446e-06	-0.00454104	0	0	0	0	-0.00015598	-0.0181477	
55.0564	-2.15472e-06	-0.00452812	0	0	0	0	-0.000155127	-0.0180962	-2.15472e-06	-0.00452812	0	0	0	0	-0.000155127	-0.0180962	
55.2135	-2.14501e-06	-0.00451529	0	0	0	0	-0.000154279	-0.018045	-2.14501e-06	-0.00451529	0	0	0	0	-0.000154279	-0.018045	
55.3706	-2.13536e-06	-0.00450252	0	0	0	0	-0.000153438	-0.017994	-2.13536e-06	-0.00450252	0	0	0	0	-0.000153438	-0.017994	
55.5277	-2.12573e-06	-0.00448982	0	0	0	0	-0.000152605	-0.0179434	-2.12573e-06	-0.00448982	0	0	0	0	-0.000152605	-0.0179434	
55.6847	-2.11615e-06	-0.00447719	0	0	0	0	-0.000151777	-0.017893	-2.11615e-06	-0.00447719	0	0	0	0	-0.000151777	-0.017893	
55.8418	-2.10661e-06	-0.00446463	0	0	0	0	-0.000150956	-0.0178429	-2.10661e-06	-0.00446463	0	0	0	0	-0.000150956	-0.0178429	
55.9989	-2.09709e-06	-0.00445214	0	0	0	0	-0.000150142	-0.0177932	-2.09709e-06	-0.00445214	0	0	0	0	-0.000150142	-0.0177932	
56.156	-2.08764e-06	-0.00443972	0	0	0	0	-0.000149333	-0.0177437	-2.08764e-06	-0.00443972	0	0	0	0	-0.000149333	-0.0177437	
56.313	-2.07821e-06	-0.00442737	0	0	0	0	-0.000148531	-0.0176944	-2.07821e-06	-0.00442737	0	0	0	0	-0.000148531	-0.0176944	
56.4701	-2.06883e-06	-0.00441509	0	0	0	0	-0.000147735	-0.0176455	-2.06883e-06	-0.00441509	0	0	0	0	-0.000147735	-0.0176455	
56.6272	-2.05949e-06	-0.00440288	0	0	0	0	-0.000146945	-0.0175967	-2.05949e-06	-0.00440288	0	0	0	0	-0.000146945	-0.0175967	
56.7843	-2.05019e-06	-0.00439073	0	0	0	0	-0.000146162	-0.0175483	-2.05019e-06	-0.00439073	0	0	0	0	-0.000146162	-0.0175483	
56.9414	-2.04093e-06	-0.00437866	0	0	0	0	-0.000145384	-0.0175001	-2.04093e-06	-0.00437866	0	0	0	0	-0.000145384	-0.0175001	
57.0984	-2.03171e-06	-0.00436665	0	0	0	0	-0.000144611	-0.0174522	-2.03171e-06	-0.00436665	0	0	0	0	-0.000144611	-0.0174522	
57.2555	-2.02253e-06	-0.00435471	0	0	0	0	-0.000143846	-0.0174046	-2.02253e-06	-0.00435471	0	0	0	0	-0.000143846	-0.0174046	
57.4126	-2.0134e-06	-0.00434282	0	0	0	0	-0.000143086	-0.0173572	-2.0134e-06	-0.00434282	0	0	0	0	-0.000143086	-0.0173572	
57.5697	-2.00429e-06	-0.004331	0	0	0	0	-0.000142331	-0.01731	-2.00429e-06	-0.004331	0	0	0	0	-0.000142331	-0.01731	
57.7268	-1.99525e-06	-0.00431925	0	0	0	0	-0.000141582	-0.0172632	-1.99525e-06	-0.00431925	0	0	0	0	-0.000141582	-0.0172632	
57.8838	-1.98622e-06	-0.00430757	0	0	0	0	-0.000140839	-0.0172165	-1.98622e-06	-0.00430757	0	0	0	0	-0.000140839	-0.0172165	
58.0409	-1.97726e-06	-0.00429594	0	0	0	0	-0.000140101	-0.0171702	-1.97726e-06	-0.00429594	0	0	0	0	-0.000140101	-0.0171702	
58.198	-1.96833e-06	-0.00428437	0	0	0	0	-0.00013937	-0.017124	-1.96833e-06	-0.00428437	0	0	0	0	-0.00013937	-0.017124	
58.3551	-1.95943e-06	-0.00427287	0	0	0	0	-0.000138643	-0.0170781	-1.95943e-06	-0.00427287	0	0	0	0	-0.000138643	-0.0170781	
58.5122	-1.95058e-06	-0.00426144	0	0	0	0	-0.000137922	-0.0170325	-1.95058e-06	-0.00426144	0	0	0	0	-0.000137922	-0.0170325	
58.6692	-1.94178e-06	-0.00425005	0	0	0	0	-0.000137206	-0.0169871	-1.94178e-06	-0.00425005	0	0	0	0	-0.000137206	-0.0169871	
58.8263	-1.93301e-06	-0.00423873	0	0	0	0	-0.000136496	-0.0169419	-1.93301e-06	-0.00423873	0	0	0	0	-0.000136496	-0.0169419	
58.9834	-1.92427e-06	-0.00422748	0	0	0	0	-0.000135791	-0.016897	-1.92427e-06	-0.00422748	0	0	0	0	-0.000135791	-0.016897	
59.1405	-1.91559e-06	-0.00421627	0	0	0	0	-0.000135091	-0.0168523	-1.91559e-06	-0.00421627	0	0	0	0	-0.000135091	-0.0168523	
59.2976	-1.90694e-06	-0.00420514	0	0	0	0	-0.000134397	-0.0168079	-1.90694e-06	-0.00420514	0	0	0	0	-0.000134397	-0.0168079	
59.4546	-1.89834e-06	-0.00419406	0	0	0	0	-0.000133707	-0.0167637	-1.89834e-06	-0.00419406	0	0	0	0	-0.000133707	-0.0167637	
59.6117	-1.88976e-06	-0.00418304	0	0	0	0	-0.000133022	-0.0167197	-1.88976e-06	-0.00418304	0	0	0	0	-0.000133022	-0.0167197	
59.7688	-1.88124e-06	-0.00417208	0	0	0	0	-0.000132343	-0.016676	-1.88124e-06	-0.00417208	0	0	0	0	-0.000132343	-0.016676	
59.9259	-1.87276e-06	-0.00416115	0	0	0	0	-0.000131668	-0.0166325	-1.87276e-06	-0.00416115	0	0	0	0	-0.000131668	-0.0166325	
60.083	-1.86431e-06	-0.00415032	0	0	0	0	-0.000130999	-0.0165892	-1.86431e-06	-0.00415032	0	0	0	0	-0.000130999	-0.0165892	
60.24	-1.85591e-06	-0.00413952	0	0	0	0	-0.000130334	-0.0165461	-1.85591e-06	-0.00413952	0	0	0	0	-0.000130334	-0.0165461	
60.3971	-1.84754e-06	-0.00412878	0	0	0	0	-0.000129674	-0.0165033	-1.84754e-06	-0.00412878	0	0	0	0	-0.000129674	-0.0165033	
60.5542	-1.83921e-06	-0.00411808	0	0	0	0	-0.000129019	-0.0164606	-1.83921e-06	-0.00411808	0	0	0	0	-0.000129019	-0.0164606	
60.7113	-1.83093e-06	-0.00410746	0	0	0	0	-0.000128369	-0.0164182	-1.83093e-06	-0.00410746	0	0	0	0	-0.000128369	-0.0164182	
60.8684	-1.82267e-06	-0.0040969	0	0	0	0	-0.000127723	-0.016376	-1.82267e-06	-0.0040969	0	0	0	0	-0.000127723	-0.016376	
61.0254	-1.81448e-06	-0.00408636	0	0	0	0	-0.000127082	-0.016334	-1.81448e-06	-0.00408636	0	0	0	0	-0.000127082	-0.016334	
61.1825	-1.80631e-06	-0.00407591	0	0	0	0	-0.000126446	-0.0162923	-1.80631e-06	-0.00407591	0	0	0	0	-0.000126446	-0.0162923	
61.3396	-1.79819e-06	-0.0040655	0	0	0	0	-0.000125814	-0.0162507	-1.79819e-06	-0.0040655	0	0	0	0	-0.000125814	-0.0162507	
61.4967	-1.79009e-06	-0.00405513	0	0	0	0	-0.000125187	-0.0162094	-1.79009e-06	-0.00405513	0	0	0	0	-0.000125187	-0.0162094	
61.6538	-1.78205e-06	-0.00404483	0	0	0	0	-0.000124564	-0.0161683	-1.78205e-06	-0.00404483	0	0	0	0	-0.000124564	-0.0161683	
61.8108	-1.77404e-06	-0.00403457	0	0	0	0	-0.000123945	-0.0161274	-1.77404e-06	-0.00403457	0	0	0	0	-0.000123945	-0.0161274	
61.9679	-1.76606e-06	-0.00402438	0	0	0	0	-0.000123332	-0.0160867	-1.76606e-06	-0.00402438	0	0	0	0	-0.000123332	-0.0160867	
62.125	-1.75813e-06	-0.00401422	0	0	0	0	-0.000122722	-0.0160462	-1.75813e-06	-0.00401422	0	0	0	0	-0.000122722	-0.0160462	
62.2821	-1.75024e-06	-0.00400412	0	0	0	0	-0.000122117	-0.0160058	-1.75024e-06	-0.00400412	0	0	0	0	-0.000122117	-0.0160058	
62.4392	-1.74239e-06	-0.00399407	0	0	0	0	-0.000121516	-0.0159657	-1.74239e-06	-0.00399407	0	0	0	0	-0.000121516	-0.0159657	
62.5962	-1.73457e-06	-0.00398408	0	0	0	0	-0.000120919	-0.0159258	-1.73457e-06	-0.00398408	0	0	0	0	-0.000120919	-0.0159258	
62.7533	-1.72679e-06	-0.00397412	0	0	0	0	-0.000120327	-0.0158861	-1.72679e-06	-0.00397412	0	0	0	0	-0.000120327	-0.0158861	
62.9104	-1.71905e-06	-0.00396422	0	0	0	0	-0.000119738	-0.0158466	-1.71905e-06	-0.00396422	0	0	0	0	-0.000119738	-0.0158466	
63.0675	-1.71135e-06	-0.00395437	0	0	0	0	-0.000119154	-0.0158073	-1.71135e-06	-0.00395437	0	0	0	0	-0.000119154	-0.0158073	
63.2246	-1.70369e-06	-0.00394457	0	0	0	0	-0.000118574	-0.0157682	-1.70369e-06	-0.00394457	0	0	0	0	-0.000118574	-0.0157682	
63.3816	-1.69605e-06	-0.00393482	0	0	0	0	-0.000117998	-0.0157293	-1.69605e-06	-0.00393482	0	0	0	0	-0.000117998	-0.0157293	
63.5387	-1.68847e-06	-0.00392511	0	0	0	0	-0.000117425	-0.0156906	-1.68847e-06	-0.00392511	0	0	0	0	-0.000117425	-0.0156906	
63.6958	-1.68091e-06	-0.00391546	0	0	0	0	-0.000116857	-0.015652	-1.68091e-06	-0.00391546	0	0	0	0	-0.000116857	-0.015652	
63.8529	-1.6734e-06	-0.00390584	0	0	0	0	-0.000116293	-0.0156136	-1.6734e-06	-0.00390584	0	0	0	0	-0.000116293	-0.0156136	
64.01	-1.66592e-06	-0.00389627	0	0	0	0	-0.000115732	-0.0155755	-1.66592e-06	-0.00389627	0	0	0	0	-0.000115732	-0.0155755	
64.167	-1.65848e-06	-0.00388676	0	0	0	0	-0.000115176	-0.0155375	-1.65848e-06	-0.00388676	0	0	0	0	-0.000115176	-0.0155375	
64.3241	-1.65107e-06	-0.00387729	0	0	0	0	-0.000114624	-0.0154997	-1.65107e-06	-0.00387729	0	0	0	0	-0.000114624	-0.0154997	
64.4812	-1.64372e-06	-0.00386787	0	0	0	0	-0.000114075	-0.0154621	-1.64372e-06	-0.00386787	0	0	0	0	-0.000114075	-0.0154621	
64.6383	-1.63639e-06	-0.00385848	0	0	0	0	-0.00011353	-0.0154246	-1.63639e-06	-0.00385848	0	0	0	0	-0.00011353	-0.0154246	
64.7953	-1.62908e-06	-0.00384916	0	0	0	0	-0.000112989	-0.0153874	-1.62908e-06	-0.00384916	0	0	0	0	-0.000112989	-0.0153874	
64.9524	-1.62183e-06	-0.00383987	0	0	0	0	-0.000112451	-0.0153503	-1.62183e-06	-0.00383987	0	0	0	0	-0.000112451	-0.0153503	
65.1095	-1.61461e-06	-0.00383063	0	0	0	0	-0.000111917	-0.0153134	-1.61461e-06	-0.00383063	0	0	0	0	-0.000111917	-0.0153134	
65.2666	-1.60743e-06	-0.00382143	0	0	0	0	-0.000111387	-0.0152767	-1.60743e-06	-0.00382143	0	0	0	0	-0.000111387	-0.0152767	
65.4237	-1.60028e-06	-0.00381227	0	0	0	0	-0.00011086	-0.0152401	-1.60028e-06	-0.00381227	0	0	0	0	-0.00011086	-0.0152401	
65.5807	-1.59317e-06	-0.00380315	0	0	0	0	-0.000110337	-0.0152038	-1.59317e-06	-0.00380315	0	0	0	0	-0.000110337	-0.0152038	
65.7378	-1.58609e-06	-0.00379409	0	0	0	0	-0.000109817	-0.0151676	-1.58609e-06	-0.00379409	0	0	0	0	-0.000109817	-0.0151676	
65.8949	-1.57903e-06	-0.00378506	0	0	0	0	-0.000109301	-0.0151315	-1.57903e-06	-0.00378506	0	0	0	0	-0.000109301	-0.0151315	
66.052	-1.57203e-06	-0.00377609	0	0	0	0	-0.000108789	-0.0150957	-1.57203e-06	-0.00377609	0	0	0	0	-0.000108789	-0.0150957	
66.2091	-1.56506e-06	-0.00376715	0	0	0	0	-0.000108279	-0.01506	-1.56506e-06	-0.00376715	0	0	0	0	-0.000108279	-0.01506	
66.3661	-1.55812e-06	-0.00375823	0	0	0	0	-0.000107774	-0.0150245	-1.55812e-06	-0.00375823	0	0	0	0	-0.000107774	-0.0150245	
66.5232	-1.55122e-06	-0.00374938	0	0	0	0	-0.000107271	-0.0149892	-1.55122e-06	-0.00374938	0	0	0	0	-0.000107271	-0.0149892	
66.6803	-1.54435e-06	-0.00374057	0	0	0	0	-0.000106772	-0.014954	-1.54435e-06	-0.00374057	0	0	0	0	-0.000106772	-0.014954	
66.8374	-1.53751e-06	-0.00373181	0	0	0	0	-0.000106276	-0.0149189	-1.53751e-06	-0.00373181	0	0	0	0	-0.000106276	-0.0149189	
66.9945	-1.53071e-06	-0.00372307	0	0	0	0	-0.000105784	-0.0148841	-1.53071e-06	-0.00372307	0	0	0	0	-0.000105784	-0.0148841	
67.1515	-1.52395e-06	-0.00371437	0	0	0	0	-0.000105295	-0.0148494	-1.52395e-06	-0.00371437	0	0	0	0	-0.000105295	-0.0148494	
67.3086	-1.5172e-06	-0.00370573	0	0	0	0	-0.000104809	-0.0148149	-1.5172e-06	-0.00370573	0	0	0	0	-0.000104809	-0.0148149	
67.4657	-1.51051e-06	-0.00369711	0	0	0	0	-0.000104327	-0.0147805	-1.51051e-06	-0.00369711	0	0	0	0	-0.000104327	-0.0147805	
67.6228	-1.50385e-06	-0.00368854	0	0	0	0	-0.000103847	-0.0147462	-1.50385e-06	-0.00368854	0	0	0	0	-0.000103847	-0.0147462	
67.7799	-1.49722e-06	-0.00368001	0	0	0	0	-0.000103371	-0.0147122	-1.49722e-06	-0.00368001	0	0	0	0	-0.000103371	-0.0147122	
67.9369	-1.49062e-06	-0.00367152	0	0	0	0	-0.000102898	-0.0146783	-1.49062e-06	-0.00367152	0	0	0	0	-0.000102898	-0.0146783	
68.094	-1.48406e-06	-0.00366306	0	0	0	0	-0.000102428	-0.0146446	-1.48406e-06	-0.00366306	0	0	0	0	-0.000102428	-0.0146446	
68.2511	-1.47751e-06	-0.00365465	0	0	0	0	-0.00010196	-0.014611	-1.47751e-06	-0.00365465	0	0	0	0	-0.00010196	-0.014611	
68.4082	-1.47102e-06	-0.00364628	0	0	0	0	-0.000101496	-0.0145775	-1.47102e-06	-0.00364628	0	0	0	0	-0.000101496	-0.0145775	
68.5653	-1.46455e-06	-0.00363795	0	0	0	0	-0.000101035	-0.0145443	-1.46455e-06	-0.00363795	0	0	0	0	-0.000101035	-0.0145443	
68.7223	-1.45811e-06	-0.00362964	0	0	0	0	-0.000100577	-0.0145111	-1.45811e-06	-0.00362964	0	0	0	0	-0.000100577	-0.0145111	
68.8794	-1.45172e-06	-0.00362139	0	0	0	0	-0.000100123	-0.0144781	-1.45172e-06	-0.00362139	0	0	0	0	-0.000100123	-0.0144781	
69.0365	-1.44533e-06	-0.00361316	0	0	0	0	-9.96706e-05	-0.0144453	-1.44533e-06	-0.00361316	0	0	0	0	-9.96706e-05	-0.0144453	
69.1936	-1.43899e-06	-0.00360497	0	0	0	0	-9.92213e-05	-0.0144126	-1.43899e-06	-0.00360497	0	0	0	0	-9.92213e-05	-0.0144126	
69.3507	-1.4327e-06	-0.00359682	0	0	0	0	-9.87748e-05	-0.0143801	-1.4327e-06	-0.00359682	0	0	0	0	-9.87748e-05	-0.0143801	
69.5077	-1.42641e-06	-0.00358871	0	0	0	0	-9.83315e-05	-0.0143477	-1.42641e-06	-0.00358871	0	0	0	0	-9.83315e-05	-0.0143477	
69.6648	-1.42017e-06	-0.00358063	0	0	0	0	-9.78914e-05	-0.0143154	-1.42017e-06	-0.00358063	0	0	0	0	-9.78914e-05	-0.0143154	
69.8219	-1.41397e-06	-0.00357259	0	0	0	0	-9.74535e-05	-0.0142833	-1.41397e-06	-0.00357259	0	0	0	0	-9.74535e-05	-0.0142833	
69.979	-1.40778e-06	-0.00356458	0	0	0	0	-9.70187e-05	-0.0142514	-1.40778e-06	-0.00356458	0	0	0	0	-9.70187e-05	-0.0142514	
70.1361	-1.40163e-06	-0.00355662	0	0	0	0	-9.65866e-05	-0.0142196	-1.40163e-06	-0.00355662	0	0	0	0	-9.65866e-05	-0.0142196	
70.2931	-1.39551e-06	-0.00354868	0	0	0	0	-9.61572e-05	-0.0141879	-1.39551e-06	-0.00354868	0	0	0	0	-9.61572e-05	-0.0141879	
70.4502	-1.38941e-06	-0.00354079	0	0	0	0	-9.57304e-05	-0.0141564	-1.38941e-06	-0.00354079	0	0	0	0	-9.57304e-05	-0.0141564	
70.6073	-1.38335e-06	-0.00353292	0	0	0	0	-9.53068e-05	-0.014125	-1.38335e-06	-0.00353292	0	0	0	0	-9.53068e-05	-0.014125	
70.7644	-1.37732e-06	-0.0035251	0	0	0	0	-9.48852e-05	-0.0140937	-1.37732e-06	-0.0035251	0	0	0	0	-9.48852e-05	-0.0140937	
70.9215	-1.37132e-06	-0.00351731	0	0	0	0	-9.44668e-05	-0.0140626	-1.37132e-06	-0.00351731	0	0	0	0	-9.44668e-05	-0.0140626	
71.0785	-1.36535e-06	-0.00350954	0	0	0	0	-9.4051e-05	-0.0140316	-1.36535e-06	-0.00350954	0	0	0	0	-9.4051e-05	-0.0140316	
71.2356	-1.35942e-06	-0.00350181	0	0	0	0	-9.36378e-05	-0.0140008	-1.35942e-06	-0.00350181	0	0	0	0	-9.36378e-05	-0.0140008	
71.3927	-1.35351e-06	-0.00349412	0	0	0	0	-9.32267e-05	-0.01397	-1.35351e-06	-0.00349412	0	0	0	0	-9.32267e-05	-0.01397	
71.5498	-1.34763e-06	-0.00348647	0	0	0	0	-9.28187e-05	-0.0139395	-1.34763e-06	-0.00348647	0	0	0	0	-9.28187e-05	-0.0139395	
71.7069	-1.34178e-06	-0.00347886	0	0	0	0	-9.24132e-05	-0.013909	-1.34178e-06	-0.00347886	0	0	0	0	-9.24132e-05	-0.013909	
71.8639	-1.33595e-06	-0.00347127	0	0	0	0	-9.20103e-05	-0.0138787	-1.33595e-06	-0.00347127	0	0	0	0	-9.20103e-05	-0.0138787	
72.021	-1.33017e-06	-0.0034637	0	0	0	0	-9.16095e-05	-0.0138485	-1.33017e-06	-0.0034637	0	0	0	0	-9.16095e-05	-0.0138485	
72.1781	-1.32439e-06	-0.00345617	0	0	0	0	-9.12117e-05	-0.0138185	-1.32439e-06	-0.00345617	0	0	0	0	-9.12117e-05	-0.0138185	
72.3352	-1.31867e-06	-0.00344868	0	0	0	0	-9.08159e-05	-0.0137885	-1.31867e-06	-0.00344868	0	0	0	0	-9.08159e-05	-0.0137885	
72.4923	-1.31297e-06	-0.00344122	0	0	0	0	-9.04227e-05	-0.0137588	-1.31297e-06	-0.00344122	0	0	0	0	-9.04227e-05	-0.0137588	
72.6493	-1.30728e-06	-0.0034338	0	0	0	0	-9.0032e-05	-0.0137292	-1.30728e-06	-0.0034338	0	0	0	0	-9.0032e-05	-0.0137292	
72.8064	-1.30163e-06	-0.0034264	0	0	0	0	-8.96438e-05	-0.0136996	-1.30163e-06	-0.0034264	0	0	0	0	-8.96438e-05	-0.0136996	
72.9635	-1.29601e-06	-0.00341903	0	0	0	0	-8.92581e-05	-0.0136702	-1.29601e-06	-0.00341903	0	0	0	0	-8.92581e-05	-0.0136702	
73.1206	-1.29041e-06	-0.0034117	0	0	0	0	-8.88744e-05	-0.0136409	-1.29041e-06	-0.0034117	0	0	0	0	-8.88744e-05	-0.0136409	
73.2776	-1.28485e-06	-0.0034044	0	0	0	0	-8.84932e-05	-0.0136117	-1.28485e-06	-0.0034044	0	0	0	0	-8.84932e-05	-0.0136117	
73.4347	-1.27931e-06	-0.00339714	0	0	0	0	-8.81144e-05	-0.0135827	-1.27931e-06	-0.00339714	0	0	0	0	-8.81144e-05	-0.0135827	
73.5918	-1.2738e-06	-0.0033899	0	0	0	0	-8.77382e-05	-0.0135538	-1.2738e-06	-0.0033899	0	0	0	0	-8.77382e-05	-0.0135538	
73.7489	-1.26831e-06	-0.00338269	0	0	0	0	-8.73639e-05	-0.013525	-1.26831e-06	-0.00338269	0	0	0	0	-8.73639e-05	-0.013525	
73.906	-1.26286e-06	-0.0033755	0	0	0	0	-8.6992e-05	-0.0134964	-1.26286e-06	-0.0033755	0	0	0	0	-8.6992e-05	-0.0134964	
74.063	-1.25743e-06	-0.00336836	0	0	0	0	-8.66222e-05	-0.0134678	-1.25743e-06	-0.00336836	0	0	0	0	-8.66222e-05	-0.0134678	
74.2201	-1.25202e-06	-0.00336124	0	0	0	0	-8.62547e-05	-0.0134394	-1.25202e-06	-0.00336124	0	0	0	0	-8.62547e-05	-0.0134394	
74.3772	-1.24664e-06	-0.00335417	0	0	0	0	-8.58897e-05	-0.0134111	-1.24664e-06	-0.00335417	0	0	0	0	-8.58897e-05	-0.0134111	
74.5343	-1.24131e-06	-0.0033471	0	0	0	0	-8.55266e-05	-0.0133829	-1.24131e-06	-0.0033471	0	0	0	0	-8.55266e-05	-0.0133829	
74.6914	-1.23598e-06	-0.00334007	0	0	0	0	-8.51659e-05	-0.0133549	-1.23598e-06	-0.00334007	0	0	0	0	-8.51659e-05	-0.0133549	
74.8484	-1.23068e-06	-0.00333308	0	0	0	0	-8.48071e-05	-0.0133269	-1.23068e-06	-0.00333308	0	0	0	0	-8.48071e-05	-0.0133269	
75.0055	-1.22541e-06	-0.00332611	0	0	0	0	-8.44508e-05	-0.0132991	-1.22541e-06	-0.00332611	0	0	0	0	-8.44508e-05	-0.0132991	
75.1626	-1.22016e-06	-0.00331917	0	0	0	0	-8.40963e-05	-0.0132714	-1.22016e-06	-0.00331917	0	0	0	0	-8.40963e-05	-0.0132714	
75.3197	-1.21495e-06	-0.00331226	0	0	0	0	-8.37442e-05	-0.0132437	-1.21495e-06	-0.00331226	0	0	0	0	-8.37442e-05	-0.0132437	
75.4768	-1.20977e-06	-0.00330537	0	0	0	0	-8.33941e-05	-0.0132163	-1.20977e-06	-0.00330537	0	0	0	0	-8.33941e-05	-0.0132163	
75.6338	-1.20458e-06	-0.00329852	0	0	0	0	-8.30462e-05	-0.0131889	-1.20458e-06	-0.00329852	0	0	0	0	-8.30462e-05	-0.0131889	
75.7909	-1.19945e-06	-0.0032917	0	0	0	0	-8.27002e-05	-0.0131616	-1.19945e-06	-0.0032917	0	0	0	0	-8.27002e-05	-0.0131616	
75.948	-1.19433e-06	-0.0032849	0	0	0	0	-8.23563e-05	-0.0131345	-1.19433e-06	-0.0032849	0	0	0	0	-8.23563e-05	-0.0131345	
76.1051	-1.18924e-06	-0.00327814	0	0	0	0	-8.20144e-05	-0.0131075	-1.18924e-06	-0.00327814	0	0	0	0	-8.20144e-05	-0.0131075	
76.2622	-1.18417e-06	-0.00327138	0	0	0	0	-8.16746e-05	-0.0130805	-1.18417e-06	-0.00327138	0	0	0	0	-8.16746e-05	-0.0130805	
76.4192	-1.17914e-06	-0.00326467	0	0	0	0	-8.13368e-05	-0.0130537	-1.17914e-06	-0.00326467	0	0	0	0	-8.13368e-05	-0.0130537	
76.5763	-1.17411e-06	-0.00325799	0	0	0	0	-8.1001e-05	-0.013027	-1.17411e-06	-0.00325799	0	0	0	0	-8.1001e-05	-0.013027	
76.7334	-1.16913e-06	-0.00325134	0	0	0	0	-8.06672e-05	-0.0130004	-1.16913e-06	-0.00325134	0	0	0	0	-8.06672e-05	-0.0130004	
76.8905	-1.16415e-06	-0.00324469	0	0	0	0	-8.03353e-05	-0.0129739	-1.16415e-06	-0.00324469	0	0	0	0	-8.03353e-05	-0.0129739	
77.0476	-1.15922e-06	-0.00323809	0	0	0	0	-8.00053e-05	-0.0129476	-1.15922e-06	-0.00323809	0	0	0	0	-8.00053e-05	-0.0129476	
77.2046	-1.15429e-06	-0.00323151	0	0	0	0	-7.96773e-05	-0.0129213	-1.15429e-06	-0.00323151	0	0	0	0	-7.96773e-05	-0.0129213	
77.3617	-1.14939e-06	-0.00322496	0	0	0	0	-7.93512e-05	-0.0128951	-1.14939e-06	-0.00322496	0	0	0	0	-7.93512e-05	-0.0128951	
77.5188	-1.14453e-06	-0.00321844	0	0	0	0	-7.9027e-05	-0.012869	-1.14453e-06	-0.00321844	0	0	0	0	-7.9027e-05	-0.012869	
77.6759	-1.13968e-06	-0.00321195	0	0	0	0	-7.87048e-05	-0.0128431	-1.13968e-06	-0.00321195	0	0	0	0	-7.87048e-05	-0.0128431	
77.833	-1.13485e-06	-0.00320547	0	0	0	0	-7.83843e-05	-0.0128173	-1.13485e-06	-0.00320547	0	0	0	0	-7.83843e-05	-0.0128173	
77.99	-1.13004e-06	-0.00319902	0	0	0	0	-7.80658e-05	-0.0127915	-1.13004e-06	-0.00319902	0	0	0	0	-7.80658e-05	-0.0127915	
78.1471	-1.12527e-06	-0.0031926	0	0	0	0	-7.7749e-05	-0.0127659	-1.12527e-06	-0.0031926	0	0	0	0	-7.7749e-05	-0.0127659	
78.3042	-1.12052e-06	-0.00318619	0	0	0	0	-7.74341e-05	-0.0127403	-1.12052e-06	-0.00318619	0	0	0	0	-7.74341e-05	-0.0127403	
78.4613	-1.1158e-06	-0.00317983	0	0	0	0	-7.71211e-05	-0.0127149	-1.1158e-06	-0.00317983	0	0	0	0	-7.71211e-05	-0.0127149	
