-10	-0.182497	1.2509e-05	-0.185293	-7.46621e-05	-0.182497	1.2509e-05	-0.185293	-7.46621e-05	
-9.98	-0.183167	1.2709e-05	-0.18599	-7.53885e-05	-0.183167	1.2709e-05	-0.18599	-7.53885e-05	
-9.96	-0.183842	1.29126e-05	-0.186693	-7.61203e-05	-0.183842	1.29126e-05	-0.186693	-7.61203e-05	
-9.94	-0.184522	1.31198e-05	-0.187401	-7.68574e-05	-0.184522	1.31198e-05	-0.187401	-7.68574e-05	
-9.92	-0.185207	1.33308e-05	-0.188115	-7.75999e-05	-0.185207	1.33308e-05	-0.188115	-7.75999e-05	
-9.9	-0.185898	1.35455e-05	-0.188834	-7.83475e-05	-0.185898	1.35455e-05	-0.188834	-7.83475e-05	
-9.88	-0.186593	1.37641e-05	-0.189558	-7.91004e-05	-0.186593	1.37641e-05	-0.189558	-7.91004e-05	
-9.86	-0.187293	1.39866e-05	-0.190288	-7.98584e-05	-0.187293	1.39866e-05	-0.190288	-7.98584e-05	
-9.84	-0.187999	1.42132e-05	-0.191024	-8.06215e-05	-0.187999	1.42132e-05	-0.191024	-8.06215e-05	
-9.82	-0.18871	1.44438e-05	-0.191766	-8.13897e-05	-0.18871	1.44438e-05	-0.191766	-8.13897e-05	
-9.8	-0.189427	1.46786e-05	-0.192513	-8.21627e-05	-0.189427	1.46786e-05	-0.192513	-8.21627e-05	
-9.78	-0.190149	1.49177e-05	-0.193267	-8.29407e-05	-0.190149	1.49177e-05	-0.193267	-8.29407e-05	
-9.76	-0.190877	1.51611e-05	-0.194026	-8.37235e-05	-0.190877	1.51611e-05	-0.194026	-8.37235e-05	
-9.74	-0.19161	1.5409e-05	-0.194791	-8.4511e-05	-0.19161	1.5409e-05	-0.194791	-8.4511e-05	
-9.72	-0.192349	1.56614e-05	-0.195562	-8.53031e-05	-0.192349	1.56614e-05	-0.195562	-8.53031e-05	
-9.7	-0.193093	1.59184e-05	-0.19634	-8.60997e-05	-0.193093	1.59184e-05	-0.19634	-8.60997e-05	
-9.68	-0.193843	1.61801e-05	-0.197124	-8.69008e-05	-0.193843	1.61801e-05	-0.197124	-8.69008e-05	
-9.66	-0.1946	1.64467e-05	-0.197914	-8.77062e-05	-0.1946	1.64467e-05	-0.197914	-8.77062e-05	
-9.64	-0.195362	1.67181e-05	-0.198711	-8.85158e-05	-0.195362	1.67181e-05	-0.198711	-8.85158e-05	
-9.62	-0.19613	1.69945e-05	-0.199514	-8.93295e-05	-0.19613	1.69945e-05	-0.199514	-8.93295e-05	
-9.6	-0.196904	1.72761e-05	-0.200323	-9.01471e-05	-0.196904	1.72761e-05	-0.200323	-9.01471e-05	
-9.58	-0.197685	1.75629e-05	-0.201139	-9.09685e-05	-0.197685	1.75629e-05	-0.201139	-9.09685e-05	
-9.56	-0.198471	1.7855e-05	-0.201962	-9.17936e-05	-0.198471	1.7855e-05	-0.201962	-9.17936e-05	
-9.54	-0.199264	1.81525e-05	-0.202792	-9.26222e-05	-0.199264	1.81525e-05	-0.202792	-9.26222e-05	
-9.52	-0.200063	1.84556e-05	-0.203629	-9.34542e-05	-0.200063	1.84556e-05	-0.203629	-9.34542e-05	
-9.5	-0.200869	1.87643e-05	-0.204473	-9.42893e-05	-0.200869	1.87643e-05	-0.204473	-9.42893e-05	
-9.48	-0.201681	1.90788e-05	-0.205323	-9.51274e-05	-0.201681	1.90788e-05	-0.205323	-9.51274e-05	
-9.46	-0.2025	1.93992e-05	-0.206181	-9.59684e-05	-0.2025	1.93992e-05	-0.206181	-9.59684e-05	
-9.44	-0.203325	1.97256e-05	-0.207046	-9.68119e-05	-0.203325	1.97256e-05	-0.207046	-9.68119e-05	
-9.42	-0.204157	2.00581e-05	-0.207919	-9.76578e-05	-0.204157	2.00581e-05	-0.207919	-9.76578e-05	
-9.4	-0.204997	2.0397e-05	-0.208799	-9.85059e-05	-0.204997	2.0397e-05	-0.208799	-9.85059e-05	
-9.38	-0.205843	2.07422e-05	-0.209686	-9.9356e-05	-0.205843	2.07422e-05	-0.209686	-9.9356e-05	
-9.36	-0.206696	2.1094e-05	-0.210581	-0.000100208	-0.206696	2.1094e-05	-0.210581	-0.000100208	
-9.34	-0.207556	2.14524e-05	-0.211484	-0.000101061	-0.207556	2.14524e-05	-0.211484	-0.000101061	
-9.32	-0.208423	2.18177e-05	-0.212395	-0.000101915	-0.208423	2.18177e-05	-0.212395	-0.000101915	
-9.3	-0.209298	2.21899e-05	-0.213313	-0.000102771	-0.209298	2.21899e-05	-0.213313	-0.000102771	
-9.28	-0.21018	2.25692e-05	-0.21424	-0.000103626	-0.21018	2.25692e-05	-0.21424	-0.000103626	
-9.26	-0.211069	2.29558e-05	-0.215174	-0.000104483	-0.211069	2.29558e-05	-0.215174	-0.000104483	
-9.24	-0.211966	2.33498e-05	-0.216117	-0.000105339	-0.211966	2.33498e-05	-0.216117	-0.000105339	
-9.22	-0.212871	2.37514e-05	-0.217069	-0.000106195	-0.212871	2.37514e-05	-0.217069	-0.000106195	
-9.2	-0.213783	2.41606e-05	-0.218028	-0.00010705	-0.213783	2.41606e-05	-0.218028	-0.00010705	
-9.18	-0.214704	2.45778e-05	-0.218997	-0.000107904	-0.214704	2.45778e-05	-0.218997	-0.000107904	
-9.16	-0.215632	2.5003e-05	-0.219974	-0.000108756	-0.215632	2.5003e-05	-0.219974	-0.000108756	
-9.14	-0.216568	2.54365e-05	-0.22096	-0.000109607	-0.216568	2.54365e-05	-0.22096	-0.000109607	
-9.12	-0.217513	2.58784e-05	-0.221955	-0.000110456	-0.217513	2.58784e-05	-0.221955	-0.000110456	
-9.1	-0.218466	2.63288e-05	-0.222959	-0.000111301	-0.218466	2.63288e-05	-0.222959	-0.000111301	
-9.08	-0.219427	2.67881e-05	-0.223972	-0.000112144	-0.219427	2.67881e-05	-0.223972	-0.000112144	
-9.06	-0.220396	2.72562e-05	-0.224994	-0.000112983	-0.220396	2.72562e-05	-0.224994	-0.000112983	
-9.04	-0.221375	2.77336e-05	-0.226026	-0.000113818	-0.221375	2.77336e-05	-0.226026	-0.000113818	
-9.02	-0.222362	2.82203e-05	-0.227067	-0.000114648	-0.222362	2.82203e-05	-0.227067	-0.000114648	
-9	-0.223358	2.87165e-05	-0.228119	-0.000115473	-0.223358	2.87165e-05	-0.228119	-0.000115473	
-8.98	-0.224363	2.92225e-05	-0.229179	-0.000116293	-0.224363	2.92225e-05	-0.229179	-0.000116293	
-8.96	-0.225377	2.97385e-05	-0.23025	-0.000117106	-0.225377	2.97385e-05	-0.23025	-0.000117106	
-8.94	-0.2264	3.02647e-05	-0.231332	-0.000117912	-0.2264	3.02647e-05	-0.231332	-0.000117912	
-8.92	-0.227432	3.08012e-05	-0.232423	-0.000118711	-0.227432	3.08012e-05	-0.232423	-0.000118711	
-8.9	-0.228474	3.13485e-05	-0.233525	-0.000119501	-0.228474	3.13485e-05	-0.233525	-0.000119501	
-8.88	-0.229526	3.19065e-05	-0.234637	-0.000120283	-0.229526	3.19065e-05	-0.234637	-0.000120283	
-8.86	-0.230587	3.24757e-05	-0.23576	-0.000121055	-0.230587	3.24757e-05	-0.23576	-0.000121055	
-8.84	-0.231658	3.30562e-05	-0.236894	-0.000121817	-0.231658	3.30562e-05	-0.236894	-0.000121817	
-8.82	-0.232739	3.36484e-05	-0.238039	-0.000122568	-0.232739	3.36484e-05	-0.238039	-0.000122568	
-8.8	-0.233831	3.42523e-05	-0.239195	-0.000123307	-0.233831	3.42523e-05	-0.239195	-0.000123307	
-8.78	-0.234932	3.48684e-05	-0.240363	-0.000124034	-0.234932	3.48684e-05	-0.240363	-0.000124034	
-8.76	-0.236044	3.54968e-05	-0.241542	-0.000124747	-0.236044	3.54968e-05	-0.241542	-0.000124747	
-8.74	-0.237167	3.61379e-05	-0.242732	-0.000125446	-0.237167	3.61379e-05	-0.242732	-0.000125446	
-8.72	-0.2383	3.6792e-05	-0.243935	-0.000126129	-0.2383	3.6792e-05	-0.243935	-0.000126129	
-8.7	-0.239445	3.74592e-05	-0.24515	-0.000126796	-0.239445	3.74592e-05	-0.24515	-0.000126796	
-8.68	-0.2406	3.81399e-05	-0.246377	-0.000127446	-0.2406	3.81399e-05	-0.246377	-0.000127446	
-8.66	-0.241767	3.88345e-05	-0.247616	-0.000128078	-0.241767	3.88345e-05	-0.247616	-0.000128078	
-8.64	-0.242944	3.95431e-05	-0.248868	-0.000128691	-0.242944	3.95431e-05	-0.248868	-0.000128691	
-8.62	-0.244134	4.02662e-05	-0.250133	-0.000129283	-0.244134	4.02662e-05	-0.250133	-0.000129283	
-8.6	-0.245335	4.1004e-05	-0.251411	-0.000129854	-0.245335	4.1004e-05	-0.251411	-0.000129854	
-8.58	-0.246548	4.17569e-05	-0.252702	-0.000130402	-0.246548	4.17569e-05	-0.252702	-0.000130402	
-8.56	-0.247773	4.25251e-05	-0.254006	-0.000130926	-0.247773	4.25251e-05	-0.254006	-0.000130926	
-8.54	-0.249011	4.33092e-05	-0.255324	-0.000131425	-0.249011	4.33092e-05	-0.255324	-0.000131425	
-8.52	-0.25026	4.41093e-05	-0.256656	-0.000131897	-0.25026	4.41093e-05	-0.256656	-0.000131897	
-8.5	-0.251523	4.49258e-05	-0.258002	-0.000132342	-0.251523	4.49258e-05	-0.258002	-0.000132342	
-8.48	-0.252798	4.57592e-05	-0.259362	-0.000132757	-0.252798	4.57592e-05	-0.259362	-0.000132757	
-8.46	-0.254086	4.66098e-05	-0.260737	-0.000133142	-0.254086	4.66098e-05	-0.260737	-0.000133142	
-8.44	-0.255388	4.74779e-05	-0.262126	-0.000133494	-0.255388	4.74779e-05	-0.262126	-0.000133494	
-8.42	-0.256703	4.8364e-05	-0.263531	-0.000133813	-0.256703	4.8364e-05	-0.263531	-0.000133813	
-8.4	-0.258031	4.92685e-05	-0.26495	-0.000134096	-0.258031	4.92685e-05	-0.26495	-0.000134096	
-8.38	-0.259373	5.01918e-05	-0.266386	-0.000134342	-0.259373	5.01918e-05	-0.266386	-0.000134342	
-8.36	-0.26073	5.11343e-05	-0.267837	-0.00013455	-0.26073	5.11343e-05	-0.267837	-0.00013455	
-8.34	-0.2621	5.20964e-05	-0.269303	-0.000134717	-0.2621	5.20964e-05	-0.269303	-0.000134717	
-8.32	-0.263485	5.30786e-05	-0.270787	-0.000134841	-0.263485	5.30786e-05	-0.270787	-0.000134841	
-8.3	-0.264885	5.40813e-05	-0.272286	-0.000134921	-0.264885	5.40813e-05	-0.272286	-0.000134921	
-8.28	-0.2663	5.5105e-05	-0.273803	-0.000134955	-0.2663	5.5105e-05	-0.273803	-0.000134955	
-8.26	-0.26773	5.61502e-05	-0.275336	-0.000134941	-0.26773	5.61502e-05	-0.275336	-0.000134941	
-8.24	-0.269175	5.72173e-05	-0.276887	-0.000134876	-0.269175	5.72173e-05	-0.276887	-0.000134876	
-8.22	-0.270637	5.83068e-05	-0.278456	-0.000134758	-0.270637	5.83068e-05	-0.278456	-0.000134758	
-8.2	-0.272114	5.94192e-05	-0.280042	-0.000134586	-0.272114	5.94192e-05	-0.280042	-0.000134586	
-8.18	-0.273607	6.05551e-05	-0.281647	-0.000134357	-0.273607	6.05551e-05	-0.281647	-0.000134357	
-8.16	-0.275117	6.17149e-05	-0.283271	-0.000134067	-0.275117	6.17149e-05	-0.283271	-0.000134067	
-8.14	-0.276643	6.28993e-05	-0.284913	-0.000133716	-0.276643	6.28993e-05	-0.284913	-0.000133716	
-8.12	-0.278187	6.41087e-05	-0.286575	-0.0001333	-0.278187	6.41087e-05	-0.286575	-0.0001333	
-8.1	-0.279748	6.53437e-05	-0.288256	-0.000132817	-0.279748	6.53437e-05	-0.288256	-0.000132817	
-8.08	-0.281326	6.66049e-05	-0.289957	-0.000132264	-0.281326	6.66049e-05	-0.289957	-0.000132264	
-8.06	-0.282923	6.78928e-05	-0.291679	-0.000131638	-0.282923	6.78928e-05	-0.291679	-0.000131638	
-8.04	-0.284538	6.92082e-05	-0.293421	-0.000130936	-0.284538	6.92082e-05	-0.293421	-0.000130936	
-8.02	-0.286171	7.05514e-05	-0.295185	-0.000130155	-0.286171	7.05514e-05	-0.295185	-0.000130155	
-8	-0.287823	7.19233e-05	-0.296969	-0.000129293	-0.287823	7.19233e-05	-0.296969	-0.000129293	
-7.98	-0.289494	7.33244e-05	-0.298776	-0.000128345	-0.289494	7.33244e-05	-0.298776	-0.000128345	
-7.96	-0.291185	7.47554e-05	-0.300605	-0.000127309	-0.291185	7.47554e-05	-0.300605	-0.000127309	
-7.94	-0.292896	7.6217e-05	-0.302456	-0.000126182	-0.292896	7.6217e-05	-0.302456	-0.000126182	
-7.92	-0.294627	7.77097e-05	-0.304331	-0.000124959	-0.294627	7.77097e-05	-0.304331	-0.000124959	
-7.9	-0.296379	7.92343e-05	-0.306229	-0.000123637	-0.296379	7.92343e-05	-0.306229	-0.000123637	
-7.88	-0.298151	8.07916e-05	-0.308151	-0.000122213	-0.298151	8.07916e-05	-0.308151	-0.000122213	
-7.86	-0.299945	8.23821e-05	-0.310097	-0.000120682	-0.299945	8.23821e-05	-0.310097	-0.000120682	
-7.84	-0.301761	8.40067e-05	-0.312068	-0.000119041	-0.301761	8.40067e-05	-0.312068	-0.000119041	
-7.82	-0.303598	8.56661e-05	-0.314065	-0.000117285	-0.303598	8.56661e-05	-0.314065	-0.000117285	
-7.8	-0.305458	8.7361e-05	-0.316087	-0.00011541	-0.305458	8.7361e-05	-0.316087	-0.00011541	
-7.78	-0.307342	8.90922e-05	-0.318136	-0.000113413	-0.307342	8.90922e-05	-0.318136	-0.000113413	
-7.76	-0.309248	9.08605e-05	-0.320212	-0.000111288	-0.309248	9.08605e-05	-0.320212	-0.000111288	
-7.74	-0.311179	9.26668e-05	-0.322315	-0.000109031	-0.311179	9.26668e-05	-0.322315	-0.000109031	
-7.72	-0.313133	9.45117e-05	-0.324446	-0.000106637	-0.313133	9.45117e-05	-0.324446	-0.000106637	
-7.7	-0.315113	9.63961e-05	-0.326605	-0.000104102	-0.315113	9.63961e-05	-0.326605	-0.000104102	
-7.68	-0.317117	9.83209e-05	-0.328794	-0.000101419	-0.317117	9.83209e-05	-0.328794	-0.000101419	
-7.66	-0.319147	0.000100287	-0.331012	-9.85851e-05	-0.319147	0.000100287	-0.331012	-9.85851e-05	
-7.64	-0.321204	0.000102295	-0.333261	-9.55938e-05	-0.321204	0.000102295	-0.333261	-9.55938e-05	
-7.62	-0.323287	0.000104346	-0.33554	-9.24397e-05	-0.323287	0.000104346	-0.33554	-9.24397e-05	
-7.6	-0.325397	0.000106441	-0.337851	-8.91174e-05	-0.325397	0.000106441	-0.337851	-8.91174e-05	
-7.58	-0.327535	0.00010858	-0.340194	-8.5621e-05	-0.327535	0.00010858	-0.340194	-8.5621e-05	
-7.56	-0.329701	0.000110766	-0.34257	-8.19445e-05	-0.329701	0.000110766	-0.34257	-8.19445e-05	
-7.54	-0.331896	0.000112998	-0.34498	-7.80817e-05	-0.331896	0.000112998	-0.34498	-7.80817e-05	
-7.52	-0.334121	0.000115277	-0.347423	-7.40264e-05	-0.334121	0.000115277	-0.347423	-7.40264e-05	
-7.5	-0.336375	0.000117605	-0.349902	-6.97721e-05	-0.336375	0.000117605	-0.349902	-6.97721e-05	
-7.48	-0.33866	0.000119982	-0.352417	-6.53121e-05	-0.33866	0.000119982	-0.352417	-6.53121e-05	
-7.46	-0.340977	0.000122409	-0.354968	-6.06395e-05	-0.340977	0.000122409	-0.354968	-6.06395e-05	
-7.44	-0.343325	0.000124888	-0.357556	-5.57472e-05	-0.343325	0.000124888	-0.357556	-5.57472e-05	
-7.42	-0.345706	0.000127419	-0.360183	-5.0628e-05	-0.345706	0.000127419	-0.360183	-5.0628e-05	
-7.4	-0.34812	0.000130003	-0.362849	-4.52743e-05	-0.34812	0.000130003	-0.362849	-4.52743e-05	
-7.38	-0.350569	0.000132642	-0.365554	-3.96786e-05	-0.350569	0.000132642	-0.365554	-3.96786e-05	
-7.36	-0.353051	0.000135335	-0.368301	-3.38329e-05	-0.353051	0.000135335	-0.368301	-3.38329e-05	
-7.34	-0.35557	0.000138085	-0.371089	-2.7729e-05	-0.35557	0.000138085	-0.371089	-2.7729e-05	
-7.32	-0.358124	0.000140892	-0.373919	-2.13586e-05	-0.358124	0.000140892	-0.373919	-2.13586e-05	
-7.3	-0.360716	0.000143757	-0.376794	-1.47131e-05	-0.360716	0.000143757	-0.376794	-1.47131e-05	
-7.28	-0.363345	0.000146682	-0.379713	-7.78373e-06	-0.363345	0.000146682	-0.379713	-7.78373e-06	
-7.26	-0.366012	0.000149666	-0.382678	-5.61337e-07	-0.366012	0.000149666	-0.382678	-5.61337e-07	
-7.24	-0.36872	0.000152711	-0.38569	6.96339e-06	-0.36872	0.000152711	-0.38569	6.96339e-06	
-7.22	-0.371467	0.000155818	-0.388749	1.48e-05	-0.371467	0.000155818	-0.388749	1.48e-05	
-7.2	-0.374256	0.000158988	-0.391858	2.29585e-05	-0.374256	0.000158988	-0.391858	2.29585e-05	
-7.18	-0.377087	0.000162221	-0.395017	3.14488e-05	-0.377087	0.000162221	-0.395017	3.14488e-05	
-7.16	-0.379961	0.000165519	-0.398227	4.02816e-05	-0.379961	0.000165519	-0.398227	4.02816e-05	
-7.14	-0.38288	0.000168883	-0.401491	4.94674e-05	-0.38288	0.000168883	-0.401491	4.94674e-05	
-7.12	-0.385843	0.000172312	-0.404808	5.90172e-05	-0.385843	0.000172312	-0.404808	5.90172e-05	
-7.1	-0.388853	0.000175809	-0.408181	6.89425e-05	-0.388853	0.000175809	-0.408181	6.89425e-05	
-7.08	-0.39191	0.000179373	-0.41161	7.92548e-05	-0.39191	0.000179373	-0.41161	7.92548e-05	
-7.06	-0.395015	0.000183005	-0.415098	8.99662e-05	-0.395015	0.000183005	-0.415098	8.99662e-05	
-7.04	-0.39817	0.000186706	-0.418646	0.000101089	-0.39817	0.000186706	-0.418646	0.000101089	
-7.02	-0.401376	0.000190477	-0.422255	0.000112635	-0.401376	0.000190477	-0.422255	0.000112635	
-7	-0.404634	0.000194317	-0.425927	0.000124619	-0.404634	0.000194317	-0.425927	0.000124619	
-6.98	-0.407945	0.000198228	-0.429663	0.000137053	-0.407945	0.000198228	-0.429663	0.000137053	
-6.96	-0.411311	0.000202209	-0.433466	0.000149951	-0.411311	0.000202209	-0.433466	0.000149951	
-6.94	-0.414733	0.00020626	-0.437337	0.000163328	-0.414733	0.00020626	-0.437337	0.000163328	
-6.92	-0.418212	0.000210383	-0.441277	0.000177197	-0.418212	0.000210383	-0.441277	0.000177197	
-6.9	-0.42175	0.000214575	-0.44529	0.000191574	-0.42175	0.000214575	-0.44529	0.000191574	
-6.88	-0.425348	0.000218839	-0.449377	0.000206475	-0.425348	0.000218839	-0.449377	0.000206475	
-6.86	-0.429008	0.000223172	-0.453539	0.000221915	-0.429008	0.000223172	-0.453539	0.000221915	
-6.84	-0.432732	0.000227575	-0.457779	0.00023791	-0.432732	0.000227575	-0.457779	0.00023791	
-6.82	-0.436521	0.000232047	-0.4621	0.000254478	-0.436521	0.000232047	-0.4621	0.000254478	
-6.8	-0.440377	0.000236586	-0.466503	0.000271635	-0.440377	0.000236586	-0.466503	0.000271635	
-6.78	-0.444301	0.000241192	-0.470991	0.0002894	-0.444301	0.000241192	-0.470991	0.0002894	
-6.76	-0.448297	0.000245863	-0.475566	0.000307791	-0.448297	0.000245863	-0.475566	0.000307791	
-6.74	-0.452364	0.000250598	-0.480231	0.000326827	-0.452364	0.000250598	-0.480231	0.000326827	
-6.72	-0.456506	0.000255395	-0.484989	0.000346527	-0.456506	0.000255395	-0.484989	0.000346527	
-6.7	-0.460725	0.000260251	-0.489843	0.000366913	-0.460725	0.000260251	-0.489843	0.000366913	
-6.68	-0.465022	0.000265163	-0.494795	0.000388003	-0.465022	0.000265163	-0.494795	0.000388003	
-6.66	-0.4694	0.000270129	-0.499848	0.000409821	-0.4694	0.000270129	-0.499848	0.000409821	
-6.64	-0.473861	0.000275145	-0.505005	0.000432388	-0.473861	0.000275145	-0.505005	0.000432388	
-6.62	-0.478408	0.000280207	-0.51027	0.000455726	-0.478408	0.000280207	-0.51027	0.000455726	
-6.6	-0.483042	0.000285311	-0.515647	0.000479861	-0.483042	0.000285311	-0.515647	0.000479861	
-6.58	-0.487768	0.000290451	-0.521138	0.000504815	-0.487768	0.000290451	-0.521138	0.000504815	
-6.56	-0.492586	0.000295622	-0.526748	0.000530614	-0.492586	0.000295622	-0.526748	0.000530614	
-6.54	-0.497501	0.000300818	-0.53248	0.000557285	-0.497501	0.000300818	-0.53248	0.000557285	
-6.52	-0.502515	0.000306031	-0.538338	0.000584854	-0.502515	0.000306031	-0.538338	0.000584854	
-6.5	-0.507631	0.000311255	-0.544327	0.000613349	-0.507631	0.000311255	-0.544327	0.000613349	
-6.48	-0.512852	0.000316479	-0.550451	0.000642798	-0.512852	0.000316479	-0.550451	0.000642798	
-6.46	-0.518181	0.000321694	-0.556715	0.000673233	-0.518181	0.000321694	-0.556715	0.000673233	
-6.44	-0.523623	0.00032689	-0.563123	0.000704683	-0.523623	0.00032689	-0.563123	0.000704683	
-6.42	-0.529179	0.000332055	-0.569681	0.000737181	-0.529179	0.000332055	-0.569681	0.000737181	
-6.4	-0.534855	0.000337176	-0.576393	0.000770761	-0.534855	0.000337176	-0.576393	0.000770761	
-6.38	-0.540654	0.000342238	-0.583266	0.000805455	-0.540654	0.000342238	-0.583266	0.000805455	
-6.36	-0.546579	0.000347226	-0.590305	0.000841302	-0.546579	0.000347226	-0.590305	0.000841302	
-6.34	-0.552637	0.000352121	-0.597517	0.000878336	-0.552637	0.000352121	-0.597517	0.000878336	
-6.32	-0.558829	0.000356905	-0.604907	0.000916598	-0.558829	0.000356905	-0.604907	0.000916598	
-6.3	-0.565162	0.000361557	-0.612483	0.000956127	-0.565162	0.000361557	-0.612483	0.000956127	
-6.28	-0.57164	0.000366053	-0.620251	0.000996965	-0.57164	0.000366053	-0.620251	0.000996965	
-6.26	-0.578268	0.000370367	-0.62822	0.00103915	-0.578268	0.000370367	-0.62822	0.00103915	
-6.24	-0.585052	0.000374473	-0.636396	0.00108274	-0.585052	0.000374473	-0.636396	0.00108274	
-6.22	-0.591996	0.000378338	-0.644788	0.00112777	-0.591996	0.000378338	-0.644788	0.00112777	
-6.2	-0.599107	0.000381929	-0.653405	0.0011743	-0.599107	0.000381929	-0.653405	0.0011743	
-6.18	-0.606391	0.000385209	-0.662256	0.00122237	-0.606391	0.000385209	-0.662256	0.00122237	
-6.16	-0.613854	0.000388137	-0.671351	0.00127203	-0.613854	0.000388137	-0.671351	0.00127203	
-6.14	-0.621503	0.000390668	-0.680699	0.00132335	-0.621503	0.000390668	-0.680699	0.00132335	
-6.12	-0.629345	0.000392754	-0.690312	0.00137638	-0.629345	0.000392754	-0.690312	0.00137638	
-6.1	-0.637387	0.000394341	-0.700202	0.00143118	-0.637387	0.000394341	-0.700202	0.00143118	
-6.08	-0.645637	0.00039537	-0.710379	0.00148782	-0.645637	0.00039537	-0.710379	0.00148782	
-6.06	-0.654103	0.000395777	-0.720857	0.00154635	-0.654103	0.000395777	-0.720857	0.00154635	
-6.04	-0.662795	0.000395489	-0.73165	0.00160686	-0.662795	0.000395489	-0.73165	0.00160686	
-6.02	-0.67172	0.00039443	-0.742771	0.0016694	-0.67172	0.00039443	-0.742771	0.0016694	
-6	-0.680888	0.000392515	-0.754237	0.00173406	-0.680888	0.000392515	-0.754237	0.00173406	
-5.98	-0.69031	0.000389649	-0.766063	0.00180092	-0.69031	0.000389649	-0.766063	0.00180092	
-5.96	-0.699997	0.000385729	-0.778267	0.00187005	-0.699997	0.000385729	-0.778267	0.00187005	
-5.94	-0.709959	0.000380642	-0.790867	0.00194155	-0.709959	0.000380642	-0.790867	0.00194155	
-5.92	-0.720208	0.000374265	-0.803883	0.00201551	-0.720208	0.000374265	-0.803883	0.00201551	
-5.9	-0.730758	0.00036646	-0.817336	0.00209201	-0.730758	0.00036646	-0.817336	0.00209201	
-5.88	-0.741621	0.000357076	-0.831247	0.00217117	-0.741621	0.000357076	-0.831247	0.00217117	
-5.86	-0.752812	0.000345949	-0.845642	0.00225307	-0.752812	0.000345949	-0.845642	0.00225307	
-5.84	-0.764345	0.000332895	-0.860545	0.00233785	-0.764345	0.000332895	-0.860545	0.00233785	
-5.82	-0.776238	0.000317715	-0.875985	0.0024256	-0.776238	0.000317715	-0.875985	0.0024256	
-5.8	-0.788506	0.000300185	-0.89199	0.00251645	-0.788506	0.000300185	-0.89199	0.00251645	
-5.78	-0.801168	0.000280062	-0.908592	0.00261053	-0.801168	0.000280062	-0.908592	0.00261053	
-5.76	-0.814243	0.000257076	-0.925826	0.00270796	-0.814243	0.000257076	-0.925826	0.00270796	
-5.74	-0.827752	0.000230927	-0.943729	0.00280889	-0.827752	0.000230927	-0.943729	0.00280889	
-5.72	-0.841716	0.000201286	-0.962339	0.00291347	-0.841716	0.000201286	-0.962339	0.00291347	
-5.7	-0.85616	0.000167786	-0.9817	0.00302184	-0.85616	0.000167786	-0.9817	0.00302184	
-5.68	-0.871108	0.000130022	-1.00186	0.00313416	-0.871108	0.000130022	-1.00186	0.00313416	
-5.66	-0.886587	8.75438e-05	-1.02286	0.0032506	-0.886587	8.75438e-05	-1.02286	0.0032506	
-5.64	-0.902626	3.98512e-05	-1.04477	0.00337134	-0.902626	3.98512e-05	-1.04477	0.00337134	
-5.62	-0.919257	-1.36119e-05	-1.06764	0.00349655	-0.919257	-1.36119e-05	-1.06764	0.00349655	
-5.6	-0.936511	-7.34647e-05	-1.09154	0.00362643	-0.936511	-7.34647e-05	-1.09154	0.00362643	
-5.58	-0.954426	-0.000140398	-1.11653	0.00376116	-0.954426	-0.000140398	-1.11653	0.00376116	
-5.56	-0.97304	-0.000215182	-1.1427	0.00390095	-0.97304	-0.000215182	-1.1427	0.00390095	
-5.54	-0.992395	-0.00029868	-1.17013	0.00404601	-0.992395	-0.00029868	-1.17013	0.00404601	
-5.52	-1.01254	-0.000391857	-1.19891	0.00419655	-1.01254	-0.000391857	-1.19891	0.00419655	
-5.5	-1.03351	-0.000495797	-1.22915	0.00435279	-1.03351	-0.000495797	-1.22915	0.00435279	
-5.48	-1.05537	-0.000611716	-1.26095	0.00451493	-1.05537	-0.000611716	-1.26095	0.00451493	
-5.46	-1.07818	-0.000740985	-1.29445	0.0046832	-1.07818	-0.000740985	-1.29445	0.0046832	
-5.44	-1.102	-0.000885148	-1.32979	0.0048578	-1.102	-0.000885148	-1.32979	0.0048578	
-5.42	-1.12689	-0.00104595	-1.36711	0.00503893	-1.12689	-0.00104595	-1.36711	0.00503893	
-5.4	-1.15294	-0.00122538	-1.4066	0.00522678	-1.15294	-0.00122538	-1.4066	0.00522678	
-5.38	-1.18021	-0.00142567	-1.44844	0.00542151	-1.18021	-0.00142567	-1.44844	0.00542151	
-5.36	-1.20882	-0.00164937	-1.49285	0.00562322	-1.20882	-0.00164937	-1.49285	0.00562322	
-5.34	-1.23884	-0.00189941	-1.54008	0.005832	-1.23884	-0.00189941	-1.54008	0.005832	
-5.32	-1.27039	-0.00217911	-1.5904	0.00604784	-1.27039	-0.00217911	-1.5904	0.00604784	
-5.3	-1.3036	-0.00249229	-1.64414	0.00627063	-1.3036	-0.00249229	-1.64414	0.00627063	
-5.28	-1.33859	-0.00284336	-1.70164	0.00650013	-1.33859	-0.00284336	-1.70164	0.00650013	
-5.26	-1.37551	-0.00323736	-1.76332	0.00673595	-1.37551	-0.00323736	-1.76332	0.00673595	
-5.24	-1.41453	-0.00368019	-1.82965	0.0069774	-1.41453	-0.00368019	-1.82965	0.0069774	
-5.22	-1.45583	-0.00417865	-1.90118	0.00722351	-1.45583	-0.00417865	-1.90118	0.00722351	
-5.2	-1.49962	-0.00474069	-1.97855	0.00747285	-1.49962	-0.00474069	-1.97855	0.00747285	
-5.18	-1.54613	-0.00537563	-2.06249	0.0077234	-1.54613	-0.00537563	-2.06249	0.0077234	
-5.16	-1.59562	-0.0060944	-2.1539	0.0079723	-1.59562	-0.0060944	-2.1539	0.0079723	
-5.14	-1.64839	-0.00690994	-2.2538	0.00821561	-1.64839	-0.00690994	-2.2538	0.00821561	
-5.12	-1.70478	-0.00783758	-2.36344	0.00844784	-1.70478	-0.00783758	-2.36344	0.00844784	
-5.1	-1.76516	-0.00889563	-2.48431	0.00866137	-1.76516	-0.00889563	-2.48431	0.00866137	
-5.08	-1.82999	-0.010106	-2.61825	0.00884556	-1.82999	-0.010106	-2.61825	0.00884556	
-5.06	-1.89977	-0.0114953	-2.76749	0.00898554	-1.89977	-0.0114953	-2.76749	0.00898554	
-5.04	-1.97509	-0.0130956	-2.9348	0.00906028	-1.97509	-0.0130956	-2.9348	0.00906028	
-5.02	-2.05664	-0.0149463	-3.12369	0.00903974	-2.05664	-0.0149463	-3.12369	0.00903974	
-5	-2.14523	-0.0170959	-3.33861	0.0088805	-2.14523	-0.0170959	-3.33861	0.0088805	
-4.98	-2.2418	-0.0196048	-3.58535	0.00851868	-2.2418	-0.0196048	-3.58535	0.00851868	
-4.96	-2.3475	-0.0225483	-3.87154	0.00785858	-2.3475	-0.0225483	-3.87154	0.00785858	
-4.94	-2.46368	-0.0260223	-4.20746	0.0067534	-2.46368	-0.0260223	-4.20746	0.0067534	
-4.92	-2.59197	-0.0301491	-4.60731	0.00497169	-2.59197	-0.0301491	-4.60731	0.00497169	
-4.9	-2.73438	-0.035087	-5.09127	0.00213604	-2.73438	-0.035087	-5.09127	0.00213604	
-4.88	-2.89338	-0.0410439	-5.68897	-0.0023945	-2.89338	-0.0410439	-5.68897	-0.0023945	
-4.86	-3.07203	-0.0482962	-6.44588	-0.00976503	-3.07203	-0.0482962	-6.44588	-0.00976503	
-4.84	-3.27423	-0.0572177	-7.43535	-0.0221561	-3.27423	-0.0572177	-7.43535	-0.0221561	
-4.82	-3.50496	-0.0683233	-8.78402	-0.0440796	-3.50496	-0.0683233	-8.78402	-0.0440796	
-4.8	-3.77069	-0.0823369	-10.7308	-0.0859765	-3.77069	-0.0823369	-10.7308	-0.0859765	
-4.78	-4.08006	-0.100301	-13.7866	-0.176191	-4.08006	-0.100301	-13.7866	-0.176191	
-4.76	-4.44475	-0.123756	-19.2756	-0.413353	-4.44475	-0.123756	-19.2756	-0.413353	
-4.74	-4.88102	-0.15506	-32.0132	-1.33688	-4.88102	-0.15506	-32.0132	-1.33688	
-4.72	-5.41219	-0.197951	-93.2989	-13.2999	-5.41219	-0.197951	-93.2989	-13.2999	
-4.7	-6.07292	-0.258637	95.5843	-15.9443	-6.07292	-0.258637	95.5843	-15.9443	
-4.68	-6.91697	-0.348027	32.2734	-1.99023	-6.91697	-0.348027	32.2734	-1.99023	
-4.66	-8.03242	-0.486684	19.3612	-0.793971	-8.03242	-0.486684	19.3612	-0.793971	
-4.64	-9.57404	-0.717087	13.8238	-0.445878	-9.57404	-0.717087	13.8238	-0.445878	
-4.62	-11.84	-1.13856	10.748	-0.295094	-11.84	-1.13856	10.748	-0.295094	
-4.6	-15.4829	-2.02848	8.79113	-0.214964	-15.4829	-2.02848	8.79113	-0.214964	
-4.58	-22.2183	-4.40986	7.43664	-0.166695	-22.2183	-4.40986	7.43664	-0.166695	
-4.56	-37.7246	-14.4921	6.44351	-0.135045	-37.7246	-14.4921	6.44351	-0.135045	
-4.54	-31.3324	-99.3347	5.68416	-0.112981	-31.3324	-99.3347	5.68416	-0.112981	
-4.52	44.4944	-24.2399	5.08474	-0.0968743	44.4944	-24.2399	5.08474	-0.0968743	
-4.5	24.9505	-6.46405	4.59953	-0.084684	24.9505	-6.46405	4.59953	-0.084684	
-4.48	16.7977	-2.91286	4.19874	-0.0751878	16.7977	-2.91286	4.19874	-0.0751878	
-4.46	12.5941	-1.66487	3.8621	-0.0676133	12.5941	-1.66487	3.8621	-0.0676133	
-4.44	10.0566	-1.08586	3.57534	-0.0614517	10.0566	-1.08586	3.57534	-0.0614517	
-4.42	8.36413	-0.769859	3.32814	-0.0563555	8.36413	-0.769859	3.32814	-0.0563555	
-4.4	7.15663	-0.578049	3.11284	-0.0520803	7.15663	-0.578049	3.11284	-0.0520803	
-4.38	6.25239	-0.452542	2.92365	-0.0484496	6.25239	-0.452542	2.92365	-0.0484496	
-4.36	5.55019	-0.3657	2.75608	-0.0453332	5.55019	-0.3657	2.75608	-0.0453332	
-4.34	4.98925	-0.302961	2.60662	-0.0426331	4.98925	-0.302961	2.60662	-0.0426331	
-4.32	4.53091	-0.25605	2.4725	-0.0402741	4.53091	-0.25605	2.4725	-0.0402741	
-4.3	4.14942	-0.219976	2.35146	-0.0381979	4.14942	-0.219976	2.35146	-0.0381979	
-4.28	3.82696	-0.191583	2.24168	-0.0363586	3.82696	-0.191583	2.24168	-0.0363586	
-4.26	3.55084	-0.16879	2.14166	-0.0347195	3.55084	-0.16879	2.14166	-0.0347195	
-4.24	3.31173	-0.150183	2.05015	-0.0332508	3.31173	-0.150183	2.05015	-0.0332508	
-4.22	3.10268	-0.13477	1.9661	-0.0319286	3.10268	-0.13477	1.9661	-0.0319286	
-4.2	2.91834	-0.121839	1.88865	-0.0307329	2.91834	-0.121839	1.88865	-0.0307329	
-4.18	2.7546	-0.110868	1.81704	-0.0296473	2.7546	-0.110868	1.81704	-0.0296473	
-4.16	2.60817	-0.101466	1.75064	-0.0286581	2.60817	-0.101466	1.75064	-0.0286581	
-4.14	2.47646	-0.0933371	1.68889	-0.0277536	2.47646	-0.0933371	1.68889	-0.0277536	
-4.12	2.35735	-0.0862512	1.63133	-0.026924	2.35735	-0.0862512	1.63133	-0.026924	
-4.1	2.24912	-0.0800298	1.57754	-0.026161	2.24912	-0.0800298	1.57754	-0.026161	
-4.08	2.15034	-0.0745309	1.52717	-0.0254574	2.15034	-0.0745309	1.52717	-0.0254574	
-4.06	2.05982	-0.0696413	1.47989	-0.024807	2.05982	-0.0696413	1.47989	-0.024807	
-4.04	1.97658	-0.0652693	1.43543	-0.0242044	1.97658	-0.0652693	1.43543	-0.0242044	
-4.02	1.89977	-0.06134	1.39355	-0.023645	1.89977	-0.06134	1.39355	-0.023645	
-4	1.82867	-0.0577919	1.35403	-0.0231246	1.82867	-0.0577919	1.35403	-0.0231246	
-3.98	1.76267	-0.0545741	1.31667	-0.0226397	1.76267	-0.0545741	1.31667	-0.0226397	
-3.96	1.70124	-0.0516439	1.2813	-0.0221872	1.70124	-0.0516439	1.2813	-0.0221872	
-3.94	1.64392	-0.0489655	1.24776	-0.0217642	1.64392	-0.0489655	1.24776	-0.0217642	
-3.92	1.59032	-0.0465088	1.21592	-0.0213683	1.59032	-0.0465088	1.21592	-0.0213683	
-3.9	1.54007	-0.0442479	1.18565	-0.0209973	1.54007	-0.0442479	1.18565	-0.0209973	
-3.88	1.49289	-0.0421609	1.15684	-0.0206491	1.49289	-0.0421609	1.15684	-0.0206491	
-3.86	1.44849	-0.0402288	1.12938	-0.0203221	1.44849	-0.0402288	1.12938	-0.0203221	
-3.84	1.40664	-0.0384353	1.10318	-0.0200146	1.40664	-0.0384353	1.10318	-0.0200146	
-3.82	1.36713	-0.0367662	1.07816	-0.0197252	1.36713	-0.0367662	1.07816	-0.0197252	
-3.8	1.32976	-0.0352092	1.05424	-0.0194527	1.32976	-0.0352092	1.05424	-0.0194527	
-3.78	1.29436	-0.0337535	1.03134	-0.0191958	1.29436	-0.0337535	1.03134	-0.0191958	
-3.76	1.26079	-0.0323897	1.0094	-0.0189535	1.26079	-0.0323897	1.0094	-0.0189535	
-3.74	1.2289	-0.0311093	0.98837	-0.0187248	1.2289	-0.0311093	0.98837	-0.0187248	
-3.72	1.19858	-0.0299051	0.968185	-0.018509	1.19858	-0.0299051	0.968185	-0.018509	
-3.7	1.16971	-0.0287706	0.948797	-0.0183051	1.16971	-0.0287706	0.948797	-0.0183051	
-3.68	1.14218	-0.0276998	0.93016	-0.0181124	1.14218	-0.0276998	0.93016	-0.0181124	
-3.66	1.11592	-0.0266877	0.912232	-0.0179303	1.11592	-0.0266877	0.912232	-0.0179303	
-3.64	1.09082	-0.0257295	0.894971	-0.0177581	1.09082	-0.0257295	0.894971	-0.0177581	
-3.62	1.06683	-0.0248213	0.878342	-0.0175954	1.06683	-0.0248213	0.878342	-0.0175954	
-3.6	1.04386	-0.0239591	0.86231	-0.0174415	1.04386	-0.0239591	0.86231	-0.0174415	
-3.58	1.02185	-0.0231397	0.846844	-0.017296	1.02185	-0.0231397	0.846844	-0.017296	
-3.56	1.00075	-0.0223601	0.831914	-0.0171585	1.00075	-0.0223601	0.831914	-0.0171585	
-3.54	0.980492	-0.0216174	0.817492	-0.0170285	0.980492	-0.0216174	0.817492	-0.0170285	
-3.52	0.961036	-0.0209092	0.803554	-0.0169057	0.961036	-0.0209092	0.803554	-0.0169057	
-3.5	0.942333	-0.0202333	0.790074	-0.0167897	0.942333	-0.0202333	0.790074	-0.0167897	
-3.48	0.92434	-0.0195875	0.77703	-0.0166802	0.92434	-0.0195875	0.77703	-0.0166802	
-3.46	0.907018	-0.0189701	0.764402	-0.0165769	0.907018	-0.0189701	0.764402	-0.0165769	
-3.44	0.89033	-0.0183792	0.75217	-0.0164795	0.89033	-0.0183792	0.75217	-0.0164795	
-3.42	0.874242	-0.0178133	0.740316	-0.0163878	0.874242	-0.0178133	0.740316	-0.0163878	
-3.4	0.858723	-0.0172709	0.728821	-0.0163015	0.858723	-0.0172709	0.728821	-0.0163015	
-3.38	0.843742	-0.0167508	0.71767	-0.0162205	0.843742	-0.0167508	0.71767	-0.0162205	
-3.36	0.829273	-0.0162516	0.706848	-0.0161443	0.829273	-0.0162516	0.706848	-0.0161443	
-3.34	0.815289	-0.0157723	0.69634	-0.016073	0.815289	-0.0157723	0.69634	-0.016073	
-3.32	0.801768	-0.0153119	0.686133	-0.0160063	0.801768	-0.0153119	0.686133	-0.0160063	
-3.3	0.788686	-0.0148693	0.676213	-0.015944	0.788686	-0.0148693	0.676213	-0.015944	
-3.28	0.776022	-0.0144436	0.666569	-0.015886	0.776022	-0.0144436	0.666569	-0.015886	
-3.26	0.763757	-0.0140341	0.657189	-0.0158321	0.763757	-0.0140341	0.657189	-0.0158321	
-3.24	0.751873	-0.0136399	0.648062	-0.0157822	0.751873	-0.0136399	0.648062	-0.0157822	
-3.22	0.740352	-0.0132604	0.639179	-0.0157361	0.740352	-0.0132604	0.639179	-0.0157361	
-3.2	0.729177	-0.0128949	0.630529	-0.0156938	0.729177	-0.0128949	0.630529	-0.0156938	
-3.18	0.718334	-0.0125427	0.622103	-0.0156551	0.718334	-0.0125427	0.622103	-0.0156551	
-3.16	0.707807	-0.0122032	0.613893	-0.0156199	0.707807	-0.0122032	0.613893	-0.0156199	
-3.14	0.697584	-0.011876	0.60589	-0.0155881	0.697584	-0.011876	0.60589	-0.0155881	
-3.12	0.687651	-0.0115604	0.598087	-0.0155597	0.687651	-0.0115604	0.598087	-0.0155597	
-3.1	0.677996	-0.0112561	0.590476	-0.0155344	0.677996	-0.0112561	0.590476	-0.0155344	
-3.08	0.668608	-0.0109625	0.58305	-0.0155123	0.668608	-0.0109625	0.58305	-0.0155123	
-3.06	0.659476	-0.0106793	0.575802	-0.0154933	0.659476	-0.0106793	0.575802	-0.0154933	
-3.04	0.65059	-0.010406	0.568726	-0.0154773	0.65059	-0.010406	0.568726	-0.0154773	
-3.02	0.641939	-0.0101423	0.561815	-0.0154642	0.641939	-0.0101423	0.561815	-0.0154642	
-3	0.633514	-0.00988772	0.555064	-0.015454	0.633514	-0.00988772	0.555064	-0.015454	
-2.98	0.625308	-0.00964204	0.548468	-0.0154465	0.625308	-0.00964204	0.548468	-0.0154465	
-2.96	0.617311	-0.00940488	0.542021	-0.0154419	0.617311	-0.00940488	0.542021	-0.0154419	
-2.94	0.609515	-0.00917597	0.535717	-0.0154399	0.609515	-0.00917597	0.535717	-0.0154399	
-2.92	0.601913	-0.008955	0.529553	-0.0154406	0.601913	-0.008955	0.529553	-0.0154406	
-2.9	0.594499	-0.00874171	0.523523	-0.015444	0.594499	-0.00874171	0.523523	-0.015444	
-2.88	0.587264	-0.00853583	0.517623	-0.0154499	0.587264	-0.00853583	0.517623	-0.0154499	
-2.86	0.580202	-0.00833712	0.511849	-0.0154583	0.580202	-0.00833712	0.511849	-0.0154583	
-2.84	0.573308	-0.00814534	0.506196	-0.0154693	0.573308	-0.00814534	0.506196	-0.0154693	
-2.82	0.566576	-0.00796027	0.500662	-0.0154827	0.566576	-0.00796027	0.500662	-0.0154827	
-2.8	0.559999	-0.0077817	0.495241	-0.0154985	0.559999	-0.0077817	0.495241	-0.0154985	
-2.78	0.553572	-0.00760943	0.489931	-0.0155168	0.553572	-0.00760943	0.489931	-0.0155168	
-2.76	0.547291	-0.00744324	0.484728	-0.0155375	0.547291	-0.00744324	0.484728	-0.0155375	
-2.74	0.54115	-0.00728298	0.47963	-0.0155606	0.54115	-0.00728298	0.47963	-0.0155606	
-2.72	0.535145	-0.00712844	0.474631	-0.015586	0.535145	-0.00712844	0.474631	-0.015586	
-2.7	0.529271	-0.00697947	0.469731	-0.0156138	0.529271	-0.00697947	0.469731	-0.0156138	
-2.68	0.523524	-0.00683589	0.464925	-0.0156439	0.523524	-0.00683589	0.464925	-0.0156439	
-2.66	0.5179	-0.00669757	0.460212	-0.0156764	0.5179	-0.00669757	0.460212	-0.0156764	
-2.64	0.512395	-0.00656433	0.455588	-0.0157111	0.512395	-0.00656433	0.455588	-0.0157111	
-2.62	0.507005	-0.00643605	0.45105	-0.0157482	0.507005	-0.00643605	0.45105	-0.0157482	
-2.6	0.501726	-0.00631257	0.446597	-0.0157876	0.501726	-0.00631257	0.446597	-0.0157876	
-2.58	0.496555	-0.00619378	0.442226	-0.0158293	0.496555	-0.00619378	0.442226	-0.0158293	
-2.56	0.491489	-0.00607954	0.437934	-0.0158732	0.491489	-0.00607954	0.437934	-0.0158732	
-2.54	0.486524	-0.00596973	0.43372	-0.0159195	0.486524	-0.00596973	0.43372	-0.0159195	
-2.52	0.481658	-0.00586423	0.429581	-0.0159681	0.481658	-0.00586423	0.429581	-0.0159681	
-2.5	0.476887	-0.00576292	0.425515	-0.016019	0.476887	-0.00576292	0.425515	-0.016019	
-2.48	0.472209	-0.00566571	0.421521	-0.0160723	0.472209	-0.00566571	0.421521	-0.0160723	
-2.46	0.46762	-0.00557249	0.417596	-0.0161278	0.46762	-0.00557249	0.417596	-0.0161278	
-2.44	0.463119	-0.00548315	0.413738	-0.0161857	0.463119	-0.00548315	0.413738	-0.0161857	
-2.42	0.458703	-0.00539759	0.409947	-0.016246	0.458703	-0.00539759	0.409947	-0.016246	
-2.4	0.454369	-0.00531574	0.406219	-0.0163086	0.454369	-0.00531574	0.406219	-0.0163086	
-2.38	0.450115	-0.00523749	0.402553	-0.0163736	0.450115	-0.00523749	0.402553	-0.0163736	
-2.36	0.445938	-0.00516276	0.398949	-0.0164411	0.445938	-0.00516276	0.398949	-0.0164411	
-2.34	0.441837	-0.00509147	0.395403	-0.0165109	0.441837	-0.00509147	0.395403	-0.0165109	
-2.32	0.43781	-0.00502353	0.391916	-0.0165832	0.43781	-0.00502353	0.391916	-0.0165832	
-2.3	0.433854	-0.00495888	0.388484	-0.016658	0.433854	-0.00495888	0.388484	-0.016658	
-2.28	0.429967	-0.00489744	0.385108	-0.0167352	0.429967	-0.00489744	0.385108	-0.0167352	
-2.26	0.426148	-0.00483914	0.381785	-0.016815	0.426148	-0.00483914	0.381785	-0.016815	
-2.24	0.422395	-0.00478391	0.378515	-0.0168974	0.422395	-0.00478391	0.378515	-0.0168974	
-2.22	0.418706	-0.00473169	0.375296	-0.0169823	0.418706	-0.00473169	0.375296	-0.0169823	
-2.2	0.415079	-0.00468241	0.372126	-0.0170699	0.415079	-0.00468241	0.372126	-0.0170699	
-2.18	0.411512	-0.00463603	0.369005	-0.0171601	0.411512	-0.00463603	0.369005	-0.0171601	
-2.16	0.408005	-0.00459248	0.365932	-0.017253	0.408005	-0.00459248	0.365932	-0.017253	
-2.14	0.404556	-0.0045517	0.362905	-0.0173486	0.404556	-0.0045517	0.362905	-0.0173486	
-2.12	0.401163	-0.00451366	0.359924	-0.017447	0.401163	-0.00451366	0.359924	-0.017447	
-2.1	0.397824	-0.00447829	0.356987	-0.0175483	0.397824	-0.00447829	0.356987	-0.0175483	
-2.08	0.394538	-0.00444556	0.354093	-0.0176523	0.394538	-0.00444556	0.354093	-0.0176523	
-2.06	0.391305	-0.00441543	0.351241	-0.0177593	0.391305	-0.00441543	0.351241	-0.0177593	
-2.04	0.388122	-0.00438784	0.348432	-0.0178692	0.388122	-0.00438784	0.348432	-0.0178692	
-2.02	0.384989	-0.00436277	0.345662	-0.0179822	0.384989	-0.00436277	0.345662	-0.0179822	
-2	0.381904	-0.00434018	0.342933	-0.0180982	0.381904	-0.00434018	0.342933	-0.0180982	
-1.98	0.378866	-0.00432004	0.340242	-0.0182173	0.378866	-0.00432004	0.340242	-0.0182173	
-1.96	0.375874	-0.00430231	0.337589	-0.0183395	0.375874	-0.00430231	0.337589	-0.0183395	
-1.94	0.372926	-0.00428698	0.334974	-0.018465	0.372926	-0.00428698	0.334974	-0.018465	
-1.92	0.370023	-0.004274	0.332395	-0.0185938	0.370023	-0.004274	0.332395	-0.0185938	
-1.9	0.367162	-0.00426337	0.329852	-0.0187259	0.367162	-0.00426337	0.329852	-0.0187259	
-1.88	0.364343	-0.00425506	0.327344	-0.0188614	0.364343	-0.00425506	0.327344	-0.0188614	
-1.86	0.361564	-0.00424905	0.32487	-0.0190004	0.361564	-0.00424905	0.32487	-0.0190004	
-1.84	0.358825	-0.00424534	0.32243	-0.019143	0.358825	-0.00424534	0.32243	-0.019143	
-1.82	0.356125	-0.0042439	0.320024	-0.0192892	0.356125	-0.0042439	0.320024	-0.0192892	
-1.8	0.353463	-0.00424473	0.317649	-0.019439	0.353463	-0.00424473	0.317649	-0.019439	
-1.78	0.350838	-0.00424782	0.315306	-0.0195926	0.350838	-0.00424782	0.315306	-0.0195926	
-1.76	0.34825	-0.00425317	0.312995	-0.0197501	0.34825	-0.00425317	0.312995	-0.0197501	
-1.74	0.345696	-0.00426077	0.310714	-0.0199115	0.345696	-0.00426077	0.310714	-0.0199115	
-1.72	0.343178	-0.00427064	0.308464	-0.0200769	0.343178	-0.00427064	0.308464	-0.0200769	
-1.7	0.340693	-0.00428277	0.306243	-0.0202464	0.340693	-0.00428277	0.306243	-0.0202464	
-1.68	0.338241	-0.00429717	0.304051	-0.02042	0.338241	-0.00429717	0.304051	-0.02042	
-1.66	0.335822	-0.00431385	0.301888	-0.0205979	0.335822	-0.00431385	0.301888	-0.0205979	
-1.64	0.333434	-0.00433284	0.299753	-0.0207802	0.333434	-0.00433284	0.299753	-0.0207802	
-1.62	0.331077	-0.00435413	0.297646	-0.0209669	0.331077	-0.00435413	0.297646	-0.0209669	
-1.6	0.32875	-0.00437777	0.295567	-0.0211581	0.32875	-0.00437777	0.295567	-0.0211581	
-1.58	0.326454	-0.00440377	0.293514	-0.021354	0.326454	-0.00440377	0.293514	-0.021354	
-1.56	0.324186	-0.00443215	0.291488	-0.0215546	0.324186	-0.00443215	0.291488	-0.0215546	
-1.54	0.321946	-0.00446296	0.289488	-0.0217601	0.321946	-0.00446296	0.289488	-0.0217601	
-1.52	0.319734	-0.00449623	0.287513	-0.0219704	0.319734	-0.00449623	0.287513	-0.0219704	
-1.5	0.31755	-0.00453199	0.285565	-0.0221858	0.31755	-0.00453199	0.285565	-0.0221858	
-1.48	0.315391	-0.0045703	0.283641	-0.0224063	0.315391	-0.0045703	0.283641	-0.0224063	
-1.46	0.313259	-0.0046112	0.281743	-0.0226321	0.313259	-0.0046112	0.281743	-0.0226321	
-1.44	0.311153	-0.00465475	0.279869	-0.0228632	0.311153	-0.00465475	0.279869	-0.0228632	
-1.42	0.309071	-0.004701	0.278019	-0.0230998	0.309071	-0.004701	0.278019	-0.0230998	
-1.4	0.307014	-0.00475002	0.276194	-0.0233419	0.307014	-0.00475002	0.276194	-0.0233419	
-1.38	0.304981	-0.00480188	0.274392	-0.0235897	0.304981	-0.00480188	0.274392	-0.0235897	
-1.36	0.302971	-0.00485665	0.272615	-0.0238432	0.302971	-0.00485665	0.272615	-0.0238432	
-1.34	0.300985	-0.00491441	0.27086	-0.0241026	0.300985	-0.00491441	0.27086	-0.0241026	
-1.32	0.29902	-0.00497525	0.26913	-0.0243681	0.29902	-0.00497525	0.26913	-0.0243681	
-1.3	0.297078	-0.00503926	0.267422	-0.0246396	0.297078	-0.00503926	0.267422	-0.0246396	
-1.28	0.295158	-0.00510655	0.265737	-0.0249173	0.295158	-0.00510655	0.265737	-0.0249173	
-1.26	0.293259	-0.00517721	0.264076	-0.0252013	0.293259	-0.00517721	0.264076	-0.0252013	
-1.24	0.29138	-0.00525137	0.262437	-0.0254917	0.29138	-0.00525137	0.262437	-0.0254917	
-1.22	0.289522	-0.00532915	0.260821	-0.0257886	0.289522	-0.00532915	0.260821	-0.0257886	
-1.2	0.287684	-0.00541067	0.259228	-0.0260921	0.287684	-0.00541067	0.259228	-0.0260921	
-1.18	0.285866	-0.00549609	0.257658	-0.0264023	0.285866	-0.00549609	0.257658	-0.0264023	
-1.16	0.284067	-0.00558554	0.25611	-0.0267192	0.284067	-0.00558554	0.25611	-0.0267192	
-1.14	0.282287	-0.0056792	0.254585	-0.027043	0.282287	-0.0056792	0.254585	-0.027043	
-1.12	0.280526	-0.00577722	0.253083	-0.0273737	0.280526	-0.00577722	0.253083	-0.0273737	
-1.1	0.278783	-0.0058798	0.251604	-0.0277113	0.278783	-0.0058798	0.251604	-0.0277113	
-1.08	0.277058	-0.00598712	0.250148	-0.028056	0.277058	-0.00598712	0.250148	-0.028056	
-1.06	0.275351	-0.0060994	0.248715	-0.0284078	0.275351	-0.0060994	0.248715	-0.0284078	
-1.04	0.273661	-0.00621685	0.247305	-0.0287667	0.273661	-0.00621685	0.247305	-0.0287667	
-1.02	0.271988	-0.00633971	0.245918	-0.0291327	0.271988	-0.00633971	0.245918	-0.0291327	
-1	0.270333	-0.00646823	0.244555	-0.0295058	0.270333	-0.00646823	0.244555	-0.0295058	
-0.98	0.268694	-0.00660267	0.243216	-0.0298861	0.268694	-0.00660267	0.243216	-0.0298861	
-0.96	0.267072	-0.00674331	0.2419	-0.0302734	0.267072	-0.00674331	0.2419	-0.0302734	
-0.94	0.265466	-0.00689046	0.240609	-0.0306678	0.265466	-0.00689046	0.240609	-0.0306678	
-0.92	0.263877	-0.00704444	0.239342	-0.0310692	0.263877	-0.00704444	0.239342	-0.0310692	
-0.9	0.262304	-0.00720557	0.2381	-0.0314775	0.262304	-0.00720557	0.2381	-0.0314775	
-0.88	0.260746	-0.00737423	0.236883	-0.0318925	0.260746	-0.00737423	0.236883	-0.0318925	
-0.86	0.259205	-0.00755078	0.235691	-0.0323142	0.259205	-0.00755078	0.235691	-0.0323142	
-0.84	0.25768	-0.00773563	0.234525	-0.0327424	0.25768	-0.00773563	0.234525	-0.0327424	
-0.82	0.256171	-0.00792922	0.233385	-0.0331768	0.256171	-0.00792922	0.233385	-0.0331768	
-0.8	0.254679	-0.00813197	0.232272	-0.0336172	0.254679	-0.00813197	0.232272	-0.0336172	
-0.78	0.253202	-0.00834438	0.231185	-0.0340633	0.253202	-0.00834438	0.231185	-0.0340633	
-0.76	0.251742	-0.00856693	0.230126	-0.0345149	0.251742	-0.00856693	0.230126	-0.0345149	
-0.74	0.250298	-0.00880015	0.229094	-0.0349715	0.250298	-0.00880015	0.229094	-0.0349715	
-0.72	0.248871	-0.00904458	0.228091	-0.0354328	0.248871	-0.00904458	0.228091	-0.0354328	
-0.7	0.247461	-0.00930079	0.227116	-0.0358982	0.247461	-0.00930079	0.227116	-0.0358982	
-0.68	0.246069	-0.00956936	0.22617	-0.0363673	0.246069	-0.00956936	0.22617	-0.0363673	
-0.66	0.244695	-0.00985092	0.225254	-0.0368396	0.244695	-0.00985092	0.225254	-0.0368396	
-0.64	0.24334	-0.0101461	0.224368	-0.0373143	0.24334	-0.0101461	0.224368	-0.0373143	
-0.62	0.242004	-0.0104555	0.223512	-0.0377909	0.242004	-0.0104555	0.223512	-0.0377909	
-0.6	0.240688	-0.0107797	0.222688	-0.0382685	0.240688	-0.0107797	0.222688	-0.0382685	
-0.58	0.239393	-0.0111195	0.221894	-0.0387464	0.239393	-0.0111195	0.221894	-0.0387464	
-0.56	0.238121	-0.0114754	0.221133	-0.0392237	0.238121	-0.0114754	0.221133	-0.0392237	
-0.54	0.236871	-0.011848	0.220403	-0.0396994	0.236871	-0.011848	0.220403	-0.0396994	
-0.52	0.235646	-0.0122379	0.219706	-0.0401726	0.235646	-0.0122379	0.219706	-0.0401726	
-0.5	0.234448	-0.0126456	0.219042	-0.0406422	0.234448	-0.0126456	0.219042	-0.0406422	
-0.48	0.233277	-0.0130715	0.218411	-0.041107	0.233277	-0.0130715	0.218411	-0.041107	
-0.46	0.232135	-0.0135159	0.217813	-0.0415658	0.232135	-0.0135159	0.217813	-0.0415658	
-0.44	0.231026	-0.013979	0.217248	-0.0420174	0.231026	-0.013979	0.217248	-0.0420174	
-0.42	0.22995	-0.0144607	0.216717	-0.0424603	0.22995	-0.0144607	0.216717	-0.0424603	
-0.4	0.228911	-0.0149609	0.216219	-0.0428934	0.228911	-0.0149609	0.216219	-0.0428934	
-0.38	0.227911	-0.0154792	0.215754	-0.043315	0.227911	-0.0154792	0.215754	-0.043315	
-0.36	0.226953	-0.0160146	0.215322	-0.0437236	0.226953	-0.0160146	0.215322	-0.0437236	
-0.34	0.22604	-0.016566	0.214923	-0.0441179	0.22604	-0.016566	0.214923	-0.0441179	
-0.32	0.225175	-0.0171318	0.214555	-0.0444961	0.225175	-0.0171318	0.214555	-0.0444961	
-0.3	0.224362	-0.0177099	0.21422	-0.0448568	0.224362	-0.0177099	0.21422	-0.0448568	
-0.28	0.223604	-0.0182975	0.213915	-0.0451982	0.223604	-0.0182975	0.213915	-0.0451982	
-0.26	0.222904	-0.0188914	0.21364	-0.0455189	0.222904	-0.0188914	0.21364	-0.0455189	
-0.24	0.222265	-0.0194874	0.213394	-0.0458173	0.222265	-0.0194874	0.213394	-0.0458173	
-0.22	0.221692	-0.0200809	0.213176	-0.0460917	0.221692	-0.0200809	0.213176	-0.0460917	
-0.2	0.221185	-0.0206662	0.212985	-0.0463408	0.221185	-0.0206662	0.212985	-0.0463408	
-0.18	0.220747	-0.021237	0.212818	-0.046563	0.220747	-0.021237	0.212818	-0.046563	
-0.16	0.22038	-0.0217863	0.212675	-0.046757	0.22038	-0.0217863	0.212675	-0.046757	
-0.14	0.220084	-0.0223062	0.212553	-0.0469215	0.220084	-0.0223062	0.212553	-0.0469215	
-0.12	0.219857	-0.0227886	0.212451	-0.0470555	0.219857	-0.0227886	0.212451	-0.0470555	
-0.1	0.219698	-0.0232248	0.212366	-0.0471578	0.219698	-0.0232248	0.212366	-0.0471578	
-0.08	0.219603	-0.0236061	0.212296	-0.0472275	0.219603	-0.0236061	0.212296	-0.0472275	
-0.06	0.219568	-0.023924	0.21224	-0.047264	0.219568	-0.023924	0.21224	-0.047264	
-0.04	0.219585	-0.0241706	0.212194	-0.0472667	0.219585	-0.0241706	0.212194	-0.0472667	
-0.02	0.219645	-0.0243386	0.212156	-0.0472352	0.219645	-0.0243386	0.212156	-0.0472352	
0	0.21974	-0.0244223	0.212123	-0.0471694	0.21974	-0.0244223	0.212123	-0.0471694	
0.02	0.219859	-0.0244173	0.212093	-0.0470693	0.219859	-0.0244173	0.212093	-0.0470693	
0.04	0.21999	-0.0243212	0.212062	-0.0469352	0.21999	-0.0243212	0.212062	-0.0469352	
0.06	0.22012	-0.0241334	0.212028	-0.0467675	0.22012	-0.0241334	0.212028	-0.0467675	
0.08	0.220238	-0.0238557	0.211988	-0.0465671	0.220238	-0.0238557	0.211988	-0.0465671	
0.1	0.220333	-0.0234916	0.211939	-0.0463348	0.220333	-0.0234916	0.211939	-0.0463348	
0.12	0.220393	-0.0230466	0.211877	-0.0460718	0.220393	-0.0230466	0.211877	-0.0460718	
0.14	0.220409	-0.022528	0.2118	-0.0457796	0.220409	-0.022528	0.2118	-0.0457796	
0.16	0.220373	-0.0219442	0.211705	-0.0454597	0.220373	-0.0219442	0.211705	-0.0454597	
0.18	0.220279	-0.0213046	0.211588	-0.0451141	0.220279	-0.0213046	0.211588	-0.0451141	
0.2	0.220122	-0.0206191	0.211445	-0.0447448	0.220122	-0.0206191	0.211445	-0.0447448	
0.22	0.2199	-0.0198977	0.211275	-0.0443541	0.2199	-0.0198977	0.211275	-0.0443541	
0.24	0.219612	-0.0191502	0.211072	-0.0439446	0.219612	-0.0191502	0.211072	-0.0439446	
0.26	0.219258	-0.018386	0.210833	-0.043519	0.219258	-0.018386	0.210833	-0.043519	
0.28	0.218841	-0.0176136	0.210552	-0.0430802	0.218841	-0.0176136	0.210552	-0.0430802	
0.3	0.218362	-0.0168409	0.210226	-0.0426313	0.218362	-0.0168409	0.210226	-0.0426313	
0.32	0.217826	-0.0160746	0.209848	-0.0421754	0.217826	-0.0160746	0.209848	-0.0421754	
0.34	0.217236	-0.0153205	0.209409	-0.0417158	0.217236	-0.0153205	0.209409	-0.0417158	
0.36	0.216598	-0.0145834	0.208901	-0.0412557	0.216598	-0.0145834	0.208901	-0.0412557	
0.38	0.215916	-0.0138672	0.20831	-0.0407975	0.215916	-0.0138672	0.20831	-0.0407975	
0.4	0.215195	-0.0131748	0.20762	-0.040343	0.215195	-0.0131748	0.20762	-0.040343	
0.42	0.214439	-0.0125086	0.206809	-0.0398914	0.214439	-0.0125086	0.206809	-0.0398914	
0.44	0.213653	-0.01187	0.205843	-0.0394373	0.213653	-0.01187	0.205843	-0.0394373	
0.46	0.212842	-0.01126	0.204678	-0.0389658	0.212842	-0.01126	0.204678	-0.0389658	
0.48	0.212008	-0.0106791	0.20325	-0.0384422	0.212008	-0.0106791	0.20325	-0.0384422	
0.5	0.211157	-0.0101273	0.20147	-0.0377907	0.211157	-0.0101273	0.20147	-0.0377907	
0.52	0.210291	-0.00960437	0.199229	-0.0368505	0.210291	-0.00960437	0.199229	-0.0368505	
0.54	0.209413	-0.00910976	0.196444	-0.0352914	0.209413	-0.00910976	0.196444	-0.0352914	
0.56	0.208526	-0.00864273	0.193246	-0.0325068	0.208526	-0.00864273	0.193246	-0.0325068	
0.58	0.207632	-0.00820238	0.190485	-0.0277359	0.207632	-0.00820238	0.190485	-0.0277359	
0.6	0.206733	-0.00778773	0.190118	-0.0211766	0.206733	-0.00778773	0.190118	-0.0211766	
0.62	0.205832	-0.0073977	0.193379	-0.0154192	0.205832	-0.0073977	0.193379	-0.0154192	
0.64	0.204929	-0.00703118	0.198207	-0.0129341	0.204929	-0.00703118	0.198207	-0.0129341	
0.66	0.204027	-0.00668703	0.201993	-0.013058	0.204027	-0.00668703	0.201993	-0.013058	
0.68	0.203126	-0.0063641	0.204161	-0.0141225	0.203126	-0.0063641	0.204161	-0.0141225	
0.7	0.202228	-0.00606127	0.20515	-0.0152275	0.202228	-0.00606127	0.20515	-0.0152275	
0.72	0.201333	-0.00577742	0.205432	-0.016098	0.201333	-0.00577742	0.205432	-0.016098	
0.74	0.200441	-0.00551148	0.205307	-0.0167051	0.200441	-0.00551148	0.205307	-0.0167051	
0.76	0.199555	-0.00526239	0.204948	-0.0170879	0.199555	-0.00526239	0.204948	-0.0170879	
0.78	0.198673	-0.00502915	0.204449	-0.017295	0.198673	-0.00502915	0.204449	-0.017295	
0.8	0.197797	-0.00481077	0.203865	-0.0173679	0.197797	-0.00481077	0.203865	-0.0173679	
0.82	0.196927	-0.00460633	0.203226	-0.0173394	0.196927	-0.00460633	0.203226	-0.0173394	
0.84	0.196063	-0.00441493	0.202551	-0.0172341	0.196063	-0.00441493	0.202551	-0.0172341	
0.86	0.195205	-0.00423572	0.201853	-0.0170708	0.195205	-0.00423572	0.201853	-0.0170708	
0.88	0.194353	-0.0040679	0.201138	-0.0168635	0.194353	-0.0040679	0.201138	-0.0168635	
0.9	0.193508	-0.00391068	0.200411	-0.0166231	0.193508	-0.00391068	0.200411	-0.0166231	
0.92	0.19267	-0.00376335	0.199676	-0.0163579	0.19267	-0.00376335	0.199676	-0.0163579	
0.94	0.191838	-0.0036252	0.198934	-0.0160742	0.191838	-0.0036252	0.198934	-0.0160742	
0.96	0.191013	-0.00349558	0.198188	-0.0157771	0.191013	-0.00349558	0.198188	-0.0157771	
0.98	0.190195	-0.00337386	0.197439	-0.0154706	0.190195	-0.00337386	0.197439	-0.0154706	
1	0.189383	-0.00325946	0.196687	-0.0151579	0.189383	-0.00325946	0.196687	-0.0151579	
1.02	0.188578	-0.00315183	0.195934	-0.0148414	0.188578	-0.00315183	0.195934	-0.0148414	
1.04	0.18778	-0.00305044	0.195179	-0.0145233	0.18778	-0.00305044	0.195179	-0.0145233	
1.06	0.186989	-0.00295482	0.194425	-0.0142052	0.186989	-0.00295482	0.194425	-0.0142052	
1.08	0.186204	-0.00286451	0.19367	-0.0138884	0.186204	-0.00286451	0.19367	-0.0138884	
1.1	0.185426	-0.00277908	0.192917	-0.0135739	0.185426	-0.00277908	0.192917	-0.0135739	
1.12	0.184654	-0.00269815	0.192164	-0.0132627	0.184654	-0.00269815	0.192164	-0.0132627	
1.14	0.18389	-0.00262134	0.191412	-0.0129554	0.18389	-0.00262134	0.191412	-0.0129554	
1.16	0.183132	-0.00254832	0.190662	-0.0126525	0.183132	-0.00254832	0.190662	-0.0126525	
1.18	0.18238	-0.00247879	0.189915	-0.0123546	0.18238	-0.00247879	0.189915	-0.0123546	
1.2	0.181635	-0.00241246	0.189169	-0.0120619	0.181635	-0.00241246	0.189169	-0.0120619	
1.22	0.180897	-0.00234906	0.188425	-0.0117747	0.180897	-0.00234906	0.188425	-0.0117747	
1.24	0.180165	-0.00228837	0.187685	-0.0114932	0.180165	-0.00228837	0.187685	-0.0114932	
1.26	0.179439	-0.00223018	0.186947	-0.0112176	0.179439	-0.00223018	0.186947	-0.0112176	
1.28	0.17872	-0.00217427	0.186212	-0.0109479	0.17872	-0.00217427	0.186212	-0.0109479	
1.3	0.178007	-0.00212049	0.18548	-0.0106842	0.178007	-0.00212049	0.18548	-0.0106842	
1.32	0.177301	-0.00206867	0.184752	-0.0104266	0.177301	-0.00206867	0.184752	-0.0104266	
1.34	0.176601	-0.00201866	0.184027	-0.010175	0.176601	-0.00201866	0.184027	-0.010175	
1.36	0.175908	-0.00197035	0.183306	-0.0099294	0.175908	-0.00197035	0.183306	-0.0099294	
1.38	0.17522	-0.00192362	0.182589	-0.00968975	0.17522	-0.00192362	0.182589	-0.00968975	
1.4	0.174539	-0.00187836	0.181875	-0.009456	0.174539	-0.00187836	0.181875	-0.009456	
1.42	0.173864	-0.00183449	0.181166	-0.00922807	0.173864	-0.00183449	0.181166	-0.00922807	
1.44	0.173195	-0.00179192	0.180461	-0.00900588	0.173195	-0.00179192	0.180461	-0.00900588	
1.46	0.172532	-0.00175057	0.17976	-0.00878933	0.172532	-0.00175057	0.17976	-0.00878933	
1.48	0.171876	-0.00171039	0.179063	-0.00857832	0.171876	-0.00171039	0.179063	-0.00857832	
1.5	0.171225	-0.00167132	0.17837	-0.00837276	0.171225	-0.00167132	0.17837	-0.00837276	
1.52	0.170579	-0.00163329	0.177682	-0.00817252	0.170579	-0.00163329	0.177682	-0.00817252	
1.54	0.16994	-0.00159627	0.176998	-0.00797749	0.16994	-0.00159627	0.176998	-0.00797749	
1.56	0.169306	-0.00156021	0.176318	-0.00778756	0.169306	-0.00156021	0.176318	-0.00778756	
1.58	0.168678	-0.00152506	0.175643	-0.00760261	0.168678	-0.00152506	0.175643	-0.00760261	
1.6	0.168056	-0.00149081	0.174973	-0.00742252	0.168056	-0.00149081	0.174973	-0.00742252	
1.62	0.167439	-0.0014574	0.174307	-0.00724718	0.167439	-0.0014574	0.174307	-0.00724718	
1.64	0.166828	-0.00142482	0.173645	-0.00707645	0.166828	-0.00142482	0.173645	-0.00707645	
1.66	0.166222	-0.00139303	0.172989	-0.00691024	0.166222	-0.00139303	0.172989	-0.00691024	
1.68	0.165621	-0.00136201	0.172336	-0.00674841	0.165621	-0.00136201	0.172336	-0.00674841	
1.7	0.165025	-0.00133173	0.171689	-0.00659086	0.165025	-0.00133173	0.171689	-0.00659086	
1.72	0.164435	-0.00130217	0.171045	-0.00643747	0.164435	-0.00130217	0.171045	-0.00643747	
1.74	0.163849	-0.00127331	0.170407	-0.00628812	0.163849	-0.00127331	0.170407	-0.00628812	
1.76	0.163269	-0.00124513	0.169773	-0.00614272	0.163269	-0.00124513	0.169773	-0.00614272	
1.78	0.162693	-0.00121761	0.169144	-0.00600114	0.162693	-0.00121761	0.169144	-0.00600114	
1.8	0.162122	-0.00119073	0.168519	-0.00586329	0.162122	-0.00119073	0.168519	-0.00586329	
1.82	0.161556	-0.00116447	0.167899	-0.00572905	0.161556	-0.00116447	0.167899	-0.00572905	
1.84	0.160995	-0.00113882	0.167283	-0.00559833	0.160995	-0.00113882	0.167283	-0.00559833	
1.86	0.160439	-0.00111375	0.166671	-0.00547103	0.160439	-0.00111375	0.166671	-0.00547103	
1.88	0.159887	-0.00108926	0.166065	-0.00534706	0.159887	-0.00108926	0.166065	-0.00534706	
1.9	0.159339	-0.00106532	0.165462	-0.0052263	0.159339	-0.00106532	0.165462	-0.0052263	
1.92	0.158796	-0.00104193	0.164864	-0.00510869	0.158796	-0.00104193	0.164864	-0.00510869	
1.94	0.158257	-0.00101906	0.164271	-0.00499412	0.158257	-0.00101906	0.164271	-0.00499412	
1.96	0.157723	-0.000996712	0.163682	-0.00488251	0.157723	-0.000996712	0.163682	-0.00488251	
1.98	0.157192	-0.00097486	0.163097	-0.00477377	0.157192	-0.00097486	0.163097	-0.00477377	
2	0.156666	-0.000953494	0.162517	-0.00466782	0.156666	-0.000953494	0.162517	-0.00466782	
2.02	0.156145	-0.000932602	0.161941	-0.00456459	0.156145	-0.000932602	0.161941	-0.00456459	
2.04	0.155627	-0.000912171	0.161369	-0.00446399	0.155627	-0.000912171	0.161369	-0.00446399	
2.06	0.155113	-0.000892188	0.160801	-0.00436594	0.155113	-0.000892188	0.160801	-0.00436594	
2.08	0.154603	-0.000872642	0.160238	-0.00427038	0.154603	-0.000872642	0.160238	-0.00427038	
2.1	0.154097	-0.000853521	0.159678	-0.00417723	0.154097	-0.000853521	0.159678	-0.00417723	
2.12	0.153595	-0.000834814	0.159123	-0.00408643	0.153595	-0.000834814	0.159123	-0.00408643	
2.14	0.153096	-0.00081651	0.158572	-0.0039979	0.153096	-0.00081651	0.158572	-0.0039979	
2.16	0.152601	-0.000798597	0.158025	-0.00391159	0.152601	-0.000798597	0.158025	-0.00391159	
2.18	0.15211	-0.000781067	0.157482	-0.00382742	0.15211	-0.000781067	0.157482	-0.00382742	
2.2	0.151623	-0.000763908	0.156943	-0.00374534	0.151623	-0.000763908	0.156943	-0.00374534	
2.22	0.151139	-0.000747111	0.156408	-0.00366529	0.151139	-0.000747111	0.156408	-0.00366529	
2.24	0.150659	-0.000730666	0.155877	-0.00358721	0.150659	-0.000730666	0.155877	-0.00358721	
2.26	0.150182	-0.000714564	0.155349	-0.00351105	0.150182	-0.000714564	0.155349	-0.00351105	
2.28	0.149709	-0.000698796	0.154826	-0.00343675	0.149709	-0.000698796	0.154826	-0.00343675	
2.3	0.149239	-0.000683354	0.154306	-0.00336425	0.149239	-0.000683354	0.154306	-0.00336425	
2.32	0.148772	-0.000668228	0.15379	-0.00329352	0.148772	-0.000668228	0.15379	-0.00329352	
2.34	0.148308	-0.000653411	0.153278	-0.00322449	0.148308	-0.000653411	0.153278	-0.00322449	
2.36	0.147848	-0.000638895	0.15277	-0.00315712	0.147848	-0.000638895	0.15277	-0.00315712	
2.38	0.147391	-0.000624672	0.152265	-0.00309137	0.147391	-0.000624672	0.152265	-0.00309137	
2.4	0.146938	-0.000610735	0.151764	-0.00302719	0.146938	-0.000610735	0.151764	-0.00302719	
2.42	0.146487	-0.000597076	0.151266	-0.00296453	0.146487	-0.000597076	0.151266	-0.00296453	
2.44	0.14604	-0.000583688	0.150772	-0.00290336	0.14604	-0.000583688	0.150772	-0.00290336	
2.46	0.145595	-0.000570565	0.150281	-0.00284364	0.145595	-0.000570565	0.150281	-0.00284364	
2.48	0.145154	-0.0005577	0.149794	-0.00278531	0.145154	-0.0005577	0.149794	-0.00278531	
2.5	0.144716	-0.000545086	0.149311	-0.00272836	0.144716	-0.000545086	0.149311	-0.00272836	
2.52	0.14428	-0.000532718	0.14883	-0.00267273	0.14428	-0.000532718	0.14883	-0.00267273	
2.54	0.143848	-0.00052059	0.148354	-0.0026184	0.143848	-0.00052059	0.148354	-0.0026184	
2.56	0.143418	-0.000508695	0.14788	-0.00256532	0.143418	-0.000508695	0.14788	-0.00256532	
2.58	0.142991	-0.000497028	0.14741	-0.00251347	0.142991	-0.000497028	0.14741	-0.00251347	
2.6	0.142567	-0.000485584	0.146943	-0.00246281	0.142567	-0.000485584	0.146943	-0.00246281	
2.62	0.142146	-0.000474358	0.146479	-0.00241331	0.142146	-0.000474358	0.146479	-0.00241331	
2.64	0.141727	-0.000463344	0.146019	-0.00236494	0.141727	-0.000463344	0.146019	-0.00236494	
2.66	0.141312	-0.000452537	0.145561	-0.00231767	0.141312	-0.000452537	0.145561	-0.00231767	
2.68	0.140899	-0.000441934	0.145107	-0.00227147	0.140899	-0.000441934	0.145107	-0.00227147	
2.7	0.140488	-0.000431528	0.144656	-0.00222631	0.140488	-0.000431528	0.144656	-0.00222631	
2.72	0.14008	-0.000421317	0.144208	-0.00218216	0.14008	-0.000421317	0.144208	-0.00218216	
2.74	0.139675	-0.000411295	0.143763	-0.00213901	0.139675	-0.000411295	0.143763	-0.00213901	
2.76	0.139273	-0.000401458	0.143321	-0.00209682	0.139273	-0.000401458	0.143321	-0.00209682	
2.78	0.138873	-0.000391803	0.142881	-0.00205556	0.138873	-0.000391803	0.142881	-0.00205556	
2.8	0.138475	-0.000382325	0.142445	-0.00201522	0.138475	-0.000382325	0.142445	-0.00201522	
2.82	0.13808	-0.000373021	0.142012	-0.00197577	0.13808	-0.000373021	0.142012	-0.00197577	
2.84	0.137688	-0.000363887	0.141582	-0.00193719	0.137688	-0.000363887	0.141582	-0.00193719	
2.86	0.137297	-0.00035492	0.141154	-0.00189945	0.137297	-0.00035492	0.141154	-0.00189945	
2.88	0.13691	-0.000346115	0.14073	-0.00186254	0.13691	-0.000346115	0.14073	-0.00186254	
2.9	0.136524	-0.000337471	0.140308	-0.00182643	0.136524	-0.000337471	0.140308	-0.00182643	
2.92	0.136141	-0.000328984	0.139889	-0.0017911	0.136141	-0.000328984	0.139889	-0.0017911	
2.94	0.135761	-0.00032065	0.139472	-0.00175654	0.135761	-0.00032065	0.139472	-0.00175654	
2.96	0.135382	-0.000312467	0.139059	-0.00172272	0.135382	-0.000312467	0.139059	-0.00172272	
2.98	0.135006	-0.000304432	0.138648	-0.00168963	0.135006	-0.000304432	0.138648	-0.00168963	
3	0.134633	-0.000296541	0.138239	-0.00165724	0.134633	-0.000296541	0.138239	-0.00165724	
3.02	0.134261	-0.000288793	0.137834	-0.00162555	0.134261	-0.000288793	0.137834	-0.00162555	
3.04	0.133892	-0.000281185	0.137431	-0.00159453	0.133892	-0.000281185	0.137431	-0.00159453	
3.06	0.133525	-0.000273714	0.13703	-0.00156416	0.133525	-0.000273714	0.13703	-0.00156416	
3.08	0.13316	-0.000266378	0.136632	-0.00153444	0.13316	-0.000266378	0.136632	-0.00153444	
3.1	0.132797	-0.000259174	0.136237	-0.00150534	0.132797	-0.000259174	0.136237	-0.00150534	
3.12	0.132436	-0.0002521	0.135844	-0.00147686	0.132436	-0.0002521	0.135844	-0.00147686	
3.14	0.132078	-0.000245154	0.135453	-0.00144897	0.132078	-0.000245154	0.135453	-0.00144897	
3.16	0.131721	-0.000238333	0.135065	-0.00142166	0.131721	-0.000238333	0.135065	-0.00142166	
3.18	0.131367	-0.000231637	0.134679	-0.00139492	0.131367	-0.000231637	0.134679	-0.00139492	
3.2	0.131014	-0.000225061	0.134296	-0.00136873	0.131014	-0.000225061	0.134296	-0.00136873	
3.22	0.130664	-0.000218605	0.133915	-0.00134308	0.130664	-0.000218605	0.133915	-0.00134308	
3.24	0.130316	-0.000212267	0.133537	-0.00131796	0.130316	-0.000212267	0.133537	-0.00131796	
3.26	0.129969	-0.000206045	0.13316	-0.00129336	0.129969	-0.000206045	0.13316	-0.00129336	
3.28	0.129625	-0.000199937	0.132787	-0.00126926	0.129625	-0.000199937	0.132787	-0.00126926	
3.3	0.129283	-0.000193941	0.132415	-0.00124565	0.129283	-0.000193941	0.132415	-0.00124565	
3.32	0.128942	-0.000188055	0.132046	-0.00122252	0.128942	-0.000188055	0.132046	-0.00122252	
3.34	0.128604	-0.000182278	0.131678	-0.00119986	0.128604	-0.000182278	0.131678	-0.00119986	
3.36	0.128267	-0.000176609	0.131313	-0.00117766	0.128267	-0.000176609	0.131313	-0.00117766	
3.38	0.127932	-0.000171045	0.130951	-0.0011559	0.127932	-0.000171045	0.130951	-0.0011559	
3.4	0.127599	-0.000165586	0.13059	-0.00113459	0.127599	-0.000165586	0.13059	-0.00113459	
3.42	0.127268	-0.000160229	0.130232	-0.0011137	0.127268	-0.000160229	0.130232	-0.0011137	
3.44	0.126939	-0.000154974	0.129875	-0.00109322	0.126939	-0.000154974	0.129875	-0.00109322	
3.46	0.126612	-0.000149818	0.129521	-0.00107316	0.126612	-0.000149818	0.129521	-0.00107316	
3.48	0.126286	-0.000144762	0.129169	-0.00105349	0.126286	-0.000144762	0.129169	-0.00105349	
3.5	0.125962	-0.000139802	0.128819	-0.00103421	0.125962	-0.000139802	0.128819	-0.00103421	
3.52	0.12564	-0.000134938	0.128471	-0.00101532	0.12564	-0.000134938	0.128471	-0.00101532	
3.54	0.12532	-0.000130169	0.128125	-0.000996793	0.12532	-0.000130169	0.128125	-0.000996793	
3.56	0.125001	-0.000125493	0.127781	-0.000978632	0.125001	-0.000125493	0.127781	-0.000978632	
3.58	0.124685	-0.00012091	0.127439	-0.000960827	0.124685	-0.00012091	0.127439	-0.000960827	
3.6	0.124369	-0.000116417	0.127099	-0.000943369	0.124369	-0.000116417	0.127099	-0.000943369	
3.62	0.124056	-0.000112015	0.126761	-0.000926252	0.124056	-0.000112015	0.126761	-0.000926252	
3.64	0.123744	-0.000107701	0.126425	-0.000909466	0.123744	-0.000107701	0.126425	-0.000909466	
3.66	0.123434	-0.000103475	0.126091	-0.000893006	0.123434	-0.000103475	0.126091	-0.000893006	
3.68	0.123126	-9.93349e-05	0.125758	-0.000876863	0.123126	-9.93349e-05	0.125758	-0.000876863	
3.7	0.122819	-9.52808e-05	0.125428	-0.000861032	0.122819	-9.52808e-05	0.125428	-0.000861032	
3.72	0.122513	-9.13111e-05	0.1251	-0.000845504	0.122513	-9.13111e-05	0.1251	-0.000845504	
3.74	0.12221	-8.74248e-05	0.124773	-0.000830273	0.12221	-8.74248e-05	0.124773	-0.000830273	
3.76	0.121908	-8.36209e-05	0.124448	-0.000815334	0.121908	-8.36209e-05	0.124448	-0.000815334	
3.78	0.121607	-7.98985e-05	0.124125	-0.000800678	0.121607	-7.98985e-05	0.124125	-0.000800678	
3.8	0.121308	-7.62565e-05	0.123804	-0.000786302	0.121308	-7.62565e-05	0.123804	-0.000786302	
3.82	0.121011	-7.26939e-05	0.123484	-0.000772197	0.121011	-7.26939e-05	0.123484	-0.000772197	
3.84	0.120715	-6.92099e-05	0.123166	-0.000758359	0.120715	-6.92099e-05	0.123166	-0.000758359	
3.86	0.120421	-6.58035e-05	0.12285	-0.000744781	0.120421	-6.58035e-05	0.12285	-0.000744781	
3.88	0.120128	-6.24737e-05	0.122536	-0.000731458	0.120128	-6.24737e-05	0.122536	-0.000731458	
3.9	0.119837	-5.92197e-05	0.122224	-0.000718385	0.119837	-5.92197e-05	0.122224	-0.000718385	
3.92	0.119547	-5.60406e-05	0.121913	-0.000705556	0.119547	-5.60406e-05	0.121913	-0.000705556	
3.94	0.119258	-5.29353e-05	0.121604	-0.000692966	0.119258	-5.29353e-05	0.121604	-0.000692966	
3.96	0.118971	-4.99031e-05	0.121296	-0.00068061	0.118971	-4.99031e-05	0.121296	-0.00068061	
3.98	0.118686	-4.69431e-05	0.12099	-0.000668483	0.118686	-4.69431e-05	0.12099	-0.000668483	
4	0.118402	-4.40544e-05	0.120686	-0.00065658	0.118402	-4.40544e-05	0.120686	-0.00065658	
4.02	0.118119	-4.1236e-05	0.120384	-0.000644897	0.118119	-4.1236e-05	0.120384	-0.000644897	
4.04	0.117838	-3.84873e-05	0.120083	-0.000633428	0.117838	-3.84873e-05	0.120083	-0.000633428	
4.06	0.117558	-3.58071e-05	0.119783	-0.000622169	0.117558	-3.58071e-05	0.119783	-0.000622169	
4.08	0.11728	-3.31949e-05	0.119486	-0.000611116	0.11728	-3.31949e-05	0.119486	-0.000611116	
4.1	0.117003	-3.06496e-05	0.119189	-0.000600265	0.117003	-3.06496e-05	0.119189	-0.000600265	
4.12	0.116727	-2.81704e-05	0.118895	-0.000589611	0.116727	-2.81704e-05	0.118895	-0.000589611	
4.14	0.116452	-2.57564e-05	0.118602	-0.00057915	0.116452	-2.57564e-05	0.118602	-0.00057915	
4.16	0.116179	-2.34069e-05	0.11831	-0.000568879	0.116179	-2.34069e-05	0.11831	-0.000568879	
4.18	0.115908	-2.11209e-05	0.11802	-0.000558793	0.115908	-2.11209e-05	0.11802	-0.000558793	
4.2	0.115637	-1.88977e-05	0.117732	-0.000548888	0.115637	-1.88977e-05	0.117732	-0.000548888	
4.22	0.115368	-1.67363e-05	0.117445	-0.000539161	0.115368	-1.67363e-05	0.117445	-0.000539161	
4.24	0.115101	-1.4636e-05	0.117159	-0.000529608	0.115101	-1.4636e-05	0.117159	-0.000529608	
4.26	0.114834	-1.25958e-05	0.116875	-0.000520225	0.114834	-1.25958e-05	0.116875	-0.000520225	
4.28	0.114569	-1.06149e-05	0.116592	-0.00051101	0.114569	-1.06149e-05	0.116592	-0.00051101	
4.3	0.114305	-8.69257e-06	0.116311	-0.000501958	0.114305	-8.69257e-06	0.116311	-0.000501958	
4.32	0.114042	-6.82784e-06	0.116032	-0.000493066	0.114042	-6.82784e-06	0.116032	-0.000493066	
4.34	0.113781	-5.01988e-06	0.115753	-0.000484331	0.113781	-5.01988e-06	0.115753	-0.000484331	
4.36	0.113521	-3.26785e-06	0.115476	-0.00047575	0.113521	-3.26785e-06	0.115476	-0.00047575	
4.38	0.113262	-1.57091e-06	0.115201	-0.00046732	0.113262	-1.57091e-06	0.115201	-0.00046732	
4.4	0.113004	7.18185e-08	0.114927	-0.000459038	0.113004	7.18185e-08	0.114927	-0.000459038	
4.42	0.112747	1.66117e-06	0.114654	-0.0004509	0.112747	1.66117e-06	0.114654	-0.0004509	
4.44	0.112492	3.19802e-06	0.114383	-0.000442905	0.112492	3.19802e-06	0.114383	-0.000442905	
4.46	0.112238	4.6832e-06	0.114113	-0.000435048	0.112238	4.6832e-06	0.114113	-0.000435048	
4.48	0.111985	6.11759e-06	0.113844	-0.000427327	0.111985	6.11759e-06	0.113844	-0.000427327	
4.5	0.111733	7.50204e-06	0.113577	-0.00041974	0.111733	7.50204e-06	0.113577	-0.00041974	
4.52	0.111482	8.83741e-06	0.113311	-0.000412284	0.111482	8.83741e-06	0.113311	-0.000412284	
4.54	0.111233	1.01246e-05	0.113046	-0.000404957	0.111233	1.01246e-05	0.113046	-0.000404957	
4.56	0.110984	1.13644e-05	0.112783	-0.000397755	0.110984	1.13644e-05	0.112783	-0.000397755	
4.58	0.110737	1.25577e-05	0.11252	-0.000390676	0.110737	1.25577e-05	0.11252	-0.000390676	
4.6	0.110491	1.37053e-05	0.11226	-0.000383719	0.110491	1.37053e-05	0.11226	-0.000383719	
4.62	0.110246	1.48082e-05	0.112	-0.000376879	0.110246	1.48082e-05	0.112	-0.000376879	
4.64	0.110002	1.58672e-05	0.111742	-0.000370157	0.110002	1.58672e-05	0.111742	-0.000370157	
4.66	0.109759	1.68832e-05	0.111485	-0.000363548	0.109759	1.68832e-05	0.111485	-0.000363548	
4.68	0.109517	1.7857e-05	0.111229	-0.000357051	0.109517	1.7857e-05	0.111229	-0.000357051	
4.7	0.109277	1.87894e-05	0.110974	-0.000350663	0.109277	1.87894e-05	0.110974	-0.000350663	
4.72	0.109037	1.96814e-05	0.110721	-0.000344384	0.109037	1.96814e-05	0.110721	-0.000344384	
4.74	0.108799	2.05337e-05	0.110469	-0.000338209	0.108799	2.05337e-05	0.110469	-0.000338209	
4.76	0.108561	2.13473e-05	0.110218	-0.000332138	0.108561	2.13473e-05	0.110218	-0.000332138	
4.78	0.108325	2.2123e-05	0.109968	-0.000326169	0.108325	2.2123e-05	0.109968	-0.000326169	
4.8	0.10809	2.28616e-05	0.10972	-0.0003203	0.10809	2.28616e-05	0.10972	-0.0003203	
4.82	0.107855	2.3564e-05	0.109472	-0.000314528	0.107855	2.3564e-05	0.109472	-0.000314528	
4.84	0.107622	2.4231e-05	0.109226	-0.000308852	0.107622	2.4231e-05	0.109226	-0.000308852	
4.86	0.10739	2.48634e-05	0.108981	-0.00030327	0.10739	2.48634e-05	0.108981	-0.00030327	
4.88	0.107159	2.54622e-05	0.108737	-0.000297781	0.107159	2.54622e-05	0.108737	-0.000297781	
4.9	0.106928	2.6028e-05	0.108494	-0.000292382	0.106928	2.6028e-05	0.108494	-0.000292382	
4.92	0.106699	2.65618e-05	0.108253	-0.000287072	0.106699	2.65618e-05	0.108253	-0.000287072	
4.94	0.106471	2.70643e-05	0.108012	-0.00028185	0.106471	2.70643e-05	0.108012	-0.00028185	
4.96	0.106244	2.75364e-05	0.107773	-0.000276713	0.106244	2.75364e-05	0.107773	-0.000276713	
4.98	0.106017	2.79789e-05	0.107535	-0.000271661	0.106017	2.79789e-05	0.107535	-0.000271661	
5	0.105792	2.83925e-05	0.107298	-0.000266691	0.105792	2.83925e-05	0.107298	-0.000266691	
5.02	0.105568	2.8778e-05	0.107062	-0.000261803	0.105568	2.8778e-05	0.107062	-0.000261803	
5.04	0.105344	2.91362e-05	0.106827	-0.000256994	0.105344	2.91362e-05	0.106827	-0.000256994	
5.06	0.105122	2.9468e-05	0.106593	-0.000252264	0.105122	2.9468e-05	0.106593	-0.000252264	
5.08	0.1049	2.9774e-05	0.10636	-0.00024761	0.1049	2.9774e-05	0.10636	-0.00024761	
5.1	0.10468	3.0055e-05	0.106128	-0.000243032	0.10468	3.0055e-05	0.106128	-0.000243032	
5.12	0.10446	3.03117e-05	0.105897	-0.000238529	0.10446	3.03117e-05	0.105897	-0.000238529	
5.14	0.104241	3.0545e-05	0.105668	-0.000234098	0.104241	3.0545e-05	0.105668	-0.000234098	
5.16	0.104024	3.07555e-05	0.105439	-0.000229739	0.104024	3.07555e-05	0.105439	-0.000229739	
5.18	0.103807	3.09439e-05	0.105211	-0.000225451	0.103807	3.09439e-05	0.105211	-0.000225451	
5.2	0.103591	3.11109e-05	0.104985	-0.000221232	0.103591	3.11109e-05	0.104985	-0.000221232	
5.22	0.103376	3.12573e-05	0.104759	-0.000217081	0.103376	3.12573e-05	0.104759	-0.000217081	
5.24	0.103162	3.13837e-05	0.104535	-0.000212996	0.103162	3.13837e-05	0.104535	-0.000212996	
5.26	0.102948	3.14908e-05	0.104311	-0.000208978	0.102948	3.14908e-05	0.104311	-0.000208978	
5.28	0.102736	3.15793e-05	0.104089	-0.000205024	0.102736	3.15793e-05	0.104089	-0.000205024	
5.3	0.102525	3.16498e-05	0.103867	-0.000201134	0.102525	3.16498e-05	0.103867	-0.000201134	
5.32	0.102314	3.17029e-05	0.103647	-0.000197307	0.102314	3.17029e-05	0.103647	-0.000197307	
5.34	0.102104	3.17393e-05	0.103427	-0.000193541	0.102104	3.17393e-05	0.103427	-0.000193541	
5.36	0.101895	3.17596e-05	0.103208	-0.000189836	0.101895	3.17596e-05	0.103208	-0.000189836	
5.38	0.101687	3.17645e-05	0.102991	-0.00018619	0.101687	3.17645e-05	0.102991	-0.00018619	
5.4	0.10148	3.17544e-05	0.102774	-0.000182603	0.10148	3.17544e-05	0.102774	-0.000182603	
5.42	0.101274	3.173e-05	0.102558	-0.000179074	0.101274	3.173e-05	0.102558	-0.000179074	
5.44	0.101068	3.16919e-05	0.102343	-0.000175601	0.101068	3.16919e-05	0.102343	-0.000175601	
5.46	0.100863	3.16405e-05	0.10213	-0.000172185	0.100863	3.16405e-05	0.10213	-0.000172185	
5.48	0.100659	3.15766e-05	0.101917	-0.000168823	0.100659	3.15766e-05	0.101917	-0.000168823	
5.5	0.100456	3.15005e-05	0.101705	-0.000165516	0.100456	3.15005e-05	0.101705	-0.000165516	
5.52	0.100254	3.14128e-05	0.101493	-0.000162261	0.100254	3.14128e-05	0.101493	-0.000162261	
5.54	0.100053	3.1314e-05	0.101283	-0.00015906	0.100053	3.1314e-05	0.101283	-0.00015906	
5.56	0.0998522	3.12047e-05	0.101074	-0.00015591	0.0998522	3.12047e-05	0.101074	-0.00015591	
5.58	0.0996524	3.10852e-05	0.100866	-0.000152811	0.0996524	3.10852e-05	0.100866	-0.000152811	
5.6	0.0994534	3.09561e-05	0.100658	-0.000149763	0.0994534	3.09561e-05	0.100658	-0.000149763	
5.62	0.0992552	3.08178e-05	0.100452	-0.000146764	0.0992552	3.08178e-05	0.100452	-0.000146764	
5.64	0.0990578	3.06708e-05	0.100246	-0.000143813	0.0990578	3.06708e-05	0.100246	-0.000143813	
5.66	0.0988611	3.05155e-05	0.100041	-0.000140911	0.0988611	3.05155e-05	0.100041	-0.000140911	
5.68	0.0986653	3.03524e-05	0.099837	-0.000138057	0.0986653	3.03524e-05	0.099837	-0.000138057	
5.7	0.0984702	3.01817e-05	0.0996338	-0.000135248	0.0984702	3.01817e-05	0.0996338	-0.000135248	
5.72	0.0982759	3.00041e-05	0.0994316	-0.000132486	0.0982759	3.00041e-05	0.0994316	-0.000132486	
5.74	0.0980823	2.98197e-05	0.0992302	-0.00012977	0.0980823	2.98197e-05	0.0992302	-0.00012977	
5.76	0.0978895	2.96291e-05	0.0990296	-0.000127098	0.0978895	2.96291e-05	0.0990296	-0.000127098	
5.78	0.0976975	2.94325e-05	0.0988299	-0.000124471	0.0976975	2.94325e-05	0.0988299	-0.000124471	
5.8	0.0975062	2.92304e-05	0.098631	-0.000121887	0.0975062	2.92304e-05	0.098631	-0.000121887	
5.82	0.0973157	2.9023e-05	0.0984329	-0.000119346	0.0973157	2.9023e-05	0.0984329	-0.000119346	
5.84	0.0971259	2.88108e-05	0.0982357	-0.000116847	0.0971259	2.88108e-05	0.0982357	-0.000116847	
5.86	0.0969368	2.85939e-05	0.0980393	-0.000114391	0.0969368	2.85939e-05	0.0980393	-0.000114391	
5.88	0.0967485	2.83728e-05	0.0978437	-0.000111976	0.0967485	2.83728e-05	0.0978437	-0.000111976	
5.9	0.0965609	2.81478e-05	0.0976489	-0.000109601	0.0965609	2.81478e-05	0.0976489	-0.000109601	
5.92	0.096374	2.7919e-05	0.0974549	-0.000107267	0.096374	2.7919e-05	0.0974549	-0.000107267	
5.94	0.0961879	2.76869e-05	0.0972618	-0.000104973	0.0961879	2.76869e-05	0.0972618	-0.000104973	
5.96	0.0960024	2.74517e-05	0.0970694	-0.000102718	0.0960024	2.74517e-05	0.0970694	-0.000102718	
5.98	0.0958177	2.72136e-05	0.0968778	-0.000100501	0.0958177	2.72136e-05	0.0968778	-0.000100501	
6	0.0956337	2.69729e-05	0.0966869	-9.83236e-05	0.0956337	2.69729e-05	0.0966869	-9.83236e-05	
6.02	0.0954504	2.67299e-05	0.0964969	-9.61835e-05	0.0954504	2.67299e-05	0.0964969	-9.61835e-05	
6.04	0.0952678	2.64847e-05	0.0963076	-9.40808e-05	0.0952678	2.64847e-05	0.0963076	-9.40808e-05	
6.06	0.0950858	2.62376e-05	0.0961191	-9.20151e-05	0.0950858	2.62376e-05	0.0961191	-9.20151e-05	
6.08	0.0949046	2.59889e-05	0.0959314	-8.99859e-05	0.0949046	2.59889e-05	0.0959314	-8.99859e-05	
6.1	0.0947241	2.57386e-05	0.0957444	-8.79928e-05	0.0947241	2.57386e-05	0.0957444	-8.79928e-05	
6.12	0.0945442	2.54871e-05	0.0955582	-8.60353e-05	0.0945442	2.54871e-05	0.0955582	-8.60353e-05	
6.14	0.0943651	2.52345e-05	0.0953727	-8.4113e-05	0.0943651	2.52345e-05	0.0953727	-8.4113e-05	
6.16	0.0941866	2.4981e-05	0.095188	-8.22256e-05	0.0941866	2.4981e-05	0.095188	-8.22256e-05	
6.18	0.0940088	2.47268e-05	0.095004	-8.03725e-05	0.0940088	2.47268e-05	0.095004	-8.03725e-05	
6.2	0.0938316	2.4472e-05	0.0948207	-7.85535e-05	0.0938316	2.4472e-05	0.0948207	-7.85535e-05	
6.22	0.0936551	2.42169e-05	0.0946382	-7.67682e-05	0.0936551	2.42169e-05	0.0946382	-7.67682e-05	
6.24	0.0934793	2.39615e-05	0.0944564	-7.5016e-05	0.0934793	2.39615e-05	0.0944564	-7.5016e-05	
6.26	0.0933042	2.3706e-05	0.0942753	-7.32968e-05	0.0933042	2.3706e-05	0.0942753	-7.32968e-05	
6.28	0.0931296	2.34506e-05	0.0940949	-7.161e-05	0.0931296	2.34506e-05	0.0940949	-7.161e-05	
6.3	0.0929558	2.31953e-05	0.0939152	-6.99554e-05	0.0929558	2.31953e-05	0.0939152	-6.99554e-05	
6.32	0.0927826	2.29404e-05	0.0937363	-6.83325e-05	0.0927826	2.29404e-05	0.0937363	-6.83325e-05	
6.34	0.09261	2.26859e-05	0.093558	-6.67411e-05	0.09261	2.26859e-05	0.093558	-6.67411e-05	
6.36	0.0924381	2.2432e-05	0.0933805	-6.51807e-05	0.0924381	2.2432e-05	0.0933805	-6.51807e-05	
6.38	0.0922668	2.21787e-05	0.0932036	-6.36511e-05	0.0922668	2.21787e-05	0.0932036	-6.36511e-05	
6.4	0.0920961	2.19262e-05	0.0930275	-6.21518e-05	0.0920961	2.19262e-05	0.0930275	-6.21518e-05	
6.42	0.0919261	2.16746e-05	0.092852	-6.06825e-05	0.0919261	2.16746e-05	0.092852	-6.06825e-05	
6.44	0.0917567	2.1424e-05	0.0926772	-5.92429e-05	0.0917567	2.1424e-05	0.0926772	-5.92429e-05	
6.46	0.0915879	2.11744e-05	0.0925031	-5.78327e-05	0.0915879	2.11744e-05	0.0925031	-5.78327e-05	
6.48	0.0914198	2.0926e-05	0.0923296	-5.64516e-05	0.0914198	2.0926e-05	0.0923296	-5.64516e-05	
6.5	0.0912522	2.06788e-05	0.0921568	-5.50991e-05	0.0912522	2.06788e-05	0.0921568	-5.50991e-05	
6.52	0.0910853	2.04329e-05	0.0919847	-5.3775e-05	0.0910853	2.04329e-05	0.0919847	-5.3775e-05	
6.54	0.090919	2.01883e-05	0.0918133	-5.24789e-05	0.090919	2.01883e-05	0.0918133	-5.24789e-05	
6.56	0.0907533	1.99453e-05	0.0916425	-5.12106e-05	0.0907533	1.99453e-05	0.0916425	-5.12106e-05	
6.58	0.0905882	1.97037e-05	0.0914723	-4.99697e-05	0.0905882	1.97037e-05	0.0914723	-4.99697e-05	
6.6	0.0904237	1.94637e-05	0.0913028	-4.87559e-05	0.0904237	1.94637e-05	0.0913028	-4.87559e-05	
6.62	0.0902598	1.92253e-05	0.091134	-4.75688e-05	0.0902598	1.92253e-05	0.091134	-4.75688e-05	
6.64	0.0900964	1.89886e-05	0.0909658	-4.64082e-05	0.0900964	1.89886e-05	0.0909658	-4.64082e-05	
6.66	0.0899337	1.87536e-05	0.0907982	-4.52737e-05	0.0899337	1.87536e-05	0.0907982	-4.52737e-05	
6.68	0.0897716	1.85203e-05	0.0906312	-4.41651e-05	0.0897716	1.85203e-05	0.0906312	-4.41651e-05	
6.7	0.08961	1.82889e-05	0.0904649	-4.3082e-05	0.08961	1.82889e-05	0.0904649	-4.3082e-05	
6.72	0.089449	1.80594e-05	0.0902992	-4.20241e-05	0.089449	1.80594e-05	0.0902992	-4.20241e-05	
6.74	0.0892886	1.78317e-05	0.0901342	-4.09911e-05	0.0892886	1.78317e-05	0.0901342	-4.09911e-05	
6.76	0.0891288	1.76059e-05	0.0899697	-3.99826e-05	0.0891288	1.76059e-05	0.0899697	-3.99826e-05	
6.78	0.0889696	1.73821e-05	0.0898059	-3.89984e-05	0.0889696	1.73821e-05	0.0898059	-3.89984e-05	
6.8	0.0888109	1.71603e-05	0.0896426	-3.80382e-05	0.0888109	1.71603e-05	0.0896426	-3.80382e-05	
6.82	0.0886527	1.69404e-05	0.08948	-3.71016e-05	0.0886527	1.69404e-05	0.08948	-3.71016e-05	
6.84	0.0884952	1.67226e-05	0.089318	-3.61884e-05	0.0884952	1.67226e-05	0.089318	-3.61884e-05	
6.86	0.0883382	1.65069e-05	0.0891566	-3.52981e-05	0.0883382	1.65069e-05	0.0891566	-3.52981e-05	
6.88	0.0881818	1.62932e-05	0.0889957	-3.44306e-05	0.0881818	1.62932e-05	0.0889957	-3.44306e-05	
6.9	0.0880259	1.60816e-05	0.0888355	-3.35855e-05	0.0880259	1.60816e-05	0.0888355	-3.35855e-05	
6.92	0.0878705	1.5872e-05	0.0886758	-3.27624e-05	0.0878705	1.5872e-05	0.0886758	-3.27624e-05	
6.94	0.0877157	1.56646e-05	0.0885168	-3.19612e-05	0.0877157	1.56646e-05	0.0885168	-3.19612e-05	
6.96	0.0875615	1.54593e-05	0.0883583	-3.11813e-05	0.0875615	1.54593e-05	0.0883583	-3.11813e-05	
6.98	0.0874078	1.52561e-05	0.0882004	-3.04226e-05	0.0874078	1.52561e-05	0.0882004	-3.04226e-05	
7	0.0872546	1.50551e-05	0.0880431	-2.96848e-05	0.0872546	1.50551e-05	0.0880431	-2.96848e-05	
7.02	0.087102	1.48562e-05	0.0878863	-2.89674e-05	0.087102	1.48562e-05	0.0878863	-2.89674e-05	
7.04	0.0869499	1.46594e-05	0.0877301	-2.82703e-05	0.0869499	1.46594e-05	0.0877301	-2.82703e-05	
7.06	0.0867984	1.44648e-05	0.0875745	-2.7593e-05	0.0867984	1.44648e-05	0.0875745	-2.7593e-05	
7.08	0.0866473	1.42723e-05	0.0874194	-2.69353e-05	0.0866473	1.42723e-05	0.0874194	-2.69353e-05	
7.1	0.0864968	1.4082e-05	0.0872649	-2.62969e-05	0.0864968	1.4082e-05	0.0872649	-2.62969e-05	
7.12	0.0863469	1.38938e-05	0.0871109	-2.56773e-05	0.0863469	1.38938e-05	0.0871109	-2.56773e-05	
7.14	0.0861974	1.37078e-05	0.0869575	-2.50764e-05	0.0861974	1.37078e-05	0.0869575	-2.50764e-05	
7.16	0.0860484	1.35239e-05	0.0868047	-2.44938e-05	0.0860484	1.35239e-05	0.0868047	-2.44938e-05	
7.18	0.0859	1.33421e-05	0.0866524	-2.39292e-05	0.0859	1.33421e-05	0.0866524	-2.39292e-05	
7.2	0.0857521	1.31624e-05	0.0865006	-2.33822e-05	0.0857521	1.31624e-05	0.0865006	-2.33822e-05	
7.22	0.0856047	1.29849e-05	0.0863493	-2.28526e-05	0.0856047	1.29849e-05	0.0863493	-2.28526e-05	
7.24	0.0854578	1.28095e-05	0.0861987	-2.23399e-05	0.0854578	1.28095e-05	0.0861987	-2.23399e-05	
7.26	0.0853114	1.26361e-05	0.0860485	-2.1844e-05	0.0853114	1.26361e-05	0.0860485	-2.1844e-05	
7.28	0.0851655	1.24649e-05	0.0858988	-2.13645e-05	0.0851655	1.24649e-05	0.0858988	-2.13645e-05	
7.3	0.0850201	1.22957e-05	0.0857497	-2.09011e-05	0.0850201	1.22957e-05	0.0857497	-2.09011e-05	
7.32	0.0848752	1.21287e-05	0.0856011	-2.04534e-05	0.0848752	1.21287e-05	0.0856011	-2.04534e-05	
7.34	0.0847308	1.19636e-05	0.0854531	-2.00211e-05	0.0847308	1.19636e-05	0.0854531	-2.00211e-05	
7.36	0.0845869	1.18006e-05	0.0853055	-1.9604e-05	0.0845869	1.18006e-05	0.0853055	-1.9604e-05	
7.38	0.0844435	1.16397e-05	0.0851585	-1.92016e-05	0.0844435	1.16397e-05	0.0851585	-1.92016e-05	
7.4	0.0843005	1.14808e-05	0.085012	-1.88138e-05	0.0843005	1.14808e-05	0.085012	-1.88138e-05	
7.42	0.0841581	1.13238e-05	0.0848659	-1.84402e-05	0.0841581	1.13238e-05	0.0848659	-1.84402e-05	
7.44	0.0840161	1.11689e-05	0.0847204	-1.80804e-05	0.0840161	1.11689e-05	0.0847204	-1.80804e-05	
7.46	0.0838746	1.10159e-05	0.0845754	-1.77341e-05	0.0838746	1.10159e-05	0.0845754	-1.77341e-05	
7.48	0.0837336	1.0865e-05	0.0844309	-1.74011e-05	0.0837336	1.0865e-05	0.0844309	-1.74011e-05	
7.5	0.0835931	1.07159e-05	0.0842869	-1.70811e-05	0.0835931	1.07159e-05	0.0842869	-1.70811e-05	
7.52	0.083453	1.05688e-05	0.0841434	-1.67737e-05	0.083453	1.05688e-05	0.0841434	-1.67737e-05	
7.54	0.0833134	1.04236e-05	0.0840004	-1.64786e-05	0.0833134	1.04236e-05	0.0840004	-1.64786e-05	
7.56	0.0831743	1.02802e-05	0.0838578	-1.61955e-05	0.0831743	1.02802e-05	0.0838578	-1.61955e-05	
7.58	0.0830356	1.01388e-05	0.0837158	-1.59242e-05	0.0830356	1.01388e-05	0.0837158	-1.59242e-05	
7.6	0.0828974	9.99923e-06	0.0835742	-1.56643e-05	0.0828974	9.99923e-06	0.0835742	-1.56643e-05	
7.62	0.0827597	9.8615e-06	0.0834331	-1.54155e-05	0.0827597	9.8615e-06	0.0834331	-1.54155e-05	
7.64	0.0826224	9.72559e-06	0.0832925	-1.51776e-05	0.0826224	9.72559e-06	0.0832925	-1.51776e-05	
7.66	0.0824856	9.59149e-06	0.0831524	-1.49502e-05	0.0824856	9.59149e-06	0.0831524	-1.49502e-05	
7.68	0.0823492	9.45918e-06	0.0830127	-1.47331e-05	0.0823492	9.45918e-06	0.0830127	-1.47331e-05	
7.7	0.0822133	9.32865e-06	0.0828736	-1.45259e-05	0.0822133	9.32865e-06	0.0828736	-1.45259e-05	
7.72	0.0820778	9.19987e-06	0.0827348	-1.43284e-05	0.0820778	9.19987e-06	0.0827348	-1.43284e-05	
7.74	0.0819428	9.07282e-06	0.0825966	-1.41403e-05	0.0819428	9.07282e-06	0.0825966	-1.41403e-05	
7.76	0.0818082	8.94749e-06	0.0824588	-1.39614e-05	0.0818082	8.94749e-06	0.0824588	-1.39614e-05	
7.78	0.0816741	8.82387e-06	0.0823215	-1.37913e-05	0.0816741	8.82387e-06	0.0823215	-1.37913e-05	
7.8	0.0815404	8.70192e-06	0.0821846	-1.36298e-05	0.0815404	8.70192e-06	0.0821846	-1.36298e-05	
7.82	0.0814071	8.58163e-06	0.0820482	-1.34767e-05	0.0814071	8.58163e-06	0.0820482	-1.34767e-05	
7.84	0.0812743	8.46299e-06	0.0819122	-1.33316e-05	0.0812743	8.46299e-06	0.0819122	-1.33316e-05	
7.86	0.0811419	8.34597e-06	0.0817767	-1.31942e-05	0.0811419	8.34597e-06	0.0817767	-1.31942e-05	
7.88	0.08101	8.23056e-06	0.0816417	-1.30645e-05	0.08101	8.23056e-06	0.0816417	-1.30645e-05	
7.9	0.0808785	8.11673e-06	0.0815071	-1.2942e-05	0.0808785	8.11673e-06	0.0815071	-1.2942e-05	
7.92	0.0807474	8.00448e-06	0.0813729	-1.28265e-05	0.0807474	8.00448e-06	0.0813729	-1.28265e-05	
7.94	0.0806167	7.89377e-06	0.0812392	-1.27179e-05	0.0806167	7.89377e-06	0.0812392	-1.27179e-05	
7.96	0.0804864	7.7846e-06	0.0811059	-1.26158e-05	0.0804864	7.7846e-06	0.0811059	-1.26158e-05	
7.98	0.0803566	7.67694e-06	0.0809731	-1.252e-05	0.0803566	7.67694e-06	0.0809731	-1.252e-05	
8	0.0802272	7.57077e-06	0.0808407	-1.24304e-05	0.0802272	7.57077e-06	0.0808407	-1.24304e-05	
8.02	0.0800982	7.46609e-06	0.0807087	-1.23465e-05	0.0800982	7.46609e-06	0.0807087	-1.23465e-05	
8.04	0.0799697	7.36286e-06	0.0805771	-1.22684e-05	0.0799697	7.36286e-06	0.0805771	-1.22684e-05	
8.06	0.0798415	7.26107e-06	0.080446	-1.21956e-05	0.0798415	7.26107e-06	0.080446	-1.21956e-05	
8.08	0.0797138	7.1607e-06	0.0803153	-1.2128e-05	0.0797138	7.1607e-06	0.0803153	-1.2128e-05	
8.1	0.0795864	7.06174e-06	0.0801851	-1.20655e-05	0.0795864	7.06174e-06	0.0801851	-1.20655e-05	
8.12	0.0794595	6.96417e-06	0.0800552	-1.20077e-05	0.0794595	6.96417e-06	0.0800552	-1.20077e-05	
8.14	0.079333	6.86796e-06	0.0799258	-1.19545e-05	0.079333	6.86796e-06	0.0799258	-1.19545e-05	
8.16	0.0792068	6.77311e-06	0.0797968	-1.19057e-05	0.0792068	6.77311e-06	0.0797968	-1.19057e-05	
8.18	0.0790811	6.67959e-06	0.0796682	-1.18611e-05	0.0790811	6.67959e-06	0.0796682	-1.18611e-05	
8.2	0.0789558	6.58739e-06	0.0795401	-1.18205e-05	0.0789558	6.58739e-06	0.0795401	-1.18205e-05	
8.22	0.0788309	6.49649e-06	0.0794123	-1.17837e-05	0.0788309	6.49649e-06	0.0794123	-1.17837e-05	
8.24	0.0787064	6.40687e-06	0.079285	-1.17505e-05	0.0787064	6.40687e-06	0.079285	-1.17505e-05	
8.26	0.0785822	6.31851e-06	0.079158	-1.17208e-05	0.0785822	6.31851e-06	0.079158	-1.17208e-05	
8.28	0.0784585	6.23141e-06	0.0790315	-1.16944e-05	0.0784585	6.23141e-06	0.0790315	-1.16944e-05	
8.3	0.0783351	6.14553e-06	0.0789054	-1.16711e-05	0.0783351	6.14553e-06	0.0789054	-1.16711e-05	
8.32	0.0782122	6.06088e-06	0.0787796	-1.16508e-05	0.0782122	6.06088e-06	0.0787796	-1.16508e-05	
8.34	0.0780896	5.97742e-06	0.0786543	-1.16333e-05	0.0780896	5.97742e-06	0.0786543	-1.16333e-05	
8.36	0.0779674	5.89514e-06	0.0785294	-1.16185e-05	0.0779674	5.89514e-06	0.0785294	-1.16185e-05	
8.38	0.0778456	5.81403e-06	0.0784049	-1.16061e-05	0.0778456	5.81403e-06	0.0784049	-1.16061e-05	
8.4	0.0777242	5.73408e-06	0.0782807	-1.15962e-05	0.0777242	5.73408e-06	0.0782807	-1.15962e-05	
8.42	0.0776032	5.65526e-06	0.078157	-1.15884e-05	0.0776032	5.65526e-06	0.078157	-1.15884e-05	
8.44	0.0774825	5.57755e-06	0.0780337	-1.15827e-05	0.0774825	5.57755e-06	0.0780337	-1.15827e-05	
8.46	0.0773622	5.50096e-06	0.0779107	-1.1579e-05	0.0773622	5.50096e-06	0.0779107	-1.1579e-05	
8.48	0.0772423	5.42545e-06	0.0777881	-1.1577e-05	0.0772423	5.42545e-06	0.0777881	-1.1577e-05	
8.5	0.0771228	5.35101e-06	0.077666	-1.15768e-05	0.0771228	5.35101e-06	0.077666	-1.15768e-05	
8.52	0.0770036	5.27764e-06	0.0775442	-1.15782e-05	0.0770036	5.27764e-06	0.0775442	-1.15782e-05	
8.54	0.0768848	5.20531e-06	0.0774227	-1.1581e-05	0.0768848	5.20531e-06	0.0774227	-1.1581e-05	
8.56	0.0767663	5.13401e-06	0.0773017	-1.15851e-05	0.0767663	5.13401e-06	0.0773017	-1.15851e-05	
8.58	0.0766483	5.06372e-06	0.077181	-1.15905e-05	0.0766483	5.06372e-06	0.077181	-1.15905e-05	
8.6	0.0765306	4.99444e-06	0.0770608	-1.15971e-05	0.0765306	4.99444e-06	0.0770608	-1.15971e-05	
8.62	0.0764132	4.92614e-06	0.0769409	-1.16046e-05	0.0764132	4.92614e-06	0.0769409	-1.16046e-05	
8.64	0.0762963	4.85882e-06	0.0768213	-1.16131e-05	0.0762963	4.85882e-06	0.0768213	-1.16131e-05	
8.66	0.0761796	4.79245e-06	0.0767022	-1.16225e-05	0.0761796	4.79245e-06	0.0767022	-1.16225e-05	
8.68	0.0760634	4.72703e-06	0.0765834	-1.16326e-05	0.0760634	4.72703e-06	0.0765834	-1.16326e-05	
8.7	0.0759475	4.66255e-06	0.076465	-1.16433e-05	0.0759475	4.66255e-06	0.076465	-1.16433e-05	
8.72	0.0758319	4.59898e-06	0.0763469	-1.16546e-05	0.0758319	4.59898e-06	0.0763469	-1.16546e-05	
8.74	0.0757167	4.53632e-06	0.0762292	-1.16665e-05	0.0757167	4.53632e-06	0.0762292	-1.16665e-05	
8.76	0.0756018	4.47455e-06	0.0761119	-1.16787e-05	0.0756018	4.47455e-06	0.0761119	-1.16787e-05	
8.78	0.0754873	4.41366e-06	0.0759949	-1.16913e-05	0.0754873	4.41366e-06	0.0759949	-1.16913e-05	
8.8	0.0753732	4.35364e-06	0.0758783	-1.17042e-05	0.0753732	4.35364e-06	0.0758783	-1.17042e-05	
8.82	0.0752594	4.29448e-06	0.0757621	-1.17173e-05	0.0752594	4.29448e-06	0.0757621	-1.17173e-05	
8.84	0.0751459	4.23615e-06	0.0756462	-1.17305e-05	0.0751459	4.23615e-06	0.0756462	-1.17305e-05	
8.86	0.0750328	4.17866e-06	0.0755307	-1.17438e-05	0.0750328	4.17866e-06	0.0755307	-1.17438e-05	
8.88	0.07492	4.12199e-06	0.0754155	-1.17572e-05	0.07492	4.12199e-06	0.0754155	-1.17572e-05	
8.9	0.0748076	4.06612e-06	0.0753007	-1.17705e-05	0.0748076	4.06612e-06	0.0753007	-1.17705e-05	
8.92	0.0746955	4.01105e-06	0.0751862	-1.17837e-05	0.0746955	4.01105e-06	0.0751862	-1.17837e-05	
8.94	0.0745837	3.95676e-06	0.0750721	-1.17968e-05	0.0745837	3.95676e-06	0.0750721	-1.17968e-05	
8.96	0.0744723	3.90324e-06	0.0749583	-1.18096e-05	0.0744723	3.90324e-06	0.0749583	-1.18096e-05	
8.98	0.0743612	3.85049e-06	0.0748448	-1.18223e-05	0.0743612	3.85049e-06	0.0748448	-1.18223e-05	
9	0.0742504	3.79848e-06	0.0747317	-1.18347e-05	0.0742504	3.79848e-06	0.0747317	-1.18347e-05	
9.02	0.07414	3.74722e-06	0.074619	-1.18468e-05	0.07414	3.74722e-06	0.074619	-1.18468e-05	
9.04	0.0740299	3.69668e-06	0.0745066	-1.18585e-05	0.0740299	3.69668e-06	0.0745066	-1.18585e-05	
9.06	0.0739201	3.64686e-06	0.0743945	-1.18698e-05	0.0739201	3.64686e-06	0.0743945	-1.18698e-05	
9.08	0.0738106	3.59775e-06	0.0742828	-1.18807e-05	0.0738106	3.59775e-06	0.0742828	-1.18807e-05	
9.1	0.0737015	3.54933e-06	0.0741714	-1.18911e-05	0.0737015	3.54933e-06	0.0741714	-1.18911e-05	
9.12	0.0735927	3.5016e-06	0.0740604	-1.1901e-05	0.0735927	3.5016e-06	0.0740604	-1.1901e-05	
9.14	0.0734842	3.45455e-06	0.0739496	-1.19104e-05	0.0734842	3.45455e-06	0.0739496	-1.19104e-05	
9.16	0.0733761	3.40817e-06	0.0738392	-1.19193e-05	0.0733761	3.40817e-06	0.0738392	-1.19193e-05	
9.18	0.0732682	3.36244e-06	0.0737292	-1.19276e-05	0.0732682	3.36244e-06	0.0737292	-1.19276e-05	
9.2	0.0731607	3.31736e-06	0.0736195	-1.19353e-05	0.0731607	3.31736e-06	0.0736195	-1.19353e-05	
9.22	0.0730535	3.27291e-06	0.0735101	-1.19423e-05	0.0730535	3.27291e-06	0.0735101	-1.19423e-05	
9.24	0.0729466	3.2291e-06	0.073401	-1.19488e-05	0.0729466	3.2291e-06	0.073401	-1.19488e-05	
9.26	0.07284	3.1859e-06	0.0732922	-1.19546e-05	0.07284	3.1859e-06	0.0732922	-1.19546e-05	
9.28	0.0727338	3.14332e-06	0.0731838	-1.19597e-05	0.0727338	3.14332e-06	0.0731838	-1.19597e-05	
9.3	0.0726278	3.10133e-06	0.0730757	-1.19641e-05	0.0726278	3.10133e-06	0.0730757	-1.19641e-05	
9.32	0.0725222	3.05994e-06	0.0729679	-1.19678e-05	0.0725222	3.05994e-06	0.0729679	-1.19678e-05	
9.34	0.0724168	3.01913e-06	0.0728605	-1.19708e-05	0.0724168	3.01913e-06	0.0728605	-1.19708e-05	
9.36	0.0723118	2.9789e-06	0.0727533	-1.19731e-05	0.0723118	2.9789e-06	0.0727533	-1.19731e-05	
9.38	0.0722071	2.93924e-06	0.0726465	-1.19746e-05	0.0722071	2.93924e-06	0.0726465	-1.19746e-05	
9.4	0.0721027	2.90013e-06	0.07254	-1.19754e-05	0.0721027	2.90013e-06	0.07254	-1.19754e-05	
9.42	0.0719985	2.86157e-06	0.0724338	-1.19754e-05	0.0719985	2.86157e-06	0.0724338	-1.19754e-05	
9.44	0.0718947	2.82355e-06	0.0723279	-1.19747e-05	0.0718947	2.82355e-06	0.0723279	-1.19747e-05	
9.46	0.0717912	2.78607e-06	0.0722223	-1.19731e-05	0.0717912	2.78607e-06	0.0722223	-1.19731e-05	
9.48	0.071688	2.74912e-06	0.0721171	-1.19709e-05	0.071688	2.74912e-06	0.0721171	-1.19709e-05	
9.5	0.0715851	2.71268e-06	0.0720121	-1.19678e-05	0.0715851	2.71268e-06	0.0720121	-1.19678e-05	
9.52	0.0714824	2.67676e-06	0.0719075	-1.1964e-05	0.0714824	2.67676e-06	0.0719075	-1.1964e-05	
9.54	0.0713801	2.64133e-06	0.0718031	-1.19593e-05	0.0713801	2.64133e-06	0.0718031	-1.19593e-05	
9.56	0.0712781	2.60641e-06	0.0716991	-1.19539e-05	0.0712781	2.60641e-06	0.0716991	-1.19539e-05	
9.58	0.0711763	2.57197e-06	0.0715953	-1.19478e-05	0.0711763	2.57197e-06	0.0715953	-1.19478e-05	
9.6	0.0710749	2.53801e-06	0.0714919	-1.19408e-05	0.0710749	2.53801e-06	0.0714919	-1.19408e-05	
9.62	0.0709737	2.50453e-06	0.0713888	-1.1933e-05	0.0709737	2.50453e-06	0.0713888	-1.1933e-05	
9.64	0.0708728	2.47151e-06	0.0712859	-1.19245e-05	0.0708728	2.47151e-06	0.0712859	-1.19245e-05	
9.66	0.0707722	2.43896e-06	0.0711834	-1.19152e-05	0.0707722	2.43896e-06	0.0711834	-1.19152e-05	
9.68	0.0706719	2.40686e-06	0.0710812	-1.19051e-05	0.0706719	2.40686e-06	0.0710812	-1.19051e-05	
9.7	0.0705719	2.37521e-06	0.0709792	-1.18942e-05	0.0705719	2.37521e-06	0.0709792	-1.18942e-05	
9.72	0.0704722	2.34399e-06	0.0708776	-1.18826e-05	0.0704722	2.34399e-06	0.0708776	-1.18826e-05	
9.74	0.0703727	2.31322e-06	0.0707762	-1.18702e-05	0.0703727	2.31322e-06	0.0707762	-1.18702e-05	
9.76	0.0702736	2.28286e-06	0.0706752	-1.18571e-05	0.0702736	2.28286e-06	0.0706752	-1.18571e-05	
9.78	0.0701747	2.25293e-06	0.0705744	-1.18432e-05	0.0701747	2.25293e-06	0.0705744	-1.18432e-05	
9.8	0.0700761	2.22342e-06	0.0704739	-1.18285e-05	0.0700761	2.22342e-06	0.0704739	-1.18285e-05	
9.82	0.0699777	2.19432e-06	0.0703737	-1.18132e-05	0.0699777	2.19432e-06	0.0703737	-1.18132e-05	
9.84	0.0698797	2.16561e-06	0.0702738	-1.1797e-05	0.0698797	2.16561e-06	0.0702738	-1.1797e-05	
9.86	0.0697819	2.13731e-06	0.0701742	-1.17802e-05	0.0697819	2.13731e-06	0.0701742	-1.17802e-05	
9.88	0.0696844	2.10939e-06	0.0700748	-1.17626e-05	0.0696844	2.10939e-06	0.0700748	-1.17626e-05	
9.9	0.0695871	2.08187e-06	0.0699758	-1.17444e-05	0.0695871	2.08187e-06	0.0699758	-1.17444e-05	
9.92	0.0694902	2.05472e-06	0.069877	-1.17254e-05	0.0694902	2.05472e-06	0.069877	-1.17254e-05	
9.94	0.0693935	2.02795e-06	0.0697785	-1.17058e-05	0.0693935	2.02795e-06	0.0697785	-1.17058e-05	
9.96	0.0692971	2.00154e-06	0.0696803	-1.16854e-05	0.0692971	2.00154e-06	0.0696803	-1.16854e-05	
9.98	0.0692009	1.9755e-06	0.0695824	-1.16644e-05	0.0692009	1.9755e-06	0.0695824	-1.16644e-05	
