-10	-0.100251	-2.44888e-13	-0.101019	-5.23064e-12	-0.100251	-2.44888e-13	-0.101019	-5.23064e-12	
-9.98	-0.100453	-2.50476e-13	-0.101226	-5.35602e-12	-0.100453	-2.50476e-13	-0.101226	-5.35602e-12	
-9.96	-0.100656	-2.56144e-13	-0.101433	-5.48335e-12	-0.100656	-2.56144e-13	-0.101433	-5.48335e-12	
-9.94	-0.100859	-2.61895e-13	-0.101642	-5.61265e-12	-0.100859	-2.61895e-13	-0.101642	-5.61265e-12	
-9.92	-0.101064	-2.6773e-13	-0.101851	-5.74393e-12	-0.101064	-2.6773e-13	-0.101851	-5.74393e-12	
-9.9	-0.101269	-2.73656e-13	-0.102061	-5.8772e-12	-0.101269	-2.73656e-13	-0.102061	-5.8772e-12	
-9.88	-0.101475	-2.79669e-13	-0.102272	-6.01254e-12	-0.101475	-2.79669e-13	-0.102272	-6.01254e-12	
-9.86	-0.101682	-2.85764e-13	-0.102484	-6.14984e-12	-0.101682	-2.85764e-13	-0.102484	-6.14984e-12	
-9.84	-0.101889	-2.91945e-13	-0.102697	-6.28921e-12	-0.101889	-2.91945e-13	-0.102697	-6.28921e-12	
-9.82	-0.102098	-2.9822e-13	-0.10291	-6.43065e-12	-0.102098	-2.9822e-13	-0.10291	-6.43065e-12	
-9.8	-0.102307	-3.04597e-13	-0.103125	-6.57414e-12	-0.102307	-3.04597e-13	-0.103125	-6.57414e-12	
-9.78	-0.102518	-3.11057e-13	-0.10334	-6.71975e-12	-0.102518	-3.11057e-13	-0.10334	-6.71975e-12	
-9.76	-0.102729	-3.17603e-13	-0.103557	-6.86745e-12	-0.102729	-3.17603e-13	-0.103557	-6.86745e-12	
-9.74	-0.102941	-3.24252e-13	-0.103774	-7.01725e-12	-0.102941	-3.24252e-13	-0.103774	-7.01725e-12	
-9.72	-0.103154	-3.30996e-13	-0.103992	-7.16918e-12	-0.103154	-3.30996e-13	-0.103992	-7.16918e-12	
-9.7	-0.103368	-3.37832e-13	-0.104211	-7.32327e-12	-0.103368	-3.37832e-13	-0.104211	-7.32327e-12	
-9.68	-0.103583	-3.44775e-13	-0.104431	-7.47944e-12	-0.103583	-3.44775e-13	-0.104431	-7.47944e-12	
-9.66	-0.103798	-3.51803e-13	-0.104652	-7.63783e-12	-0.103798	-3.51803e-13	-0.104652	-7.63783e-12	
-9.64	-0.104015	-3.58939e-13	-0.104874	-7.79835e-12	-0.104015	-3.58939e-13	-0.104874	-7.79835e-12	
-9.62	-0.104232	-3.66171e-13	-0.105097	-7.96106e-12	-0.104232	-3.66171e-13	-0.105097	-7.96106e-12	
-9.6	-0.10445	-3.73507e-13	-0.105321	-8.12595e-12	-0.10445	-3.73507e-13	-0.105321	-8.12595e-12	
-9.58	-0.10467	-3.80941e-13	-0.105546	-8.29301e-12	-0.10467	-3.80941e-13	-0.105546	-8.29301e-12	
-9.56	-0.10489	-3.88485e-13	-0.105771	-8.46228e-12	-0.10489	-3.88485e-13	-0.105771	-8.46228e-12	
-9.54	-0.105111	-3.96133e-13	-0.105998	-8.63372e-12	-0.105111	-3.96133e-13	-0.105998	-8.63372e-12	
-9.52	-0.105333	-4.03885e-13	-0.106226	-8.80739e-12	-0.105333	-4.03885e-13	-0.106226	-8.80739e-12	
-9.5	-0.105556	-4.11742e-13	-0.106455	-8.98323e-12	-0.105556	-4.11742e-13	-0.106455	-8.98323e-12	
-9.48	-0.10578	-4.19714e-13	-0.106684	-9.16126e-12	-0.10578	-4.19714e-13	-0.106684	-9.16126e-12	
-9.46	-0.106005	-4.27792e-13	-0.106915	-9.34152e-12	-0.106005	-4.27792e-13	-0.106915	-9.34152e-12	
-9.44	-0.106231	-4.35976e-13	-0.107147	-9.52397e-12	-0.106231	-4.35976e-13	-0.107147	-9.52397e-12	
-9.42	-0.106458	-4.44276e-13	-0.10738	-9.70859e-12	-0.106458	-4.44276e-13	-0.10738	-9.70859e-12	
-9.4	-0.106685	-4.52682e-13	-0.107614	-9.89543e-12	-0.106685	-4.52682e-13	-0.107614	-9.89543e-12	
-9.38	-0.106914	-4.61208e-13	-0.107848	-1.00844e-11	-0.106914	-4.61208e-13	-0.107848	-1.00844e-11	
-9.36	-0.107144	-4.69847e-13	-0.108084	-1.02756e-11	-0.107144	-4.69847e-13	-0.108084	-1.02756e-11	
-9.34	-0.107375	-4.786e-13	-0.108321	-1.04689e-11	-0.107375	-4.786e-13	-0.108321	-1.04689e-11	
-9.32	-0.107606	-4.87474e-13	-0.108559	-1.06644e-11	-0.107606	-4.87474e-13	-0.108559	-1.06644e-11	
-9.3	-0.107839	-4.96455e-13	-0.108798	-1.0862e-11	-0.107839	-4.96455e-13	-0.108798	-1.0862e-11	
-9.28	-0.108073	-5.05565e-13	-0.109038	-1.10618e-11	-0.108073	-5.05565e-13	-0.109038	-1.10618e-11	
-9.26	-0.108308	-5.14789e-13	-0.10928	-1.12636e-11	-0.108308	-5.14789e-13	-0.10928	-1.12636e-11	
-9.24	-0.108543	-5.24138e-13	-0.109522	-1.14675e-11	-0.108543	-5.24138e-13	-0.109522	-1.14675e-11	
-9.22	-0.10878	-5.33609e-13	-0.109765	-1.16735e-11	-0.10878	-5.33609e-13	-0.109765	-1.16735e-11	
-9.2	-0.109018	-5.43199e-13	-0.11001	-1.18815e-11	-0.109018	-5.43199e-13	-0.11001	-1.18815e-11	
-9.18	-0.109257	-5.5292e-13	-0.110255	-1.20916e-11	-0.109257	-5.5292e-13	-0.110255	-1.20916e-11	
-9.16	-0.109497	-5.62758e-13	-0.110502	-1.23035e-11	-0.109497	-5.62758e-13	-0.110502	-1.23035e-11	
-9.14	-0.109738	-5.72728e-13	-0.11075	-1.25175e-11	-0.109738	-5.72728e-13	-0.11075	-1.25175e-11	
-9.12	-0.10998	-5.8282e-13	-0.110999	-1.27333e-11	-0.10998	-5.8282e-13	-0.110999	-1.27333e-11	
-9.1	-0.110223	-5.93048e-13	-0.111249	-1.2951e-11	-0.110223	-5.93048e-13	-0.111249	-1.2951e-11	
-9.08	-0.110468	-6.03392e-13	-0.1115	-1.31705e-11	-0.110468	-6.03392e-13	-0.1115	-1.31705e-11	
-9.06	-0.110713	-6.13869e-13	-0.111752	-1.33919e-11	-0.110713	-6.13869e-13	-0.111752	-1.33919e-11	
-9.04	-0.11096	-6.24478e-13	-0.112006	-1.36149e-11	-0.11096	-6.24478e-13	-0.112006	-1.36149e-11	
-9.02	-0.111207	-6.35227e-13	-0.11226	-1.38396e-11	-0.111207	-6.35227e-13	-0.11226	-1.38396e-11	
-9	-0.111456	-6.46097e-13	-0.112516	-1.4066e-11	-0.111456	-6.46097e-13	-0.112516	-1.4066e-11	
-8.98	-0.111706	-6.57106e-13	-0.112773	-1.42939e-11	-0.111706	-6.57106e-13	-0.112773	-1.42939e-11	
-8.96	-0.111956	-6.68242e-13	-0.113031	-1.45233e-11	-0.111956	-6.68242e-13	-0.113031	-1.45233e-11	
-8.94	-0.112208	-6.79521e-13	-0.113291	-1.47542e-11	-0.112208	-6.79521e-13	-0.113291	-1.47542e-11	
-8.92	-0.112462	-6.90936e-13	-0.113552	-1.49864e-11	-0.112462	-6.90936e-13	-0.113552	-1.49864e-11	
-8.9	-0.112716	-7.02486e-13	-0.113813	-1.52199e-11	-0.112716	-7.02486e-13	-0.113813	-1.52199e-11	
-8.88	-0.112971	-7.14167e-13	-0.114076	-1.54547e-11	-0.112971	-7.14167e-13	-0.114076	-1.54547e-11	
-8.86	-0.113228	-7.25989e-13	-0.114341	-1.56905e-11	-0.113228	-7.25989e-13	-0.114341	-1.56905e-11	
-8.84	-0.113486	-7.37954e-13	-0.114606	-1.59273e-11	-0.113486	-7.37954e-13	-0.114606	-1.59273e-11	
-8.82	-0.113745	-7.50052e-13	-0.114873	-1.61651e-11	-0.113745	-7.50052e-13	-0.114873	-1.61651e-11	
-8.8	-0.114005	-7.62285e-13	-0.115141	-1.64038e-11	-0.114005	-7.62285e-13	-0.115141	-1.64038e-11	
-8.78	-0.114267	-7.74665e-13	-0.115411	-1.66431e-11	-0.114267	-7.74665e-13	-0.115411	-1.66431e-11	
-8.76	-0.114529	-7.87178e-13	-0.115681	-1.68831e-11	-0.114529	-7.87178e-13	-0.115681	-1.68831e-11	
-8.74	-0.114793	-7.99842e-13	-0.115953	-1.71235e-11	-0.114793	-7.99842e-13	-0.115953	-1.71235e-11	
-8.72	-0.115058	-8.1265e-13	-0.116226	-1.73643e-11	-0.115058	-8.1265e-13	-0.116226	-1.73643e-11	
-8.7	-0.115324	-8.2558e-13	-0.116501	-1.76053e-11	-0.115324	-8.2558e-13	-0.116501	-1.76053e-11	
-8.68	-0.115592	-8.38675e-13	-0.116777	-1.78464e-11	-0.115592	-8.38675e-13	-0.116777	-1.78464e-11	
-8.66	-0.11586	-8.519e-13	-0.117054	-1.80875e-11	-0.11586	-8.519e-13	-0.117054	-1.80875e-11	
-8.64	-0.11613	-8.6526e-13	-0.117332	-1.83284e-11	-0.11613	-8.6526e-13	-0.117332	-1.83284e-11	
-8.62	-0.116402	-8.78777e-13	-0.117612	-1.85688e-11	-0.116402	-8.78777e-13	-0.117612	-1.85688e-11	
-8.6	-0.116674	-8.92431e-13	-0.117893	-1.88088e-11	-0.116674	-8.92431e-13	-0.117893	-1.88088e-11	
-8.58	-0.116948	-9.06225e-13	-0.118176	-1.90479e-11	-0.116948	-9.06225e-13	-0.118176	-1.90479e-11	
-8.56	-0.117223	-9.20158e-13	-0.11846	-1.92862e-11	-0.117223	-9.20158e-13	-0.11846	-1.92862e-11	
-8.54	-0.1175	-9.34248e-13	-0.118745	-1.95234e-11	-0.1175	-9.34248e-13	-0.118745	-1.95234e-11	
-8.52	-0.117777	-9.48465e-13	-0.119032	-1.97593e-11	-0.117777	-9.48465e-13	-0.119032	-1.97593e-11	
-8.5	-0.118056	-9.62837e-13	-0.11932	-1.99937e-11	-0.118056	-9.62837e-13	-0.11932	-1.99937e-11	
-8.48	-0.118337	-9.77334e-13	-0.11961	-2.02262e-11	-0.118337	-9.77334e-13	-0.11961	-2.02262e-11	
-8.46	-0.118619	-9.91976e-13	-0.119901	-2.04568e-11	-0.118619	-9.91976e-13	-0.119901	-2.04568e-11	
-8.44	-0.118902	-1.00677e-12	-0.120193	-2.06853e-11	-0.118902	-1.00677e-12	-0.120193	-2.06853e-11	
-8.42	-0.119186	-1.02169e-12	-0.120487	-2.09111e-11	-0.119186	-1.02169e-12	-0.120487	-2.09111e-11	
-8.4	-0.119472	-1.03676e-12	-0.120782	-2.11342e-11	-0.119472	-1.03676e-12	-0.120782	-2.11342e-11	
-8.38	-0.119759	-1.05196e-12	-0.121079	-2.13543e-11	-0.119759	-1.05196e-12	-0.121079	-2.13543e-11	
-8.36	-0.120048	-1.06729e-12	-0.121378	-2.15711e-11	-0.120048	-1.06729e-12	-0.121378	-2.15711e-11	
-8.34	-0.120338	-1.08277e-12	-0.121677	-2.17841e-11	-0.120338	-1.08277e-12	-0.121677	-2.17841e-11	
-8.32	-0.120629	-1.09839e-12	-0.121979	-2.19933e-11	-0.120629	-1.09839e-12	-0.121979	-2.19933e-11	
-8.3	-0.120922	-1.11413e-12	-0.122281	-2.21981e-11	-0.120922	-1.11413e-12	-0.122281	-2.21981e-11	
-8.28	-0.121216	-1.13e-12	-0.122586	-2.23983e-11	-0.121216	-1.13e-12	-0.122586	-2.23983e-11	
-8.26	-0.121512	-1.146e-12	-0.122892	-2.25935e-11	-0.121512	-1.146e-12	-0.122892	-2.25935e-11	
-8.24	-0.121809	-1.16214e-12	-0.123199	-2.27833e-11	-0.121809	-1.16214e-12	-0.123199	-2.27833e-11	
-8.22	-0.122107	-1.17839e-12	-0.123508	-2.29673e-11	-0.122107	-1.17839e-12	-0.123508	-2.29673e-11	
-8.2	-0.122407	-1.19478e-12	-0.123819	-2.31451e-11	-0.122407	-1.19478e-12	-0.123819	-2.31451e-11	
-8.18	-0.122709	-1.21129e-12	-0.124131	-2.33163e-11	-0.122709	-1.21129e-12	-0.124131	-2.33163e-11	
-8.16	-0.123012	-1.22791e-12	-0.124445	-2.34805e-11	-0.123012	-1.22791e-12	-0.124445	-2.34805e-11	
-8.14	-0.123317	-1.24466e-12	-0.12476	-2.36371e-11	-0.123317	-1.24466e-12	-0.12476	-2.36371e-11	
-8.12	-0.123623	-1.26152e-12	-0.125077	-2.37857e-11	-0.123623	-1.26152e-12	-0.125077	-2.37857e-11	
-8.1	-0.12393	-1.2785e-12	-0.125396	-2.39257e-11	-0.12393	-1.2785e-12	-0.125396	-2.39257e-11	
-8.08	-0.124239	-1.29557e-12	-0.125716	-2.40568e-11	-0.124239	-1.29557e-12	-0.125716	-2.40568e-11	
-8.06	-0.12455	-1.31276e-12	-0.126038	-2.41783e-11	-0.12455	-1.31276e-12	-0.126038	-2.41783e-11	
-8.04	-0.124862	-1.33005e-12	-0.126362	-2.42896e-11	-0.124862	-1.33005e-12	-0.126362	-2.42896e-11	
-8.02	-0.125176	-1.34743e-12	-0.126687	-2.43902e-11	-0.125176	-1.34743e-12	-0.126687	-2.43902e-11	
-8	-0.125491	-1.36491e-12	-0.127014	-2.44795e-11	-0.125491	-1.36491e-12	-0.127014	-2.44795e-11	
-7.98	-0.125809	-1.38247e-12	-0.127343	-2.45568e-11	-0.125809	-1.38247e-12	-0.127343	-2.45568e-11	
-7.96	-0.126127	-1.40014e-12	-0.127674	-2.46215e-11	-0.126127	-1.40014e-12	-0.127674	-2.46215e-11	
-7.94	-0.126447	-1.41787e-12	-0.128006	-2.46729e-11	-0.126447	-1.41787e-12	-0.128006	-2.46729e-11	
-7.92	-0.126769	-1.43568e-12	-0.12834	-2.47102e-11	-0.126769	-1.43568e-12	-0.12834	-2.47102e-11	
-7.9	-0.127093	-1.45357e-12	-0.128676	-2.47328e-11	-0.127093	-1.45357e-12	-0.128676	-2.47328e-11	
-7.88	-0.127418	-1.47152e-12	-0.129013	-2.47399e-11	-0.127418	-1.47152e-12	-0.129013	-2.47399e-11	
-7.86	-0.127745	-1.48952e-12	-0.129353	-2.47307e-11	-0.127745	-1.48952e-12	-0.129353	-2.47307e-11	
-7.84	-0.128073	-1.50759e-12	-0.129694	-2.47043e-11	-0.128073	-1.50759e-12	-0.129694	-2.47043e-11	
-7.82	-0.128404	-1.5257e-12	-0.130037	-2.466e-11	-0.128404	-1.5257e-12	-0.130037	-2.466e-11	
-7.8	-0.128736	-1.54385e-12	-0.130382	-2.45968e-11	-0.128736	-1.54385e-12	-0.130382	-2.45968e-11	
-7.78	-0.129069	-1.56203e-12	-0.130729	-2.45138e-11	-0.129069	-1.56203e-12	-0.130729	-2.45138e-11	
-7.76	-0.129405	-1.58025e-12	-0.131078	-2.44101e-11	-0.129405	-1.58025e-12	-0.131078	-2.44101e-11	
-7.74	-0.129742	-1.59847e-12	-0.131428	-2.42846e-11	-0.129742	-1.59847e-12	-0.131428	-2.42846e-11	
-7.72	-0.130081	-1.61671e-12	-0.131781	-2.41365e-11	-0.130081	-1.61671e-12	-0.131781	-2.41365e-11	
-7.7	-0.130422	-1.63495e-12	-0.132135	-2.39645e-11	-0.130422	-1.63495e-12	-0.132135	-2.39645e-11	
-7.68	-0.130764	-1.65318e-12	-0.132491	-2.37677e-11	-0.130764	-1.65318e-12	-0.132491	-2.37677e-11	
-7.66	-0.131109	-1.67141e-12	-0.13285	-2.35448e-11	-0.131109	-1.67141e-12	-0.13285	-2.35448e-11	
-7.64	-0.131455	-1.68959e-12	-0.13321	-2.32947e-11	-0.131455	-1.68959e-12	-0.13321	-2.32947e-11	
-7.62	-0.131803	-1.70774e-12	-0.133572	-2.30163e-11	-0.131803	-1.70774e-12	-0.133572	-2.30163e-11	
-7.6	-0.132153	-1.72584e-12	-0.133937	-2.27082e-11	-0.132153	-1.72584e-12	-0.133937	-2.27082e-11	
-7.58	-0.132504	-1.74388e-12	-0.134303	-2.23691e-11	-0.132504	-1.74388e-12	-0.134303	-2.23691e-11	
-7.56	-0.132858	-1.76184e-12	-0.134671	-2.19978e-11	-0.132858	-1.76184e-12	-0.134671	-2.19978e-11	
-7.54	-0.133214	-1.77974e-12	-0.135042	-2.15928e-11	-0.133214	-1.77974e-12	-0.135042	-2.15928e-11	
-7.52	-0.133571	-1.79751e-12	-0.135414	-2.11526e-11	-0.133571	-1.79751e-12	-0.135414	-2.11526e-11	
-7.5	-0.13393	-1.8152e-12	-0.135789	-2.06758e-11	-0.13393	-1.8152e-12	-0.135789	-2.06758e-11	
-7.48	-0.134292	-1.83275e-12	-0.136166	-2.01609e-11	-0.134292	-1.83275e-12	-0.136166	-2.01609e-11	
-7.46	-0.134655	-1.85017e-12	-0.136545	-1.96063e-11	-0.134655	-1.85017e-12	-0.136545	-1.96063e-11	
-7.44	-0.13502	-1.86742e-12	-0.136926	-1.90103e-11	-0.13502	-1.86742e-12	-0.136926	-1.90103e-11	
-7.42	-0.135388	-1.88452e-12	-0.137309	-1.83713e-11	-0.135388	-1.88452e-12	-0.137309	-1.83713e-11	
-7.4	-0.135757	-1.90142e-12	-0.137694	-1.76875e-11	-0.135757	-1.90142e-12	-0.137694	-1.76875e-11	
-7.38	-0.136128	-1.91812e-12	-0.138082	-1.69571e-11	-0.136128	-1.91812e-12	-0.138082	-1.69571e-11	
-7.36	-0.136502	-1.93461e-12	-0.138472	-1.61782e-11	-0.136502	-1.93461e-12	-0.138472	-1.61782e-11	
-7.34	-0.136877	-1.95084e-12	-0.138864	-1.5349e-11	-0.136877	-1.95084e-12	-0.138864	-1.5349e-11	
-7.32	-0.137255	-1.9668e-12	-0.139258	-1.44674e-11	-0.137255	-1.9668e-12	-0.139258	-1.44674e-11	
-7.3	-0.137634	-1.98249e-12	-0.139655	-1.35315e-11	-0.137634	-1.98249e-12	-0.139655	-1.35315e-11	
-7.28	-0.138016	-1.99788e-12	-0.140054	-1.2539e-11	-0.138016	-1.99788e-12	-0.140054	-1.2539e-11	
-7.26	-0.1384	-2.01293e-12	-0.140455	-1.14879e-11	-0.1384	-2.01293e-12	-0.140455	-1.14879e-11	
-7.24	-0.138786	-2.02765e-12	-0.140859	-1.03759e-11	-0.138786	-2.02765e-12	-0.140859	-1.03759e-11	
-7.22	-0.139174	-2.04199e-12	-0.141265	-9.20075e-12	-0.139174	-2.04199e-12	-0.141265	-9.20075e-12	
-7.2	-0.139564	-2.05593e-12	-0.141674	-7.96003e-12	-0.139564	-2.05593e-12	-0.141674	-7.96003e-12	
-7.18	-0.139957	-2.06944e-12	-0.142084	-6.65135e-12	-0.139957	-2.06944e-12	-0.142084	-6.65135e-12	
-7.16	-0.140352	-2.08251e-12	-0.142498	-5.27215e-12	-0.140352	-2.08251e-12	-0.142498	-5.27215e-12	
-7.14	-0.140749	-2.09508e-12	-0.142913	-3.81989e-12	-0.140749	-2.09508e-12	-0.142913	-3.81989e-12	
-7.12	-0.141148	-2.10716e-12	-0.143332	-2.29191e-12	-0.141148	-2.10716e-12	-0.143332	-2.29191e-12	
-7.1	-0.14155	-2.11868e-12	-0.143752	-6.85498e-13	-0.14155	-2.11868e-12	-0.143752	-6.85498e-13	
-7.08	-0.141954	-2.12964e-12	-0.144176	1.00217e-12	-0.141954	-2.12964e-12	-0.144176	1.00217e-12	
-7.06	-0.14236	-2.14e-12	-0.144601	2.77394e-12	-0.14236	-2.14e-12	-0.144601	2.77394e-12	
-7.04	-0.142768	-2.1497e-12	-0.14503	4.63283e-12	-0.142768	-2.1497e-12	-0.14503	4.63283e-12	
-7.02	-0.143179	-2.15875e-12	-0.145461	6.58179e-12	-0.143179	-2.15875e-12	-0.145461	6.58179e-12	
-7	-0.143593	-2.16706e-12	-0.145895	8.62398e-12	-0.143593	-2.16706e-12	-0.145895	8.62398e-12	
-6.98	-0.144008	-2.17464e-12	-0.146331	1.07626e-11	-0.144008	-2.17464e-12	-0.146331	1.07626e-11	
-6.96	-0.144426	-2.18143e-12	-0.14677	1.30009e-11	-0.144426	-2.18143e-12	-0.14677	1.30009e-11	
-6.94	-0.144847	-2.18738e-12	-0.147211	1.53422e-11	-0.144847	-2.18738e-12	-0.147211	1.53422e-11	
-6.92	-0.14527	-2.19245e-12	-0.147656	1.779e-11	-0.14527	-2.19245e-12	-0.147656	1.779e-11	
-6.9	-0.145696	-2.19661e-12	-0.148103	2.03478e-11	-0.145696	-2.19661e-12	-0.148103	2.03478e-11	
-6.88	-0.146124	-2.19979e-12	-0.148553	2.30191e-11	-0.146124	-2.19979e-12	-0.148553	2.30191e-11	
-6.86	-0.146554	-2.20197e-12	-0.149006	2.58076e-11	-0.146554	-2.20197e-12	-0.149006	2.58076e-11	
-6.84	-0.146987	-2.20308e-12	-0.149461	2.87172e-11	-0.146987	-2.20308e-12	-0.149461	2.87172e-11	
-6.82	-0.147423	-2.20306e-12	-0.14992	3.17516e-11	-0.147423	-2.20306e-12	-0.14992	3.17516e-11	
-6.8	-0.147862	-2.20189e-12	-0.150381	3.49147e-11	-0.147862	-2.20189e-12	-0.150381	3.49147e-11	
-6.78	-0.148303	-2.19946e-12	-0.150845	3.82105e-11	-0.148303	-2.19946e-12	-0.150845	3.82105e-11	
-6.76	-0.148746	-2.19577e-12	-0.151312	4.16431e-11	-0.148746	-2.19577e-12	-0.151312	4.16431e-11	
-6.74	-0.149193	-2.19074e-12	-0.151782	4.52167e-11	-0.149193	-2.19074e-12	-0.151782	4.52167e-11	
-6.72	-0.149642	-2.18429e-12	-0.152255	4.89354e-11	-0.149642	-2.18429e-12	-0.152255	4.89354e-11	
-6.7	-0.150093	-2.17638e-12	-0.152732	5.28035e-11	-0.150093	-2.17638e-12	-0.152732	5.28035e-11	
-6.68	-0.150548	-2.16692e-12	-0.153211	5.68253e-11	-0.150548	-2.16692e-12	-0.153211	5.68253e-11	
-6.66	-0.151005	-2.15586e-12	-0.153693	6.10053e-11	-0.151005	-2.15586e-12	-0.153693	6.10053e-11	
-6.64	-0.151465	-2.14311e-12	-0.154178	6.5348e-11	-0.151465	-2.14311e-12	-0.154178	6.5348e-11	
-6.62	-0.151928	-2.12861e-12	-0.154667	6.98579e-11	-0.151928	-2.12861e-12	-0.154667	6.98579e-11	
-6.6	-0.152394	-2.11228e-12	-0.155159	7.45394e-11	-0.152394	-2.11228e-12	-0.155159	7.45394e-11	
-6.58	-0.152862	-2.09405e-12	-0.155654	7.93973e-11	-0.152862	-2.09405e-12	-0.155654	7.93973e-11	
-6.56	-0.153334	-2.07381e-12	-0.156152	8.44363e-11	-0.153334	-2.07381e-12	-0.156152	8.44363e-11	
-6.54	-0.153808	-2.05149e-12	-0.156653	8.9661e-11	-0.153808	-2.05149e-12	-0.156653	8.9661e-11	
-6.52	-0.154286	-2.02701e-12	-0.157158	9.50762e-11	-0.154286	-2.02701e-12	-0.157158	9.50762e-11	
-6.5	-0.154766	-2.00026e-12	-0.157666	1.00686e-10	-0.154766	-2.00026e-12	-0.157666	1.00686e-10	
-6.48	-0.15525	-1.97115e-12	-0.158178	1.06497e-10	-0.15525	-1.97115e-12	-0.158178	1.06497e-10	
-6.46	-0.155736	-1.93958e-12	-0.158693	1.12511e-10	-0.155736	-1.93958e-12	-0.158693	1.12511e-10	
-6.44	-0.156226	-1.90547e-12	-0.159211	1.18736e-10	-0.156226	-1.90547e-12	-0.159211	1.18736e-10	
-6.42	-0.156718	-1.86869e-12	-0.159733	1.25174e-10	-0.156718	-1.86869e-12	-0.159733	1.25174e-10	
-6.4	-0.157214	-1.82914e-12	-0.160259	1.31831e-10	-0.157214	-1.82914e-12	-0.160259	1.31831e-10	
-6.38	-0.157713	-1.7867e-12	-0.160787	1.38711e-10	-0.157713	-1.7867e-12	-0.160787	1.38711e-10	
-6.36	-0.158215	-1.74126e-12	-0.16132	1.45819e-10	-0.158215	-1.74126e-12	-0.16132	1.45819e-10	
-6.34	-0.158721	-1.6927e-12	-0.161856	1.5316e-10	-0.158721	-1.6927e-12	-0.161856	1.5316e-10	
-6.32	-0.159229	-1.64089e-12	-0.162396	1.60737e-10	-0.159229	-1.64089e-12	-0.162396	1.60737e-10	
-6.3	-0.159741	-1.5857e-12	-0.16294	1.68555e-10	-0.159741	-1.5857e-12	-0.16294	1.68555e-10	
-6.28	-0.160257	-1.527e-12	-0.163487	1.76619e-10	-0.160257	-1.527e-12	-0.163487	1.76619e-10	
-6.26	-0.160775	-1.46463e-12	-0.164038	1.84931e-10	-0.160775	-1.46463e-12	-0.164038	1.84931e-10	
-6.24	-0.161297	-1.3985e-12	-0.164593	1.93495e-10	-0.161297	-1.3985e-12	-0.164593	1.93495e-10	
-6.22	-0.161823	-1.32842e-12	-0.165152	2.02316e-10	-0.161823	-1.32842e-12	-0.165152	2.02316e-10	
-6.2	-0.162352	-1.25421e-12	-0.165715	2.11396e-10	-0.162352	-1.25421e-12	-0.165715	2.11396e-10	
-6.18	-0.162884	-1.1758e-12	-0.166281	2.20739e-10	-0.162884	-1.1758e-12	-0.166281	2.20739e-10	
-6.16	-0.16342	-1.09295e-12	-0.166852	2.30346e-10	-0.16342	-1.09295e-12	-0.166852	2.30346e-10	
-6.14	-0.16396	-1.0055e-12	-0.167427	2.40221e-10	-0.16396	-1.0055e-12	-0.167427	2.40221e-10	
-6.12	-0.164503	-9.1329e-13	-0.168006	2.50364e-10	-0.164503	-9.1329e-13	-0.168006	2.50364e-10	
-6.1	-0.165049	-8.16158e-13	-0.168589	2.60779e-10	-0.165049	-8.16158e-13	-0.168589	2.60779e-10	
-6.08	-0.1656	-7.13886e-13	-0.169176	2.71464e-10	-0.1656	-7.13886e-13	-0.169176	2.71464e-10	
-6.06	-0.166154	-6.06338e-13	-0.169767	2.82422e-10	-0.166154	-6.06338e-13	-0.169767	2.82422e-10	
-6.04	-0.166712	-4.93247e-13	-0.170363	2.93651e-10	-0.166712	-4.93247e-13	-0.170363	2.93651e-10	
-6.02	-0.167273	-3.74434e-13	-0.170963	3.05151e-10	-0.167273	-3.74434e-13	-0.170963	3.05151e-10	
-6	-0.167839	-2.49677e-13	-0.171567	3.16921e-10	-0.167839	-2.49677e-13	-0.171567	3.16921e-10	
-5.98	-0.168408	-1.18795e-13	-0.172176	3.28957e-10	-0.168408	-1.18795e-13	-0.172176	3.28957e-10	
-5.96	-0.168981	1.84757e-14	-0.172789	3.41257e-10	-0.168981	1.84757e-14	-0.172789	3.41257e-10	
-5.94	-0.169559	1.62318e-13	-0.173407	3.53816e-10	-0.169559	1.62318e-13	-0.173407	3.53816e-10	
-5.92	-0.17014	3.13035e-13	-0.174029	3.66631e-10	-0.17014	3.13035e-13	-0.174029	3.66631e-10	
-5.9	-0.170725	4.7083e-13	-0.174656	3.79693e-10	-0.170725	4.7083e-13	-0.174656	3.79693e-10	
-5.88	-0.171314	6.35949e-13	-0.175288	3.92997e-10	-0.171314	6.35949e-13	-0.175288	3.92997e-10	
-5.86	-0.171908	8.08708e-13	-0.175924	4.06532e-10	-0.171908	8.08708e-13	-0.175924	4.06532e-10	
-5.84	-0.172505	9.89322e-13	-0.176565	4.2029e-10	-0.172505	9.89322e-13	-0.176565	4.2029e-10	
-5.82	-0.173107	1.17808e-12	-0.177211	4.34258e-10	-0.173107	1.17808e-12	-0.177211	4.34258e-10	
-5.8	-0.173713	1.37526e-12	-0.177862	4.48423e-10	-0.173713	1.37526e-12	-0.177862	4.48423e-10	
-5.78	-0.174323	1.58119e-12	-0.178518	4.62771e-10	-0.174323	1.58119e-12	-0.178518	4.62771e-10	
-5.76	-0.174938	1.79613e-12	-0.179179	4.77284e-10	-0.174938	1.79613e-12	-0.179179	4.77284e-10	
-5.74	-0.175557	2.02043e-12	-0.179845	4.91943e-10	-0.175557	2.02043e-12	-0.179845	4.91943e-10	
-5.72	-0.17618	2.2544e-12	-0.180516	5.06727e-10	-0.17618	2.2544e-12	-0.180516	5.06727e-10	
-5.7	-0.176808	2.49835e-12	-0.181192	5.21613e-10	-0.176808	2.49835e-12	-0.181192	5.21613e-10	
-5.68	-0.17744	2.75261e-12	-0.181874	5.36574e-10	-0.17744	2.75261e-12	-0.181874	5.36574e-10	
-5.66	-0.178077	3.01758e-12	-0.18256	5.51583e-10	-0.178077	3.01758e-12	-0.18256	5.51583e-10	
-5.64	-0.178719	3.29354e-12	-0.183253	5.66606e-10	-0.178719	3.29354e-12	-0.183253	5.66606e-10	
-5.62	-0.179365	3.58093e-12	-0.18395	5.81609e-10	-0.179365	3.58093e-12	-0.18395	5.81609e-10	
-5.6	-0.180016	3.88012e-12	-0.184653	5.96554e-10	-0.180016	3.88012e-12	-0.184653	5.96554e-10	
-5.58	-0.180672	4.19144e-12	-0.185362	6.11398e-10	-0.180672	4.19144e-12	-0.185362	6.11398e-10	
-5.56	-0.181333	4.51532e-12	-0.186077	6.26097e-10	-0.181333	4.51532e-12	-0.186077	6.26097e-10	
-5.54	-0.181998	4.85218e-12	-0.186797	6.40599e-10	-0.181998	4.85218e-12	-0.186797	6.40599e-10	
-5.52	-0.182669	5.20241e-12	-0.187523	6.54852e-10	-0.182669	5.20241e-12	-0.187523	6.54852e-10	
-5.5	-0.183344	5.56646e-12	-0.188255	6.68794e-10	-0.183344	5.56646e-12	-0.188255	6.68794e-10	
-5.48	-0.184025	5.94475e-12	-0.188992	6.82364e-10	-0.184025	5.94475e-12	-0.188992	6.82364e-10	
-5.46	-0.18471	6.33769e-12	-0.189736	6.9549e-10	-0.18471	6.33769e-12	-0.189736	6.9549e-10	
-5.44	-0.185401	6.74584e-12	-0.190486	7.08097e-10	-0.185401	6.74584e-12	-0.190486	7.08097e-10	
-5.42	-0.186097	7.16957e-12	-0.191242	7.20105e-10	-0.186097	7.16957e-12	-0.191242	7.20105e-10	
-5.4	-0.186799	7.60938e-12	-0.192005	7.31425e-10	-0.186799	7.60938e-12	-0.192005	7.31425e-10	
-5.38	-0.187505	8.06578e-12	-0.192773	7.41963e-10	-0.187505	8.06578e-12	-0.192773	7.41963e-10	
-5.36	-0.188217	8.53927e-12	-0.193548	7.51615e-10	-0.188217	8.53927e-12	-0.193548	7.51615e-10	
-5.34	-0.188935	9.03031e-12	-0.19433	7.60272e-10	-0.188935	9.03031e-12	-0.19433	7.60272e-10	
-5.32	-0.189658	9.53942e-12	-0.195118	7.67816e-10	-0.189658	9.53942e-12	-0.195118	7.67816e-10	
-5.3	-0.190387	1.00672e-11	-0.195913	7.7412e-10	-0.190387	1.00672e-11	-0.195913	7.7412e-10	
-5.28	-0.191121	1.06141e-11	-0.196715	7.79045e-10	-0.191121	1.06141e-11	-0.196715	7.79045e-10	
-5.26	-0.191861	1.11806e-11	-0.197523	7.82447e-10	-0.191861	1.11806e-11	-0.197523	7.82447e-10	
-5.24	-0.192607	1.17675e-11	-0.198339	7.84167e-10	-0.192607	1.17675e-11	-0.198339	7.84167e-10	
-5.22	-0.193359	1.23751e-11	-0.199161	7.84037e-10	-0.193359	1.23751e-11	-0.199161	7.84037e-10	
-5.2	-0.194117	1.30041e-11	-0.199991	7.81878e-10	-0.194117	1.30041e-11	-0.199991	7.81878e-10	
-5.18	-0.194881	1.36549e-11	-0.200828	7.77495e-10	-0.194881	1.36549e-11	-0.200828	7.77495e-10	
-5.16	-0.195651	1.43283e-11	-0.201672	7.70685e-10	-0.195651	1.43283e-11	-0.201672	7.70685e-10	
-5.14	-0.196427	1.50247e-11	-0.202523	7.61226e-10	-0.196427	1.50247e-11	-0.202523	7.61226e-10	
-5.12	-0.197209	1.57448e-11	-0.203383	7.48884e-10	-0.197209	1.57448e-11	-0.203383	7.48884e-10	
-5.1	-0.197998	1.64891e-11	-0.204249	7.3341e-10	-0.197998	1.64891e-11	-0.204249	7.3341e-10	
-5.08	-0.198793	1.72582e-11	-0.205124	7.14537e-10	-0.198793	1.72582e-11	-0.205124	7.14537e-10	
-5.06	-0.199594	1.80528e-11	-0.206006	6.91982e-10	-0.199594	1.80528e-11	-0.206006	6.91982e-10	
-5.04	-0.200402	1.88733e-11	-0.206897	6.65443e-10	-0.200402	1.88733e-11	-0.206897	6.65443e-10	
-5.02	-0.201217	1.97203e-11	-0.207795	6.346e-10	-0.201217	1.97203e-11	-0.207795	6.346e-10	
-5	-0.202038	2.05945e-11	-0.208702	5.99114e-10	-0.202038	2.05945e-11	-0.208702	5.99114e-10	
-4.98	-0.202867	2.14964e-11	-0.209617	5.58624e-10	-0.202867	2.14964e-11	-0.209617	5.58624e-10	
-4.96	-0.203702	2.24266e-11	-0.21054	5.12748e-10	-0.203702	2.24266e-11	-0.21054	5.12748e-10	
-4.94	-0.204544	2.33855e-11	-0.211472	4.61081e-10	-0.204544	2.33855e-11	-0.211472	4.61081e-10	
-4.92	-0.205393	2.43738e-11	-0.212412	4.03195e-10	-0.205393	2.43738e-11	-0.212412	4.03195e-10	
-4.9	-0.206249	2.53918e-11	-0.213362	3.38637e-10	-0.206249	2.53918e-11	-0.213362	3.38637e-10	
-4.88	-0.207113	2.64402e-11	-0.21432	2.6693e-10	-0.207113	2.64402e-11	-0.21432	2.6693e-10	
-4.86	-0.207984	2.75194e-11	-0.215288	1.87569e-10	-0.207984	2.75194e-11	-0.215288	1.87569e-10	
-4.84	-0.208862	2.86299e-11	-0.216264	1.00024e-10	-0.208862	2.86299e-11	-0.216264	1.00024e-10	
-4.82	-0.209748	2.97719e-11	-0.21725	3.7346e-12	-0.209748	2.97719e-11	-0.21725	3.7346e-12	
-4.8	-0.210641	3.0946e-11	-0.218246	-1.01887e-10	-0.210641	3.0946e-11	-0.218246	-1.01887e-10	
-4.78	-0.211543	3.21524e-11	-0.219251	-2.17457e-10	-0.211543	3.21524e-11	-0.219251	-2.17457e-10	
-4.76	-0.212452	3.33914e-11	-0.220265	-3.43624e-10	-0.212452	3.33914e-11	-0.220265	-3.43624e-10	
-4.74	-0.213369	3.46633e-11	-0.22129	-4.81065e-10	-0.213369	3.46633e-11	-0.22129	-4.81065e-10	
-4.72	-0.214294	3.59682e-11	-0.222325	-6.3049e-10	-0.214294	3.59682e-11	-0.222325	-6.3049e-10	
-4.7	-0.215227	3.73062e-11	-0.22337	-7.92638e-10	-0.215227	3.73062e-11	-0.22337	-7.92638e-10	
-4.68	-0.216168	3.86773e-11	-0.224425	-9.68281e-10	-0.216168	3.86773e-11	-0.224425	-9.68281e-10	
-4.66	-0.217118	4.00816e-11	-0.225491	-1.15822e-09	-0.217118	4.00816e-11	-0.225491	-1.15822e-09	
-4.64	-0.218076	4.15189e-11	-0.226568	-1.36329e-09	-0.218076	4.15189e-11	-0.226568	-1.36329e-09	
-4.62	-0.219043	4.29889e-11	-0.227656	-1.58435e-09	-0.219043	4.29889e-11	-0.227656	-1.58435e-09	
-4.6	-0.220019	4.44912e-11	-0.228755	-1.8223e-09	-0.220019	4.44912e-11	-0.228755	-1.8223e-09	
-4.58	-0.221003	4.60255e-11	-0.229864	-2.07805e-09	-0.221003	4.60255e-11	-0.229864	-2.07805e-09	
-4.56	-0.221997	4.75912e-11	-0.230986	-2.35255e-09	-0.221997	4.75912e-11	-0.230986	-2.35255e-09	
-4.54	-0.222999	4.91874e-11	-0.232119	-2.64676e-09	-0.222999	4.91874e-11	-0.232119	-2.64676e-09	
-4.52	-0.224011	5.08134e-11	-0.233264	-2.96167e-09	-0.224011	5.08134e-11	-0.233264	-2.96167e-09	
-4.5	-0.225032	5.24679e-11	-0.234421	-3.29828e-09	-0.225032	5.24679e-11	-0.234421	-3.29828e-09	
-4.48	-0.226062	5.41499e-11	-0.23559	-3.65761e-09	-0.226062	5.41499e-11	-0.23559	-3.65761e-09	
-4.46	-0.227103	5.58578e-11	-0.236771	-4.04068e-09	-0.227103	5.58578e-11	-0.236771	-4.04068e-09	
-4.44	-0.228152	5.75899e-11	-0.237965	-4.4485e-09	-0.228152	5.75899e-11	-0.237965	-4.4485e-09	
-4.42	-0.229212	5.93443e-11	-0.239172	-4.88209e-09	-0.229212	5.93443e-11	-0.239172	-4.88209e-09	
-4.4	-0.230282	6.11188e-11	-0.240392	-5.34243e-09	-0.230282	6.11188e-11	-0.240392	-5.34243e-09	
-4.38	-0.231362	6.2911e-11	-0.241625	-5.8305e-09	-0.231362	6.2911e-11	-0.241625	-5.8305e-09	
-4.36	-0.232452	6.47179e-11	-0.242872	-6.34721e-09	-0.232452	6.47179e-11	-0.242872	-6.34721e-09	
-4.34	-0.233553	6.65366e-11	-0.244132	-6.89344e-09	-0.233553	6.65366e-11	-0.244132	-6.89344e-09	
-4.32	-0.234664	6.83634e-11	-0.245407	-7.46999e-09	-0.234664	6.83634e-11	-0.245407	-7.46999e-09	
-4.3	-0.235786	7.01946e-11	-0.246696	-8.07757e-09	-0.235786	7.01946e-11	-0.246696	-8.07757e-09	
-4.28	-0.236919	7.20257e-11	-0.247999	-8.71677e-09	-0.236919	7.20257e-11	-0.247999	-8.71677e-09	
-4.26	-0.238063	7.38519e-11	-0.249317	-9.38806e-09	-0.238063	7.38519e-11	-0.249317	-9.38806e-09	
-4.24	-0.239219	7.5668e-11	-0.25065	-1.00918e-08	-0.239219	7.5668e-11	-0.25065	-1.00918e-08	
-4.22	-0.240386	7.7468e-11	-0.251998	-1.0828e-08	-0.240386	7.7468e-11	-0.251998	-1.0828e-08	
-4.2	-0.241564	7.92455e-11	-0.253362	-1.15966e-08	-0.241564	7.92455e-11	-0.253362	-1.15966e-08	
-4.18	-0.242754	8.09935e-11	-0.254742	-1.23972e-08	-0.242754	8.09935e-11	-0.254742	-1.23972e-08	
-4.16	-0.243957	8.27041e-11	-0.256138	-1.32291e-08	-0.243957	8.27041e-11	-0.256138	-1.32291e-08	
-4.14	-0.245171	8.43688e-11	-0.25755	-1.40912e-08	-0.245171	8.43688e-11	-0.25755	-1.40912e-08	
-4.12	-0.246398	8.59783e-11	-0.25898	-1.49821e-08	-0.246398	8.59783e-11	-0.25898	-1.49821e-08	
-4.1	-0.247637	8.75224e-11	-0.260426	-1.58999e-08	-0.247637	8.75224e-11	-0.260426	-1.58999e-08	
-4.08	-0.248889	8.899e-11	-0.26189	-1.68419e-08	-0.248889	8.899e-11	-0.26189	-1.68419e-08	
-4.06	-0.250154	9.0369e-11	-0.263371	-1.7805e-08	-0.250154	9.0369e-11	-0.263371	-1.7805e-08	
-4.04	-0.251432	9.1646e-11	-0.264871	-1.87853e-08	-0.251432	9.1646e-11	-0.264871	-1.87853e-08	
-4.02	-0.252723	9.28069e-11	-0.266389	-1.97782e-08	-0.252723	9.28069e-11	-0.266389	-1.97782e-08	
-4	-0.254028	9.38359e-11	-0.267926	-2.0778e-08	-0.254028	9.38359e-11	-0.267926	-2.0778e-08	
-3.98	-0.255347	9.47161e-11	-0.269483	-2.17779e-08	-0.255347	9.47161e-11	-0.269483	-2.17779e-08	
-3.96	-0.256679	9.54291e-11	-0.271058	-2.27702e-08	-0.256679	9.54291e-11	-0.271058	-2.27702e-08	
-3.94	-0.258026	9.5955e-11	-0.272654	-2.37455e-08	-0.258026	9.5955e-11	-0.272654	-2.37455e-08	
-3.92	-0.259387	9.62722e-11	-0.274271	-2.46931e-08	-0.259387	9.62722e-11	-0.274271	-2.46931e-08	
-3.9	-0.260763	9.63572e-11	-0.275908	-2.56006e-08	-0.260763	9.63572e-11	-0.275908	-2.56006e-08	
-3.88	-0.262154	9.61848e-11	-0.277566	-2.64537e-08	-0.262154	9.61848e-11	-0.277566	-2.64537e-08	
-3.86	-0.263561	9.57278e-11	-0.279247	-2.72359e-08	-0.263561	9.57278e-11	-0.279247	-2.72359e-08	
-3.84	-0.264982	9.49565e-11	-0.280949	-2.79283e-08	-0.264982	9.49565e-11	-0.280949	-2.79283e-08	
-3.82	-0.266419	9.38391e-11	-0.282674	-2.85095e-08	-0.266419	9.38391e-11	-0.282674	-2.85095e-08	
-3.8	-0.267873	9.23414e-11	-0.284423	-2.89552e-08	-0.267873	9.23414e-11	-0.284423	-2.89552e-08	
-3.78	-0.269342	9.04261e-11	-0.286195	-2.92377e-08	-0.269342	9.04261e-11	-0.286195	-2.92377e-08	
-3.76	-0.270828	8.80536e-11	-0.287991	-2.93259e-08	-0.270828	8.80536e-11	-0.287991	-2.93259e-08	
-3.74	-0.272331	8.51808e-11	-0.289812	-2.91846e-08	-0.272331	8.51808e-11	-0.289812	-2.91846e-08	
-3.72	-0.273851	8.17616e-11	-0.291659	-2.87744e-08	-0.273851	8.17616e-11	-0.291659	-2.87744e-08	
-3.7	-0.275388	7.77463e-11	-0.293531	-2.80509e-08	-0.275388	7.77463e-11	-0.293531	-2.80509e-08	
-3.68	-0.276943	7.30817e-11	-0.29543	-2.69646e-08	-0.276943	7.30817e-11	-0.29543	-2.69646e-08	
-3.66	-0.278516	6.77104e-11	-0.297356	-2.54604e-08	-0.278516	6.77104e-11	-0.297356	-2.54604e-08	
-3.64	-0.280107	6.15711e-11	-0.29931	-2.34767e-08	-0.280107	6.15711e-11	-0.29931	-2.34767e-08	
-3.62	-0.281717	5.45978e-11	-0.301292	-2.09453e-08	-0.281717	5.45978e-11	-0.301292	-2.09453e-08	
-3.6	-0.283346	4.67202e-11	-0.303303	-1.77906e-08	-0.283346	4.67202e-11	-0.303303	-1.77906e-08	
-3.58	-0.284994	3.78626e-11	-0.305344	-1.39293e-08	-0.284994	3.78626e-11	-0.305344	-1.39293e-08	
-3.56	-0.286662	2.79443e-11	-0.307416	-9.2694e-09	-0.286662	2.79443e-11	-0.307416	-9.2694e-09	
-3.54	-0.28835	1.68789e-11	-0.309518	-3.70997e-09	-0.28835	1.68789e-11	-0.309518	-3.70997e-09	
-3.52	-0.290059	4.57412e-12	-0.311653	2.85946e-09	-0.290059	4.57412e-12	-0.311653	2.85946e-09	
-3.5	-0.291788	-9.06839e-12	-0.313821	1.05594e-08	-0.291788	-9.06839e-12	-0.313821	1.05594e-08	
-3.48	-0.293538	-2.41536e-11	-0.316023	1.9521e-08	-0.293538	-2.41536e-11	-0.316023	1.9521e-08	
-3.46	-0.29531	-4.07934e-11	-0.318259	2.9886e-08	-0.29531	-4.07934e-11	-0.318259	2.9886e-08	
-3.44	-0.297104	-5.91065e-11	-0.320531	4.18075e-08	-0.297104	-5.91065e-11	-0.320531	4.18075e-08	
-3.42	-0.298921	-7.92195e-11	-0.322839	5.54494e-08	-0.298921	-7.92195e-11	-0.322839	5.54494e-08	
-3.4	-0.30076	-1.01267e-10	-0.325185	7.09867e-08	-0.30076	-1.01267e-10	-0.325185	7.09867e-08	
-3.38	-0.302623	-1.2539e-10	-0.327569	8.86045e-08	-0.302623	-1.2539e-10	-0.327569	8.86045e-08	
-3.36	-0.304509	-1.51741e-10	-0.329992	1.08498e-07	-0.304509	-1.51741e-10	-0.329992	1.08498e-07	
-3.34	-0.30642	-1.80479e-10	-0.332456	1.30869e-07	-0.30642	-1.80479e-10	-0.332456	1.30869e-07	
-3.32	-0.308355	-2.11771e-10	-0.334962	1.55927e-07	-0.308355	-2.11771e-10	-0.334962	1.55927e-07	
-3.3	-0.310316	-2.45796e-10	-0.337511	1.83883e-07	-0.310316	-2.45796e-10	-0.337511	1.83883e-07	
-3.28	-0.312302	-2.82741e-10	-0.340104	2.14949e-07	-0.312302	-2.82741e-10	-0.340104	2.14949e-07	
-3.26	-0.314315	-3.22801e-10	-0.342743	2.49329e-07	-0.314315	-3.22801e-10	-0.342743	2.49329e-07	
-3.24	-0.316354	-3.66182e-10	-0.345428	2.87217e-07	-0.316354	-3.66182e-10	-0.345428	2.87217e-07	
-3.22	-0.318421	-4.13099e-10	-0.348162	3.28785e-07	-0.318421	-4.13099e-10	-0.348162	3.28785e-07	
-3.2	-0.320515	-4.63776e-10	-0.350946	3.74173e-07	-0.320515	-4.63776e-10	-0.350946	3.74173e-07	
-3.18	-0.322638	-5.18444e-10	-0.35378	4.23478e-07	-0.322638	-5.18444e-10	-0.35378	4.23478e-07	
-3.16	-0.324791	-5.77347e-10	-0.356668	4.76734e-07	-0.324791	-5.77347e-10	-0.356668	4.76734e-07	
-3.14	-0.326972	-6.40731e-10	-0.35961	5.33894e-07	-0.326972	-6.40731e-10	-0.35961	5.33894e-07	
-3.12	-0.329185	-7.08851e-10	-0.362609	5.94805e-07	-0.329185	-7.08851e-10	-0.362609	5.94805e-07	
-3.1	-0.331428	-7.81969e-10	-0.365665	6.59175e-07	-0.331428	-7.81969e-10	-0.365665	6.59175e-07	
-3.08	-0.333702	-8.60349e-10	-0.368782	7.26538e-07	-0.333702	-8.60349e-10	-0.368782	7.26538e-07	
-3.06	-0.33601	-9.44257e-10	-0.371961	7.96205e-07	-0.33601	-9.44257e-10	-0.371961	7.96205e-07	
-3.04	-0.33835	-1.03396e-09	-0.375205	8.67216e-07	-0.33835	-1.03396e-09	-0.375205	8.67216e-07	
-3.02	-0.340724	-1.12972e-09	-0.378515	9.38265e-07	-0.340724	-1.12972e-09	-0.378515	9.38265e-07	
-3	-0.343132	-1.23179e-09	-0.381894	1.00763e-06	-0.343132	-1.23179e-09	-0.381894	1.00763e-06	
-2.98	-0.345576	-1.34041e-09	-0.385345	1.07308e-06	-0.345576	-1.34041e-09	-0.385345	1.07308e-06	
-2.96	-0.348056	-1.45582e-09	-0.388869	1.13174e-06	-0.348056	-1.45582e-09	-0.388869	1.13174e-06	
-2.94	-0.350573	-1.57823e-09	-0.392471	1.18002e-06	-0.350573	-1.57823e-09	-0.392471	1.18002e-06	
-2.92	-0.353128	-1.7078e-09	-0.396152	1.21339e-06	-0.353128	-1.7078e-09	-0.396152	1.21339e-06	
-2.9	-0.355722	-1.84468e-09	-0.399917	1.22626e-06	-0.355722	-1.84468e-09	-0.399917	1.22626e-06	
-2.88	-0.358355	-1.98896e-09	-0.403768	1.21174e-06	-0.358355	-1.98896e-09	-0.403768	1.21174e-06	
-2.86	-0.361029	-2.14067e-09	-0.407708	1.16142e-06	-0.361029	-2.14067e-09	-0.407708	1.16142e-06	
-2.84	-0.363745	-2.29978e-09	-0.411742	1.06512e-06	-0.363745	-2.29978e-09	-0.411742	1.06512e-06	
-2.82	-0.366503	-2.46615e-09	-0.415874	9.10581e-07	-0.366503	-2.46615e-09	-0.415874	9.10581e-07	
-2.8	-0.369304	-2.63956e-09	-0.420107	6.83135e-07	-0.369304	-2.63956e-09	-0.420107	6.83135e-07	
-2.78	-0.372151	-2.81963e-09	-0.424447	3.65382e-07	-0.372151	-2.81963e-09	-0.424447	3.65382e-07	
-2.76	-0.375043	-3.00586e-09	-0.428897	-6.31806e-08	-0.375043	-3.00586e-09	-0.428897	-6.31806e-08	
-2.74	-0.377982	-3.19755e-09	-0.433464	-6.26499e-07	-0.377982	-3.19755e-09	-0.433464	-6.26499e-07	
-2.72	-0.38097	-3.39379e-09	-0.438152	-1.35228e-06	-0.38097	-3.39379e-09	-0.438152	-1.35228e-06	
-2.7	-0.384007	-3.59341e-09	-0.442968	-2.27222e-06	-0.384007	-3.59341e-09	-0.442968	-2.27222e-06	
-2.68	-0.387094	-3.79495e-09	-0.447917	-3.42211e-06	-0.387094	-3.79495e-09	-0.447917	-3.42211e-06	
-2.66	-0.390234	-3.99662e-09	-0.453007	-4.84164e-06	-0.390234	-3.99662e-09	-0.453007	-4.84164e-06	
-2.64	-0.393427	-4.1962e-09	-0.458245	-6.5739e-06	-0.393427	-4.1962e-09	-0.458245	-6.5739e-06	
-2.62	-0.396674	-4.39102e-09	-0.463639	-8.66427e-06	-0.396674	-4.39102e-09	-0.463639	-8.66427e-06	
-2.6	-0.399978	-4.57784e-09	-0.469197	-1.11584e-05	-0.399978	-4.57784e-09	-0.469197	-1.11584e-05	
-2.58	-0.40334	-4.75283e-09	-0.474929	-1.4099e-05	-0.40334	-4.75283e-09	-0.474929	-1.4099e-05	
-2.56	-0.406762	-4.91138e-09	-0.480845	-1.7521e-05	-0.406762	-4.91138e-09	-0.480845	-1.7521e-05	
-2.54	-0.410244	-5.04808e-09	-0.486956	-2.14437e-05	-0.410244	-5.04808e-09	-0.486956	-2.14437e-05	
-2.52	-0.41379	-5.15653e-09	-0.493274	-2.586e-05	-0.41379	-5.15653e-09	-0.493274	-2.586e-05	
-2.5	-0.4174	-5.22922e-09	-0.499812	-3.07202e-05	-0.4174	-5.22922e-09	-0.499812	-3.07202e-05	
-2.48	-0.421076	-5.25738e-09	-0.506585	-3.59094e-05	-0.421076	-5.25738e-09	-0.506585	-3.59094e-05	
-2.46	-0.424821	-5.23077e-09	-0.513608	-4.12151e-05	-0.424821	-5.23077e-09	-0.513608	-4.12151e-05	
-2.44	-0.428636	-5.13749e-09	-0.520901	-4.62833e-05	-0.428636	-5.13749e-09	-0.520901	-4.62833e-05	
-2.42	-0.432524	-4.96375e-09	-0.528483	-5.05564e-05	-0.432524	-4.96375e-09	-0.528483	-5.05564e-05	
-2.4	-0.436487	-4.69361e-09	-0.536376	-5.31908e-05	-0.436487	-4.69361e-09	-0.536376	-5.31908e-05	
-2.38	-0.440527	-4.30869e-09	-0.544606	-5.29448e-05	-0.440527	-4.30869e-09	-0.544606	-5.29448e-05	
-2.36	-0.444646	-3.78787e-09	-0.553202	-4.80321e-05	-0.444646	-3.78787e-09	-0.553202	-4.80321e-05	
-2.34	-0.448846	-3.10691e-09	-0.562198	-3.59323e-05	-0.448846	-3.10691e-09	-0.562198	-3.59323e-05	
-2.32	-0.453132	-2.23812e-09	-0.571633	-1.31558e-05	-0.453132	-2.23812e-09	-0.571633	-1.31558e-05	
-2.3	-0.457504	-1.14991e-09	-0.581553	2.5034e-05	-0.457504	-1.14991e-09	-0.581553	2.5034e-05	
-2.28	-0.461967	1.93667e-10	-0.592015	8.49163e-05	-0.461967	1.93667e-10	-0.592015	8.49163e-05	
-2.26	-0.466522	1.83332e-09	-0.603086	0.000174561	-0.466522	1.83332e-09	-0.603086	0.000174561	
-2.24	-0.471174	3.81507e-09	-0.614853	0.000303871	-0.471174	3.81507e-09	-0.614853	0.000303871	
-2.22	-0.475925	6.19069e-09	-0.627423	0.000484089	-0.475925	6.19069e-09	-0.627423	0.000484089	
-2.2	-0.480778	9.01827e-09	-0.64094	0.000726059	-0.480778	9.01827e-09	-0.64094	0.000726059	
-2.18	-0.485738	1.23626e-08	-0.655592	0.00103583	-0.485738	1.23626e-08	-0.655592	0.00103583	
-2.16	-0.490808	1.62956e-08	-0.671636	0.00140476	-0.490808	1.62956e-08	-0.671636	0.00140476	
-2.14	-0.495992	2.08966e-08	-0.689426	0.00178836	-0.495992	2.08966e-08	-0.689426	0.00178836	
-2.12	-0.501294	2.62525e-08	-0.70945	0.00206305	-0.501294	2.62525e-08	-0.70945	0.00206305	
-2.1	-0.506718	3.24579e-08	-0.73238	0.00193977	-0.506718	3.24579e-08	-0.73238	0.00193977	
-2.08	-0.512269	3.96141e-08	-0.7591	0.00079898	-0.512269	3.96141e-08	-0.7591	0.00079898	
-2.06	-0.517952	4.78288e-08	-0.790655	-0.00260233	-0.517952	4.78288e-08	-0.790655	-0.00260233	
-2.04	-0.523772	5.72141e-08	-0.827939	-0.0105704	-0.523772	5.72141e-08	-0.827939	-0.0105704	
-2.02	-0.529734	6.78843e-08	-0.870786	-0.0268689	-0.529734	6.78843e-08	-0.870786	-0.0268689	
-2	-0.535845	7.99522e-08	-0.916227	-0.0562615	-0.535845	7.99522e-08	-0.916227	-0.0562615	
-1.98	-0.542109	9.35238e-08	-0.956949	-0.101775	-0.542109	9.35238e-08	-0.956949	-0.101775	
-1.96	-0.548533	1.08691e-07	-0.983367	-0.160158	-0.548533	1.08691e-07	-0.983367	-0.160158	
-1.94	-0.555124	1.25522e-07	-0.990493	-0.221266	-0.555124	1.25522e-07	-0.990493	-0.221266	
-1.92	-0.561889	1.44045e-07	-0.982006	-0.274949	-0.561889	1.44045e-07	-0.982006	-0.274949	
-1.9	-0.568836	1.64236e-07	-0.965886	-0.31731	-0.568836	1.64236e-07	-0.965886	-0.31731	
-1.88	-0.575972	1.85986e-07	-0.948428	-0.349873	-0.575972	1.85986e-07	-0.948428	-0.349873	
-1.86	-0.583307	2.09077e-07	-0.932569	-0.37587	-0.583307	2.09077e-07	-0.932569	-0.37587	
-1.84	-0.590849	2.33133e-07	-0.918971	-0.398045	-0.590849	2.33133e-07	-0.918971	-0.398045	
-1.82	-0.598608	2.5757e-07	-0.9073	-0.418163	-0.598608	2.5757e-07	-0.9073	-0.418163	
-1.8	-0.606594	2.81523e-07	-0.896961	-0.437197	-0.606594	2.81523e-07	-0.896961	-0.437197	
-1.78	-0.614819	3.03755e-07	-0.887404	-0.455611	-0.614819	3.03755e-07	-0.887404	-0.455611	
-1.76	-0.623294	3.2254e-07	-0.87821	-0.473581	-0.623294	3.2254e-07	-0.87821	-0.473581	
-1.74	-0.632033	3.35514e-07	-0.869101	-0.49114	-0.632033	3.35514e-07	-0.869101	-0.49114	
-1.72	-0.641048	3.39487e-07	-0.859912	-0.508256	-0.641048	3.39487e-07	-0.859912	-0.508256	
-1.7	-0.650355	3.30205e-07	-0.850562	-0.52488	-0.650355	3.30205e-07	-0.850562	-0.52488	
-1.68	-0.659969	3.0206e-07	-0.841026	-0.540967	-0.659969	3.0206e-07	-0.841026	-0.540967	
-1.66	-0.669909	2.47721e-07	-0.831315	-0.556491	-0.669909	2.47721e-07	-0.831315	-0.556491	
-1.64	-0.680192	1.57695e-07	-0.821455	-0.57144	-0.680192	1.57695e-07	-0.821455	-0.57144	
-1.62	-0.69084	1.9793e-08	-0.811484	-0.58582	-0.69084	1.9793e-08	-0.811484	-0.58582	
-1.6	-0.701873	-1.81486e-07	-0.801434	-0.599649	-0.701873	-1.81486e-07	-0.801434	-0.599649	
-1.58	-0.713317	-4.65664e-07	-0.791338	-0.612955	-0.713317	-4.65664e-07	-0.791338	-0.612955	
-1.56	-0.725197	-8.57046e-07	-0.78122	-0.625768	-0.725197	-8.57046e-07	-0.78122	-0.625768	
-1.54	-0.737543	-1.38547e-06	-0.771098	-0.638123	-0.737543	-1.38547e-06	-0.771098	-0.638123	
-1.52	-0.750387	-2.08694e-06	-0.760984	-0.650052	-0.750387	-2.08694e-06	-0.760984	-0.650052	
-1.5	-0.763763	-3.00386e-06	-0.750886	-0.661587	-0.763763	-3.00386e-06	-0.750886	-0.661587	
-1.48	-0.777711	-4.18458e-06	-0.740807	-0.672756	-0.777711	-4.18458e-06	-0.740807	-0.672756	
-1.46	-0.792275	-5.68141e-06	-0.730747	-0.683585	-0.792275	-5.68141e-06	-0.730747	-0.683585	
-1.44	-0.807501	-7.5462e-06	-0.720705	-0.694095	-0.807501	-7.5462e-06	-0.720705	-0.694095	
-1.42	-0.823446	-9.82136e-06	-0.710677	-0.704306	-0.823446	-9.82136e-06	-0.710677	-0.704306	
-1.4	-0.840169	-1.25237e-05	-0.700662	-0.714232	-0.840169	-1.25237e-05	-0.700662	-0.714232	
-1.38	-0.857741	-1.56157e-05	-0.690655	-0.723889	-0.857741	-1.56157e-05	-0.690655	-0.723889	
-1.36	-0.87624	-1.89577e-05	-0.680653	-0.733288	-0.87624	-1.89577e-05	-0.680653	-0.733288	
-1.34	-0.895758	-2.22272e-05	-0.670655	-0.742439	-0.895758	-2.22272e-05	-0.670655	-0.742439	
-1.32	-0.916397	-2.47883e-05	-0.660658	-0.751351	-0.916397	-2.47883e-05	-0.660658	-0.751351	
-1.3	-0.938282	-2.54814e-05	-0.65066	-0.760031	-0.938282	-2.54814e-05	-0.65066	-0.760031	
-1.28	-0.961555	-2.22907e-05	-0.640662	-0.768486	-0.961555	-2.22907e-05	-0.640662	-0.768486	
-1.26	-0.986387	-1.18272e-05	-0.630661	-0.776724	-0.986387	-1.18272e-05	-0.630661	-0.776724	
-1.24	-1.01299	1.14514e-05	-0.620658	-0.784749	-1.01299	1.14514e-05	-0.620658	-0.784749	
-1.22	-1.0416	5.63701e-05	-0.610653	-0.792567	-1.0416	5.63701e-05	-0.610653	-0.792567	
-1.2	-1.07256	0.000136539	-0.600646	-0.800185	-1.07256	0.000136539	-0.600646	-0.800185	
-1.18	-1.10627	0.000271987	-0.590637	-0.807607	-1.10627	0.000271987	-0.590637	-0.807607	
-1.16	-1.14327	0.000489806	-0.580626	-0.814837	-1.14327	0.000489806	-0.580626	-0.814837	
-1.14	-1.18433	0.000820027	-0.570615	-0.821882	-1.18433	0.000820027	-0.570615	-0.821882	
-1.12	-1.23052	0.0012752	-0.560603	-0.828745	-1.23052	0.0012752	-0.560603	-0.828745	
-1.1	-1.2835	0.0017795	-0.55059	-0.835431	-1.2835	0.0017795	-0.55059	-0.835431	
-1.08	-1.34589	0.0019463	-0.540578	-0.841944	-1.34589	0.0019463	-0.540578	-0.841944	
-1.06	-1.42199	0.000404755	-0.530565	-0.848289	-1.42199	0.000404755	-0.530565	-0.848289	
-1.04	-1.51871	-0.00718715	-0.520553	-0.854468	-1.51871	-0.00718715	-0.520553	-0.854468	
-1.02	-1.64537	-0.0335477	-0.51054	-0.860486	-1.64537	-0.0335477	-0.51054	-0.860486	
-1	-1.80405	-0.110158	-0.500528	-0.866347	-1.80405	-0.110158	-0.500528	-0.866347	
-0.98	-1.95313	-0.281551	-0.490517	-0.872053	-1.95313	-0.281551	-0.490517	-0.872053	
-0.96	-1.99697	-0.521833	-0.480506	-0.877608	-1.99697	-0.521833	-0.480506	-0.877608	
-0.94	-1.93005	-0.712762	-0.470495	-0.883014	-1.93005	-0.712762	-0.470495	-0.883014	
-0.92	-1.84525	-0.821528	-0.460484	-0.888275	-1.84525	-0.821528	-0.460484	-0.888275	
-0.9	-1.78434	-0.891134	-0.450473	-0.893392	-1.78434	-0.891134	-0.450473	-0.893392	
-0.88	-1.74293	-0.951679	-0.440463	-0.898369	-1.74293	-0.951679	-0.440463	-0.898369	
-0.86	-1.7098	-1.01275	-0.430452	-0.903208	-1.7098	-1.01275	-0.430452	-0.903208	
-0.84	-1.67766	-1.07497	-0.420442	-0.907911	-1.67766	-1.07497	-0.420442	-0.907911	
-0.82	-1.64327	-1.13643	-0.410432	-0.912479	-1.64327	-1.13643	-0.410432	-0.912479	
-0.8	-1.60594	-1.19518	-0.400421	-0.916916	-1.60594	-1.19518	-0.400421	-0.916916	
-0.78	-1.56627	-1.25002	-0.390411	-0.921223	-1.56627	-1.25002	-0.390411	-0.921223	
-0.76	-1.52524	-1.30059	-0.380401	-0.925401	-1.52524	-1.30059	-0.380401	-0.925401	
-0.74	-1.48372	-1.34709	-0.37039	-0.929453	-1.48372	-1.34709	-0.37039	-0.929453	
-0.72	-1.44232	-1.39004	-0.36038	-0.93338	-1.44232	-1.39004	-0.36038	-0.93338	
-0.7	-1.40132	-1.43005	-0.350369	-0.937184	-1.40132	-1.43005	-0.350369	-0.937184	
-0.68	-1.36077	-1.46764	-0.340358	-0.940866	-1.36077	-1.46764	-0.340358	-0.940866	
-0.66	-1.32062	-1.50322	-0.330348	-0.944427	-1.32062	-1.50322	-0.330348	-0.944427	
-0.64	-1.28071	-1.53705	-0.320337	-0.947869	-1.28071	-1.53705	-0.320337	-0.947869	
-0.62	-1.24092	-1.5693	-0.310327	-0.951193	-1.24092	-1.5693	-0.310327	-0.951193	
-0.6	-1.20115	-1.60006	-0.300316	-0.954401	-1.20115	-1.60006	-0.300316	-0.954401	
-0.58	-1.16133	-1.62939	-0.290305	-0.957494	-1.16133	-1.62939	-0.290305	-0.957494	
-0.56	-1.12143	-1.6573	-0.280295	-0.960472	-1.12143	-1.6573	-0.280295	-0.960472	
-0.54	-1.08145	-1.68382	-0.270284	-0.963336	-1.08145	-1.68382	-0.270284	-0.963336	
-0.52	-1.04141	-1.70899	-0.260274	-0.966089	-1.04141	-1.70899	-0.260274	-0.966089	
-0.5	-1.00132	-1.73283	-0.250263	-0.96873	-1.00132	-1.73283	-0.250263	-0.96873	
-0.48	-0.961212	-1.7554	-0.240252	-0.971261	-0.961212	-1.7554	-0.240252	-0.971261	
-0.46	-0.921105	-1.77675	-0.230242	-0.973683	-0.921105	-1.77675	-0.230242	-0.973683	
-0.44	-0.88101	-1.79693	-0.220231	-0.975996	-0.88101	-1.79693	-0.220231	-0.975996	
-0.42	-0.840933	-1.81599	-0.210221	-0.978201	-0.840933	-1.81599	-0.210221	-0.978201	
-0.4	-0.800874	-1.83398	-0.20021	-0.980298	-0.800874	-1.83398	-0.20021	-0.980298	
-0.38	-0.760829	-1.85092	-0.1902	-0.98229	-0.760829	-1.85092	-0.1902	-0.98229	
-0.36	-0.720794	-1.86686	-0.180189	-0.984175	-0.720794	-1.86686	-0.180189	-0.984175	
-0.34	-0.680762	-1.88182	-0.170179	-0.985955	-0.680762	-1.88182	-0.170179	-0.985955	
-0.32	-0.64073	-1.89583	-0.160168	-0.987631	-0.64073	-1.89583	-0.160168	-0.987631	
-0.3	-0.600694	-1.9089	-0.150158	-0.989202	-0.600694	-1.9089	-0.150158	-0.989202	
-0.28	-0.560654	-1.92105	-0.140147	-0.99067	-0.560654	-1.92105	-0.140147	-0.99067	
-0.26	-0.520609	-1.93229	-0.130137	-0.992035	-0.520609	-1.93229	-0.130137	-0.992035	
-0.24	-0.48056	-1.94264	-0.120126	-0.993297	-0.48056	-1.94264	-0.120126	-0.993297	
-0.22	-0.44051	-1.95212	-0.110116	-0.994456	-0.44051	-1.95212	-0.110116	-0.994456	
-0.2	-0.40046	-1.96072	-0.100105	-0.995513	-0.40046	-1.96072	-0.100105	-0.995513	
-0.18	-0.36041	-1.96848	-0.0900946	-0.996469	-0.36041	-1.96848	-0.0900946	-0.996469	
-0.16	-0.320363	-1.97539	-0.0800841	-0.997324	-0.320363	-1.97539	-0.0800841	-0.997324	
-0.14	-0.280317	-1.98146	-0.0700736	-0.998077	-0.280317	-1.98146	-0.0700736	-0.998077	
-0.12	-0.240272	-1.98671	-0.0600631	-0.998729	-0.240272	-1.98671	-0.0600631	-0.998729	
-0.1	-0.200227	-1.99115	-0.0500526	-0.999281	-0.200227	-1.99115	-0.0500526	-0.999281	
-0.08	-0.160183	-1.99477	-0.040042	-0.999732	-0.160183	-1.99477	-0.040042	-0.999732	
-0.06	-0.120139	-1.99758	-0.0300315	-1.00008	-0.120139	-1.99758	-0.0300315	-1.00008	
-0.04	-0.080093	-1.99959	-0.020021	-1.00033	-0.080093	-1.99959	-0.020021	-1.00033	
-0.02	-0.0400467	-2.00079	-0.0100105	-1.00048	-0.0400467	-2.00079	-0.0100105	-1.00048	
0	4.49215e-09	-2.00119	-4.51027e-09	-1.00053	4.49215e-09	-2.00119	-4.51027e-09	-1.00053	
0.02	0.0400467	-2.00079	0.0100105	-1.00048	0.0400467	-2.00079	0.0100105	-1.00048	
0.04	0.080093	-1.99959	0.020021	-1.00033	0.080093	-1.99959	0.020021	-1.00033	
0.06	0.120138	-1.99758	0.0300315	-1.00008	0.120138	-1.99758	0.0300315	-1.00008	
0.08	0.160183	-1.99477	0.040042	-0.999732	0.160183	-1.99477	0.040042	-0.999732	
0.1	0.200227	-1.99115	0.0500526	-0.999281	0.200227	-1.99115	0.0500526	-0.999281	
0.12	0.240272	-1.98671	0.0600631	-0.998729	0.240272	-1.98671	0.0600631	-0.998729	
0.14	0.280317	-1.98146	0.0700736	-0.998077	0.280317	-1.98146	0.0700736	-0.998077	
0.16	0.320363	-1.97539	0.0800841	-0.997324	0.320363	-1.97539	0.0800841	-0.997324	
0.18	0.360411	-1.96848	0.0900946	-0.996469	0.360411	-1.96848	0.0900946	-0.996469	
0.2	0.40046	-1.96072	0.100105	-0.995513	0.40046	-1.96072	0.100105	-0.995513	
0.22	0.44051	-1.95212	0.110116	-0.994456	0.44051	-1.95212	0.110116	-0.994456	
0.24	0.48056	-1.94264	0.120126	-0.993297	0.48056	-1.94264	0.120126	-0.993297	
0.26	0.520609	-1.93229	0.130137	-0.992035	0.520609	-1.93229	0.130137	-0.992035	
0.28	0.560653	-1.92105	0.140147	-0.99067	0.560653	-1.92105	0.140147	-0.99067	
0.3	0.600694	-1.9089	0.150158	-0.989202	0.600694	-1.9089	0.150158	-0.989202	
0.32	0.640729	-1.89583	0.160168	-0.987631	0.640729	-1.89583	0.160168	-0.987631	
0.34	0.680762	-1.88182	0.170179	-0.985955	0.680762	-1.88182	0.170179	-0.985955	
0.36	0.720794	-1.86686	0.180189	-0.984175	0.720794	-1.86686	0.180189	-0.984175	
0.38	0.76083	-1.85092	0.1902	-0.98229	0.76083	-1.85092	0.1902	-0.98229	
0.4	0.800875	-1.83398	0.20021	-0.980298	0.800875	-1.83398	0.20021	-0.980298	
0.42	0.840935	-1.81599	0.210221	-0.978201	0.840935	-1.81599	0.210221	-0.978201	
0.44	0.881012	-1.79693	0.220231	-0.975996	0.881012	-1.79693	0.220231	-0.975996	
0.46	0.921107	-1.77675	0.230242	-0.973683	0.921107	-1.77675	0.230242	-0.973683	
0.48	0.961213	-1.7554	0.240252	-0.971261	0.961213	-1.7554	0.240252	-0.971261	
0.5	1.00132	-1.73283	0.250263	-0.96873	1.00132	-1.73283	0.250263	-0.96873	
0.52	1.0414	-1.70898	0.260273	-0.966089	1.0414	-1.70898	0.260273	-0.966089	
0.54	1.08145	-1.68382	0.270284	-0.963336	1.08145	-1.68382	0.270284	-0.963336	
0.56	1.12142	-1.6573	0.280294	-0.960472	1.12142	-1.6573	0.280294	-0.960472	
0.58	1.16132	-1.62939	0.290305	-0.957494	1.16132	-1.62939	0.290305	-0.957494	
0.6	1.20115	-1.60008	0.300316	-0.954401	1.20115	-1.60008	0.300316	-0.954401	
0.62	1.24092	-1.56932	0.310326	-0.951194	1.24092	-1.56932	0.310326	-0.951194	
0.64	1.28072	-1.53707	0.320337	-0.94787	1.28072	-1.53707	0.320337	-0.94787	
0.66	1.32064	-1.50324	0.330348	-0.944427	1.32064	-1.50324	0.330348	-0.944427	
0.68	1.36081	-1.46765	0.340359	-0.940866	1.36081	-1.46765	0.340359	-0.940866	
0.7	1.40136	-1.43004	0.350369	-0.937185	1.40136	-1.43004	0.350369	-0.937185	
0.72	1.44236	-1.39	0.36038	-0.933381	1.44236	-1.39	0.36038	-0.933381	
0.74	1.48375	-1.34701	0.370391	-0.929454	1.48375	-1.34701	0.370391	-0.929454	
0.76	1.52522	-1.30049	0.380402	-0.925401	1.52522	-1.30049	0.380402	-0.925401	
0.78	1.56619	-1.24994	0.390412	-0.921223	1.56619	-1.24994	0.390412	-0.921223	
0.8	1.60579	-1.19514	0.400423	-0.916915	1.60579	-1.19514	0.400423	-0.916915	
0.82	1.64308	-1.13649	0.410433	-0.912478	1.64308	-1.13649	0.410433	-0.912478	
0.84	1.67751	-1.07516	0.420443	-0.907909	1.67751	-1.07516	0.420443	-0.907909	
0.86	1.70979	-1.01307	0.430452	-0.903205	1.70979	-1.01307	0.430452	-0.903205	
0.88	1.74317	-0.952023	0.440462	-0.898366	1.74317	-0.952023	0.440462	-0.898366	
0.9	1.78487	-0.891273	0.450471	-0.893389	1.78487	-0.891273	0.450471	-0.893389	
0.92	1.84587	-0.821154	0.460481	-0.888272	1.84587	-0.821154	0.460481	-0.888272	
0.94	1.93014	-0.711844	0.47049	-0.883012	1.93014	-0.711844	0.47049	-0.883012	
0.96	1.99612	-0.521267	0.4805	-0.877607	1.99612	-0.521267	0.4805	-0.877607	
0.98	1.95238	-0.282022	0.490511	-0.872054	1.95238	-0.282022	0.490511	-0.872054	
1	1.80406	-0.110753	0.500522	-0.86635	1.80406	-0.110753	0.500522	-0.86635	
1.02	1.64564	-0.0337799	0.510534	-0.860492	1.64564	-0.0337799	0.510534	-0.860492	
1.04	1.51892	-0.0071949	0.520547	-0.854477	1.51892	-0.0071949	0.520547	-0.854477	
1.06	1.4221	0.000467594	0.530562	-0.8483	1.4221	0.000467594	0.530562	-0.8483	
1.08	1.34594	0.00201269	0.540578	-0.841958	1.34594	0.00201269	0.540578	-0.841958	
1.1	1.28351	0.00183009	0.550595	-0.835446	1.28351	0.00183009	0.550595	-0.835446	
1.12	1.23051	0.00130861	0.560613	-0.82876	1.23051	0.00130861	0.560613	-0.82876	
1.14	1.18431	0.000839942	0.570631	-0.821895	1.18431	0.000839942	0.570631	-0.821895	
1.16	1.14326	0.000500424	0.580648	-0.814847	1.14326	0.000500424	0.580648	-0.814847	
1.18	1.10626	0.000276688	0.590664	-0.80761	1.10626	0.000276688	0.590664	-0.80761	
1.2	1.07255	0.000137721	0.600677	-0.80018	1.07255	0.000137721	0.600677	-0.80018	
1.22	1.0416	5.56194e-05	0.610686	-0.792552	1.0416	5.56194e-05	0.610686	-0.792552	
1.24	1.01298	9.76558e-06	0.620689	-0.784721	1.01298	9.76558e-06	0.620689	-0.784721	
1.26	0.986384	-1.3851e-05	0.630687	-0.776683	0.986384	-1.3851e-05	0.630687	-0.776683	
1.28	0.961553	-2.43153e-05	0.640677	-0.768433	0.961553	-2.43153e-05	0.640677	-0.768433	
1.3	0.938281	-2.73323e-05	0.650661	-0.759967	0.938281	-2.73323e-05	0.650661	-0.759967	
1.32	0.916397	-2.63895e-05	0.660637	-0.75128	0.916397	-2.63895e-05	0.660637	-0.75128	
1.34	0.895757	-2.35598e-05	0.67061	-0.742368	0.895757	-2.35598e-05	0.67061	-0.742368	
1.36	0.87624	-2.00336e-05	0.68058	-0.733224	0.87624	-2.00336e-05	0.68058	-0.733224	
1.38	0.857741	-1.6462e-05	0.690553	-0.723842	0.857741	-1.6462e-05	0.690553	-0.723842	
1.4	0.84017	-1.31731e-05	0.700534	-0.714213	0.84017	-1.31731e-05	0.700534	-0.714213	
1.42	0.823446	-1.03071e-05	0.710529	-0.704326	0.823446	-1.03071e-05	0.710529	-0.704326	
1.44	0.807502	-7.89892e-06	0.720548	-0.694167	0.807502	-7.89892e-06	0.720548	-0.694167	
1.46	0.792275	-5.92826e-06	0.730598	-0.683716	0.792275	-5.92826e-06	0.730598	-0.683716	
1.48	0.777712	-4.34866e-06	0.740686	-0.672951	0.777712	-4.34866e-06	0.740686	-0.672951	
1.5	0.763764	-3.10439e-06	0.750818	-0.661843	0.763764	-3.10439e-06	0.750818	-0.661843	
1.52	0.750387	-2.13957e-06	0.760996	-0.650358	0.750387	-2.13957e-06	0.760996	-0.650358	
1.54	0.737544	-1.40278e-06	0.771215	-0.638456	0.737544	-1.40278e-06	0.771215	-0.638456	
1.56	0.725198	-8.48975e-07	0.781465	-0.626095	0.725198	-8.48975e-07	0.781465	-0.626095	
1.58	0.713317	-4.39969e-07	0.791723	-0.61323	0.713317	-4.39969e-07	0.791723	-0.61323	
1.6	0.701873	-1.44143e-07	0.801957	-0.599815	0.701873	-1.44143e-07	0.801957	-0.599815	
1.62	0.69084	6.42439e-08	0.812119	-0.585814	0.69084	6.42439e-08	0.812119	-0.585814	
1.64	0.680193	2.05861e-07	0.822153	-0.571201	0.680193	2.05861e-07	0.822153	-0.571201	
1.66	0.669909	2.97115e-07	0.831994	-0.555968	0.669909	2.97115e-07	0.831994	-0.555968	
1.68	0.65997	3.50898e-07	0.841574	-0.540134	0.65997	3.50898e-07	0.841574	-0.540134	
1.7	0.650355	3.77249e-07	0.850841	-0.523752	0.650355	3.77249e-07	0.850841	-0.523752	
1.72	0.641048	3.83917e-07	0.859772	-0.506908	0.641048	3.83917e-07	0.859772	-0.506908	
1.74	0.632033	3.76826e-07	0.868399	-0.489719	0.632033	3.76826e-07	0.868399	-0.489719	
1.76	0.623294	3.60465e-07	0.876846	-0.472318	0.623294	3.60465e-07	0.876846	-0.472318	
1.78	0.614819	3.38196e-07	0.885364	-0.454819	0.614819	3.38196e-07	0.885364	-0.454819	
1.8	0.606594	3.12505e-07	0.894378	-0.437253	0.606594	3.12505e-07	0.894378	-0.437253	
1.82	0.598608	2.85206e-07	0.904517	-0.419445	0.598608	2.85206e-07	0.904517	-0.419445	
1.84	0.590849	2.57592e-07	0.916609	-0.400819	0.590849	2.57592e-07	0.916609	-0.400819	
1.86	0.583307	2.30565e-07	0.931535	-0.380082	0.583307	2.30565e-07	0.931535	-0.380082	
1.88	0.575972	2.04729e-07	0.949763	-0.354836	0.575972	2.04729e-07	0.949763	-0.354836	
1.9	0.568836	1.80466e-07	0.970244	-0.321423	0.568836	1.80466e-07	0.970244	-0.321423	
1.92	0.561889	1.57997e-07	0.988678	-0.275965	0.561889	1.57997e-07	0.988678	-0.275965	
1.94	0.555124	1.3742e-07	0.996758	-0.217816	0.555124	1.3742e-07	0.996758	-0.217816	
1.96	0.548533	1.18753e-07	0.98598	-0.153707	0.548533	1.18753e-07	0.98598	-0.153707	
1.98	0.542109	1.01952e-07	0.955188	-0.0958753	0.542109	1.01952e-07	0.955188	-0.0958753	
2	0.535845	8.69357e-08	0.91223	-0.0532368	0.535845	8.69357e-08	0.91223	-0.0532368	
2.02	0.529734	7.35966e-08	0.866942	-0.0265717	0.529734	7.35966e-08	0.866942	-0.0265717	
2.04	0.523772	6.18136e-08	0.825321	-0.0117645	0.523772	6.18136e-08	0.825321	-0.0117645	
2.06	0.517952	5.14593e-08	0.789292	-0.00423131	0.517952	5.14593e-08	0.789292	-0.00423131	
2.08	0.512269	4.2405e-08	0.758637	-0.000700074	0.512269	4.2405e-08	0.758637	-0.000700074	
2.1	0.506718	3.45252e-08	0.732447	0.000774474	0.506718	3.45252e-08	0.732447	0.000774474	
2.12	0.501294	2.76998e-08	0.709777	0.00124937	0.501294	2.76998e-08	0.709777	0.00124937	
2.14	0.495992	2.18157e-08	0.689845	0.00127072	0.495992	2.18157e-08	0.689845	0.00127072	
2.16	0.490808	1.67678e-08	0.672054	0.00111033	0.490808	1.67678e-08	0.672054	0.00111033	
2.18	0.485738	1.24596e-08	0.655963	0.000897887	0.485738	1.24596e-08	0.655963	0.000897887	
2.2	0.480778	8.80299e-09	0.641248	0.000691241	0.480778	8.80299e-09	0.641248	0.000691241	
2.22	0.475925	5.71807e-09	0.627667	0.00051282	0.475925	5.71807e-09	0.627667	0.00051282	
2.24	0.471174	3.133e-09	0.615037	0.000368258	0.471174	3.133e-09	0.615037	0.000368258	
2.26	0.466522	9.83407e-10	0.60322	0.000255776	0.466522	9.83407e-10	0.60322	0.000255776	
2.28	0.461967	-7.88145e-10	0.592108	0.000170801	0.461967	-7.88145e-10	0.592108	0.000170801	
2.3	0.457504	-2.23266e-09	0.581615	0.000108153	0.457504	-2.23266e-09	0.581615	0.000108153	
2.32	0.453132	-3.39528e-09	0.57167	6.30039e-05	0.453132	-3.39528e-09	0.57167	6.30039e-05	
2.34	0.448846	-4.31584e-09	0.562217	3.12335e-05	0.448846	-4.31584e-09	0.562217	3.12335e-05	
2.36	0.444646	-5.02935e-09	0.553208	9.49136e-06	0.444646	-5.02935e-09	0.553208	9.49136e-06	
2.38	0.440527	-5.56653e-09	0.544603	-4.86169e-06	0.440527	-5.56653e-09	0.544603	-4.86169e-06	
2.4	0.436487	-5.95424e-09	0.536367	-1.38598e-05	0.436487	-5.95424e-09	0.536367	-1.38598e-05	
2.42	0.432524	-6.2159e-09	0.52847	-1.90444e-05	0.432524	-6.2159e-09	0.52847	-1.90444e-05	
2.44	0.428636	-6.37187e-09	0.520887	-2.15678e-05	0.428636	-6.37187e-09	0.520887	-2.15678e-05	
2.46	0.424821	-6.43984e-09	0.513593	-2.228e-05	0.424821	-6.43984e-09	0.513593	-2.228e-05	
2.48	0.421076	-6.43508e-09	0.50657	-2.18008e-05	0.421076	-6.43508e-09	0.50657	-2.18008e-05	
2.5	0.4174	-6.3708e-09	0.499797	-2.05761e-05	0.4174	-6.3708e-09	0.499797	-2.05761e-05	
2.52	0.41379	-6.25832e-09	0.49326	-1.89219e-05	0.41379	-6.25832e-09	0.49326	-1.89219e-05	
2.54	0.410244	-6.10738e-09	0.486944	-1.7058e-05	0.410244	-6.10738e-09	0.486944	-1.7058e-05	
2.56	0.406762	-5.92629e-09	0.480834	-1.51341e-05	0.406762	-5.92629e-09	0.480834	-1.51341e-05	
2.58	0.40334	-5.72213e-09	0.47492	-1.32486e-05	0.40334	-5.72213e-09	0.47492	-1.32486e-05	
2.6	0.399978	-5.5009e-09	0.469189	-1.14634e-05	0.399978	-5.5009e-09	0.469189	-1.14634e-05	
2.62	0.396674	-5.26766e-09	0.463632	-9.8143e-06	0.396674	-5.26766e-09	0.463632	-9.8143e-06	
2.64	0.393427	-5.02668e-09	0.458239	-8.3192e-06	0.393427	-5.02668e-09	0.458239	-8.3192e-06	
2.66	0.390234	-4.7815e-09	0.453002	-6.98364e-06	0.390234	-4.7815e-09	0.453002	-6.98364e-06	
2.68	0.387094	-4.53508e-09	0.447913	-5.80501e-06	0.387094	-4.53508e-09	0.447913	-5.80501e-06	
2.7	0.384007	-4.28984e-09	0.442964	-4.77561e-06	0.384007	-4.28984e-09	0.442964	-4.77561e-06	
2.72	0.38097	-4.04775e-09	0.438149	-3.88467e-06	0.38097	-4.04775e-09	0.438149	-3.88467e-06	
2.74	0.377982	-3.81042e-09	0.433462	-3.1199e-06	0.377982	-3.81042e-09	0.433462	-3.1199e-06	
2.76	0.375043	-3.57909e-09	0.428895	-2.46847e-06	0.375043	-3.57909e-09	0.428895	-2.46847e-06	
2.78	0.372151	-3.35475e-09	0.424445	-1.91768e-06	0.372151	-3.35475e-09	0.424445	-1.91768e-06	
2.8	0.369304	-3.13815e-09	0.420106	-1.45541e-06	0.369304	-3.13815e-09	0.420106	-1.45541e-06	
2.82	0.366503	-2.92982e-09	0.415873	-1.07034e-06	0.366503	-2.92982e-09	0.415873	-1.07034e-06	
2.84	0.363745	-2.73013e-09	0.411742	-7.52121e-07	0.363745	-2.73013e-09	0.411742	-7.52121e-07	
2.86	0.361029	-2.53933e-09	0.407708	-4.91408e-07	0.361029	-2.53933e-09	0.407708	-4.91408e-07	
2.88	0.358355	-2.35751e-09	0.403767	-2.79859e-07	0.358355	-2.35751e-09	0.403767	-2.79859e-07	
2.9	0.355722	-2.18469e-09	0.399917	-1.10095e-07	0.355722	-2.18469e-09	0.399917	-1.10095e-07	
2.92	0.353128	-2.02081e-09	0.396152	2.43532e-08	0.353128	-2.02081e-09	0.396152	2.43532e-08	
2.94	0.350573	-1.86573e-09	0.392471	1.29126e-07	0.350573	-1.86573e-09	0.392471	1.29126e-07	
2.96	0.348056	-1.71927e-09	0.388869	2.0911e-07	0.348056	-1.71927e-09	0.388869	2.0911e-07	
2.98	0.345576	-1.58121e-09	0.385345	2.68512e-07	0.345576	-1.58121e-09	0.385345	2.68512e-07	
3	0.343132	-1.45128e-09	0.381894	3.10941e-07	0.343132	-1.45128e-09	0.381894	3.10941e-07	
3.02	0.340724	-1.3292e-09	0.378515	3.39476e-07	0.340724	-1.3292e-09	0.378515	3.39476e-07	
3.04	0.33835	-1.21468e-09	0.375205	3.56731e-07	0.33835	-1.21468e-09	0.375205	3.56731e-07	
3.06	0.33601	-1.10741e-09	0.371962	3.64917e-07	0.33601	-1.10741e-09	0.371962	3.64917e-07	
3.08	0.333702	-1.00707e-09	0.368783	3.65895e-07	0.333702	-1.00707e-09	0.368783	3.65895e-07	
3.1	0.331428	-9.13344e-10	0.365666	3.61225e-07	0.331428	-9.13344e-10	0.365666	3.61225e-07	
3.12	0.329185	-8.25906e-10	0.362609	3.52206e-07	0.329185	-8.25906e-10	0.362609	3.52206e-07	
3.14	0.326972	-7.44442e-10	0.35961	3.39916e-07	0.326972	-7.44442e-10	0.35961	3.39916e-07	
3.16	0.324791	-6.68643e-10	0.356668	3.25246e-07	0.324791	-6.68643e-10	0.356668	3.25246e-07	
3.18	0.322638	-5.98202e-10	0.353781	3.08923e-07	0.322638	-5.98202e-10	0.353781	3.08923e-07	
3.2	0.320515	-5.32824e-10	0.350946	2.91541e-07	0.320515	-5.32824e-10	0.350946	2.91541e-07	
3.22	0.318421	-4.72222e-10	0.348162	2.73577e-07	0.318421	-4.72222e-10	0.348162	2.73577e-07	
3.24	0.316354	-4.16119e-10	0.345429	2.55413e-07	0.316354	-4.16119e-10	0.345429	2.55413e-07	
3.26	0.314315	-3.64247e-10	0.342743	2.3735e-07	0.314315	-3.64247e-10	0.342743	2.3735e-07	
3.28	0.312302	-3.16351e-10	0.340105	2.19623e-07	0.312302	-3.16351e-10	0.340105	2.19623e-07	
3.3	0.310316	-2.72187e-10	0.337511	2.02409e-07	0.310316	-2.72187e-10	0.337511	2.02409e-07	
3.32	0.308355	-2.3152e-10	0.334963	1.85842e-07	0.308355	-2.3152e-10	0.334963	1.85842e-07	
3.34	0.30642	-1.94128e-10	0.332457	1.70015e-07	0.30642	-1.94128e-10	0.332457	1.70015e-07	
3.36	0.304509	-1.59801e-10	0.329992	1.54992e-07	0.304509	-1.59801e-10	0.329992	1.54992e-07	
3.38	0.302623	-1.28336e-10	0.327569	1.40813e-07	0.302623	-1.28336e-10	0.327569	1.40813e-07	
3.4	0.30076	-9.9545e-11	0.325185	1.27496e-07	0.30076	-9.9545e-11	0.325185	1.27496e-07	
3.42	0.298921	-7.3247e-11	0.322839	1.15043e-07	0.298921	-7.3247e-11	0.322839	1.15043e-07	
3.44	0.297104	-4.92725e-11	0.320531	1.03446e-07	0.297104	-4.92725e-11	0.320531	1.03446e-07	
3.46	0.29531	-2.74612e-11	0.318259	9.26851e-08	0.29531	-2.74612e-11	0.318259	9.26851e-08	
3.48	0.293538	-7.66232e-12	0.316023	8.27337e-08	0.293538	-7.66232e-12	0.316023	8.27337e-08	
3.5	0.291788	1.02665e-11	0.313821	7.35601e-08	0.291788	1.02665e-11	0.313821	7.35601e-08	
3.52	0.290059	2.64586e-11	0.311653	6.51287e-08	0.290059	2.64586e-11	0.311653	6.51287e-08	
3.54	0.28835	4.10398e-11	0.309519	5.74016e-08	0.28835	4.10398e-11	0.309519	5.74016e-08	
3.56	0.286662	5.41277e-11	0.307416	5.03393e-08	0.286662	5.41277e-11	0.307416	5.03393e-08	
3.58	0.284994	6.58329e-11	0.305344	4.39019e-08	0.284994	6.58329e-11	0.305344	4.39019e-08	
3.6	0.283346	7.62587e-11	0.303303	3.80493e-08	0.283346	7.62587e-11	0.303303	3.80493e-08	
3.62	0.281717	8.55021e-11	0.301292	3.27424e-08	0.281717	8.55021e-11	0.301292	3.27424e-08	
3.64	0.280107	9.36538e-11	0.29931	2.79427e-08	0.280107	9.36538e-11	0.29931	2.79427e-08	
3.66	0.278516	1.00798e-10	0.297356	2.36134e-08	0.278516	1.00798e-10	0.297356	2.36134e-08	
3.68	0.276943	1.07015e-10	0.29543	1.97187e-08	0.276943	1.07015e-10	0.29543	1.97187e-08	
3.7	0.275388	1.12378e-10	0.293531	1.6225e-08	0.275388	1.12378e-10	0.293531	1.6225e-08	
3.72	0.273851	1.16955e-10	0.291659	1.30999e-08	0.273851	1.16955e-10	0.291659	1.30999e-08	
3.74	0.272331	1.20811e-10	0.289812	1.03133e-08	0.272331	1.20811e-10	0.289812	1.03133e-08	
3.76	0.270828	1.24007e-10	0.287991	7.8365e-09	0.270828	1.24007e-10	0.287991	7.8365e-09	
3.78	0.269342	1.26597e-10	0.286195	5.64285e-09	0.269342	1.26597e-10	0.286195	5.64285e-09	
3.8	0.267873	1.28633e-10	0.284423	3.70737e-09	0.267873	1.28633e-10	0.284423	3.70737e-09	
3.82	0.266419	1.30164e-10	0.282674	2.00683e-09	0.266419	1.30164e-10	0.282674	2.00683e-09	
3.84	0.264982	1.31234e-10	0.280949	5.19633e-10	0.264982	1.31234e-10	0.280949	5.19633e-10	
3.86	0.263561	1.31885e-10	0.279247	-7.74206e-10	0.263561	1.31885e-10	0.279247	-7.74206e-10	
3.88	0.262154	1.32156e-10	0.277566	-1.89317e-09	0.262154	1.32156e-10	0.277566	-1.89317e-09	
3.9	0.260763	1.32081e-10	0.275908	-2.85428e-09	0.260763	1.32081e-10	0.275908	-2.85428e-09	
3.92	0.259387	1.31695e-10	0.274271	-3.67325e-09	0.259387	1.31695e-10	0.274271	-3.67325e-09	
3.94	0.258026	1.31029e-10	0.272654	-4.36446e-09	0.258026	1.31029e-10	0.272654	-4.36446e-09	
3.96	0.256679	1.30109e-10	0.271058	-4.94113e-09	0.256679	1.30109e-10	0.271058	-4.94113e-09	
3.98	0.255347	1.28964e-10	0.269483	-5.41535e-09	0.255347	1.28964e-10	0.269483	-5.41535e-09	
4	0.254028	1.27616e-10	0.267926	-5.79817e-09	0.254028	1.27616e-10	0.267926	-5.79817e-09	
4.02	0.252723	1.26089e-10	0.266389	-6.09966e-09	0.252723	1.26089e-10	0.266389	-6.09966e-09	
4.04	0.251432	1.24403e-10	0.264871	-6.32901e-09	0.251432	1.24403e-10	0.264871	-6.32901e-09	
4.06	0.250154	1.22578e-10	0.263371	-6.49457e-09	0.250154	1.22578e-10	0.263371	-6.49457e-09	
4.08	0.248889	1.20629e-10	0.26189	-6.60392e-09	0.248889	1.20629e-10	0.26189	-6.60392e-09	
4.1	0.247637	1.18575e-10	0.260426	-6.66391e-09	0.247637	1.18575e-10	0.260426	-6.66391e-09	
4.12	0.246398	1.1643e-10	0.25898	-6.68078e-09	0.246398	1.1643e-10	0.25898	-6.68078e-09	
4.14	0.245171	1.14206e-10	0.25755	-6.66014e-09	0.245171	1.14206e-10	0.25755	-6.66014e-09	
4.16	0.243957	1.11918e-10	0.256138	-6.60704e-09	0.243957	1.11918e-10	0.256138	-6.60704e-09	
4.18	0.242754	1.09576e-10	0.254742	-6.52606e-09	0.242754	1.09576e-10	0.254742	-6.52606e-09	
4.2	0.241564	1.0719e-10	0.253362	-6.42129e-09	0.241564	1.0719e-10	0.253362	-6.42129e-09	
4.22	0.240386	1.04771e-10	0.251998	-6.29641e-09	0.240386	1.04771e-10	0.251998	-6.29641e-09	
4.24	0.239219	1.02327e-10	0.25065	-6.1547e-09	0.239219	1.02327e-10	0.25065	-6.1547e-09	
4.26	0.238063	9.98656e-11	0.249317	-5.99911e-09	0.238063	9.98656e-11	0.249317	-5.99911e-09	
4.28	0.236919	9.73945e-11	0.247999	-5.83226e-09	0.236919	9.73945e-11	0.247999	-5.83226e-09	
4.3	0.235786	9.49201e-11	0.246696	-5.65648e-09	0.235786	9.49201e-11	0.246696	-5.65648e-09	
4.32	0.234664	9.24483e-11	0.245407	-5.47383e-09	0.234664	9.24483e-11	0.245407	-5.47383e-09	
4.34	0.233553	8.99846e-11	0.244132	-5.28613e-09	0.233553	8.99846e-11	0.244132	-5.28613e-09	
4.36	0.232452	8.75337e-11	0.242872	-5.095e-09	0.232452	8.75337e-11	0.242872	-5.095e-09	
4.38	0.231362	8.50999e-11	0.241625	-4.90184e-09	0.231362	8.50999e-11	0.241625	-4.90184e-09	
4.4	0.230282	8.26872e-11	0.240392	-4.70791e-09	0.230282	8.26872e-11	0.240392	-4.70791e-09	
4.42	0.229212	8.0299e-11	0.239172	-4.51426e-09	0.229212	8.0299e-11	0.239172	-4.51426e-09	
4.44	0.228152	7.79384e-11	0.237965	-4.32183e-09	0.228152	7.79384e-11	0.237965	-4.32183e-09	
4.46	0.227103	7.56081e-11	0.236771	-4.13143e-09	0.227103	7.56081e-11	0.236771	-4.13143e-09	
4.48	0.226062	7.33106e-11	0.23559	-3.94373e-09	0.226062	7.33106e-11	0.23559	-3.94373e-09	
4.5	0.225032	7.10478e-11	0.234421	-3.75934e-09	0.225032	7.10478e-11	0.234421	-3.75934e-09	
4.52	0.224011	6.88217e-11	0.233264	-3.57872e-09	0.224011	6.88217e-11	0.233264	-3.57872e-09	
4.54	0.222999	6.66337e-11	0.232119	-3.40229e-09	0.222999	6.66337e-11	0.232119	-3.40229e-09	
4.56	0.221997	6.44853e-11	0.230986	-3.23039e-09	0.221997	6.44853e-11	0.230986	-3.23039e-09	
4.58	0.221003	6.23775e-11	0.229864	-3.06328e-09	0.221003	6.23775e-11	0.229864	-3.06328e-09	
4.6	0.220019	6.03113e-11	0.228755	-2.90116e-09	0.220019	6.03113e-11	0.228755	-2.90116e-09	
4.62	0.219043	5.82874e-11	0.227656	-2.74419e-09	0.219043	5.82874e-11	0.227656	-2.74419e-09	
4.64	0.218076	5.63063e-11	0.226568	-2.59249e-09	0.218076	5.63063e-11	0.226568	-2.59249e-09	
4.66	0.217118	5.43686e-11	0.225491	-2.44611e-09	0.217118	5.43686e-11	0.225491	-2.44611e-09	
4.68	0.216168	5.24745e-11	0.224425	-2.30511e-09	0.216168	5.24745e-11	0.224425	-2.30511e-09	
4.7	0.215227	5.06241e-11	0.22337	-2.16949e-09	0.215227	5.06241e-11	0.22337	-2.16949e-09	
4.72	0.214294	4.88175e-11	0.222325	-2.03921e-09	0.214294	4.88175e-11	0.222325	-2.03921e-09	
4.74	0.213369	4.70548e-11	0.22129	-1.91425e-09	0.213369	4.70548e-11	0.22129	-1.91425e-09	
4.76	0.212452	4.53357e-11	0.220265	-1.79452e-09	0.212452	4.53357e-11	0.220265	-1.79452e-09	
4.78	0.211543	4.36599e-11	0.219251	-1.67996e-09	0.211543	4.36599e-11	0.219251	-1.67996e-09	
4.8	0.210641	4.20274e-11	0.218246	-1.57047e-09	0.210641	4.20274e-11	0.218246	-1.57047e-09	
4.82	0.209748	4.04375e-11	0.21725	-1.46594e-09	0.209748	4.04375e-11	0.21725	-1.46594e-09	
4.84	0.208862	3.88901e-11	0.216264	-1.36625e-09	0.208862	3.88901e-11	0.216264	-1.36625e-09	
4.86	0.207984	3.73845e-11	0.215288	-1.27128e-09	0.207984	3.73845e-11	0.215288	-1.27128e-09	
4.88	0.207113	3.59203e-11	0.21432	-1.1809e-09	0.207113	3.59203e-11	0.21432	-1.1809e-09	
4.9	0.206249	3.44969e-11	0.213362	-1.09497e-09	0.206249	3.44969e-11	0.213362	-1.09497e-09	
4.92	0.205393	3.31136e-11	0.212412	-1.01335e-09	0.205393	3.31136e-11	0.212412	-1.01335e-09	
4.94	0.204544	3.177e-11	0.211472	-9.35894e-10	0.204544	3.177e-11	0.211472	-9.35894e-10	
4.96	0.203702	3.04653e-11	0.21054	-8.6247e-10	0.203702	3.04653e-11	0.21054	-8.6247e-10	
4.98	0.202867	2.91988e-11	0.209617	-7.92927e-10	0.202867	2.91988e-11	0.209617	-7.92927e-10	
5	0.202038	2.79699e-11	0.208702	-7.27123e-10	0.202038	2.79699e-11	0.208702	-7.27123e-10	
5.02	0.201217	2.67777e-11	0.207795	-6.64914e-10	0.201217	2.67777e-11	0.207795	-6.64914e-10	
5.04	0.200402	2.56218e-11	0.206897	-6.06158e-10	0.200402	2.56218e-11	0.206897	-6.06158e-10	
5.06	0.199594	2.45012e-11	0.206006	-5.50716e-10	0.199594	2.45012e-11	0.206006	-5.50716e-10	
5.08	0.198793	2.34152e-11	0.205124	-4.9845e-10	0.198793	2.34152e-11	0.205124	-4.9845e-10	
5.1	0.197998	2.23631e-11	0.204249	-4.49224e-10	0.197998	2.23631e-11	0.204249	-4.49224e-10	
5.12	0.197209	2.13441e-11	0.203383	-4.02908e-10	0.197209	2.13441e-11	0.203383	-4.02908e-10	
5.14	0.196427	2.03576e-11	0.202523	-3.59373e-10	0.196427	2.03576e-11	0.202523	-3.59373e-10	
5.16	0.195651	1.94026e-11	0.201672	-3.18491e-10	0.195651	1.94026e-11	0.201672	-3.18491e-10	
5.18	0.194881	1.84786e-11	0.200828	-2.80143e-10	0.194881	1.84786e-11	0.200828	-2.80143e-10	
5.2	0.194117	1.75847e-11	0.199991	-2.44208e-10	0.194117	1.75847e-11	0.199991	-2.44208e-10	
5.22	0.193359	1.67201e-11	0.199161	-2.10573e-10	0.193359	1.67201e-11	0.199161	-2.10573e-10	
5.24	0.192607	1.58843e-11	0.198339	-1.79126e-10	0.192607	1.58843e-11	0.198339	-1.79126e-10	
5.26	0.191861	1.50763e-11	0.197523	-1.4976e-10	0.191861	1.50763e-11	0.197523	-1.4976e-10	
5.28	0.191121	1.42956e-11	0.196715	-1.22371e-10	0.191121	1.42956e-11	0.196715	-1.22371e-10	
5.3	0.190387	1.35414e-11	0.195913	-9.68603e-11	0.190387	1.35414e-11	0.195913	-9.68603e-11	
5.32	0.189658	1.28129e-11	0.195118	-7.31309e-11	0.189658	1.28129e-11	0.195118	-7.31309e-11	
5.34	0.188935	1.21096e-11	0.19433	-5.10907e-11	0.188935	1.21096e-11	0.19433	-5.10907e-11	
5.36	0.188217	1.14307e-11	0.193548	-3.0651e-11	0.188217	1.14307e-11	0.193548	-3.0651e-11	
5.38	0.187505	1.07755e-11	0.192773	-1.17267e-11	0.187505	1.07755e-11	0.192773	-1.17267e-11	
5.4	0.186799	1.01434e-11	0.192005	5.7637e-12	0.186799	1.01434e-11	0.192005	5.7637e-12	
5.42	0.186097	9.5338e-12	0.191242	2.18985e-11	0.186097	9.5338e-12	0.191242	2.18985e-11	
5.44	0.185401	8.94592e-12	0.190486	3.67525e-11	0.185401	8.94592e-12	0.190486	3.67525e-11	
5.46	0.18471	8.37928e-12	0.189736	5.03972e-11	0.18471	8.37928e-12	0.189736	5.03972e-11	
5.48	0.184025	7.83319e-12	0.188992	6.2901e-11	0.184025	7.83319e-12	0.188992	6.2901e-11	
5.5	0.183344	7.30705e-12	0.188255	7.43291e-11	0.183344	7.30705e-12	0.188255	7.43291e-11	
5.52	0.182669	6.80027e-12	0.187523	8.4744e-11	0.182669	6.80027e-12	0.187523	8.4744e-11	
5.54	0.181998	6.31235e-12	0.186797	9.42049e-11	0.181998	6.31235e-12	0.186797	9.42049e-11	
5.56	0.181333	5.84264e-12	0.186077	1.02769e-10	0.181333	5.84264e-12	0.186077	1.02769e-10	
5.58	0.180672	5.39063e-12	0.185362	1.10489e-10	0.180672	5.39063e-12	0.185362	1.10489e-10	
5.6	0.180016	4.95581e-12	0.184653	1.17417e-10	0.180016	4.95581e-12	0.184653	1.17417e-10	
5.62	0.179365	4.53758e-12	0.18395	1.23602e-10	0.179365	4.53758e-12	0.18395	1.23602e-10	
5.64	0.178719	4.13551e-12	0.183253	1.2909e-10	0.178719	4.13551e-12	0.183253	1.2909e-10	
5.66	0.178077	3.74905e-12	0.18256	1.33925e-10	0.178077	3.74905e-12	0.18256	1.33925e-10	
5.68	0.17744	3.37772e-12	0.181874	1.38149e-10	0.17744	3.37772e-12	0.181874	1.38149e-10	
5.7	0.176808	3.0211e-12	0.181192	1.41803e-10	0.176808	3.0211e-12	0.181192	1.41803e-10	
5.72	0.17618	2.67863e-12	0.180516	1.44922e-10	0.17618	2.67863e-12	0.180516	1.44922e-10	
5.74	0.175557	2.34997e-12	0.179845	1.47544e-10	0.175557	2.34997e-12	0.179845	1.47544e-10	
5.76	0.174938	2.03457e-12	0.179179	1.49701e-10	0.174938	2.03457e-12	0.179179	1.49701e-10	
5.78	0.174323	1.7321e-12	0.178518	1.51427e-10	0.174323	1.7321e-12	0.178518	1.51427e-10	
5.8	0.173713	1.44211e-12	0.177862	1.52751e-10	0.173713	1.44211e-12	0.177862	1.52751e-10	
5.82	0.173107	1.16419e-12	0.177211	1.53702e-10	0.173107	1.16419e-12	0.177211	1.53702e-10	
5.84	0.172505	8.9791e-13	0.176565	1.54306e-10	0.172505	8.9791e-13	0.176565	1.54306e-10	
5.86	0.171908	6.42955e-13	0.175924	1.54591e-10	0.171908	6.42955e-13	0.175924	1.54591e-10	
5.88	0.171314	3.98923e-13	0.175288	1.54579e-10	0.171314	3.98923e-13	0.175288	1.54579e-10	
5.9	0.170725	1.65435e-13	0.174656	1.54295e-10	0.170725	1.65435e-13	0.174656	1.54295e-10	
5.92	0.17014	-5.78243e-14	0.174029	1.53758e-10	0.17014	-5.78243e-14	0.174029	1.53758e-10	
5.94	0.169559	-2.71223e-13	0.173407	1.52989e-10	0.169559	-2.71223e-13	0.173407	1.52989e-10	
5.96	0.168981	-4.7508e-13	0.172789	1.52009e-10	0.168981	-4.7508e-13	0.172789	1.52009e-10	
5.98	0.168408	-6.69719e-13	0.172176	1.50833e-10	0.168408	-6.69719e-13	0.172176	1.50833e-10	
6	0.167839	-8.55438e-13	0.171567	1.49481e-10	0.167839	-8.55438e-13	0.171567	1.49481e-10	
6.02	0.167273	-1.03257e-12	0.170963	1.47966e-10	0.167273	-1.03257e-12	0.170963	1.47966e-10	
6.04	0.166712	-1.20139e-12	0.170363	1.46306e-10	0.166712	-1.20139e-12	0.170363	1.46306e-10	
6.06	0.166154	-1.36221e-12	0.169767	1.44512e-10	0.166154	-1.36221e-12	0.169767	1.44512e-10	
6.08	0.1656	-1.51527e-12	0.169176	1.42599e-10	0.1656	-1.51527e-12	0.169176	1.42599e-10	
6.1	0.165049	-1.66087e-12	0.168589	1.40579e-10	0.165049	-1.66087e-12	0.168589	1.40579e-10	
6.12	0.164503	-1.79922e-12	0.168006	1.38464e-10	0.164503	-1.79922e-12	0.168006	1.38464e-10	
6.14	0.16396	-1.93064e-12	0.167427	1.36264e-10	0.16396	-1.93064e-12	0.167427	1.36264e-10	
6.16	0.16342	-2.05534e-12	0.166852	1.3399e-10	0.16342	-2.05534e-12	0.166852	1.3399e-10	
6.18	0.162884	-2.17356e-12	0.166281	1.31651e-10	0.162884	-2.17356e-12	0.166281	1.31651e-10	
6.2	0.162352	-2.28553e-12	0.165715	1.29255e-10	0.162352	-2.28553e-12	0.165715	1.29255e-10	
6.22	0.161823	-2.39147e-12	0.165152	1.26812e-10	0.161823	-2.39147e-12	0.165152	1.26812e-10	
6.24	0.161297	-2.4916e-12	0.164593	1.24329e-10	0.161297	-2.4916e-12	0.164593	1.24329e-10	
6.26	0.160775	-2.58614e-12	0.164038	1.21813e-10	0.160775	-2.58614e-12	0.164038	1.21813e-10	
6.28	0.160257	-2.67531e-12	0.163487	1.1927e-10	0.160257	-2.67531e-12	0.163487	1.1927e-10	
6.3	0.159741	-2.75923e-12	0.16294	1.16708e-10	0.159741	-2.75923e-12	0.16294	1.16708e-10	
6.32	0.159229	-2.83816e-12	0.162396	1.14131e-10	0.159229	-2.83816e-12	0.162396	1.14131e-10	
6.34	0.158721	-2.91227e-12	0.161856	1.11546e-10	0.158721	-2.91227e-12	0.161856	1.11546e-10	
6.36	0.158215	-2.98176e-12	0.16132	1.08957e-10	0.158215	-2.98176e-12	0.16132	1.08957e-10	
6.38	0.157713	-3.04677e-12	0.160787	1.06368e-10	0.157713	-3.04677e-12	0.160787	1.06368e-10	
6.4	0.157214	-3.10746e-12	0.160259	1.03784e-10	0.157214	-3.10746e-12	0.160259	1.03784e-10	
6.42	0.156718	-3.16401e-12	0.159733	1.01208e-10	0.156718	-3.16401e-12	0.159733	1.01208e-10	
6.44	0.156226	-3.21658e-12	0.159211	9.86454e-11	0.156226	-3.21658e-12	0.159211	9.86454e-11	
6.46	0.155736	-3.2653e-12	0.158693	9.6098e-11	0.155736	-3.2653e-12	0.158693	9.6098e-11	
6.48	0.15525	-3.31037e-12	0.158178	9.35691e-11	0.15525	-3.31037e-12	0.158178	9.35691e-11	
6.5	0.154766	-3.35185e-12	0.157666	9.10616e-11	0.154766	-3.35185e-12	0.157666	9.10616e-11	
6.52	0.154286	-3.38996e-12	0.157158	8.85779e-11	0.154286	-3.38996e-12	0.157158	8.85779e-11	
6.54	0.153808	-3.42479e-12	0.156653	8.61202e-11	0.153808	-3.42479e-12	0.156653	8.61202e-11	
6.56	0.153334	-3.45647e-12	0.156152	8.36906e-11	0.153334	-3.45647e-12	0.156152	8.36906e-11	
6.58	0.152862	-3.48512e-12	0.155654	8.12911e-11	0.152862	-3.48512e-12	0.155654	8.12911e-11	
6.6	0.152394	-3.51087e-12	0.155159	7.89231e-11	0.152394	-3.51087e-12	0.155159	7.89231e-11	
6.62	0.151928	-3.53384e-12	0.154667	7.65882e-11	0.151928	-3.53384e-12	0.154667	7.65882e-11	
6.64	0.151465	-3.55414e-12	0.154178	7.42877e-11	0.151465	-3.55414e-12	0.154178	7.42877e-11	
6.66	0.151005	-3.57187e-12	0.153693	7.20228e-11	0.151005	-3.57187e-12	0.153693	7.20228e-11	
6.68	0.150548	-3.58715e-12	0.153211	6.97944e-11	0.150548	-3.58715e-12	0.153211	6.97944e-11	
6.7	0.150093	-3.60008e-12	0.152732	6.76036e-11	0.150093	-3.60008e-12	0.152732	6.76036e-11	
6.72	0.149642	-3.61073e-12	0.152255	6.54509e-11	0.149642	-3.61073e-12	0.152255	6.54509e-11	
6.74	0.149193	-3.61924e-12	0.151782	6.33371e-11	0.149193	-3.61924e-12	0.151782	6.33371e-11	
6.76	0.148746	-3.62565e-12	0.151312	6.12627e-11	0.148746	-3.62565e-12	0.151312	6.12627e-11	
6.78	0.148303	-3.63011e-12	0.150845	5.9228e-11	0.148303	-3.63011e-12	0.150845	5.9228e-11	
6.8	0.147862	-3.63262e-12	0.150381	5.72335e-11	0.147862	-3.63262e-12	0.150381	5.72335e-11	
6.82	0.147423	-3.63333e-12	0.14992	5.52793e-11	0.147423	-3.63333e-12	0.14992	5.52793e-11	
6.84	0.146987	-3.63232e-12	0.149461	5.33656e-11	0.146987	-3.63232e-12	0.149461	5.33656e-11	
6.86	0.146554	-3.62965e-12	0.149006	5.14925e-11	0.146554	-3.62965e-12	0.149006	5.14925e-11	
6.88	0.146124	-3.62539e-12	0.148553	4.966e-11	0.146124	-3.62539e-12	0.148553	4.966e-11	
6.9	0.145696	-3.6196e-12	0.148103	4.7868e-11	0.145696	-3.6196e-12	0.148103	4.7868e-11	
6.92	0.14527	-3.61238e-12	0.147656	4.61165e-11	0.14527	-3.61238e-12	0.147656	4.61165e-11	
6.94	0.144847	-3.60377e-12	0.147211	4.44053e-11	0.144847	-3.60377e-12	0.147211	4.44053e-11	
6.96	0.144426	-3.59385e-12	0.14677	4.2734e-11	0.144426	-3.59385e-12	0.14677	4.2734e-11	
6.98	0.144008	-3.58269e-12	0.146331	4.11025e-11	0.144008	-3.58269e-12	0.146331	4.11025e-11	
7	0.143593	-3.57032e-12	0.145895	3.95106e-11	0.143593	-3.57032e-12	0.145895	3.95106e-11	
7.02	0.143179	-3.55681e-12	0.145461	3.79578e-11	0.143179	-3.55681e-12	0.145461	3.79578e-11	
7.04	0.142768	-3.54223e-12	0.14503	3.64437e-11	0.142768	-3.54223e-12	0.14503	3.64437e-11	
7.06	0.14236	-3.52662e-12	0.144601	3.4968e-11	0.14236	-3.52662e-12	0.144601	3.4968e-11	
7.08	0.141954	-3.51006e-12	0.144176	3.35301e-11	0.141954	-3.51006e-12	0.144176	3.35301e-11	
7.1	0.14155	-3.49255e-12	0.143752	3.21297e-11	0.14155	-3.49255e-12	0.143752	3.21297e-11	
7.12	0.141148	-3.47417e-12	0.143332	3.07663e-11	0.141148	-3.47417e-12	0.143332	3.07663e-11	
7.14	0.140749	-3.45497e-12	0.142913	2.94392e-11	0.140749	-3.45497e-12	0.142913	2.94392e-11	
7.16	0.140352	-3.43498e-12	0.142498	2.81481e-11	0.140352	-3.43498e-12	0.142498	2.81481e-11	
7.18	0.139957	-3.41424e-12	0.142084	2.68924e-11	0.139957	-3.41424e-12	0.142084	2.68924e-11	
7.2	0.139564	-3.3928e-12	0.141674	2.56715e-11	0.139564	-3.3928e-12	0.141674	2.56715e-11	
7.22	0.139174	-3.37071e-12	0.141265	2.44847e-11	0.139174	-3.37071e-12	0.141265	2.44847e-11	
7.24	0.138786	-3.34799e-12	0.140859	2.33317e-11	0.138786	-3.34799e-12	0.140859	2.33317e-11	
7.26	0.1384	-3.32469e-12	0.140455	2.22118e-11	0.1384	-3.32469e-12	0.140455	2.22118e-11	
7.28	0.138016	-3.30085e-12	0.140054	2.11243e-11	0.138016	-3.30085e-12	0.140054	2.11243e-11	
7.3	0.137634	-3.27648e-12	0.139655	2.00687e-11	0.137634	-3.27648e-12	0.139655	2.00687e-11	
7.32	0.137255	-3.25163e-12	0.139258	1.90444e-11	0.137255	-3.25163e-12	0.139258	1.90444e-11	
7.34	0.136877	-3.22634e-12	0.138864	1.80508e-11	0.136877	-3.22634e-12	0.138864	1.80508e-11	
7.36	0.136502	-3.20062e-12	0.138472	1.70872e-11	0.136502	-3.20062e-12	0.138472	1.70872e-11	
7.38	0.136128	-3.17453e-12	0.138082	1.61531e-11	0.136128	-3.17453e-12	0.138082	1.61531e-11	
7.4	0.135757	-3.14805e-12	0.137694	1.52478e-11	0.135757	-3.14805e-12	0.137694	1.52478e-11	
7.42	0.135388	-3.12125e-12	0.137309	1.43708e-11	0.135388	-3.12125e-12	0.137309	1.43708e-11	
7.44	0.13502	-3.09415e-12	0.136926	1.35214e-11	0.13502	-3.09415e-12	0.136926	1.35214e-11	
7.46	0.134655	-3.06675e-12	0.136545	1.2699e-11	0.134655	-3.06675e-12	0.136545	1.2699e-11	
7.48	0.134292	-3.03911e-12	0.136166	1.1903e-11	0.134292	-3.03911e-12	0.136166	1.1903e-11	
7.5	0.13393	-3.01123e-12	0.135789	1.11329e-11	0.13393	-3.01123e-12	0.135789	1.11329e-11	
7.52	0.133571	-2.98312e-12	0.135414	1.0388e-11	0.133571	-2.98312e-12	0.135414	1.0388e-11	
7.54	0.133214	-2.95483e-12	0.135042	9.6678e-12	0.133214	-2.95483e-12	0.135042	9.6678e-12	
7.56	0.132858	-2.92638e-12	0.134671	8.97168e-12	0.132858	-2.92638e-12	0.134671	8.97168e-12	
7.58	0.132504	-2.89777e-12	0.134303	8.29902e-12	0.132504	-2.89777e-12	0.134303	8.29902e-12	
7.6	0.132153	-2.86901e-12	0.133937	7.64928e-12	0.132153	-2.86901e-12	0.133937	7.64928e-12	
7.62	0.131803	-2.84017e-12	0.133572	7.02196e-12	0.131803	-2.84017e-12	0.133572	7.02196e-12	
7.64	0.131455	-2.81121e-12	0.13321	6.41645e-12	0.131455	-2.81121e-12	0.13321	6.41645e-12	
7.66	0.131109	-2.78216e-12	0.13285	5.83218e-12	0.131109	-2.78216e-12	0.13285	5.83218e-12	
7.68	0.130764	-2.75306e-12	0.132491	5.2687e-12	0.130764	-2.75306e-12	0.132491	5.2687e-12	
7.7	0.130422	-2.72391e-12	0.132135	4.7254e-12	0.130422	-2.72391e-12	0.132135	4.7254e-12	
7.72	0.130081	-2.69473e-12	0.131781	4.2018e-12	0.130081	-2.69473e-12	0.131781	4.2018e-12	
7.74	0.129742	-2.66552e-12	0.131428	3.69733e-12	0.129742	-2.66552e-12	0.131428	3.69733e-12	
7.76	0.129405	-2.6363e-12	0.131078	3.2116e-12	0.129405	-2.6363e-12	0.131078	3.2116e-12	
7.78	0.129069	-2.60709e-12	0.130729	2.74397e-12	0.129069	-2.60709e-12	0.130729	2.74397e-12	
7.8	0.128736	-2.5779e-12	0.130382	2.29409e-12	0.128736	-2.5779e-12	0.130382	2.29409e-12	
7.82	0.128404	-2.54874e-12	0.130037	1.86133e-12	0.128404	-2.54874e-12	0.130037	1.86133e-12	
7.84	0.128073	-2.51962e-12	0.129694	1.44537e-12	0.128073	-2.51962e-12	0.129694	1.44537e-12	
7.86	0.127745	-2.49055e-12	0.129353	1.04568e-12	0.127745	-2.49055e-12	0.129353	1.04568e-12	
7.88	0.127418	-2.46155e-12	0.129013	6.61785e-13	0.127418	-2.46155e-12	0.129013	6.61785e-13	
7.9	0.127093	-2.43261e-12	0.128676	2.93286e-13	0.127093	-2.43261e-12	0.128676	2.93286e-13	
7.92	0.126769	-2.40375e-12	0.12834	-6.02646e-14	0.126769	-2.40375e-12	0.12834	-6.02646e-14	
7.94	0.126447	-2.37499e-12	0.128006	-3.99304e-13	0.126447	-2.37499e-12	0.128006	-3.99304e-13	
7.96	0.126127	-2.34633e-12	0.127674	-7.24235e-13	0.126127	-2.34633e-12	0.127674	-7.24235e-13	
7.98	0.125809	-2.31777e-12	0.127343	-1.03548e-12	0.125809	-2.31777e-12	0.127343	-1.03548e-12	
8	0.125491	-2.28931e-12	0.127014	-1.33344e-12	0.125491	-2.28931e-12	0.127014	-1.33344e-12	
8.02	0.125176	-2.26099e-12	0.126687	-1.61847e-12	0.125176	-2.26099e-12	0.126687	-1.61847e-12	
8.04	0.124862	-2.23278e-12	0.126362	-1.89103e-12	0.124862	-2.23278e-12	0.126362	-1.89103e-12	
8.06	0.12455	-2.20472e-12	0.126038	-2.15141e-12	0.12455	-2.20472e-12	0.126038	-2.15141e-12	
8.08	0.124239	-2.17679e-12	0.125716	-2.40001e-12	0.124239	-2.17679e-12	0.125716	-2.40001e-12	
8.1	0.12393	-2.14901e-12	0.125396	-2.63714e-12	0.12393	-2.14901e-12	0.125396	-2.63714e-12	
8.12	0.123623	-2.12139e-12	0.125077	-2.86325e-12	0.123623	-2.12139e-12	0.125077	-2.86325e-12	
8.14	0.123317	-2.09391e-12	0.12476	-3.07857e-12	0.123317	-2.09391e-12	0.12476	-3.07857e-12	
8.16	0.123012	-2.0666e-12	0.124445	-3.28351e-12	0.123012	-2.0666e-12	0.124445	-3.28351e-12	
8.18	0.122709	-2.03946e-12	0.124131	-3.47838e-12	0.122709	-2.03946e-12	0.124131	-3.47838e-12	
8.2	0.122407	-2.01249e-12	0.123819	-3.6635e-12	0.122407	-2.01249e-12	0.123819	-3.6635e-12	
8.22	0.122107	-1.98568e-12	0.123508	-3.83912e-12	0.122107	-1.98568e-12	0.123508	-3.83912e-12	
8.24	0.121809	-1.95906e-12	0.123199	-4.00558e-12	0.121809	-1.95906e-12	0.123199	-4.00558e-12	
8.26	0.121512	-1.93263e-12	0.122892	-4.16321e-12	0.121512	-1.93263e-12	0.122892	-4.16321e-12	
8.28	0.121216	-1.90636e-12	0.122586	-4.31228e-12	0.121216	-1.90636e-12	0.122586	-4.31228e-12	
8.3	0.120922	-1.88031e-12	0.122281	-4.45301e-12	0.120922	-1.88031e-12	0.122281	-4.45301e-12	
8.32	0.120629	-1.85443e-12	0.121979	-4.58575e-12	0.120629	-1.85443e-12	0.121979	-4.58575e-12	
8.34	0.120338	-1.82876e-12	0.121677	-4.71068e-12	0.120338	-1.82876e-12	0.121677	-4.71068e-12	
8.36	0.120048	-1.80327e-12	0.121378	-4.82816e-12	0.120048	-1.80327e-12	0.121378	-4.82816e-12	
8.38	0.119759	-1.77799e-12	0.121079	-4.93837e-12	0.119759	-1.77799e-12	0.121079	-4.93837e-12	
8.4	0.119472	-1.75291e-12	0.120782	-5.04158e-12	0.119472	-1.75291e-12	0.120782	-5.04158e-12	
8.42	0.119186	-1.72804e-12	0.120487	-5.138e-12	0.119186	-1.72804e-12	0.120487	-5.138e-12	
8.44	0.118902	-1.70337e-12	0.120193	-5.22791e-12	0.118902	-1.70337e-12	0.120193	-5.22791e-12	
8.46	0.118619	-1.67891e-12	0.119901	-5.31146e-12	0.118619	-1.67891e-12	0.119901	-5.31146e-12	
8.48	0.118337	-1.65465e-12	0.11961	-5.38896e-12	0.118337	-1.65465e-12	0.11961	-5.38896e-12	
8.5	0.118056	-1.6306e-12	0.11932	-5.4606e-12	0.118056	-1.6306e-12	0.11932	-5.4606e-12	
8.52	0.117777	-1.60677e-12	0.119032	-5.52654e-12	0.117777	-1.60677e-12	0.119032	-5.52654e-12	
8.54	0.1175	-1.58315e-12	0.118745	-5.587e-12	0.1175	-1.58315e-12	0.118745	-5.587e-12	
8.56	0.117223	-1.55974e-12	0.11846	-5.64222e-12	0.117223	-1.55974e-12	0.11846	-5.64222e-12	
8.58	0.116948	-1.53654e-12	0.118176	-5.69233e-12	0.116948	-1.53654e-12	0.118176	-5.69233e-12	
8.6	0.116674	-1.51356e-12	0.117893	-5.73755e-12	0.116674	-1.51356e-12	0.117893	-5.73755e-12	
8.62	0.116402	-1.49079e-12	0.117612	-5.77804e-12	0.116402	-1.49079e-12	0.117612	-5.77804e-12	
8.64	0.11613	-1.46823e-12	0.117332	-5.81402e-12	0.11613	-1.46823e-12	0.117332	-5.81402e-12	
8.66	0.11586	-1.4459e-12	0.117054	-5.84563e-12	0.11586	-1.4459e-12	0.117054	-5.84563e-12	
8.68	0.115592	-1.42378e-12	0.116777	-5.87301e-12	0.115592	-1.42378e-12	0.116777	-5.87301e-12	
8.7	0.115324	-1.40188e-12	0.116501	-5.89636e-12	0.115324	-1.40188e-12	0.116501	-5.89636e-12	
8.72	0.115058	-1.38019e-12	0.116226	-5.9158e-12	0.115058	-1.38019e-12	0.116226	-5.9158e-12	
8.74	0.114793	-1.35872e-12	0.115953	-5.93154e-12	0.114793	-1.35872e-12	0.115953	-5.93154e-12	
8.76	0.114529	-1.33746e-12	0.115681	-5.94367e-12	0.114529	-1.33746e-12	0.115681	-5.94367e-12	
8.78	0.114267	-1.31642e-12	0.115411	-5.95233e-12	0.114267	-1.31642e-12	0.115411	-5.95233e-12	
8.8	0.114005	-1.2956e-12	0.115141	-5.95772e-12	0.114005	-1.2956e-12	0.115141	-5.95772e-12	
8.82	0.113745	-1.27499e-12	0.114873	-5.95988e-12	0.113745	-1.27499e-12	0.114873	-5.95988e-12	
8.84	0.113486	-1.2546e-12	0.114606	-5.95905e-12	0.113486	-1.2546e-12	0.114606	-5.95905e-12	
8.86	0.113228	-1.23442e-12	0.114341	-5.95527e-12	0.113228	-1.23442e-12	0.114341	-5.95527e-12	
8.88	0.112971	-1.21445e-12	0.114076	-5.94868e-12	0.112971	-1.21445e-12	0.114076	-5.94868e-12	
8.9	0.112716	-1.19469e-12	0.113813	-5.93939e-12	0.112716	-1.19469e-12	0.113813	-5.93939e-12	
8.92	0.112462	-1.17515e-12	0.113552	-5.92758e-12	0.112462	-1.17515e-12	0.113552	-5.92758e-12	
8.94	0.112208	-1.15582e-12	0.113291	-5.91331e-12	0.112208	-1.15582e-12	0.113291	-5.91331e-12	
8.96	0.111956	-1.13671e-12	0.113031	-5.89671e-12	0.111956	-1.13671e-12	0.113031	-5.89671e-12	
8.98	0.111706	-1.1178e-12	0.112773	-5.87783e-12	0.111706	-1.1178e-12	0.112773	-5.87783e-12	
9	0.111456	-1.0991e-12	0.112516	-5.85681e-12	0.111456	-1.0991e-12	0.112516	-5.85681e-12	
9.02	0.111207	-1.0806e-12	0.11226	-5.83376e-12	0.111207	-1.0806e-12	0.11226	-5.83376e-12	
9.04	0.11096	-1.06231e-12	0.112006	-5.80875e-12	0.11096	-1.06231e-12	0.112006	-5.80875e-12	
9.06	0.110713	-1.04423e-12	0.111752	-5.78191e-12	0.110713	-1.04423e-12	0.111752	-5.78191e-12	
9.08	0.110468	-1.02636e-12	0.1115	-5.75327e-12	0.110468	-1.02636e-12	0.1115	-5.75327e-12	
9.1	0.110223	-1.00869e-12	0.111249	-5.72298e-12	0.110223	-1.00869e-12	0.111249	-5.72298e-12	
9.12	0.10998	-9.91224e-13	0.110999	-5.69107e-12	0.10998	-9.91224e-13	0.110999	-5.69107e-12	
9.14	0.109738	-9.73952e-13	0.11075	-5.65765e-12	0.109738	-9.73952e-13	0.11075	-5.65765e-12	
9.16	0.109497	-9.56894e-13	0.110502	-5.62281e-12	0.109497	-9.56894e-13	0.110502	-5.62281e-12	
9.18	0.109257	-9.40017e-13	0.110255	-5.58655e-12	0.109257	-9.40017e-13	0.110255	-5.58655e-12	
9.2	0.109018	-9.23344e-13	0.11001	-5.54901e-12	0.109018	-9.23344e-13	0.11001	-5.54901e-12	
9.22	0.10878	-9.06875e-13	0.109765	-5.51029e-12	0.10878	-9.06875e-13	0.109765	-5.51029e-12	
9.24	0.108543	-8.90599e-13	0.109522	-5.47042e-12	0.108543	-8.90599e-13	0.109522	-5.47042e-12	
9.26	0.108308	-8.74511e-13	0.10928	-5.42944e-12	0.108308	-8.74511e-13	0.10928	-5.42944e-12	
9.28	0.108073	-8.58618e-13	0.109038	-5.38744e-12	0.108073	-8.58618e-13	0.109038	-5.38744e-12	
9.3	0.107839	-8.4291e-13	0.108798	-5.34447e-12	0.107839	-8.4291e-13	0.108798	-5.34447e-12	
9.32	0.107606	-8.27408e-13	0.108559	-5.3006e-12	0.107606	-8.27408e-13	0.108559	-5.3006e-12	
9.34	0.107375	-8.12076e-13	0.108321	-5.25589e-12	0.107375	-8.12076e-13	0.108321	-5.25589e-12	
9.36	0.107144	-7.9694e-13	0.108084	-5.21039e-12	0.107144	-7.9694e-13	0.108084	-5.21039e-12	
9.38	0.106914	-7.81991e-13	0.107848	-5.16414e-12	0.106914	-7.81991e-13	0.107848	-5.16414e-12	
9.4	0.106685	-7.67221e-13	0.107614	-5.11723e-12	0.106685	-7.67221e-13	0.107614	-5.11723e-12	
9.42	0.106458	-7.52636e-13	0.10738	-5.06966e-12	0.106458	-7.52636e-13	0.10738	-5.06966e-12	
9.44	0.106231	-7.38229e-13	0.107147	-5.0215e-12	0.106231	-7.38229e-13	0.107147	-5.0215e-12	
9.46	0.106005	-7.24002e-13	0.106915	-4.97283e-12	0.106005	-7.24002e-13	0.106915	-4.97283e-12	
9.48	0.10578	-7.09959e-13	0.106684	-4.92363e-12	0.10578	-7.09959e-13	0.106684	-4.92363e-12	
9.5	0.105556	-6.96081e-13	0.106455	-4.87398e-12	0.105556	-6.96081e-13	0.106455	-4.87398e-12	
9.52	0.105333	-6.82391e-13	0.106226	-4.8239e-12	0.105333	-6.82391e-13	0.106226	-4.8239e-12	
9.54	0.105111	-6.68868e-13	0.105998	-4.77349e-12	0.105111	-6.68868e-13	0.105998	-4.77349e-12	
9.56	0.10489	-6.55513e-13	0.105771	-4.72272e-12	0.10489	-6.55513e-13	0.105771	-4.72272e-12	
9.58	0.10467	-6.42338e-13	0.105546	-4.67164e-12	0.10467	-6.42338e-13	0.105546	-4.67164e-12	
9.6	0.10445	-6.29314e-13	0.105321	-4.6203e-12	0.10445	-6.29314e-13	0.105321	-4.6203e-12	
9.62	0.104232	-6.16474e-13	0.105097	-4.56873e-12	0.104232	-6.16474e-13	0.105097	-4.56873e-12	
9.64	0.104015	-6.03796e-13	0.104874	-4.51697e-12	0.104015	-6.03796e-13	0.104874	-4.51697e-12	
9.66	0.103798	-5.91276e-13	0.104652	-4.46505e-12	0.103798	-5.91276e-13	0.104652	-4.46505e-12	
9.68	0.103583	-5.78925e-13	0.104431	-4.41297e-12	0.103583	-5.78925e-13	0.104431	-4.41297e-12	
9.7	0.103368	-5.66736e-13	0.104211	-4.36079e-12	0.103368	-5.66736e-13	0.104211	-4.36079e-12	
9.72	0.103154	-5.54698e-13	0.103992	-4.30855e-12	0.103154	-5.54698e-13	0.103992	-4.30855e-12	
9.74	0.102941	-5.42829e-13	0.103774	-4.25626e-12	0.102941	-5.42829e-13	0.103774	-4.25626e-12	
9.76	0.102729	-5.31102e-13	0.103557	-4.20392e-12	0.102729	-5.31102e-13	0.103557	-4.20392e-12	
9.78	0.102518	-5.19541e-13	0.10334	-4.1516e-12	0.102518	-5.19541e-13	0.10334	-4.1516e-12	
9.8	0.102307	-5.0814e-13	0.103125	-4.09927e-12	0.102307	-5.0814e-13	0.103125	-4.09927e-12	
9.82	0.102098	-4.96879e-13	0.10291	-4.04701e-12	0.102098	-4.96879e-13	0.10291	-4.04701e-12	
9.84	0.101889	-4.85771e-13	0.102697	-3.99483e-12	0.101889	-4.85771e-13	0.102697	-3.99483e-12	
9.86	0.101682	-4.74814e-13	0.102484	-3.94272e-12	0.101682	-4.74814e-13	0.102484	-3.94272e-12	
9.88	0.101475	-4.63996e-13	0.102272	-3.89073e-12	0.101475	-4.63996e-13	0.102272	-3.89073e-12	
9.9	0.101269	-4.53333e-13	0.102061	-3.83885e-12	0.101269	-4.53333e-13	0.102061	-3.83885e-12	
9.92	0.101064	-4.42812e-13	0.101851	-3.7871e-12	0.101064	-4.42812e-13	0.101851	-3.7871e-12	
9.94	0.100859	-4.32435e-13	0.101642	-3.73555e-12	0.100859	-4.32435e-13	0.101642	-3.73555e-12	
9.96	0.100656	-4.22199e-13	0.101433	-3.68415e-12	0.100656	-4.22199e-13	0.101433	-3.68415e-12	
9.98	0.100453	-4.12101e-13	0.101226	-3.63297e-12	0.100453	-4.12101e-13	0.101226	-3.63297e-12	
