-10	-0.0989779	0.001054	-0.11082	0.000760133	-0.0989779	0.001054	-0.11082	0.000760133	
-9.98	-0.0991719	0.00106113	-0.111109	0.000777617	-0.0991719	0.00106113	-0.111109	0.000777617	
-9.96	-0.0993665	0.00106831	-0.1114	0.000795495	-0.0993665	0.00106831	-0.1114	0.000795495	
-9.94	-0.099562	0.00107555	-0.111693	0.000813776	-0.099562	0.00107555	-0.111693	0.000813776	
-9.92	-0.0997581	0.00108285	-0.111988	0.000832471	-0.0997581	0.00108285	-0.111988	0.000832471	
-9.9	-0.099955	0.00109021	-0.112284	0.000851589	-0.099955	0.00109021	-0.112284	0.000851589	
-9.88	-0.100153	0.00109763	-0.112583	0.000871141	-0.100153	0.00109763	-0.112583	0.000871141	
-9.86	-0.100351	0.00110511	-0.112883	0.000891138	-0.100351	0.00110511	-0.112883	0.000891138	
-9.84	-0.10055	0.00111265	-0.113185	0.000911591	-0.10055	0.00111265	-0.113185	0.000911591	
-9.82	-0.10075	0.00112025	-0.113489	0.00093251	-0.10075	0.00112025	-0.113489	0.00093251	
-9.8	-0.100951	0.00112792	-0.113795	0.000953908	-0.100951	0.00112792	-0.113795	0.000953908	
-9.78	-0.101153	0.00113564	-0.114103	0.000975796	-0.101153	0.00113564	-0.114103	0.000975796	
-9.76	-0.101355	0.00114344	-0.114413	0.000998187	-0.101355	0.00114344	-0.114413	0.000998187	
-9.74	-0.101558	0.00115129	-0.114725	0.00102109	-0.101558	0.00115129	-0.114725	0.00102109	
-9.72	-0.101762	0.00115921	-0.115039	0.00104453	-0.101762	0.00115921	-0.115039	0.00104453	
-9.7	-0.101967	0.0011672	-0.115355	0.0010685	-0.101967	0.0011672	-0.115355	0.0010685	
-9.68	-0.102172	0.00117525	-0.115673	0.00109303	-0.102172	0.00117525	-0.115673	0.00109303	
-9.66	-0.102378	0.00118337	-0.115994	0.00111813	-0.102378	0.00118337	-0.115994	0.00111813	
-9.64	-0.102585	0.00119156	-0.116316	0.00114381	-0.102585	0.00119156	-0.116316	0.00114381	
-9.62	-0.102793	0.00119982	-0.116641	0.00117009	-0.102793	0.00119982	-0.116641	0.00117009	
-9.6	-0.103002	0.00120814	-0.116967	0.00119699	-0.103002	0.00120814	-0.116967	0.00119699	
-9.58	-0.103212	0.00121654	-0.117296	0.00122451	-0.103212	0.00121654	-0.117296	0.00122451	
-9.56	-0.103422	0.001225	-0.117627	0.00125268	-0.103422	0.001225	-0.117627	0.00125268	
-9.54	-0.103633	0.00123354	-0.117961	0.00128151	-0.103633	0.00123354	-0.117961	0.00128151	
-9.52	-0.103845	0.00124215	-0.118297	0.00131102	-0.103845	0.00124215	-0.118297	0.00131102	
-9.5	-0.104058	0.00125083	-0.118635	0.00134122	-0.104058	0.00125083	-0.118635	0.00134122	
-9.48	-0.104272	0.00125958	-0.118975	0.00137214	-0.104272	0.00125958	-0.118975	0.00137214	
-9.46	-0.104487	0.00126841	-0.119318	0.0014038	-0.104487	0.00126841	-0.119318	0.0014038	
-9.44	-0.104702	0.00127731	-0.119663	0.0014362	-0.104702	0.00127731	-0.119663	0.0014362	
-9.42	-0.104918	0.00128629	-0.12001	0.00146937	-0.104918	0.00128629	-0.12001	0.00146937	
-9.4	-0.105136	0.00129535	-0.12036	0.00150334	-0.105136	0.00129535	-0.12036	0.00150334	
-9.38	-0.105354	0.00130448	-0.120712	0.00153812	-0.105354	0.00130448	-0.120712	0.00153812	
-9.36	-0.105573	0.00131369	-0.121067	0.00157373	-0.105573	0.00131369	-0.121067	0.00157373	
-9.34	-0.105792	0.00132297	-0.121424	0.0016102	-0.105792	0.00132297	-0.121424	0.0016102	
-9.32	-0.106013	0.00133234	-0.121784	0.00164754	-0.106013	0.00133234	-0.121784	0.00164754	
-9.3	-0.106235	0.00134179	-0.122147	0.00168579	-0.106235	0.00134179	-0.122147	0.00168579	
-9.28	-0.106457	0.00135132	-0.122512	0.00172496	-0.106457	0.00135132	-0.122512	0.00172496	
-9.26	-0.106681	0.00136093	-0.122879	0.00176508	-0.106681	0.00136093	-0.122879	0.00176508	
-9.24	-0.106905	0.00137062	-0.123249	0.00180618	-0.106905	0.00137062	-0.123249	0.00180618	
-9.22	-0.10713	0.0013804	-0.123622	0.00184827	-0.10713	0.0013804	-0.123622	0.00184827	
-9.2	-0.107356	0.00139026	-0.123998	0.0018914	-0.107356	0.00139026	-0.123998	0.0018914	
-9.18	-0.107583	0.00140021	-0.124377	0.00193557	-0.107583	0.00140021	-0.124377	0.00193557	
-9.16	-0.107811	0.00141024	-0.124758	0.00198084	-0.107811	0.00141024	-0.124758	0.00198084	
-9.14	-0.10804	0.00142036	-0.125142	0.00202721	-0.10804	0.00142036	-0.125142	0.00202721	
-9.12	-0.10827	0.00143057	-0.125529	0.00207473	-0.10827	0.00143057	-0.125529	0.00207473	
-9.1	-0.108501	0.00144087	-0.125918	0.00212342	-0.108501	0.00144087	-0.125918	0.00212342	
-9.08	-0.108733	0.00145126	-0.126311	0.00217332	-0.108733	0.00145126	-0.126311	0.00217332	
-9.06	-0.108965	0.00146173	-0.126707	0.00222446	-0.108965	0.00146173	-0.126707	0.00222446	
-9.04	-0.109199	0.0014723	-0.127105	0.00227687	-0.109199	0.0014723	-0.127105	0.00227687	
-9.02	-0.109434	0.00148297	-0.127507	0.00233059	-0.109434	0.00148297	-0.127507	0.00233059	
-9	-0.109669	0.00149372	-0.127911	0.00238565	-0.109669	0.00149372	-0.127911	0.00238565	
-8.98	-0.109906	0.00150457	-0.128319	0.00244209	-0.109906	0.00150457	-0.128319	0.00244209	
-8.96	-0.110143	0.00151552	-0.12873	0.00249995	-0.110143	0.00151552	-0.12873	0.00249995	
-8.94	-0.110382	0.00152656	-0.129144	0.00255927	-0.110382	0.00152656	-0.129144	0.00255927	
-8.92	-0.110621	0.0015377	-0.129561	0.00262008	-0.110621	0.0015377	-0.129561	0.00262008	
-8.9	-0.110862	0.00154894	-0.129981	0.00268244	-0.110862	0.00154894	-0.129981	0.00268244	
-8.88	-0.111103	0.00156027	-0.130405	0.00274638	-0.111103	0.00156027	-0.130405	0.00274638	
-8.86	-0.111346	0.00157171	-0.130832	0.00281195	-0.111346	0.00157171	-0.130832	0.00281195	
-8.84	-0.111589	0.00158325	-0.131262	0.00287918	-0.111589	0.00158325	-0.131262	0.00287918	
-8.82	-0.111834	0.00159489	-0.131695	0.00294814	-0.111834	0.00159489	-0.131695	0.00294814	
-8.8	-0.11208	0.00160664	-0.132132	0.00301887	-0.11208	0.00160664	-0.132132	0.00301887	
-8.78	-0.112326	0.00161849	-0.132573	0.00309141	-0.112326	0.00161849	-0.132573	0.00309141	
-8.76	-0.112574	0.00163045	-0.133017	0.00316582	-0.112574	0.00163045	-0.133017	0.00316582	
-8.74	-0.112823	0.00164251	-0.133464	0.00324216	-0.112823	0.00164251	-0.133464	0.00324216	
-8.72	-0.113073	0.00165468	-0.133915	0.00332047	-0.113073	0.00165468	-0.133915	0.00332047	
-8.7	-0.113323	0.00166696	-0.134369	0.00340082	-0.113323	0.00166696	-0.134369	0.00340082	
-8.68	-0.113575	0.00167935	-0.134828	0.00348326	-0.113575	0.00167935	-0.134828	0.00348326	
-8.66	-0.113828	0.00169185	-0.135289	0.00356784	-0.113828	0.00169185	-0.135289	0.00356784	
-8.64	-0.114082	0.00170447	-0.135755	0.00365464	-0.114082	0.00170447	-0.135755	0.00365464	
-8.62	-0.114337	0.00171719	-0.136224	0.00374372	-0.114337	0.00171719	-0.136224	0.00374372	
-8.6	-0.114594	0.00173004	-0.136698	0.00383514	-0.114594	0.00173004	-0.136698	0.00383514	
-8.58	-0.114851	0.00174299	-0.137174	0.00392897	-0.114851	0.00174299	-0.137174	0.00392897	
-8.56	-0.115109	0.00175607	-0.137655	0.00402527	-0.115109	0.00175607	-0.137655	0.00402527	
-8.54	-0.115369	0.00176926	-0.13814	0.00412413	-0.115369	0.00176926	-0.13814	0.00412413	
-8.52	-0.11563	0.00178257	-0.138629	0.00422561	-0.11563	0.00178257	-0.138629	0.00422561	
-8.5	-0.115891	0.00179601	-0.139122	0.0043298	-0.115891	0.00179601	-0.139122	0.0043298	
-8.48	-0.116154	0.00180956	-0.139618	0.00443676	-0.116154	0.00180956	-0.139618	0.00443676	
-8.46	-0.116418	0.00182324	-0.140119	0.00454659	-0.116418	0.00182324	-0.140119	0.00454659	
-8.44	-0.116683	0.00183704	-0.140624	0.00465936	-0.116683	0.00183704	-0.140624	0.00465936	
-8.42	-0.11695	0.00185097	-0.141133	0.00477516	-0.11695	0.00185097	-0.141133	0.00477516	
-8.4	-0.117217	0.00186502	-0.141646	0.00489408	-0.117217	0.00186502	-0.141646	0.00489408	
-8.38	-0.117486	0.0018792	-0.142164	0.00501621	-0.117486	0.0018792	-0.142164	0.00501621	
-8.36	-0.117756	0.00189351	-0.142686	0.00514165	-0.117756	0.00189351	-0.142686	0.00514165	
-8.34	-0.118026	0.00190796	-0.143212	0.00527049	-0.118026	0.00190796	-0.143212	0.00527049	
-8.32	-0.118299	0.00192253	-0.143742	0.00540284	-0.118299	0.00192253	-0.143742	0.00540284	
-8.3	-0.118572	0.00193723	-0.144277	0.0055388	-0.118572	0.00193723	-0.144277	0.0055388	
-8.28	-0.118846	0.00195207	-0.144817	0.00567847	-0.118846	0.00195207	-0.144817	0.00567847	
-8.26	-0.119122	0.00196705	-0.14536	0.00582196	-0.119122	0.00196705	-0.14536	0.00582196	
-8.24	-0.119399	0.00198216	-0.145909	0.0059694	-0.119399	0.00198216	-0.145909	0.0059694	
-8.22	-0.119677	0.00199741	-0.146461	0.00612089	-0.119677	0.00199741	-0.146461	0.00612089	
-8.2	-0.119957	0.0020128	-0.147019	0.00627655	-0.119957	0.0020128	-0.147019	0.00627655	
-8.18	-0.120237	0.00202833	-0.147581	0.00643652	-0.120237	0.00202833	-0.147581	0.00643652	
-8.16	-0.120519	0.002044	-0.148147	0.00660091	-0.120519	0.002044	-0.148147	0.00660091	
-8.14	-0.120802	0.00205981	-0.148719	0.00676987	-0.120802	0.00205981	-0.148719	0.00676987	
-8.12	-0.121086	0.00207577	-0.149295	0.00694352	-0.121086	0.00207577	-0.149295	0.00694352	
-8.1	-0.121372	0.00209188	-0.149875	0.00712201	-0.121372	0.00209188	-0.149875	0.00712201	
-8.08	-0.121659	0.00210813	-0.150461	0.00730549	-0.121659	0.00210813	-0.150461	0.00730549	
-8.06	-0.121947	0.00212453	-0.151051	0.00749409	-0.121947	0.00212453	-0.151051	0.00749409	
-8.04	-0.122236	0.00214108	-0.151646	0.00768798	-0.122236	0.00214108	-0.151646	0.00768798	
-8.02	-0.122527	0.00215778	-0.152246	0.0078873	-0.122527	0.00215778	-0.152246	0.0078873	
-8	-0.122819	0.00217464	-0.152851	0.00809224	-0.122819	0.00217464	-0.152851	0.00809224	
-7.98	-0.123112	0.00219164	-0.15346	0.00830294	-0.123112	0.00219164	-0.15346	0.00830294	
-7.96	-0.123407	0.00220881	-0.154075	0.00851959	-0.123407	0.00220881	-0.154075	0.00851959	
-7.94	-0.123703	0.00222612	-0.154694	0.00874235	-0.123703	0.00222612	-0.154694	0.00874235	
-7.92	-0.124	0.0022436	-0.155318	0.00897142	-0.124	0.0022436	-0.155318	0.00897142	
-7.9	-0.124298	0.00226124	-0.155947	0.00920699	-0.124298	0.00226124	-0.155947	0.00920699	
-7.88	-0.124598	0.00227903	-0.156581	0.00944923	-0.124598	0.00227903	-0.156581	0.00944923	
-7.86	-0.124899	0.00229699	-0.15722	0.00969836	-0.124899	0.00229699	-0.15722	0.00969836	
-7.84	-0.125202	0.00231511	-0.157863	0.00995457	-0.125202	0.00231511	-0.157863	0.00995457	
-7.82	-0.125506	0.00233339	-0.158512	0.0102181	-0.125506	0.00233339	-0.158512	0.0102181	
-7.8	-0.125811	0.00235184	-0.159165	0.0104891	-0.125811	0.00235184	-0.159165	0.0104891	
-7.78	-0.126118	0.00237046	-0.159823	0.0107679	-0.126118	0.00237046	-0.159823	0.0107679	
-7.76	-0.126426	0.00238924	-0.160486	0.0110546	-0.126426	0.00238924	-0.160486	0.0110546	
-7.74	-0.126735	0.0024082	-0.161153	0.0113495	-0.126735	0.0024082	-0.161153	0.0113495	
-7.72	-0.127046	0.00242732	-0.161826	0.0116528	-0.127046	0.00242732	-0.161826	0.0116528	
-7.7	-0.127358	0.00244662	-0.162503	0.0119648	-0.127358	0.00244662	-0.162503	0.0119648	
-7.68	-0.127672	0.00246609	-0.163184	0.0122858	-0.127672	0.00246609	-0.163184	0.0122858	
-7.66	-0.127987	0.00248573	-0.16387	0.0126159	-0.127987	0.00248573	-0.16387	0.0126159	
-7.64	-0.128304	0.00250555	-0.164561	0.0129555	-0.128304	0.00250555	-0.164561	0.0129555	
-7.62	-0.128622	0.00252554	-0.165256	0.0133048	-0.128622	0.00252554	-0.165256	0.0133048	
-7.6	-0.128941	0.00254571	-0.165955	0.013664	-0.128941	0.00254571	-0.165955	0.013664	
-7.58	-0.129262	0.00256606	-0.166658	0.0140336	-0.129262	0.00256606	-0.166658	0.0140336	
-7.56	-0.129584	0.00258659	-0.167366	0.0144137	-0.129584	0.00258659	-0.167366	0.0144137	
-7.54	-0.129908	0.00260731	-0.168077	0.0148047	-0.129908	0.00260731	-0.168077	0.0148047	
-7.52	-0.130233	0.0026282	-0.168792	0.0152068	-0.130233	0.0026282	-0.168792	0.0152068	
-7.5	-0.13056	0.00264927	-0.169511	0.0156204	-0.13056	0.00264927	-0.169511	0.0156204	
-7.48	-0.130888	0.00267053	-0.170234	0.0160458	-0.130888	0.00267053	-0.170234	0.0160458	
-7.46	-0.131218	0.00269198	-0.170959	0.0164833	-0.131218	0.00269198	-0.170959	0.0164833	
-7.44	-0.131549	0.00271361	-0.171689	0.0169332	-0.131549	0.00271361	-0.171689	0.0169332	
-7.42	-0.131882	0.00273543	-0.172421	0.0173958	-0.131882	0.00273543	-0.172421	0.0173958	
-7.4	-0.132216	0.00275743	-0.173155	0.0178715	-0.132216	0.00275743	-0.173155	0.0178715	
-7.38	-0.132552	0.00277963	-0.173893	0.0183605	-0.132552	0.00277963	-0.173893	0.0183605	
-7.36	-0.13289	0.00280201	-0.174632	0.0188634	-0.13289	0.00280201	-0.174632	0.0188634	
-7.34	-0.133229	0.00282458	-0.175374	0.0193803	-0.133229	0.00282458	-0.175374	0.0193803	
-7.32	-0.133569	0.00284735	-0.176117	0.0199116	-0.133569	0.00284735	-0.176117	0.0199116	
-7.3	-0.133911	0.0028703	-0.176862	0.0204577	-0.133911	0.0028703	-0.176862	0.0204577	
-7.28	-0.134255	0.00289345	-0.177608	0.0210189	-0.134255	0.00289345	-0.177608	0.0210189	
-7.26	-0.1346	0.00291679	-0.178355	0.0215956	-0.1346	0.00291679	-0.178355	0.0215956	
-7.24	-0.134947	0.00294032	-0.179102	0.0221881	-0.134947	0.00294032	-0.179102	0.0221881	
-7.22	-0.135295	0.00296405	-0.17985	0.0227967	-0.135295	0.00296405	-0.17985	0.0227967	
-7.2	-0.135646	0.00298797	-0.180597	0.0234219	-0.135646	0.00298797	-0.180597	0.0234219	
-7.18	-0.135997	0.00301208	-0.181343	0.0240639	-0.135997	0.00301208	-0.181343	0.0240639	
-7.16	-0.136351	0.00303639	-0.182088	0.0247231	-0.136351	0.00303639	-0.182088	0.0247231	
-7.14	-0.136705	0.00306089	-0.182831	0.0253998	-0.136705	0.00306089	-0.182831	0.0253998	
-7.12	-0.137062	0.00308559	-0.183571	0.0260944	-0.137062	0.00308559	-0.183571	0.0260944	
-7.1	-0.13742	0.00311048	-0.184309	0.0268071	-0.13742	0.00311048	-0.184309	0.0268071	
-7.08	-0.13778	0.00313557	-0.185044	0.0275383	-0.13778	0.00313557	-0.185044	0.0275383	
-7.06	-0.138142	0.00316086	-0.185775	0.0282882	-0.138142	0.00316086	-0.185775	0.0282882	
-7.04	-0.138505	0.00318633	-0.186501	0.0290572	-0.138505	0.00318633	-0.186501	0.0290572	
-7.02	-0.13887	0.00321201	-0.187221	0.0298455	-0.13887	0.00321201	-0.187221	0.0298455	
-7	-0.139237	0.00323787	-0.187936	0.0306534	-0.139237	0.00323787	-0.187936	0.0306534	
-6.98	-0.139605	0.00326393	-0.188644	0.031481	-0.139605	0.00326393	-0.188644	0.031481	
-6.96	-0.139975	0.00329019	-0.189345	0.0323287	-0.139975	0.00329019	-0.189345	0.0323287	
-6.94	-0.140347	0.00331663	-0.190037	0.0331965	-0.140347	0.00331663	-0.190037	0.0331965	
-6.92	-0.140721	0.00334327	-0.190721	0.0340847	-0.140721	0.00334327	-0.190721	0.0340847	
-6.9	-0.141096	0.0033701	-0.191394	0.0349933	-0.141096	0.0033701	-0.191394	0.0349933	
-6.88	-0.141473	0.00339712	-0.192057	0.0359225	-0.141473	0.00339712	-0.192057	0.0359225	
-6.86	-0.141852	0.00342433	-0.192708	0.0368723	-0.141852	0.00342433	-0.192708	0.0368723	
-6.84	-0.142233	0.00345172	-0.193347	0.0378428	-0.142233	0.00345172	-0.193347	0.0378428	
-6.82	-0.142615	0.0034793	-0.193971	0.0388339	-0.142615	0.0034793	-0.193971	0.0388339	
-6.8	-0.142999	0.00350707	-0.194582	0.0398455	-0.142999	0.00350707	-0.194582	0.0398455	
-6.78	-0.143385	0.00353502	-0.195177	0.0408777	-0.143385	0.00353502	-0.195177	0.0408777	
-6.76	-0.143773	0.00356315	-0.195755	0.0419301	-0.143773	0.00356315	-0.195755	0.0419301	
-6.74	-0.144163	0.00359147	-0.196315	0.0430026	-0.144163	0.00359147	-0.196315	0.0430026	
-6.72	-0.144554	0.00361996	-0.196857	0.044095	-0.144554	0.00361996	-0.196857	0.044095	
-6.7	-0.144948	0.00364862	-0.197378	0.0452068	-0.144948	0.00364862	-0.197378	0.0452068	
-6.68	-0.145343	0.00367746	-0.197879	0.0463378	-0.145343	0.00367746	-0.197879	0.0463378	
-6.66	-0.14574	0.00370647	-0.198358	0.0474874	-0.14574	0.00370647	-0.198358	0.0474874	
-6.64	-0.146139	0.00373565	-0.198813	0.0486552	-0.146139	0.00373565	-0.198813	0.0486552	
-6.62	-0.14654	0.003765	-0.199244	0.0498405	-0.14654	0.003765	-0.199244	0.0498405	
-6.6	-0.146942	0.0037945	-0.199649	0.0510427	-0.146942	0.0037945	-0.199649	0.0510427	
-6.58	-0.147347	0.00382417	-0.200028	0.0522611	-0.147347	0.00382417	-0.200028	0.0522611	
-6.56	-0.147754	0.00385399	-0.200379	0.0534947	-0.147754	0.00385399	-0.200379	0.0534947	
-6.54	-0.148162	0.00388397	-0.200701	0.0547428	-0.148162	0.00388397	-0.200701	0.0547428	
-6.52	-0.148572	0.00391409	-0.200993	0.0560044	-0.148572	0.00391409	-0.200993	0.0560044	
-6.5	-0.148985	0.00394436	-0.201254	0.0572783	-0.148985	0.00394436	-0.201254	0.0572783	
-6.48	-0.149399	0.00397476	-0.201483	0.0585635	-0.149399	0.00397476	-0.201483	0.0585635	
-6.46	-0.149815	0.00400531	-0.201679	0.0598588	-0.149815	0.00400531	-0.201679	0.0598588	
-6.44	-0.150234	0.00403598	-0.201841	0.0611628	-0.150234	0.00403598	-0.201841	0.0611628	
-6.42	-0.150654	0.00406678	-0.201968	0.0624741	-0.150654	0.00406678	-0.201968	0.0624741	
-6.4	-0.151076	0.00409771	-0.20206	0.0637914	-0.151076	0.00409771	-0.20206	0.0637914	
-6.38	-0.1515	0.00412874	-0.202115	0.0651131	-0.1515	0.00412874	-0.202115	0.0651131	
-6.36	-0.151926	0.00415989	-0.202133	0.0664376	-0.151926	0.00415989	-0.202133	0.0664376	
-6.34	-0.152355	0.00419114	-0.202113	0.0677632	-0.152355	0.00419114	-0.202113	0.0677632	
-6.32	-0.152785	0.00422249	-0.202055	0.0690883	-0.152785	0.00422249	-0.202055	0.0690883	
-6.3	-0.153217	0.00425393	-0.201959	0.0704109	-0.153217	0.00425393	-0.201959	0.0704109	
-6.28	-0.153652	0.00428545	-0.201823	0.0717294	-0.153652	0.00428545	-0.201823	0.0717294	
-6.26	-0.154088	0.00431706	-0.201649	0.0730417	-0.154088	0.00431706	-0.201649	0.0730417	
-6.24	-0.154527	0.00434873	-0.201435	0.0743461	-0.154527	0.00434873	-0.201435	0.0743461	
-6.22	-0.154968	0.00438046	-0.201182	0.0756405	-0.154968	0.00438046	-0.201182	0.0756405	
-6.2	-0.15541	0.00441225	-0.20089	0.0769229	-0.15541	0.00441225	-0.20089	0.0769229	
-6.18	-0.155855	0.00444408	-0.200559	0.0781915	-0.155855	0.00444408	-0.200559	0.0781915	
-6.16	-0.156303	0.00447594	-0.20019	0.0794442	-0.156303	0.00447594	-0.20019	0.0794442	
-6.14	-0.156752	0.00450784	-0.199782	0.080679	-0.156752	0.00450784	-0.199782	0.080679	
-6.12	-0.157203	0.00453975	-0.199338	0.0818941	-0.157203	0.00453975	-0.199338	0.0818941	
-6.1	-0.157657	0.00457167	-0.198856	0.0830873	-0.157657	0.00457167	-0.198856	0.0830873	
-6.08	-0.158112	0.00460359	-0.19834	0.0842569	-0.158112	0.00460359	-0.19834	0.0842569	
-6.06	-0.15857	0.0046355	-0.197788	0.085401	-0.15857	0.0046355	-0.197788	0.085401	
-6.04	-0.159031	0.00466738	-0.197203	0.0865177	-0.159031	0.00466738	-0.197203	0.0865177	
-6.02	-0.159493	0.00469922	-0.196585	0.0876054	-0.159493	0.00469922	-0.196585	0.0876054	
-6	-0.159958	0.00473102	-0.195937	0.0886624	-0.159958	0.00473102	-0.195937	0.0886624	
-5.98	-0.160425	0.00476275	-0.195259	0.0896871	-0.160425	0.00476275	-0.195259	0.0896871	
-5.96	-0.160894	0.00479442	-0.194552	0.090678	-0.160894	0.00479442	-0.194552	0.090678	
-5.94	-0.161365	0.00482599	-0.19382	0.0916337	-0.161365	0.00482599	-0.19382	0.0916337	
-5.92	-0.161839	0.00485747	-0.193063	0.0925529	-0.161839	0.00485747	-0.193063	0.0925529	
-5.9	-0.162315	0.00488883	-0.192283	0.0934345	-0.162315	0.00488883	-0.192283	0.0934345	
-5.88	-0.162793	0.00492006	-0.191482	0.0942774	-0.162793	0.00492006	-0.191482	0.0942774	
-5.86	-0.163274	0.00495115	-0.190662	0.0950807	-0.163274	0.00495115	-0.190662	0.0950807	
-5.84	-0.163757	0.00498208	-0.189825	0.0958434	-0.163757	0.00498208	-0.189825	0.0958434	
-5.82	-0.164243	0.00501283	-0.188972	0.096565	-0.164243	0.00501283	-0.188972	0.096565	
-5.8	-0.164731	0.00504338	-0.188107	0.0972449	-0.164731	0.00504338	-0.188107	0.0972449	
-5.78	-0.165221	0.00507373	-0.18723	0.0978826	-0.165221	0.00507373	-0.18723	0.0978826	
-5.76	-0.165714	0.00510384	-0.186345	0.0984779	-0.165714	0.00510384	-0.186345	0.0984779	
-5.74	-0.166209	0.00513371	-0.185452	0.0990304	-0.166209	0.00513371	-0.185452	0.0990304	
-5.72	-0.166707	0.00516331	-0.184554	0.0995402	-0.166707	0.00516331	-0.184554	0.0995402	
-5.7	-0.167207	0.00519262	-0.183654	0.100007	-0.167207	0.00519262	-0.183654	0.100007	
-5.68	-0.167709	0.00522162	-0.182752	0.100432	-0.167709	0.00522162	-0.182752	0.100432	
-5.66	-0.168215	0.0052503	-0.181852	0.100814	-0.168215	0.0052503	-0.181852	0.100814	
-5.64	-0.168722	0.00527863	-0.180954	0.101155	-0.168722	0.00527863	-0.180954	0.101155	
-5.62	-0.169233	0.00530658	-0.18006	0.101454	-0.169233	0.00530658	-0.18006	0.101454	
-5.6	-0.169746	0.00533414	-0.179173	0.101713	-0.169746	0.00533414	-0.179173	0.101713	
-5.58	-0.170261	0.00536127	-0.178295	0.101931	-0.170261	0.00536127	-0.178295	0.101931	
-5.56	-0.170779	0.00538797	-0.177426	0.10211	-0.170779	0.00538797	-0.177426	0.10211	
-5.54	-0.1713	0.00541419	-0.176568	0.102251	-0.1713	0.00541419	-0.176568	0.102251	
-5.52	-0.171823	0.00543992	-0.175723	0.102354	-0.171823	0.00543992	-0.175723	0.102354	
-5.5	-0.172349	0.00546513	-0.174892	0.10242	-0.172349	0.00546513	-0.174892	0.10242	
-5.48	-0.172878	0.00548979	-0.174077	0.10245	-0.172878	0.00548979	-0.174077	0.10245	
-5.46	-0.17341	0.00551387	-0.173278	0.102446	-0.17341	0.00551387	-0.173278	0.102446	
-5.44	-0.173944	0.00553735	-0.172497	0.102409	-0.173944	0.00553735	-0.172497	0.102409	
-5.42	-0.174481	0.00556019	-0.171735	0.102339	-0.174481	0.00556019	-0.171735	0.102339	
-5.4	-0.175021	0.00558236	-0.170994	0.102238	-0.175021	0.00558236	-0.170994	0.102238	
-5.38	-0.175564	0.00560384	-0.170273	0.102107	-0.175564	0.00560384	-0.170273	0.102107	
-5.36	-0.17611	0.00562458	-0.169573	0.101947	-0.17611	0.00562458	-0.169573	0.101947	
-5.34	-0.176658	0.00564457	-0.168896	0.10176	-0.176658	0.00564457	-0.168896	0.10176	
-5.32	-0.17721	0.00566376	-0.168242	0.101546	-0.17721	0.00566376	-0.168242	0.101546	
-5.3	-0.177765	0.00568212	-0.167612	0.101306	-0.177765	0.00568212	-0.167612	0.101306	
-5.28	-0.178322	0.00569961	-0.167006	0.101043	-0.178322	0.00569961	-0.167006	0.101043	
-5.26	-0.178883	0.0057162	-0.166424	0.100757	-0.178883	0.0057162	-0.166424	0.100757	
-5.24	-0.179446	0.00573184	-0.165868	0.100449	-0.179446	0.00573184	-0.165868	0.100449	
-5.22	-0.180013	0.00574652	-0.165336	0.10012	-0.180013	0.00574652	-0.165336	0.10012	
-5.2	-0.180583	0.00576017	-0.164831	0.0997721	-0.180583	0.00576017	-0.164831	0.0997721	
-5.18	-0.181156	0.00577276	-0.164351	0.0994056	-0.181156	0.00577276	-0.164351	0.0994056	
-5.16	-0.181732	0.00578426	-0.163896	0.0990218	-0.181732	0.00578426	-0.163896	0.0990218	
-5.14	-0.182311	0.00579462	-0.163468	0.0986218	-0.182311	0.00579462	-0.163468	0.0986218	
-5.12	-0.182894	0.0058038	-0.163066	0.0982064	-0.182894	0.0058038	-0.163066	0.0982064	
-5.1	-0.18348	0.00581174	-0.16269	0.0977768	-0.18348	0.00581174	-0.16269	0.0977768	
-5.08	-0.18407	0.00581842	-0.162339	0.0973339	-0.18407	0.00581842	-0.162339	0.0973339	
-5.06	-0.184663	0.00582378	-0.162015	0.0968785	-0.184663	0.00582378	-0.162015	0.0968785	
-5.04	-0.185259	0.00582777	-0.161716	0.0964115	-0.185259	0.00582777	-0.161716	0.0964115	
-5.02	-0.185859	0.00583036	-0.161443	0.0959338	-0.185859	0.00583036	-0.161443	0.0959338	
-5	-0.186462	0.00583148	-0.161196	0.0954462	-0.186462	0.00583148	-0.161196	0.0954462	
-4.98	-0.187069	0.00583109	-0.160974	0.0949494	-0.187069	0.00583109	-0.160974	0.0949494	
-4.96	-0.18768	0.00582914	-0.160776	0.0944442	-0.18768	0.00582914	-0.160776	0.0944442	
-4.94	-0.188294	0.00582558	-0.160604	0.0939313	-0.188294	0.00582558	-0.160604	0.0939313	
-4.92	-0.188912	0.00582035	-0.160456	0.0934112	-0.188912	0.00582035	-0.160456	0.0934112	
-4.9	-0.189534	0.0058134	-0.160333	0.0928847	-0.189534	0.0058134	-0.160333	0.0928847	
-4.88	-0.19016	0.00580468	-0.160233	0.0923524	-0.19016	0.00580468	-0.160233	0.0923524	
-4.86	-0.19079	0.00579413	-0.160157	0.0918147	-0.19079	0.00579413	-0.160157	0.0918147	
-4.84	-0.191423	0.00578169	-0.160105	0.0912722	-0.191423	0.00578169	-0.160105	0.0912722	
-4.82	-0.192061	0.00576731	-0.160076	0.0907255	-0.192061	0.00576731	-0.160076	0.0907255	
-4.8	-0.192703	0.00575092	-0.160069	0.0901749	-0.192703	0.00575092	-0.160069	0.0901749	
-4.78	-0.193349	0.00573246	-0.160085	0.0896208	-0.193349	0.00573246	-0.160085	0.0896208	
-4.76	-0.193999	0.00571188	-0.160123	0.0890638	-0.193999	0.00571188	-0.160123	0.0890638	
-4.74	-0.194653	0.00568911	-0.160184	0.088504	-0.194653	0.00568911	-0.160184	0.088504	
-4.72	-0.195312	0.00566409	-0.160265	0.087942	-0.195312	0.00566409	-0.160265	0.087942	
-4.7	-0.195975	0.00563676	-0.160368	0.087378	-0.195975	0.00563676	-0.160368	0.087378	
-4.68	-0.196643	0.00560704	-0.160492	0.0868122	-0.196643	0.00560704	-0.160492	0.0868122	
-4.66	-0.197316	0.00557488	-0.160637	0.0862451	-0.197316	0.00557488	-0.160637	0.0862451	
-4.64	-0.197993	0.0055402	-0.160802	0.0856767	-0.197993	0.0055402	-0.160802	0.0856767	
-4.62	-0.198675	0.00550293	-0.160987	0.0851073	-0.198675	0.00550293	-0.160987	0.0851073	
-4.6	-0.199361	0.00546302	-0.161191	0.0845371	-0.199361	0.00546302	-0.161191	0.0845371	
-4.58	-0.200053	0.00542038	-0.161415	0.0839663	-0.200053	0.00542038	-0.161415	0.0839663	
-4.56	-0.200749	0.00537494	-0.161659	0.083395	-0.200749	0.00537494	-0.161659	0.083395	
-4.54	-0.201451	0.00532664	-0.161921	0.0828234	-0.201451	0.00532664	-0.161921	0.0828234	
-4.52	-0.202158	0.00527539	-0.162202	0.0822515	-0.202158	0.00527539	-0.162202	0.0822515	
-4.5	-0.20287	0.00522113	-0.162502	0.0816796	-0.20287	0.00522113	-0.162502	0.0816796	
-4.48	-0.203588	0.00516377	-0.162819	0.0811076	-0.203588	0.00516377	-0.162819	0.0811076	
-4.46	-0.204311	0.00510325	-0.163155	0.0805356	-0.204311	0.00510325	-0.163155	0.0805356	
-4.44	-0.205039	0.00503948	-0.163508	0.0799637	-0.205039	0.00503948	-0.163508	0.0799637	
-4.42	-0.205773	0.00497238	-0.163879	0.0793919	-0.205773	0.00497238	-0.163879	0.0793919	
-4.4	-0.206513	0.00490188	-0.164268	0.0788202	-0.206513	0.00490188	-0.164268	0.0788202	
-4.38	-0.207259	0.00482789	-0.164673	0.0782487	-0.207259	0.00482789	-0.164673	0.0782487	
-4.36	-0.208011	0.00475033	-0.165096	0.0776773	-0.208011	0.00475033	-0.165096	0.0776773	
-4.34	-0.20877	0.00466912	-0.165535	0.0771061	-0.20877	0.00466912	-0.165535	0.0771061	
-4.32	-0.209534	0.00458417	-0.165991	0.0765349	-0.209534	0.00458417	-0.165991	0.0765349	
-4.3	-0.210305	0.00449541	-0.166463	0.0759638	-0.210305	0.00449541	-0.166463	0.0759638	
-4.28	-0.211082	0.00440274	-0.166952	0.0753927	-0.211082	0.00440274	-0.166952	0.0753927	
-4.26	-0.211866	0.00430608	-0.167458	0.0748215	-0.211866	0.00430608	-0.167458	0.0748215	
-4.24	-0.212656	0.00420534	-0.167979	0.0742502	-0.212656	0.00420534	-0.167979	0.0742502	
-4.22	-0.213454	0.00410043	-0.168516	0.0736788	-0.213454	0.00410043	-0.168516	0.0736788	
-4.2	-0.214258	0.00399126	-0.16907	0.073107	-0.214258	0.00399126	-0.16907	0.073107	
-4.18	-0.21507	0.00387774	-0.169639	0.0725349	-0.21507	0.00387774	-0.169639	0.0725349	
-4.16	-0.215889	0.00375979	-0.170224	0.0719623	-0.215889	0.00375979	-0.170224	0.0719623	
-4.14	-0.216716	0.00363731	-0.170825	0.0713892	-0.216716	0.00363731	-0.170825	0.0713892	
-4.12	-0.21755	0.0035102	-0.171442	0.0708153	-0.21755	0.0035102	-0.171442	0.0708153	
-4.1	-0.218392	0.00337837	-0.172074	0.0702407	-0.218392	0.00337837	-0.172074	0.0702407	
-4.08	-0.219241	0.00324172	-0.172722	0.0696651	-0.219241	0.00324172	-0.172722	0.0696651	
-4.06	-0.220099	0.00310017	-0.173386	0.0690884	-0.220099	0.00310017	-0.173386	0.0690884	
-4.04	-0.220965	0.00295361	-0.174065	0.0685105	-0.220965	0.00295361	-0.174065	0.0685105	
-4.02	-0.22184	0.00280195	-0.17476	0.0679313	-0.22184	0.00280195	-0.17476	0.0679313	
-4	-0.222723	0.00264508	-0.175471	0.0673506	-0.222723	0.00264508	-0.175471	0.0673506	
-3.98	-0.223615	0.00248292	-0.176197	0.0667682	-0.223615	0.00248292	-0.176197	0.0667682	
-3.96	-0.224516	0.00231534	-0.17694	0.066184	-0.224516	0.00231534	-0.17694	0.066184	
-3.94	-0.225426	0.00214227	-0.177698	0.0655978	-0.225426	0.00214227	-0.177698	0.0655978	
-3.92	-0.226345	0.00196358	-0.178472	0.0650095	-0.226345	0.00196358	-0.178472	0.0650095	
-3.9	-0.227274	0.00177919	-0.179262	0.0644189	-0.227274	0.00177919	-0.179262	0.0644189	
-3.88	-0.228212	0.00158898	-0.180068	0.0638258	-0.228212	0.00158898	-0.180068	0.0638258	
-3.86	-0.229161	0.00139285	-0.18089	0.0632299	-0.229161	0.00139285	-0.18089	0.0632299	
-3.84	-0.230119	0.00119069	-0.181728	0.0626313	-0.230119	0.00119069	-0.181728	0.0626313	
-3.82	-0.231088	0.000982397	-0.182583	0.0620295	-0.231088	0.000982397	-0.182583	0.0620295	
-3.8	-0.232068	0.00076786	-0.183454	0.0614245	-0.232068	0.00076786	-0.183454	0.0614245	
-3.78	-0.233058	0.000546971	-0.184342	0.0608161	-0.233058	0.000546971	-0.184342	0.0608161	
-3.76	-0.234059	0.000319616	-0.185246	0.060204	-0.234059	0.000319616	-0.185246	0.060204	
-3.74	-0.235071	8.56862e-05	-0.186168	0.0595881	-0.235071	8.56862e-05	-0.186168	0.0595881	
-3.72	-0.236095	-0.000154934	-0.187106	0.0589681	-0.236095	-0.000154934	-0.187106	0.0589681	
-3.7	-0.23713	-0.000402358	-0.188062	0.0583438	-0.23713	-0.000402358	-0.188062	0.0583438	
-3.68	-0.238178	-0.000656701	-0.189035	0.0577151	-0.238178	-0.000656701	-0.189035	0.0577151	
-3.66	-0.239237	-0.000918082	-0.190026	0.0570816	-0.239237	-0.000918082	-0.190026	0.0570816	
-3.64	-0.240309	-0.00118662	-0.191035	0.0564432	-0.240309	-0.00118662	-0.191035	0.0564432	
-3.62	-0.241394	-0.00146243	-0.192062	0.0557996	-0.241394	-0.00146243	-0.192062	0.0557996	
-3.6	-0.242491	-0.00174564	-0.193107	0.0551506	-0.242491	-0.00174564	-0.193107	0.0551506	
-3.58	-0.243602	-0.00203637	-0.19417	0.054496	-0.243602	-0.00203637	-0.19417	0.054496	
-3.56	-0.244726	-0.00233474	-0.195252	0.0538355	-0.244726	-0.00233474	-0.195252	0.0538355	
-3.54	-0.245863	-0.00264089	-0.196353	0.0531688	-0.245863	-0.00264089	-0.196353	0.0531688	
-3.52	-0.247015	-0.00295493	-0.197474	0.0524958	-0.247015	-0.00295493	-0.197474	0.0524958	
-3.5	-0.248181	-0.00327701	-0.198614	0.0518161	-0.248181	-0.00327701	-0.198614	0.0518161	
-3.48	-0.249362	-0.00360724	-0.199773	0.0511296	-0.249362	-0.00360724	-0.199773	0.0511296	
-3.46	-0.250557	-0.00394577	-0.200953	0.0504359	-0.250557	-0.00394577	-0.200953	0.0504359	
-3.44	-0.251768	-0.00429274	-0.202154	0.0497347	-0.251768	-0.00429274	-0.202154	0.0497347	
-3.42	-0.252994	-0.00464827	-0.203374	0.0490258	-0.252994	-0.00464827	-0.203374	0.0490258	
-3.4	-0.254236	-0.00501252	-0.204616	0.048309	-0.254236	-0.00501252	-0.204616	0.048309	
-3.38	-0.255494	-0.00538562	-0.20588	0.0475838	-0.255494	-0.00538562	-0.20588	0.0475838	
-3.36	-0.256768	-0.00576772	-0.207165	0.0468501	-0.256768	-0.00576772	-0.207165	0.0468501	
-3.34	-0.258059	-0.00615897	-0.208472	0.0461075	-0.258059	-0.00615897	-0.208472	0.0461075	
-3.32	-0.259368	-0.00655952	-0.209801	0.0453558	-0.259368	-0.00655952	-0.209801	0.0453558	
-3.3	-0.260693	-0.00696953	-0.211153	0.0445945	-0.260693	-0.00696953	-0.211153	0.0445945	
-3.28	-0.262037	-0.00738915	-0.212528	0.0438234	-0.262037	-0.00738915	-0.212528	0.0438234	
-3.26	-0.263398	-0.00781855	-0.213927	0.0430422	-0.263398	-0.00781855	-0.213927	0.0430422	
-3.24	-0.264778	-0.00825789	-0.21535	0.0422505	-0.264778	-0.00825789	-0.21535	0.0422505	
-3.22	-0.266177	-0.00870733	-0.216797	0.0414479	-0.266177	-0.00870733	-0.216797	0.0414479	
-3.2	-0.267596	-0.00916706	-0.218268	0.0406342	-0.267596	-0.00916706	-0.218268	0.0406342	
-3.18	-0.269033	-0.00963725	-0.219765	0.0398089	-0.269033	-0.00963725	-0.219765	0.0398089	
-3.16	-0.270491	-0.0101181	-0.221288	0.0389717	-0.270491	-0.0101181	-0.221288	0.0389717	
-3.14	-0.27197	-0.0106097	-0.222836	0.0381221	-0.27197	-0.0106097	-0.222836	0.0381221	
-3.12	-0.273469	-0.0111124	-0.224411	0.0372599	-0.273469	-0.0111124	-0.224411	0.0372599	
-3.1	-0.274989	-0.0116263	-0.226013	0.0363845	-0.274989	-0.0116263	-0.226013	0.0363845	
-3.08	-0.276531	-0.0121515	-0.227642	0.0354957	-0.276531	-0.0121515	-0.227642	0.0354957	
-3.06	-0.278095	-0.0126884	-0.2293	0.0345928	-0.278095	-0.0126884	-0.2293	0.0345928	
-3.04	-0.279682	-0.0132371	-0.230985	0.0336755	-0.279682	-0.0132371	-0.230985	0.0336755	
-3.02	-0.281292	-0.0137979	-0.2327	0.0327434	-0.281292	-0.0137979	-0.2327	0.0327434	
-3	-0.282925	-0.0143709	-0.234444	0.0317959	-0.282925	-0.0143709	-0.234444	0.0317959	
-2.98	-0.284582	-0.0149565	-0.236218	0.0308326	-0.284582	-0.0149565	-0.236218	0.0308326	
-2.96	-0.286263	-0.0155548	-0.238022	0.0298529	-0.286263	-0.0155548	-0.238022	0.0298529	
-2.94	-0.287969	-0.016166	-0.239858	0.0288564	-0.287969	-0.016166	-0.239858	0.0288564	
-2.92	-0.289701	-0.0167905	-0.241725	0.0278425	-0.289701	-0.0167905	-0.241725	0.0278425	
-2.9	-0.291458	-0.0174285	-0.243624	0.0268106	-0.291458	-0.0174285	-0.243624	0.0268106	
-2.88	-0.293242	-0.0180802	-0.245556	0.0257602	-0.293242	-0.0180802	-0.245556	0.0257602	
-2.86	-0.295052	-0.018746	-0.247521	0.0246906	-0.295052	-0.018746	-0.247521	0.0246906	
-2.84	-0.29689	-0.0194261	-0.24952	0.0236013	-0.29689	-0.0194261	-0.24952	0.0236013	
-2.82	-0.298757	-0.0201209	-0.251554	0.0224915	-0.298757	-0.0201209	-0.251554	0.0224915	
-2.8	-0.300651	-0.0208305	-0.253623	0.0213607	-0.300651	-0.0208305	-0.253623	0.0213607	
-2.78	-0.302575	-0.0215555	-0.255727	0.0202081	-0.302575	-0.0215555	-0.255727	0.0202081	
-2.76	-0.304528	-0.022296	-0.257868	0.0190331	-0.304528	-0.022296	-0.257868	0.0190331	
-2.74	-0.306512	-0.0230524	-0.260046	0.0178348	-0.306512	-0.0230524	-0.260046	0.0178348	
-2.72	-0.308527	-0.0238251	-0.262262	0.0166124	-0.308527	-0.0238251	-0.262262	0.0166124	
-2.7	-0.310573	-0.0246145	-0.264515	0.0153653	-0.310573	-0.0246145	-0.264515	0.0153653	
-2.68	-0.312651	-0.0254208	-0.266808	0.0140925	-0.312651	-0.0254208	-0.266808	0.0140925	
-2.66	-0.314763	-0.0262446	-0.269141	0.0127931	-0.314763	-0.0262446	-0.269141	0.0127931	
-2.64	-0.316907	-0.0270862	-0.271513	0.0114663	-0.316907	-0.0270862	-0.271513	0.0114663	
-2.62	-0.319086	-0.0279461	-0.273927	0.0101111	-0.319086	-0.0279461	-0.273927	0.0101111	
-2.6	-0.3213	-0.0288246	-0.276383	0.00872656	-0.3213	-0.0288246	-0.276383	0.00872656	
-2.58	-0.323549	-0.0297223	-0.278881	0.00731159	-0.323549	-0.0297223	-0.278881	0.00731159	
-2.56	-0.325835	-0.0306397	-0.281422	0.00586515	-0.325835	-0.0306397	-0.281422	0.00586515	
-2.54	-0.328158	-0.0315771	-0.284007	0.00438613	-0.328158	-0.0315771	-0.284007	0.00438613	
-2.52	-0.330518	-0.0325352	-0.286637	0.00287336	-0.330518	-0.0325352	-0.286637	0.00287336	
-2.5	-0.332918	-0.0335144	-0.289312	0.00132565	-0.332918	-0.0335144	-0.289312	0.00132565	
-2.48	-0.335357	-0.0345154	-0.292033	-0.00025828	-0.335357	-0.0345154	-0.292033	-0.00025828	
-2.46	-0.337836	-0.0355386	-0.2948	-0.00187973	-0.337836	-0.0355386	-0.2948	-0.00187973	
-2.44	-0.340356	-0.0365848	-0.297616	-0.00354008	-0.340356	-0.0365848	-0.297616	-0.00354008	
-2.42	-0.342918	-0.0376545	-0.300479	-0.00524075	-0.342918	-0.0376545	-0.300479	-0.00524075	
-2.4	-0.345523	-0.0387484	-0.303392	-0.00698324	-0.345523	-0.0387484	-0.303392	-0.00698324	
-2.38	-0.348172	-0.0398672	-0.306354	-0.0087691	-0.348172	-0.0398672	-0.306354	-0.0087691	
-2.36	-0.350866	-0.0410116	-0.309367	-0.0105999	-0.350866	-0.0410116	-0.309367	-0.0105999	
-2.34	-0.353605	-0.0421823	-0.312431	-0.0124775	-0.353605	-0.0421823	-0.312431	-0.0124775	
-2.32	-0.356391	-0.0433801	-0.315547	-0.0144035	-0.356391	-0.0433801	-0.315547	-0.0144035	
-2.3	-0.359225	-0.0446058	-0.318716	-0.0163798	-0.359225	-0.0446058	-0.318716	-0.0163798	
-2.28	-0.362108	-0.0458602	-0.321938	-0.0184083	-0.362108	-0.0458602	-0.321938	-0.0184083	
-2.26	-0.36504	-0.0471443	-0.325214	-0.020491	-0.36504	-0.0471443	-0.325214	-0.020491	
-2.24	-0.368024	-0.0484589	-0.328545	-0.0226301	-0.368024	-0.0484589	-0.328545	-0.0226301	
-2.22	-0.371059	-0.0498051	-0.331931	-0.0248276	-0.371059	-0.0498051	-0.331931	-0.0248276	
-2.2	-0.374148	-0.0511837	-0.335374	-0.027086	-0.374148	-0.0511837	-0.335374	-0.027086	
-2.18	-0.377291	-0.0525959	-0.338873	-0.0294075	-0.377291	-0.0525959	-0.338873	-0.0294075	
-2.16	-0.38049	-0.0540428	-0.342429	-0.0317947	-0.38049	-0.0540428	-0.342429	-0.0317947	
-2.14	-0.383746	-0.0555255	-0.346043	-0.0342502	-0.383746	-0.0555255	-0.346043	-0.0342502	
-2.12	-0.38706	-0.0570451	-0.349716	-0.0367766	-0.38706	-0.0570451	-0.349716	-0.0367766	
-2.1	-0.390434	-0.058603	-0.353447	-0.0393769	-0.390434	-0.058603	-0.353447	-0.0393769	
-2.08	-0.393868	-0.0602005	-0.357238	-0.0420538	-0.393868	-0.0602005	-0.357238	-0.0420538	
-2.06	-0.397365	-0.0618389	-0.361088	-0.0448106	-0.397365	-0.0618389	-0.361088	-0.0448106	
-2.04	-0.400926	-0.0635197	-0.364999	-0.0476503	-0.400926	-0.0635197	-0.364999	-0.0476503	
-2.02	-0.404552	-0.0652444	-0.368969	-0.0505764	-0.404552	-0.0652444	-0.368969	-0.0505764	
-2	-0.408245	-0.0670145	-0.373001	-0.0535924	-0.408245	-0.0670145	-0.373001	-0.0535924	
-1.98	-0.412006	-0.0688318	-0.377093	-0.0567017	-0.412006	-0.0688318	-0.377093	-0.0567017	
-1.96	-0.415837	-0.0706979	-0.381245	-0.0599083	-0.415837	-0.0706979	-0.381245	-0.0599083	
-1.94	-0.419741	-0.0726147	-0.385459	-0.0632161	-0.419741	-0.0726147	-0.385459	-0.0632161	
-1.92	-0.423717	-0.0745841	-0.389733	-0.0666291	-0.423717	-0.0745841	-0.389733	-0.0666291	
-1.9	-0.427769	-0.0766081	-0.394067	-0.0701516	-0.427769	-0.0766081	-0.394067	-0.0701516	
-1.88	-0.431898	-0.0786888	-0.398461	-0.073788	-0.431898	-0.0786888	-0.398461	-0.073788	
-1.86	-0.436106	-0.0808284	-0.402914	-0.077543	-0.436106	-0.0808284	-0.402914	-0.077543	
-1.84	-0.440395	-0.0830293	-0.407426	-0.0814213	-0.440395	-0.0830293	-0.407426	-0.0814213	
-1.82	-0.444767	-0.0852938	-0.411996	-0.0854278	-0.444767	-0.0852938	-0.411996	-0.0854278	
-1.8	-0.449224	-0.0876246	-0.416623	-0.0895678	-0.449224	-0.0876246	-0.416623	-0.0895678	
-1.78	-0.453768	-0.0900244	-0.421306	-0.0938465	-0.453768	-0.0900244	-0.421306	-0.0938465	
-1.76	-0.458401	-0.092496	-0.426042	-0.0982694	-0.458401	-0.092496	-0.426042	-0.0982694	
-1.74	-0.463126	-0.0950424	-0.430832	-0.102842	-0.463126	-0.0950424	-0.430832	-0.102842	
-1.72	-0.467945	-0.0976668	-0.435672	-0.107571	-0.467945	-0.0976668	-0.435672	-0.107571	
-1.7	-0.47286	-0.100372	-0.440561	-0.112462	-0.47286	-0.100372	-0.440561	-0.112462	
-1.68	-0.477873	-0.103163	-0.445496	-0.117521	-0.477873	-0.103163	-0.445496	-0.117521	
-1.66	-0.482988	-0.106042	-0.450474	-0.122755	-0.482988	-0.106042	-0.450474	-0.122755	
-1.64	-0.488207	-0.109013	-0.455493	-0.128171	-0.488207	-0.109013	-0.455493	-0.128171	
-1.62	-0.493533	-0.112081	-0.460548	-0.133775	-0.493533	-0.112081	-0.460548	-0.133775	
-1.6	-0.498967	-0.11525	-0.465637	-0.139574	-0.498967	-0.11525	-0.465637	-0.139574	
-1.58	-0.504514	-0.118524	-0.470754	-0.145575	-0.504514	-0.118524	-0.470754	-0.145575	
-1.56	-0.510176	-0.121908	-0.475896	-0.151787	-0.510176	-0.121908	-0.475896	-0.151787	
-1.54	-0.515955	-0.125408	-0.481057	-0.158216	-0.515955	-0.125408	-0.481057	-0.158216	
-1.52	-0.521856	-0.129028	-0.486231	-0.16487	-0.521856	-0.129028	-0.486231	-0.16487	
-1.5	-0.527881	-0.132775	-0.491412	-0.171757	-0.527881	-0.132775	-0.491412	-0.171757	
-1.48	-0.534033	-0.136655	-0.496593	-0.178885	-0.534033	-0.136655	-0.496593	-0.178885	
-1.46	-0.540315	-0.140674	-0.501768	-0.186261	-0.540315	-0.140674	-0.501768	-0.186261	
-1.44	-0.546732	-0.144839	-0.506927	-0.193894	-0.546732	-0.144839	-0.506927	-0.193894	
-1.42	-0.553286	-0.149156	-0.512063	-0.201791	-0.553286	-0.149156	-0.512063	-0.201791	
-1.4	-0.559981	-0.153635	-0.517166	-0.20996	-0.559981	-0.153635	-0.517166	-0.20996	
-1.38	-0.56682	-0.158282	-0.522225	-0.218409	-0.56682	-0.158282	-0.522225	-0.218409	
-1.36	-0.573808	-0.163106	-0.52723	-0.227146	-0.573808	-0.163106	-0.52723	-0.227146	
-1.34	-0.580947	-0.168118	-0.532169	-0.236179	-0.580947	-0.168118	-0.532169	-0.236179	
-1.32	-0.588241	-0.173325	-0.537029	-0.245513	-0.588241	-0.173325	-0.537029	-0.245513	
-1.3	-0.595695	-0.178739	-0.541798	-0.255157	-0.595695	-0.178739	-0.541798	-0.255157	
-1.28	-0.603311	-0.184371	-0.54646	-0.265117	-0.603311	-0.184371	-0.54646	-0.265117	
-1.26	-0.611094	-0.190233	-0.551001	-0.275399	-0.611094	-0.190233	-0.551001	-0.275399	
-1.24	-0.619047	-0.196336	-0.555404	-0.286008	-0.619047	-0.196336	-0.555404	-0.286008	
-1.22	-0.627175	-0.202694	-0.559653	-0.29695	-0.627175	-0.202694	-0.559653	-0.29695	
-1.2	-0.63548	-0.209322	-0.563728	-0.308228	-0.63548	-0.209322	-0.563728	-0.308228	
-1.18	-0.643966	-0.216234	-0.567612	-0.319846	-0.643966	-0.216234	-0.567612	-0.319846	
-1.16	-0.652637	-0.223446	-0.571284	-0.331806	-0.652637	-0.223446	-0.571284	-0.331806	
-1.14	-0.661495	-0.230976	-0.574724	-0.344111	-0.661495	-0.230976	-0.574724	-0.344111	
-1.12	-0.670545	-0.238842	-0.577911	-0.356759	-0.670545	-0.238842	-0.577911	-0.356759	
-1.1	-0.679789	-0.247063	-0.58082	-0.369749	-0.679789	-0.247063	-0.58082	-0.369749	
-1.08	-0.689229	-0.255661	-0.583431	-0.38308	-0.689229	-0.255661	-0.583431	-0.38308	
-1.06	-0.698868	-0.264657	-0.585719	-0.396747	-0.698868	-0.264657	-0.585719	-0.396747	
-1.04	-0.708707	-0.274076	-0.587659	-0.410745	-0.708707	-0.274076	-0.587659	-0.410745	
-1.02	-0.718747	-0.283944	-0.589227	-0.425066	-0.718747	-0.283944	-0.589227	-0.425066	
-1	-0.72899	-0.294286	-0.590398	-0.4397	-0.72899	-0.294286	-0.590398	-0.4397	
-0.98	-0.739433	-0.305134	-0.591147	-0.454637	-0.739433	-0.305134	-0.591147	-0.454637	
-0.96	-0.750077	-0.316517	-0.591449	-0.469863	-0.750077	-0.316517	-0.591449	-0.469863	
-0.94	-0.760919	-0.32847	-0.591278	-0.485363	-0.760919	-0.32847	-0.591278	-0.485363	
-0.92	-0.771955	-0.341027	-0.59061	-0.501118	-0.771955	-0.341027	-0.59061	-0.501118	
-0.9	-0.78318	-0.354229	-0.589421	-0.51711	-0.78318	-0.354229	-0.589421	-0.51711	
-0.88	-0.794587	-0.368115	-0.587688	-0.533315	-0.794587	-0.368115	-0.587688	-0.533315	
-0.86	-0.806167	-0.382729	-0.585389	-0.54971	-0.806167	-0.382729	-0.585389	-0.54971	
-0.84	-0.817909	-0.398118	-0.582502	-0.566267	-0.817909	-0.398118	-0.582502	-0.566267	
-0.82	-0.829799	-0.414332	-0.579008	-0.582958	-0.829799	-0.414332	-0.579008	-0.582958	
-0.8	-0.841818	-0.431424	-0.57489	-0.599752	-0.841818	-0.431424	-0.57489	-0.599752	
-0.78	-0.853947	-0.449452	-0.570133	-0.616617	-0.853947	-0.449452	-0.570133	-0.616617	
-0.76	-0.866159	-0.468475	-0.564722	-0.633517	-0.866159	-0.468475	-0.564722	-0.633517	
-0.74	-0.878425	-0.488557	-0.558648	-0.650416	-0.878425	-0.488557	-0.558648	-0.650416	
-0.72	-0.890707	-0.509768	-0.551901	-0.667277	-0.890707	-0.509768	-0.551901	-0.667277	
-0.7	-0.902964	-0.532179	-0.544478	-0.684062	-0.902964	-0.532179	-0.544478	-0.684062	
-0.68	-0.915145	-0.555865	-0.536374	-0.70073	-0.915145	-0.555865	-0.536374	-0.70073	
-0.66	-0.927192	-0.580907	-0.527592	-0.717242	-0.927192	-0.580907	-0.527592	-0.717242	
-0.64	-0.939035	-0.607388	-0.518135	-0.733558	-0.939035	-0.607388	-0.518135	-0.733558	
-0.62	-0.950595	-0.635395	-0.50801	-0.749637	-0.950595	-0.635395	-0.50801	-0.749637	
-0.6	-0.961779	-0.665015	-0.497228	-0.76544	-0.961779	-0.665015	-0.497228	-0.76544	
-0.58	-0.972479	-0.696342	-0.485802	-0.780928	-0.972479	-0.696342	-0.485802	-0.780928	
-0.56	-0.982574	-0.729466	-0.473749	-0.796065	-0.982574	-0.729466	-0.473749	-0.796065	
-0.54	-0.99192	-0.764479	-0.461089	-0.810813	-0.99192	-0.764479	-0.461089	-0.810813	
-0.52	-1.00036	-0.801471	-0.447844	-0.825138	-1.00036	-0.801471	-0.447844	-0.825138	
-0.5	-1.0077	-0.840526	-0.434039	-0.839008	-1.0077	-0.840526	-0.434039	-0.839008	
-0.48	-1.01374	-0.881722	-0.419701	-0.852394	-1.01374	-0.881722	-0.419701	-0.852394	
-0.46	-1.01824	-0.925126	-0.404859	-0.865269	-1.01824	-0.925126	-0.404859	-0.865269	
-0.44	-1.02094	-0.970787	-0.389545	-0.877607	-1.02094	-0.970787	-0.389545	-0.877607	
-0.42	-1.02154	-1.01874	-0.37379	-0.889387	-1.02154	-1.01874	-0.37379	-0.889387	
-0.4	-1.01972	-1.06898	-0.357629	-0.90059	-1.01972	-1.06898	-0.357629	-0.90059	
-0.38	-1.01513	-1.12148	-0.341095	-0.911202	-1.01513	-1.12148	-0.341095	-0.911202	
-0.36	-1.00737	-1.17617	-0.324224	-0.921209	-1.00737	-1.17617	-0.324224	-0.921209	
-0.34	-0.996035	-1.23291	-0.307049	-0.930602	-0.996035	-1.23291	-0.307049	-0.930602	
-0.32	-0.980693	-1.29153	-0.289605	-0.939374	-0.980693	-1.29153	-0.289605	-0.939374	
-0.3	-0.960895	-1.35176	-0.271927	-0.947521	-0.960895	-1.35176	-0.271927	-0.947521	
-0.28	-0.936188	-1.41326	-0.254047	-0.955043	-0.936188	-1.41326	-0.254047	-0.955043	
-0.26	-0.906133	-1.47558	-0.235997	-0.961941	-0.906133	-1.47558	-0.235997	-0.961941	
-0.24	-0.870317	-1.5382	-0.217808	-0.968219	-0.870317	-1.5382	-0.217808	-0.968219	
-0.22	-0.82838	-1.60047	-0.19951	-0.973881	-0.82838	-1.60047	-0.19951	-0.973881	
-0.2	-0.780037	-1.66166	-0.18113	-0.978937	-0.780037	-1.66166	-0.18113	-0.978937	
-0.18	-0.725107	-1.72091	-0.162694	-0.983394	-0.725107	-1.72091	-0.162694	-0.983394	
-0.16	-0.66354	-1.77731	-0.144227	-0.987264	-0.66354	-1.77731	-0.144227	-0.987264	
-0.14	-0.595445	-1.82988	-0.125751	-0.990557	-0.595445	-1.82988	-0.125751	-0.990557	
-0.12	-0.521111	-1.8776	-0.107287	-0.993288	-0.521111	-1.8776	-0.107287	-0.993288	
-0.1	-0.441025	-1.91947	-0.0888528	-0.995467	-0.441025	-1.91947	-0.0888528	-0.995467	
-0.08	-0.355874	-1.95455	-0.0704665	-0.997109	-0.355874	-1.95455	-0.0704665	-0.997109	
-0.06	-0.26654	-1.982	-0.0521428	-0.998228	-0.26654	-1.982	-0.0521428	-0.998228	
-0.04	-0.174076	-2.00113	-0.0338954	-0.998836	-0.174076	-2.00113	-0.0338954	-0.998836	
-0.02	-0.0796692	-2.01145	-0.0157363	-0.998947	-0.0796692	-2.01145	-0.0157363	-0.998947	
0	0.0154025	-2.01268	0.00232409	-0.998574	0.0154025	-2.01268	0.00232409	-0.998574	
0.02	0.109831	-2.0048	0.0202764	-0.997728	0.109831	-2.0048	0.0202764	-0.997728	
0.04	0.202333	-1.988	0.0381128	-0.996422	0.202333	-1.988	0.0381128	-0.996422	
0.06	0.291714	-1.96273	0.0558261	-0.994666	0.291714	-1.96273	0.0558261	-0.994666	
0.08	0.37691	-1.92961	0.0734104	-0.99247	0.37691	-1.92961	0.0734104	-0.99247	
0.1	0.457035	-1.88942	0.0908603	-0.989842	0.457035	-1.88942	0.0908603	-0.989842	
0.12	0.531399	-1.84306	0.108171	-0.986792	0.531399	-1.84306	0.108171	-0.986792	
0.14	0.599527	-1.79149	0.125339	-0.983326	0.599527	-1.79149	0.125339	-0.983326	
0.16	0.661147	-1.73571	0.142359	-0.979451	0.661147	-1.73571	0.142359	-0.979451	
0.18	0.716177	-1.6767	0.159228	-0.97517	0.716177	-1.6767	0.159228	-0.97517	
0.2	0.764702	-1.61538	0.175941	-0.97049	0.764702	-1.61538	0.175941	-0.97049	
0.22	0.806935	-1.55264	0.192496	-0.965413	0.806935	-1.55264	0.192496	-0.965413	
0.24	0.843186	-1.48927	0.208888	-0.959941	0.843186	-1.48927	0.208888	-0.959941	
0.26	0.873831	-1.42597	0.225111	-0.954078	0.873831	-1.42597	0.225111	-0.954078	
0.28	0.899283	-1.36335	0.241161	-0.947823	0.899283	-1.36335	0.241161	-0.947823	
0.3	0.919972	-1.3019	0.257031	-0.94118	0.919972	-1.3019	0.257031	-0.94118	
0.32	0.936328	-1.24202	0.272715	-0.934147	0.936328	-1.24202	0.272715	-0.934147	
0.34	0.948771	-1.18402	0.288206	-0.926725	0.948771	-1.18402	0.288206	-0.926725	
0.36	0.957708	-1.12812	0.303495	-0.918915	0.957708	-1.12812	0.303495	-0.918915	
0.38	0.96352	-1.07446	0.318573	-0.910717	0.96352	-1.07446	0.318573	-0.910717	
0.4	0.96657	-1.02313	0.33343	-0.902132	0.96657	-1.02313	0.33343	-0.902132	
0.42	0.967191	-0.974168	0.348053	-0.89316	0.967191	-0.974168	0.348053	-0.89316	
0.44	0.965692	-0.92757	0.362432	-0.883802	0.965692	-0.92757	0.362432	-0.883802	
0.46	0.962356	-0.883303	0.376554	-0.87406	0.962356	-0.883303	0.376554	-0.87406	
0.48	0.957436	-0.841313	0.390404	-0.863938	0.957436	-0.841313	0.390404	-0.863938	
0.5	0.951163	-0.801526	0.403967	-0.853438	0.951163	-0.801526	0.403967	-0.853438	
0.52	0.943743	-0.763861	0.417229	-0.842565	0.943743	-0.763861	0.417229	-0.842565	
0.54	0.935359	-0.728225	0.430174	-0.831324	0.935359	-0.728225	0.430174	-0.831324	
0.56	0.926172	-0.694525	0.442784	-0.819724	0.926172	-0.694525	0.442784	-0.819724	
0.58	0.916325	-0.662664	0.455044	-0.807771	0.916325	-0.662664	0.455044	-0.807771	
0.6	0.905944	-0.632544	0.466937	-0.795476	0.905944	-0.632544	0.466937	-0.795476	
0.62	0.895137	-0.604071	0.478445	-0.78285	0.895137	-0.604071	0.478445	-0.78285	
0.64	0.884001	-0.577151	0.489552	-0.769905	0.884001	-0.577151	0.489552	-0.769905	
0.66	0.872617	-0.551694	0.500242	-0.756655	0.872617	-0.551694	0.500242	-0.756655	
0.68	0.861056	-0.527615	0.510499	-0.743117	0.861056	-0.527615	0.510499	-0.743117	
0.7	0.849382	-0.50483	0.520308	-0.729308	0.849382	-0.50483	0.520308	-0.729308	
0.72	0.837645	-0.483262	0.529654	-0.715245	0.837645	-0.483262	0.529654	-0.715245	
0.74	0.825892	-0.462837	0.538524	-0.70095	0.825892	-0.462837	0.538524	-0.70095	
0.76	0.814161	-0.443484	0.546907	-0.686443	0.814161	-0.443484	0.546907	-0.686443	
0.78	0.802484	-0.425138	0.554792	-0.671747	0.802484	-0.425138	0.554792	-0.671747	
0.8	0.79089	-0.407737	0.56217	-0.656886	0.79089	-0.407737	0.56217	-0.656886	
0.82	0.779401	-0.391222	0.569033	-0.641882	0.779401	-0.391222	0.569033	-0.641882	
0.84	0.768037	-0.37554	0.575376	-0.626763	0.768037	-0.37554	0.575376	-0.626763	
0.86	0.756813	-0.360639	0.581195	-0.611552	0.756813	-0.360639	0.581195	-0.611552	
0.88	0.745743	-0.346471	0.586487	-0.596277	0.745743	-0.346471	0.586487	-0.596277	
0.9	0.734836	-0.332993	0.591253	-0.580962	0.734836	-0.332993	0.591253	-0.580962	
0.92	0.724103	-0.320162	0.595494	-0.565635	0.724103	-0.320162	0.595494	-0.565635	
0.94	0.713548	-0.307939	0.599214	-0.55032	0.713548	-0.307939	0.599214	-0.55032	
0.96	0.703177	-0.296289	0.602417	-0.535043	0.703177	-0.296289	0.602417	-0.535043	
0.98	0.692993	-0.285177	0.605112	-0.51983	0.692993	-0.285177	0.605112	-0.51983	
1	0.682999	-0.274571	0.607307	-0.504703	0.682999	-0.274571	0.607307	-0.504703	
1.02	0.673196	-0.264442	0.609012	-0.489687	0.673196	-0.264442	0.609012	-0.489687	
1.04	0.663585	-0.254762	0.610239	-0.474803	0.663585	-0.254762	0.610239	-0.474803	
1.06	0.654165	-0.245506	0.611001	-0.460072	0.654165	-0.245506	0.611001	-0.460072	
1.08	0.644935	-0.236649	0.611314	-0.445515	0.644935	-0.236649	0.611314	-0.445515	
1.1	0.635895	-0.228169	0.611192	-0.431149	0.635895	-0.228169	0.611192	-0.431149	
1.12	0.627042	-0.220044	0.610652	-0.416992	0.627042	-0.220044	0.610652	-0.416992	
1.14	0.618373	-0.212256	0.609711	-0.40306	0.618373	-0.212256	0.609711	-0.40306	
1.16	0.609888	-0.204784	0.608387	-0.389366	0.609888	-0.204784	0.608387	-0.389366	
1.18	0.601582	-0.197613	0.606699	-0.375924	0.601582	-0.197613	0.606699	-0.375924	
1.2	0.593453	-0.190725	0.604666	-0.362744	0.593453	-0.190725	0.604666	-0.362744	
1.22	0.585499	-0.184106	0.602306	-0.349837	0.585499	-0.184106	0.602306	-0.349837	
1.24	0.577715	-0.177742	0.599639	-0.337211	0.577715	-0.177742	0.599639	-0.337211	
1.26	0.570099	-0.171619	0.596684	-0.324872	0.570099	-0.171619	0.596684	-0.324872	
1.28	0.562647	-0.165725	0.59346	-0.312827	0.562647	-0.165725	0.59346	-0.312827	
1.3	0.555357	-0.160048	0.589986	-0.30108	0.555357	-0.160048	0.589986	-0.30108	
1.32	0.548223	-0.154576	0.586281	-0.289633	0.548223	-0.154576	0.586281	-0.289633	
1.34	0.541245	-0.1493	0.582362	-0.27849	0.541245	-0.1493	0.582362	-0.27849	
1.36	0.534417	-0.14421	0.578247	-0.267649	0.534417	-0.14421	0.578247	-0.267649	
1.38	0.527736	-0.139297	0.573954	-0.257113	0.527736	-0.139297	0.573954	-0.257113	
1.4	0.5212	-0.134552	0.569498	-0.246879	0.5212	-0.134552	0.569498	-0.246879	
1.42	0.514805	-0.129967	0.564897	-0.236946	0.514805	-0.129967	0.564897	-0.236946	
1.44	0.508548	-0.125535	0.560165	-0.22731	0.508548	-0.125535	0.560165	-0.22731	
1.46	0.502425	-0.121248	0.555317	-0.217969	0.502425	-0.121248	0.555317	-0.217969	
1.48	0.496434	-0.117099	0.550367	-0.208919	0.496434	-0.117099	0.550367	-0.208919	
1.5	0.490572	-0.113083	0.545329	-0.200155	0.490572	-0.113083	0.545329	-0.200155	
1.52	0.484835	-0.109193	0.540214	-0.191671	0.484835	-0.109193	0.540214	-0.191671	
1.54	0.479221	-0.105423	0.535035	-0.183464	0.479221	-0.105423	0.535035	-0.183464	
1.56	0.473726	-0.101769	0.529803	-0.175526	0.473726	-0.101769	0.529803	-0.175526	
1.58	0.468348	-0.0982244	0.524528	-0.167852	0.468348	-0.0982244	0.524528	-0.167852	
1.6	0.463085	-0.0947855	0.519221	-0.160435	0.463085	-0.0947855	0.519221	-0.160435	
1.62	0.457933	-0.0914476	0.513891	-0.15327	0.457933	-0.0914476	0.513891	-0.15327	
1.64	0.45289	-0.0882064	0.508545	-0.146348	0.45289	-0.0882064	0.508545	-0.146348	
1.66	0.447953	-0.0850579	0.503193	-0.139664	0.447953	-0.0850579	0.503193	-0.139664	
1.68	0.44312	-0.0819982	0.497841	-0.133211	0.44312	-0.0819982	0.497841	-0.133211	
1.7	0.438389	-0.0790238	0.492497	-0.126981	0.438389	-0.0790238	0.492497	-0.126981	
1.72	0.433757	-0.0761313	0.487166	-0.120968	0.433757	-0.0761313	0.487166	-0.120968	
1.74	0.429222	-0.0733174	0.481855	-0.115165	0.429222	-0.0733174	0.481855	-0.115165	
1.76	0.424781	-0.0705792	0.476568	-0.109565	0.424781	-0.0705792	0.476568	-0.109565	
1.78	0.420433	-0.0679137	0.47131	-0.104162	0.420433	-0.0679137	0.47131	-0.104162	
1.8	0.416176	-0.0653183	0.466087	-0.0989485	0.416176	-0.0653183	0.466087	-0.0989485	
1.82	0.412006	-0.0627902	0.460901	-0.0939182	0.412006	-0.0627902	0.460901	-0.0939182	
1.84	0.407923	-0.0603272	0.455756	-0.0890647	0.407923	-0.0603272	0.455756	-0.0890647	
1.86	0.403925	-0.0579267	0.450656	-0.0843817	0.403925	-0.0579267	0.450656	-0.0843817	
1.88	0.400009	-0.0555867	0.445604	-0.0798631	0.400009	-0.0555867	0.445604	-0.0798631	
1.9	0.396173	-0.053305	0.440601	-0.0755027	0.396173	-0.053305	0.440601	-0.0755027	
1.92	0.392416	-0.0510797	0.435651	-0.0712948	0.392416	-0.0510797	0.435651	-0.0712948	
1.94	0.388736	-0.0489089	0.430755	-0.0672336	0.388736	-0.0489089	0.430755	-0.0672336	
1.96	0.385132	-0.0467906	0.425915	-0.0633137	0.385132	-0.0467906	0.425915	-0.0633137	
1.98	0.381601	-0.0447234	0.421133	-0.0595295	0.381601	-0.0447234	0.421133	-0.0595295	
2	0.378143	-0.0427055	0.416409	-0.055876	0.378143	-0.0427055	0.416409	-0.055876	
2.02	0.374754	-0.0407354	0.411745	-0.052348	0.374754	-0.0407354	0.411745	-0.052348	
2.04	0.371435	-0.0388116	0.407142	-0.0489406	0.371435	-0.0388116	0.407142	-0.0489406	
2.06	0.368183	-0.0369328	0.4026	-0.0456492	0.368183	-0.0369328	0.4026	-0.0456492	
2.08	0.364997	-0.0350975	0.39812	-0.0424692	0.364997	-0.0350975	0.39812	-0.0424692	
2.1	0.361876	-0.0333047	0.393703	-0.0393962	0.361876	-0.0333047	0.393703	-0.0393962	
2.12	0.358817	-0.0315529	0.389348	-0.036426	0.358817	-0.0315529	0.389348	-0.036426	
2.14	0.355821	-0.0298412	0.385056	-0.0335544	0.355821	-0.0298412	0.385056	-0.0335544	
2.16	0.352884	-0.0281684	0.380826	-0.0307776	0.352884	-0.0281684	0.380826	-0.0307776	
2.18	0.350007	-0.0265334	0.37666	-0.0280916	0.350007	-0.0265334	0.37666	-0.0280916	
2.2	0.347188	-0.0249353	0.372556	-0.0254931	0.347188	-0.0249353	0.372556	-0.0254931	
2.22	0.344425	-0.0233732	0.368514	-0.0229783	0.344425	-0.0233732	0.368514	-0.0229783	
2.24	0.341718	-0.0218461	0.364535	-0.0205439	0.341718	-0.0218461	0.364535	-0.0205439	
2.26	0.339064	-0.0203531	0.360617	-0.0181868	0.339064	-0.0203531	0.360617	-0.0181868	
2.28	0.336464	-0.0188935	0.35676	-0.0159037	0.336464	-0.0188935	0.35676	-0.0159037	
2.3	0.333916	-0.0174664	0.352964	-0.0136918	0.333916	-0.0174664	0.352964	-0.0136918	
2.32	0.331418	-0.0160712	0.349228	-0.0115481	0.331418	-0.0160712	0.349228	-0.0115481	
2.34	0.328971	-0.014707	0.345552	-0.00947	0.328971	-0.014707	0.345552	-0.00947	
2.36	0.326571	-0.0133731	0.341935	-0.00745473	0.326571	-0.0133731	0.341935	-0.00745473	
2.38	0.32422	-0.012069	0.338376	-0.00549982	0.32422	-0.012069	0.338376	-0.00549982	
2.4	0.321915	-0.010794	0.334874	-0.00360283	0.321915	-0.010794	0.334874	-0.00360283	
2.42	0.319655	-0.00954749	0.33143	-0.00176145	0.319655	-0.00954749	0.33143	-0.00176145	
2.44	0.31744	-0.00832886	0.328041	2.65494e-05	0.31744	-0.00832886	0.328041	2.65494e-05	
2.46	0.315269	-0.00713756	0.324708	0.00176331	0.315269	-0.00713756	0.324708	0.00176331	
2.48	0.31314	-0.00597306	0.32143	0.00345089	0.31314	-0.00597306	0.32143	0.00345089	
2.5	0.311053	-0.00483485	0.318206	0.00509124	0.311053	-0.00483485	0.318206	0.00509124	
2.52	0.309007	-0.00372242	0.315035	0.00668625	0.309007	-0.00372242	0.315035	0.00668625	
2.54	0.307001	-0.00263529	0.311916	0.00823772	0.307001	-0.00263529	0.311916	0.00823772	
2.56	0.305035	-0.00157301	0.308848	0.00974738	0.305035	-0.00157301	0.308848	0.00974738	
2.58	0.303106	-0.000535133	0.305831	0.0112169	0.303106	-0.000535133	0.305831	0.0112169	
2.6	0.301215	0.000478773	0.302865	0.0126479	0.301215	0.000478773	0.302865	0.0126479	
2.62	0.29936	0.00146912	0.299947	0.0140418	0.29936	0.00146912	0.299947	0.0140418	
2.64	0.297542	0.00243631	0.297077	0.0154002	0.297542	0.00243631	0.297077	0.0154002	
2.66	0.295758	0.00338073	0.294255	0.0167244	0.295758	0.00338073	0.294255	0.0167244	
2.68	0.294009	0.00430275	0.29148	0.0180158	0.294009	0.00430275	0.29148	0.0180158	
2.7	0.292293	0.00520273	0.288751	0.0192756	0.292293	0.00520273	0.288751	0.0192756	
2.72	0.29061	0.00608104	0.286067	0.0205052	0.29061	0.00608104	0.286067	0.0205052	
2.74	0.288959	0.006938	0.283427	0.0217057	0.288959	0.006938	0.283427	0.0217057	
2.76	0.287339	0.00777395	0.28083	0.0228783	0.287339	0.00777395	0.28083	0.0228783	
2.78	0.28575	0.00858921	0.278277	0.024024	0.28575	0.00858921	0.278277	0.024024	
2.8	0.284191	0.0093841	0.275765	0.0251438	0.284191	0.0093841	0.275765	0.0251438	
2.82	0.282661	0.0101589	0.273295	0.0262389	0.282661	0.0101589	0.273295	0.0262389	
2.84	0.28116	0.010914	0.270866	0.0273102	0.28116	0.010914	0.270866	0.0273102	
2.86	0.279686	0.0116495	0.268476	0.0283586	0.279686	0.0116495	0.268476	0.0283586	
2.88	0.27824	0.0123659	0.266126	0.029385	0.27824	0.0123659	0.266126	0.029385	
2.9	0.276821	0.0130633	0.263814	0.0303903	0.276821	0.0130633	0.263814	0.0303903	
2.92	0.275427	0.0137421	0.26154	0.0313754	0.275427	0.0137421	0.26154	0.0313754	
2.94	0.274059	0.0144025	0.259303	0.0323409	0.274059	0.0144025	0.259303	0.0323409	
2.96	0.272716	0.0150448	0.257102	0.0332877	0.272716	0.0150448	0.257102	0.0332877	
2.98	0.271397	0.0156692	0.254937	0.0342165	0.271397	0.0156692	0.254937	0.0342165	
3	0.270102	0.016276	0.252807	0.0351281	0.270102	0.016276	0.252807	0.0351281	
3.02	0.26883	0.0168654	0.250712	0.0360231	0.26883	0.0168654	0.250712	0.0360231	
3.04	0.26758	0.0174377	0.24865	0.0369022	0.26758	0.0174377	0.24865	0.0369022	
3.06	0.266353	0.017993	0.246622	0.0377661	0.266353	0.017993	0.246622	0.0377661	
3.08	0.265147	0.0185318	0.244627	0.0386153	0.265147	0.0185318	0.244627	0.0386153	
3.1	0.263961	0.019054	0.242663	0.0394504	0.263961	0.019054	0.242663	0.0394504	
3.12	0.262797	0.0195601	0.240732	0.0402721	0.262797	0.0195601	0.240732	0.0402721	
3.14	0.261652	0.0200502	0.238831	0.0410809	0.261652	0.0200502	0.238831	0.0410809	
3.16	0.260526	0.0205246	0.23696	0.0418773	0.260526	0.0205246	0.23696	0.0418773	
3.18	0.259419	0.0209834	0.23512	0.0426619	0.259419	0.0209834	0.23512	0.0426619	
3.2	0.258331	0.0214269	0.233309	0.0434351	0.258331	0.0214269	0.233309	0.0434351	
3.22	0.257261	0.0218553	0.231526	0.0441975	0.257261	0.0218553	0.231526	0.0441975	
3.24	0.256208	0.0222688	0.229772	0.0449495	0.256208	0.0222688	0.229772	0.0449495	
3.26	0.255172	0.0226676	0.228046	0.0456916	0.255172	0.0226676	0.228046	0.0456916	
3.28	0.254153	0.023052	0.226348	0.0464243	0.254153	0.023052	0.226348	0.0464243	
3.3	0.25315	0.0234221	0.224676	0.0471479	0.25315	0.0234221	0.224676	0.0471479	
3.32	0.252163	0.0237781	0.223031	0.0478629	0.252163	0.0237781	0.223031	0.0478629	
3.34	0.251191	0.0241203	0.221411	0.0485697	0.251191	0.0241203	0.221411	0.0485697	
3.36	0.250233	0.0244488	0.219818	0.0492687	0.250233	0.0244488	0.219818	0.0492687	
3.38	0.249291	0.0247639	0.21825	0.0499603	0.249291	0.0247639	0.21825	0.0499603	
3.4	0.248362	0.0250658	0.216706	0.0506448	0.248362	0.0250658	0.216706	0.0506448	
3.42	0.247447	0.0253546	0.215187	0.0513227	0.247447	0.0253546	0.215187	0.0513227	
3.44	0.246545	0.0256306	0.213693	0.0519943	0.246545	0.0256306	0.213693	0.0519943	
3.46	0.245656	0.0258939	0.212221	0.05266	0.245656	0.0258939	0.212221	0.05266	
3.48	0.244779	0.0261448	0.210774	0.05332	0.244779	0.0261448	0.210774	0.05332	
3.5	0.243915	0.0263834	0.209349	0.0539747	0.243915	0.0263834	0.209349	0.0539747	
3.52	0.243062	0.02661	0.207947	0.0546245	0.243062	0.02661	0.207947	0.0546245	
3.54	0.242221	0.0268247	0.206567	0.0552696	0.242221	0.0268247	0.206567	0.0552696	
3.56	0.241391	0.0270278	0.205209	0.0559105	0.241391	0.0270278	0.205209	0.0559105	
3.58	0.240572	0.0272194	0.203874	0.0565472	0.240572	0.0272194	0.203874	0.0565472	
3.6	0.239763	0.0273997	0.202559	0.0571803	0.239763	0.0273997	0.202559	0.0571803	
3.62	0.238964	0.0275689	0.201266	0.05781	0.238964	0.0275689	0.201266	0.05781	
3.64	0.238175	0.0277273	0.199994	0.0584364	0.238175	0.0277273	0.199994	0.0584364	
3.66	0.237396	0.0278749	0.198742	0.0590601	0.237396	0.0278749	0.198742	0.0590601	
3.68	0.236625	0.028012	0.197512	0.0596811	0.236625	0.028012	0.197512	0.0596811	
3.7	0.235864	0.0281388	0.196301	0.0602998	0.235864	0.0281388	0.196301	0.0602998	
3.72	0.235111	0.0282555	0.19511	0.0609164	0.235111	0.0282555	0.19511	0.0609164	
3.74	0.234367	0.0283623	0.193939	0.0615313	0.234367	0.0283623	0.193939	0.0615313	
3.76	0.23363	0.0284593	0.192788	0.0621445	0.23363	0.0284593	0.192788	0.0621445	
3.78	0.232901	0.0285467	0.191657	0.0627565	0.232901	0.0285467	0.191657	0.0627565	
3.8	0.23218	0.0286248	0.190545	0.0633674	0.23218	0.0286248	0.190545	0.0633674	
3.82	0.231466	0.0286936	0.189451	0.0639775	0.231466	0.0286936	0.189451	0.0639775	
3.84	0.230759	0.0287535	0.188377	0.064587	0.230759	0.0287535	0.188377	0.064587	
3.86	0.230059	0.0288046	0.187322	0.0651961	0.230059	0.0288046	0.187322	0.0651961	
3.88	0.229365	0.028847	0.186286	0.0658051	0.229365	0.028847	0.186286	0.0658051	
3.9	0.228678	0.028881	0.185268	0.0664141	0.228678	0.028881	0.185268	0.0664141	
3.92	0.227997	0.0289067	0.18427	0.0670235	0.227997	0.0289067	0.18427	0.0670235	
3.94	0.227321	0.0289244	0.183289	0.0676333	0.227321	0.0289244	0.183289	0.0676333	
3.96	0.226651	0.0289341	0.182327	0.0682439	0.226651	0.0289341	0.182327	0.0682439	
3.98	0.225987	0.0289362	0.181384	0.0688553	0.225987	0.0289362	0.181384	0.0688553	
4	0.225328	0.0289307	0.180459	0.0694679	0.225328	0.0289307	0.180459	0.0694679	
4.02	0.224673	0.0289178	0.179552	0.0700817	0.224673	0.0289178	0.179552	0.0700817	
4.04	0.224024	0.0288978	0.178663	0.070697	0.224024	0.0288978	0.178663	0.070697	
4.06	0.223379	0.0288708	0.177793	0.0713139	0.223379	0.0288708	0.177793	0.0713139	
4.08	0.222739	0.0288369	0.176942	0.0719327	0.222739	0.0288369	0.176942	0.0719327	
4.1	0.222103	0.0287964	0.176109	0.0725534	0.222103	0.0287964	0.176109	0.0725534	
4.12	0.221471	0.0287495	0.175294	0.0731763	0.221471	0.0287495	0.175294	0.0731763	
4.14	0.220844	0.0286962	0.174497	0.0738015	0.220844	0.0286962	0.174497	0.0738015	
4.16	0.22022	0.0286368	0.17372	0.0744291	0.22022	0.0286368	0.17372	0.0744291	
4.18	0.219599	0.0285714	0.172961	0.0750593	0.219599	0.0285714	0.172961	0.0750593	
4.2	0.218982	0.0285003	0.172221	0.0756921	0.218982	0.0285003	0.172221	0.0756921	
4.22	0.218369	0.0284235	0.171499	0.0763278	0.218369	0.0284235	0.171499	0.0763278	
4.24	0.217759	0.0283413	0.170797	0.0769665	0.217759	0.0283413	0.170797	0.0769665	
4.26	0.217152	0.0282537	0.170114	0.0776081	0.217152	0.0282537	0.170114	0.0776081	
4.28	0.216547	0.0281611	0.16945	0.0782529	0.216547	0.0281611	0.16945	0.0782529	
4.3	0.215946	0.0280634	0.168805	0.078901	0.215946	0.0280634	0.168805	0.078901	
4.32	0.215348	0.027961	0.168181	0.0795523	0.215348	0.027961	0.168181	0.0795523	
4.34	0.214752	0.0278539	0.167576	0.0802069	0.214752	0.0278539	0.167576	0.0802069	
4.36	0.214158	0.0277423	0.166991	0.080865	0.214158	0.0277423	0.166991	0.080865	
4.38	0.213567	0.0276263	0.166427	0.0815265	0.213567	0.0276263	0.166427	0.0815265	
4.4	0.212979	0.0275062	0.165883	0.0821914	0.212979	0.0275062	0.165883	0.0821914	
4.42	0.212392	0.0273821	0.165361	0.0828598	0.212392	0.0273821	0.165361	0.0828598	
4.44	0.211808	0.027254	0.164859	0.0835317	0.211808	0.027254	0.164859	0.0835317	
4.46	0.211226	0.0271222	0.164379	0.084207	0.211226	0.0271222	0.164379	0.084207	
4.48	0.210645	0.0269868	0.16392	0.0848856	0.210645	0.0269868	0.16392	0.0848856	
4.5	0.210067	0.0268479	0.163484	0.0855676	0.210067	0.0268479	0.163484	0.0855676	
4.52	0.20949	0.0267057	0.16307	0.0862529	0.20949	0.0267057	0.16307	0.0862529	
4.54	0.208916	0.0265604	0.162679	0.0869412	0.208916	0.0265604	0.162679	0.0869412	
4.56	0.208342	0.026412	0.162311	0.0876326	0.208342	0.026412	0.162311	0.0876326	
4.58	0.207771	0.0262607	0.161967	0.0883269	0.207771	0.0262607	0.161967	0.0883269	
4.6	0.207201	0.0261066	0.161647	0.0890238	0.207201	0.0261066	0.161647	0.0890238	
4.62	0.206632	0.0259499	0.161351	0.0897233	0.206632	0.0259499	0.161351	0.0897233	
4.64	0.206065	0.0257906	0.16108	0.090425	0.206065	0.0257906	0.16108	0.090425	
4.66	0.2055	0.025629	0.160834	0.0911288	0.2055	0.025629	0.160834	0.0911288	
4.68	0.204935	0.0254651	0.160614	0.0918343	0.204935	0.0254651	0.160614	0.0918343	
4.7	0.204372	0.025299	0.16042	0.0925412	0.204372	0.025299	0.16042	0.0925412	
4.72	0.20381	0.0251309	0.160253	0.0932491	0.20381	0.0251309	0.160253	0.0932491	
4.74	0.20325	0.0249609	0.160112	0.0939578	0.20325	0.0249609	0.160112	0.0939578	
4.76	0.20269	0.0247891	0.16	0.0946667	0.20269	0.0247891	0.16	0.0946667	
4.78	0.202132	0.0246156	0.159915	0.0953755	0.202132	0.0246156	0.159915	0.0953755	
4.8	0.201575	0.0244405	0.15986	0.0960835	0.201575	0.0244405	0.15986	0.0960835	
4.82	0.201019	0.024264	0.159833	0.0967903	0.201019	0.024264	0.159833	0.0967903	
4.84	0.200464	0.024086	0.159836	0.0974953	0.200464	0.024086	0.159836	0.0974953	
4.86	0.19991	0.0239069	0.159869	0.0981978	0.19991	0.0239069	0.159869	0.0981978	
4.88	0.199358	0.0237265	0.159932	0.0988972	0.199358	0.0237265	0.159932	0.0988972	
4.9	0.198806	0.0235451	0.160027	0.0995928	0.198806	0.0235451	0.160027	0.0995928	
4.92	0.198255	0.0233627	0.160153	0.100284	0.198255	0.0233627	0.160153	0.100284	
4.94	0.197705	0.0231794	0.160311	0.100969	0.197705	0.0231794	0.160311	0.100969	
4.96	0.197156	0.0229953	0.160502	0.101648	0.197156	0.0229953	0.160502	0.101648	
4.98	0.196608	0.0228105	0.160725	0.10232	0.196608	0.0228105	0.160725	0.10232	
5	0.196061	0.0226251	0.160982	0.102984	0.196061	0.0226251	0.160982	0.102984	
5.02	0.195515	0.0224392	0.161272	0.103638	0.195515	0.0224392	0.161272	0.103638	
5.04	0.19497	0.0222528	0.161596	0.104282	0.19497	0.0222528	0.161596	0.104282	
5.06	0.194426	0.022066	0.161955	0.104915	0.194426	0.022066	0.161955	0.104915	
5.08	0.193883	0.021879	0.162348	0.105535	0.193883	0.021879	0.162348	0.105535	
5.1	0.19334	0.0216917	0.162776	0.106141	0.19334	0.0216917	0.162776	0.106141	
5.12	0.192799	0.0215043	0.163239	0.106731	0.192799	0.0215043	0.163239	0.106731	
5.14	0.192259	0.0213168	0.163736	0.107305	0.192259	0.0213168	0.163736	0.107305	
5.16	0.191719	0.0211292	0.164269	0.107861	0.191719	0.0211292	0.164269	0.107861	
5.18	0.191181	0.0209418	0.164837	0.108397	0.191181	0.0209418	0.164837	0.108397	
5.2	0.190643	0.0207544	0.16544	0.108912	0.190643	0.0207544	0.16544	0.108912	
5.22	0.190106	0.0205672	0.166078	0.109405	0.190106	0.0205672	0.166078	0.109405	
5.24	0.189571	0.0203803	0.16675	0.109873	0.189571	0.0203803	0.16675	0.109873	
5.26	0.189036	0.0201936	0.167457	0.110316	0.189036	0.0201936	0.167457	0.110316	
5.28	0.188502	0.0200073	0.168197	0.110731	0.188502	0.0200073	0.168197	0.110731	
5.3	0.187969	0.0198215	0.168971	0.111116	0.187969	0.0198215	0.168971	0.111116	
5.32	0.187438	0.019636	0.169777	0.111471	0.187438	0.019636	0.169777	0.111471	
5.34	0.186907	0.0194511	0.170615	0.111793	0.186907	0.0194511	0.170615	0.111793	
5.36	0.186377	0.0192667	0.171484	0.112081	0.186377	0.0192667	0.171484	0.112081	
5.38	0.185848	0.019083	0.172384	0.112332	0.185848	0.019083	0.172384	0.112332	
5.4	0.185321	0.0188998	0.173312	0.112546	0.185321	0.0188998	0.173312	0.112546	
5.42	0.184794	0.0187174	0.174268	0.11272	0.184794	0.0187174	0.174268	0.11272	
5.44	0.184268	0.0185357	0.17525	0.112853	0.184268	0.0185357	0.17525	0.112853	
5.46	0.183744	0.0183548	0.176257	0.112942	0.183744	0.0183548	0.176257	0.112942	
5.48	0.183221	0.0181746	0.177287	0.112988	0.183221	0.0181746	0.177287	0.112988	
5.5	0.182698	0.0179953	0.178339	0.112987	0.182698	0.0179953	0.178339	0.112987	
5.52	0.182177	0.0178169	0.179411	0.112939	0.182177	0.0178169	0.179411	0.112939	
5.54	0.181657	0.0176394	0.1805	0.112842	0.181657	0.0176394	0.1805	0.112842	
5.56	0.181138	0.0174628	0.181605	0.112695	0.181138	0.0174628	0.181605	0.112695	
5.58	0.18062	0.0172872	0.182723	0.112497	0.18062	0.0172872	0.182723	0.112497	
5.6	0.180104	0.0171126	0.183852	0.112246	0.180104	0.0171126	0.183852	0.112246	
5.62	0.179588	0.016939	0.18499	0.111942	0.179588	0.016939	0.18499	0.111942	
5.64	0.179074	0.0167665	0.186133	0.111584	0.179074	0.0167665	0.186133	0.111584	
5.66	0.178561	0.016595	0.187281	0.111172	0.178561	0.016595	0.187281	0.111172	
5.68	0.17805	0.0164247	0.188429	0.110704	0.17805	0.0164247	0.188429	0.110704	
5.7	0.177539	0.0162554	0.189575	0.110181	0.177539	0.0162554	0.189575	0.110181	
5.72	0.17703	0.0160873	0.190716	0.109603	0.17703	0.0160873	0.190716	0.109603	
5.74	0.176522	0.0159204	0.19185	0.108969	0.176522	0.0159204	0.19185	0.108969	
5.76	0.176016	0.0157546	0.192973	0.108279	0.176016	0.0157546	0.192973	0.108279	
5.78	0.175511	0.01559	0.194083	0.107535	0.175511	0.01559	0.194083	0.107535	
5.8	0.175007	0.0154266	0.195177	0.106736	0.175007	0.0154266	0.195177	0.106736	
5.82	0.174504	0.0152644	0.196252	0.105885	0.174504	0.0152644	0.196252	0.105885	
5.84	0.174003	0.0151035	0.197306	0.10498	0.174003	0.0151035	0.197306	0.10498	
5.86	0.173503	0.0149438	0.198335	0.104024	0.173503	0.0149438	0.198335	0.104024	
5.88	0.173005	0.0147854	0.199337	0.103019	0.173005	0.0147854	0.199337	0.103019	
5.9	0.172508	0.0146282	0.20031	0.101965	0.172508	0.0146282	0.20031	0.101965	
5.92	0.172012	0.0144724	0.201251	0.100864	0.172012	0.0144724	0.201251	0.100864	
5.94	0.171518	0.0143178	0.202158	0.0997183	0.171518	0.0143178	0.202158	0.0997183	
5.96	0.171025	0.0141645	0.203028	0.0985297	0.171025	0.0141645	0.203028	0.0985297	
5.98	0.170534	0.0140124	0.20386	0.0973003	0.170534	0.0140124	0.20386	0.0973003	
6	0.170044	0.0138618	0.204652	0.0960323	0.170044	0.0138618	0.204652	0.0960323	
6.02	0.169555	0.0137124	0.205402	0.0947282	0.169555	0.0137124	0.205402	0.0947282	
6.04	0.169069	0.0135643	0.206108	0.0933903	0.169069	0.0135643	0.206108	0.0933903	
6.06	0.168583	0.0134175	0.206769	0.0920211	0.168583	0.0134175	0.206769	0.0920211	
6.08	0.168099	0.0132721	0.207385	0.0906233	0.168099	0.0132721	0.207385	0.0906233	
6.1	0.167617	0.013128	0.207953	0.0891995	0.167617	0.013128	0.207953	0.0891995	
6.12	0.167136	0.0129852	0.208473	0.0877523	0.167136	0.0129852	0.208473	0.0877523	
6.14	0.166657	0.0128438	0.208944	0.0862844	0.166657	0.0128438	0.208944	0.0862844	
6.16	0.166179	0.0127037	0.209366	0.0847985	0.166179	0.0127037	0.209366	0.0847985	
6.18	0.165703	0.0125649	0.209739	0.0832972	0.165703	0.0125649	0.209739	0.0832972	
6.2	0.165229	0.0124274	0.210063	0.0817833	0.165229	0.0124274	0.210063	0.0817833	
6.22	0.164756	0.0122913	0.210337	0.0802593	0.164756	0.0122913	0.210337	0.0802593	
6.24	0.164284	0.0121564	0.210562	0.0787277	0.164284	0.0121564	0.210562	0.0787277	
6.26	0.163815	0.0120229	0.210738	0.0771911	0.163815	0.0120229	0.210738	0.0771911	
6.28	0.163346	0.0118908	0.210865	0.0756518	0.163346	0.0118908	0.210865	0.0756518	
6.3	0.16288	0.0117599	0.210945	0.0741123	0.16288	0.0117599	0.210945	0.0741123	
6.32	0.162415	0.0116304	0.210977	0.0725747	0.162415	0.0116304	0.210977	0.0725747	
6.34	0.161952	0.0115021	0.210964	0.0710413	0.161952	0.0115021	0.210964	0.0710413	
6.36	0.16149	0.0113752	0.210905	0.069514	0.16149	0.0113752	0.210905	0.069514	
6.38	0.16103	0.0112495	0.210803	0.0679948	0.16103	0.0112495	0.210803	0.0679948	
6.4	0.160572	0.0111252	0.210657	0.0664856	0.160572	0.0111252	0.210657	0.0664856	
6.42	0.160115	0.0110021	0.21047	0.0649881	0.160115	0.0110021	0.21047	0.0649881	
6.44	0.15966	0.0108804	0.210242	0.0635038	0.15966	0.0108804	0.210242	0.0635038	
6.46	0.159207	0.0107599	0.209976	0.0620343	0.159207	0.0107599	0.209976	0.0620343	
6.48	0.158755	0.0106406	0.209672	0.060581	0.158755	0.0106406	0.209672	0.060581	
6.5	0.158305	0.0105227	0.209331	0.0591452	0.158305	0.0105227	0.209331	0.0591452	
6.52	0.157857	0.010406	0.208956	0.0577279	0.157857	0.010406	0.208956	0.0577279	
6.54	0.15741	0.0102905	0.208548	0.0563303	0.15741	0.0102905	0.208548	0.0563303	
6.56	0.156965	0.0101763	0.208107	0.0549532	0.156965	0.0101763	0.208107	0.0549532	
6.58	0.156522	0.0100633	0.207637	0.0535976	0.156522	0.0100633	0.207637	0.0535976	
6.6	0.15608	0.00995155	0.207138	0.0522642	0.15608	0.00995155	0.207138	0.0522642	
6.62	0.15564	0.009841	0.206611	0.0509536	0.15564	0.009841	0.206611	0.0509536	
6.64	0.155202	0.00973167	0.206059	0.0496663	0.155202	0.00973167	0.206059	0.0496663	
6.66	0.154766	0.00962354	0.205482	0.0484029	0.154766	0.00962354	0.205482	0.0484029	
6.68	0.154331	0.0095166	0.204883	0.0471637	0.154331	0.0095166	0.204883	0.0471637	
6.7	0.153898	0.00941085	0.204262	0.0459489	0.153898	0.00941085	0.204262	0.0459489	
6.72	0.153467	0.00930627	0.20362	0.0447589	0.153467	0.00930627	0.20362	0.0447589	
6.74	0.153037	0.00920285	0.20296	0.0435938	0.153037	0.00920285	0.20296	0.0435938	
6.76	0.152609	0.00910059	0.202283	0.0424537	0.152609	0.00910059	0.202283	0.0424537	
6.78	0.152183	0.00899948	0.201589	0.0413386	0.152183	0.00899948	0.201589	0.0413386	
6.8	0.151759	0.0088995	0.20088	0.0402485	0.151759	0.0088995	0.20088	0.0402485	
6.82	0.151336	0.00880066	0.200157	0.0391834	0.151336	0.00880066	0.200157	0.0391834	
6.84	0.150915	0.00870293	0.199421	0.038143	0.150915	0.00870293	0.199421	0.038143	
6.86	0.150496	0.00860631	0.198674	0.0371273	0.150496	0.00860631	0.198674	0.0371273	
6.88	0.150078	0.00851079	0.197916	0.036136	0.150078	0.00851079	0.197916	0.036136	
6.9	0.149662	0.00841636	0.197148	0.0351689	0.149662	0.00841636	0.197148	0.0351689	
6.92	0.149248	0.00832302	0.196372	0.0342258	0.149248	0.00832302	0.196372	0.0342258	
6.94	0.148836	0.00823074	0.195588	0.0333063	0.148836	0.00823074	0.195588	0.0333063	
6.96	0.148425	0.00813952	0.194797	0.0324101	0.148425	0.00813952	0.194797	0.0324101	
6.98	0.148016	0.00804935	0.194001	0.0315369	0.148016	0.00804935	0.194001	0.0315369	
7	0.147609	0.00796022	0.193199	0.0306863	0.147609	0.00796022	0.193199	0.0306863	
7.02	0.147203	0.00787212	0.192393	0.029858	0.147203	0.00787212	0.192393	0.029858	
7.04	0.146799	0.00778504	0.191583	0.0290514	0.146799	0.00778504	0.191583	0.0290514	
7.06	0.146397	0.00769898	0.19077	0.0282663	0.146397	0.00769898	0.19077	0.0282663	
7.08	0.145996	0.00761391	0.189955	0.0275022	0.145996	0.00761391	0.189955	0.0275022	
7.1	0.145598	0.00752983	0.189137	0.0267587	0.145598	0.00752983	0.189137	0.0267587	
7.12	0.145201	0.00744674	0.188319	0.0260354	0.145201	0.00744674	0.188319	0.0260354	
7.14	0.144805	0.00736461	0.1875	0.0253318	0.144805	0.00736461	0.1875	0.0253318	
7.16	0.144411	0.00728345	0.186681	0.0246474	0.144411	0.00728345	0.186681	0.0246474	
7.18	0.144019	0.00720323	0.185862	0.023982	0.144019	0.00720323	0.185862	0.023982	
7.2	0.143629	0.00712396	0.185044	0.0233349	0.143629	0.00712396	0.185044	0.0233349	
7.22	0.14324	0.00704562	0.184227	0.0227058	0.14324	0.00704562	0.184227	0.0227058	
7.24	0.142853	0.00696819	0.183412	0.0220942	0.142853	0.00696819	0.183412	0.0220942	
7.26	0.142468	0.00689168	0.182599	0.0214997	0.142468	0.00689168	0.182599	0.0214997	
7.28	0.142084	0.00681607	0.181788	0.0209219	0.142084	0.00681607	0.181788	0.0209219	
7.3	0.141702	0.00674136	0.180979	0.0203603	0.141702	0.00674136	0.180979	0.0203603	
7.32	0.141322	0.00666752	0.180174	0.0198145	0.141322	0.00666752	0.180174	0.0198145	
7.34	0.140943	0.00659456	0.179372	0.0192842	0.140943	0.00659456	0.179372	0.0192842	
7.36	0.140566	0.00652246	0.178573	0.0187688	0.140566	0.00652246	0.178573	0.0187688	
7.38	0.140191	0.00645121	0.177777	0.018268	0.140191	0.00645121	0.177777	0.018268	
7.4	0.139817	0.0063808	0.176986	0.0177814	0.139817	0.0063808	0.176986	0.0177814	
7.42	0.139445	0.00631123	0.176199	0.0173086	0.139445	0.00631123	0.176199	0.0173086	
7.44	0.139075	0.00624249	0.175416	0.0168493	0.139075	0.00624249	0.175416	0.0168493	
7.46	0.138706	0.00617456	0.174637	0.016403	0.138706	0.00617456	0.174637	0.016403	
7.48	0.138339	0.00610744	0.173863	0.0159694	0.138339	0.00610744	0.173863	0.0159694	
7.5	0.137973	0.00604111	0.173094	0.015548	0.137973	0.00604111	0.173094	0.015548	
7.52	0.137609	0.00597557	0.172329	0.0151387	0.137609	0.00597557	0.172329	0.0151387	
7.54	0.137246	0.00591081	0.17157	0.014741	0.137246	0.00591081	0.17157	0.014741	
7.56	0.136886	0.00584682	0.170815	0.0143546	0.136886	0.00584682	0.170815	0.0143546	
7.58	0.136526	0.0057836	0.170066	0.0139792	0.136526	0.0057836	0.170066	0.0139792	
7.6	0.136169	0.00572112	0.169322	0.0136144	0.136169	0.00572112	0.169322	0.0136144	
7.62	0.135813	0.00565939	0.168583	0.01326	0.135813	0.00565939	0.168583	0.01326	
7.64	0.135458	0.00559839	0.167849	0.0129156	0.135458	0.00559839	0.167849	0.0129156	
7.66	0.135105	0.00553812	0.167121	0.0125809	0.135105	0.00553812	0.167121	0.0125809	
7.68	0.134754	0.00547856	0.166398	0.0122557	0.134754	0.00547856	0.166398	0.0122557	
7.7	0.134404	0.00541971	0.165681	0.0119397	0.134404	0.00541971	0.165681	0.0119397	
7.72	0.134056	0.00536157	0.164969	0.0116326	0.134056	0.00536157	0.164969	0.0116326	
7.74	0.13371	0.00530411	0.164263	0.0113341	0.13371	0.00530411	0.164263	0.0113341	
7.76	0.133364	0.00524734	0.163563	0.0110441	0.133364	0.00524734	0.163563	0.0110441	
7.78	0.133021	0.00519125	0.162868	0.0107621	0.133021	0.00519125	0.162868	0.0107621	
7.8	0.132679	0.00513582	0.162178	0.0104881	0.132679	0.00513582	0.162178	0.0104881	
7.82	0.132338	0.00508105	0.161494	0.0102217	0.132338	0.00508105	0.161494	0.0102217	
7.84	0.131999	0.00502693	0.160816	0.00996279	0.131999	0.00502693	0.160816	0.00996279	
7.86	0.131662	0.00497346	0.160143	0.00971107	0.131662	0.00497346	0.160143	0.00971107	
7.88	0.131326	0.00492062	0.159475	0.00946635	0.131326	0.00492062	0.159475	0.00946635	
7.9	0.130991	0.00486841	0.158814	0.00922842	0.130991	0.00486841	0.158814	0.00922842	
7.92	0.130658	0.00481682	0.158157	0.00899708	0.130658	0.00481682	0.158157	0.00899708	
7.94	0.130327	0.00476585	0.157507	0.00877214	0.130327	0.00476585	0.157507	0.00877214	
7.96	0.129997	0.00471547	0.156861	0.00855339	0.129997	0.00471547	0.156861	0.00855339	
7.98	0.129668	0.0046657	0.156221	0.00834066	0.129668	0.0046657	0.156221	0.00834066	
8	0.129341	0.00461652	0.155587	0.00813377	0.129341	0.00461652	0.155587	0.00813377	
8.02	0.129015	0.00456792	0.154958	0.00793255	0.129015	0.00456792	0.154958	0.00793255	
8.04	0.128691	0.00451989	0.154334	0.00773682	0.128691	0.00451989	0.154334	0.00773682	
8.06	0.128368	0.00447244	0.153715	0.00754642	0.128368	0.00447244	0.153715	0.00754642	
8.08	0.128047	0.00442555	0.153102	0.0073612	0.128047	0.00442555	0.153102	0.0073612	
8.1	0.127727	0.00437921	0.152494	0.00718101	0.127727	0.00437921	0.152494	0.00718101	
8.12	0.127409	0.00433342	0.151892	0.00700569	0.127409	0.00433342	0.151892	0.00700569	
8.14	0.127092	0.00428817	0.151294	0.00683509	0.127092	0.00428817	0.151294	0.00683509	
8.16	0.126776	0.00424345	0.150701	0.00666909	0.126776	0.00424345	0.150701	0.00666909	
8.18	0.126462	0.00419927	0.150114	0.00650754	0.126462	0.00419927	0.150114	0.00650754	
8.2	0.126149	0.0041556	0.149532	0.00635032	0.126149	0.0041556	0.149532	0.00635032	
8.22	0.125837	0.00411245	0.148954	0.00619729	0.125837	0.00411245	0.148954	0.00619729	
8.24	0.125527	0.00406981	0.148382	0.00604834	0.125527	0.00406981	0.148382	0.00604834	
8.26	0.125219	0.00402767	0.147814	0.00590335	0.125219	0.00402767	0.147814	0.00590335	
8.28	0.124911	0.00398602	0.147251	0.00576219	0.124911	0.00398602	0.147251	0.00576219	
8.3	0.124605	0.00394487	0.146693	0.00562477	0.124605	0.00394487	0.146693	0.00562477	
8.32	0.124301	0.0039042	0.14614	0.00549096	0.124301	0.0039042	0.14614	0.00549096	
8.34	0.123998	0.003864	0.145592	0.00536066	0.123998	0.003864	0.145592	0.00536066	
8.36	0.123696	0.00382428	0.145048	0.00523378	0.123696	0.00382428	0.145048	0.00523378	
8.38	0.123395	0.00378502	0.144508	0.00511022	0.123395	0.00378502	0.144508	0.00511022	
8.4	0.123096	0.00374622	0.143974	0.00498987	0.123096	0.00374622	0.143974	0.00498987	
8.42	0.122798	0.00370788	0.143443	0.00487265	0.122798	0.00370788	0.143443	0.00487265	
8.44	0.122502	0.00366998	0.142918	0.00475846	0.122502	0.00366998	0.142918	0.00475846	
8.46	0.122206	0.00363253	0.142396	0.00464723	0.122206	0.00363253	0.142396	0.00464723	
8.48	0.121912	0.00359551	0.141879	0.00453885	0.121912	0.00359551	0.141879	0.00453885	
8.5	0.12162	0.00355893	0.141367	0.00443327	0.12162	0.00355893	0.141367	0.00443327	
8.52	0.121328	0.00352277	0.140858	0.00433038	0.121328	0.00352277	0.140858	0.00433038	
8.54	0.121038	0.00348703	0.140354	0.00423013	0.121038	0.00348703	0.140354	0.00423013	
8.56	0.120749	0.00345171	0.139854	0.00413242	0.120749	0.00345171	0.139854	0.00413242	
8.58	0.120462	0.0034168	0.139358	0.0040372	0.120462	0.0034168	0.139358	0.0040372	
8.6	0.120176	0.00338229	0.138867	0.00394439	0.120176	0.00338229	0.138867	0.00394439	
8.62	0.119891	0.00334818	0.138379	0.00385393	0.119891	0.00334818	0.138379	0.00385393	
8.64	0.119607	0.00331447	0.137895	0.00376574	0.119607	0.00331447	0.137895	0.00376574	
8.66	0.119324	0.00328114	0.137416	0.00367976	0.119324	0.00328114	0.137416	0.00367976	
8.68	0.119043	0.00324821	0.13694	0.00359594	0.119043	0.00324821	0.13694	0.00359594	
8.7	0.118763	0.00321565	0.136468	0.00351421	0.118763	0.00321565	0.136468	0.00351421	
8.72	0.118484	0.00318346	0.135999	0.00343452	0.118484	0.00318346	0.135999	0.00343452	
8.74	0.118207	0.00315165	0.135535	0.0033568	0.118207	0.00315165	0.135535	0.0033568	
8.76	0.11793	0.00312021	0.135074	0.00328101	0.11793	0.00312021	0.135074	0.00328101	
8.78	0.117655	0.00308912	0.134617	0.00320709	0.117655	0.00308912	0.134617	0.00320709	
8.8	0.117381	0.00305839	0.134164	0.00313499	0.117381	0.00305839	0.134164	0.00313499	
8.82	0.117108	0.00302802	0.133714	0.00306466	0.117108	0.00302802	0.133714	0.00306466	
8.84	0.116837	0.00299799	0.133268	0.00299605	0.116837	0.00299799	0.133268	0.00299605	
8.86	0.116566	0.0029683	0.132825	0.00292911	0.116566	0.0029683	0.132825	0.00292911	
8.88	0.116297	0.00293896	0.132386	0.00286381	0.116297	0.00293896	0.132386	0.00286381	
8.9	0.116029	0.00290995	0.13195	0.00280009	0.116029	0.00290995	0.13195	0.00280009	
8.92	0.115762	0.00288126	0.131518	0.00273791	0.115762	0.00288126	0.131518	0.00273791	
8.94	0.115496	0.00285291	0.131089	0.00267723	0.115496	0.00285291	0.131089	0.00267723	
8.96	0.115232	0.00282488	0.130663	0.00261802	0.115232	0.00282488	0.130663	0.00261802	
8.98	0.114968	0.00279717	0.13024	0.00256023	0.114968	0.00279717	0.13024	0.00256023	
9	0.114706	0.00276977	0.129821	0.00250382	0.114706	0.00276977	0.129821	0.00250382	
9.02	0.114444	0.00274268	0.129405	0.00244875	0.114444	0.00274268	0.129405	0.00244875	
9.04	0.114184	0.0027159	0.128992	0.002395	0.114184	0.0027159	0.128992	0.002395	
9.06	0.113925	0.00268942	0.128582	0.00234253	0.113925	0.00268942	0.128582	0.00234253	
9.08	0.113668	0.00266324	0.128176	0.00229129	0.113668	0.00266324	0.128176	0.00229129	
9.1	0.113411	0.00263735	0.127772	0.00224127	0.113411	0.00263735	0.127772	0.00224127	
9.12	0.113155	0.00261176	0.127372	0.00219243	0.113155	0.00261176	0.127372	0.00219243	
9.14	0.112901	0.00258645	0.126974	0.00214473	0.112901	0.00258645	0.126974	0.00214473	
9.16	0.112647	0.00256143	0.126579	0.00209815	0.112647	0.00256143	0.126579	0.00209815	
9.18	0.112395	0.00253669	0.126188	0.00205266	0.112395	0.00253669	0.126188	0.00205266	
9.2	0.112143	0.00251223	0.125799	0.00200823	0.112143	0.00251223	0.125799	0.00200823	
9.22	0.111893	0.00248803	0.125413	0.00196483	0.111893	0.00248803	0.125413	0.00196483	
9.24	0.111644	0.00246411	0.12503	0.00192244	0.111644	0.00246411	0.12503	0.00192244	
9.26	0.111396	0.00244046	0.124649	0.00188103	0.111396	0.00244046	0.124649	0.00188103	
9.28	0.111149	0.00241707	0.124271	0.00184058	0.111149	0.00241707	0.124271	0.00184058	
9.3	0.110903	0.00239394	0.123897	0.00180105	0.110903	0.00239394	0.123897	0.00180105	
9.32	0.110658	0.00237107	0.123524	0.00176244	0.110658	0.00237107	0.123524	0.00176244	
9.34	0.110414	0.00234845	0.123155	0.0017247	0.110414	0.00234845	0.123155	0.0017247	
9.36	0.110171	0.00232608	0.122788	0.00168783	0.110171	0.00232608	0.122788	0.00168783	
9.38	0.109929	0.00230396	0.122423	0.0016518	0.109929	0.00230396	0.122423	0.0016518	
9.4	0.109688	0.00228209	0.122062	0.00161659	0.109688	0.00228209	0.122062	0.00161659	
9.42	0.109448	0.00226045	0.121702	0.00158217	0.109448	0.00226045	0.121702	0.00158217	
9.44	0.109209	0.00223906	0.121346	0.00154853	0.109209	0.00223906	0.121346	0.00154853	
9.46	0.108971	0.0022179	0.120991	0.00151565	0.108971	0.0022179	0.120991	0.00151565	
9.48	0.108734	0.00219697	0.120639	0.00148351	0.108734	0.00219697	0.120639	0.00148351	
9.5	0.108498	0.00217627	0.12029	0.00145209	0.108498	0.00217627	0.12029	0.00145209	
9.52	0.108263	0.0021558	0.119943	0.00142138	0.108263	0.0021558	0.119943	0.00142138	
9.54	0.108029	0.00213555	0.119599	0.00139135	0.108029	0.00213555	0.119599	0.00139135	
9.56	0.107797	0.00211553	0.119256	0.00136199	0.107797	0.00211553	0.119256	0.00136199	
9.58	0.107565	0.00209572	0.118916	0.00133328	0.107565	0.00209572	0.118916	0.00133328	
9.6	0.107333	0.00207613	0.118579	0.00130521	0.107333	0.00207613	0.118579	0.00130521	
9.62	0.107103	0.00205675	0.118243	0.00127775	0.107103	0.00205675	0.118243	0.00127775	
9.64	0.106874	0.00203759	0.11791	0.00125091	0.106874	0.00203759	0.11791	0.00125091	
9.66	0.106646	0.00201863	0.117579	0.00122465	0.106646	0.00201863	0.117579	0.00122465	
9.68	0.106419	0.00199988	0.117251	0.00119898	0.106419	0.00199988	0.117251	0.00119898	
9.7	0.106192	0.00198133	0.116924	0.00117386	0.106192	0.00198133	0.116924	0.00117386	
9.72	0.105967	0.00196298	0.1166	0.00114929	0.105967	0.00196298	0.1166	0.00114929	
9.74	0.105743	0.00194482	0.116278	0.00112526	0.105743	0.00194482	0.116278	0.00112526	
9.76	0.105519	0.00192687	0.115957	0.00110176	0.105519	0.00192687	0.115957	0.00110176	
9.78	0.105296	0.00190911	0.115639	0.00107876	0.105296	0.00190911	0.115639	0.00107876	
9.8	0.105075	0.00189153	0.115323	0.00105626	0.105075	0.00189153	0.115323	0.00105626	
9.82	0.104854	0.00187415	0.115009	0.00103425	0.104854	0.00187415	0.115009	0.00103425	
9.84	0.104634	0.00185695	0.114697	0.00101271	0.104634	0.00185695	0.114697	0.00101271	
9.86	0.104415	0.00183994	0.114388	0.000991632	0.104415	0.00183994	0.114388	0.000991632	
9.88	0.104197	0.00182311	0.11408	0.00097101	0.104197	0.00182311	0.11408	0.00097101	
9.9	0.10398	0.00180646	0.113774	0.000950829	0.10398	0.00180646	0.113774	0.000950829	
9.92	0.103763	0.00178999	0.11347	0.00093108	0.103763	0.00178999	0.11347	0.00093108	
9.94	0.103548	0.00177369	0.113167	0.000911753	0.103548	0.00177369	0.113167	0.000911753	
9.96	0.103333	0.00175756	0.112867	0.000892836	0.103333	0.00175756	0.112867	0.000892836	
9.98	0.103119	0.00174161	0.112569	0.000874322	0.103119	0.00174161	0.112569	0.000874322	
