0.0785398	0.00447938	-0.424382	0	0	0	0	0.00675237	-0.932955	0.00447938	-0.424382	0	0	0	0	0.00675237	-0.932955	
0.235619	0.00275887	-0.324549	0	0	0	0	0.00602469	-0.81883	0.00275887	-0.324549	0	0	0	0	0.00602469	-0.81883	
0.392699	0.00244559	-0.258356	0	0	0	0	0.00410294	-0.72498	0.00244559	-0.258356	0	0	0	0	0.00410294	-0.72498	
0.549779	0.00144368	-0.213821	0	0	0	0	0.0040661	-0.648989	0.00144368	-0.213821	0	0	0	0	0.0040661	-0.648989	
0.706858	0.00143807	-0.183533	0	0	0	0	0.00390351	-0.588361	0.00143807	-0.183533	0	0	0	0	0.00390351	-0.588361	
0.863938	0.00134348	-0.160427	0	0	0	0	0.0029534	-0.537178	0.00134348	-0.160427	0	0	0	0	0.0029534	-0.537178	
1.02102	0.00128966	-0.144243	0	0	0	0	0.00195154	-0.496084	0.00128966	-0.144243	0	0	0	0	0.00195154	-0.496084	
1.1781	0.00220494	-0.129835	0	0	0	0	0.000445632	-0.461286	0.00220494	-0.129835	0	0	0	0	0.000445632	-0.461286	
1.33518	0.00127063	-0.119294	0	0	0	0	-0.000202755	-0.431525	0.00127063	-0.119294	0	0	0	0	-0.000202755	-0.431525	
1.49226	0.00143668	-0.1101	0	0	0	0	0.000538604	-0.406016	0.00143668	-0.1101	0	0	0	0	0.000538604	-0.406016	
1.64934	0.00165222	-0.103531	0	0	0	0	0.00107402	-0.383152	0.00165222	-0.103531	0	0	0	0	0.00107402	-0.383152	
1.80642	0.00162381	-0.0965883	0	0	0	0	0.00244373	-0.36207	0.00162381	-0.0965883	0	0	0	0	0.00244373	-0.36207	
1.9635	0.00133432	-0.0925326	0	0	0	0	0.00207974	-0.343794	0.00133432	-0.0925326	0	0	0	0	0.00207974	-0.343794	
2.12058	0.00123698	-0.0873786	0	0	0	0	0.00110384	-0.327344	0.00123698	-0.0873786	0	0	0	0	0.00110384	-0.327344	
2.27765	0.0018544	-0.0828689	0	0	0	0	0.00306251	-0.313856	0.0018544	-0.0828689	0	0	0	0	0.00306251	-0.313856	
2.43473	0.00131128	-0.0789794	0	0	0	0	0.00311226	-0.301118	0.00131128	-0.0789794	0	0	0	0	0.00311226	-0.301118	
2.59181	8.13583e-05	-0.0754475	0	0	0	0	0.00188469	-0.288736	8.13583e-05	-0.0754475	0	0	0	0	0.00188469	-0.288736	
2.74889	-0.000942347	-0.0721945	0	0	0	0	0.000964522	-0.277171	-0.000942347	-0.0721945	0	0	0	0	0.000964522	-0.277171	
2.90597	-0.00143777	-0.0692076	0	0	0	0	0.000733539	-0.266656	-0.00143777	-0.0692076	0	0	0	0	0.000733539	-0.266656	
3.06305	-0.00150072	-0.0664702	0	0	0	0	0.000860394	-0.257104	-0.00150072	-0.0664702	0	0	0	0	0.000860394	-0.257104	
3.22013	-0.00133693	-0.0639554	0	0	0	0	0.000974284	-0.248302	-0.00133693	-0.0639554	0	0	0	0	0.000974284	-0.248302	
3.37721	-0.00110819	-0.0616344	0	0	0	0	0.000903426	-0.240061	-0.00110819	-0.0616344	0	0	0	0	0.000903426	-0.240061	
3.53429	-0.000901327	-0.059483	0	0	0	0	0.000647637	-0.232258	-0.000901327	-0.059483	0	0	0	0	0.000647637	-0.232258	
3.69137	-0.000746462	-0.0574822	0	0	0	0	0.000286749	-0.224834	-0.000746462	-0.0574822	0	0	0	0	0.000286749	-0.224834	
3.84845	-0.00064271	-0.055617	0	0	0	0	-8.87825e-05	-0.217767	-0.00064271	-0.055617	0	0	0	0	-8.87825e-05	-0.217767	
4.00553	-0.000576989	-0.0538749	0	0	0	0	-0.000411167	-0.211049	-0.000576989	-0.0538749	0	0	0	0	-0.000411167	-0.211049	
4.16261	-0.000534476	-0.0522453	0	0	0	0	-0.000643278	-0.204677	-0.000534476	-0.0522453	0	0	0	0	-0.000643278	-0.204677	
4.31969	-0.000503122	-0.0507177	0	0	0	0	-0.000774162	-0.198645	-0.000503122	-0.0507177	0	0	0	0	-0.000774162	-0.198645	
4.47677	-0.000474785	-0.0492831	0	0	0	0	-0.000810624	-0.192945	-0.000474785	-0.0492831	0	0	0	0	-0.000810624	-0.192945	
4.63385	-0.000444832	-0.0479328	0	0	0	0	-0.000769207	-0.18756	-0.000444832	-0.0479328	0	0	0	0	-0.000769207	-0.18756	
4.79093	-0.000411254	-0.0466592	0	0	0	0	-0.000670128	-0.182474	-0.000411254	-0.0466592	0	0	0	0	-0.000670128	-0.182474	
4.94801	-0.000373742	-0.0454549	0	0	0	0	-0.000533348	-0.177669	-0.000373742	-0.0454549	0	0	0	0	-0.000533348	-0.177669	
5.10509	-0.000332962	-0.0443135	0	0	0	0	-0.000376435	-0.173122	-0.000332962	-0.0443135	0	0	0	0	-0.000376435	-0.173122	
5.26217	-0.000290031	-0.0432293	0	0	0	0	-0.000213599	-0.168816	-0.000290031	-0.0432293	0	0	0	0	-0.000213599	-0.168816	
5.41925	-0.000246174	-0.0421976	0	0	0	0	-5.55827e-05	-0.164731	-0.000246174	-0.0421976	0	0	0	0	-5.55827e-05	-0.164731	
5.57633	-0.000202544	-0.0412137	0	0	0	0	9.0087e-05	-0.160849	-0.000202544	-0.0412137	0	0	0	0	9.0087e-05	-0.160849	
5.73341	-0.00016011	-0.0402739	0	0	0	0	0.000218575	-0.157154	-0.00016011	-0.0402739	0	0	0	0	0.000218575	-0.157154	
5.89049	-0.000119633	-0.0393746	0	0	0	0	0.00032723	-0.153632	-0.000119633	-0.0393746	0	0	0	0	0.00032723	-0.153632	
6.04757	-8.16598e-05	-0.038513	0	0	0	0	0.000415043	-0.150268	-8.16598e-05	-0.038513	0	0	0	0	0.000415043	-0.150268	
6.20465	-4.65502e-05	-0.0376866	0	0	0	0	0.000482206	-0.147051	-4.65502e-05	-0.0376866	0	0	0	0	0.000482206	-0.147051	
6.36173	-1.4504e-05	-0.0368928	0	0	0	0	0.000529731	-0.14397	-1.4504e-05	-0.0368928	0	0	0	0	0.000529731	-0.14397	
6.5188	1.44071e-05	-0.0361297	0	0	0	0	0.000559155	-0.141016	1.44071e-05	-0.0361297	0	0	0	0	0.000559155	-0.141016	
6.67588	4.02095e-05	-0.0353953	0	0	0	0	0.000572323	-0.138179	4.02095e-05	-0.0353953	0	0	0	0	0.000572323	-0.138179	
6.83296	6.30029e-05	-0.0346879	0	0	0	0	0.000571202	-0.135453	6.30029e-05	-0.0346879	0	0	0	0	0.000571202	-0.135453	
6.99004	8.2938e-05	-0.0340064	0	0	0	0	0.000557783	-0.13283	8.2938e-05	-0.0340064	0	0	0	0	0.000557783	-0.13283	
7.14712	0.000100194	-0.0333489	0	0	0	0	0.000533983	-0.130304	0.000100194	-0.0333489	0	0	0	0	0.000533983	-0.130304	
7.3042	0.000114974	-0.0327144	0	0	0	0	0.0005016	-0.127869	0.000114974	-0.0327144	0	0	0	0	0.0005016	-0.127869	
7.46128	0.000127484	-0.0321016	0	0	0	0	0.000462286	-0.125519	0.000127484	-0.0321016	0	0	0	0	0.000462286	-0.125519	
7.61836	0.000137937	-0.0315097	0	0	0	0	0.000417525	-0.123251	0.000137937	-0.0315097	0	0	0	0	0.000417525	-0.123251	
7.77544	0.000146533	-0.0309375	0	0	0	0	0.000368639	-0.12106	0.000146533	-0.0309375	0	0	0	0	0.000368639	-0.12106	
7.93252	0.00015347	-0.030384	0	0	0	0	0.000316774	-0.118942	0.00015347	-0.030384	0	0	0	0	0.000316774	-0.118942	
8.0896	0.000158931	-0.0298487	0	0	0	0	0.000262933	-0.116893	0.000158931	-0.0298487	0	0	0	0	0.000262933	-0.116893	
8.24668	0.000163084	-0.0293304	0	0	0	0	0.00020796	-0.11491	0.000163084	-0.0293304	0	0	0	0	0.00020796	-0.11491	
8.40376	0.000166089	-0.0288283	0	0	0	0	0.000152581	-0.112989	0.000166089	-0.0288283	0	0	0	0	0.000152581	-0.112989	
8.56084	0.000168088	-0.0283422	0	0	0	0	9.73967e-05	-0.111129	0.000168088	-0.0283422	0	0	0	0	9.73967e-05	-0.111129	
8.71792	0.00016921	-0.027871	0	0	0	0	4.28977e-05	-0.109326	0.00016921	-0.027871	0	0	0	0	4.28977e-05	-0.109326	
8.875	0.000169574	-0.0274141	0	0	0	0	-1.0509e-05	-0.107577	0.000169574	-0.0274141	0	0	0	0	-1.0509e-05	-0.107577	
9.03208	0.000169284	-0.0269712	0	0	0	0	-6.25037e-05	-0.105881	0.000169284	-0.0269712	0	0	0	0	-6.25037e-05	-0.105881	
9.18916	0.000168433	-0.0265411	0	0	0	0	-0.000112833	-0.104234	0.000168433	-0.0265411	0	0	0	0	-0.000112833	-0.104234	
9.34624	0.000167105	-0.026124	0	0	0	0	-0.000161306	-0.102635	0.000167105	-0.026124	0	0	0	0	-0.000161306	-0.102635	
9.50332	0.000165374	-0.0257188	0	0	0	0	-0.000207778	-0.101082	0.000165374	-0.0257188	0	0	0	0	-0.000207778	-0.101082	
9.6604	0.000163306	-0.0253255	0	0	0	0	-0.000252153	-0.0995734	0.000163306	-0.0253255	0	0	0	0	-0.000252153	-0.0995734	
9.81748	0.000160957	-0.0249432	0	0	0	0	-0.000294369	-0.0981067	0.000160957	-0.0249432	0	0	0	0	-0.000294369	-0.0981067	
9.97456	0.000158378	-0.0245717	0	0	0	0	-0.000334394	-0.0966805	0.000158378	-0.0245717	0	0	0	0	-0.000334394	-0.0966805	
10.1316	0.000155614	-0.0242105	0	0	0	0	-0.000372222	-0.0952933	0.000155614	-0.0242105	0	0	0	0	-0.000372222	-0.0952933	
10.2887	0.000152703	-0.0238593	0	0	0	0	-0.000407866	-0.0939435	0.000152703	-0.0238593	0	0	0	0	-0.000407866	-0.0939435	
10.4458	0.000149679	-0.0235177	0	0	0	0	-0.000441358	-0.0926297	0.000149679	-0.0235177	0	0	0	0	-0.000441358	-0.0926297	
10.6029	0.00014657	-0.0231852	0	0	0	0	-0.00047274	-0.0913505	0.00014657	-0.0231852	0	0	0	0	-0.00047274	-0.0913505	
10.76	0.000143402	-0.0228616	0	0	0	0	-0.000502066	-0.0901047	0.000143402	-0.0228616	0	0	0	0	-0.000502066	-0.0901047	
10.917	0.000140196	-0.0225466	0	0	0	0	-0.000529398	-0.088891	0.000140196	-0.0225466	0	0	0	0	-0.000529398	-0.088891	
11.0741	0.000136972	-0.0222397	0	0	0	0	-0.000554806	-0.0877082	0.000136972	-0.0222397	0	0	0	0	-0.000554806	-0.0877082	
11.2312	0.000133745	-0.0219407	0	0	0	0	-0.000578361	-0.0865552	0.000133745	-0.0219407	0	0	0	0	-0.000578361	-0.0865552	
11.3883	0.000130528	-0.0216494	0	0	0	0	-0.000600137	-0.085431	0.000130528	-0.0216494	0	0	0	0	-0.000600137	-0.085431	
11.5454	0.000127334	-0.0213654	0	0	0	0	-0.000620211	-0.0843345	0.000127334	-0.0213654	0	0	0	0	-0.000620211	-0.0843345	
11.7024	0.000124172	-0.0210886	0	0	0	0	-0.000638661	-0.0832647	0.000124172	-0.0210886	0	0	0	0	-0.000638661	-0.0832647	
11.8595	0.000121051	-0.0208185	0	0	0	0	-0.00065556	-0.0822208	0.000121051	-0.0208185	0	0	0	0	-0.00065556	-0.0822208	
12.0166	0.000117974	-0.0205551	0	0	0	0	-0.000670994	-0.0812018	0.000117974	-0.0205551	0	0	0	0	-0.000670994	-0.0812018	
12.1737	0.000114952	-0.020298	0	0	0	0	-0.00068503	-0.0802069	0.000114952	-0.020298	0	0	0	0	-0.00068503	-0.0802069	
12.3308	0.000111985	-0.0200471	0	0	0	0	-0.000697742	-0.0792352	0.000111985	-0.0200471	0	0	0	0	-0.000697742	-0.0792352	
12.4878	0.000109079	-0.0198021	0	0	0	0	-0.000709205	-0.0782861	0.000109079	-0.0198021	0	0	0	0	-0.000709205	-0.0782861	
12.6449	0.000106236	-0.0195629	0	0	0	0	-0.000719492	-0.0773587	0.000106236	-0.0195629	0	0	0	0	-0.000719492	-0.0773587	
12.802	0.000103457	-0.0193292	0	0	0	0	-0.000728656	-0.0764524	0.000103457	-0.0193292	0	0	0	0	-0.000728656	-0.0764524	
12.9591	0.000100745	-0.0191009	0	0	0	0	-0.000736776	-0.0755664	0.000100745	-0.0191009	0	0	0	0	-0.000736776	-0.0755664	
13.1161	9.80993e-05	-0.0188777	0	0	0	0	-0.000743904	-0.0747002	9.80993e-05	-0.0188777	0	0	0	0	-0.000743904	-0.0747002	
13.2732	9.55227e-05	-0.0186596	0	0	0	0	-0.000750107	-0.073853	9.55227e-05	-0.0186596	0	0	0	0	-0.000750107	-0.073853	
13.4303	9.30134e-05	-0.0184464	0	0	0	0	-0.000755433	-0.0730243	9.30134e-05	-0.0184464	0	0	0	0	-0.000755433	-0.0730243	
13.5874	9.05715e-05	-0.0182379	0	0	0	0	-0.000759941	-0.0722134	9.05715e-05	-0.0182379	0	0	0	0	-0.000759941	-0.0722134	
13.7445	8.81972e-05	-0.0180339	0	0	0	0	-0.000763683	-0.0714199	8.81972e-05	-0.0180339	0	0	0	0	-0.000763683	-0.0714199	
13.9015	8.58888e-05	-0.0178343	0	0	0	0	-0.000766705	-0.0706432	8.58888e-05	-0.0178343	0	0	0	0	-0.000766705	-0.0706432	
14.0586	8.36459e-05	-0.0176391	0	0	0	0	-0.000769057	-0.0698829	8.36459e-05	-0.0176391	0	0	0	0	-0.000769057	-0.0698829	
14.2157	8.14686e-05	-0.0174479	0	0	0	0	-0.000770777	-0.0691382	8.14686e-05	-0.0174479	0	0	0	0	-0.000770777	-0.0691382	
14.3728	7.93547e-05	-0.0172608	0	0	0	0	-0.000771911	-0.068409	7.93547e-05	-0.0172608	0	0	0	0	-0.000771911	-0.068409	
14.5299	7.7302e-05	-0.0170776	0	0	0	0	-0.000772497	-0.0676945	7.7302e-05	-0.0170776	0	0	0	0	-0.000772497	-0.0676945	
14.6869	7.53102e-05	-0.0168981	0	0	0	0	-0.000772569	-0.0669946	7.53102e-05	-0.0168981	0	0	0	0	-0.000772569	-0.0669946	
14.844	7.33779e-05	-0.0167223	0	0	0	0	-0.00077217	-0.0663086	7.33779e-05	-0.0167223	0	0	0	0	-0.00077217	-0.0663086	
15.0011	7.1505e-05	-0.0165501	0	0	0	0	-0.000771325	-0.0656363	7.1505e-05	-0.0165501	0	0	0	0	-0.000771325	-0.0656363	
15.1582	6.96869e-05	-0.0163813	0	0	0	0	-0.00077007	-0.0649772	6.96869e-05	-0.0163813	0	0	0	0	-0.00077007	-0.0649772	
15.3153	6.79243e-05	-0.0162159	0	0	0	0	-0.00076843	-0.0643308	6.79243e-05	-0.0162159	0	0	0	0	-0.00076843	-0.0643308	
15.4723	6.62154e-05	-0.0160537	0	0	0	0	-0.000766437	-0.063697	6.62154e-05	-0.0160537	0	0	0	0	-0.000766437	-0.063697	
15.6294	6.45587e-05	-0.0158947	0	0	0	0	-0.000764118	-0.0630753	6.45587e-05	-0.0158947	0	0	0	0	-0.000764118	-0.0630753	
15.7865	6.29528e-05	-0.0157388	0	0	0	0	-0.000761494	-0.0624654	6.29528e-05	-0.0157388	0	0	0	0	-0.000761494	-0.0624654	
15.9436	6.13956e-05	-0.0155859	0	0	0	0	-0.000758592	-0.061867	6.13956e-05	-0.0155859	0	0	0	0	-0.000758592	-0.061867	
16.1007	5.9886e-05	-0.0154358	0	0	0	0	-0.000755428	-0.0612797	5.9886e-05	-0.0154358	0	0	0	0	-0.000755428	-0.0612797	
16.2577	5.84221e-05	-0.0152886	0	0	0	0	-0.000752024	-0.0607033	5.84221e-05	-0.0152886	0	0	0	0	-0.000752024	-0.0607033	
16.4148	5.70034e-05	-0.0151441	0	0	0	0	-0.000748403	-0.0601374	5.70034e-05	-0.0151441	0	0	0	0	-0.000748403	-0.0601374	
16.5719	5.5627e-05	-0.0150023	0	0	0	0	-0.000744581	-0.0595818	5.5627e-05	-0.0150023	0	0	0	0	-0.000744581	-0.0595818	
16.729	5.42929e-05	-0.0148631	0	0	0	0	-0.000740573	-0.0590362	5.42929e-05	-0.0148631	0	0	0	0	-0.000740573	-0.0590362	
16.8861	5.29997e-05	-0.0147265	0	0	0	0	-0.000736398	-0.0585004	5.29997e-05	-0.0147265	0	0	0	0	-0.000736398	-0.0585004	
17.0431	5.17455e-05	-0.0145922	0	0	0	0	-0.000732069	-0.057974	5.17455e-05	-0.0145922	0	0	0	0	-0.000732069	-0.057974	
17.2002	5.05293e-05	-0.0144604	0	0	0	0	-0.0007276	-0.0574568	5.05293e-05	-0.0144604	0	0	0	0	-0.0007276	-0.0574568	
17.3573	4.93497e-05	-0.0143309	0	0	0	0	-0.000723004	-0.0569487	4.93497e-05	-0.0143309	0	0	0	0	-0.000723004	-0.0569487	
17.5144	4.82057e-05	-0.0142037	0	0	0	0	-0.000718294	-0.0564493	4.82057e-05	-0.0142037	0	0	0	0	-0.000718294	-0.0564493	
17.6715	4.7096e-05	-0.0140787	0	0	0	0	-0.000713481	-0.0559586	4.7096e-05	-0.0140787	0	0	0	0	-0.000713481	-0.0559586	
17.8285	4.60194e-05	-0.0139559	0	0	0	0	-0.000708575	-0.0554761	4.60194e-05	-0.0139559	0	0	0	0	-0.000708575	-0.0554761	
17.9856	4.49749e-05	-0.0138352	0	0	0	0	-0.000703588	-0.0550018	4.49749e-05	-0.0138352	0	0	0	0	-0.000703588	-0.0550018	
18.1427	4.39614e-05	-0.0137165	0	0	0	0	-0.000698527	-0.0545355	4.39614e-05	-0.0137165	0	0	0	0	-0.000698527	-0.0545355	
18.2998	4.29778e-05	-0.0135998	0	0	0	0	-0.000693403	-0.0540768	4.29778e-05	-0.0135998	0	0	0	0	-0.000693403	-0.0540768	
18.4569	4.20233e-05	-0.0134851	0	0	0	0	-0.000688223	-0.0536257	4.20233e-05	-0.0134851	0	0	0	0	-0.000688223	-0.0536257	
18.6139	4.10967e-05	-0.0133723	0	0	0	0	-0.000682994	-0.053182	4.10967e-05	-0.0133723	0	0	0	0	-0.000682994	-0.053182	
18.771	4.01971e-05	-0.0132613	0	0	0	0	-0.000677724	-0.0527455	4.01971e-05	-0.0132613	0	0	0	0	-0.000677724	-0.0527455	
18.9281	3.93237e-05	-0.0131521	0	0	0	0	-0.000672421	-0.0523159	3.93237e-05	-0.0131521	0	0	0	0	-0.000672421	-0.0523159	
19.0852	3.84754e-05	-0.0130448	0	0	0	0	-0.000667089	-0.0518933	3.84754e-05	-0.0130448	0	0	0	0	-0.000667089	-0.0518933	
19.2423	3.76518e-05	-0.0129391	0	0	0	0	-0.000661734	-0.0514774	3.76518e-05	-0.0129391	0	0	0	0	-0.000661734	-0.0514774	
19.3993	3.68516e-05	-0.0128351	0	0	0	0	-0.000656363	-0.051068	3.68516e-05	-0.0128351	0	0	0	0	-0.000656363	-0.051068	
19.5564	3.60743e-05	-0.0127328	0	0	0	0	-0.000650979	-0.050665	3.60743e-05	-0.0127328	0	0	0	0	-0.000650979	-0.050665	
19.7135	3.5319e-05	-0.0126321	0	0	0	0	-0.000645589	-0.0502682	3.5319e-05	-0.0126321	0	0	0	0	-0.000645589	-0.0502682	
19.8706	3.45852e-05	-0.0125329	0	0	0	0	-0.000640196	-0.0498775	3.45852e-05	-0.0125329	0	0	0	0	-0.000640196	-0.0498775	
20.0277	3.38718e-05	-0.0124353	0	0	0	0	-0.000634805	-0.0494927	3.38718e-05	-0.0124353	0	0	0	0	-0.000634805	-0.0494927	
20.1847	3.31783e-05	-0.0123392	0	0	0	0	-0.000629418	-0.0491139	3.31783e-05	-0.0123392	0	0	0	0	-0.000629418	-0.0491139	
20.3418	3.25042e-05	-0.0122445	0	0	0	0	-0.00062404	-0.0487407	3.25042e-05	-0.0122445	0	0	0	0	-0.00062404	-0.0487407	
20.4989	3.18488e-05	-0.0121513	0	0	0	0	-0.000618673	-0.048373	3.18488e-05	-0.0121513	0	0	0	0	-0.000618673	-0.048373	
20.656	3.12112e-05	-0.0120595	0	0	0	0	-0.000613322	-0.0480109	3.12112e-05	-0.0120595	0	0	0	0	-0.000613322	-0.0480109	
20.8131	3.05911e-05	-0.011969	0	0	0	0	-0.000607988	-0.0476541	3.05911e-05	-0.011969	0	0	0	0	-0.000607988	-0.0476541	
20.9701	2.9988e-05	-0.0118799	0	0	0	0	-0.000602675	-0.0473024	2.9988e-05	-0.0118799	0	0	0	0	-0.000602675	-0.0473024	
21.1272	2.9401e-05	-0.0117921	0	0	0	0	-0.000597384	-0.0469559	2.9401e-05	-0.0117921	0	0	0	0	-0.000597384	-0.0469559	
21.2843	2.883e-05	-0.0117056	0	0	0	0	-0.000592117	-0.0466144	2.883e-05	-0.0117056	0	0	0	0	-0.000592117	-0.0466144	
21.4414	2.82741e-05	-0.0116203	0	0	0	0	-0.000586877	-0.0462777	2.82741e-05	-0.0116203	0	0	0	0	-0.000586877	-0.0462777	
21.5984	2.77331e-05	-0.0115362	0	0	0	0	-0.000581666	-0.0459459	2.77331e-05	-0.0115362	0	0	0	0	-0.000581666	-0.0459459	
21.7555	2.72065e-05	-0.0114534	0	0	0	0	-0.000576485	-0.0456187	2.72065e-05	-0.0114534	0	0	0	0	-0.000576485	-0.0456187	
21.9126	2.66936e-05	-0.0113717	0	0	0	0	-0.000571336	-0.0452961	2.66936e-05	-0.0113717	0	0	0	0	-0.000571336	-0.0452961	
22.0697	2.6194e-05	-0.0112912	0	0	0	0	-0.00056622	-0.044978	2.6194e-05	-0.0112912	0	0	0	0	-0.00056622	-0.044978	
22.2268	2.57076e-05	-0.0112118	0	0	0	0	-0.000561139	-0.0446643	2.57076e-05	-0.0112118	0	0	0	0	-0.000561139	-0.0446643	
22.3838	2.52336e-05	-0.0111335	0	0	0	0	-0.000556093	-0.0443549	2.52336e-05	-0.0111335	0	0	0	0	-0.000556093	-0.0443549	
22.5409	2.4772e-05	-0.0110563	0	0	0	0	-0.000551084	-0.0440498	2.4772e-05	-0.0110563	0	0	0	0	-0.000551084	-0.0440498	
22.698	2.4322e-05	-0.0109802	0	0	0	0	-0.000546113	-0.0437488	2.4322e-05	-0.0109802	0	0	0	0	-0.000546113	-0.0437488	
22.8551	2.38835e-05	-0.0109051	0	0	0	0	-0.00054118	-0.0434518	2.38835e-05	-0.0109051	0	0	0	0	-0.00054118	-0.0434518	
23.0122	2.34561e-05	-0.010831	0	0	0	0	-0.000536287	-0.0431588	2.34561e-05	-0.010831	0	0	0	0	-0.000536287	-0.0431588	
23.1692	2.30393e-05	-0.0107579	0	0	0	0	-0.000531434	-0.0428698	2.30393e-05	-0.0107579	0	0	0	0	-0.000531434	-0.0428698	
23.3263	2.2633e-05	-0.0106857	0	0	0	0	-0.000526621	-0.0425845	2.2633e-05	-0.0106857	0	0	0	0	-0.000526621	-0.0425845	
23.4834	2.22368e-05	-0.0106146	0	0	0	0	-0.000521849	-0.0423029	2.22368e-05	-0.0106146	0	0	0	0	-0.000521849	-0.0423029	
23.6405	2.18503e-05	-0.0105444	0	0	0	0	-0.000517119	-0.0420251	2.18503e-05	-0.0105444	0	0	0	0	-0.000517119	-0.0420251	
23.7976	2.14733e-05	-0.010475	0	0	0	0	-0.000512431	-0.0417508	2.14733e-05	-0.010475	0	0	0	0	-0.000512431	-0.0417508	
23.9546	2.11056e-05	-0.0104066	0	0	0	0	-0.000507786	-0.0414801	2.11056e-05	-0.0104066	0	0	0	0	-0.000507786	-0.0414801	
24.1117	2.07467e-05	-0.0103391	0	0	0	0	-0.000503182	-0.0412129	2.07467e-05	-0.0103391	0	0	0	0	-0.000503182	-0.0412129	
24.2688	2.03964e-05	-0.0102725	0	0	0	0	-0.000498622	-0.040949	2.03964e-05	-0.0102725	0	0	0	0	-0.000498622	-0.040949	
24.4259	2.00546e-05	-0.0102066	0	0	0	0	-0.000494105	-0.0406885	2.00546e-05	-0.0102066	0	0	0	0	-0.000494105	-0.0406885	
24.583	1.97208e-05	-0.0101417	0	0	0	0	-0.000489631	-0.0404312	1.97208e-05	-0.0101417	0	0	0	0	-0.000489631	-0.0404312	
24.74	1.9395e-05	-0.0100775	0	0	0	0	-0.0004852	-0.0401772	1.9395e-05	-0.0100775	0	0	0	0	-0.0004852	-0.0401772	
24.8971	1.90769e-05	-0.0100142	0	0	0	0	-0.000480813	-0.0399263	1.90769e-05	-0.0100142	0	0	0	0	-0.000480813	-0.0399263	
25.0542	1.87662e-05	-0.00995162	0	0	0	0	-0.000476468	-0.0396785	1.87662e-05	-0.00995162	0	0	0	0	-0.000476468	-0.0396785	
25.2113	1.84628e-05	-0.00988985	0	0	0	0	-0.000472167	-0.0394338	1.84628e-05	-0.00988985	0	0	0	0	-0.000472167	-0.0394338	
25.3684	1.81663e-05	-0.00982881	0	0	0	0	-0.00046791	-0.039192	1.81663e-05	-0.00982881	0	0	0	0	-0.00046791	-0.039192	
25.5254	1.78766e-05	-0.00976853	0	0	0	0	-0.000463695	-0.0389532	1.78766e-05	-0.00976853	0	0	0	0	-0.000463695	-0.0389532	
25.6825	1.75935e-05	-0.00970899	0	0	0	0	-0.000459524	-0.0387172	1.75935e-05	-0.00970899	0	0	0	0	-0.000459524	-0.0387172	
25.8396	1.7317e-05	-0.00965017	0	0	0	0	-0.000455395	-0.0384841	1.7317e-05	-0.00965017	0	0	0	0	-0.000455395	-0.0384841	
25.9967	1.70467e-05	-0.00959204	0	0	0	0	-0.000451309	-0.0382537	1.70467e-05	-0.00959204	0	0	0	0	-0.000451309	-0.0382537	
26.1538	1.67823e-05	-0.00953462	0	0	0	0	-0.000447265	-0.0380261	1.67823e-05	-0.00953462	0	0	0	0	-0.000447265	-0.0380261	
26.3108	1.6524e-05	-0.00947786	0	0	0	0	-0.000443264	-0.0378011	1.6524e-05	-0.00947786	0	0	0	0	-0.000443264	-0.0378011	
26.4679	1.62713e-05	-0.0094218	0	0	0	0	-0.000439306	-0.0375787	1.62713e-05	-0.0094218	0	0	0	0	-0.000439306	-0.0375787	
26.625	1.60243e-05	-0.00936637	0	0	0	0	-0.000435389	-0.037359	1.60243e-05	-0.00936637	0	0	0	0	-0.000435389	-0.037359	
26.7821	1.57826e-05	-0.0093116	0	0	0	0	-0.000431513	-0.0371419	1.57826e-05	-0.0093116	0	0	0	0	-0.000431513	-0.0371419	
26.9392	1.55462e-05	-0.00925747	0	0	0	0	-0.000427679	-0.0369272	1.55462e-05	-0.00925747	0	0	0	0	-0.000427679	-0.0369272	
27.0962	1.53149e-05	-0.00920397	0	0	0	0	-0.000423886	-0.0367149	1.53149e-05	-0.00920397	0	0	0	0	-0.000423886	-0.0367149	
27.2533	1.50886e-05	-0.00915106	0	0	0	0	-0.000420133	-0.0365051	1.50886e-05	-0.00915106	0	0	0	0	-0.000420133	-0.0365051	
27.4104	1.48673e-05	-0.00909876	0	0	0	0	-0.000416422	-0.0362976	1.48673e-05	-0.00909876	0	0	0	0	-0.000416422	-0.0362976	
27.5675	1.46504e-05	-0.00904707	0	0	0	0	-0.00041275	-0.0360925	1.46504e-05	-0.00904707	0	0	0	0	-0.00041275	-0.0360925	
27.7246	1.44384e-05	-0.00899595	0	0	0	0	-0.000409118	-0.0358897	1.44384e-05	-0.00899595	0	0	0	0	-0.000409118	-0.0358897	
27.8816	1.42307e-05	-0.0089454	0	0	0	0	-0.000405526	-0.0356891	1.42307e-05	-0.0089454	0	0	0	0	-0.000405526	-0.0356891	
28.0387	1.40273e-05	-0.00889541	0	0	0	0	-0.000401972	-0.0354907	1.40273e-05	-0.00889541	0	0	0	0	-0.000401972	-0.0354907	
28.1958	1.38283e-05	-0.00884599	0	0	0	0	-0.000398458	-0.0352945	1.38283e-05	-0.00884599	0	0	0	0	-0.000398458	-0.0352945	
28.3529	1.36333e-05	-0.0087971	0	0	0	0	-0.000394982	-0.0351005	1.36333e-05	-0.0087971	0	0	0	0	-0.000394982	-0.0351005	
28.51	1.34425e-05	-0.00874876	0	0	0	0	-0.000391544	-0.0349086	1.34425e-05	-0.00874876	0	0	0	0	-0.000391544	-0.0349086	
28.667	1.32553e-05	-0.00870094	0	0	0	0	-0.000388144	-0.0347188	1.32553e-05	-0.00870094	0	0	0	0	-0.000388144	-0.0347188	
28.8241	1.3072e-05	-0.00865364	0	0	0	0	-0.000384781	-0.034531	1.3072e-05	-0.00865364	0	0	0	0	-0.000384781	-0.034531	
28.9812	1.28927e-05	-0.00860685	0	0	0	0	-0.000381455	-0.0343452	1.28927e-05	-0.00860685	0	0	0	0	-0.000381455	-0.0343452	
29.1383	1.27168e-05	-0.00856056	0	0	0	0	-0.000378166	-0.0341614	1.27168e-05	-0.00856056	0	0	0	0	-0.000378166	-0.0341614	
29.2954	1.25444e-05	-0.00851477	0	0	0	0	-0.000374913	-0.0339796	1.25444e-05	-0.00851477	0	0	0	0	-0.000374913	-0.0339796	
29.4524	1.23753e-05	-0.00846946	0	0	0	0	-0.000371696	-0.0337997	1.23753e-05	-0.00846946	0	0	0	0	-0.000371696	-0.0337997	
29.6095	1.22098e-05	-0.00842462	0	0	0	0	-0.000368514	-0.0336216	1.22098e-05	-0.00842462	0	0	0	0	-0.000368514	-0.0336216	
29.7666	1.20474e-05	-0.00838028	0	0	0	0	-0.000365368	-0.0334454	1.20474e-05	-0.00838028	0	0	0	0	-0.000365368	-0.0334454	
29.9237	1.18882e-05	-0.00833637	0	0	0	0	-0.000362257	-0.033271	1.18882e-05	-0.00833637	0	0	0	0	-0.000362257	-0.033271	
30.0807	1.17322e-05	-0.00829293	0	0	0	0	-0.000359179	-0.0330985	1.17322e-05	-0.00829293	0	0	0	0	-0.000359179	-0.0330985	
30.2378	1.15791e-05	-0.00824994	0	0	0	0	-0.000356136	-0.0329277	1.15791e-05	-0.00824994	0	0	0	0	-0.000356136	-0.0329277	
30.3949	1.14289e-05	-0.0082074	0	0	0	0	-0.000353127	-0.0327587	1.14289e-05	-0.0082074	0	0	0	0	-0.000353127	-0.0327587	
30.552	1.12817e-05	-0.00816529	0	0	0	0	-0.00035015	-0.0325914	1.12817e-05	-0.00816529	0	0	0	0	-0.00035015	-0.0325914	
30.7091	1.11373e-05	-0.00812362	0	0	0	0	-0.000347207	-0.0324258	1.11373e-05	-0.00812362	0	0	0	0	-0.000347207	-0.0324258	
30.8661	1.09956e-05	-0.00808236	0	0	0	0	-0.000344296	-0.0322618	1.09956e-05	-0.00808236	0	0	0	0	-0.000344296	-0.0322618	
31.0232	1.08566e-05	-0.00804151	0	0	0	0	-0.000341417	-0.0320995	1.08566e-05	-0.00804151	0	0	0	0	-0.000341417	-0.0320995	
31.1803	1.07202e-05	-0.00800108	0	0	0	0	-0.00033857	-0.0319388	1.07202e-05	-0.00800108	0	0	0	0	-0.00033857	-0.0319388	
31.3374	1.05862e-05	-0.00796105	0	0	0	0	-0.000335754	-0.0317797	1.05862e-05	-0.00796105	0	0	0	0	-0.000335754	-0.0317797	
31.4945	1.0455e-05	-0.00792143	0	0	0	0	-0.00033297	-0.0316222	1.0455e-05	-0.00792143	0	0	0	0	-0.00033297	-0.0316222	
31.6515	1.03259e-05	-0.00788219	0	0	0	0	-0.000330216	-0.0314662	1.03259e-05	-0.00788219	0	0	0	0	-0.000330216	-0.0314662	
31.8086	1.01992e-05	-0.00784333	0	0	0	0	-0.000327492	-0.0313117	1.01992e-05	-0.00784333	0	0	0	0	-0.000327492	-0.0313117	
31.9657	1.0075e-05	-0.00780487	0	0	0	0	-0.000324799	-0.0311588	1.0075e-05	-0.00780487	0	0	0	0	-0.000324799	-0.0311588	
32.1228	9.95287e-06	-0.00776677	0	0	0	0	-0.000322134	-0.0310074	9.95287e-06	-0.00776677	0	0	0	0	-0.000322134	-0.0310074	
32.2799	9.83305e-06	-0.00772904	0	0	0	0	-0.0003195	-0.0308574	9.83305e-06	-0.00772904	0	0	0	0	-0.0003195	-0.0308574	
32.4369	9.71528e-06	-0.00769168	0	0	0	0	-0.000316894	-0.0307088	9.71528e-06	-0.00769168	0	0	0	0	-0.000316894	-0.0307088	
32.594	9.5997e-06	-0.00765469	0	0	0	0	-0.000314316	-0.0305617	9.5997e-06	-0.00765469	0	0	0	0	-0.000314316	-0.0305617	
32.7511	9.48623e-06	-0.00761802	0	0	0	0	-0.000311767	-0.0304159	9.48623e-06	-0.00761802	0	0	0	0	-0.000311767	-0.0304159	
32.9082	9.37456e-06	-0.00758173	0	0	0	0	-0.000309245	-0.0302715	9.37456e-06	-0.00758173	0	0	0	0	-0.000309245	-0.0302715	
33.0653	9.265e-06	-0.00754576	0	0	0	0	-0.000306751	-0.0301285	9.265e-06	-0.00754576	0	0	0	0	-0.000306751	-0.0301285	
33.2223	9.15745e-06	-0.00751016	0	0	0	0	-0.000304284	-0.0299868	9.15745e-06	-0.00751016	0	0	0	0	-0.000304284	-0.0299868	
33.3794	9.0516e-06	-0.00747487	0	0	0	0	-0.000301845	-0.0298465	9.0516e-06	-0.00747487	0	0	0	0	-0.000301845	-0.0298465	
33.5365	8.94761e-06	-0.00743991	0	0	0	0	-0.000299431	-0.0297075	8.94761e-06	-0.00743991	0	0	0	0	-0.000299431	-0.0297075	
33.6936	8.84546e-06	-0.00740529	0	0	0	0	-0.000297044	-0.0295697	8.84546e-06	-0.00740529	0	0	0	0	-0.000297044	-0.0295697	
33.8507	8.74499e-06	-0.00737098	0	0	0	0	-0.000294683	-0.0294333	8.74499e-06	-0.00737098	0	0	0	0	-0.000294683	-0.0294333	
34.0077	8.64634e-06	-0.00733698	0	0	0	0	-0.000292346	-0.029298	8.64634e-06	-0.00733698	0	0	0	0	-0.000292346	-0.029298	
34.1648	8.54911e-06	-0.0073033	0	0	0	0	-0.000290036	-0.029164	8.54911e-06	-0.0073033	0	0	0	0	-0.000290036	-0.029164	
34.3219	8.4538e-06	-0.00726993	0	0	0	0	-0.00028775	-0.0290313	8.4538e-06	-0.00726993	0	0	0	0	-0.00028775	-0.0290313	
34.479	8.36002e-06	-0.00723686	0	0	0	0	-0.000285489	-0.0288996	8.36002e-06	-0.00723686	0	0	0	0	-0.000285489	-0.0288996	
34.6361	8.26764e-06	-0.00720409	0	0	0	0	-0.000283252	-0.0287693	8.26764e-06	-0.00720409	0	0	0	0	-0.000283252	-0.0287693	
34.7931	8.17701e-06	-0.00717161	0	0	0	0	-0.000281039	-0.02864	8.17701e-06	-0.00717161	0	0	0	0	-0.000281039	-0.02864	
34.9502	8.08777e-06	-0.00713942	0	0	0	0	-0.00027885	-0.028512	8.08777e-06	-0.00713942	0	0	0	0	-0.00027885	-0.028512	
35.1073	8.00002e-06	-0.00710753	0	0	0	0	-0.000276684	-0.028385	8.00002e-06	-0.00710753	0	0	0	0	-0.000276684	-0.028385	
35.2644	7.91363e-06	-0.00707592	0	0	0	0	-0.000274541	-0.0282592	7.91363e-06	-0.00707592	0	0	0	0	-0.000274541	-0.0282592	
35.4215	7.82872e-06	-0.00704458	0	0	0	0	-0.000272422	-0.0281345	7.82872e-06	-0.00704458	0	0	0	0	-0.000272422	-0.0281345	
35.5785	7.74527e-06	-0.00701352	0	0	0	0	-0.000270324	-0.0280108	7.74527e-06	-0.00701352	0	0	0	0	-0.000270324	-0.0280108	
35.7356	7.66303e-06	-0.00698274	0	0	0	0	-0.000268249	-0.0278883	7.66303e-06	-0.00698274	0	0	0	0	-0.000268249	-0.0278883	
35.8927	7.58225e-06	-0.00695223	0	0	0	0	-0.000266195	-0.0277669	7.58225e-06	-0.00695223	0	0	0	0	-0.000266195	-0.0277669	
36.0498	7.50265e-06	-0.00692197	0	0	0	0	-0.000264164	-0.0276464	7.50265e-06	-0.00692197	0	0	0	0	-0.000264164	-0.0276464	
36.2069	7.42425e-06	-0.00689198	0	0	0	0	-0.000262154	-0.027527	7.42425e-06	-0.00689198	0	0	0	0	-0.000262154	-0.027527	
36.3639	7.34714e-06	-0.00686224	0	0	0	0	-0.000260165	-0.0274086	7.34714e-06	-0.00686224	0	0	0	0	-0.000260165	-0.0274086	
36.521	7.27121e-06	-0.00683277	0	0	0	0	-0.000258197	-0.0272913	7.27121e-06	-0.00683277	0	0	0	0	-0.000258197	-0.0272913	
36.6781	7.19657e-06	-0.00680354	0	0	0	0	-0.000256249	-0.0271749	7.19657e-06	-0.00680354	0	0	0	0	-0.000256249	-0.0271749	
36.8352	7.12309e-06	-0.00677457	0	0	0	0	-0.000254321	-0.0270596	7.12309e-06	-0.00677457	0	0	0	0	-0.000254321	-0.0270596	
36.9923	7.05064e-06	-0.00674584	0	0	0	0	-0.000252415	-0.0269452	7.05064e-06	-0.00674584	0	0	0	0	-0.000252415	-0.0269452	
37.1493	6.97931e-06	-0.00671734	0	0	0	0	-0.000250528	-0.0268318	6.97931e-06	-0.00671734	0	0	0	0	-0.000250528	-0.0268318	
37.3064	6.90926e-06	-0.0066891	0	0	0	0	-0.00024866	-0.0267192	6.90926e-06	-0.0066891	0	0	0	0	-0.00024866	-0.0267192	
37.4635	6.84009e-06	-0.00666109	0	0	0	0	-0.000246811	-0.0266077	6.84009e-06	-0.00666109	0	0	0	0	-0.000246811	-0.0266077	
37.6206	6.77204e-06	-0.00663331	0	0	0	0	-0.000244982	-0.0264971	6.77204e-06	-0.00663331	0	0	0	0	-0.000244982	-0.0264971	
37.7777	6.70498e-06	-0.00660576	0	0	0	0	-0.000243172	-0.0263874	6.70498e-06	-0.00660576	0	0	0	0	-0.000243172	-0.0263874	
37.9347	6.63904e-06	-0.00657844	0	0	0	0	-0.000241381	-0.0262785	6.63904e-06	-0.00657844	0	0	0	0	-0.000241381	-0.0262785	
38.0918	6.57395e-06	-0.00655134	0	0	0	0	-0.000239608	-0.0261706	6.57395e-06	-0.00655134	0	0	0	0	-0.000239608	-0.0261706	
38.2489	6.50997e-06	-0.00652448	0	0	0	0	-0.000237852	-0.0260636	6.50997e-06	-0.00652448	0	0	0	0	-0.000237852	-0.0260636	
38.406	6.44683e-06	-0.00649782	0	0	0	0	-0.000236115	-0.0259574	6.44683e-06	-0.00649782	0	0	0	0	-0.000236115	-0.0259574	
38.563	6.38464e-06	-0.00647138	0	0	0	0	-0.000234396	-0.0258521	6.38464e-06	-0.00647138	0	0	0	0	-0.000234396	-0.0258521	
38.7201	6.32343e-06	-0.00644517	0	0	0	0	-0.000232694	-0.0257477	6.32343e-06	-0.00644517	0	0	0	0	-0.000232694	-0.0257477	
38.8772	6.26303e-06	-0.00641915	0	0	0	0	-0.00023101	-0.0256441	6.26303e-06	-0.00641915	0	0	0	0	-0.00023101	-0.0256441	
39.0343	6.20345e-06	-0.00639335	0	0	0	0	-0.000229342	-0.0255412	6.20345e-06	-0.00639335	0	0	0	0	-0.000229342	-0.0255412	
39.1914	6.14483e-06	-0.00636775	0	0	0	0	-0.000227691	-0.0254393	6.14483e-06	-0.00636775	0	0	0	0	-0.000227691	-0.0254393	
39.3484	6.08712e-06	-0.00634235	0	0	0	0	-0.000226058	-0.0253381	6.08712e-06	-0.00634235	0	0	0	0	-0.000226058	-0.0253381	
39.5055	6.03011e-06	-0.00631716	0	0	0	0	-0.00022444	-0.0252378	6.03011e-06	-0.00631716	0	0	0	0	-0.00022444	-0.0252378	
39.6626	5.97404e-06	-0.00629218	0	0	0	0	-0.000222839	-0.0251382	5.97404e-06	-0.00629218	0	0	0	0	-0.000222839	-0.0251382	
39.8197	5.91862e-06	-0.00626737	0	0	0	0	-0.000221253	-0.0250394	5.91862e-06	-0.00626737	0	0	0	0	-0.000221253	-0.0250394	
39.9768	5.86414e-06	-0.00624278	0	0	0	0	-0.000219684	-0.0249414	5.86414e-06	-0.00624278	0	0	0	0	-0.000219684	-0.0249414	
40.1338	5.81031e-06	-0.00621837	0	0	0	0	-0.00021813	-0.0248441	5.81031e-06	-0.00621837	0	0	0	0	-0.00021813	-0.0248441	
40.2909	5.75739e-06	-0.00619415	0	0	0	0	-0.000216592	-0.0247476	5.75739e-06	-0.00619415	0	0	0	0	-0.000216592	-0.0247476	
40.448	5.705e-06	-0.00617012	0	0	0	0	-0.000215068	-0.0246518	5.705e-06	-0.00617012	0	0	0	0	-0.000215068	-0.0246518	
40.6051	5.6535e-06	-0.00614626	0	0	0	0	-0.00021356	-0.0245568	5.6535e-06	-0.00614626	0	0	0	0	-0.00021356	-0.0245568	
40.7622	5.60267e-06	-0.00612261	0	0	0	0	-0.000212067	-0.0244626	5.60267e-06	-0.00612261	0	0	0	0	-0.000212067	-0.0244626	
40.9192	5.55246e-06	-0.00609912	0	0	0	0	-0.000210589	-0.024369	5.55246e-06	-0.00609912	0	0	0	0	-0.000210589	-0.024369	
41.0763	5.50303e-06	-0.00607583	0	0	0	0	-0.000209125	-0.0242761	5.50303e-06	-0.00607583	0	0	0	0	-0.000209125	-0.0242761	
41.2334	5.45436e-06	-0.00605271	0	0	0	0	-0.000207676	-0.0241839	5.45436e-06	-0.00605271	0	0	0	0	-0.000207676	-0.0241839	
41.3905	5.40617e-06	-0.00602975	0	0	0	0	-0.00020624	-0.0240925	5.40617e-06	-0.00602975	0	0	0	0	-0.00020624	-0.0240925	
41.5476	5.35875e-06	-0.00600698	0	0	0	0	-0.000204819	-0.0240017	5.35875e-06	-0.00600698	0	0	0	0	-0.000204819	-0.0240017	
41.7046	5.31182e-06	-0.00598437	0	0	0	0	-0.000203411	-0.0239116	5.31182e-06	-0.00598437	0	0	0	0	-0.000203411	-0.0239116	
41.8617	5.26577e-06	-0.00596194	0	0	0	0	-0.000202017	-0.0238222	5.26577e-06	-0.00596194	0	0	0	0	-0.000202017	-0.0238222	
42.0188	5.22021e-06	-0.00593968	0	0	0	0	-0.000200637	-0.0237335	5.22021e-06	-0.00593968	0	0	0	0	-0.000200637	-0.0237335	
42.1759	5.17525e-06	-0.00591757	0	0	0	0	-0.00019927	-0.0236454	5.17525e-06	-0.00591757	0	0	0	0	-0.00019927	-0.0236454	
42.333	5.1309e-06	-0.00589564	0	0	0	0	-0.000197916	-0.023558	5.1309e-06	-0.00589564	0	0	0	0	-0.000197916	-0.023558	
42.49	5.08691e-06	-0.00587386	0	0	0	0	-0.000196575	-0.0234712	5.08691e-06	-0.00587386	0	0	0	0	-0.000196575	-0.0234712	
42.6471	5.04389e-06	-0.00585224	0	0	0	0	-0.000195247	-0.0233849	5.04389e-06	-0.00585224	0	0	0	0	-0.000195247	-0.0233849	
42.8042	5.00109e-06	-0.00583078	0	0	0	0	-0.000193932	-0.0232994	5.00109e-06	-0.00583078	0	0	0	0	-0.000193932	-0.0232994	
42.9613	4.95902e-06	-0.00580948	0	0	0	0	-0.000192629	-0.0232145	4.95902e-06	-0.00580948	0	0	0	0	-0.000192629	-0.0232145	
43.1184	4.91755e-06	-0.00578835	0	0	0	0	-0.000191339	-0.0231302	4.91755e-06	-0.00578835	0	0	0	0	-0.000191339	-0.0231302	
43.2754	4.87652e-06	-0.00576735	0	0	0	0	-0.000190061	-0.0230465	4.87652e-06	-0.00576735	0	0	0	0	-0.000190061	-0.0230465	
43.4325	4.83609e-06	-0.00574651	0	0	0	0	-0.000188795	-0.0229635	4.83609e-06	-0.00574651	0	0	0	0	-0.000188795	-0.0229635	
43.5896	4.79611e-06	-0.00572582	0	0	0	0	-0.000187541	-0.0228809	4.79611e-06	-0.00572582	0	0	0	0	-0.000187541	-0.0228809	
43.7467	4.75659e-06	-0.00570528	0	0	0	0	-0.000186299	-0.022799	4.75659e-06	-0.00570528	0	0	0	0	-0.000186299	-0.022799	
43.9038	4.71776e-06	-0.00568488	0	0	0	0	-0.000185068	-0.0227177	4.71776e-06	-0.00568488	0	0	0	0	-0.000185068	-0.0227177	
44.0608	4.67927e-06	-0.00566463	0	0	0	0	-0.000183849	-0.022637	4.67927e-06	-0.00566463	0	0	0	0	-0.000183849	-0.022637	
44.2179	4.64133e-06	-0.00564452	0	0	0	0	-0.000182641	-0.0225568	4.64133e-06	-0.00564452	0	0	0	0	-0.000182641	-0.0225568	
44.375	4.60384e-06	-0.00562455	0	0	0	0	-0.000181445	-0.0224772	4.60384e-06	-0.00562455	0	0	0	0	-0.000181445	-0.0224772	
44.5321	4.5668e-06	-0.00560473	0	0	0	0	-0.00018026	-0.0223981	4.5668e-06	-0.00560473	0	0	0	0	-0.00018026	-0.0223981	
44.6892	4.53019e-06	-0.00558505	0	0	0	0	-0.000179086	-0.0223196	4.53019e-06	-0.00558505	0	0	0	0	-0.000179086	-0.0223196	
44.8462	4.49414e-06	-0.0055655	0	0	0	0	-0.000177922	-0.0222417	4.49414e-06	-0.0055655	0	0	0	0	-0.000177922	-0.0222417	
45.0033	4.45852e-06	-0.00554608	0	0	0	0	-0.00017677	-0.0221643	4.45852e-06	-0.00554608	0	0	0	0	-0.00017677	-0.0221643	
45.1604	4.42334e-06	-0.00552681	0	0	0	0	-0.000175628	-0.0220874	4.42334e-06	-0.00552681	0	0	0	0	-0.000175628	-0.0220874	
45.3175	4.38846e-06	-0.00550767	0	0	0	0	-0.000174497	-0.0220111	4.38846e-06	-0.00550767	0	0	0	0	-0.000174497	-0.0220111	
45.4746	4.35412e-06	-0.00548866	0	0	0	0	-0.000173375	-0.0219353	4.35412e-06	-0.00548866	0	0	0	0	-0.000173375	-0.0219353	
45.6316	4.32021e-06	-0.00546978	0	0	0	0	-0.000172265	-0.0218599	4.32021e-06	-0.00546978	0	0	0	0	-0.000172265	-0.0218599	
45.7887	4.28672e-06	-0.00545103	0	0	0	0	-0.000171164	-0.0217852	4.28672e-06	-0.00545103	0	0	0	0	-0.000171164	-0.0217852	
45.9458	4.25339e-06	-0.00543241	0	0	0	0	-0.000170073	-0.021711	4.25339e-06	-0.00543241	0	0	0	0	-0.000170073	-0.021711	
46.1029	4.22074e-06	-0.00541392	0	0	0	0	-0.000168993	-0.0216372	4.22074e-06	-0.00541392	0	0	0	0	-0.000168993	-0.0216372	
46.26	4.18836e-06	-0.00539554	0	0	0	0	-0.000167922	-0.0215639	4.18836e-06	-0.00539554	0	0	0	0	-0.000167922	-0.0215639	
46.417	4.15641e-06	-0.0053773	0	0	0	0	-0.000166861	-0.0214911	4.15641e-06	-0.0053773	0	0	0	0	-0.000166861	-0.0214911	
46.5741	4.12485e-06	-0.00535918	0	0	0	0	-0.000165808	-0.0214189	4.12485e-06	-0.00535918	0	0	0	0	-0.000165808	-0.0214189	
46.7312	4.09358e-06	-0.00534117	0	0	0	0	-0.000164767	-0.021347	4.09358e-06	-0.00534117	0	0	0	0	-0.000164767	-0.021347	
46.8883	4.06283e-06	-0.00532328	0	0	0	0	-0.000163734	-0.0212757	4.06283e-06	-0.00532328	0	0	0	0	-0.000163734	-0.0212757	
47.0453	4.03238e-06	-0.00530553	0	0	0	0	-0.00016271	-0.0212049	4.03238e-06	-0.00530553	0	0	0	0	-0.00016271	-0.0212049	
47.2024	4.00232e-06	-0.00528789	0	0	0	0	-0.000161695	-0.0211345	4.00232e-06	-0.00528789	0	0	0	0	-0.000161695	-0.0211345	
47.3595	3.9724e-06	-0.00527036	0	0	0	0	-0.00016069	-0.0210646	3.9724e-06	-0.00527036	0	0	0	0	-0.00016069	-0.0210646	
47.5166	3.94314e-06	-0.00525296	0	0	0	0	-0.000159693	-0.0209951	3.94314e-06	-0.00525296	0	0	0	0	-0.000159693	-0.0209951	
47.6737	3.91389e-06	-0.00523566	0	0	0	0	-0.000158706	-0.0209261	3.91389e-06	-0.00523566	0	0	0	0	-0.000158706	-0.0209261	
47.8307	3.88515e-06	-0.00521847	0	0	0	0	-0.000157727	-0.0208576	3.88515e-06	-0.00521847	0	0	0	0	-0.000157727	-0.0208576	
47.9878	3.85682e-06	-0.0052014	0	0	0	0	-0.000156756	-0.0207894	3.85682e-06	-0.0052014	0	0	0	0	-0.000156756	-0.0207894	
48.1449	3.82874e-06	-0.00518444	0	0	0	0	-0.000155794	-0.0207219	3.82874e-06	-0.00518444	0	0	0	0	-0.000155794	-0.0207219	
48.302	3.80093e-06	-0.0051676	0	0	0	0	-0.000154841	-0.0206546	3.80093e-06	-0.0051676	0	0	0	0	-0.000154841	-0.0206546	
48.4591	3.7735e-06	-0.00515086	0	0	0	0	-0.000153896	-0.0205878	3.7735e-06	-0.00515086	0	0	0	0	-0.000153896	-0.0205878	
48.6161	3.74633e-06	-0.00513423	0	0	0	0	-0.000152959	-0.0205215	3.74633e-06	-0.00513423	0	0	0	0	-0.000152959	-0.0205215	
48.7732	3.71942e-06	-0.0051177	0	0	0	0	-0.00015203	-0.0204555	3.71942e-06	-0.0051177	0	0	0	0	-0.00015203	-0.0204555	
48.9303	3.69301e-06	-0.00510128	0	0	0	0	-0.000151109	-0.02039	3.69301e-06	-0.00510128	0	0	0	0	-0.000151109	-0.02039	
49.0874	3.66673e-06	-0.00508497	0	0	0	0	-0.000150196	-0.0203249	3.66673e-06	-0.00508497	0	0	0	0	-0.000150196	-0.0203249	
49.2445	3.64071e-06	-0.00506876	0	0	0	0	-0.000149292	-0.0202603	3.64071e-06	-0.00506876	0	0	0	0	-0.000149292	-0.0202603	
49.4015	3.61506e-06	-0.00505266	0	0	0	0	-0.000148395	-0.020196	3.61506e-06	-0.00505266	0	0	0	0	-0.000148395	-0.020196	
49.5586	3.58965e-06	-0.00503664	0	0	0	0	-0.000147506	-0.0201322	3.58965e-06	-0.00503664	0	0	0	0	-0.000147506	-0.0201322	
49.7157	3.56449e-06	-0.00502074	0	0	0	0	-0.000146624	-0.0200687	3.56449e-06	-0.00502074	0	0	0	0	-0.000146624	-0.0200687	
49.8728	3.53972e-06	-0.00500494	0	0	0	0	-0.00014575	-0.0200056	3.53972e-06	-0.00500494	0	0	0	0	-0.00014575	-0.0200056	
50.0299	3.51518e-06	-0.00498924	0	0	0	0	-0.000144883	-0.019943	3.51518e-06	-0.00498924	0	0	0	0	-0.000144883	-0.019943	
50.1869	3.49087e-06	-0.00497362	0	0	0	0	-0.000144024	-0.0198807	3.49087e-06	-0.00497362	0	0	0	0	-0.000144024	-0.0198807	
50.344	3.46694e-06	-0.00495812	0	0	0	0	-0.000143172	-0.0198188	3.46694e-06	-0.00495812	0	0	0	0	-0.000143172	-0.0198188	
50.5011	3.44312e-06	-0.0049427	0	0	0	0	-0.000142327	-0.0197573	3.44312e-06	-0.0049427	0	0	0	0	-0.000142327	-0.0197573	
50.6582	3.41954e-06	-0.00492738	0	0	0	0	-0.00014149	-0.0196962	3.41954e-06	-0.00492738	0	0	0	0	-0.00014149	-0.0196962	
50.8153	3.39633e-06	-0.00491216	0	0	0	0	-0.000140659	-0.0196354	3.39633e-06	-0.00491216	0	0	0	0	-0.000140659	-0.0196354	
50.9723	3.37334e-06	-0.00489703	0	0	0	0	-0.000139836	-0.0195751	3.37334e-06	-0.00489703	0	0	0	0	-0.000139836	-0.0195751	
51.1294	3.35059e-06	-0.00488199	0	0	0	0	-0.000139019	-0.0195151	3.35059e-06	-0.00488199	0	0	0	0	-0.000139019	-0.0195151	
51.2865	3.32796e-06	-0.00486706	0	0	0	0	-0.000138209	-0.0194554	3.32796e-06	-0.00486706	0	0	0	0	-0.000138209	-0.0194554	
51.4436	3.30568e-06	-0.0048522	0	0	0	0	-0.000137407	-0.0193962	3.30568e-06	-0.0048522	0	0	0	0	-0.000137407	-0.0193962	
51.6007	3.28363e-06	-0.00483745	0	0	0	0	-0.00013661	-0.0193373	3.28363e-06	-0.00483745	0	0	0	0	-0.00013661	-0.0193373	
51.7577	3.26181e-06	-0.00482278	0	0	0	0	-0.00013582	-0.0192787	3.26181e-06	-0.00482278	0	0	0	0	-0.00013582	-0.0192787	
51.9148	3.2402e-06	-0.00480818	0	0	0	0	-0.000135037	-0.0192205	3.2402e-06	-0.00480818	0	0	0	0	-0.000135037	-0.0192205	
52.0719	3.21884e-06	-0.00479369	0	0	0	0	-0.000134261	-0.0191626	3.21884e-06	-0.00479369	0	0	0	0	-0.000134261	-0.0191626	
52.229	3.19769e-06	-0.00477928	0	0	0	0	-0.00013349	-0.0191051	3.19769e-06	-0.00477928	0	0	0	0	-0.00013349	-0.0191051	
52.3861	3.17677e-06	-0.00476495	0	0	0	0	-0.000132726	-0.0190479	3.17677e-06	-0.00476495	0	0	0	0	-0.000132726	-0.0190479	
52.5431	3.15607e-06	-0.00475072	0	0	0	0	-0.000131969	-0.0189911	3.15607e-06	-0.00475072	0	0	0	0	-0.000131969	-0.0189911	
52.7002	3.13559e-06	-0.00473656	0	0	0	0	-0.000131217	-0.0189347	3.13559e-06	-0.00473656	0	0	0	0	-0.000131217	-0.0189347	
52.8573	3.11534e-06	-0.00472249	0	0	0	0	-0.000130472	-0.0188785	3.11534e-06	-0.00472249	0	0	0	0	-0.000130472	-0.0188785	
53.0144	3.09518e-06	-0.00470851	0	0	0	0	-0.000129733	-0.0188227	3.09518e-06	-0.00470851	0	0	0	0	-0.000129733	-0.0188227	
53.1715	3.07536e-06	-0.0046946	0	0	0	0	-0.000128999	-0.0187672	3.07536e-06	-0.0046946	0	0	0	0	-0.000128999	-0.0187672	
53.3285	3.05563e-06	-0.00468078	0	0	0	0	-0.000128272	-0.018712	3.05563e-06	-0.00468078	0	0	0	0	-0.000128272	-0.018712	
53.4856	3.03612e-06	-0.00466704	0	0	0	0	-0.00012755	-0.0186572	3.03612e-06	-0.00466704	0	0	0	0	-0.00012755	-0.0186572	
53.6427	3.01684e-06	-0.0046534	0	0	0	0	-0.000126835	-0.0186027	3.01684e-06	-0.0046534	0	0	0	0	-0.000126835	-0.0186027	
53.7998	2.99775e-06	-0.0046398	0	0	0	0	-0.000126125	-0.0185485	2.99775e-06	-0.0046398	0	0	0	0	-0.000126125	-0.0185485	
53.9569	2.97888e-06	-0.0046263	0	0	0	0	-0.000125421	-0.0184945	2.97888e-06	-0.0046263	0	0	0	0	-0.000125421	-0.0184945	
54.1139	2.9601e-06	-0.00461288	0	0	0	0	-0.000124722	-0.018441	2.9601e-06	-0.00461288	0	0	0	0	-0.000124722	-0.018441	
54.271	2.94153e-06	-0.00459954	0	0	0	0	-0.00012403	-0.0183877	2.94153e-06	-0.00459954	0	0	0	0	-0.00012403	-0.0183877	
54.4281	2.9233e-06	-0.00458627	0	0	0	0	-0.000123342	-0.0183348	2.9233e-06	-0.00458627	0	0	0	0	-0.000123342	-0.0183348	
54.5852	2.90502e-06	-0.00457307	0	0	0	0	-0.00012266	-0.0182821	2.90502e-06	-0.00457307	0	0	0	0	-0.00012266	-0.0182821	
54.7423	2.88708e-06	-0.00455997	0	0	0	0	-0.000121984	-0.0182297	2.88708e-06	-0.00455997	0	0	0	0	-0.000121984	-0.0182297	
54.8993	2.86923e-06	-0.00454693	0	0	0	0	-0.000121313	-0.0181777	2.86923e-06	-0.00454693	0	0	0	0	-0.000121313	-0.0181777	
55.0564	2.85169e-06	-0.00453396	0	0	0	0	-0.000120647	-0.0181259	2.85169e-06	-0.00453396	0	0	0	0	-0.000120647	-0.0181259	
55.2135	2.83424e-06	-0.00452107	0	0	0	0	-0.000119986	-0.0180744	2.83424e-06	-0.00452107	0	0	0	0	-0.000119986	-0.0180744	
55.3706	2.81687e-06	-0.00450824	0	0	0	0	-0.000119331	-0.0180233	2.81687e-06	-0.00450824	0	0	0	0	-0.000119331	-0.0180233	
55.5277	2.79983e-06	-0.0044955	0	0	0	0	-0.000118681	-0.0179724	2.79983e-06	-0.0044955	0	0	0	0	-0.000118681	-0.0179724	
55.6847	2.78287e-06	-0.00448283	0	0	0	0	-0.000118036	-0.0179218	2.78287e-06	-0.00448283	0	0	0	0	-0.000118036	-0.0179218	
55.8418	2.7661e-06	-0.00447022	0	0	0	0	-0.000117395	-0.0178715	2.7661e-06	-0.00447022	0	0	0	0	-0.000117395	-0.0178715	
55.9989	2.74942e-06	-0.00445768	0	0	0	0	-0.00011676	-0.0178214	2.74942e-06	-0.00445768	0	0	0	0	-0.00011676	-0.0178214	
56.156	2.73293e-06	-0.00444523	0	0	0	0	-0.00011613	-0.0177717	2.73293e-06	-0.00444523	0	0	0	0	-0.00011613	-0.0177717	
56.313	2.71664e-06	-0.00443283	0	0	0	0	-0.000115505	-0.0177222	2.71664e-06	-0.00443283	0	0	0	0	-0.000115505	-0.0177222	
56.4701	2.70043e-06	-0.00442051	0	0	0	0	-0.000114884	-0.017673	2.70043e-06	-0.00442051	0	0	0	0	-0.000114884	-0.017673	
56.6272	2.68441e-06	-0.00440825	0	0	0	0	-0.000114269	-0.017624	2.68441e-06	-0.00440825	0	0	0	0	-0.000114269	-0.017624	
56.7843	2.66859e-06	-0.00439606	0	0	0	0	-0.000113658	-0.0175754	2.66859e-06	-0.00439606	0	0	0	0	-0.000113658	-0.0175754	
56.9414	2.65284e-06	-0.00438394	0	0	0	0	-0.000113051	-0.017527	2.65284e-06	-0.00438394	0	0	0	0	-0.000113051	-0.017527	
57.0984	2.63716e-06	-0.00437188	0	0	0	0	-0.00011245	-0.0174789	2.63716e-06	-0.00437188	0	0	0	0	-0.00011245	-0.0174789	
57.2555	2.62193e-06	-0.0043599	0	0	0	0	-0.000111853	-0.017431	2.62193e-06	-0.0043599	0	0	0	0	-0.000111853	-0.017431	
57.4126	2.60663e-06	-0.00434796	0	0	0	0	-0.00011126	-0.0173834	2.60663e-06	-0.00434796	0	0	0	0	-0.00011126	-0.0173834	
57.5697	2.59141e-06	-0.00433612	0	0	0	0	-0.000110672	-0.017336	2.59141e-06	-0.00433612	0	0	0	0	-0.000110672	-0.017336	
57.7268	2.57651e-06	-0.00432432	0	0	0	0	-0.000110089	-0.0172889	2.57651e-06	-0.00432432	0	0	0	0	-0.000110089	-0.0172889	
57.8838	2.56155e-06	-0.0043126	0	0	0	0	-0.00010951	-0.0172421	2.56155e-06	-0.0043126	0	0	0	0	-0.00010951	-0.0172421	
58.0409	2.54689e-06	-0.00430092	0	0	0	0	-0.000108935	-0.0171955	2.54689e-06	-0.00430092	0	0	0	0	-0.000108935	-0.0171955	
58.198	2.5323e-06	-0.00428931	0	0	0	0	-0.000108365	-0.0171492	2.5323e-06	-0.00428931	0	0	0	0	-0.000108365	-0.0171492	
58.3551	2.51779e-06	-0.00427778	0	0	0	0	-0.000107799	-0.0171031	2.51779e-06	-0.00427778	0	0	0	0	-0.000107799	-0.0171031	
58.5122	2.50345e-06	-0.00426629	0	0	0	0	-0.000107237	-0.0170573	2.50345e-06	-0.00426629	0	0	0	0	-0.000107237	-0.0170573	
58.6692	2.48931e-06	-0.00425488	0	0	0	0	-0.00010668	-0.0170117	2.48931e-06	-0.00425488	0	0	0	0	-0.00010668	-0.0170117	
58.8263	2.47523e-06	-0.00424352	0	0	0	0	-0.000106126	-0.0169663	2.47523e-06	-0.00424352	0	0	0	0	-0.000106126	-0.0169663	
58.9834	2.46134e-06	-0.00423224	0	0	0	0	-0.000105577	-0.0169212	2.46134e-06	-0.00423224	0	0	0	0	-0.000105577	-0.0169212	
59.1405	2.4475e-06	-0.00422099	0	0	0	0	-0.000105032	-0.0168763	2.4475e-06	-0.00422099	0	0	0	0	-0.000105032	-0.0168763	
59.2976	2.43385e-06	-0.00420982	0	0	0	0	-0.000104491	-0.0168317	2.43385e-06	-0.00420982	0	0	0	0	-0.000104491	-0.0168317	
59.4546	2.42026e-06	-0.0041987	0	0	0	0	-0.000103953	-0.0167873	2.42026e-06	-0.0041987	0	0	0	0	-0.000103953	-0.0167873	
59.6117	2.40685e-06	-0.00418763	0	0	0	0	-0.00010342	-0.0167432	2.40685e-06	-0.00418763	0	0	0	0	-0.00010342	-0.0167432	
59.7688	2.39338e-06	-0.00417663	0	0	0	0	-0.000102891	-0.0166992	2.39338e-06	-0.00417663	0	0	0	0	-0.000102891	-0.0166992	
59.9259	2.38022e-06	-0.0041657	0	0	0	0	-0.000102366	-0.0166555	2.38022e-06	-0.0041657	0	0	0	0	-0.000102366	-0.0166555	
60.083	2.3671e-06	-0.0041548	0	0	0	0	-0.000101845	-0.0166121	2.3671e-06	-0.0041548	0	0	0	0	-0.000101845	-0.0166121	
60.24	2.35406e-06	-0.00414397	0	0	0	0	-0.000101327	-0.0165688	2.35406e-06	-0.00414397	0	0	0	0	-0.000101327	-0.0165688	
60.3971	2.34131e-06	-0.0041332	0	0	0	0	-0.000100813	-0.0165258	2.34131e-06	-0.0041332	0	0	0	0	-0.000100813	-0.0165258	
60.5542	2.3285e-06	-0.00412249	0	0	0	0	-0.000100303	-0.016483	2.3285e-06	-0.00412249	0	0	0	0	-0.000100303	-0.016483	
60.7113	2.31586e-06	-0.00411182	0	0	0	0	-9.97964e-05	-0.0164404	2.31586e-06	-0.00411182	0	0	0	0	-9.97964e-05	-0.0164404	
60.8684	2.30341e-06	-0.00410122	0	0	0	0	-9.92937e-05	-0.0163981	2.30341e-06	-0.00410122	0	0	0	0	-9.92937e-05	-0.0163981	
61.0254	2.29087e-06	-0.00409066	0	0	0	0	-9.87945e-05	-0.0163559	2.29087e-06	-0.00409066	0	0	0	0	-9.87945e-05	-0.0163559	
61.1825	2.27866e-06	-0.00408017	0	0	0	0	-9.82988e-05	-0.016314	2.27866e-06	-0.00408017	0	0	0	0	-9.82988e-05	-0.016314	
61.3396	2.26648e-06	-0.00406972	0	0	0	0	-9.78069e-05	-0.0162722	2.26648e-06	-0.00406972	0	0	0	0	-9.78069e-05	-0.0162722	
61.4967	2.25423e-06	-0.00405932	0	0	0	0	-9.73185e-05	-0.0162307	2.25423e-06	-0.00405932	0	0	0	0	-9.73185e-05	-0.0162307	
61.6538	2.24229e-06	-0.00404898	0	0	0	0	-9.68339e-05	-0.0161895	2.24229e-06	-0.00404898	0	0	0	0	-9.68339e-05	-0.0161895	
61.8108	2.23041e-06	-0.00403871	0	0	0	0	-9.63522e-05	-0.0161484	2.23041e-06	-0.00403871	0	0	0	0	-9.63522e-05	-0.0161484	
61.9679	2.21856e-06	-0.00402847	0	0	0	0	-9.58744e-05	-0.0161075	2.21856e-06	-0.00402847	0	0	0	0	-9.58744e-05	-0.0161075	
62.125	2.2069e-06	-0.00401829	0	0	0	0	-9.53999e-05	-0.0160669	2.2069e-06	-0.00401829	0	0	0	0	-9.53999e-05	-0.0160669	
62.2821	2.19536e-06	-0.00400815	0	0	0	0	-9.49287e-05	-0.0160264	2.19536e-06	-0.00400815	0	0	0	0	-9.49287e-05	-0.0160264	
62.4392	2.18387e-06	-0.00399807	0	0	0	0	-9.44609e-05	-0.0159862	2.18387e-06	-0.00399807	0	0	0	0	-9.44609e-05	-0.0159862	
62.5962	2.17238e-06	-0.00398805	0	0	0	0	-9.39963e-05	-0.0159461	2.17238e-06	-0.00398805	0	0	0	0	-9.39963e-05	-0.0159461	
62.7533	2.16114e-06	-0.00397806	0	0	0	0	-9.35351e-05	-0.0159062	2.16114e-06	-0.00397806	0	0	0	0	-9.35351e-05	-0.0159062	
62.9104	2.14993e-06	-0.00396815	0	0	0	0	-9.30772e-05	-0.0158665	2.14993e-06	-0.00396815	0	0	0	0	-9.30772e-05	-0.0158665	
63.0675	2.13872e-06	-0.00395826	0	0	0	0	-9.26225e-05	-0.0158271	2.13872e-06	-0.00395826	0	0	0	0	-9.26225e-05	-0.0158271	
63.2246	2.12777e-06	-0.00394844	0	0	0	0	-9.21711e-05	-0.0157879	2.12777e-06	-0.00394844	0	0	0	0	-9.21711e-05	-0.0157879	
63.3816	2.11684e-06	-0.00393864	0	0	0	0	-9.17225e-05	-0.0157488	2.11684e-06	-0.00393864	0	0	0	0	-9.17225e-05	-0.0157488	
63.5387	2.10594e-06	-0.00392891	0	0	0	0	-9.12771e-05	-0.0157099	2.10594e-06	-0.00392891	0	0	0	0	-9.12771e-05	-0.0157099	
63.6958	2.09518e-06	-0.00391923	0	0	0	0	-9.08349e-05	-0.0156713	2.09518e-06	-0.00391923	0	0	0	0	-9.08349e-05	-0.0156713	
63.8529	2.08459e-06	-0.00390959	0	0	0	0	-9.0396e-05	-0.0156327	2.08459e-06	-0.00390959	0	0	0	0	-9.0396e-05	-0.0156327	
64.01	2.07402e-06	-0.0039	0	0	0	0	-8.99603e-05	-0.0155944	2.07402e-06	-0.0039	0	0	0	0	-8.99603e-05	-0.0155944	
64.167	2.0635e-06	-0.00389046	0	0	0	0	-8.95272e-05	-0.0155563	2.0635e-06	-0.00389046	0	0	0	0	-8.95272e-05	-0.0155563	
64.3241	2.05306e-06	-0.00388095	0	0	0	0	-8.90969e-05	-0.0155183	2.05306e-06	-0.00388095	0	0	0	0	-8.90969e-05	-0.0155183	
64.4812	2.04275e-06	-0.00387151	0	0	0	0	-8.86702e-05	-0.0154806	2.04275e-06	-0.00387151	0	0	0	0	-8.86702e-05	-0.0154806	
64.6383	2.0325e-06	-0.00386211	0	0	0	0	-8.82457e-05	-0.0154431	2.0325e-06	-0.00386211	0	0	0	0	-8.82457e-05	-0.0154431	
64.7953	2.02234e-06	-0.00385274	0	0	0	0	-8.78248e-05	-0.0154057	2.02234e-06	-0.00385274	0	0	0	0	-8.78248e-05	-0.0154057	
64.9524	2.01226e-06	-0.00384342	0	0	0	0	-8.74067e-05	-0.0153684	2.01226e-06	-0.00384342	0	0	0	0	-8.74067e-05	-0.0153684	
65.1095	2.00227e-06	-0.00383416	0	0	0	0	-8.69911e-05	-0.0153314	2.00227e-06	-0.00383416	0	0	0	0	-8.69911e-05	-0.0153314	
65.2666	1.99235e-06	-0.00382493	0	0	0	0	-8.65787e-05	-0.0152946	1.99235e-06	-0.00382493	0	0	0	0	-8.65787e-05	-0.0152946	
65.4237	1.98253e-06	-0.00381576	0	0	0	0	-8.61688e-05	-0.0152579	1.98253e-06	-0.00381576	0	0	0	0	-8.61688e-05	-0.0152579	
65.5807	1.97277e-06	-0.00380662	0	0	0	0	-8.57616e-05	-0.0152214	1.97277e-06	-0.00380662	0	0	0	0	-8.57616e-05	-0.0152214	
65.7378	1.96308e-06	-0.00379752	0	0	0	0	-8.53575e-05	-0.0151851	1.96308e-06	-0.00379752	0	0	0	0	-8.53575e-05	-0.0151851	
65.8949	1.95349e-06	-0.00378848	0	0	0	0	-8.49559e-05	-0.0151489	1.95349e-06	-0.00378848	0	0	0	0	-8.49559e-05	-0.0151489	
66.052	1.94395e-06	-0.00377947	0	0	0	0	-8.45575e-05	-0.015113	1.94395e-06	-0.00377947	0	0	0	0	-8.45575e-05	-0.015113	
66.2091	1.9345e-06	-0.0037705	0	0	0	0	-8.41611e-05	-0.0150772	1.9345e-06	-0.0037705	0	0	0	0	-8.41611e-05	-0.0150772	
66.3661	1.92514e-06	-0.00376158	0	0	0	0	-8.37677e-05	-0.0150415	1.92514e-06	-0.00376158	0	0	0	0	-8.37677e-05	-0.0150415	
66.5232	1.91582e-06	-0.0037527	0	0	0	0	-8.33769e-05	-0.015006	1.91582e-06	-0.0037527	0	0	0	0	-8.33769e-05	-0.015006	
66.6803	1.9066e-06	-0.00374386	0	0	0	0	-8.29887e-05	-0.0149707	1.9066e-06	-0.00374386	0	0	0	0	-8.29887e-05	-0.0149707	
66.8374	1.89744e-06	-0.00373506	0	0	0	0	-8.26035e-05	-0.0149356	1.89744e-06	-0.00373506	0	0	0	0	-8.26035e-05	-0.0149356	
66.9945	1.88834e-06	-0.00372631	0	0	0	0	-8.22203e-05	-0.0149006	1.88834e-06	-0.00372631	0	0	0	0	-8.22203e-05	-0.0149006	
67.1515	1.87933e-06	-0.0037176	0	0	0	0	-8.18401e-05	-0.0148658	1.87933e-06	-0.0037176	0	0	0	0	-8.18401e-05	-0.0148658	
67.3086	1.87039e-06	-0.00370893	0	0	0	0	-8.1462e-05	-0.0148311	1.87039e-06	-0.00370893	0	0	0	0	-8.1462e-05	-0.0148311	
67.4657	1.86151e-06	-0.0037003	0	0	0	0	-8.10866e-05	-0.0147967	1.86151e-06	-0.0037003	0	0	0	0	-8.10866e-05	-0.0147967	
67.6228	1.8527e-06	-0.00369169	0	0	0	0	-8.07137e-05	-0.0147623	1.8527e-06	-0.00369169	0	0	0	0	-8.07137e-05	-0.0147623	
67.7799	1.84396e-06	-0.00368315	0	0	0	0	-8.03432e-05	-0.0147282	1.84396e-06	-0.00368315	0	0	0	0	-8.03432e-05	-0.0147282	
67.9369	1.83527e-06	-0.00367463	0	0	0	0	-7.99752e-05	-0.0146942	1.83527e-06	-0.00367463	0	0	0	0	-7.99752e-05	-0.0146942	
68.094	1.82668e-06	-0.00366616	0	0	0	0	-7.96097e-05	-0.0146603	1.82668e-06	-0.00366616	0	0	0	0	-7.96097e-05	-0.0146603	
68.2511	1.81814e-06	-0.00365774	0	0	0	0	-7.92465e-05	-0.0146266	1.81814e-06	-0.00365774	0	0	0	0	-7.92465e-05	-0.0146266	
68.4082	1.80964e-06	-0.00364932	0	0	0	0	-7.88856e-05	-0.0145931	1.80964e-06	-0.00364932	0	0	0	0	-7.88856e-05	-0.0145931	
68.5653	1.80123e-06	-0.00364097	0	0	0	0	-7.85273e-05	-0.0145597	1.80123e-06	-0.00364097	0	0	0	0	-7.85273e-05	-0.0145597	
68.7223	1.79288e-06	-0.00363266	0	0	0	0	-7.81711e-05	-0.0145264	1.79288e-06	-0.00363266	0	0	0	0	-7.81711e-05	-0.0145264	
68.8794	1.78461e-06	-0.00362437	0	0	0	0	-7.78173e-05	-0.0144933	1.78461e-06	-0.00362437	0	0	0	0	-7.78173e-05	-0.0144933	
69.0365	1.77638e-06	-0.00361613	0	0	0	0	-7.74658e-05	-0.0144604	1.77638e-06	-0.00361613	0	0	0	0	-7.74658e-05	-0.0144604	
69.1936	1.76821e-06	-0.00360793	0	0	0	0	-7.71166e-05	-0.0144277	1.76821e-06	-0.00360793	0	0	0	0	-7.71166e-05	-0.0144277	
69.3507	1.76011e-06	-0.00359975	0	0	0	0	-7.67697e-05	-0.014395	1.76011e-06	-0.00359975	0	0	0	0	-7.67697e-05	-0.014395	
69.5077	1.75206e-06	-0.00359161	0	0	0	0	-7.64249e-05	-0.0143625	1.75206e-06	-0.00359161	0	0	0	0	-7.64249e-05	-0.0143625	
69.6648	1.74408e-06	-0.00358352	0	0	0	0	-7.60824e-05	-0.0143302	1.74408e-06	-0.00358352	0	0	0	0	-7.60824e-05	-0.0143302	
69.8219	1.73615e-06	-0.00357547	0	0	0	0	-7.57422e-05	-0.014298	1.73615e-06	-0.00357547	0	0	0	0	-7.57422e-05	-0.014298	
69.979	1.72829e-06	-0.00356744	0	0	0	0	-7.54041e-05	-0.0142659	1.72829e-06	-0.00356744	0	0	0	0	-7.54041e-05	-0.0142659	
70.1361	1.7205e-06	-0.00355945	0	0	0	0	-7.50681e-05	-0.014234	1.7205e-06	-0.00355945	0	0	0	0	-7.50681e-05	-0.014234	
70.2931	1.71275e-06	-0.00355151	0	0	0	0	-7.47344e-05	-0.0142022	1.71275e-06	-0.00355151	0	0	0	0	-7.47344e-05	-0.0142022	
70.4502	1.70505e-06	-0.00354358	0	0	0	0	-7.44027e-05	-0.0141706	1.70505e-06	-0.00354358	0	0	0	0	-7.44027e-05	-0.0141706	
70.6073	1.69741e-06	-0.00353569	0	0	0	0	-7.40731e-05	-0.0141391	1.69741e-06	-0.00353569	0	0	0	0	-7.40731e-05	-0.0141391	
70.7644	1.68982e-06	-0.00352785	0	0	0	0	-7.37457e-05	-0.0141078	1.68982e-06	-0.00352785	0	0	0	0	-7.37457e-05	-0.0141078	
70.9215	1.6823e-06	-0.00352004	0	0	0	0	-7.34203e-05	-0.0140765	1.6823e-06	-0.00352004	0	0	0	0	-7.34203e-05	-0.0140765	
71.0785	1.67484e-06	-0.00351226	0	0	0	0	-7.3097e-05	-0.0140455	1.67484e-06	-0.00351226	0	0	0	0	-7.3097e-05	-0.0140455	
71.2356	1.66742e-06	-0.00350452	0	0	0	0	-7.27757e-05	-0.0140145	1.66742e-06	-0.00350452	0	0	0	0	-7.27757e-05	-0.0140145	
71.3927	1.66006e-06	-0.00349682	0	0	0	0	-7.24565e-05	-0.0139837	1.66006e-06	-0.00349682	0	0	0	0	-7.24565e-05	-0.0139837	
71.5498	1.65276e-06	-0.00348914	0	0	0	0	-7.21392e-05	-0.0139531	1.65276e-06	-0.00348914	0	0	0	0	-7.21392e-05	-0.0139531	
71.7069	1.64549e-06	-0.0034815	0	0	0	0	-7.18239e-05	-0.0139226	1.64549e-06	-0.0034815	0	0	0	0	-7.18239e-05	-0.0139226	
71.8639	1.6383e-06	-0.0034739	0	0	0	0	-7.15106e-05	-0.0138921	1.6383e-06	-0.0034739	0	0	0	0	-7.15106e-05	-0.0138921	
72.021	1.63114e-06	-0.00346632	0	0	0	0	-7.11994e-05	-0.0138618	1.63114e-06	-0.00346632	0	0	0	0	-7.11994e-05	-0.0138618	
72.1781	1.62403e-06	-0.00345878	0	0	0	0	-7.089e-05	-0.0138318	1.62403e-06	-0.00345878	0	0	0	0	-7.089e-05	-0.0138318	
72.3352	1.61699e-06	-0.00345127	0	0	0	0	-7.05825e-05	-0.0138017	1.61699e-06	-0.00345127	0	0	0	0	-7.05825e-05	-0.0138017	
72.4923	1.60999e-06	-0.00344379	0	0	0	0	-7.0277e-05	-0.0137719	1.60999e-06	-0.00344379	0	0	0	0	-7.0277e-05	-0.0137719	
72.6493	1.60304e-06	-0.00343635	0	0	0	0	-6.99734e-05	-0.0137421	1.60304e-06	-0.00343635	0	0	0	0	-6.99734e-05	-0.0137421	
72.8064	1.59614e-06	-0.00342893	0	0	0	0	-6.96716e-05	-0.0137125	1.59614e-06	-0.00342893	0	0	0	0	-6.96716e-05	-0.0137125	
72.9635	1.58927e-06	-0.00342155	0	0	0	0	-6.93718e-05	-0.013683	1.58927e-06	-0.00342155	0	0	0	0	-6.93718e-05	-0.013683	
73.1206	1.58248e-06	-0.00341421	0	0	0	0	-6.90737e-05	-0.0136537	1.58248e-06	-0.00341421	0	0	0	0	-6.90737e-05	-0.0136537	
73.2776	1.57571e-06	-0.00340688	0	0	0	0	-6.87775e-05	-0.0136244	1.57571e-06	-0.00340688	0	0	0	0	-6.87775e-05	-0.0136244	
73.4347	1.56901e-06	-0.00339961	0	0	0	0	-6.84831e-05	-0.0135953	1.56901e-06	-0.00339961	0	0	0	0	-6.84831e-05	-0.0135953	
73.5918	1.56234e-06	-0.00339235	0	0	0	0	-6.81906e-05	-0.0135663	1.56234e-06	-0.00339235	0	0	0	0	-6.81906e-05	-0.0135663	
73.7489	1.55572e-06	-0.00338513	0	0	0	0	-6.78998e-05	-0.0135374	1.55572e-06	-0.00338513	0	0	0	0	-6.78998e-05	-0.0135374	
73.906	1.54915e-06	-0.00337793	0	0	0	0	-6.76108e-05	-0.0135087	1.54915e-06	-0.00337793	0	0	0	0	-6.76108e-05	-0.0135087	
74.063	1.54263e-06	-0.00337077	0	0	0	0	-6.73235e-05	-0.0134801	1.54263e-06	-0.00337077	0	0	0	0	-6.73235e-05	-0.0134801	
74.2201	1.53615e-06	-0.00336364	0	0	0	0	-6.70379e-05	-0.0134516	1.53615e-06	-0.00336364	0	0	0	0	-6.70379e-05	-0.0134516	
74.3772	1.52972e-06	-0.00335654	0	0	0	0	-6.67542e-05	-0.0134232	1.52972e-06	-0.00335654	0	0	0	0	-6.67542e-05	-0.0134232	
74.5343	1.52331e-06	-0.00334946	0	0	0	0	-6.64722e-05	-0.0133949	1.52331e-06	-0.00334946	0	0	0	0	-6.64722e-05	-0.0133949	
74.6914	1.51698e-06	-0.00334242	0	0	0	0	-6.61918e-05	-0.0133668	1.51698e-06	-0.00334242	0	0	0	0	-6.61918e-05	-0.0133668	
74.8484	1.51067e-06	-0.00333541	0	0	0	0	-6.59132e-05	-0.0133388	1.51067e-06	-0.00333541	0	0	0	0	-6.59132e-05	-0.0133388	
75.0055	1.5044e-06	-0.00332842	0	0	0	0	-6.56362e-05	-0.0133109	1.5044e-06	-0.00332842	0	0	0	0	-6.56362e-05	-0.0133109	
75.1626	1.4982e-06	-0.00332148	0	0	0	0	-6.53609e-05	-0.0132831	1.4982e-06	-0.00332148	0	0	0	0	-6.53609e-05	-0.0132831	
75.3197	1.49202e-06	-0.00331454	0	0	0	0	-6.50872e-05	-0.0132554	1.49202e-06	-0.00331454	0	0	0	0	-6.50872e-05	-0.0132554	
75.4768	1.48588e-06	-0.00330765	0	0	0	0	-6.48152e-05	-0.0132279	1.48588e-06	-0.00330765	0	0	0	0	-6.48152e-05	-0.0132279	
75.6338	1.47979e-06	-0.00330077	0	0	0	0	-6.45449e-05	-0.0132004	1.47979e-06	-0.00330077	0	0	0	0	-6.45449e-05	-0.0132004	
75.7909	1.47374e-06	-0.00329394	0	0	0	0	-6.42761e-05	-0.0131731	1.47374e-06	-0.00329394	0	0	0	0	-6.42761e-05	-0.0131731	
75.948	1.46772e-06	-0.00328713	0	0	0	0	-6.40089e-05	-0.0131459	1.46772e-06	-0.00328713	0	0	0	0	-6.40089e-05	-0.0131459	
76.1051	1.46176e-06	-0.00328035	0	0	0	0	-6.37433e-05	-0.0131187	1.46176e-06	-0.00328035	0	0	0	0	-6.37433e-05	-0.0131187	
76.2622	1.45584e-06	-0.00327359	0	0	0	0	-6.34794e-05	-0.0130918	1.45584e-06	-0.00327359	0	0	0	0	-6.34794e-05	-0.0130918	
76.4192	1.44994e-06	-0.00326686	0	0	0	0	-6.32169e-05	-0.0130649	1.44994e-06	-0.00326686	0	0	0	0	-6.32169e-05	-0.0130649	
76.5763	1.44409e-06	-0.00326016	0	0	0	0	-6.2956e-05	-0.0130381	1.44409e-06	-0.00326016	0	0	0	0	-6.2956e-05	-0.0130381	
76.7334	1.4383e-06	-0.00325349	0	0	0	0	-6.26967e-05	-0.0130114	1.4383e-06	-0.00325349	0	0	0	0	-6.26967e-05	-0.0130114	
76.8905	1.43251e-06	-0.00324684	0	0	0	0	-6.24388e-05	-0.0129849	1.43251e-06	-0.00324684	0	0	0	0	-6.24388e-05	-0.0129849	
77.0476	1.42678e-06	-0.00324022	0	0	0	0	-6.21825e-05	-0.0129585	1.42678e-06	-0.00324022	0	0	0	0	-6.21825e-05	-0.0129585	
77.2046	1.42108e-06	-0.00323364	0	0	0	0	-6.19278e-05	-0.0129321	1.42108e-06	-0.00323364	0	0	0	0	-6.19278e-05	-0.0129321	
77.3617	1.41542e-06	-0.00322708	0	0	0	0	-6.16744e-05	-0.0129059	1.41542e-06	-0.00322708	0	0	0	0	-6.16744e-05	-0.0129059	
77.5188	1.4098e-06	-0.00322054	0	0	0	0	-6.14226e-05	-0.0128797	1.4098e-06	-0.00322054	0	0	0	0	-6.14226e-05	-0.0128797	
77.6759	1.40421e-06	-0.00321402	0	0	0	0	-6.11723e-05	-0.0128537	1.40421e-06	-0.00321402	0	0	0	0	-6.11723e-05	-0.0128537	
77.833	1.39867e-06	-0.00320754	0	0	0	0	-6.09234e-05	-0.0128278	1.39867e-06	-0.00320754	0	0	0	0	-6.09234e-05	-0.0128278	
77.99	1.39316e-06	-0.00320107	0	0	0	0	-6.06759e-05	-0.012802	1.39316e-06	-0.00320107	0	0	0	0	-6.06759e-05	-0.012802	
78.1471	1.38769e-06	-0.00319466	0	0	0	0	-6.04299e-05	-0.0127763	1.38769e-06	-0.00319466	0	0	0	0	-6.04299e-05	-0.0127763	
78.3042	1.38224e-06	-0.00318824	0	0	0	0	-6.01853e-05	-0.0127507	1.38224e-06	-0.00318824	0	0	0	0	-6.01853e-05	-0.0127507	
78.4613	1.37684e-06	-0.00318186	0	0	0	0	-5.99422e-05	-0.0127252	1.37684e-06	-0.00318186	0	0	0	0	-5.99422e-05	-0.0127252	
