0.07853981634 0.008792358896 -1.698963733
0.235619449 0.008796388155 -1.292572103
0.3926990817 0.002933388516 -1.028088192
0.5497787144 0.001953170722 -0.8515278904
0.7068583471 0.002504479898 -0.7293756995
0.8639379797 0.002575712755 -0.640708258
1.021017612 0.002248126128 -0.5735672178
1.178097245 0.001834200103 -0.5208915429
1.335176878 0.001509623337 -0.4783255577
1.49225651 0.001330182613 -0.4430733241
1.649336143 0.001289248415 -0.413276836
1.806415776 0.00135614348 -0.3876629416
1.963495408 0.001495773881 -0.3653345912
2.120575041 0.001677044635 -0.3456431919
2.277654674 0.001875542838 -0.3281083472
2.434734307 0.00207359931 -0.312366167
2.591813939 0.002259324833 -0.2981352568
2.748893572 0.002425382067 -0.2851938842
2.905973205 0.00256782379 -0.2733643495
3.063052837 0.002685116839 -0.262502083
3.22013247 0.002777373545 -0.2524878948
3.377212103 0.002845771642 -0.2432223643
3.534291735 0.002892130289 -0.2346217067
3.691371368 0.002918608765 -0.2266146742
3.848451001 0.002927498364 -0.2191401968
4.005530633 0.002921083317 -0.2121455577
4.162610266 0.002901551825 -0.2055849641
4.319689899 0.002870942796 -0.1994184121
4.476769531 0.002831117519 -0.1936107763
4.633849164 0.002783748381 -0.1881310703
4.790928797 0.002730318903 -0.1829518429
4.948008429 0.002672131004 -0.1780486779
5.105088062 0.002610316599 -0.1733997799
5.262167695 0.002545851532 -0.1689856259
5.419247327 0.002479570476 -0.1647886733
5.57632696 0.002412181886 -0.1607931109
5.733406593 0.002344282435 -0.1569846485
5.890486225 0.002276370576 -0.1533503358
6.047565858 0.002208859036 -0.1498784068
6.204645491 0.002142086169 -0.1465581466
6.361725124 0.002076326142 -0.1433797746
6.518804756 0.002011798006 -0.1403343438
6.675884389 0.001948673707 -0.137413653
6.832964022 0.001887085117 -0.1346101698
6.990043654 0.001827130178 -0.1319169627
7.147123287 0.00176887824 -0.1293276422
7.30420292 0.001712374684 -0.1268363076
7.461282552 0.001657644915 -0.1244375012
7.618362185 0.001604697787 -0.1221261667
7.775441818 0.001553528547 -0.1198976127
7.93252145 0.001504121348 -0.1177474798
8.089601083 0.001456451388 -0.1156717119
8.246680716 0.001410486728 -0.1136665294
8.403760348 0.001366189834 -0.1117284064
8.560839981 0.001323518874 -0.1098540489
8.717919614 0.001282428814 -0.1080403766
8.874999246 0.001242872331 -0.106284505
9.032078879 0.001204800574 -0.1045837305
9.189158512 0.001168163803 -0.102935516
9.346238144 0.001132911909 -0.1013374782
9.503317777 0.001098994839 -0.09978737607
9.66039741 0.001066362951 -0.09828310044
9.817477042 0.001034967287 -0.09682266417
9.974556675 0.001004759802 -0.09540419351
10.13163631 0.0009756935327 -0.09402592002
10.28871594 0.0009477227363 -0.09268617328
10.44579557 0.0009208029867 -0.09138337413
10.60287521 0.0008948912464 -0.09011602848
10.75995484 0.000869945914 -0.08888272164
10.91703447 0.0008459268514 -0.08768211309
11.0741141 0.0008227953956 -0.08651293167
11.23119374 0.0008005143568 -0.08537397112
11.38827337 0.000779048006 -0.08426408601
11.545353 0.0007583620539 -0.08318218788
11.70243263 0.0007384236231 -0.08212724179
11.85951227 0.000719201215 -0.08109826305
12.0165919 0.0007006646722 -0.08009431417
12.17367153 0.0006827851389 -0.0791145021
12.33075117 0.0006655350177 -0.0781579756
12.4878308 0.0006488879266 -0.07722392283
12.64491043 0.000632818654 -0.07631156909
12.80199006 0.0006173031138 -0.07542017471
12.9590697 0.0006023183011 -0.07454903312
13.11614933 0.0005878422471 -0.07369746899
13.27322896 0.0005738539764 -0.07286483652
13.43030859 0.0005603334633 -0.07205051788
13.58738823 0.0005472615909 -0.07125392168
13.74446786 0.0005346201101 -0.07047448157
13.90154749 0.0005223916005 -0.06971165497
14.05862712 0.0005105594325 -0.06896492179
14.21570676 0.0004991077309 -0.06823378329
14.37278639 0.0004880213394 -0.06751776103
14.52986602 0.0004772857873 -0.06681639581
14.68694566 0.0004668872567 -0.06612924673
14.84402529 0.0004568125519 -0.06545589029
15.00110492 0.0004470490695 -0.06479591955
15.15818455 0.0004375847701 -0.06414894331
15.31526419 0.0004284081516 -0.06351458537
15.47234382 0.0004195082231 -0.06289248384
15.62942345 0.0004108744804 -0.06228229041
15.78650308 0.0004024968827 -0.0616836698
15.94358272 0.0003943658303 -0.06109629909
16.10066235 0.0003864721434 -0.06051986719
16.25774198 0.0003788070421 -0.05995407431
16.41482162 0.0003713621269 -0.05939863143
16.57190125 0.0003641293607 -0.05885325985
16.72898088 0.0003571010515 -0.05831769071
16.88606051 0.000350269836 -0.05779166456
17.04314015 0.0003436286636 -0.057274931
17.20021978 0.0003371707823 -0.05676724822
17.35729941 0.0003308897236 -0.05626838268
17.51437904 0.0003247792901 -0.05577810878
17.67145868 0.000318833542 -0.05529620847
17.82853831 0.0003130467856 -0.05482247097
17.98561794 0.0003074135612 -0.05435669249
18.14269757 0.0003019286329 -0.05389867589
18.29977721 0.0002965869779 -0.05344823047
18.45685684 0.0002913837764 -0.05300517167
18.61393647 0.0002863144028 -0.05256932086
18.77101611 0.0002813744165 -0.05214050506
18.92809574 0.0002765595536 -0.05171855677
19.08517537 0.0002718657187 -0.05130331371
19.242255 0.0002672889775 -0.05089461865
19.39933464 0.0002628255494 -0.05049231921
19.55641427 0.0002584718008 -0.05009626765
19.7134939 0.0002542242385 -0.04970632074
19.87057353 0.0002500795032 -0.04932233956
20.02765317 0.000246034364 -0.04894418934
20.1847328 0.0002420857127 -0.04857173932
20.34181243 0.000238230558 -0.04820486259
20.49889206 0.0002344660212 -0.04784343596
20.6559717 0.0002307893306 -0.04748733982
20.81305133 0.0002271978171 -0.04713645801
20.97013096 0.0002236889102 -0.04679067772
21.1272106 0.0002202601334 -0.04644988931
21.28429023 0.0002169091001 -0.04611398628
21.44136986 0.0002136335103 -0.04578286509
21.59844949 0.0002104311465 -0.04545642512
21.75552913 0.0002072998707 -0.0451345685
21.91260876 0.0002042376207 -0.04481720008
22.06968839 0.0002012424071 -0.04450422729
22.22676802 0.0001983123104 -0.04419556009
22.38384766 0.0001954454781 -0.04389111087
22.54092729 0.000192640122 -0.04359079434
22.69800692 0.0001898945154 -0.04329452751
22.85508655 0.0001872069912 -0.04300222957
23.01216619 0.0001845759386 -0.04271382184
23.16924582 0.0001819998018 -0.04242922769
23.32632545 0.0001794770772 -0.04214837248
23.48340509 0.0001770063116 -0.04187118349
23.64048472 0.0001745861001 -0.04159758987
23.79756435 0.0001722150845 -0.04132752257
23.95464398 0.000169891951 -0.04106091429
24.11172362 0.0001676154292 -0.04079769941
24.26880325 0.0001653842895 -0.04053781397
24.42588288 0.0001631973426 -0.04028119558
24.58296251 0.0001610534369 -0.04002778341
24.74004215 0.0001589514581 -0.0397775181
24.89712178 0.000156890327 -0.03953034176
25.05420141 0.0001548689986 -0.03928619789
25.21128105 0.0001528864609 -0.03904503136
25.36836068 0.0001509417332 -0.03880678836
25.52544031 0.0001490338656 -0.03857141636
25.68251994 0.0001471619373 -0.03833886407
25.83959958 0.0001453250559 -0.03810908142
25.99667921 0.0001435223563 -0.0378820195
26.15375884 0.0001417529996 -0.03765763055
26.31083847 0.0001400161723 -0.03743586791
26.46791811 0.0001383110853 -0.037216686
26.62499774 0.0001366369732 -0.03700004026
26.78207737 0.0001349930931 -0.03678588719
26.939157 0.0001333787243 -0.03657418423
27.09623664 0.0001317931672 -0.0363648898
27.25331627 0.0001302357426 -0.03615796325
27.4103959 0.0001287057911 -0.03595336484
27.56747554 0.0001272026724 -0.03575105569
27.72455517 0.0001257257645 -0.0355509978
27.8816348 0.0001242744633 -0.035353154
28.03871443 0.0001228481819 -0.03515748791
28.19579407 0.0001214463499 -0.03496396395
28.3528737 0.0001200684131 -0.03477254732
28.50995333 0.0001187138327 -0.03458320395
28.66703296 0.000117382085 -0.0343959005
28.8241126 0.0001160726608 -0.03421060435
28.98119223 0.0001147850648 -0.03402728356
29.13827186 0.0001135188156 -0.03384590685
29.29535149 0.0001122734446 -0.03366644361
29.45243113 0.0001110484961 -0.03348886387
29.60951076 0.0001098435266 -0.03331313826
29.76659039 0.0001086581046 -0.03313923803
29.92367003 0.0001074918102 -0.03296713501
30.08074966 0.0001063442345 -0.03279680162
30.23782929 0.0001052149796 -0.03262821082
30.39490892 0.0001041036578 -0.03246133613
30.55198856 0.0001030098918 -0.0322961516
30.70906819 0.0001019333142 -0.03213263178
30.86614782 0.0001008735668 -0.03197075175
31.02322745 9.98303009e-05 -0.03181048708
31.18030709 9.880317673e-05 -0.0316518138
31.33738672 9.779186313e-05 -0.03149470843
31.49446635 9.679603741e-05 -0.03133914795
31.65154598 9.581538501e-05 -0.03118510978
31.80862562 9.484959932e-05 -0.03103257176
31.96570525 9.38983814e-05 -0.03088151219
32.12278488 9.296143975e-05 -0.03073190976
32.27986452 9.203849014e-05 -0.03058374357
32.43694415 9.112925534e-05 -0.03043699311
32.59402378 9.023346492e-05 -0.03029163829
32.75110341 8.935085509e-05 -0.03014765936
32.90818305 8.848116848e-05 -0.03000503695
33.06526268 8.762415395e-05 -0.02986375206
33.22234231 8.677956641e-05 -0.02972378604
33.37942194 8.594716668e-05 -0.02958512056
33.53650158 8.512672126e-05 -0.02944773767
33.69358121 8.431800224e-05 -0.0293116197
33.85066084 8.352078708e-05 -0.02917674935
34.00774048 8.27348585e-05 -0.02904310959
34.16482011 8.196000431e-05 -0.02891068373
34.32189974 8.119601728e-05 -0.02877945535
34.47897937 8.044269499e-05 -0.02864940836
34.63605901 7.96998397e-05 -0.02852052692
34.79313864 7.896725825e-05 -0.02839279549
34.95021827 7.824476189e-05 -0.0282661988
35.1072979 7.753216617e-05 -0.02814072185
35.26437754 7.682929086e-05 -0.0280163499
35.42145717 7.613595979e-05 -0.02789306847
35.5785368 7.545200075e-05 -0.02777086333
35.73561643 7.477724543e-05 -0.0276497205
35.89269607 7.411152923e-05 -0.02752962622
36.0497757 7.345469124e-05 -0.02741056699
36.20685533 7.280657411e-05 -0.02729252953
36.36393497 7.216702394e-05 -0.02717550078
36.5210146 7.153589024e-05 -0.02705946792
36.67809423 7.091302578e-05 -0.02694441833
36.83517386 7.029828653e-05 -0.0268303396
36.9922535 6.969153161e-05 -0.02671721953
37.14933313 6.909262315e-05 -0.02660504613
37.30641276 6.850142625e-05 -0.02649380761
37.46349239 6.791780891e-05 -0.02638349235
37.62057203 6.734164192e-05 -0.02627408895
37.77765166 6.677279883e-05 -0.02616558619
37.93473129 6.621115584e-05 -0.02605797302
38.09181092 6.565659177e-05 -0.02595123858
38.24889056 6.510898798e-05 -0.02584537219
38.40597019 6.456822829e-05 -0.02574036332
38.56304982 6.403419894e-05 -0.02563620164
38.72012946 6.350678854e-05 -0.02553287696
38.87720909 6.298588796e-05 -0.02543037926
39.03428872 6.247139035e-05 -0.02532869869
39.19136835 6.196319102e-05 -0.02522782554
