HDF5 "solver.out.h5" {
DATASET "/G1_LEGENDRE" {
   DATATYPE  H5T_IEEE_F64LE
   DATASPACE  SIMPLE { ( 4, 4, 40, 2 ) / ( 4, 4, 40, 2 ) }
   DATA {
   (0,0,0,0): -2.91725, 0,
   (0,0,1,0): 0.0116112, 0,
   (0,0,2,0): -1.58303, 0,
   (0,0,3,0): -0.0110141, 0,
   (0,0,4,0): -0.86827, 0,
   (0,0,5,0): -0.00690302, 0,
   (0,0,6,0): -0.642035, 0,
   (0,0,7,0): 0.00698066, 0,
   (0,0,8,0): -0.532763, 0,
   (0,0,9,0): -0.00754429, 0,
   (0,0,10,0): -0.415248, 0,
   (0,0,11,0): -0.0145503, 0,
   (0,0,12,0): -0.293029, 0,
   (0,0,13,0): -0.0206126, 0,
   (0,0,14,0): -0.22031, 0,
   (0,0,15,0): 0.00498241, 0,
   (0,0,16,0): -0.138015, 0,
   (0,0,17,0): -0.00419683, 0,
   (0,0,18,0): -0.0890613, 0,
   (0,0,19,0): -0.00558547, 0,
   (0,0,20,0): -0.0571951, 0,
   (0,0,21,0): -0.00752449, 0,
   (0,0,22,0): -0.0204975, 0,
   (0,0,23,0): 0.00267608, 0,
   (0,0,24,0): -0.0133317, 0,
   (0,0,25,0): -0.00723046, 0,
   (0,0,26,0): -0.0144272, 0,
   (0,0,27,0): 0.0118917, 0,
   (0,0,28,0): 0.00823038, 0,
   (0,0,29,0): 0.0177876, 0,
   (0,0,30,0): 0.00967886, 0,
   (0,0,31,0): -0.00165995, 0,
   (0,0,32,0): 0.0140495, 0,
   (0,0,33,0): -0.00086465, 0,
   (0,0,34,0): -0.0060703, 0,
   (0,0,35,0): 0.000678824, 0,
   (0,0,36,0): -0.00239151, 0,
   (0,0,37,0): -0.00150863, 0,
   (0,0,38,0): -0.00178859, 0,
   (0,0,39,0): 0.00626381, 0,
   (0,1,0,0): 0, 0,
   (0,1,1,0): 0, 0,
   (0,1,2,0): 0, 0,
   (0,1,3,0): 0, 0,
   (0,1,4,0): 0, 0,
   (0,1,5,0): 0, 0,
   (0,1,6,0): 0, 0,
   (0,1,7,0): 0, 0,
   (0,1,8,0): 0, 0,
   (0,1,9,0): 0, 0,
   (0,1,10,0): 0, 0,
   (0,1,11,0): 0, 0,
   (0,1,12,0): 0, 0,
   (0,1,13,0): 0, 0,
   (0,1,14,0): 0, 0,
   (0,1,15,0): 0, 0,
   (0,1,16,0): 0, 0,
   (0,1,17,0): 0, 0,
   (0,1,18,0): 0, 0,
   (0,1,19,0): 0, 0,
   (0,1,20,0): 0, 0,
   (0,1,21,0): 0, 0,
   (0,1,22,0): 0, 0,
   (0,1,23,0): 0, 0,
   (0,1,24,0): 0, 0,
   (0,1,25,0): 0, 0,
   (0,1,26,0): 0, 0,
   (0,1,27,0): 0, 0,
   (0,1,28,0): 0, 0,
   (0,1,29,0): 0, 0,
   (0,1,30,0): 0, 0,
   (0,1,31,0): 0, 0,
   (0,1,32,0): 0, 0,
   (0,1,33,0): 0, 0,
   (0,1,34,0): 0, 0,
   (0,1,35,0): 0, 0,
   (0,1,36,0): 0, 0,
   (0,1,37,0): 0, 0,
   (0,1,38,0): 0, 0,
   (0,1,39,0): 0, 0,
   (0,2,0,0): 0, 0,
   (0,2,1,0): 0, 0,
   (0,2,2,0): 0, 0,
   (0,2,3,0): 0, 0,
   (0,2,4,0): 0, 0,
   (0,2,5,0): 0, 0,
   (0,2,6,0): 0, 0,
   (0,2,7,0): 0, 0,
   (0,2,8,0): 0, 0,
   (0,2,9,0): 0, 0,
   (0,2,10,0): 0, 0,
   (0,2,11,0): 0, 0,
   (0,2,12,0): 0, 0,
   (0,2,13,0): 0, 0,
   (0,2,14,0): 0, 0,
   (0,2,15,0): 0, 0,
   (0,2,16,0): 0, 0,
   (0,2,17,0): 0, 0,
   (0,2,18,0): 0, 0,
   (0,2,19,0): 0, 0,
   (0,2,20,0): 0, 0,
   (0,2,21,0): 0, 0,
   (0,2,22,0): 0, 0,
   (0,2,23,0): 0, 0,
   (0,2,24,0): 0, 0,
   (0,2,25,0): 0, 0,
   (0,2,26,0): 0, 0,
   (0,2,27,0): 0, 0,
   (0,2,28,0): 0, 0,
   (0,2,29,0): 0, 0,
   (0,2,30,0): 0, 0,
   (0,2,31,0): 0, 0,
   (0,2,32,0): 0, 0,
   (0,2,33,0): 0, 0,
   (0,2,34,0): 0, 0,
   (0,2,35,0): 0, 0,
   (0,2,36,0): 0, 0,
   (0,2,37,0): 0, 0,
   (0,2,38,0): 0, 0,
   (0,2,39,0): 0, 0,
   (0,3,0,0): 0, 0,
   (0,3,1,0): 0, 0,
   (0,3,2,0): 0, 0,
   (0,3,3,0): 0, 0,
   (0,3,4,0): 0, 0,
   (0,3,5,0): 0, 0,
   (0,3,6,0): 0, 0,
   (0,3,7,0): 0, 0,
   (0,3,8,0): 0, 0,
   (0,3,9,0): 0, 0,
   (0,3,10,0): 0, 0,
   (0,3,11,0): 0, 0,
   (0,3,12,0): 0, 0,
   (0,3,13,0): 0, 0,
   (0,3,14,0): 0, 0,
   (0,3,15,0): 0, 0,
   (0,3,16,0): 0, 0,
   (0,3,17,0): 0, 0,
   (0,3,18,0): 0, 0,
   (0,3,19,0): 0, 0,
   (0,3,20,0): 0, 0,
   (0,3,21,0): 0, 0,
   (0,3,22,0): 0, 0,
   (0,3,23,0): 0, 0,
   (0,3,24,0): 0, 0,
   (0,3,25,0): 0, 0,
   (0,3,26,0): 0, 0,
   (0,3,27,0): 0, 0,
   (0,3,28,0): 0, 0,
   (0,3,29,0): 0, 0,
   (0,3,30,0): 0, 0,
   (0,3,31,0): 0, 0,
   (0,3,32,0): 0, 0,
   (0,3,33,0): 0, 0,
   (0,3,34,0): 0, 0,
   (0,3,35,0): 0, 0,
   (0,3,36,0): 0, 0,
   (0,3,37,0): 0, 0,
   (0,3,38,0): 0, 0,
   (0,3,39,0): 0, 0,
   (1,0,0,0): 0, 0,
   (1,0,1,0): 0, 0,
   (1,0,2,0): 0, 0,
   (1,0,3,0): 0, 0,
   (1,0,4,0): 0, 0,
   (1,0,5,0): 0, 0,
   (1,0,6,0): 0, 0,
   (1,0,7,0): 0, 0,
   (1,0,8,0): 0, 0,
   (1,0,9,0): 0, 0,
   (1,0,10,0): 0, 0,
   (1,0,11,0): 0, 0,
   (1,0,12,0): 0, 0,
   (1,0,13,0): 0, 0,
   (1,0,14,0): 0, 0,
   (1,0,15,0): 0, 0,
   (1,0,16,0): 0, 0,
   (1,0,17,0): 0, 0,
   (1,0,18,0): 0, 0,
   (1,0,19,0): 0, 0,
   (1,0,20,0): 0, 0,
   (1,0,21,0): 0, 0,
   (1,0,22,0): 0, 0,
   (1,0,23,0): 0, 0,
   (1,0,24,0): 0, 0,
   (1,0,25,0): 0, 0,
   (1,0,26,0): 0, 0,
   (1,0,27,0): 0, 0,
   (1,0,28,0): 0, 0,
   (1,0,29,0): 0, 0,
   (1,0,30,0): 0, 0,
   (1,0,31,0): 0, 0,
   (1,0,32,0): 0, 0,
   (1,0,33,0): 0, 0,
   (1,0,34,0): 0, 0,
   (1,0,35,0): 0, 0,
   (1,0,36,0): 0, 0,
   (1,0,37,0): 0, 0,
   (1,0,38,0): 0, 0,
   (1,0,39,0): 0, 0,
   (1,1,0,0): -2.92209, 0,
   (1,1,1,0): 0.0240208, 0,
   (1,1,2,0): -1.58684, 0,
   (1,1,3,0): 0.0032436, 0,
   (1,1,4,0): -0.858362, 0,
   (1,1,5,0): -0.0114877, 0,
   (1,1,6,0): -0.652692, 0,
   (1,1,7,0): 0.00809116, 0,
   (1,1,8,0): -0.530326, 0,
   (1,1,9,0): -0.00274068, 0,
   (1,1,10,0): -0.389667, 0,
   (1,1,11,0): -0.00321707, 0,
   (1,1,12,0): -0.302403, 0,
   (1,1,13,0): -0.0124746, 0,
   (1,1,14,0): -0.219784, 0,
   (1,1,15,0): -0.00367072, 0,
   (1,1,16,0): -0.140576, 0,
   (1,1,17,0): -0.00373357, 0,
   (1,1,18,0): -0.0873071, 0,
   (1,1,19,0): 0.00124092, 0,
   (1,1,20,0): -0.0582111, 0,
   (1,1,21,0): -0.00509113, 0,
   (1,1,22,0): -0.0251881, 0,
   (1,1,23,0): -0.00728712, 0,
   (1,1,24,0): -0.018644, 0,
   (1,1,25,0): -0.00443932, 0,
   (1,1,26,0): -0.0158456, 0,
   (1,1,27,0): -0.00205108, 0,
   (1,1,28,0): 0.00411627, 0,
   (1,1,29,0): 0.00471256, 0,
   (1,1,30,0): 0.00861818, 0,
   (1,1,31,0): -0.00156435, 0,
   (1,1,32,0): 0.00344811, 0,
   (1,1,33,0): -0.010414, 0,
   (1,1,34,0): 0.00803118, 0,
   (1,1,35,0): -0.00651838, 0,
   (1,1,36,0): -0.00326622, 0,
   (1,1,37,0): 0.00537492, 0,
   (1,1,38,0): 0.00316959, 0,
   (1,1,39,0): 0.00758092, 0,
   (1,2,0,0): 0, 0,
   (1,2,1,0): 0, 0,
   (1,2,2,0): 0, 0,
   (1,2,3,0): 0, 0,
   (1,2,4,0): 0, 0,
   (1,2,5,0): 0, 0,
   (1,2,6,0): 0, 0,
   (1,2,7,0): 0, 0,
   (1,2,8,0): 0, 0,
   (1,2,9,0): 0, 0,
   (1,2,10,0): 0, 0,
   (1,2,11,0): 0, 0,
   (1,2,12,0): 0, 0,
   (1,2,13,0): 0, 0,
   (1,2,14,0): 0, 0,
   (1,2,15,0): 0, 0,
   (1,2,16,0): 0, 0,
   (1,2,17,0): 0, 0,
   (1,2,18,0): 0, 0,
   (1,2,19,0): 0, 0,
   (1,2,20,0): 0, 0,
   (1,2,21,0): 0, 0,
   (1,2,22,0): 0, 0,
   (1,2,23,0): 0, 0,
   (1,2,24,0): 0, 0,
   (1,2,25,0): 0, 0,
   (1,2,26,0): 0, 0,
   (1,2,27,0): 0, 0,
   (1,2,28,0): 0, 0,
   (1,2,29,0): 0, 0,
   (1,2,30,0): 0, 0,
   (1,2,31,0): 0, 0,
   (1,2,32,0): 0, 0,
   (1,2,33,0): 0, 0,
   (1,2,34,0): 0, 0,
   (1,2,35,0): 0, 0,
   (1,2,36,0): 0, 0,
   (1,2,37,0): 0, 0,
   (1,2,38,0): 0, 0,
   (1,2,39,0): 0, 0,
   (1,3,0,0): 0, 0,
   (1,3,1,0): 0, 0,
   (1,3,2,0): 0, 0,
   (1,3,3,0): 0, 0,
   (1,3,4,0): 0, 0,
   (1,3,5,0): 0, 0,
   (1,3,6,0): 0, 0,
   (1,3,7,0): 0, 0,
   (1,3,8,0): 0, 0,
   (1,3,9,0): 0, 0,
   (1,3,10,0): 0, 0,
   (1,3,11,0): 0, 0,
   (1,3,12,0): 0, 0,
   (1,3,13,0): 0, 0,
   (1,3,14,0): 0, 0,
   (1,3,15,0): 0, 0,
   (1,3,16,0): 0, 0,
   (1,3,17,0): 0, 0,
   (1,3,18,0): 0, 0,
   (1,3,19,0): 0, 0,
   (1,3,20,0): 0, 0,
   (1,3,21,0): 0, 0,
   (1,3,22,0): 0, 0,
   (1,3,23,0): 0, 0,
   (1,3,24,0): 0, 0,
   (1,3,25,0): 0, 0,
   (1,3,26,0): 0, 0,
   (1,3,27,0): 0, 0,
   (1,3,28,0): 0, 0,
   (1,3,29,0): 0, 0,
   (1,3,30,0): 0, 0,
   (1,3,31,0): 0, 0,
   (1,3,32,0): 0, 0,
   (1,3,33,0): 0, 0,
   (1,3,34,0): 0, 0,
   (1,3,35,0): 0, 0,
   (1,3,36,0): 0, 0,
   (1,3,37,0): 0, 0,
   (1,3,38,0): 0, 0,
   (1,3,39,0): 0, 0,
   (2,0,0,0): 0, 0,
   (2,0,1,0): 0, 0,
   (2,0,2,0): 0, 0,
   (2,0,3,0): 0, 0,
   (2,0,4,0): 0, 0,
   (2,0,5,0): 0, 0,
   (2,0,6,0): 0, 0,
   (2,0,7,0): 0, 0,
   (2,0,8,0): 0, 0,
   (2,0,9,0): 0, 0,
   (2,0,10,0): 0, 0,
   (2,0,11,0): 0, 0,
   (2,0,12,0): 0, 0,
   (2,0,13,0): 0, 0,
   (2,0,14,0): 0, 0,
   (2,0,15,0): 0, 0,
   (2,0,16,0): 0, 0,
   (2,0,17,0): 0, 0,
   (2,0,18,0): 0, 0,
   (2,0,19,0): 0, 0,
   (2,0,20,0): 0, 0,
   (2,0,21,0): 0, 0,
   (2,0,22,0): 0, 0,
   (2,0,23,0): 0, 0,
   (2,0,24,0): 0, 0,
   (2,0,25,0): 0, 0,
   (2,0,26,0): 0, 0,
   (2,0,27,0): 0, 0,
   (2,0,28,0): 0, 0,
   (2,0,29,0): 0, 0,
   (2,0,30,0): 0, 0,
   (2,0,31,0): 0, 0,
   (2,0,32,0): 0, 0,
   (2,0,33,0): 0, 0,
   (2,0,34,0): 0, 0,
   (2,0,35,0): 0, 0,
   (2,0,36,0): 0, 0,
   (2,0,37,0): 0, 0,
   (2,0,38,0): 0, 0,
   (2,0,39,0): 0, 0,
   (2,1,0,0): 0, 0,
   (2,1,1,0): 0, 0,
   (2,1,2,0): 0, 0,
   (2,1,3,0): 0, 0,
   (2,1,4,0): 0, 0,
   (2,1,5,0): 0, 0,
   (2,1,6,0): 0, 0,
   (2,1,7,0): 0, 0,
   (2,1,8,0): 0, 0,
   (2,1,9,0): 0, 0,
   (2,1,10,0): 0, 0,
   (2,1,11,0): 0, 0,
   (2,1,12,0): 0, 0,
   (2,1,13,0): 0, 0,
   (2,1,14,0): 0, 0,
   (2,1,15,0): 0, 0,
   (2,1,16,0): 0, 0,
   (2,1,17,0): 0, 0,
   (2,1,18,0): 0, 0,
   (2,1,19,0): 0, 0,
   (2,1,20,0): 0, 0,
   (2,1,21,0): 0, 0,
   (2,1,22,0): 0, 0,
   (2,1,23,0): 0, 0,
   (2,1,24,0): 0, 0,
   (2,1,25,0): 0, 0,
   (2,1,26,0): 0, 0,
   (2,1,27,0): 0, 0,
   (2,1,28,0): 0, 0,
   (2,1,29,0): 0, 0,
   (2,1,30,0): 0, 0,
   (2,1,31,0): 0, 0,
   (2,1,32,0): 0, 0,
   (2,1,33,0): 0, 0,
   (2,1,34,0): 0, 0,
   (2,1,35,0): 0, 0,
   (2,1,36,0): 0, 0,
   (2,1,37,0): 0, 0,
   (2,1,38,0): 0, 0,
   (2,1,39,0): 0, 0,
   (2,2,0,0): -2.062, 0,
   (2,2,1,0): -0.00577769, 0,
   (2,2,2,0): -1.56214, 0,
   (2,2,3,0): 0.00125527, 0,
   (2,2,4,0): -0.975749, 0,
   (2,2,5,0): -0.00235207, 0,
   (2,2,6,0): -0.709687, 0,
   (2,2,7,0): 0.000877993, 0,
   (2,2,8,0): -0.544116, 0,
   (2,2,9,0): -0.00240514, 0,
   (2,2,10,0): -0.413778, 0,
   (2,2,11,0): -0.0011683, 0,
   (2,2,12,0): -0.308969, 0,
   (2,2,13,0): -0.00454243, 0,
   (2,2,14,0): -0.211092, 0,
   (2,2,15,0): -0.00301655, 0,
   (2,2,16,0): -0.139655, 0,
   (2,2,17,0): -0.00355146, 0,
   (2,2,18,0): -0.0877417, 0,
   (2,2,19,0): 0.00124291, 0,
   (2,2,20,0): -0.0488162, 0,
   (2,2,21,0): 0.0011065, 0,
   (2,2,22,0): -0.0306597, 0,
   (2,2,23,0): -2.77818e-05, 0,
   (2,2,24,0): -0.0176554, 0,
   (2,2,25,0): 0.00218419, 0,
   (2,2,26,0): -0.0108254, 0,
   (2,2,27,0): 0.000440302, 0,
   (2,2,28,0): -0.00986634, 0,
   (2,2,29,0): 0.00606506, 0,
   (2,2,30,0): -0.00791722, 0,
   (2,2,31,0): 0.00446803, 0,
   (2,2,32,0): -0.00208521, 0,
   (2,2,33,0): 0.00718539, 0,
   (2,2,34,0): 0.00144798, 0,
   (2,2,35,0): 0.010581, 0,
   (2,2,36,0): 0.00569538, 0,
   (2,2,37,0): 0.0107224, 0,
   (2,2,38,0): 0.00129891, 0,
   (2,2,39,0): 0.00618758, 0,
   (2,3,0,0): 0, 0,
   (2,3,1,0): 0, 0,
   (2,3,2,0): 0, 0,
   (2,3,3,0): 0, 0,
   (2,3,4,0): 0, 0,
   (2,3,5,0): 0, 0,
   (2,3,6,0): 0, 0,
   (2,3,7,0): 0, 0,
   (2,3,8,0): 0, 0,
   (2,3,9,0): 0, 0,
   (2,3,10,0): 0, 0,
   (2,3,11,0): 0, 0,
   (2,3,12,0): 0, 0,
   (2,3,13,0): 0, 0,
   (2,3,14,0): 0, 0,
   (2,3,15,0): 0, 0,
   (2,3,16,0): 0, 0,
   (2,3,17,0): 0, 0,
   (2,3,18,0): 0, 0,
   (2,3,19,0): 0, 0,
   (2,3,20,0): 0, 0,
   (2,3,21,0): 0, 0,
   (2,3,22,0): 0, 0,
   (2,3,23,0): 0, 0,
   (2,3,24,0): 0, 0,
   (2,3,25,0): 0, 0,
   (2,3,26,0): 0, 0,
   (2,3,27,0): 0, 0,
   (2,3,28,0): 0, 0,
   (2,3,29,0): 0, 0,
   (2,3,30,0): 0, 0,
   (2,3,31,0): 0, 0,
   (2,3,32,0): 0, 0,
   (2,3,33,0): 0, 0,
   (2,3,34,0): 0, 0,
   (2,3,35,0): 0, 0,
   (2,3,36,0): 0, 0,
   (2,3,37,0): 0, 0,
   (2,3,38,0): 0, 0,
   (2,3,39,0): 0, 0,
   (3,0,0,0): 0, 0,
   (3,0,1,0): 0, 0,
   (3,0,2,0): 0, 0,
   (3,0,3,0): 0, 0,
   (3,0,4,0): 0, 0,
   (3,0,5,0): 0, 0,
   (3,0,6,0): 0, 0,
   (3,0,7,0): 0, 0,
   (3,0,8,0): 0, 0,
   (3,0,9,0): 0, 0,
   (3,0,10,0): 0, 0,
   (3,0,11,0): 0, 0,
   (3,0,12,0): 0, 0,
   (3,0,13,0): 0, 0,
   (3,0,14,0): 0, 0,
   (3,0,15,0): 0, 0,
   (3,0,16,0): 0, 0,
   (3,0,17,0): 0, 0,
   (3,0,18,0): 0, 0,
   (3,0,19,0): 0, 0,
   (3,0,20,0): 0, 0,
   (3,0,21,0): 0, 0,
   (3,0,22,0): 0, 0,
   (3,0,23,0): 0, 0,
   (3,0,24,0): 0, 0,
   (3,0,25,0): 0, 0,
   (3,0,26,0): 0, 0,
   (3,0,27,0): 0, 0,
   (3,0,28,0): 0, 0,
   (3,0,29,0): 0, 0,
   (3,0,30,0): 0, 0,
   (3,0,31,0): 0, 0,
   (3,0,32,0): 0, 0,
   (3,0,33,0): 0, 0,
   (3,0,34,0): 0, 0,
   (3,0,35,0): 0, 0,
   (3,0,36,0): 0, 0,
   (3,0,37,0): 0, 0,
   (3,0,38,0): 0, 0,
   (3,0,39,0): 0, 0,
   (3,1,0,0): 0, 0,
   (3,1,1,0): 0, 0,
   (3,1,2,0): 0, 0,
   (3,1,3,0): 0, 0,
   (3,1,4,0): 0, 0,
   (3,1,5,0): 0, 0,
   (3,1,6,0): 0, 0,
   (3,1,7,0): 0, 0,
   (3,1,8,0): 0, 0,
   (3,1,9,0): 0, 0,
   (3,1,10,0): 0, 0,
   (3,1,11,0): 0, 0,
   (3,1,12,0): 0, 0,
   (3,1,13,0): 0, 0,
   (3,1,14,0): 0, 0,
   (3,1,15,0): 0, 0,
   (3,1,16,0): 0, 0,
   (3,1,17,0): 0, 0,
   (3,1,18,0): 0, 0,
   (3,1,19,0): 0, 0,
   (3,1,20,0): 0, 0,
   (3,1,21,0): 0, 0,
   (3,1,22,0): 0, 0,
   (3,1,23,0): 0, 0,
   (3,1,24,0): 0, 0,
   (3,1,25,0): 0, 0,
   (3,1,26,0): 0, 0,
   (3,1,27,0): 0, 0,
   (3,1,28,0): 0, 0,
   (3,1,29,0): 0, 0,
   (3,1,30,0): 0, 0,
   (3,1,31,0): 0, 0,
   (3,1,32,0): 0, 0,
   (3,1,33,0): 0, 0,
   (3,1,34,0): 0, 0,
   (3,1,35,0): 0, 0,
   (3,1,36,0): 0, 0,
   (3,1,37,0): 0, 0,
   (3,1,38,0): 0, 0,
   (3,1,39,0): 0, 0,
   (3,2,0,0): 0, 0,
   (3,2,1,0): 0, 0,
   (3,2,2,0): 0, 0,
   (3,2,3,0): 0, 0,
   (3,2,4,0): 0, 0,
   (3,2,5,0): 0, 0,
   (3,2,6,0): 0, 0,
   (3,2,7,0): 0, 0,
   (3,2,8,0): 0, 0,
   (3,2,9,0): 0, 0,
   (3,2,10,0): 0, 0,
   (3,2,11,0): 0, 0,
   (3,2,12,0): 0, 0,
   (3,2,13,0): 0, 0,
   (3,2,14,0): 0, 0,
   (3,2,15,0): 0, 0,
   (3,2,16,0): 0, 0,
   (3,2,17,0): 0, 0,
   (3,2,18,0): 0, 0,
   (3,2,19,0): 0, 0,
   (3,2,20,0): 0, 0,
   (3,2,21,0): 0, 0,
   (3,2,22,0): 0, 0,
   (3,2,23,0): 0, 0,
   (3,2,24,0): 0, 0,
   (3,2,25,0): 0, 0,
   (3,2,26,0): 0, 0,
   (3,2,27,0): 0, 0,
   (3,2,28,0): 0, 0,
   (3,2,29,0): 0, 0,
   (3,2,30,0): 0, 0,
   (3,2,31,0): 0, 0,
   (3,2,32,0): 0, 0,
   (3,2,33,0): 0, 0,
   (3,2,34,0): 0, 0,
   (3,2,35,0): 0, 0,
   (3,2,36,0): 0, 0,
   (3,2,37,0): 0, 0,
   (3,2,38,0): 0, 0,
   (3,2,39,0): 0, 0,
   (3,3,0,0): -2.06332, 0,
   (3,3,1,0): -0.00500546, 0,
   (3,3,2,0): -1.56238, 0,
   (3,3,3,0): 0.00537038, 0,
   (3,3,4,0): -0.972901, 0,
   (3,3,5,0): 0.00257258, 0,
   (3,3,6,0): -0.709599, 0,
   (3,3,7,0): 0.000684282, 0,
   (3,3,8,0): -0.54168, 0,
   (3,3,9,0): -0.00373059, 0,
   (3,3,10,0): -0.408839, 0,
   (3,3,11,0): -0.000511186, 0,
   (3,3,12,0): -0.304925, 0,
   (3,3,13,0): 0.000851484, 0,
   (3,3,14,0): -0.212078, 0,
   (3,3,15,0): -0.00109982, 0,
   (3,3,16,0): -0.143687, 0,
   (3,3,17,0): 0.00347455, 0,
   (3,3,18,0): -0.0894331, 0,
   (3,3,19,0): 0.00409486, 0,
   (3,3,20,0): -0.0488302, 0,
   (3,3,21,0): -0.00154144, 0,
   (3,3,22,0): -0.0308698, 0,
   (3,3,23,0): -0.000322661, 0,
   (3,3,24,0): -0.0165857, 0,
   (3,3,25,0): 0.00260831, 0,
   (3,3,26,0): -0.00822851, 0,
   (3,3,27,0): 0.00282584, 0,
   (3,3,28,0): -0.00406262, 0,
   (3,3,29,0): 0.00455898, 0,
   (3,3,30,0): -0.00351741, 0,
   (3,3,31,0): 0.00319274, 0,
   (3,3,32,0): -0.000954494, 0,
   (3,3,33,0): 0.00730837, 0,
   (3,3,34,0): -0.0042008, 0,
   (3,3,35,0): 0.00634234, 0,
   (3,3,36,0): -0.00231749, 0,
   (3,3,37,0): 0.00367481, 0,
   (3,3,38,0): -0.000745662, 0,
   (3,3,39,0): 0.00618078, 0
   }
}
}
