0.0785398163397	-0.00906754	-1.38551	0.0	0.0	0.0	0.0	0.00416905	-0.849284	-0.0165541	-1.38724	0.0	0.0	0.0	0.0	0.00396309	-0.850004	
0.235619449019	0.00364299	-0.897331	0.0	0.0	0.0	0.0	-0.00110158	-0.660518	-0.00777405	-0.906498	0.0	0.0	0.0	0.0	-0.00229984	-0.662395	
0.392699081699	0.00952938	-0.672024	0.0	0.0	0.0	0.0	0.00167495	-0.535825	0.00779654	-0.667862	0.0	0.0	0.0	0.0	-0.00147855	-0.535383	
0.549778714378	0.000572318	-0.538696	0.0	0.0	0.0	0.0	-0.00073029	-0.457356	-0.000188659	-0.5254	0.0	0.0	0.0	0.0	-0.00319789	-0.456742	
0.706858347058	0.00303944	-0.446319	0.0	0.0	0.0	0.0	0.00104737	-0.408803	0.00283669	-0.457234	0.0	0.0	0.0	0.0	-0.00221559	-0.40849	
0.863937979737	-0.0106541	-0.405012	0.0	0.0	0.0	0.0	-0.00075728	-0.368692	-0.00365534	-0.411481	0.0	0.0	0.0	0.0	0.000723609	-0.369305	
1.02101761242	-0.0040575	-0.369326	0.0	0.0	0.0	0.0	0.000610944	-0.338085	-0.00145519	-0.374904	0.0	0.0	0.0	0.0	0.000658264	-0.340228	
1.1780972451	-0.00350163	-0.335076	0.0	0.0	0.0	0.0	8.93719e-05	-0.318624	-0.00296939	-0.338094	0.0	0.0	0.0	0.0	-0.00170413	-0.321356	
1.33517687778	0.00834023	-0.31484	0.0	0.0	0.0	0.0	-0.00224928	-0.300625	-0.00346101	-0.316699	0.0	0.0	0.0	0.0	-0.00137501	-0.301991	
1.49225651046	0.00468217	-0.308639	0.0	0.0	0.0	0.0	0.000706035	-0.285169	0.00041635	-0.304859	0.0	0.0	0.0	0.0	0.00150692	-0.286273	
1.64933614313	-0.00260628	-0.285031	0.0	0.0	0.0	0.0	-0.00113056	-0.272668	0.000437981	-0.288981	0.0	0.0	0.0	0.0	0.000860307	-0.272068	
1.80641577581	0.00361352	-0.276041	0.0	0.0	0.0	0.0	-0.000355319	-0.264583	0.000765113	-0.267003	0.0	0.0	0.0	0.0	0.00206192	-0.263657	
1.96349540849	0.0107105	-0.259069	0.0	0.0	0.0	0.0	0.00119396	-0.254182	0.00273217	-0.262842	0.0	0.0	0.0	0.0	0.00296446	-0.253883	
2.12057504117	0.00445978	-0.249582	0.0	0.0	0.0	0.0	0.00128679	-0.247071	0.00424408	-0.252472	0.0	0.0	0.0	0.0	-0.00115268	-0.245363	
2.27765467385	0.00303901	-0.244993	0.0	0.0	0.0	0.0	0.00197529	-0.239927	0.00606424	-0.245174	0.0	0.0	0.0	0.0	0.000164005	-0.23838	
2.43473430653	0.00138082	-0.241315	0.0	0.0	0.0	0.0	0.000874468	-0.232302	0.00257736	-0.239832	0.0	0.0	0.0	0.0	0.000778565	-0.232239	
2.59181393921	-0.000946169	-0.236366	0.0	0.0	0.0	0.0	-5.91584e-05	-0.225428	-0.00204368	-0.234178	0.0	0.0	0.0	0.0	0.000111528	-0.226277	
2.74889357189	-0.00219909	-0.229863	0.0	0.0	0.0	0.0	0.00022352	-0.219812	-0.00410524	-0.22778	0.0	0.0	0.0	0.0	-0.000468715	-0.220315	
2.90597320457	-0.00184897	-0.222476	0.0	0.0	0.0	0.0	0.00118793	-0.21515	-0.00337037	-0.221048	0.0	0.0	0.0	0.0	-0.000502249	-0.21447	
3.06305283725	-0.000437492	-0.215007	0.0	0.0	0.0	0.0	0.00201095	-0.21091	-0.00121574	-0.214421	0.0	0.0	0.0	0.0	-0.000237032	-0.208898	
3.22013246993	0.00128605	-0.208007	0.0	0.0	0.0	0.0	0.00227523	-0.206701	0.00103763	-0.208148	0.0	0.0	0.0	0.0	2.04545e-06	-0.203682	
3.37721210261	0.00280593	-0.201729	0.0	0.0	0.0	0.0	0.00198296	-0.202337	0.00267422	-0.202317	0.0	0.0	0.0	0.0	6.27128e-05	-0.198825	
3.53429173529	0.00389861	-0.19621	0.0	0.0	0.0	0.0	0.00134569	-0.197796	0.0035094	-0.196929	0.0	0.0	0.0	0.0	-4.98639e-05	-0.194283	
3.69137136797	0.00454223	-0.191365	0.0	0.0	0.0	0.0	0.000605693	-0.193139	0.00365609	-0.191947	0.0	0.0	0.0	0.0	-0.000257734	-0.189996	
3.84845100065	0.00481384	-0.187064	0.0	0.0	0.0	0.0	-5.33799e-05	-0.188452	0.00333363	-0.187323	0.0	0.0	0.0	0.0	-0.000475766	-0.185907	
4.00553063333	0.0048192	-0.183173	0.0	0.0	0.0	0.0	-0.000528421	-0.183819	0.00275856	-0.183007	0.0	0.0	0.0	0.0	-0.000642634	-0.181973	
4.16261026601	0.00465617	-0.179579	0.0	0.0	0.0	0.0	-0.000784932	-0.179302	0.00209927	-0.178956	0.0	0.0	0.0	0.0	-0.000727303	-0.178163	
4.31968989869	0.00440094	-0.176192	0.0	0.0	0.0	0.0	-0.00083459	-0.174946	0.00146742	-0.175133	0.0	0.0	0.0	0.0	-0.000723678	-0.174456	
4.47676953137	0.00410649	-0.172949	0.0	0.0	0.0	0.0	-0.000714115	-0.170773	0.00092586	-0.171505	0.0	0.0	0.0	0.0	-0.000641847	-0.170843	
4.63384916404	0.00380625	-0.169806	0.0	0.0	0.0	0.0	-0.00046959	-0.166794	0.000501666	-0.168045	0.0	0.0	0.0	0.0	-0.000500075	-0.167317	
4.79092879672	0.00351916	-0.166734	0.0	0.0	0.0	0.0	-0.000146545	-0.163007	0.000198505	-0.164731	0.0	0.0	0.0	0.0	-0.000318983	-0.163878	
4.9480084294	0.00325435	-0.163719	0.0	0.0	0.0	0.0	0.000215345	-0.159405	6.45103e-06	-0.161545	0.0	0.0	0.0	0.0	-0.000117944	-0.160526	
5.10508806208	0.00301478	-0.16075	0.0	0.0	0.0	0.0	0.000584416	-0.155978	-9.10751e-05	-0.158474	0.0	0.0	0.0	0.0	8.6758e-05	-0.157262	
5.26216769476	0.00279988	-0.157826	0.0	0.0	0.0	0.0	0.000937241	-0.152713	-0.000112807	-0.155504	0.0	0.0	0.0	0.0	0.000282585	-0.154088	
5.41924732744	0.00260731	-0.154946	0.0	0.0	0.0	0.0	0.00125783	-0.149598	-7.69611e-05	-0.152627	0.0	0.0	0.0	0.0	0.00046067	-0.151002	
5.57632696012	0.00243402	-0.152113	0.0	0.0	0.0	0.0	0.00153637	-0.14662	1.67397e-07	-0.149835	0.0	0.0	0.0	0.0	0.00061538	-0.148007	
5.7334065928	0.00227693	-0.149328	0.0	0.0	0.0	0.0	0.00176793	-0.143768	0.000104797	-0.147123	0.0	0.0	0.0	0.0	0.000743718	-0.145102	
5.89048622548	0.0021332	-0.146596	0.0	0.0	0.0	0.0	0.00195117	-0.141031	0.000225761	-0.144485	0.0	0.0	0.0	0.0	0.000844719	-0.142286	
6.04756585816	0.00200044	-0.143918	0.0	0.0	0.0	0.0	0.00208733	-0.138399	0.000354333	-0.141918	0.0	0.0	0.0	0.0	0.000918898	-0.139557	
6.20464549084	0.00187668	-0.141297	0.0	0.0	0.0	0.0	0.00217932	-0.135865	0.000483933	-0.139418	0.0	0.0	0.0	0.0	0.000967779	-0.136913	
6.36172512352	0.00176038	-0.138735	0.0	0.0	0.0	0.0	0.00223111	-0.133421	0.00060978	-0.136984	0.0	0.0	0.0	0.0	0.000993528	-0.134353	
6.5188047562	0.00165036	-0.136232	0.0	0.0	0.0	0.0	0.00224718	-0.131061	0.000728556	-0.134612	0.0	0.0	0.0	0.0	0.000998661	-0.131875	
6.67588438888	0.00154575	-0.133791	0.0	0.0	0.0	0.0	0.00223221	-0.128779	0.000838102	-0.132301	0.0	0.0	0.0	0.0	0.000985833	-0.129475	
6.83296402156	0.0014459	-0.131412	0.0	0.0	0.0	0.0	0.0021908	-0.12657	0.00093715	-0.13005	0.0	0.0	0.0	0.0	0.000957689	-0.127151	
6.99004365424	0.00135036	-0.129094	0.0	0.0	0.0	0.0	0.00212731	-0.124431	0.00102511	-0.127856	0.0	0.0	0.0	0.0	0.000916764	-0.1249	
7.14712328692	0.00125882	-0.126837	0.0	0.0	0.0	0.0	0.00204579	-0.122356	0.00110187	-0.125718	0.0	0.0	0.0	0.0	0.000865415	-0.12272	
7.3042029196	0.00117106	-0.124641	0.0	0.0	0.0	0.0	0.00194988	-0.120343	0.0011677	-0.123635	0.0	0.0	0.0	0.0	0.00080579	-0.120609	
7.46128255228	0.00108691	-0.122504	0.0	0.0	0.0	0.0	0.00184284	-0.118389	0.00122307	-0.121606	0.0	0.0	0.0	0.0	0.000739806	-0.118562	
7.61836218496	0.00100627	-0.120426	0.0	0.0	0.0	0.0	0.00172753	-0.116491	0.00126865	-0.119628	0.0	0.0	0.0	0.0	0.000669154	-0.116579	
7.77544181763	0.000929056	-0.118405	0.0	0.0	0.0	0.0	0.00160642	-0.114646	0.00130516	-0.117701	0.0	0.0	0.0	0.0	0.000595301	-0.114656	
7.93252145031	0.000855204	-0.11644	0.0	0.0	0.0	0.0	0.00148162	-0.112852	0.00133338	-0.115824	0.0	0.0	0.0	0.0	0.000519506	-0.112791	
8.08960108299	0.000784654	-0.11453	0.0	0.0	0.0	0.0	0.00135493	-0.111107	0.00135411	-0.113995	0.0	0.0	0.0	0.0	0.000442834	-0.110982	
8.24668071567	0.000717345	-0.112674	0.0	0.0	0.0	0.0	0.00122784	-0.10941	0.00136811	-0.112213	0.0	0.0	0.0	0.0	0.000366178	-0.109226	
8.40376034835	0.000653217	-0.110868	0.0	0.0	0.0	0.0	0.0011016	-0.107757	0.00137614	-0.110477	0.0	0.0	0.0	0.0	0.000290275	-0.107521	
8.56083998103	0.000592203	-0.109113	0.0	0.0	0.0	0.0	0.000977209	-0.106149	0.00137888	-0.108785	0.0	0.0	0.0	0.0	0.000215726	-0.105866	
8.71791961371	0.00053423	-0.107407	0.0	0.0	0.0	0.0	0.000855485	-0.104582	0.001377	-0.107136	0.0	0.0	0.0	0.0	0.000143012	-0.104258	
8.87499924639	0.00047922	-0.105748	0.0	0.0	0.0	0.0	0.000737068	-0.103056	0.00137108	-0.10553	0.0	0.0	0.0	0.0	7.25112e-05	-0.102695	
9.03207887907	0.000427088	-0.104134	0.0	0.0	0.0	0.0	0.000622453	-0.101569	0.00136168	-0.103964	0.0	0.0	0.0	0.0	4.51185e-06	-0.101176	
9.18915851175	0.000377747	-0.102564	0.0	0.0	0.0	0.0	0.000512007	-0.10012	0.0013493	-0.102438	0.0	0.0	0.0	0.0	-6.07721e-05	-0.099699	
9.34623814443	0.000331101	-0.101036	0.0	0.0	0.0	0.0	0.000405996	-0.0987076	0.00133438	-0.10095	0.0	0.0	0.0	0.0	-0.000123191	-0.0982621	
9.50331777711	0.000287057	-0.0995502	0.0	0.0	0.0	0.0	0.000304594	-0.0973303	0.00131731	-0.0995002	0.0	0.0	0.0	0.0	-0.000182649	-0.096864	
9.66039740979	0.000245513	-0.0981037	0.0	0.0	0.0	0.0	0.000207902	-0.0959872	0.00129847	-0.0980863	0.0	0.0	0.0	0.0	-0.000239095	-0.0955031	
9.81747704247	0.000206371	-0.0966956	0.0	0.0	0.0	0.0	0.000115961	-0.094677	0.00127816	-0.0967075	0.0	0.0	0.0	0.0	-0.000292515	-0.0941781	
9.97455667515	0.000169529	-0.0953245	0.0	0.0	0.0	0.0	2.87627e-05	-0.0933988	0.00125666	-0.0953629	0.0	0.0	0.0	0.0	-0.000342923	-0.0928876	
10.1316363078	0.000134887	-0.0939891	0.0	0.0	0.0	0.0	-5.37428e-05	-0.0921515	0.00123423	-0.0940513	0.0	0.0	0.0	0.0	-0.000390359	-0.0916304	
10.2887159405	0.000102345	-0.0926884	0.0	0.0	0.0	0.0	-0.000131637	-0.090934	0.00121108	-0.0927718	0.0	0.0	0.0	0.0	-0.000434884	-0.0904051	
10.4457955732	7.1805e-05	-0.0914209	0.0	0.0	0.0	0.0	-0.000205026	-0.0897456	0.00118739	-0.0915234	0.0	0.0	0.0	0.0	-0.000476571	-0.0892108	
10.6028752059	4.317e-05	-0.0901857	0.0	0.0	0.0	0.0	-0.000274037	-0.0885852	0.00116334	-0.0903051	0.0	0.0	0.0	0.0	-0.000515506	-0.0880461	
10.7599548385	1.63459e-05	-0.0889815	0.0	0.0	0.0	0.0	-0.000338811	-0.0874519	0.00113906	-0.089116	0.0	0.0	0.0	0.0	-0.000551783	-0.0869102	
10.9170344712	-8.75897e-06	-0.0878074	0.0	0.0	0.0	0.0	-0.000399499	-0.086345	0.00111468	-0.0879553	0.0	0.0	0.0	0.0	-0.000585504	-0.085802	
11.0741141039	-3.22335e-05	-0.0866624	0.0	0.0	0.0	0.0	-0.000456259	-0.0852635	0.00109031	-0.0868219	0.0	0.0	0.0	0.0	-0.000616772	-0.0847204	
11.2311937366	-5.41634e-05	-0.0855453	0.0	0.0	0.0	0.0	-0.000509256	-0.0842068	0.00106603	-0.0857152	0.0	0.0	0.0	0.0	-0.000645695	-0.0836647	
11.3882733693	-7.46314e-05	-0.0844554	0.0	0.0	0.0	0.0	-0.000558654	-0.083174	0.00104193	-0.0846342	0.0	0.0	0.0	0.0	-0.000672381	-0.0826338	
11.5453530019	-9.3717e-05	-0.0833916	0.0	0.0	0.0	0.0	-0.000604619	-0.0821645	0.00101806	-0.0835783	0.0	0.0	0.0	0.0	-0.000696937	-0.081627	
11.7024326346	-0.000111496	-0.0823531	0.0	0.0	0.0	0.0	-0.000647315	-0.0811774	0.000994492	-0.0825465	0.0	0.0	0.0	0.0	-0.00071947	-0.0806435	
11.8595122673	-0.000128042	-0.0813392	0.0	0.0	0.0	0.0	-0.000686903	-0.0802122	0.000971262	-0.0815383	0.0	0.0	0.0	0.0	-0.000740085	-0.0796825	
12.0165919	-0.000143424	-0.0803488	0.0	0.0	0.0	0.0	-0.000723543	-0.0792682	0.000948409	-0.0805528	0.0	0.0	0.0	0.0	-0.000758883	-0.0787432	
12.1736715327	-0.000157707	-0.0793814	0.0	0.0	0.0	0.0	-0.000757389	-0.0783447	0.000925963	-0.0795894	0.0	0.0	0.0	0.0	-0.000775964	-0.077825	
12.3307511653	-0.000170957	-0.0784361	0.0	0.0	0.0	0.0	-0.000788589	-0.0774412	0.000903951	-0.0786474	0.0	0.0	0.0	0.0	-0.000791424	-0.0769271	
12.487830798	-0.000183231	-0.0775122	0.0	0.0	0.0	0.0	-0.000817289	-0.076557	0.000882389	-0.0777262	0.0	0.0	0.0	0.0	-0.000805356	-0.076049	
12.6449104307	-0.000194588	-0.0766091	0.0	0.0	0.0	0.0	-0.000843627	-0.0756916	0.000861293	-0.0768252	0.0	0.0	0.0	0.0	-0.000817848	-0.0751899	
12.8019900634	-0.000205081	-0.0757261	0.0	0.0	0.0	0.0	-0.000867737	-0.0748444	0.000840673	-0.0759436	0.0	0.0	0.0	0.0	-0.000828987	-0.0743493	
12.9590696961	-0.000214762	-0.0748625	0.0	0.0	0.0	0.0	-0.000889746	-0.0740149	0.000820535	-0.0750811	0.0	0.0	0.0	0.0	-0.000838853	-0.0735267	
13.1161493287	-0.000223678	-0.0740178	0.0	0.0	0.0	0.0	-0.000909777	-0.0732026	0.000800885	-0.0742369	0.0	0.0	0.0	0.0	-0.000847524	-0.0727214	
13.2732289614	-0.000231876	-0.0731913	0.0	0.0	0.0	0.0	-0.000927945	-0.072407	0.000781721	-0.0734106	0.0	0.0	0.0	0.0	-0.000855074	-0.071933	
13.4303085941	-0.000239399	-0.0723825	0.0	0.0	0.0	0.0	-0.000944363	-0.0716276	0.000763045	-0.0726017	0.0	0.0	0.0	0.0	-0.000861575	-0.0711609	
13.5873882268	-0.000246288	-0.0715909	0.0	0.0	0.0	0.0	-0.000959134	-0.070864	0.000744852	-0.0718095	0.0	0.0	0.0	0.0	-0.000867092	-0.0704046	
13.7444678595	-0.000252582	-0.0708159	0.0	0.0	0.0	0.0	-0.00097236	-0.0701157	0.000727139	-0.0710338	0.0	0.0	0.0	0.0	-0.000871689	-0.0696637	
13.9015474921	-0.000258316	-0.0700571	0.0	0.0	0.0	0.0	-0.000984135	-0.0693823	0.000709899	-0.0702739	0.0	0.0	0.0	0.0	-0.000875426	-0.0689378	
14.0586271248	-0.000263526	-0.0693139	0.0	0.0	0.0	0.0	-0.00099455	-0.0686633	0.000693127	-0.0695294	0.0	0.0	0.0	0.0	-0.00087836	-0.0682263	
14.2157067575	-0.000268244	-0.0685858	0.0	0.0	0.0	0.0	-0.00100369	-0.0679585	0.000676814	-0.0687999	0.0	0.0	0.0	0.0	-0.000880544	-0.0675289	
14.3727863902	-0.0002725	-0.0678726	0.0	0.0	0.0	0.0	-0.00101163	-0.0672673	0.000660951	-0.068085	0.0	0.0	0.0	0.0	-0.00088203	-0.0668452	
14.5298660229	-0.000276323	-0.0671736	0.0	0.0	0.0	0.0	-0.00101845	-0.0665895	0.00064553	-0.0673842	0.0	0.0	0.0	0.0	-0.000882864	-0.0661747	
14.6869456555	-0.00027974	-0.0664885	0.0	0.0	0.0	0.0	-0.00102423	-0.0659246	0.000630541	-0.0666972	0.0	0.0	0.0	0.0	-0.000883092	-0.0655172	
14.8440252882	-0.000282777	-0.0658169	0.0	0.0	0.0	0.0	-0.00102903	-0.0652723	0.000615975	-0.0660236	0.0	0.0	0.0	0.0	-0.000882757	-0.0648722	
15.0011049209	-0.000285458	-0.0651585	0.0	0.0	0.0	0.0	-0.00103291	-0.0646323	0.00060182	-0.065363	0.0	0.0	0.0	0.0	-0.000881898	-0.0642394	
15.1581845536	-0.000287806	-0.0645128	0.0	0.0	0.0	0.0	-0.00103593	-0.0640042	0.000588068	-0.064715	0.0	0.0	0.0	0.0	-0.000880553	-0.0636185	
15.3152641863	-0.000289841	-0.0638794	0.0	0.0	0.0	0.0	-0.00103816	-0.0633877	0.000574706	-0.0640793	0.0	0.0	0.0	0.0	-0.000878757	-0.0630091	
15.4723438189	-0.000291584	-0.0632581	0.0	0.0	0.0	0.0	-0.00103964	-0.0627826	0.000561726	-0.0634557	0.0	0.0	0.0	0.0	-0.000876543	-0.062411	
15.6294234516	-0.000293053	-0.0626486	0.0	0.0	0.0	0.0	-0.00104042	-0.0621885	0.000549117	-0.0628436	0.0	0.0	0.0	0.0	-0.000873943	-0.0618238	
15.7865030843	-0.000294267	-0.0620504	0.0	0.0	0.0	0.0	-0.00104056	-0.0616051	0.000536867	-0.062243	0.0	0.0	0.0	0.0	-0.000870986	-0.0612472	
15.943582717	-0.000295242	-0.0614633	0.0	0.0	0.0	0.0	-0.00104009	-0.0610322	0.000524968	-0.0616533	0.0	0.0	0.0	0.0	-0.000867699	-0.060681	
16.1006623496	-0.000295994	-0.060887	0.0	0.0	0.0	0.0	-0.00103907	-0.0604695	0.000513408	-0.0610744	0.0	0.0	0.0	0.0	-0.000864109	-0.0601249	
16.2577419823	-0.000296537	-0.0603211	0.0	0.0	0.0	0.0	-0.00103752	-0.0599168	0.000502178	-0.060506	0.0	0.0	0.0	0.0	-0.00086024	-0.0595787	
16.414821615	-0.000296886	-0.0597655	0.0	0.0	0.0	0.0	-0.00103549	-0.0593737	0.000491267	-0.0599478	0.0	0.0	0.0	0.0	-0.000856114	-0.059042	
16.5719012477	-0.000297053	-0.0592199	0.0	0.0	0.0	0.0	-0.001033	-0.0588401	0.000480667	-0.0593996	0.0	0.0	0.0	0.0	-0.000851752	-0.0585146	
16.7289808804	-0.00029705	-0.0586839	0.0	0.0	0.0	0.0	-0.0010301	-0.0583156	0.000470368	-0.058861	0.0	0.0	0.0	0.0	-0.000847175	-0.0579964	
16.886060513	-0.00029689	-0.0581574	0.0	0.0	0.0	0.0	-0.00102682	-0.0578002	0.00046036	-0.0583319	0.0	0.0	0.0	0.0	-0.000842402	-0.057487	
17.0431401457	-0.000296582	-0.05764	0.0	0.0	0.0	0.0	-0.00102318	-0.0572935	0.000450634	-0.0578119	0.0	0.0	0.0	0.0	-0.000837449	-0.0569863	
17.2002197784	-0.000296138	-0.0571317	0.0	0.0	0.0	0.0	-0.0010192	-0.0567954	0.000441182	-0.057301	0.0	0.0	0.0	0.0	-0.000832333	-0.056494	
17.3572994111	-0.000295567	-0.056632	0.0	0.0	0.0	0.0	-0.00101493	-0.0563056	0.000431996	-0.0567988	0.0	0.0	0.0	0.0	-0.000827071	-0.0560099	
17.5143790438	-0.000294877	-0.0561409	0.0	0.0	0.0	0.0	-0.00101037	-0.055824	0.000423066	-0.0563051	0.0	0.0	0.0	0.0	-0.000821675	-0.0555339	
17.6714586764	-0.000294077	-0.0556581	0.0	0.0	0.0	0.0	-0.00100555	-0.0553503	0.000414384	-0.0558198	0.0	0.0	0.0	0.0	-0.000816159	-0.0550657	
17.8285383091	-0.000293175	-0.0551834	0.0	0.0	0.0	0.0	-0.0010005	-0.0548843	0.000405944	-0.0553425	0.0	0.0	0.0	0.0	-0.000810537	-0.0546052	
17.9856179418	-0.000292179	-0.0547166	0.0	0.0	0.0	0.0	-0.000995229	-0.054426	0.000397736	-0.0548732	0.0	0.0	0.0	0.0	-0.00080482	-0.0541521	
18.1426975745	-0.000291096	-0.0542575	0.0	0.0	0.0	0.0	-0.00098976	-0.053975	0.000389754	-0.0544116	0.0	0.0	0.0	0.0	-0.000799018	-0.0537063	
18.2997772072	-0.000289931	-0.0538059	0.0	0.0	0.0	0.0	-0.000984109	-0.0535313	0.000381991	-0.0539576	0.0	0.0	0.0	0.0	-0.000793142	-0.0532677	
18.4568568398	-0.000288692	-0.0533617	0.0	0.0	0.0	0.0	-0.000978293	-0.0530946	0.000374439	-0.0535109	0.0	0.0	0.0	0.0	-0.000787202	-0.0528359	
18.6139364725	-0.000287384	-0.0529246	0.0	0.0	0.0	0.0	-0.000972327	-0.0526648	0.000367093	-0.0530715	0.0	0.0	0.0	0.0	-0.000781206	-0.052411	
18.7710161052	-0.000286013	-0.0524946	0.0	0.0	0.0	0.0	-0.000966226	-0.0522417	0.000359944	-0.052639	0.0	0.0	0.0	0.0	-0.000775164	-0.0519927	
18.9280957379	-0.000284583	-0.0520713	0.0	0.0	0.0	0.0	-0.000960002	-0.0518253	0.000352988	-0.0522135	0.0	0.0	0.0	0.0	-0.000769082	-0.0515809	
19.0851753706	-0.0002831	-0.0516548	0.0	0.0	0.0	0.0	-0.00095367	-0.0514152	0.000346217	-0.0517946	0.0	0.0	0.0	0.0	-0.000762968	-0.0511755	
19.2422550032	-0.000281567	-0.0512447	0.0	0.0	0.0	0.0	-0.000947239	-0.0510115	0.000339626	-0.0513823	0.0	0.0	0.0	0.0	-0.000756828	-0.0507762	
19.3993346359	-0.00027999	-0.050841	0.0	0.0	0.0	0.0	-0.000940722	-0.0506139	0.00033321	-0.0509764	0.0	0.0	0.0	0.0	-0.000750669	-0.050383	
19.5564142686	-0.000278372	-0.0504436	0.0	0.0	0.0	0.0	-0.000934128	-0.0502223	0.000326963	-0.0505767	0.0	0.0	0.0	0.0	-0.000744498	-0.0499957	
19.7134939013	-0.000276718	-0.0500522	0.0	0.0	0.0	0.0	-0.000927468	-0.0498367	0.000320879	-0.0501832	0.0	0.0	0.0	0.0	-0.000738318	-0.0496142	
19.870573534	-0.000275029	-0.0496668	0.0	0.0	0.0	0.0	-0.00092075	-0.0494567	0.000314953	-0.0497957	0.0	0.0	0.0	0.0	-0.000732136	-0.0492384	
20.0276531666	-0.000273311	-0.0492872	0.0	0.0	0.0	0.0	-0.000913982	-0.0490824	0.000309181	-0.0494139	0.0	0.0	0.0	0.0	-0.000725956	-0.0488681	
20.1847327993	-0.000271565	-0.0489133	0.0	0.0	0.0	0.0	-0.000907174	-0.0487136	0.000303557	-0.049038	0.0	0.0	0.0	0.0	-0.000719782	-0.0485033	
20.341812432	-0.000269795	-0.0485449	0.0	0.0	0.0	0.0	-0.000900331	-0.0483502	0.000298077	-0.0486676	0.0	0.0	0.0	0.0	-0.000713618	-0.0481437	
20.4988920647	-0.000268003	-0.048182	0.0	0.0	0.0	0.0	-0.000893461	-0.0479921	0.000292736	-0.0483027	0.0	0.0	0.0	0.0	-0.000707468	-0.0477893	
20.6559716974	-0.000266193	-0.0478244	0.0	0.0	0.0	0.0	-0.000886571	-0.0476392	0.000287531	-0.0479431	0.0	0.0	0.0	0.0	-0.000701336	-0.0474401	
20.81305133	-0.000264366	-0.0474721	0.0	0.0	0.0	0.0	-0.000879665	-0.0472913	0.000282456	-0.0475888	0.0	0.0	0.0	0.0	-0.000695225	-0.0470958	
20.9701309627	-0.000262524	-0.0471248	0.0	0.0	0.0	0.0	-0.000872751	-0.0469483	0.000277509	-0.0472396	0.0	0.0	0.0	0.0	-0.000689137	-0.0467564	
21.1272105954	-0.00026067	-0.0467825	0.0	0.0	0.0	0.0	-0.000865833	-0.0466102	0.000272684	-0.0468954	0.0	0.0	0.0	0.0	-0.000683076	-0.0464217	
21.2842902281	-0.000258806	-0.046445	0.0	0.0	0.0	0.0	-0.000858916	-0.0462769	0.000267979	-0.0465561	0.0	0.0	0.0	0.0	-0.000677044	-0.0460917	
21.4413698608	-0.000256933	-0.0461124	0.0	0.0	0.0	0.0	-0.000852004	-0.0459482	0.000263389	-0.0462217	0.0	0.0	0.0	0.0	-0.000671043	-0.0457663	
21.5984494934	-0.000255054	-0.0457844	0.0	0.0	0.0	0.0	-0.000845102	-0.045624	0.000258911	-0.0458919	0.0	0.0	0.0	0.0	-0.000665075	-0.0454454	
21.7555291261	-0.000253169	-0.045461	0.0	0.0	0.0	0.0	-0.000838213	-0.0453044	0.000254542	-0.0455668	0.0	0.0	0.0	0.0	-0.000659143	-0.0451289	
21.9126087588	-0.000251281	-0.0451421	0.0	0.0	0.0	0.0	-0.000831342	-0.0449891	0.000250278	-0.0452462	0.0	0.0	0.0	0.0	-0.000653247	-0.0448167	
22.0696883915	-0.00024939	-0.0448276	0.0	0.0	0.0	0.0	-0.000824491	-0.044678	0.000246117	-0.04493	0.0	0.0	0.0	0.0	-0.000647391	-0.0445087	
22.2267680241	-0.000247499	-0.0445174	0.0	0.0	0.0	0.0	-0.000817664	-0.0443712	0.000242055	-0.0446182	0.0	0.0	0.0	0.0	-0.000641574	-0.0442049	
22.3838476568	-0.000245608	-0.0442115	0.0	0.0	0.0	0.0	-0.000810863	-0.0440685	0.000238089	-0.0443106	0.0	0.0	0.0	0.0	-0.000635799	-0.0439051	
22.5409272895	-0.000243718	-0.0439096	0.0	0.0	0.0	0.0	-0.000804092	-0.0437699	0.000234216	-0.0440071	0.0	0.0	0.0	0.0	-0.000630066	-0.0436092	
22.6980069222	-0.00024183	-0.0436118	0.0	0.0	0.0	0.0	-0.000797352	-0.0434752	0.000230434	-0.0437078	0.0	0.0	0.0	0.0	-0.000624377	-0.0433173	
22.8550865549	-0.000239946	-0.043318	0.0	0.0	0.0	0.0	-0.000790647	-0.0431844	0.00022674	-0.0434124	0.0	0.0	0.0	0.0	-0.000618733	-0.0430292	
23.0121661875	-0.000238067	-0.0430281	0.0	0.0	0.0	0.0	-0.000783977	-0.0428973	0.000223132	-0.043121	0.0	0.0	0.0	0.0	-0.000613135	-0.0427449	
23.1692458202	-0.000236192	-0.042742	0.0	0.0	0.0	0.0	-0.000777345	-0.0426141	0.000219606	-0.0428334	0.0	0.0	0.0	0.0	-0.000607582	-0.0424642	
23.3263254529	-0.000234324	-0.0424596	0.0	0.0	0.0	0.0	-0.000770753	-0.0423345	0.000216161	-0.0425496	0.0	0.0	0.0	0.0	-0.000602077	-0.0421871	
23.4834050856	-0.000232462	-0.0421809	0.0	0.0	0.0	0.0	-0.000764202	-0.0420584	0.000212794	-0.0422695	0.0	0.0	0.0	0.0	-0.00059662	-0.0419136	
23.6404847183	-0.000230608	-0.0419059	0.0	0.0	0.0	0.0	-0.000757694	-0.0417859	0.000209503	-0.041993	0.0	0.0	0.0	0.0	-0.00059121	-0.0416436	
23.7975643509	-0.000228762	-0.0416343	0.0	0.0	0.0	0.0	-0.00075123	-0.0415169	0.000206286	-0.0417201	0.0	0.0	0.0	0.0	-0.000585849	-0.0413769	
23.9546439836	-0.000226925	-0.0413662	0.0	0.0	0.0	0.0	-0.000744812	-0.0412513	0.000203141	-0.0414507	0.0	0.0	0.0	0.0	-0.000580537	-0.0411136	
24.1117236163	-0.000225097	-0.0411015	0.0	0.0	0.0	0.0	-0.00073844	-0.040989	0.000200065	-0.0411847	0.0	0.0	0.0	0.0	-0.000575274	-0.0408536	
24.268803249	-0.000223278	-0.0408402	0.0	0.0	0.0	0.0	-0.000732115	-0.0407299	0.000197057	-0.040922	0.0	0.0	0.0	0.0	-0.000570061	-0.0405968	
24.4258828817	-0.00022147	-0.0405821	0.0	0.0	0.0	0.0	-0.000725839	-0.0404741	0.000194115	-0.0406627	0.0	0.0	0.0	0.0	-0.000564897	-0.0403432	
24.5829625143	-0.000219672	-0.0403272	0.0	0.0	0.0	0.0	-0.000719612	-0.0402214	0.000191237	-0.0404065	0.0	0.0	0.0	0.0	-0.000559784	-0.0400927	
24.740042147	-0.000217886	-0.0400755	0.0	0.0	0.0	0.0	-0.000713434	-0.0399718	0.000188421	-0.0401536	0.0	0.0	0.0	0.0	-0.00055472	-0.0398452	
24.8971217797	-0.00021611	-0.0398269	0.0	0.0	0.0	0.0	-0.000707308	-0.0397253	0.000185666	-0.0399038	0.0	0.0	0.0	0.0	-0.000549706	-0.0396008	
25.0542014124	-0.000214347	-0.0395813	0.0	0.0	0.0	0.0	-0.000701232	-0.0394818	0.00018297	-0.039657	0.0	0.0	0.0	0.0	-0.000544741	-0.0393592	
25.2112810451	-0.000212595	-0.0393387	0.0	0.0	0.0	0.0	-0.000695207	-0.0392411	0.000180331	-0.0394133	0.0	0.0	0.0	0.0	-0.000539827	-0.0391206	
25.3683606777	-0.000210856	-0.0390991	0.0	0.0	0.0	0.0	-0.000689234	-0.0390034	0.000177747	-0.0391725	0.0	0.0	0.0	0.0	-0.000534963	-0.0388848	
25.5254403104	-0.000209129	-0.0388623	0.0	0.0	0.0	0.0	-0.000683314	-0.0387685	0.000175218	-0.0389346	0.0	0.0	0.0	0.0	-0.000530148	-0.0386518	
25.6825199431	-0.000207414	-0.0386284	0.0	0.0	0.0	0.0	-0.000677446	-0.0385363	0.000172741	-0.0386996	0.0	0.0	0.0	0.0	-0.000525383	-0.0384215	
25.8395995758	-0.000205713	-0.0383972	0.0	0.0	0.0	0.0	-0.000671631	-0.0383069	0.000170316	-0.0384673	0.0	0.0	0.0	0.0	-0.000520667	-0.0381939	
25.9966792085	-0.000204025	-0.0381688	0.0	0.0	0.0	0.0	-0.000665868	-0.0380802	0.000167941	-0.0382378	0.0	0.0	0.0	0.0	-0.000516	-0.037969	
26.1537588411	-0.00020235	-0.037943	0.0	0.0	0.0	0.0	-0.000660159	-0.0378562	0.000165615	-0.038011	0.0	0.0	0.0	0.0	-0.000511382	-0.0377467	
26.3108384738	-0.000200688	-0.0377199	0.0	0.0	0.0	0.0	-0.000654502	-0.0376347	0.000163336	-0.0377869	0.0	0.0	0.0	0.0	-0.000506813	-0.0375269	
26.4679181065	-0.00019904	-0.0374993	0.0	0.0	0.0	0.0	-0.000648899	-0.0374157	0.000161103	-0.0375653	0.0	0.0	0.0	0.0	-0.000502293	-0.0373097	
26.6249977392	-0.000197405	-0.0372814	0.0	0.0	0.0	0.0	-0.000643348	-0.0371993	0.000158914	-0.0373464	0.0	0.0	0.0	0.0	-0.00049782	-0.0370949	
26.7820773719	-0.000195784	-0.0370659	0.0	0.0	0.0	0.0	-0.000637851	-0.0369853	0.00015677	-0.0371299	0.0	0.0	0.0	0.0	-0.000493396	-0.0368826	
26.9391570045	-0.000194177	-0.0368528	0.0	0.0	0.0	0.0	-0.000632407	-0.0367738	0.000154669	-0.0369159	0.0	0.0	0.0	0.0	-0.000489018	-0.0366726	
27.0962366372	-0.000192583	-0.0366422	0.0	0.0	0.0	0.0	-0.000627015	-0.0365646	0.000152609	-0.0367044	0.0	0.0	0.0	0.0	-0.000484689	-0.036465	
27.2533162699	-0.000191003	-0.036434	0.0	0.0	0.0	0.0	-0.000621676	-0.0363578	0.000150589	-0.0364953	0.0	0.0	0.0	0.0	-0.000480405	-0.0362597	
27.4103959026	-0.000189438	-0.0362281	0.0	0.0	0.0	0.0	-0.000616389	-0.0361533	0.000148609	-0.0362885	0.0	0.0	0.0	0.0	-0.000476169	-0.0360567	
27.5674755353	-0.000187886	-0.0360245	0.0	0.0	0.0	0.0	-0.000611155	-0.035951	0.000146667	-0.036084	0.0	0.0	0.0	0.0	-0.000471978	-0.0358559	
27.7245551679	-0.000186348	-0.0358232	0.0	0.0	0.0	0.0	-0.000605973	-0.035751	0.000144763	-0.0358818	0.0	0.0	0.0	0.0	-0.000467834	-0.0356573	
27.8816348006	-0.000184823	-0.035624	0.0	0.0	0.0	0.0	-0.000600843	-0.0355532	0.000142895	-0.0356818	0.0	0.0	0.0	0.0	-0.000463734	-0.0354609	
28.0387144333	-0.000183313	-0.0354271	0.0	0.0	0.0	0.0	-0.000595764	-0.0353575	0.000141063	-0.0354841	0.0	0.0	0.0	0.0	-0.00045968	-0.0352666	
28.195794066	-0.000181817	-0.0352323	0.0	0.0	0.0	0.0	-0.000590736	-0.0351639	0.000139266	-0.0352885	0.0	0.0	0.0	0.0	-0.00045567	-0.0350744	
28.3528736986	-0.000180334	-0.0350397	0.0	0.0	0.0	0.0	-0.00058576	-0.0349725	0.000137503	-0.035095	0.0	0.0	0.0	0.0	-0.000451704	-0.0348842	
28.5099533313	-0.000178865	-0.0348491	0.0	0.0	0.0	0.0	-0.000580834	-0.034783	0.000135773	-0.0349036	0.0	0.0	0.0	0.0	-0.000447782	-0.0346961	
28.667032964	-0.00017741	-0.0346606	0.0	0.0	0.0	0.0	-0.000575958	-0.0345956	0.000134075	-0.0347143	0.0	0.0	0.0	0.0	-0.000443904	-0.03451	
28.8241125967	-0.000175969	-0.0344741	0.0	0.0	0.0	0.0	-0.000571132	-0.0344102	0.000132409	-0.0345271	0.0	0.0	0.0	0.0	-0.000440068	-0.0343259	
28.9811922294	-0.000174541	-0.0342895	0.0	0.0	0.0	0.0	-0.000566356	-0.0342268	0.000130773	-0.0343418	0.0	0.0	0.0	0.0	-0.000436274	-0.0341437	
29.138271862	-0.000173127	-0.034107	0.0	0.0	0.0	0.0	-0.00056163	-0.0340453	0.000129167	-0.0341585	0.0	0.0	0.0	0.0	-0.000432523	-0.0339634	
29.2953514947	-0.000171727	-0.0339263	0.0	0.0	0.0	0.0	-0.000556952	-0.0338657	0.000127591	-0.0339771	0.0	0.0	0.0	0.0	-0.000428813	-0.0337849	
29.4524311274	-0.00017034	-0.0337475	0.0	0.0	0.0	0.0	-0.000552322	-0.0336879	0.000126043	-0.0337976	0.0	0.0	0.0	0.0	-0.000425145	-0.0336083	
29.6095107601	-0.000168966	-0.0335706	0.0	0.0	0.0	0.0	-0.000547741	-0.033512	0.000124524	-0.03362	0.0	0.0	0.0	0.0	-0.000421517	-0.0334336	
29.7665903928	-0.000167606	-0.0333956	0.0	0.0	0.0	0.0	-0.000543207	-0.0333379	0.000123031	-0.0334443	0.0	0.0	0.0	0.0	-0.000417929	-0.0332606	
29.9236700254	-0.000166259	-0.0332223	0.0	0.0	0.0	0.0	-0.000538721	-0.0331656	0.000121565	-0.0332704	0.0	0.0	0.0	0.0	-0.000414381	-0.0330894	
30.0807496581	-0.000164925	-0.0330508	0.0	0.0	0.0	0.0	-0.000534281	-0.0329951	0.000120125	-0.0330982	0.0	0.0	0.0	0.0	-0.000410873	-0.0329199	
30.2378292908	-0.000163605	-0.0328811	0.0	0.0	0.0	0.0	-0.000529888	-0.0328262	0.000118711	-0.0329279	0.0	0.0	0.0	0.0	-0.000407403	-0.0327522	
30.3949089235	-0.000162297	-0.0327131	0.0	0.0	0.0	0.0	-0.000525541	-0.0326591	0.000117321	-0.0327592	0.0	0.0	0.0	0.0	-0.000403972	-0.0325861	
30.5519885562	-0.000161002	-0.0325468	0.0	0.0	0.0	0.0	-0.000521239	-0.0324937	0.000115955	-0.0325923	0.0	0.0	0.0	0.0	-0.00040058	-0.0324217	
30.7090681888	-0.00015972	-0.0323822	0.0	0.0	0.0	0.0	-0.000516983	-0.0323299	0.000114614	-0.032427	0.0	0.0	0.0	0.0	-0.000397224	-0.0322589	
30.8661478215	-0.00015845	-0.0322192	0.0	0.0	0.0	0.0	-0.000512771	-0.0321677	0.000113295	-0.0322634	0.0	0.0	0.0	0.0	-0.000393907	-0.0320977	
31.0232274542	-0.000157194	-0.0320578	0.0	0.0	0.0	0.0	-0.000508604	-0.0320072	0.000111999	-0.0321015	0.0	0.0	0.0	0.0	-0.000390625	-0.0319382	
31.1803070869	-0.00015595	-0.0318981	0.0	0.0	0.0	0.0	-0.00050448	-0.0318482	0.000110725	-0.0319411	0.0	0.0	0.0	0.0	-0.000387381	-0.0317802	
31.3373867196	-0.000154718	-0.0317399	0.0	0.0	0.0	0.0	-0.0005004	-0.0316908	0.000109473	-0.0317824	0.0	0.0	0.0	0.0	-0.000384172	-0.0316237	
31.4944663522	-0.000153498	-0.0315832	0.0	0.0	0.0	0.0	-0.000496363	-0.031535	0.000108242	-0.0316252	0.0	0.0	0.0	0.0	-0.000380998	-0.0314687	
31.6515459849	-0.000152291	-0.0314281	0.0	0.0	0.0	0.0	-0.000492368	-0.0313806	0.000107032	-0.0314695	0.0	0.0	0.0	0.0	-0.00037786	-0.0313153	
31.8086256176	-0.000151096	-0.0312745	0.0	0.0	0.0	0.0	-0.000488415	-0.0312277	0.000105841	-0.0313154	0.0	0.0	0.0	0.0	-0.000374757	-0.0311633	
31.9657052503	-0.000149912	-0.0311224	0.0	0.0	0.0	0.0	-0.000484504	-0.0310764	0.000104671	-0.0311627	0.0	0.0	0.0	0.0	-0.000371687	-0.0310128	
32.122784883	-0.000148741	-0.0309718	0.0	0.0	0.0	0.0	-0.000480634	-0.0309264	0.00010352	-0.0310116	0.0	0.0	0.0	0.0	-0.000368652	-0.0308637	
32.2798645156	-0.000147581	-0.0308226	0.0	0.0	0.0	0.0	-0.000476805	-0.0307779	0.000102388	-0.0308619	0.0	0.0	0.0	0.0	-0.00036565	-0.030716	
32.4369441483	-0.000146433	-0.0306748	0.0	0.0	0.0	0.0	-0.000473017	-0.0306308	0.000101274	-0.0307136	0.0	0.0	0.0	0.0	-0.000362681	-0.0305698	
32.594023781	-0.000145297	-0.0305284	0.0	0.0	0.0	0.0	-0.000469268	-0.0304851	0.000100179	-0.0305667	0.0	0.0	0.0	0.0	-0.000359745	-0.0304249	
32.7511034137	-0.000144172	-0.0303835	0.0	0.0	0.0	0.0	-0.000465558	-0.0303408	9.91014e-05	-0.0304212	0.0	0.0	0.0	0.0	-0.000356841	-0.0302813	
32.9081830464	-0.000143058	-0.0302398	0.0	0.0	0.0	0.0	-0.000461888	-0.0301978	9.8041e-05	-0.0302771	0.0	0.0	0.0	0.0	-0.000353969	-0.0301391	
33.065262679	-0.000141956	-0.0300976	0.0	0.0	0.0	0.0	-0.000458256	-0.0300561	9.69977e-05	-0.0301343	0.0	0.0	0.0	0.0	-0.000351128	-0.0299982	
33.2223423117	-0.000140865	-0.0299566	0.0	0.0	0.0	0.0	-0.000454662	-0.0299158	9.5971e-05	-0.0299929	0.0	0.0	0.0	0.0	-0.000348318	-0.0298587	
33.3794219444	-0.000139784	-0.029817	0.0	0.0	0.0	0.0	-0.000451106	-0.0297767	9.49606e-05	-0.0298528	0.0	0.0	0.0	0.0	-0.000345539	-0.0297204	
33.5365015771	-0.000138715	-0.0296786	0.0	0.0	0.0	0.0	-0.000447587	-0.0296389	9.39661e-05	-0.029714	0.0	0.0	0.0	0.0	-0.00034279	-0.0295833	
33.6935812098	-0.000137656	-0.0295415	0.0	0.0	0.0	0.0	-0.000444105	-0.0295024	9.29873e-05	-0.0295765	0.0	0.0	0.0	0.0	-0.000340072	-0.0294475	
33.8506608424	-0.000136608	-0.0294057	0.0	0.0	0.0	0.0	-0.00044066	-0.0293672	9.20237e-05	-0.0294402	0.0	0.0	0.0	0.0	-0.000337382	-0.029313	
34.0077404751	-0.000135571	-0.0292711	0.0	0.0	0.0	0.0	-0.000437251	-0.0292331	9.10752e-05	-0.0293052	0.0	0.0	0.0	0.0	-0.000334722	-0.0291796	
34.1648201078	-0.000134544	-0.0291377	0.0	0.0	0.0	0.0	-0.000433877	-0.0291003	9.01413e-05	-0.0291714	0.0	0.0	0.0	0.0	-0.000332091	-0.0290475	
34.3218997405	-0.000133527	-0.0290056	0.0	0.0	0.0	0.0	-0.000430538	-0.0289687	8.92217e-05	-0.0290388	0.0	0.0	0.0	0.0	-0.000329488	-0.0289165	
34.4789793731	-0.000132521	-0.0288746	0.0	0.0	0.0	0.0	-0.000427235	-0.0288382	8.83163e-05	-0.0289074	0.0	0.0	0.0	0.0	-0.000326914	-0.0287867	
34.6360590058	-0.000131524	-0.0287448	0.0	0.0	0.0	0.0	-0.000423965	-0.0287089	8.74246e-05	-0.0287772	0.0	0.0	0.0	0.0	-0.000324367	-0.0286581	
34.7931386385	-0.000130538	-0.0286161	0.0	0.0	0.0	0.0	-0.00042073	-0.0285808	8.65465e-05	-0.0286482	0.0	0.0	0.0	0.0	-0.000321847	-0.0285306	
34.9502182712	-0.000129561	-0.0284886	0.0	0.0	0.0	0.0	-0.000417528	-0.0284538	8.56816e-05	-0.0285203	0.0	0.0	0.0	0.0	-0.000319355	-0.0284042	
35.1072979039	-0.000128595	-0.0283623	0.0	0.0	0.0	0.0	-0.00041436	-0.0283279	8.48297e-05	-0.0283935	0.0	0.0	0.0	0.0	-0.000316889	-0.0282789	
35.2643775365	-0.000127638	-0.028237	0.0	0.0	0.0	0.0	-0.000411224	-0.0282031	8.39905e-05	-0.0282678	0.0	0.0	0.0	0.0	-0.000314449	-0.0281547	
35.4214571692	-0.000126691	-0.0281128	0.0	0.0	0.0	0.0	-0.000408121	-0.0280794	8.31638e-05	-0.0281433	0.0	0.0	0.0	0.0	-0.000312036	-0.0280316	
35.5785368019	-0.000125753	-0.0279897	0.0	0.0	0.0	0.0	-0.00040505	-0.0279568	8.23493e-05	-0.0280198	0.0	0.0	0.0	0.0	-0.000309648	-0.0279096	
35.7356164346	-0.000124824	-0.0278677	0.0	0.0	0.0	0.0	-0.00040201	-0.0278352	8.15469e-05	-0.0278975	0.0	0.0	0.0	0.0	-0.000307286	-0.0277886	
35.8926960673	-0.000123905	-0.0277467	0.0	0.0	0.0	0.0	-0.000399002	-0.0277147	8.07561e-05	-0.0277761	0.0	0.0	0.0	0.0	-0.000304949	-0.0276687	
36.0497756999	-0.000122995	-0.0276268	0.0	0.0	0.0	0.0	-0.000396025	-0.0275952	7.99769e-05	-0.0276559	0.0	0.0	0.0	0.0	-0.000302637	-0.0275497	
36.2068553326	-0.000122094	-0.0275079	0.0	0.0	0.0	0.0	-0.000393078	-0.0274767	7.92091e-05	-0.0275366	0.0	0.0	0.0	0.0	-0.000300349	-0.0274318	
36.3639349653	-0.000121202	-0.02739	0.0	0.0	0.0	0.0	-0.000390161	-0.0273592	7.84523e-05	-0.0274184	0.0	0.0	0.0	0.0	-0.000298085	-0.0273149	
36.521014598	-0.000120319	-0.0272732	0.0	0.0	0.0	0.0	-0.000387275	-0.0272428	7.77064e-05	-0.0273012	0.0	0.0	0.0	0.0	-0.000295845	-0.027199	
36.6780942307	-0.000119444	-0.0271573	0.0	0.0	0.0	0.0	-0.000384418	-0.0271273	7.69711e-05	-0.027185	0.0	0.0	0.0	0.0	-0.000293628	-0.027084	
36.8351738633	-0.000118579	-0.0270424	0.0	0.0	0.0	0.0	-0.00038159	-0.0270128	7.62464e-05	-0.0270697	0.0	0.0	0.0	0.0	-0.000291435	-0.02697	
36.992253496	-0.000117722	-0.0269284	0.0	0.0	0.0	0.0	-0.00037879	-0.0268992	7.55319e-05	-0.0269555	0.0	0.0	0.0	0.0	-0.000289265	-0.026857	
37.1493331287	-0.000116873	-0.0268154	0.0	0.0	0.0	0.0	-0.00037602	-0.0267866	7.48274e-05	-0.0268422	0.0	0.0	0.0	0.0	-0.000287117	-0.0267449	
37.3064127614	-0.000116033	-0.0267034	0.0	0.0	0.0	0.0	-0.000373277	-0.0266749	7.41329e-05	-0.0267298	0.0	0.0	0.0	0.0	-0.000284992	-0.0266337	
37.4634923941	-0.000115201	-0.0265923	0.0	0.0	0.0	0.0	-0.000370562	-0.0265642	7.34481e-05	-0.0266184	0.0	0.0	0.0	0.0	-0.000282889	-0.0265234	
37.6205720267	-0.000114377	-0.026482	0.0	0.0	0.0	0.0	-0.000367874	-0.0264543	7.27728e-05	-0.0265079	0.0	0.0	0.0	0.0	-0.000280808	-0.026414	
37.7776516594	-0.000113561	-0.0263727	0.0	0.0	0.0	0.0	-0.000365214	-0.0263454	7.21069e-05	-0.0263983	0.0	0.0	0.0	0.0	-0.000278748	-0.0263056	
37.9347312921	-0.000112753	-0.0262643	0.0	0.0	0.0	0.0	-0.000362581	-0.0262373	7.14501e-05	-0.0262896	0.0	0.0	0.0	0.0	-0.000276709	-0.026198	
38.0918109248	-0.000111954	-0.0261568	0.0	0.0	0.0	0.0	-0.000359973	-0.0261301	7.08024e-05	-0.0261818	0.0	0.0	0.0	0.0	-0.000274692	-0.0260913	
38.2488905575	-0.000111162	-0.0260502	0.0	0.0	0.0	0.0	-0.000357392	-0.0260238	7.01635e-05	-0.0260748	0.0	0.0	0.0	0.0	-0.000272695	-0.0259854	
38.4059701901	-0.000110378	-0.0259444	0.0	0.0	0.0	0.0	-0.000354837	-0.0259184	6.95332e-05	-0.0259688	0.0	0.0	0.0	0.0	-0.000270719	-0.0258804	
38.5630498228	-0.000109601	-0.0258395	0.0	0.0	0.0	0.0	-0.000352308	-0.0258138	6.89116e-05	-0.0258636	0.0	0.0	0.0	0.0	-0.000268763	-0.0257762	
38.7201294555	-0.000108832	-0.0257354	0.0	0.0	0.0	0.0	-0.000349803	-0.02571	6.82983e-05	-0.0257592	0.0	0.0	0.0	0.0	-0.000266827	-0.0256729	
38.8772090882	-0.000108071	-0.0256321	0.0	0.0	0.0	0.0	-0.000347324	-0.0256071	6.76932e-05	-0.0256557	0.0	0.0	0.0	0.0	-0.00026491	-0.0255704	
39.0342887209	-0.000107316	-0.0255297	0.0	0.0	0.0	0.0	-0.000344869	-0.025505	6.70962e-05	-0.025553	0.0	0.0	0.0	0.0	-0.000263013	-0.0254687	
39.1913683535	-0.00010657	-0.0254281	0.0	0.0	0.0	0.0	-0.000342439	-0.0254036	6.65072e-05	-0.0254511	0.0	0.0	0.0	0.0	-0.000261135	-0.0253678	
39.3484479862	-0.00010583	-0.0253272	0.0	0.0	0.0	0.0	-0.000340032	-0.0253031	6.59259e-05	-0.02535	0.0	0.0	0.0	0.0	-0.000259277	-0.0252677	
39.5055276189	-0.000105098	-0.0252272	0.0	0.0	0.0	0.0	-0.000337649	-0.0252034	6.53523e-05	-0.0252497	0.0	0.0	0.0	0.0	-0.000257437	-0.0251683	
39.6626072516	-0.000104372	-0.025128	0.0	0.0	0.0	0.0	-0.00033529	-0.0251044	6.47862e-05	-0.0251502	0.0	0.0	0.0	0.0	-0.000255615	-0.0250698	
39.8196868843	-0.000103654	-0.0250295	0.0	0.0	0.0	0.0	-0.000332954	-0.0250063	6.42276e-05	-0.0250515	0.0	0.0	0.0	0.0	-0.000253812	-0.024972	
39.9767665169	-0.000102942	-0.0249318	0.0	0.0	0.0	0.0	-0.000330641	-0.0249088	6.36762e-05	-0.0249536	0.0	0.0	0.0	0.0	-0.000252027	-0.024875	
40.1338461496	-0.000102238	-0.0248349	0.0	0.0	0.0	0.0	-0.000328351	-0.0248122	6.31319e-05	-0.0248564	0.0	0.0	0.0	0.0	-0.00025026	-0.0247787	
40.2909257823	-0.00010154	-0.0247387	0.0	0.0	0.0	0.0	-0.000326082	-0.0247163	6.25947e-05	-0.02476	0.0	0.0	0.0	0.0	-0.00024851	-0.0246831	
40.448005415	-0.000100848	-0.0246432	0.0	0.0	0.0	0.0	-0.000323836	-0.0246211	6.20643e-05	-0.0246643	0.0	0.0	0.0	0.0	-0.000246778	-0.0245883	
40.6050850476	-0.000100164	-0.0245485	0.0	0.0	0.0	0.0	-0.000321612	-0.0245266	6.15408e-05	-0.0245694	0.0	0.0	0.0	0.0	-0.000245063	-0.0244942	
40.7621646803	-9.94855e-05	-0.0244545	0.0	0.0	0.0	0.0	-0.00031941	-0.0244329	6.10239e-05	-0.0244751	0.0	0.0	0.0	0.0	-0.000243365	-0.0244008	
40.919244313	-9.88137e-05	-0.0243612	0.0	0.0	0.0	0.0	-0.000317228	-0.0243398	6.05135e-05	-0.0243816	0.0	0.0	0.0	0.0	-0.000241683	-0.0243081	
41.0763239457	-9.81484e-05	-0.0242686	0.0	0.0	0.0	0.0	-0.000315068	-0.0242475	6.00096e-05	-0.0242888	0.0	0.0	0.0	0.0	-0.000240019	-0.0242162	
41.2334035784	-9.74893e-05	-0.0241768	0.0	0.0	0.0	0.0	-0.000312929	-0.0241559	5.9512e-05	-0.0241967	0.0	0.0	0.0	0.0	-0.00023837	-0.0241249	
41.390483211	-9.68364e-05	-0.0240856	0.0	0.0	0.0	0.0	-0.00031081	-0.0240649	5.90207e-05	-0.0241053	0.0	0.0	0.0	0.0	-0.000236738	-0.0240343	
41.5475628437	-9.61897e-05	-0.0239951	0.0	0.0	0.0	0.0	-0.000308711	-0.0239747	5.85355e-05	-0.0240146	0.0	0.0	0.0	0.0	-0.000235122	-0.0239443	
41.7046424764	-9.5549e-05	-0.0239052	0.0	0.0	0.0	0.0	-0.000306633	-0.0238851	5.80563e-05	-0.0239246	0.0	0.0	0.0	0.0	-0.000233521	-0.0238551	
41.8617221091	-9.49144e-05	-0.0238161	0.0	0.0	0.0	0.0	-0.000304574	-0.0237962	5.7583e-05	-0.0238352	0.0	0.0	0.0	0.0	-0.000231936	-0.0237665	
42.0188017418	-9.42857e-05	-0.0237276	0.0	0.0	0.0	0.0	-0.000302536	-0.0237079	5.71156e-05	-0.0237465	0.0	0.0	0.0	0.0	-0.000230367	-0.0236785	
42.1758813744	-9.36629e-05	-0.0236397	0.0	0.0	0.0	0.0	-0.000300516	-0.0236203	5.66539e-05	-0.0236585	0.0	0.0	0.0	0.0	-0.000228812	-0.0235912	
42.3329610071	-9.30459e-05	-0.0235525	0.0	0.0	0.0	0.0	-0.000298516	-0.0235333	5.61978e-05	-0.0235711	0.0	0.0	0.0	0.0	-0.000227273	-0.0235045	
42.4900406398	-9.24346e-05	-0.023466	0.0	0.0	0.0	0.0	-0.000296534	-0.0234469	5.57472e-05	-0.0234843	0.0	0.0	0.0	0.0	-0.000225748	-0.0234185	
42.6471202725	-9.1829e-05	-0.02338	0.0	0.0	0.0	0.0	-0.000294572	-0.0233612	5.53022e-05	-0.0233982	0.0	0.0	0.0	0.0	-0.000224238	-0.0233331	
42.8041999052	-9.12291e-05	-0.0232947	0.0	0.0	0.0	0.0	-0.000292627	-0.0232761	5.48625e-05	-0.0233127	0.0	0.0	0.0	0.0	-0.000222743	-0.0232483	
42.9612795378	-9.06346e-05	-0.0232101	0.0	0.0	0.0	0.0	-0.000290701	-0.0231917	5.4428e-05	-0.0232278	0.0	0.0	0.0	0.0	-0.000221262	-0.0231641	
43.1183591705	-9.00457e-05	-0.023126	0.0	0.0	0.0	0.0	-0.000288793	-0.0231078	5.39988e-05	-0.0231436	0.0	0.0	0.0	0.0	-0.000219795	-0.0230805	
43.2754388032	-8.94621e-05	-0.0230425	0.0	0.0	0.0	0.0	-0.000286903	-0.0230245	5.35747e-05	-0.0230599	0.0	0.0	0.0	0.0	-0.000218342	-0.0229975	
43.4325184359	-8.88839e-05	-0.0229596	0.0	0.0	0.0	0.0	-0.000285031	-0.0229419	5.31556e-05	-0.0229769	0.0	0.0	0.0	0.0	-0.000216903	-0.0229151	
43.5895980686	-8.83111e-05	-0.0228774	0.0	0.0	0.0	0.0	-0.000283176	-0.0228598	5.27414e-05	-0.0228944	0.0	0.0	0.0	0.0	-0.000215477	-0.0228333	
43.7466777012	-8.77434e-05	-0.0227957	0.0	0.0	0.0	0.0	-0.000281338	-0.0227783	5.23322e-05	-0.0228126	0.0	0.0	0.0	0.0	-0.000214065	-0.0227521	
43.9037573339	-8.7181e-05	-0.0227146	0.0	0.0	0.0	0.0	-0.000279518	-0.0226974	5.19277e-05	-0.0227313	0.0	0.0	0.0	0.0	-0.000212666	-0.0226715	
44.0608369666	-8.66237e-05	-0.022634	0.0	0.0	0.0	0.0	-0.000277714	-0.022617	5.1528e-05	-0.0226506	0.0	0.0	0.0	0.0	-0.00021128	-0.0225914	
44.2179165993	-8.60714e-05	-0.022554	0.0	0.0	0.0	0.0	-0.000275927	-0.0225372	5.11329e-05	-0.0225704	0.0	0.0	0.0	0.0	-0.000209908	-0.0225118	
44.374996232	-8.55241e-05	-0.0224746	0.0	0.0	0.0	0.0	-0.000274156	-0.022458	5.07424e-05	-0.0224909	0.0	0.0	0.0	0.0	-0.000208548	-0.0224329	
44.5320758646	-8.49818e-05	-0.0223958	0.0	0.0	0.0	0.0	-0.000272402	-0.0223793	5.03564e-05	-0.0224118	0.0	0.0	0.0	0.0	-0.000207201	-0.0223545	
44.6891554973	-8.44444e-05	-0.0223175	0.0	0.0	0.0	0.0	-0.000270663	-0.0223012	4.99748e-05	-0.0223334	0.0	0.0	0.0	0.0	-0.000205866	-0.0222766	
44.84623513	-8.39118e-05	-0.0222397	0.0	0.0	0.0	0.0	-0.000268941	-0.0222236	4.95976e-05	-0.0222555	0.0	0.0	0.0	0.0	-0.000204544	-0.0221992	
45.0033147627	-8.33841e-05	-0.0221625	0.0	0.0	0.0	0.0	-0.000267234	-0.0221466	4.92247e-05	-0.0221781	0.0	0.0	0.0	0.0	-0.000203234	-0.0221224	
45.1603943954	-8.2861e-05	-0.0220858	0.0	0.0	0.0	0.0	-0.000265543	-0.0220701	4.88561e-05	-0.0221013	0.0	0.0	0.0	0.0	-0.000201936	-0.0220462	
45.317474028	-8.23426e-05	-0.0220097	0.0	0.0	0.0	0.0	-0.000263867	-0.0219941	4.84916e-05	-0.0220249	0.0	0.0	0.0	0.0	-0.00020065	-0.0219704	
45.4745536607	-8.18289e-05	-0.021934	0.0	0.0	0.0	0.0	-0.000262206	-0.0219186	4.81312e-05	-0.0219492	0.0	0.0	0.0	0.0	-0.000199376	-0.0218952	
45.6316332934	-8.13197e-05	-0.0218589	0.0	0.0	0.0	0.0	-0.00026056	-0.0218436	4.77749e-05	-0.0218739	0.0	0.0	0.0	0.0	-0.000198113	-0.0218204	
45.7887129261	-8.08151e-05	-0.0217843	0.0	0.0	0.0	0.0	-0.00025893	-0.0217692	4.74225e-05	-0.0217991	0.0	0.0	0.0	0.0	-0.000196862	-0.0217462	
45.9457925588	-8.03149e-05	-0.0217102	0.0	0.0	0.0	0.0	-0.000257313	-0.0216952	4.70741e-05	-0.0217249	0.0	0.0	0.0	0.0	-0.000195623	-0.0216725	
46.1028721914	-7.98192e-05	-0.0216366	0.0	0.0	0.0	0.0	-0.000255712	-0.0216218	4.67296e-05	-0.0216511	0.0	0.0	0.0	0.0	-0.000194394	-0.0215993	
46.2599518241	-7.93278e-05	-0.0215635	0.0	0.0	0.0	0.0	-0.000254124	-0.0215488	4.63889e-05	-0.0215779	0.0	0.0	0.0	0.0	-0.000193177	-0.0215266	
46.4170314568	-7.88408e-05	-0.0214909	0.0	0.0	0.0	0.0	-0.000252551	-0.0214764	4.60519e-05	-0.0215051	0.0	0.0	0.0	0.0	-0.000191971	-0.0214543	
46.5741110895	-7.8358e-05	-0.0214187	0.0	0.0	0.0	0.0	-0.000250992	-0.0214044	4.57186e-05	-0.0214329	0.0	0.0	0.0	0.0	-0.000190776	-0.0213825	
46.7311907221	-7.78795e-05	-0.0213471	0.0	0.0	0.0	0.0	-0.000249447	-0.0213329	4.5389e-05	-0.0213611	0.0	0.0	0.0	0.0	-0.000189591	-0.0213113	
46.8882703548	-7.74052e-05	-0.0212759	0.0	0.0	0.0	0.0	-0.000247915	-0.0212619	4.50629e-05	-0.0212898	0.0	0.0	0.0	0.0	-0.000188418	-0.0212404	
47.0453499875	-7.6935e-05	-0.0212052	0.0	0.0	0.0	0.0	-0.000246397	-0.0211913	4.47405e-05	-0.021219	0.0	0.0	0.0	0.0	-0.000187254	-0.0211701	
47.2024296202	-7.64689e-05	-0.021135	0.0	0.0	0.0	0.0	-0.000244892	-0.0211212	4.44215e-05	-0.0211486	0.0	0.0	0.0	0.0	-0.000186101	-0.0211002	
47.3595092529	-7.60069e-05	-0.0210652	0.0	0.0	0.0	0.0	-0.000243401	-0.0210516	4.41059e-05	-0.0210787	0.0	0.0	0.0	0.0	-0.000184959	-0.0210308	
47.5165888855	-7.55488e-05	-0.0209959	0.0	0.0	0.0	0.0	-0.000241922	-0.0209824	4.37937e-05	-0.0210093	0.0	0.0	0.0	0.0	-0.000183826	-0.0209618	
47.6736685182	-7.50948e-05	-0.020927	0.0	0.0	0.0	0.0	-0.000240457	-0.0209137	4.34849e-05	-0.0209403	0.0	0.0	0.0	0.0	-0.000182704	-0.0208933	
47.8307481509	-7.46446e-05	-0.0208586	0.0	0.0	0.0	0.0	-0.000239004	-0.0208454	4.31793e-05	-0.0208717	0.0	0.0	0.0	0.0	-0.000181591	-0.0208252	
47.9878277836	-7.41984e-05	-0.0207907	0.0	0.0	0.0	0.0	-0.000237564	-0.0207776	4.2877e-05	-0.0208037	0.0	0.0	0.0	0.0	-0.000180489	-0.0207576	
48.1449074163	-7.37559e-05	-0.0207232	0.0	0.0	0.0	0.0	-0.000236137	-0.0207102	4.25779e-05	-0.020736	0.0	0.0	0.0	0.0	-0.000179396	-0.0206904	
48.3019870489	-7.33173e-05	-0.0206561	0.0	0.0	0.0	0.0	-0.000234722	-0.0206432	4.2282e-05	-0.0206688	0.0	0.0	0.0	0.0	-0.000178312	-0.0206236	
48.4590666816	-7.28824e-05	-0.0205894	0.0	0.0	0.0	0.0	-0.000233319	-0.0205767	4.19892e-05	-0.020602	0.0	0.0	0.0	0.0	-0.000177239	-0.0205572	
48.6161463143	-7.24512e-05	-0.0205232	0.0	0.0	0.0	0.0	-0.000231929	-0.0205106	4.16994e-05	-0.0205357	0.0	0.0	0.0	0.0	-0.000176174	-0.0204913	
48.773225947	-7.20237e-05	-0.0204574	0.0	0.0	0.0	0.0	-0.00023055	-0.0204449	4.14127e-05	-0.0204698	0.0	0.0	0.0	0.0	-0.000175119	-0.0204258	
48.9303055797	-7.15998e-05	-0.020392	0.0	0.0	0.0	0.0	-0.000229183	-0.0203797	4.11289e-05	-0.0204043	0.0	0.0	0.0	0.0	-0.000174073	-0.0203607	
49.0873852123	-7.11795e-05	-0.020327	0.0	0.0	0.0	0.0	-0.000227828	-0.0203148	4.08481e-05	-0.0203392	0.0	0.0	0.0	0.0	-0.000173036	-0.0202961	
49.244464845	-7.07628e-05	-0.0202625	0.0	0.0	0.0	0.0	-0.000226485	-0.0202504	4.05702e-05	-0.0202745	0.0	0.0	0.0	0.0	-0.000172008	-0.0202318	
49.4015444777	-7.03496e-05	-0.0201983	0.0	0.0	0.0	0.0	-0.000225153	-0.0201864	4.02951e-05	-0.0202103	0.0	0.0	0.0	0.0	-0.000170989	-0.0201679	
49.5586241104	-6.99399e-05	-0.0201346	0.0	0.0	0.0	0.0	-0.000223832	-0.0201227	4.00229e-05	-0.0201464	0.0	0.0	0.0	0.0	-0.000169979	-0.0201045	
49.7157037431	-6.95336e-05	-0.0200712	0.0	0.0	0.0	0.0	-0.000222522	-0.0200595	3.97534e-05	-0.020083	0.0	0.0	0.0	0.0	-0.000168977	-0.0200414	
49.8727833757	-6.91307e-05	-0.0200083	0.0	0.0	0.0	0.0	-0.000221224	-0.0199967	3.94867e-05	-0.0200199	0.0	0.0	0.0	0.0	-0.000167984	-0.0199787	
50.0298630084	-6.87312e-05	-0.0199457	0.0	0.0	0.0	0.0	-0.000219937	-0.0199342	3.92227e-05	-0.0199572	0.0	0.0	0.0	0.0	-0.000166999	-0.0199165	
50.1869426411	-6.8335e-05	-0.0198836	0.0	0.0	0.0	0.0	-0.00021866	-0.0198722	3.89613e-05	-0.019895	0.0	0.0	0.0	0.0	-0.000166023	-0.0198546	
50.3440222738	-6.79421e-05	-0.0198218	0.0	0.0	0.0	0.0	-0.000217394	-0.0198105	3.87026e-05	-0.0198331	0.0	0.0	0.0	0.0	-0.000165055	-0.0197931	
50.5011019065	-6.75525e-05	-0.0197604	0.0	0.0	0.0	0.0	-0.000216139	-0.0197492	3.84465e-05	-0.0197716	0.0	0.0	0.0	0.0	-0.000164096	-0.0197319	
50.6581815391	-6.71661e-05	-0.0196994	0.0	0.0	0.0	0.0	-0.000214894	-0.0196883	3.8193e-05	-0.0197105	0.0	0.0	0.0	0.0	-0.000163144	-0.0196712	
50.8152611718	-6.67829e-05	-0.0196387	0.0	0.0	0.0	0.0	-0.00021366	-0.0196277	3.7942e-05	-0.0196497	0.0	0.0	0.0	0.0	-0.000162201	-0.0196108	
50.9723408045	-6.64029e-05	-0.0195785	0.0	0.0	0.0	0.0	-0.000212436	-0.0195676	3.76934e-05	-0.0195894	0.0	0.0	0.0	0.0	-0.000161265	-0.0195508	
51.1294204372	-6.6026e-05	-0.0195185	0.0	0.0	0.0	0.0	-0.000211222	-0.0195078	3.74474e-05	-0.0195294	0.0	0.0	0.0	0.0	-0.000160338	-0.0194911	
51.2865000699	-6.56522e-05	-0.019459	0.0	0.0	0.0	0.0	-0.000210019	-0.0194483	3.72037e-05	-0.0194697	0.0	0.0	0.0	0.0	-0.000159418	-0.0194318	
51.4435797025	-6.52814e-05	-0.0193998	0.0	0.0	0.0	0.0	-0.000208825	-0.0193893	3.69625e-05	-0.0194105	0.0	0.0	0.0	0.0	-0.000158505	-0.0193729	
51.6006593352	-6.49137e-05	-0.019341	0.0	0.0	0.0	0.0	-0.000207641	-0.0193305	3.67236e-05	-0.0193515	0.0	0.0	0.0	0.0	-0.000157601	-0.0193143	
51.7577389679	-6.4549e-05	-0.0192825	0.0	0.0	0.0	0.0	-0.000206467	-0.0192722	3.64871e-05	-0.019293	0.0	0.0	0.0	0.0	-0.000156704	-0.0192561	
51.9148186006	-6.41872e-05	-0.0192244	0.0	0.0	0.0	0.0	-0.000205302	-0.0192141	3.62529e-05	-0.0192348	0.0	0.0	0.0	0.0	-0.000155814	-0.0191982	
52.0718982333	-6.38284e-05	-0.0191667	0.0	0.0	0.0	0.0	-0.000204147	-0.0191565	3.60209e-05	-0.0191769	0.0	0.0	0.0	0.0	-0.000154932	-0.0191407	
52.2289778659	-6.34725e-05	-0.0191092	0.0	0.0	0.0	0.0	-0.000203002	-0.0190991	3.57912e-05	-0.0191194	0.0	0.0	0.0	0.0	-0.000154057	-0.0190835	
52.3860574986	-6.31195e-05	-0.0190522	0.0	0.0	0.0	0.0	-0.000201866	-0.0190422	3.55637e-05	-0.0190622	0.0	0.0	0.0	0.0	-0.000153189	-0.0190266	
52.5431371313	-6.27693e-05	-0.0189954	0.0	0.0	0.0	0.0	-0.000200739	-0.0189855	3.53384e-05	-0.0190054	0.0	0.0	0.0	0.0	-0.000152329	-0.0189701	
52.700216764	-6.24219e-05	-0.018939	0.0	0.0	0.0	0.0	-0.000199621	-0.0189292	3.51152e-05	-0.0189489	0.0	0.0	0.0	0.0	-0.000151475	-0.0189139	
52.8572963966	-6.20774e-05	-0.018883	0.0	0.0	0.0	0.0	-0.000198512	-0.0188732	3.48942e-05	-0.0188928	0.0	0.0	0.0	0.0	-0.000150628	-0.0188581	
53.0143760293	-6.17355e-05	-0.0188272	0.0	0.0	0.0	0.0	-0.000197413	-0.0188176	3.46753e-05	-0.018837	0.0	0.0	0.0	0.0	-0.000149789	-0.0188026	
53.171455662	-6.13965e-05	-0.0187718	0.0	0.0	0.0	0.0	-0.000196322	-0.0187622	3.44585e-05	-0.0187815	0.0	0.0	0.0	0.0	-0.000148956	-0.0187474	
53.3285352947	-6.10601e-05	-0.0187167	0.0	0.0	0.0	0.0	-0.00019524	-0.0187072	3.42437e-05	-0.0187263	0.0	0.0	0.0	0.0	-0.00014813	-0.0186925	
53.4856149274	-6.07264e-05	-0.018662	0.0	0.0	0.0	0.0	-0.000194166	-0.0186526	3.40309e-05	-0.0186714	0.0	0.0	0.0	0.0	-0.00014731	-0.018638	
53.64269456	-6.03953e-05	-0.0186075	0.0	0.0	0.0	0.0	-0.000193102	-0.0185982	3.38202e-05	-0.0186169	0.0	0.0	0.0	0.0	-0.000146498	-0.0185837	
53.7997741927	-6.00669e-05	-0.0185534	0.0	0.0	0.0	0.0	-0.000192045	-0.0185442	3.36114e-05	-0.0185627	0.0	0.0	0.0	0.0	-0.000145691	-0.0185298	
53.9568538254	-5.9741e-05	-0.0184996	0.0	0.0	0.0	0.0	-0.000190997	-0.0184904	3.34045e-05	-0.0185088	0.0	0.0	0.0	0.0	-0.000144892	-0.0184762	
54.1139334581	-5.94178e-05	-0.0184461	0.0	0.0	0.0	0.0	-0.000189958	-0.018437	3.31996e-05	-0.0184552	0.0	0.0	0.0	0.0	-0.000144098	-0.0184229	
54.2710130908	-5.9097e-05	-0.0183929	0.0	0.0	0.0	0.0	-0.000188926	-0.0183839	3.29966e-05	-0.018402	0.0	0.0	0.0	0.0	-0.000143311	-0.0183699	
54.4280927234	-5.87788e-05	-0.01834	0.0	0.0	0.0	0.0	-0.000187903	-0.0183311	3.27954e-05	-0.018349	0.0	0.0	0.0	0.0	-0.000142531	-0.0183172	
54.5851723561	-5.84631e-05	-0.0182874	0.0	0.0	0.0	0.0	-0.000186888	-0.0182786	3.25962e-05	-0.0182963	0.0	0.0	0.0	0.0	-0.000141756	-0.0182648	
54.7422519888	-5.81498e-05	-0.0182351	0.0	0.0	0.0	0.0	-0.000185881	-0.0182263	3.23987e-05	-0.018244	0.0	0.0	0.0	0.0	-0.000140988	-0.0182127	
54.8993316215	-5.7839e-05	-0.0181831	0.0	0.0	0.0	0.0	-0.000184882	-0.0181744	3.22031e-05	-0.0181919	0.0	0.0	0.0	0.0	-0.000140226	-0.0181609	
55.0564112542	-5.75306e-05	-0.0181314	0.0	0.0	0.0	0.0	-0.000183891	-0.0181228	3.20092e-05	-0.0181401	0.0	0.0	0.0	0.0	-0.00013947	-0.0181094	
55.2134908868	-5.72246e-05	-0.01808	0.0	0.0	0.0	0.0	-0.000182907	-0.0180715	3.18171e-05	-0.0180887	0.0	0.0	0.0	0.0	-0.000138719	-0.0180582	
55.3705705195	-5.6921e-05	-0.0180289	0.0	0.0	0.0	0.0	-0.000181931	-0.0180204	3.16267e-05	-0.0180375	0.0	0.0	0.0	0.0	-0.000137975	-0.0180072	
55.5276501522	-5.66197e-05	-0.0179781	0.0	0.0	0.0	0.0	-0.000180963	-0.0179697	3.14381e-05	-0.0179866	0.0	0.0	0.0	0.0	-0.000137237	-0.0179566	
55.6847297849	-5.63208e-05	-0.0179275	0.0	0.0	0.0	0.0	-0.000180002	-0.0179192	3.12512e-05	-0.017936	0.0	0.0	0.0	0.0	-0.000136504	-0.0179062	
55.8418094176	-5.60241e-05	-0.0178773	0.0	0.0	0.0	0.0	-0.000179049	-0.017869	3.10659e-05	-0.0178856	0.0	0.0	0.0	0.0	-0.000135777	-0.0178561	
55.9988890502	-5.57297e-05	-0.0178273	0.0	0.0	0.0	0.0	-0.000178103	-0.0178191	3.08824e-05	-0.0178356	0.0	0.0	0.0	0.0	-0.000135056	-0.0178063	
56.1559686829	-5.54376e-05	-0.0177776	0.0	0.0	0.0	0.0	-0.000177165	-0.0177695	3.07004e-05	-0.0177858	0.0	0.0	0.0	0.0	-0.00013434	-0.0177568	
56.3130483156	-5.51477e-05	-0.0177282	0.0	0.0	0.0	0.0	-0.000176233	-0.0177201	3.05201e-05	-0.0177363	0.0	0.0	0.0	0.0	-0.00013363	-0.0177076	
56.4701279483	-5.486e-05	-0.017679	0.0	0.0	0.0	0.0	-0.000175309	-0.0176711	3.03414e-05	-0.0176871	0.0	0.0	0.0	0.0	-0.000132926	-0.0176586	
56.627207581	-5.45745e-05	-0.0176301	0.0	0.0	0.0	0.0	-0.000174392	-0.0176222	3.01642e-05	-0.0176382	0.0	0.0	0.0	0.0	-0.000132226	-0.0176099	
56.7842872136	-5.42911e-05	-0.0175815	0.0	0.0	0.0	0.0	-0.000173482	-0.0175737	2.99886e-05	-0.0175895	0.0	0.0	0.0	0.0	-0.000131533	-0.0175614	
56.9413668463	-5.401e-05	-0.0175332	0.0	0.0	0.0	0.0	-0.000172579	-0.0175254	2.98146e-05	-0.0175411	0.0	0.0	0.0	0.0	-0.000130844	-0.0175133	
57.098446479	-5.37309e-05	-0.0174851	0.0	0.0	0.0	0.0	-0.000171682	-0.0174774	2.96421e-05	-0.017493	0.0	0.0	0.0	0.0	-0.000130161	-0.0174653	
57.2555261117	-5.34539e-05	-0.0174373	0.0	0.0	0.0	0.0	-0.000170793	-0.0174297	2.94711e-05	-0.0174451	0.0	0.0	0.0	0.0	-0.000129483	-0.0174177	
57.4126057444	-5.31791e-05	-0.0173897	0.0	0.0	0.0	0.0	-0.00016991	-0.0173822	2.93016e-05	-0.0173975	0.0	0.0	0.0	0.0	-0.000128811	-0.0173703	
57.569685377	-5.29062e-05	-0.0173424	0.0	0.0	0.0	0.0	-0.000169034	-0.0173349	2.91336e-05	-0.0173501	0.0	0.0	0.0	0.0	-0.000128143	-0.0173232	
57.7267650097	-5.26355e-05	-0.0172954	0.0	0.0	0.0	0.0	-0.000168165	-0.017288	2.8967e-05	-0.017303	0.0	0.0	0.0	0.0	-0.00012748	-0.0172763	
57.8838446424	-5.23667e-05	-0.0172486	0.0	0.0	0.0	0.0	-0.000167302	-0.0172412	2.88019e-05	-0.0172562	0.0	0.0	0.0	0.0	-0.000126823	-0.0172296	
58.0409242751	-5.21e-05	-0.0172021	0.0	0.0	0.0	0.0	-0.000166445	-0.0171948	2.86381e-05	-0.0172096	0.0	0.0	0.0	0.0	-0.00012617	-0.0171833	
58.1980039078	-5.18352e-05	-0.0171558	0.0	0.0	0.0	0.0	-0.000165595	-0.0171485	2.84758e-05	-0.0171632	0.0	0.0	0.0	0.0	-0.000125523	-0.0171371	
58.3550835404	-5.15724e-05	-0.0171098	0.0	0.0	0.0	0.0	-0.000164752	-0.0171026	2.83149e-05	-0.0171171	0.0	0.0	0.0	0.0	-0.00012488	-0.0170912	
58.5121631731	-5.13116e-05	-0.017064	0.0	0.0	0.0	0.0	-0.000163914	-0.0170568	2.81554e-05	-0.0170713	0.0	0.0	0.0	0.0	-0.000124242	-0.0170456	
58.6692428058	-5.10527e-05	-0.0170184	0.0	0.0	0.0	0.0	-0.000163083	-0.0170113	2.79972e-05	-0.0170257	0.0	0.0	0.0	0.0	-0.000123609	-0.0170002	
58.8263224385	-5.07957e-05	-0.0169731	0.0	0.0	0.0	0.0	-0.000162258	-0.0169661	2.78404e-05	-0.0169803	0.0	0.0	0.0	0.0	-0.000122981	-0.016955	
58.9834020711	-5.05405e-05	-0.0169281	0.0	0.0	0.0	0.0	-0.00016144	-0.0169211	2.76849e-05	-0.0169352	0.0	0.0	0.0	0.0	-0.000122357	-0.0169101	
59.1404817038	-5.02873e-05	-0.0168832	0.0	0.0	0.0	0.0	-0.000160627	-0.0168763	2.75307e-05	-0.0168903	0.0	0.0	0.0	0.0	-0.000121738	-0.0168654	
59.2975613365	-5.00359e-05	-0.0168386	0.0	0.0	0.0	0.0	-0.00015982	-0.0168318	2.73778e-05	-0.0168457	0.0	0.0	0.0	0.0	-0.000121124	-0.016821	
59.4546409692	-4.97864e-05	-0.0167943	0.0	0.0	0.0	0.0	-0.000159019	-0.0167875	2.72261e-05	-0.0168013	0.0	0.0	0.0	0.0	-0.000120514	-0.0167768	
59.6117206019	-4.95386e-05	-0.0167502	0.0	0.0	0.0	0.0	-0.000158224	-0.0167434	2.70758e-05	-0.0167571	0.0	0.0	0.0	0.0	-0.000119909	-0.0167328	
59.7688002345	-4.92927e-05	-0.0167063	0.0	0.0	0.0	0.0	-0.000157435	-0.0166996	2.69267e-05	-0.0167132	0.0	0.0	0.0	0.0	-0.000119308	-0.016689	
59.9258798672	-4.90486e-05	-0.0166626	0.0	0.0	0.0	0.0	-0.000156652	-0.016656	2.67789e-05	-0.0166694	0.0	0.0	0.0	0.0	-0.000118711	-0.0166455	
60.0829594999	-4.88062e-05	-0.0166192	0.0	0.0	0.0	0.0	-0.000155874	-0.0166126	2.66322e-05	-0.016626	0.0	0.0	0.0	0.0	-0.000118119	-0.0166022	
60.2400391326	-4.85656e-05	-0.016576	0.0	0.0	0.0	0.0	-0.000155102	-0.0165694	2.64868e-05	-0.0165827	0.0	0.0	0.0	0.0	-0.000117531	-0.0165591	
60.3971187653	-4.83267e-05	-0.016533	0.0	0.0	0.0	0.0	-0.000154336	-0.0165265	2.63426e-05	-0.0165397	0.0	0.0	0.0	0.0	-0.000116948	-0.0165163	
60.5541983979	-4.80895e-05	-0.0164902	0.0	0.0	0.0	0.0	-0.000153575	-0.0164838	2.61996e-05	-0.0164968	0.0	0.0	0.0	0.0	-0.000116369	-0.0164736	
60.7112780306	-4.78541e-05	-0.0164477	0.0	0.0	0.0	0.0	-0.00015282	-0.0164413	2.60578e-05	-0.0164542	0.0	0.0	0.0	0.0	-0.000115794	-0.0164312	
60.8683576633	-4.76203e-05	-0.0164054	0.0	0.0	0.0	0.0	-0.00015207	-0.016399	2.59171e-05	-0.0164119	0.0	0.0	0.0	0.0	-0.000115223	-0.016389	
61.025437296	-4.73882e-05	-0.0163632	0.0	0.0	0.0	0.0	-0.000151325	-0.016357	2.57775e-05	-0.0163697	0.0	0.0	0.0	0.0	-0.000114657	-0.016347	
61.1825169287	-4.71578e-05	-0.0163214	0.0	0.0	0.0	0.0	-0.000150586	-0.0163151	2.56391e-05	-0.0163278	0.0	0.0	0.0	0.0	-0.000114094	-0.0163053	
61.3395965613	-4.6929e-05	-0.0162797	0.0	0.0	0.0	0.0	-0.000149852	-0.0162735	2.55018e-05	-0.0162861	0.0	0.0	0.0	0.0	-0.000113536	-0.0162637	
61.496676194	-4.67018e-05	-0.0162382	0.0	0.0	0.0	0.0	-0.000149124	-0.0162321	2.53657e-05	-0.0162445	0.0	0.0	0.0	0.0	-0.000112981	-0.0162224	
61.6537558267	-4.64763e-05	-0.016197	0.0	0.0	0.0	0.0	-0.000148401	-0.0161909	2.52306e-05	-0.0162032	0.0	0.0	0.0	0.0	-0.000112431	-0.0161812	
61.8108354594	-4.62523e-05	-0.0161559	0.0	0.0	0.0	0.0	-0.000147682	-0.0161499	2.50966e-05	-0.0161621	0.0	0.0	0.0	0.0	-0.000111884	-0.0161403	
61.9679150921	-4.60299e-05	-0.0161151	0.0	0.0	0.0	0.0	-0.000146969	-0.0161091	2.49637e-05	-0.0161213	0.0	0.0	0.0	0.0	-0.000111342	-0.0160996	
62.1249947247	-4.58091e-05	-0.0160744	0.0	0.0	0.0	0.0	-0.000146261	-0.0160685	2.48319e-05	-0.0160806	0.0	0.0	0.0	0.0	-0.000110803	-0.0160591	
62.2820743574	-4.55899e-05	-0.016034	0.0	0.0	0.0	0.0	-0.000145558	-0.0160281	2.47011e-05	-0.0160401	0.0	0.0	0.0	0.0	-0.000110268	-0.0160187	
62.4391539901	-4.53722e-05	-0.0159938	0.0	0.0	0.0	0.0	-0.00014486	-0.0159879	2.45713e-05	-0.0159998	0.0	0.0	0.0	0.0	-0.000109737	-0.0159786	
62.5962336228	-4.5156e-05	-0.0159538	0.0	0.0	0.0	0.0	-0.000144167	-0.0159479	2.44426e-05	-0.0159598	0.0	0.0	0.0	0.0	-0.000109209	-0.0159387	
62.7533132555	-4.49413e-05	-0.0159139	0.0	0.0	0.0	0.0	-0.000143479	-0.0159082	2.43149e-05	-0.0159199	0.0	0.0	0.0	0.0	-0.000108686	-0.015899	
62.9103928881	-4.47281e-05	-0.0158743	0.0	0.0	0.0	0.0	-0.000142795	-0.0158686	2.41882e-05	-0.0158802	0.0	0.0	0.0	0.0	-0.000108166	-0.0158595	
63.0674725208	-4.45164e-05	-0.0158349	0.0	0.0	0.0	0.0	-0.000142117	-0.0158292	2.40625e-05	-0.0158407	0.0	0.0	0.0	0.0	-0.00010765	-0.0158202	
63.2245521535	-4.43062e-05	-0.0157956	0.0	0.0	0.0	0.0	-0.000141443	-0.01579	2.39378e-05	-0.0158015	0.0	0.0	0.0	0.0	-0.000107137	-0.015781	
63.3816317862	-4.40974e-05	-0.0157566	0.0	0.0	0.0	0.0	-0.000140774	-0.015751	2.38141e-05	-0.0157624	0.0	0.0	0.0	0.0	-0.000106628	-0.0157421	
63.5387114189	-4.38901e-05	-0.0157177	0.0	0.0	0.0	0.0	-0.000140109	-0.0157122	2.36913e-05	-0.0157235	0.0	0.0	0.0	0.0	-0.000106123	-0.0157034	
63.6957910515	-4.36842e-05	-0.0156791	0.0	0.0	0.0	0.0	-0.000139449	-0.0156736	2.35695e-05	-0.0156848	0.0	0.0	0.0	0.0	-0.000105621	-0.0156648	
63.8528706842	-4.34797e-05	-0.0156406	0.0	0.0	0.0	0.0	-0.000138794	-0.0156351	2.34486e-05	-0.0156463	0.0	0.0	0.0	0.0	-0.000105122	-0.0156264	
64.0099503169	-4.32766e-05	-0.0156023	0.0	0.0	0.0	0.0	-0.000138143	-0.0155969	2.33287e-05	-0.0156079	0.0	0.0	0.0	0.0	-0.000104627	-0.0155883	
64.1670299496	-4.30749e-05	-0.0155642	0.0	0.0	0.0	0.0	-0.000137497	-0.0155588	2.32097e-05	-0.0155698	0.0	0.0	0.0	0.0	-0.000104136	-0.0155503	
64.3241095823	-4.28746e-05	-0.0155263	0.0	0.0	0.0	0.0	-0.000136855	-0.015521	2.30916e-05	-0.0155319	0.0	0.0	0.0	0.0	-0.000103648	-0.0155125	
64.4811892149	-4.26757e-05	-0.0154886	0.0	0.0	0.0	0.0	-0.000136217	-0.0154833	2.29744e-05	-0.0154941	0.0	0.0	0.0	0.0	-0.000103163	-0.0154748	
64.6382688476	-4.24781e-05	-0.015451	0.0	0.0	0.0	0.0	-0.000135584	-0.0154458	2.28581e-05	-0.0154565	0.0	0.0	0.0	0.0	-0.000102682	-0.0154374	
64.7953484803	-4.22819e-05	-0.0154137	0.0	0.0	0.0	0.0	-0.000134955	-0.0154085	2.27428e-05	-0.0154191	0.0	0.0	0.0	0.0	-0.000102204	-0.0154001	
64.952428113	-4.2087e-05	-0.0153765	0.0	0.0	0.0	0.0	-0.000134331	-0.0153713	2.26283e-05	-0.0153819	0.0	0.0	0.0	0.0	-0.000101729	-0.015363	
65.1095077456	-4.18934e-05	-0.0153395	0.0	0.0	0.0	0.0	-0.000133711	-0.0153343	2.25146e-05	-0.0153449	0.0	0.0	0.0	0.0	-0.000101257	-0.0153261	
65.2665873783	-4.17012e-05	-0.0153027	0.0	0.0	0.0	0.0	-0.000133095	-0.0152976	2.24018e-05	-0.015308	0.0	0.0	0.0	0.0	-0.000100789	-0.0152894	
65.423667011	-4.15102e-05	-0.015266	0.0	0.0	0.0	0.0	-0.000132483	-0.0152609	2.22899e-05	-0.0152713	0.0	0.0	0.0	0.0	-0.000100324	-0.0152528	
65.5807466437	-4.13205e-05	-0.0152295	0.0	0.0	0.0	0.0	-0.000131875	-0.0152245	2.21788e-05	-0.0152348	0.0	0.0	0.0	0.0	-9.98617e-05	-0.0152165	
65.7378262764	-4.11321e-05	-0.0151932	0.0	0.0	0.0	0.0	-0.000131272	-0.0151882	2.20686e-05	-0.0151985	0.0	0.0	0.0	0.0	-9.94029e-05	-0.0151803	
65.894905909	-4.09449e-05	-0.0151571	0.0	0.0	0.0	0.0	-0.000130672	-0.0151521	2.19592e-05	-0.0151623	0.0	0.0	0.0	0.0	-9.89472e-05	-0.0151442	
66.0519855417	-4.0759e-05	-0.0151212	0.0	0.0	0.0	0.0	-0.000130077	-0.0151162	2.18506e-05	-0.0151263	0.0	0.0	0.0	0.0	-9.84946e-05	-0.0151084	
66.2090651744	-4.05744e-05	-0.0150854	0.0	0.0	0.0	0.0	-0.000129485	-0.0150805	2.17428e-05	-0.0150905	0.0	0.0	0.0	0.0	-9.8045e-05	-0.0150727	
66.3661448071	-4.03909e-05	-0.0150497	0.0	0.0	0.0	0.0	-0.000128898	-0.0150449	2.16358e-05	-0.0150548	0.0	0.0	0.0	0.0	-9.75984e-05	-0.0150371	
66.5232244398	-4.02087e-05	-0.0150143	0.0	0.0	0.0	0.0	-0.000128314	-0.0150095	2.15296e-05	-0.0150193	0.0	0.0	0.0	0.0	-9.71549e-05	-0.0150018	
66.6803040724	-4.00277e-05	-0.014979	0.0	0.0	0.0	0.0	-0.000127734	-0.0149742	2.14242e-05	-0.014984	0.0	0.0	0.0	0.0	-9.67143e-05	-0.0149666	
66.8373837051	-3.98479e-05	-0.0149439	0.0	0.0	0.0	0.0	-0.000127158	-0.0149391	2.13196e-05	-0.0149489	0.0	0.0	0.0	0.0	-9.62767e-05	-0.0149315	
66.9944633378	-3.96693e-05	-0.0149089	0.0	0.0	0.0	0.0	-0.000126586	-0.0149042	2.12158e-05	-0.0149139	0.0	0.0	0.0	0.0	-9.5842e-05	-0.0148967	
67.1515429705	-3.94919e-05	-0.0148741	0.0	0.0	0.0	0.0	-0.000126018	-0.0148695	2.11127e-05	-0.014879	0.0	0.0	0.0	0.0	-9.54102e-05	-0.014862	
67.3086226032	-3.93156e-05	-0.0148395	0.0	0.0	0.0	0.0	-0.000125454	-0.0148349	2.10104e-05	-0.0148444	0.0	0.0	0.0	0.0	-9.49812e-05	-0.0148274	
67.4657022358	-3.91405e-05	-0.014805	0.0	0.0	0.0	0.0	-0.000124893	-0.0148004	2.09088e-05	-0.0148099	0.0	0.0	0.0	0.0	-9.45552e-05	-0.014793	
67.6227818685	-3.89666e-05	-0.0147707	0.0	0.0	0.0	0.0	-0.000124336	-0.0147661	2.0808e-05	-0.0147755	0.0	0.0	0.0	0.0	-9.41319e-05	-0.0147588	
67.7798615012	-3.87938e-05	-0.0147366	0.0	0.0	0.0	0.0	-0.000123783	-0.014732	2.07079e-05	-0.0147413	0.0	0.0	0.0	0.0	-9.37114e-05	-0.0147247	
67.9369411339	-3.86221e-05	-0.0147026	0.0	0.0	0.0	0.0	-0.000123233	-0.0146981	2.06085e-05	-0.0147073	0.0	0.0	0.0	0.0	-9.32937e-05	-0.0146908	
68.0940207666	-3.84515e-05	-0.0146687	0.0	0.0	0.0	0.0	-0.000122687	-0.0146643	2.05098e-05	-0.0146734	0.0	0.0	0.0	0.0	-9.28788e-05	-0.0146571	
68.2511003992	-3.8282e-05	-0.0146351	0.0	0.0	0.0	0.0	-0.000122144	-0.0146306	2.04119e-05	-0.0146397	0.0	0.0	0.0	0.0	-9.24666e-05	-0.0146235	
68.4081800319	-3.81137e-05	-0.0146015	0.0	0.0	0.0	0.0	-0.000121605	-0.0145971	2.03147e-05	-0.0146062	0.0	0.0	0.0	0.0	-9.20571e-05	-0.01459	
68.5652596646	-3.79464e-05	-0.0145682	0.0	0.0	0.0	0.0	-0.000121069	-0.0145638	2.02181e-05	-0.0145728	0.0	0.0	0.0	0.0	-9.16502e-05	-0.0145567	
68.7223392973	-3.77802e-05	-0.0145349	0.0	0.0	0.0	0.0	-0.000120537	-0.0145306	2.01223e-05	-0.0145395	0.0	0.0	0.0	0.0	-9.12461e-05	-0.0145236	
68.87941893	-3.76151e-05	-0.0145019	0.0	0.0	0.0	0.0	-0.000120009	-0.0144975	2.00271e-05	-0.0145064	0.0	0.0	0.0	0.0	-9.08445e-05	-0.0144906	
69.0364985626	-3.7451e-05	-0.0144689	0.0	0.0	0.0	0.0	-0.000119484	-0.0144646	1.99327e-05	-0.0144735	0.0	0.0	0.0	0.0	-9.04456e-05	-0.0144577	
69.1935781953	-3.7288e-05	-0.0144362	0.0	0.0	0.0	0.0	-0.000118962	-0.0144319	1.98389e-05	-0.0144406	0.0	0.0	0.0	0.0	-9.00492e-05	-0.014425	
69.350657828	-3.71261e-05	-0.0144035	0.0	0.0	0.0	0.0	-0.000118443	-0.0143993	1.97457e-05	-0.014408	0.0	0.0	0.0	0.0	-8.96555e-05	-0.0143925	
69.5077374607	-3.69651e-05	-0.0143711	0.0	0.0	0.0	0.0	-0.000117928	-0.0143668	1.96532e-05	-0.0143755	0.0	0.0	0.0	0.0	-8.92642e-05	-0.0143601	
69.6648170934	-3.68052e-05	-0.0143387	0.0	0.0	0.0	0.0	-0.000117417	-0.0143345	1.95614e-05	-0.0143431	0.0	0.0	0.0	0.0	-8.88755e-05	-0.0143278	
69.821896726	-3.66464e-05	-0.0143065	0.0	0.0	0.0	0.0	-0.000116908	-0.0143024	1.94702e-05	-0.0143109	0.0	0.0	0.0	0.0	-8.84893e-05	-0.0142957	
69.9789763587	-3.64885e-05	-0.0142745	0.0	0.0	0.0	0.0	-0.000116403	-0.0142704	1.93797e-05	-0.0142788	0.0	0.0	0.0	0.0	-8.81056e-05	-0.0142637	
70.1360559914	-3.63317e-05	-0.0142426	0.0	0.0	0.0	0.0	-0.000115901	-0.0142385	1.92898e-05	-0.0142469	0.0	0.0	0.0	0.0	-8.77243e-05	-0.0142319	
70.2931356241	-3.61758e-05	-0.0142108	0.0	0.0	0.0	0.0	-0.000115402	-0.0142068	1.92005e-05	-0.0142151	0.0	0.0	0.0	0.0	-8.73455e-05	-0.0142002	
70.4502152568	-3.60209e-05	-0.0141792	0.0	0.0	0.0	0.0	-0.000114906	-0.0141752	1.91119e-05	-0.0141835	0.0	0.0	0.0	0.0	-8.69691e-05	-0.0141687	
70.6072948894	-3.5867e-05	-0.0141477	0.0	0.0	0.0	0.0	-0.000114414	-0.0141437	1.90239e-05	-0.014152	0.0	0.0	0.0	0.0	-8.65951e-05	-0.0141373	
70.7643745221	-3.57141e-05	-0.0141164	0.0	0.0	0.0	0.0	-0.000113924	-0.0141124	1.89365e-05	-0.0141206	0.0	0.0	0.0	0.0	-8.62234e-05	-0.014106	
70.9214541548	-3.55621e-05	-0.0140852	0.0	0.0	0.0	0.0	-0.000113438	-0.0140812	1.88497e-05	-0.0140894	0.0	0.0	0.0	0.0	-8.58542e-05	-0.0140749	
71.0785337875	-3.54111e-05	-0.0140541	0.0	0.0	0.0	0.0	-0.000112955	-0.0140502	1.87635e-05	-0.0140583	0.0	0.0	0.0	0.0	-8.54872e-05	-0.0140439	
71.2356134201	-3.5261e-05	-0.0140232	0.0	0.0	0.0	0.0	-0.000112475	-0.0140193	1.86778e-05	-0.0140273	0.0	0.0	0.0	0.0	-8.51226e-05	-0.014013	
71.3926930528	-3.51119e-05	-0.0139924	0.0	0.0	0.0	0.0	-0.000111997	-0.0139885	1.85928e-05	-0.0139965	0.0	0.0	0.0	0.0	-8.47603e-05	-0.0139823	
71.5497726855	-3.49637e-05	-0.0139618	0.0	0.0	0.0	0.0	-0.000111523	-0.0139579	1.85084e-05	-0.0139658	0.0	0.0	0.0	0.0	-8.44003e-05	-0.0139517	
71.7068523182	-3.48164e-05	-0.0139313	0.0	0.0	0.0	0.0	-0.000111052	-0.0139274	1.84245e-05	-0.0139353	0.0	0.0	0.0	0.0	-8.40425e-05	-0.0139212	
71.8639319509	-3.467e-05	-0.0139009	0.0	0.0	0.0	0.0	-0.000110584	-0.013897	1.83412e-05	-0.0139049	0.0	0.0	0.0	0.0	-8.3687e-05	-0.0138909	
72.0210115835	-3.45246e-05	-0.0138706	0.0	0.0	0.0	0.0	-0.000110118	-0.0138668	1.82585e-05	-0.0138746	0.0	0.0	0.0	0.0	-8.33337e-05	-0.0138607	
72.1780912162	-3.438e-05	-0.0138405	0.0	0.0	0.0	0.0	-0.000109656	-0.0138367	1.81764e-05	-0.0138444	0.0	0.0	0.0	0.0	-8.29826e-05	-0.0138307	
72.3351708489	-3.42364e-05	-0.0138105	0.0	0.0	0.0	0.0	-0.000109196	-0.0138067	1.80948e-05	-0.0138144	0.0	0.0	0.0	0.0	-8.26337e-05	-0.0138007	
72.4922504816	-3.40936e-05	-0.0137806	0.0	0.0	0.0	0.0	-0.000108739	-0.0137769	1.80137e-05	-0.0137845	0.0	0.0	0.0	0.0	-8.22869e-05	-0.0137709	
72.6493301143	-3.39517e-05	-0.0137509	0.0	0.0	0.0	0.0	-0.000108285	-0.0137472	1.79332e-05	-0.0137548	0.0	0.0	0.0	0.0	-8.19424e-05	-0.0137413	
72.8064097469	-3.38107e-05	-0.0137213	0.0	0.0	0.0	0.0	-0.000107834	-0.0137176	1.78533e-05	-0.0137251	0.0	0.0	0.0	0.0	-8.15999e-05	-0.0137117	
72.9634893796	-3.36705e-05	-0.0136918	0.0	0.0	0.0	0.0	-0.000107386	-0.0136882	1.77739e-05	-0.0136956	0.0	0.0	0.0	0.0	-8.12596e-05	-0.0136823	
73.1205690123	-3.35312e-05	-0.0136624	0.0	0.0	0.0	0.0	-0.00010694	-0.0136588	1.7695e-05	-0.0136663	0.0	0.0	0.0	0.0	-8.09214e-05	-0.013653	
73.277648645	-3.33927e-05	-0.0136332	0.0	0.0	0.0	0.0	-0.000106497	-0.0136296	1.76166e-05	-0.013637	0.0	0.0	0.0	0.0	-8.05852e-05	-0.0136238	
73.4347282777	-3.32551e-05	-0.0136041	0.0	0.0	0.0	0.0	-0.000106057	-0.0136005	1.75388e-05	-0.0136079	0.0	0.0	0.0	0.0	-8.02511e-05	-0.0135948	
73.5918079103	-3.31184e-05	-0.0135751	0.0	0.0	0.0	0.0	-0.00010562	-0.0135716	1.74615e-05	-0.0135789	0.0	0.0	0.0	0.0	-7.99191e-05	-0.0135659	
73.748887543	-3.29824e-05	-0.0135463	0.0	0.0	0.0	0.0	-0.000105185	-0.0135427	1.73847e-05	-0.01355	0.0	0.0	0.0	0.0	-7.95891e-05	-0.0135371	
73.9059671757	-3.28473e-05	-0.0135175	0.0	0.0	0.0	0.0	-0.000104753	-0.013514	1.73084e-05	-0.0135212	0.0	0.0	0.0	0.0	-7.92611e-05	-0.0135084	
74.0630468084	-3.2713e-05	-0.0134889	0.0	0.0	0.0	0.0	-0.000104323	-0.0134854	1.72326e-05	-0.0134926	0.0	0.0	0.0	0.0	-7.89352e-05	-0.0134798	
74.2201264411	-3.25795e-05	-0.0134604	0.0	0.0	0.0	0.0	-0.000103896	-0.013457	1.71574e-05	-0.0134641	0.0	0.0	0.0	0.0	-7.86112e-05	-0.0134514	
74.3772060737	-3.24468e-05	-0.0134321	0.0	0.0	0.0	0.0	-0.000103472	-0.0134286	1.70826e-05	-0.0134357	0.0	0.0	0.0	0.0	-7.82892e-05	-0.0134231	
74.5342857064	-3.2315e-05	-0.0134038	0.0	0.0	0.0	0.0	-0.00010305	-0.0134004	1.70083e-05	-0.0134074	0.0	0.0	0.0	0.0	-7.79691e-05	-0.0133949	
74.6913653391	-3.21839e-05	-0.0133757	0.0	0.0	0.0	0.0	-0.000102631	-0.0133723	1.69345e-05	-0.0133792	0.0	0.0	0.0	0.0	-7.7651e-05	-0.0133668	
74.8484449718	-3.20536e-05	-0.0133477	0.0	0.0	0.0	0.0	-0.000102214	-0.0133443	1.68612e-05	-0.0133512	0.0	0.0	0.0	0.0	-7.73348e-05	-0.0133388	
75.0055246045	-3.1924e-05	-0.0133198	0.0	0.0	0.0	0.0	-0.0001018	-0.0133164	1.67883e-05	-0.0133233	0.0	0.0	0.0	0.0	-7.70205e-05	-0.013311	
75.1626042371	-3.17953e-05	-0.013292	0.0	0.0	0.0	0.0	-0.000101388	-0.0132886	1.6716e-05	-0.0132955	0.0	0.0	0.0	0.0	-7.67081e-05	-0.0132833	
75.3196838698	-3.16673e-05	-0.0132643	0.0	0.0	0.0	0.0	-0.000100979	-0.013261	1.66441e-05	-0.0132678	0.0	0.0	0.0	0.0	-7.63975e-05	-0.0132556	
75.4767635025	-3.15401e-05	-0.0132367	0.0	0.0	0.0	0.0	-0.000100572	-0.0132335	1.65726e-05	-0.0132402	0.0	0.0	0.0	0.0	-7.60889e-05	-0.0132281	
75.6338431352	-3.14136e-05	-0.0132093	0.0	0.0	0.0	0.0	-0.000100168	-0.013206	1.65017e-05	-0.0132128	0.0	0.0	0.0	0.0	-7.5782e-05	-0.0132008	
75.7909227679	-3.12879e-05	-0.013182	0.0	0.0	0.0	0.0	-9.97658e-05	-0.0131787	1.64312e-05	-0.0131854	0.0	0.0	0.0	0.0	-7.54771e-05	-0.0131735	
75.9480024005	-3.11629e-05	-0.0131548	0.0	0.0	0.0	0.0	-9.93662e-05	-0.0131515	1.63611e-05	-0.0131582	0.0	0.0	0.0	0.0	-7.51739e-05	-0.0131463	
76.1050820332	-3.10387e-05	-0.0131277	0.0	0.0	0.0	0.0	-9.8969e-05	-0.0131245	1.62915e-05	-0.0131311	0.0	0.0	0.0	0.0	-7.48725e-05	-0.0131193	
76.2621616659	-3.09152e-05	-0.0131007	0.0	0.0	0.0	0.0	-9.85741e-05	-0.0130975	1.62224e-05	-0.013104	0.0	0.0	0.0	0.0	-7.45729e-05	-0.0130923	
76.4192412986	-3.07924e-05	-0.0130738	0.0	0.0	0.0	0.0	-9.81816e-05	-0.0130706	1.61536e-05	-0.0130771	0.0	0.0	0.0	0.0	-7.42751e-05	-0.0130655	
76.5763209313	-3.06703e-05	-0.013047	0.0	0.0	0.0	0.0	-9.77913e-05	-0.0130439	1.60854e-05	-0.0130504	0.0	0.0	0.0	0.0	-7.39791e-05	-0.0130388	
76.7334005639	-3.0549e-05	-0.0130204	0.0	0.0	0.0	0.0	-9.74034e-05	-0.0130172	1.60175e-05	-0.0130237	0.0	0.0	0.0	0.0	-7.36848e-05	-0.0130122	
76.8904801966	-3.04283e-05	-0.0129938	0.0	0.0	0.0	0.0	-9.70177e-05	-0.0129907	1.59501e-05	-0.0129971	0.0	0.0	0.0	0.0	-7.33923e-05	-0.0129857	
77.0475598293	-3.03084e-05	-0.0129674	0.0	0.0	0.0	0.0	-9.66343e-05	-0.0129643	1.58831e-05	-0.0129706	0.0	0.0	0.0	0.0	-7.31014e-05	-0.0129593	
77.204639462	-3.01892e-05	-0.012941	0.0	0.0	0.0	0.0	-9.62532e-05	-0.012938	1.58166e-05	-0.0129443	0.0	0.0	0.0	0.0	-7.28123e-05	-0.012933	
77.3617190946	-3.00706e-05	-0.0129148	0.0	0.0	0.0	0.0	-9.58742e-05	-0.0129118	1.57505e-05	-0.012918	0.0	0.0	0.0	0.0	-7.25249e-05	-0.0129068	
77.5187987273	-2.99528e-05	-0.0128887	0.0	0.0	0.0	0.0	-9.54975e-05	-0.0128856	1.56847e-05	-0.0128919	0.0	0.0	0.0	0.0	-7.22391e-05	-0.0128807	
77.67587836	-2.98356e-05	-0.0128627	0.0	0.0	0.0	0.0	-9.5123e-05	-0.0128596	1.56194e-05	-0.0128659	0.0	0.0	0.0	0.0	-7.19551e-05	-0.0128548	
77.8329579927	-2.97191e-05	-0.0128368	0.0	0.0	0.0	0.0	-9.47506e-05	-0.0128338	1.55545e-05	-0.0128399	0.0	0.0	0.0	0.0	-7.16726e-05	-0.0128289	
77.9900376254	-2.96033e-05	-0.0128109	0.0	0.0	0.0	0.0	-9.43804e-05	-0.012808	1.54901e-05	-0.0128141	0.0	0.0	0.0	0.0	-7.13919e-05	-0.0128031	
78.147117258	-2.94882e-05	-0.0127852	0.0	0.0	0.0	0.0	-9.40124e-05	-0.0127823	1.5426e-05	-0.0127884	0.0	0.0	0.0	0.0	-7.11127e-05	-0.0127775	
78.3041968907	-2.93737e-05	-0.0127596	0.0	0.0	0.0	0.0	-9.36464e-05	-0.0127567	1.53623e-05	-0.0127627	0.0	0.0	0.0	0.0	-7.08352e-05	-0.0127519	
78.4612765234	-2.92599e-05	-0.0127341	0.0	0.0	0.0	0.0	-9.32826e-05	-0.0127312	1.5299e-05	-0.0127372	0.0	0.0	0.0	0.0	-7.05593e-05	-0.0127265	
