0.0785398	0.0101601	-1.67201	0	0	0	0	0.00337155	-0.94457	0.0101601	-1.67201	0	0	0	0	0.00337155	-0.94457	
0.235619	0.00579445	-1.28116	0	0	0	0	0.00353784	-0.84865	0.00579445	-1.28116	0	0	0	0	0.00353784	-0.84865	
0.392699	0.00377987	-1.05071	0	0	0	0	0.00217203	-0.76939	0.00377987	-1.05071	0	0	0	0	0.00217203	-0.76939	
0.549779	0.00977451	-0.906703	0	0	0	0	0.00262494	-0.703145	0.00977451	-0.906703	0	0	0	0	0.00262494	-0.703145	
0.706858	0.00427484	-0.795775	0	0	0	0	0.0006322	-0.646259	0.00427484	-0.795775	0	0	0	0	0.0006322	-0.646259	
0.863938	0.000619331	-0.710052	0	0	0	0	0.00234932	-0.597171	0.000619331	-0.710052	0	0	0	0	0.00234932	-0.597171	
1.02102	0.00201429	-0.648321	0	0	0	0	0.00124867	-0.553876	0.00201429	-0.648321	0	0	0	0	0.00124867	-0.553876	
1.1781	0.00153029	-0.585563	0	0	0	0	0.000775288	-0.516857	0.00153029	-0.585563	0	0	0	0	0.000775288	-0.516857	
1.33518	0.00110234	-0.53812	0	0	0	0	0.000441591	-0.482856	0.00110234	-0.53812	0	0	0	0	0.000441591	-0.482856	
1.49226	0.00121743	-0.506837	0	0	0	0	0.00106491	-0.453911	0.00121743	-0.506837	0	0	0	0	0.00106491	-0.453911	
1.64934	-0.00721544	-0.464431	0	0	0	0	-0.000497247	-0.428167	-0.00721544	-0.464431	0	0	0	0	-0.000497247	-0.428167	
1.80642	-0.00229851	-0.444197	0	0	0	0	0.000182279	-0.404313	-0.00229851	-0.444197	0	0	0	0	0.000182279	-0.404313	
1.9635	0.00324167	-0.420402	0	0	0	0	0.000628656	-0.384276	0.00324167	-0.420402	0	0	0	0	0.000628656	-0.384276	
2.12058	-0.00328367	-0.390514	0	0	0	0	-0.00175245	-0.362553	-0.00328367	-0.390514	0	0	0	0	-0.00175245	-0.362553	
2.27765	-0.00655816	-0.372577	0	0	0	0	-0.000577151	-0.345725	-0.00655816	-0.372577	0	0	0	0	-0.000577151	-0.345725	
2.43473	-0.00528327	-0.356251	0	0	0	0	9.70762e-05	-0.330723	-0.00528327	-0.356251	0	0	0	0	9.70762e-05	-0.330723	
2.59181	-0.00253075	-0.338847	0	0	0	0	-0.00018774	-0.31624	-0.00253075	-0.338847	0	0	0	0	-0.00018774	-0.31624	
2.74889	-0.000211693	-0.322547	0	0	0	0	-0.000554801	-0.302718	-0.000211693	-0.322547	0	0	0	0	-0.000554801	-0.302718	
2.90597	0.00113814	-0.308635	0	0	0	0	-0.000646529	-0.290538	0.00113814	-0.308635	0	0	0	0	-0.000646529	-0.290538	
3.06305	0.00162464	-0.296798	0	0	0	0	-0.000547811	-0.279619	0.00162464	-0.296798	0	0	0	0	-0.000547811	-0.279619	
3.22013	0.00151955	-0.286135	0	0	0	0	-0.000413509	-0.269654	0.00151955	-0.286135	0	0	0	0	-0.000413509	-0.269654	
3.37721	0.00107188	-0.275905	0	0	0	0	-0.000316978	-0.260353	0.00107188	-0.275905	0	0	0	0	-0.000316978	-0.260353	
3.53429	0.000463166	-0.265743	0	0	0	0	-0.000255184	-0.251523	0.000463166	-0.265743	0	0	0	0	-0.000255184	-0.251523	
3.69137	-0.000187444	-0.255591	0	0	0	0	-0.000193674	-0.243072	-0.000187444	-0.255591	0	0	0	0	-0.000193674	-0.243072	
3.84845	-0.000807363	-0.245555	0	0	0	0	-9.97841e-05	-0.234973	-0.000807363	-0.245555	0	0	0	0	-9.97841e-05	-0.234973	
4.00553	-0.00135606	-0.235801	0	0	0	0	4.36334e-05	-0.227229	-0.00135606	-0.235801	0	0	0	0	4.36334e-05	-0.227229	
4.16261	-0.00181421	-0.226479	0	0	0	0	0.0002375	-0.219856	-0.00181421	-0.226479	0	0	0	0	0.0002375	-0.219856	
4.31969	-0.00217602	-0.217698	0	0	0	0	0.000471277	-0.21286	-0.00217602	-0.217698	0	0	0	0	0.000471277	-0.21286	
4.47677	-0.00244407	-0.209517	0	0	0	0	0.000728699	-0.206247	-0.00244407	-0.209517	0	0	0	0	0.000728699	-0.206247	
4.63385	-0.00262578	-0.201958	0	0	0	0	0.000992363	-0.200006	-0.00262578	-0.201958	0	0	0	0	0.000992363	-0.200006	
4.79093	-0.00273107	-0.195005	0	0	0	0	0.00124667	-0.194126	-0.00273107	-0.195005	0	0	0	0	0.00124667	-0.194126	
4.94801	-0.00277079	-0.188628	0	0	0	0	0.00147926	-0.188586	-0.00277079	-0.188628	0	0	0	0	0.00147926	-0.188586	
5.10509	-0.0027558	-0.182778	0	0	0	0	0.00168149	-0.183366	-0.0027558	-0.182778	0	0	0	0	0.00168149	-0.183366	
5.26217	-0.00269634	-0.177407	0	0	0	0	0.00184817	-0.178441	-0.00269634	-0.177407	0	0	0	0	0.00184817	-0.178441	
5.41925	-0.00260172	-0.17246	0	0	0	0	0.00197705	-0.173789	-0.00260172	-0.17246	0	0	0	0	0.00197705	-0.173789	
5.57633	-0.00248015	-0.16789	0	0	0	0	0.00206821	-0.169388	-0.00248015	-0.16789	0	0	0	0	0.00206821	-0.169388	
5.73341	-0.00233871	-0.163649	0	0	0	0	0.00212336	-0.165218	-0.00233871	-0.163649	0	0	0	0	0.00212336	-0.165218	
5.89049	-0.00218342	-0.159696	0	0	0	0	0.00214533	-0.161259	-0.00218342	-0.159696	0	0	0	0	0.00214533	-0.161259	
6.04757	-0.00201927	-0.155997	0	0	0	0	0.00213762	-0.157493	-0.00201927	-0.155997	0	0	0	0	0.00213762	-0.157493	
6.20465	-0.00185036	-0.152518	0	0	0	0	0.00210402	-0.153906	-0.00185036	-0.152518	0	0	0	0	0.00210402	-0.153906	
6.36173	-0.00167999	-0.149234	0	0	0	0	0.00204842	-0.150483	-0.00167999	-0.149234	0	0	0	0	0.00204842	-0.150483	
6.5188	-0.00151078	-0.146122	0	0	0	0	0.00197453	-0.147212	-0.00151078	-0.146122	0	0	0	0	0.00197453	-0.147212	
6.67588	-0.00134476	-0.14316	0	0	0	0	0.00188588	-0.144081	-0.00134476	-0.14316	0	0	0	0	0.00188588	-0.144081	
6.83296	-0.00118349	-0.140334	0	0	0	0	0.00178565	-0.14108	-0.00118349	-0.140334	0	0	0	0	0.00178565	-0.14108	
6.99004	-0.00102809	-0.13763	0	0	0	0	0.00167671	-0.138201	-0.00102809	-0.13763	0	0	0	0	0.00167671	-0.138201	
7.14712	-0.000879392	-0.135035	0	0	0	0	0.00156156	-0.135435	-0.000879392	-0.135035	0	0	0	0	0.00156156	-0.135435	
7.3042	-0.000737921	-0.13254	0	0	0	0	0.0014424	-0.132776	-0.000737921	-0.13254	0	0	0	0	0.0014424	-0.132776	
7.46128	-0.000604004	-0.130137	0	0	0	0	0.00132106	-0.130216	-0.000604004	-0.130137	0	0	0	0	0.00132106	-0.130216	
7.61836	-0.000477783	-0.127817	0	0	0	0	0.00119912	-0.12775	-0.000477783	-0.127817	0	0	0	0	0.00119912	-0.12775	
7.77544	-0.000359276	-0.125576	0	0	0	0	0.00107786	-0.125371	-0.000359276	-0.125576	0	0	0	0	0.00107786	-0.125371	
7.93252	-0.00024839	-0.123408	0	0	0	0	0.000958339	-0.123077	-0.00024839	-0.123408	0	0	0	0	0.000958339	-0.123077	
8.0896	-0.000144953	-0.121308	0	0	0	0	0.000841414	-0.120862	-0.000144953	-0.121308	0	0	0	0	0.000841414	-0.120862	
8.24668	-4.8736e-05	-0.119272	0	0	0	0	0.000727756	-0.118721	-4.8736e-05	-0.119272	0	0	0	0	0.000727756	-0.118721	
8.40376	4.05348e-05	-0.117297	0	0	0	0	0.000617874	-0.116651	4.05348e-05	-0.117297	0	0	0	0	0.000617874	-0.116651	
8.56084	0.00012316	-0.11538	0	0	0	0	0.000512149	-0.114649	0.00012316	-0.11538	0	0	0	0	0.000512149	-0.114649	
8.71792	0.000199458	-0.113519	0	0	0	0	0.000410857	-0.112711	0.000199458	-0.113519	0	0	0	0	0.000410857	-0.112711	
8.875	0.000269759	-0.11171	0	0	0	0	0.000314174	-0.110835	0.000269759	-0.11171	0	0	0	0	0.000314174	-0.110835	
9.03208	0.000334393	-0.109951	0	0	0	0	0.000222197	-0.109017	0.000334393	-0.109951	0	0	0	0	0.000222197	-0.109017	
9.18916	0.00039369	-0.10824	0	0	0	0	0.000134963	-0.107255	0.00039369	-0.10824	0	0	0	0	0.000134963	-0.107255	
9.34624	0.000447974	-0.106576	0	0	0	0	5.24544e-05	-0.105546	0.000447974	-0.106576	0	0	0	0	5.24544e-05	-0.105546	
9.50332	0.000497556	-0.104956	0	0	0	0	-2.53858e-05	-0.103888	0.000497556	-0.104956	0	0	0	0	-2.53858e-05	-0.103888	
9.6604	0.000542746	-0.10338	0	0	0	0	-9.86506e-05	-0.102279	0.000542746	-0.10338	0	0	0	0	-9.86506e-05	-0.102279	
9.81748	0.000583833	-0.101844	0	0	0	0	-0.000167456	-0.100717	0.000583833	-0.101844	0	0	0	0	-0.000167456	-0.100717	
9.97456	0.000621087	-0.100348	0	0	0	0	-0.00023194	-0.0991995	0.000621087	-0.100348	0	0	0	0	-0.00023194	-0.0991995	
10.1316	0.000654786	-0.0988916	0	0	0	0	-0.00029225	-0.0977251	0.000654786	-0.0988916	0	0	0	0	-0.00029225	-0.0977251	
10.2887	0.000685168	-0.0974719	0	0	0	0	-0.000348556	-0.0962921	0.000685168	-0.0974719	0	0	0	0	-0.000348556	-0.0962921	
10.4458	0.000712475	-0.0960882	0	0	0	0	-0.000401014	-0.0948987	0.000712475	-0.0960882	0	0	0	0	-0.000401014	-0.0948987	
10.6029	0.000736928	-0.0947392	0	0	0	0	-0.000449805	-0.0935434	0.000736928	-0.0947392	0	0	0	0	-0.000449805	-0.0935434	
10.76	0.000758735	-0.0934238	0	0	0	0	-0.000495096	-0.0922246	0.000758735	-0.0934238	0	0	0	0	-0.000495096	-0.0922246	
10.917	0.000778091	-0.0921411	0	0	0	0	-0.000537063	-0.0909411	0.000778091	-0.0921411	0	0	0	0	-0.000537063	-0.0909411	
11.0741	0.00079518	-0.0908897	0	0	0	0	-0.000575872	-0.0896915	0.00079518	-0.0908897	0	0	0	0	-0.000575872	-0.0896915	
11.2312	0.000810171	-0.089669	0	0	0	0	-0.00061169	-0.0884745	0.000810171	-0.089669	0	0	0	0	-0.00061169	-0.0884745	
11.3883	0.000823227	-0.0884777	0	0	0	0	-0.000644687	-0.0872888	0.000823227	-0.0884777	0	0	0	0	-0.000644687	-0.0872888	
11.5454	0.000834489	-0.087315	0	0	0	0	-0.000675013	-0.0861335	0.000834489	-0.087315	0	0	0	0	-0.000675013	-0.0861335	
11.7024	0.000844106	-0.08618	0	0	0	0	-0.000702816	-0.0850072	0.000844106	-0.08618	0	0	0	0	-0.000702816	-0.0850072	
11.8595	0.000852199	-0.0850718	0	0	0	0	-0.000728254	-0.0839091	0.000852199	-0.0850718	0	0	0	0	-0.000728254	-0.0839091	
12.0166	0.000858895	-0.0839896	0	0	0	0	-0.00075146	-0.0828381	0.000858895	-0.0839896	0	0	0	0	-0.00075146	-0.0828381	
12.1737	0.000864296	-0.0829326	0	0	0	0	-0.000772564	-0.0817933	0.000864296	-0.0829326	0	0	0	0	-0.000772564	-0.0817933	
12.3308	0.000868508	-0.0819	0	0	0	0	-0.000791705	-0.0807736	0.000868508	-0.0819	0	0	0	0	-0.000791705	-0.0807736	
12.4878	0.000871631	-0.0808911	0	0	0	0	-0.00080899	-0.0797784	0.000871631	-0.0808911	0	0	0	0	-0.00080899	-0.0797784	
12.6449	0.000873757	-0.079905	0	0	0	0	-0.000824548	-0.0788067	0.000873757	-0.079905	0	0	0	0	-0.000824548	-0.0788067	
12.802	0.000874958	-0.0789412	0	0	0	0	-0.000838479	-0.0778578	0.000874958	-0.0789412	0	0	0	0	-0.000838479	-0.0778578	
12.9591	0.000875314	-0.077999	0	0	0	0	-0.00085089	-0.0769308	0.000875314	-0.077999	0	0	0	0	-0.00085089	-0.0769308	
13.1161	0.000874899	-0.0770777	0	0	0	0	-0.000861878	-0.0760251	0.000874899	-0.0770777	0	0	0	0	-0.000861878	-0.0760251	
13.2732	0.000873782	-0.0761767	0	0	0	0	-0.000871537	-0.07514	0.000873782	-0.0761767	0	0	0	0	-0.000871537	-0.07514	
13.4303	0.000872012	-0.0752953	0	0	0	0	-0.000879956	-0.0742748	0.000872012	-0.0752953	0	0	0	0	-0.000879956	-0.0742748	
13.5874	0.000869659	-0.0744331	0	0	0	0	-0.000887216	-0.0734287	0.000869659	-0.0744331	0	0	0	0	-0.000887216	-0.0734287	
13.7445	0.000866764	-0.0735894	0	0	0	0	-0.000893387	-0.0726014	0.000866764	-0.0735894	0	0	0	0	-0.000893387	-0.0726014	
13.9015	0.000863382	-0.0727637	0	0	0	0	-0.000898556	-0.0717921	0.000863382	-0.0727637	0	0	0	0	-0.000898556	-0.0717921	
14.0586	0.000859555	-0.0719554	0	0	0	0	-0.000902779	-0.0710002	0.000859555	-0.0719554	0	0	0	0	-0.000902779	-0.0710002	
14.2157	0.000855324	-0.0711642	0	0	0	0	-0.000906129	-0.0702253	0.000855324	-0.0711642	0	0	0	0	-0.000906129	-0.0702253	
14.3728	0.000850732	-0.0703893	0	0	0	0	-0.000908666	-0.0694668	0.000850732	-0.0703893	0	0	0	0	-0.000908666	-0.0694668	
14.5299	0.000845808	-0.0696305	0	0	0	0	-0.00091044	-0.0687241	0.000845808	-0.0696305	0	0	0	0	-0.00091044	-0.0687241	
14.6869	0.000840583	-0.0688871	0	0	0	0	-0.000911515	-0.067997	0.000840583	-0.0688871	0	0	0	0	-0.000911515	-0.067997	
14.844	0.000835094	-0.0681589	0	0	0	0	-0.000911933	-0.0672847	0.000835094	-0.0681589	0	0	0	0	-0.000911933	-0.0672847	
15.0011	0.00082937	-0.0674454	0	0	0	0	-0.000911742	-0.066587	0.00082937	-0.0674454	0	0	0	0	-0.000911742	-0.066587	
15.1582	0.000823426	-0.0667461	0	0	0	0	-0.00091099	-0.0659034	0.000823426	-0.0667461	0	0	0	0	-0.00091099	-0.0659034	
15.3153	0.000817297	-0.0660606	0	0	0	0	-0.000909714	-0.0652334	0.000817297	-0.0660606	0	0	0	0	-0.000909714	-0.0652334	
15.4723	0.000810998	-0.0653887	0	0	0	0	-0.000907958	-0.0645768	0.000810998	-0.0653887	0	0	0	0	-0.000907958	-0.0645768	
15.6294	0.000804558	-0.0647298	0	0	0	0	-0.00090575	-0.063933	0.000804558	-0.0647298	0	0	0	0	-0.00090575	-0.063933	
15.7865	0.000797983	-0.0640837	0	0	0	0	-0.000903137	-0.0633018	0.000797983	-0.0640837	0	0	0	0	-0.000903137	-0.0633018	
15.9436	0.000791298	-0.06345	0	0	0	0	-0.000900142	-0.0626827	0.000791298	-0.06345	0	0	0	0	-0.000900142	-0.0626827	
16.1007	0.00078452	-0.0628284	0	0	0	0	-0.000896795	-0.0620755	0.00078452	-0.0628284	0	0	0	0	-0.000896795	-0.0620755	
16.2577	0.000777661	-0.0622184	0	0	0	0	-0.000893122	-0.0614797	0.000777661	-0.0622184	0	0	0	0	-0.000893122	-0.0614797	
16.4148	0.000770731	-0.0616199	0	0	0	0	-0.000889157	-0.0608951	0.000770731	-0.0616199	0	0	0	0	-0.000889157	-0.0608951	
16.5719	0.000763753	-0.0610325	0	0	0	0	-0.000884916	-0.0603214	0.000763753	-0.0610325	0	0	0	0	-0.000884916	-0.0603214	
16.729	0.000756726	-0.060456	0	0	0	0	-0.000880432	-0.0597584	0.000756726	-0.060456	0	0	0	0	-0.000880432	-0.0597584	
16.8861	0.000749667	-0.0598899	0	0	0	0	-0.000875719	-0.0592056	0.000749667	-0.0598899	0	0	0	0	-0.000875719	-0.0592056	
17.0431	0.000742588	-0.0593342	0	0	0	0	-0.000870794	-0.0586628	0.000742588	-0.0593342	0	0	0	0	-0.000870794	-0.0586628	
17.2002	0.000735495	-0.0587885	0	0	0	0	-0.000865684	-0.0581297	0.000735495	-0.0587885	0	0	0	0	-0.000865684	-0.0581297	
17.3573	0.000728395	-0.0582524	0	0	0	0	-0.000860403	-0.0576062	0.000728395	-0.0582524	0	0	0	0	-0.000860403	-0.0576062	
17.5144	0.000721293	-0.0577259	0	0	0	0	-0.000854966	-0.057092	0.000721293	-0.0577259	0	0	0	0	-0.000854966	-0.057092	
17.6715	0.000714201	-0.0572086	0	0	0	0	-0.000849389	-0.0565867	0.000714201	-0.0572086	0	0	0	0	-0.000849389	-0.0565867	
17.8285	0.000707127	-0.0567004	0	0	0	0	-0.000843684	-0.0560902	0.000707127	-0.0567004	0	0	0	0	-0.000843684	-0.0560902	
17.9856	0.000700071	-0.056201	0	0	0	0	-0.000837871	-0.0556023	0.000700071	-0.056201	0	0	0	0	-0.000837871	-0.0556023	
18.1427	0.000693039	-0.0557101	0	0	0	0	-0.00083196	-0.0551227	0.000693039	-0.0557101	0	0	0	0	-0.00083196	-0.0551227	
18.2998	0.00068604	-0.0552276	0	0	0	0	-0.000825956	-0.0546513	0.00068604	-0.0552276	0	0	0	0	-0.000825956	-0.0546513	
18.4569	0.000679074	-0.0547532	0	0	0	0	-0.000819874	-0.0541878	0.000679074	-0.0547532	0	0	0	0	-0.000819874	-0.0541878	
18.6139	0.000672146	-0.0542868	0	0	0	0	-0.000813728	-0.053732	0.000672146	-0.0542868	0	0	0	0	-0.000813728	-0.053732	
18.771	0.000665261	-0.0538282	0	0	0	0	-0.000807528	-0.0532838	0.000665261	-0.0538282	0	0	0	0	-0.000807528	-0.0532838	
18.9281	0.00065842	-0.0533771	0	0	0	0	-0.000801271	-0.0528429	0.00065842	-0.0533771	0	0	0	0	-0.000801271	-0.0528429	
19.0852	0.000651628	-0.0529335	0	0	0	0	-0.000794978	-0.0524092	0.000651628	-0.0529335	0	0	0	0	-0.000794978	-0.0524092	
19.2423	0.000644887	-0.052497	0	0	0	0	-0.000788651	-0.0519825	0.000644887	-0.052497	0	0	0	0	-0.000788651	-0.0519825	
19.3993	0.000638199	-0.0520677	0	0	0	0	-0.000782299	-0.0515627	0.000638199	-0.0520677	0	0	0	0	-0.000782299	-0.0515627	
19.5564	0.000631566	-0.0516452	0	0	0	0	-0.000775924	-0.0511495	0.000631566	-0.0516452	0	0	0	0	-0.000775924	-0.0511495	
19.7135	0.00062499	-0.0512294	0	0	0	0	-0.000769539	-0.0507429	0.00062499	-0.0512294	0	0	0	0	-0.000769539	-0.0507429	
19.8706	0.000618473	-0.0508202	0	0	0	0	-0.000763143	-0.0503426	0.000618473	-0.0508202	0	0	0	0	-0.000763143	-0.0503426	
20.0277	0.000612015	-0.0504174	0	0	0	0	-0.000756748	-0.0499486	0.000612015	-0.0504174	0	0	0	0	-0.000756748	-0.0499486	
20.1847	0.000605619	-0.0500209	0	0	0	0	-0.000750351	-0.0495607	0.000605619	-0.0500209	0	0	0	0	-0.000750351	-0.0495607	
20.3418	0.000599285	-0.0496305	0	0	0	0	-0.000743965	-0.0491787	0.000599285	-0.0496305	0	0	0	0	-0.000743965	-0.0491787	
20.4989	0.000593016	-0.0492461	0	0	0	0	-0.000737587	-0.0488025	0.000593016	-0.0492461	0	0	0	0	-0.000737587	-0.0488025	
20.656	0.00058681	-0.0488676	0	0	0	0	-0.000731228	-0.048432	0.00058681	-0.0488676	0	0	0	0	-0.000731228	-0.048432	
20.8131	0.000580668	-0.0484947	0	0	0	0	-0.000724886	-0.0480671	0.000580668	-0.0484947	0	0	0	0	-0.000724886	-0.0480671	
20.9701	0.000574592	-0.0481276	0	0	0	0	-0.000718563	-0.0477075	0.000574592	-0.0481276	0	0	0	0	-0.000718563	-0.0477075	
21.1272	0.000568582	-0.0477658	0	0	0	0	-0.000712265	-0.0473533	0.000568582	-0.0477658	0	0	0	0	-0.000712265	-0.0473533	
21.2843	0.000562638	-0.0474094	0	0	0	0	-0.000705998	-0.0470044	0.000562638	-0.0474094	0	0	0	0	-0.000705998	-0.0470044	
21.4414	0.00055676	-0.0470584	0	0	0	0	-0.00069976	-0.0466604	0.00055676	-0.0470584	0	0	0	0	-0.00069976	-0.0466604	
21.5984	0.000550948	-0.0467123	0	0	0	0	-0.000693552	-0.0463215	0.000550948	-0.0467123	0	0	0	0	-0.000693552	-0.0463215	
21.7555	0.000545203	-0.0463713	0	0	0	0	-0.000687385	-0.0459874	0.000545203	-0.0463713	0	0	0	0	-0.000687385	-0.0459874	
21.9126	0.000539524	-0.0460352	0	0	0	0	-0.00068125	-0.0456581	0.000539524	-0.0460352	0	0	0	0	-0.00068125	-0.0456581	
22.0697	0.000533912	-0.045704	0	0	0	0	-0.000675154	-0.0453335	0.000533912	-0.045704	0	0	0	0	-0.000675154	-0.0453335	
22.2268	0.000528365	-0.0453774	0	0	0	0	-0.000669098	-0.0450133	0.000528365	-0.0453774	0	0	0	0	-0.000669098	-0.0450133	
22.3838	0.000522886	-0.0450555	0	0	0	0	-0.000663087	-0.0446978	0.000522886	-0.0450555	0	0	0	0	-0.000663087	-0.0446978	
22.5409	0.000517471	-0.044738	0	0	0	0	-0.000657113	-0.0443865	0.000517471	-0.044738	0	0	0	0	-0.000657113	-0.0443865	
22.698	0.000512122	-0.044425	0	0	0	0	-0.000651192	-0.0440796	0.000512122	-0.044425	0	0	0	0	-0.000651192	-0.0440796	
22.8551	0.000506838	-0.0441164	0	0	0	0	-0.00064531	-0.0437768	0.000506838	-0.0441164	0	0	0	0	-0.00064531	-0.0437768	
23.0122	0.000501618	-0.0438119	0	0	0	0	-0.000639476	-0.0434782	0.000501618	-0.0438119	0	0	0	0	-0.000639476	-0.0434782	
23.1692	0.000496463	-0.0435116	0	0	0	0	-0.000633688	-0.0431836	0.000496463	-0.0435116	0	0	0	0	-0.000633688	-0.0431836	
23.3263	0.000491371	-0.0432154	0	0	0	0	-0.000627951	-0.0428929	0.000491371	-0.0432154	0	0	0	0	-0.000627951	-0.0428929	
23.4834	0.000486343	-0.0429232	0	0	0	0	-0.000622263	-0.0426062	0.000486343	-0.0429232	0	0	0	0	-0.000622263	-0.0426062	
23.6405	0.000481377	-0.0426349	0	0	0	0	-0.000616624	-0.0423232	0.000481377	-0.0426349	0	0	0	0	-0.000616624	-0.0423232	
23.7976	0.000476473	-0.0423504	0	0	0	0	-0.000611034	-0.0420439	0.000476473	-0.0423504	0	0	0	0	-0.000611034	-0.0420439	
23.9546	0.000471631	-0.0420697	0	0	0	0	-0.000605495	-0.0417684	0.000471631	-0.0420697	0	0	0	0	-0.000605495	-0.0417684	
24.1117	0.000466851	-0.0417926	0	0	0	0	-0.000600006	-0.0414963	0.000466851	-0.0417926	0	0	0	0	-0.000600006	-0.0414963	
24.2688	0.00046213	-0.0415192	0	0	0	0	-0.000594569	-0.0412278	0.00046213	-0.0415192	0	0	0	0	-0.000594569	-0.0412278	
24.4259	0.000457469	-0.0412494	0	0	0	0	-0.000589183	-0.0409628	0.000457469	-0.0412494	0	0	0	0	-0.000589183	-0.0409628	
24.583	0.000452868	-0.040983	0	0	0	0	-0.000583849	-0.0407011	0.000452868	-0.040983	0	0	0	0	-0.000583849	-0.0407011	
24.74	0.000448325	-0.04072	0	0	0	0	-0.000578566	-0.0404427	0.000448325	-0.04072	0	0	0	0	-0.000578566	-0.0404427	
24.8971	0.00044384	-0.0404603	0	0	0	0	-0.000573335	-0.0401876	0.00044384	-0.0404603	0	0	0	0	-0.000573335	-0.0401876	
25.0542	0.000439412	-0.040204	0	0	0	0	-0.000568156	-0.0399357	0.000439412	-0.040204	0	0	0	0	-0.000568156	-0.0399357	
25.2113	0.000435041	-0.0399508	0	0	0	0	-0.000563029	-0.0396868	0.000435041	-0.0399508	0	0	0	0	-0.000563029	-0.0396868	
25.3684	0.000430726	-0.0397008	0	0	0	0	-0.000557953	-0.0394411	0.000430726	-0.0397008	0	0	0	0	-0.000557953	-0.0394411	
25.5254	0.000426466	-0.039454	0	0	0	0	-0.000552929	-0.0391984	0.000426466	-0.039454	0	0	0	0	-0.000552929	-0.0391984	
25.6825	0.000422261	-0.0392102	0	0	0	0	-0.000547955	-0.0389587	0.000422261	-0.0392102	0	0	0	0	-0.000547955	-0.0389587	
25.8396	0.000418109	-0.0389693	0	0	0	0	-0.000543034	-0.0387218	0.000418109	-0.0389693	0	0	0	0	-0.000543034	-0.0387218	
25.9967	0.000414011	-0.0387314	0	0	0	0	-0.000538164	-0.0384878	0.000414011	-0.0387314	0	0	0	0	-0.000538164	-0.0384878	
26.1538	0.000409965	-0.0384964	0	0	0	0	-0.000533344	-0.0382567	0.000409965	-0.0384964	0	0	0	0	-0.000533344	-0.0382567	
26.3108	0.000405971	-0.0382642	0	0	0	0	-0.000528576	-0.0380283	0.000405971	-0.0382642	0	0	0	0	-0.000528576	-0.0380283	
26.4679	0.000402029	-0.0380348	0	0	0	0	-0.000523857	-0.0378026	0.000402029	-0.0380348	0	0	0	0	-0.000523857	-0.0378026	
26.625	0.000398138	-0.0378082	0	0	0	0	-0.000519189	-0.0375795	0.000398138	-0.0378082	0	0	0	0	-0.000519189	-0.0375795	
26.7821	0.000394295	-0.0375842	0	0	0	0	-0.000514571	-0.037359	0.000394295	-0.0375842	0	0	0	0	-0.000514571	-0.037359	
26.9392	0.000390502	-0.0373629	0	0	0	0	-0.000510002	-0.0371412	0.000390502	-0.0373629	0	0	0	0	-0.000510002	-0.0371412	
27.0962	0.000386758	-0.0371441	0	0	0	0	-0.000505482	-0.0369258	0.000386758	-0.0371441	0	0	0	0	-0.000505482	-0.0369258	
27.2533	0.000383062	-0.0369279	0	0	0	0	-0.000501011	-0.036713	0.000383062	-0.0369279	0	0	0	0	-0.000501011	-0.036713	
27.4104	0.000379413	-0.0367142	0	0	0	0	-0.000496588	-0.0365025	0.000379413	-0.0367142	0	0	0	0	-0.000496588	-0.0365025	
27.5675	0.000375811	-0.0365029	0	0	0	0	-0.000492214	-0.0362945	0.000375811	-0.0365029	0	0	0	0	-0.000492214	-0.0362945	
27.7246	0.000372254	-0.0362941	0	0	0	0	-0.000487888	-0.0360888	0.000372254	-0.0362941	0	0	0	0	-0.000487888	-0.0360888	
27.8816	0.000368743	-0.0360876	0	0	0	0	-0.000483608	-0.0358854	0.000368743	-0.0360876	0	0	0	0	-0.000483608	-0.0358854	
28.0387	0.000365276	-0.0358835	0	0	0	0	-0.000479376	-0.0356843	0.000365276	-0.0358835	0	0	0	0	-0.000479376	-0.0356843	
28.1958	0.000361854	-0.0356817	0	0	0	0	-0.00047519	-0.0354854	0.000361854	-0.0356817	0	0	0	0	-0.00047519	-0.0354854	
28.3529	0.000358475	-0.0354821	0	0	0	0	-0.00047105	-0.0352888	0.000358475	-0.0354821	0	0	0	0	-0.00047105	-0.0352888	
28.51	0.000355139	-0.0352848	0	0	0	0	-0.000466956	-0.0350943	0.000355139	-0.0352848	0	0	0	0	-0.000466956	-0.0350943	
28.667	0.000351845	-0.0350896	0	0	0	0	-0.000462906	-0.034902	0.000351845	-0.0350896	0	0	0	0	-0.000462906	-0.034902	
28.8241	0.000348592	-0.0348965	0	0	0	0	-0.000458902	-0.0347117	0.000348592	-0.0348965	0	0	0	0	-0.000458902	-0.0347117	
28.9812	0.000345381	-0.0347057	0	0	0	0	-0.000454942	-0.0345235	0.000345381	-0.0347057	0	0	0	0	-0.000454942	-0.0345235	
29.1383	0.00034221	-0.0345169	0	0	0	0	-0.000451026	-0.0343373	0.00034221	-0.0345169	0	0	0	0	-0.000451026	-0.0343373	
29.2954	0.00033908	-0.0343301	0	0	0	0	-0.000447153	-0.0341531	0.00033908	-0.0343301	0	0	0	0	-0.000447153	-0.0341531	
29.4524	0.000335988	-0.0341453	0	0	0	0	-0.000443324	-0.0339709	0.000335988	-0.0341453	0	0	0	0	-0.000443324	-0.0339709	
29.6095	0.000332935	-0.0339625	0	0	0	0	-0.000439536	-0.0337906	0.000332935	-0.0339625	0	0	0	0	-0.000439536	-0.0337906	
29.7666	0.00032992	-0.0337817	0	0	0	0	-0.000435791	-0.0336122	0.00032992	-0.0337817	0	0	0	0	-0.000435791	-0.0336122	
29.9237	0.000326943	-0.0336027	0	0	0	0	-0.000432087	-0.0334357	0.000326943	-0.0336027	0	0	0	0	-0.000432087	-0.0334357	
30.0807	0.000324003	-0.0334257	0	0	0	0	-0.000428424	-0.033261	0.000324003	-0.0334257	0	0	0	0	-0.000428424	-0.033261	
30.2378	0.000321099	-0.0332505	0	0	0	0	-0.000424803	-0.0330882	0.000321099	-0.0332505	0	0	0	0	-0.000424803	-0.0330882	
30.3949	0.000318232	-0.0330771	0	0	0	0	-0.000421221	-0.0329171	0.000318232	-0.0330771	0	0	0	0	-0.000421221	-0.0329171	
30.552	0.0003154	-0.0329056	0	0	0	0	-0.000417679	-0.0327478	0.0003154	-0.0329056	0	0	0	0	-0.000417679	-0.0327478	
30.7091	0.000312602	-0.0327358	0	0	0	0	-0.000414177	-0.0325802	0.000312602	-0.0327358	0	0	0	0	-0.000414177	-0.0325802	
30.8661	0.00030984	-0.0325678	0	0	0	0	-0.000410713	-0.0324143	0.00030984	-0.0325678	0	0	0	0	-0.000410713	-0.0324143	
31.0232	0.000307111	-0.0324014	0	0	0	0	-0.000407288	-0.0322501	0.000307111	-0.0324014	0	0	0	0	-0.000407288	-0.0322501	
31.1803	0.000304415	-0.0322368	0	0	0	0	-0.000403901	-0.0320876	0.000304415	-0.0322368	0	0	0	0	-0.000403901	-0.0320876	
31.3374	0.000301753	-0.0320738	0	0	0	0	-0.000400551	-0.0319266	0.000301753	-0.0320738	0	0	0	0	-0.000400551	-0.0319266	
31.4945	0.000299123	-0.0319125	0	0	0	0	-0.000397239	-0.0317673	0.000299123	-0.0319125	0	0	0	0	-0.000397239	-0.0317673	
31.6515	0.000296525	-0.0317528	0	0	0	0	-0.000393963	-0.0316096	0.000296525	-0.0317528	0	0	0	0	-0.000393963	-0.0316096	
31.8086	0.000293959	-0.0315947	0	0	0	0	-0.000390723	-0.0314534	0.000293959	-0.0315947	0	0	0	0	-0.000390723	-0.0314534	
31.9657	0.000291424	-0.0314381	0	0	0	0	-0.000387519	-0.0312988	0.000291424	-0.0314381	0	0	0	0	-0.000387519	-0.0312988	
32.1228	0.00028892	-0.0312832	0	0	0	0	-0.000384351	-0.0311457	0.00028892	-0.0312832	0	0	0	0	-0.000384351	-0.0311457	
32.2799	0.000286445	-0.0311297	0	0	0	0	-0.000381217	-0.030994	0.000286445	-0.0311297	0	0	0	0	-0.000381217	-0.030994	
32.4369	0.000284001	-0.0309777	0	0	0	0	-0.000378118	-0.0308439	0.000284001	-0.0309777	0	0	0	0	-0.000378118	-0.0308439	
32.594	0.000281585	-0.0308272	0	0	0	0	-0.000375053	-0.0306952	0.000281585	-0.0308272	0	0	0	0	-0.000375053	-0.0306952	
32.7511	0.000279198	-0.0306782	0	0	0	0	-0.000372022	-0.0305479	0.000279198	-0.0306782	0	0	0	0	-0.000372022	-0.0305479	
32.9082	0.000276841	-0.0305306	0	0	0	0	-0.000369024	-0.030402	0.000276841	-0.0305306	0	0	0	0	-0.000369024	-0.030402	
33.0653	0.00027451	-0.0303844	0	0	0	0	-0.000366059	-0.0302575	0.00027451	-0.0303844	0	0	0	0	-0.000366059	-0.0302575	
33.2223	0.000272209	-0.0302396	0	0	0	0	-0.000363127	-0.0301143	0.000272209	-0.0302396	0	0	0	0	-0.000363127	-0.0301143	
33.3794	0.000269933	-0.0300962	0	0	0	0	-0.000360226	-0.0299726	0.000269933	-0.0300962	0	0	0	0	-0.000360226	-0.0299726	
33.5365	0.000267685	-0.0299541	0	0	0	0	-0.000357357	-0.0298321	0.000267685	-0.0299541	0	0	0	0	-0.000357357	-0.0298321	
33.6936	0.000265463	-0.0298134	0	0	0	0	-0.00035452	-0.0296929	0.000265463	-0.0298134	0	0	0	0	-0.00035452	-0.0296929	
33.8507	0.000263268	-0.029674	0	0	0	0	-0.000351713	-0.0295551	0.000263268	-0.029674	0	0	0	0	-0.000351713	-0.0295551	
34.0077	0.000261098	-0.0295358	0	0	0	0	-0.000348937	-0.0294185	0.000261098	-0.0295358	0	0	0	0	-0.000348937	-0.0294185	
34.1648	0.000258953	-0.029399	0	0	0	0	-0.000346191	-0.0292832	0.000258953	-0.029399	0	0	0	0	-0.000346191	-0.0292832	
34.3219	0.000256834	-0.0292634	0	0	0	0	-0.000343474	-0.0291491	0.000256834	-0.0292634	0	0	0	0	-0.000343474	-0.0291491	
34.479	0.000254739	-0.0291291	0	0	0	0	-0.000340787	-0.0290162	0.000254739	-0.0291291	0	0	0	0	-0.000340787	-0.0290162	
34.6361	0.000252669	-0.028996	0	0	0	0	-0.000338128	-0.0288845	0.000252669	-0.028996	0	0	0	0	-0.000338128	-0.0288845	
34.7931	0.000250621	-0.0288642	0	0	0	0	-0.000335499	-0.0287541	0.000250621	-0.0288642	0	0	0	0	-0.000335499	-0.0287541	
34.9502	0.000248598	-0.0287335	0	0	0	0	-0.000332898	-0.0286248	0.000248598	-0.0287335	0	0	0	0	-0.000332898	-0.0286248	
35.1073	0.000246598	-0.028604	0	0	0	0	-0.000330325	-0.0284966	0.000246598	-0.028604	0	0	0	0	-0.000330325	-0.0284966	
35.2644	0.000244621	-0.0284756	0	0	0	0	-0.000327779	-0.0283696	0.000244621	-0.0284756	0	0	0	0	-0.000327779	-0.0283696	
35.4215	0.000242667	-0.0283484	0	0	0	0	-0.000325261	-0.0282437	0.000242667	-0.0283484	0	0	0	0	-0.000325261	-0.0282437	
35.5785	0.000240734	-0.0282223	0	0	0	0	-0.000322769	-0.028119	0.000240734	-0.0282223	0	0	0	0	-0.000322769	-0.028119	
35.7356	0.000238824	-0.0280974	0	0	0	0	-0.000320304	-0.0279953	0.000238824	-0.0280974	0	0	0	0	-0.000320304	-0.0279953	
35.8927	0.000236936	-0.0279736	0	0	0	0	-0.000317865	-0.0278728	0.000236936	-0.0279736	0	0	0	0	-0.000317865	-0.0278728	
36.0498	0.000235068	-0.0278508	0	0	0	0	-0.000315452	-0.0277512	0.000235068	-0.0278508	0	0	0	0	-0.000315452	-0.0277512	
36.2069	0.000233222	-0.0277292	0	0	0	0	-0.000313065	-0.0276308	0.000233222	-0.0277292	0	0	0	0	-0.000313065	-0.0276308	
36.3639	0.000231396	-0.0276086	0	0	0	0	-0.000310702	-0.0275113	0.000231396	-0.0276086	0	0	0	0	-0.000310702	-0.0275113	
36.521	0.000229591	-0.027489	0	0	0	0	-0.000308365	-0.027393	0.000229591	-0.027489	0	0	0	0	-0.000308365	-0.027393	
36.6781	0.000227806	-0.0273705	0	0	0	0	-0.000306053	-0.0272756	0.000227806	-0.0273705	0	0	0	0	-0.000306053	-0.0272756	
36.8352	0.000226041	-0.0272529	0	0	0	0	-0.000303764	-0.0271592	0.000226041	-0.0272529	0	0	0	0	-0.000303764	-0.0271592	
36.9923	0.000224295	-0.0271364	0	0	0	0	-0.0003015	-0.0270438	0.000224295	-0.0271364	0	0	0	0	-0.0003015	-0.0270438	
37.1493	0.000222569	-0.0270209	0	0	0	0	-0.000299259	-0.0269294	0.000222569	-0.0270209	0	0	0	0	-0.000299259	-0.0269294	
37.3064	0.000220862	-0.0269064	0	0	0	0	-0.000297041	-0.026816	0.000220862	-0.0269064	0	0	0	0	-0.000297041	-0.026816	
37.4635	0.000219174	-0.0267928	0	0	0	0	-0.000294847	-0.0267035	0.000219174	-0.0267928	0	0	0	0	-0.000294847	-0.0267035	
37.6206	0.000217504	-0.0266802	0	0	0	0	-0.000292675	-0.0265919	0.000217504	-0.0266802	0	0	0	0	-0.000292675	-0.0265919	
37.7777	0.000215852	-0.0265685	0	0	0	0	-0.000290526	-0.0264813	0.000215852	-0.0265685	0	0	0	0	-0.000290526	-0.0264813	
37.9347	0.000214219	-0.0264578	0	0	0	0	-0.000288399	-0.0263716	0.000214219	-0.0264578	0	0	0	0	-0.000288399	-0.0263716	
38.0918	0.000212603	-0.026348	0	0	0	0	-0.000286294	-0.0262627	0.000212603	-0.026348	0	0	0	0	-0.000286294	-0.0262627	
38.2489	0.000211005	-0.0262391	0	0	0	0	-0.000284211	-0.0261548	0.000211005	-0.0262391	0	0	0	0	-0.000284211	-0.0261548	
38.406	0.000209424	-0.0261311	0	0	0	0	-0.000282149	-0.0260478	0.000209424	-0.0261311	0	0	0	0	-0.000282149	-0.0260478	
38.563	0.00020786	-0.026024	0	0	0	0	-0.000280108	-0.0259417	0.00020786	-0.026024	0	0	0	0	-0.000280108	-0.0259417	
38.7201	0.000206313	-0.0259178	0	0	0	0	-0.000278088	-0.0258363	0.000206313	-0.0259178	0	0	0	0	-0.000278088	-0.0258363	
38.8772	0.000204783	-0.0258124	0	0	0	0	-0.000276089	-0.0257319	0.000204783	-0.0258124	0	0	0	0	-0.000276089	-0.0257319	
39.0343	0.000203269	-0.0257079	0	0	0	0	-0.00027411	-0.0256283	0.000203269	-0.0257079	0	0	0	0	-0.00027411	-0.0256283	
39.1914	0.00020177	-0.0256042	0	0	0	0	-0.000272151	-0.0255255	0.00020177	-0.0256042	0	0	0	0	-0.000272151	-0.0255255	
39.3484	0.000200288	-0.0255014	0	0	0	0	-0.000270212	-0.0254236	0.000200288	-0.0255014	0	0	0	0	-0.000270212	-0.0254236	
39.5055	0.000198822	-0.0253993	0	0	0	0	-0.000268292	-0.0253224	0.000198822	-0.0253993	0	0	0	0	-0.000268292	-0.0253224	
39.6626	0.000197371	-0.0252981	0	0	0	0	-0.000266392	-0.0252221	0.000197371	-0.0252981	0	0	0	0	-0.000266392	-0.0252221	
39.8197	0.000195936	-0.0251977	0	0	0	0	-0.000264511	-0.0251225	0.000195936	-0.0251977	0	0	0	0	-0.000264511	-0.0251225	
39.9768	0.000194515	-0.0250981	0	0	0	0	-0.000262649	-0.0250238	0.000194515	-0.0250981	0	0	0	0	-0.000262649	-0.0250238	
40.1338	0.000193109	-0.0249993	0	0	0	0	-0.000260806	-0.0249258	0.000193109	-0.0249993	0	0	0	0	-0.000260806	-0.0249258	
40.2909	0.000191718	-0.0249012	0	0	0	0	-0.00025898	-0.0248285	0.000191718	-0.0249012	0	0	0	0	-0.00025898	-0.0248285	
40.448	0.000190342	-0.024804	0	0	0	0	-0.000257173	-0.0247321	0.000190342	-0.024804	0	0	0	0	-0.000257173	-0.0247321	
40.6051	0.00018898	-0.0247075	0	0	0	0	-0.000255384	-0.0246363	0.00018898	-0.0247075	0	0	0	0	-0.000255384	-0.0246363	
40.7622	0.000187632	-0.0246117	0	0	0	0	-0.000253613	-0.0245414	0.000187632	-0.0246117	0	0	0	0	-0.000253613	-0.0245414	
40.9192	0.000186298	-0.0245167	0	0	0	0	-0.000251859	-0.0244471	0.000186298	-0.0245167	0	0	0	0	-0.000251859	-0.0244471	
41.0763	0.000184977	-0.0244224	0	0	0	0	-0.000250123	-0.0243535	0.000184977	-0.0244224	0	0	0	0	-0.000250123	-0.0243535	
41.2334	0.000183671	-0.0243288	0	0	0	0	-0.000248403	-0.0242607	0.000183671	-0.0243288	0	0	0	0	-0.000248403	-0.0242607	
41.3905	0.000182377	-0.0242359	0	0	0	0	-0.0002467	-0.0241686	0.000182377	-0.0242359	0	0	0	0	-0.0002467	-0.0241686	
41.5476	0.000181097	-0.0241438	0	0	0	0	-0.000245015	-0.0240772	0.000181097	-0.0241438	0	0	0	0	-0.000245015	-0.0240772	
41.7046	0.00017983	-0.0240523	0	0	0	0	-0.000243345	-0.0239864	0.00017983	-0.0240523	0	0	0	0	-0.000243345	-0.0239864	
41.8617	0.000178575	-0.0239616	0	0	0	0	-0.000241692	-0.0238964	0.000178575	-0.0239616	0	0	0	0	-0.000241692	-0.0238964	
42.0188	0.000177334	-0.0238715	0	0	0	0	-0.000240055	-0.023807	0.000177334	-0.0238715	0	0	0	0	-0.000240055	-0.023807	
42.1759	0.000176105	-0.0237821	0	0	0	0	-0.000238434	-0.0237183	0.000176105	-0.0237821	0	0	0	0	-0.000238434	-0.0237183	
42.333	0.000174888	-0.0236934	0	0	0	0	-0.000236828	-0.0236302	0.000174888	-0.0236934	0	0	0	0	-0.000236828	-0.0236302	
42.49	0.000173684	-0.0236053	0	0	0	0	-0.000235238	-0.0235428	0.000173684	-0.0236053	0	0	0	0	-0.000235238	-0.0235428	
42.6471	0.000172491	-0.0235179	0	0	0	0	-0.000233663	-0.0234561	0.000172491	-0.0235179	0	0	0	0	-0.000233663	-0.0234561	
42.8042	0.00017131	-0.0234312	0	0	0	0	-0.000232104	-0.02337	0.00017131	-0.0234312	0	0	0	0	-0.000232104	-0.02337	
42.9613	0.000170142	-0.023345	0	0	0	0	-0.000230559	-0.0232845	0.000170142	-0.023345	0	0	0	0	-0.000230559	-0.0232845	
43.1184	0.000168984	-0.0232595	0	0	0	0	-0.000229029	-0.0231996	0.000168984	-0.0232595	0	0	0	0	-0.000229029	-0.0231996	
43.2754	0.000167838	-0.0231746	0	0	0	0	-0.000227514	-0.0231153	0.000167838	-0.0231746	0	0	0	0	-0.000227514	-0.0231153	
43.4325	0.000166704	-0.0230904	0	0	0	0	-0.000226013	-0.0230317	0.000166704	-0.0230904	0	0	0	0	-0.000226013	-0.0230317	
43.5896	0.000165581	-0.0230067	0	0	0	0	-0.000224525	-0.0229487	0.000165581	-0.0230067	0	0	0	0	-0.000224525	-0.0229487	
43.7467	0.000164468	-0.0229237	0	0	0	0	-0.000223053	-0.0228662	0.000164468	-0.0229237	0	0	0	0	-0.000223053	-0.0228662	
43.9038	0.000163367	-0.0228412	0	0	0	0	-0.000221594	-0.0227844	0.000163367	-0.0228412	0	0	0	0	-0.000221594	-0.0227844	
44.0608	0.000162276	-0.0227594	0	0	0	0	-0.000220149	-0.0227031	0.000162276	-0.0227594	0	0	0	0	-0.000220149	-0.0227031	
44.2179	0.000161196	-0.0226781	0	0	0	0	-0.000218717	-0.0226224	0.000161196	-0.0226781	0	0	0	0	-0.000218717	-0.0226224	
44.375	0.000160126	-0.0225974	0	0	0	0	-0.000217299	-0.0225423	0.000160126	-0.0225974	0	0	0	0	-0.000217299	-0.0225423	
44.5321	0.000159067	-0.0225173	0	0	0	0	-0.000215894	-0.0224627	0.000159067	-0.0225173	0	0	0	0	-0.000215894	-0.0224627	
44.6892	0.000158018	-0.0224378	0	0	0	0	-0.000214503	-0.0223838	0.000158018	-0.0224378	0	0	0	0	-0.000214503	-0.0223838	
44.8462	0.000156979	-0.0223588	0	0	0	0	-0.000213124	-0.0223053	0.000156979	-0.0223588	0	0	0	0	-0.000213124	-0.0223053	
45.0033	0.00015595	-0.0222804	0	0	0	0	-0.000211757	-0.0222274	0.00015595	-0.0222804	0	0	0	0	-0.000211757	-0.0222274	
45.1604	0.000154931	-0.0222025	0	0	0	0	-0.000210404	-0.0221501	0.000154931	-0.0222025	0	0	0	0	-0.000210404	-0.0221501	
45.3175	0.000153921	-0.0221252	0	0	0	0	-0.000209063	-0.0220733	0.000153921	-0.0221252	0	0	0	0	-0.000209063	-0.0220733	
45.4746	0.000152922	-0.0220484	0	0	0	0	-0.000207734	-0.0219969	0.000152922	-0.0220484	0	0	0	0	-0.000207734	-0.0219969	
45.6316	0.000151931	-0.0219721	0	0	0	0	-0.000206418	-0.0219212	0.000151931	-0.0219721	0	0	0	0	-0.000206418	-0.0219212	
45.7887	0.00015095	-0.0218964	0	0	0	0	-0.000205113	-0.021846	0.00015095	-0.0218964	0	0	0	0	-0.000205113	-0.021846	
45.9458	0.000149978	-0.0218211	0	0	0	0	-0.000203821	-0.0217713	0.000149978	-0.0218211	0	0	0	0	-0.000203821	-0.0217713	
46.1029	0.000149016	-0.0217464	0	0	0	0	-0.00020254	-0.021697	0.000149016	-0.0217464	0	0	0	0	-0.00020254	-0.021697	
46.26	0.000148062	-0.0216722	0	0	0	0	-0.000201271	-0.0216233	0.000148062	-0.0216722	0	0	0	0	-0.000201271	-0.0216233	
46.417	0.000147117	-0.0215985	0	0	0	0	-0.000200013	-0.0215501	0.000147117	-0.0215985	0	0	0	0	-0.000200013	-0.0215501	
46.5741	0.000146182	-0.0215254	0	0	0	0	-0.000198767	-0.0214774	0.000146182	-0.0215254	0	0	0	0	-0.000198767	-0.0214774	
46.7312	0.000145254	-0.0214527	0	0	0	0	-0.000197532	-0.0214052	0.000145254	-0.0214527	0	0	0	0	-0.000197532	-0.0214052	
46.8883	0.000144336	-0.0213805	0	0	0	0	-0.000196308	-0.0213334	0.000144336	-0.0213805	0	0	0	0	-0.000196308	-0.0213334	
47.0453	0.000143426	-0.0213088	0	0	0	0	-0.000195095	-0.0212622	0.000143426	-0.0213088	0	0	0	0	-0.000195095	-0.0212622	
47.2024	0.000142524	-0.0212375	0	0	0	0	-0.000193893	-0.0211914	0.000142524	-0.0212375	0	0	0	0	-0.000193893	-0.0211914	
47.3595	0.000141631	-0.0211668	0	0	0	0	-0.000192702	-0.021121	0.000141631	-0.0211668	0	0	0	0	-0.000192702	-0.021121	
47.5166	0.000140746	-0.0210965	0	0	0	0	-0.000191521	-0.0210512	0.000140746	-0.0210965	0	0	0	0	-0.000191521	-0.0210512	
47.6737	0.000139869	-0.0210266	0	0	0	0	-0.000190351	-0.0209818	0.000139869	-0.0210266	0	0	0	0	-0.000190351	-0.0209818	
47.8307	0.000139	-0.0209573	0	0	0	0	-0.000189191	-0.0209129	0.000139	-0.0209573	0	0	0	0	-0.000189191	-0.0209129	
47.9878	0.000138138	-0.0208884	0	0	0	0	-0.000188041	-0.0208444	0.000138138	-0.0208884	0	0	0	0	-0.000188041	-0.0208444	
48.1449	0.000137284	-0.0208199	0	0	0	0	-0.000186902	-0.0207763	0.000137284	-0.0208199	0	0	0	0	-0.000186902	-0.0207763	
48.302	0.000136439	-0.0207519	0	0	0	0	-0.000185772	-0.0207087	0.000136439	-0.0207519	0	0	0	0	-0.000185772	-0.0207087	
48.4591	0.000135601	-0.0206843	0	0	0	0	-0.000184652	-0.0206416	0.000135601	-0.0206843	0	0	0	0	-0.000184652	-0.0206416	
48.6161	0.00013477	-0.0206172	0	0	0	0	-0.000183542	-0.0205749	0.00013477	-0.0206172	0	0	0	0	-0.000183542	-0.0205749	
48.7732	0.000133947	-0.0205506	0	0	0	0	-0.000182442	-0.0205086	0.000133947	-0.0205506	0	0	0	0	-0.000182442	-0.0205086	
48.9303	0.000133132	-0.0204843	0	0	0	0	-0.000181352	-0.0204427	0.000133132	-0.0204843	0	0	0	0	-0.000181352	-0.0204427	
49.0874	0.000132323	-0.0204185	0	0	0	0	-0.000180271	-0.0203773	0.000132323	-0.0204185	0	0	0	0	-0.000180271	-0.0203773	
49.2445	0.000131522	-0.0203531	0	0	0	0	-0.000179199	-0.0203122	0.000131522	-0.0203531	0	0	0	0	-0.000179199	-0.0203122	
49.4015	0.000130728	-0.020288	0	0	0	0	-0.000178136	-0.0202476	0.000130728	-0.020288	0	0	0	0	-0.000178136	-0.0202476	
49.5586	0.000129941	-0.0202235	0	0	0	0	-0.000177083	-0.0201834	0.000129941	-0.0202235	0	0	0	0	-0.000177083	-0.0201834	
49.7157	0.000129161	-0.0201593	0	0	0	0	-0.000176039	-0.0201196	0.000129161	-0.0201593	0	0	0	0	-0.000176039	-0.0201196	
49.8728	0.000128387	-0.0200956	0	0	0	0	-0.000175004	-0.0200562	0.000128387	-0.0200956	0	0	0	0	-0.000175004	-0.0200562	
50.0299	0.000127621	-0.0200322	0	0	0	0	-0.000173977	-0.0199932	0.000127621	-0.0200322	0	0	0	0	-0.000173977	-0.0199932	
50.1869	0.000126861	-0.0199692	0	0	0	0	-0.00017296	-0.0199306	0.000126861	-0.0199692	0	0	0	0	-0.00017296	-0.0199306	
50.344	0.000126108	-0.0199067	0	0	0	0	-0.00017195	-0.0198684	0.000126108	-0.0199067	0	0	0	0	-0.00017195	-0.0198684	
50.5011	0.000125362	-0.0198445	0	0	0	0	-0.00017095	-0.0198066	0.000125362	-0.0198445	0	0	0	0	-0.00017095	-0.0198066	
50.6582	0.000124622	-0.0197827	0	0	0	0	-0.000169958	-0.0197451	0.000124622	-0.0197827	0	0	0	0	-0.000169958	-0.0197451	
50.8153	0.000123888	-0.0197213	0	0	0	0	-0.000168975	-0.0196841	0.000123888	-0.0197213	0	0	0	0	-0.000168975	-0.0196841	
50.9723	0.000123161	-0.0196603	0	0	0	0	-0.000167999	-0.0196234	0.000123161	-0.0196603	0	0	0	0	-0.000167999	-0.0196234	
51.1294	0.00012244	-0.0195997	0	0	0	0	-0.000167032	-0.0195631	0.00012244	-0.0195997	0	0	0	0	-0.000167032	-0.0195631	
51.2865	0.000121725	-0.0195394	0	0	0	0	-0.000166073	-0.0195031	0.000121725	-0.0195394	0	0	0	0	-0.000166073	-0.0195031	
51.4436	0.000121016	-0.0194795	0	0	0	0	-0.000165122	-0.0194436	0.000121016	-0.0194795	0	0	0	0	-0.000165122	-0.0194436	
51.6007	0.000120314	-0.01942	0	0	0	0	-0.00016418	-0.0193843	0.000120314	-0.01942	0	0	0	0	-0.00016418	-0.0193843	
51.7577	0.000119617	-0.0193608	0	0	0	0	-0.000163244	-0.0193255	0.000119617	-0.0193608	0	0	0	0	-0.000163244	-0.0193255	
51.9148	0.000118926	-0.019302	0	0	0	0	-0.000162317	-0.0192671	0.000118926	-0.019302	0	0	0	0	-0.000162317	-0.0192671	
52.0719	0.000118242	-0.0192435	0	0	0	0	-0.000161397	-0.0192089	0.000118242	-0.0192435	0	0	0	0	-0.000161397	-0.0192089	
52.229	0.000117562	-0.0191854	0	0	0	0	-0.000160485	-0.0191511	0.000117562	-0.0191854	0	0	0	0	-0.000160485	-0.0191511	
52.3861	0.000116889	-0.0191277	0	0	0	0	-0.000159581	-0.0190936	0.000116889	-0.0191277	0	0	0	0	-0.000159581	-0.0190936	
52.5431	0.000116221	-0.0190703	0	0	0	0	-0.000158683	-0.0190366	0.000116221	-0.0190703	0	0	0	0	-0.000158683	-0.0190366	
52.7002	0.000115559	-0.0190132	0	0	0	0	-0.000157794	-0.0189798	0.000115559	-0.0190132	0	0	0	0	-0.000157794	-0.0189798	
52.8573	0.000114903	-0.0189565	0	0	0	0	-0.000156911	-0.0189234	0.000114903	-0.0189565	0	0	0	0	-0.000156911	-0.0189234	
53.0144	0.000114252	-0.0189001	0	0	0	0	-0.000156036	-0.0188673	0.000114252	-0.0189001	0	0	0	0	-0.000156036	-0.0188673	
53.1715	0.000113606	-0.0188441	0	0	0	0	-0.000155168	-0.0188115	0.000113606	-0.0188441	0	0	0	0	-0.000155168	-0.0188115	
53.3285	0.000112966	-0.0187884	0	0	0	0	-0.000154307	-0.0187561	0.000112966	-0.0187884	0	0	0	0	-0.000154307	-0.0187561	
53.4856	0.000112331	-0.018733	0	0	0	0	-0.000153453	-0.018701	0.000112331	-0.018733	0	0	0	0	-0.000153453	-0.018701	
53.6427	0.000111701	-0.018678	0	0	0	0	-0.000152605	-0.0186462	0.000111701	-0.018678	0	0	0	0	-0.000152605	-0.0186462	
53.7998	0.000111077	-0.0186232	0	0	0	0	-0.000151765	-0.0185917	0.000111077	-0.0186232	0	0	0	0	-0.000151765	-0.0185917	
53.9569	0.000110458	-0.0185688	0	0	0	0	-0.000150932	-0.0185376	0.000110458	-0.0185688	0	0	0	0	-0.000150932	-0.0185376	
54.1139	0.000109843	-0.0185147	0	0	0	0	-0.000150104	-0.0184838	0.000109843	-0.0185147	0	0	0	0	-0.000150104	-0.0184838	
54.271	0.000109234	-0.0184609	0	0	0	0	-0.000149284	-0.0184302	0.000109234	-0.0184609	0	0	0	0	-0.000149284	-0.0184302	
54.4281	0.00010863	-0.0184075	0	0	0	0	-0.000148471	-0.018377	0.00010863	-0.0184075	0	0	0	0	-0.000148471	-0.018377	
54.5852	0.000108031	-0.0183543	0	0	0	0	-0.000147664	-0.0183241	0.000108031	-0.0183543	0	0	0	0	-0.000147664	-0.0183241	
54.7423	0.000107436	-0.0183014	0	0	0	0	-0.000146863	-0.0182715	0.000107436	-0.0183014	0	0	0	0	-0.000146863	-0.0182715	
54.8993	0.000106847	-0.0182489	0	0	0	0	-0.000146068	-0.0182192	0.000106847	-0.0182489	0	0	0	0	-0.000146068	-0.0182192	
55.0564	0.000106262	-0.0181966	0	0	0	0	-0.00014528	-0.0181672	0.000106262	-0.0181966	0	0	0	0	-0.00014528	-0.0181672	
55.2135	0.000105682	-0.0181447	0	0	0	0	-0.000144498	-0.0181155	0.000105682	-0.0181447	0	0	0	0	-0.000144498	-0.0181155	
55.3706	0.000105106	-0.0180931	0	0	0	0	-0.000143722	-0.0180641	0.000105106	-0.0180931	0	0	0	0	-0.000143722	-0.0180641	
55.5277	0.000104535	-0.0180417	0	0	0	0	-0.000142953	-0.018013	0.000104535	-0.0180417	0	0	0	0	-0.000142953	-0.018013	
55.6847	0.000103969	-0.0179906	0	0	0	0	-0.000142189	-0.0179622	0.000103969	-0.0179906	0	0	0	0	-0.000142189	-0.0179622	
55.8418	0.000103407	-0.0179398	0	0	0	0	-0.000141431	-0.0179116	0.000103407	-0.0179398	0	0	0	0	-0.000141431	-0.0179116	
55.9989	0.00010285	-0.0178894	0	0	0	0	-0.00014068	-0.0178613	0.00010285	-0.0178894	0	0	0	0	-0.00014068	-0.0178613	
56.156	0.000102297	-0.0178391	0	0	0	0	-0.000139934	-0.0178114	0.000102297	-0.0178391	0	0	0	0	-0.000139934	-0.0178114	
56.313	0.000101749	-0.0177892	0	0	0	0	-0.000139194	-0.0177616	0.000101749	-0.0177892	0	0	0	0	-0.000139194	-0.0177616	
56.4701	0.000101204	-0.0177396	0	0	0	0	-0.000138459	-0.0177123	0.000101204	-0.0177396	0	0	0	0	-0.000138459	-0.0177123	
56.6272	0.000100665	-0.0176902	0	0	0	0	-0.000137731	-0.0176631	0.000100665	-0.0176902	0	0	0	0	-0.000137731	-0.0176631	
56.7843	0.000100129	-0.0176411	0	0	0	0	-0.000137008	-0.0176142	0.000100129	-0.0176411	0	0	0	0	-0.000137008	-0.0176142	
56.9414	9.95977e-05	-0.0175923	0	0	0	0	-0.00013629	-0.0175656	9.95977e-05	-0.0175923	0	0	0	0	-0.00013629	-0.0175656	
57.0984	9.90705e-05	-0.0175437	0	0	0	0	-0.000135578	-0.0175172	9.90705e-05	-0.0175437	0	0	0	0	-0.000135578	-0.0175172	
57.2555	9.85472e-05	-0.0174954	0	0	0	0	-0.000134872	-0.0174692	9.85472e-05	-0.0174954	0	0	0	0	-0.000134872	-0.0174692	
57.4126	9.80284e-05	-0.0174474	0	0	0	0	-0.000134171	-0.0174214	9.80284e-05	-0.0174474	0	0	0	0	-0.000134171	-0.0174214	
57.5697	9.75135e-05	-0.0173997	0	0	0	0	-0.000133475	-0.0173738	9.75135e-05	-0.0173997	0	0	0	0	-0.000133475	-0.0173738	
57.7268	9.70025e-05	-0.0173521	0	0	0	0	-0.000132785	-0.0173265	9.70025e-05	-0.0173521	0	0	0	0	-0.000132785	-0.0173265	
57.8838	9.64954e-05	-0.0173049	0	0	0	0	-0.000132099	-0.0172795	9.64954e-05	-0.0173049	0	0	0	0	-0.000132099	-0.0172795	
58.0409	9.59922e-05	-0.0172579	0	0	0	0	-0.000131419	-0.0172327	9.59922e-05	-0.0172579	0	0	0	0	-0.000131419	-0.0172327	
58.198	9.54929e-05	-0.0172112	0	0	0	0	-0.000130744	-0.0171862	9.54929e-05	-0.0172112	0	0	0	0	-0.000130744	-0.0171862	
58.3551	9.49975e-05	-0.0171647	0	0	0	0	-0.000130075	-0.0171399	9.49975e-05	-0.0171647	0	0	0	0	-0.000130075	-0.0171399	
58.5122	9.45059e-05	-0.0171185	0	0	0	0	-0.00012941	-0.0170939	9.45059e-05	-0.0171185	0	0	0	0	-0.00012941	-0.0170939	
58.6692	9.40177e-05	-0.0170725	0	0	0	0	-0.00012875	-0.0170481	9.40177e-05	-0.0170725	0	0	0	0	-0.00012875	-0.0170481	
58.8263	9.35338e-05	-0.0170268	0	0	0	0	-0.000128095	-0.0170025	9.35338e-05	-0.0170268	0	0	0	0	-0.000128095	-0.0170025	
58.9834	9.30532e-05	-0.0169813	0	0	0	0	-0.000127445	-0.0169573	9.30532e-05	-0.0169813	0	0	0	0	-0.000127445	-0.0169573	
59.1405	9.25764e-05	-0.0169361	0	0	0	0	-0.0001268	-0.0169122	9.25764e-05	-0.0169361	0	0	0	0	-0.0001268	-0.0169122	
59.2976	9.2103e-05	-0.0168911	0	0	0	0	-0.00012616	-0.0168674	9.2103e-05	-0.0168911	0	0	0	0	-0.00012616	-0.0168674	
59.4546	9.16333e-05	-0.0168463	0	0	0	0	-0.000125525	-0.0168228	9.16333e-05	-0.0168463	0	0	0	0	-0.000125525	-0.0168228	
59.6117	9.11673e-05	-0.0168018	0	0	0	0	-0.000124894	-0.0167785	9.11673e-05	-0.0168018	0	0	0	0	-0.000124894	-0.0167785	
59.7688	9.07047e-05	-0.0167575	0	0	0	0	-0.000124268	-0.0167343	9.07047e-05	-0.0167575	0	0	0	0	-0.000124268	-0.0167343	
59.9259	9.02457e-05	-0.0167134	0	0	0	0	-0.000123646	-0.0166905	9.02457e-05	-0.0167134	0	0	0	0	-0.000123646	-0.0166905	
60.083	8.97895e-05	-0.0166696	0	0	0	0	-0.000123029	-0.0166468	8.97895e-05	-0.0166696	0	0	0	0	-0.000123029	-0.0166468	
60.24	8.93375e-05	-0.016626	0	0	0	0	-0.000122416	-0.0166034	8.93375e-05	-0.016626	0	0	0	0	-0.000122416	-0.0166034	
60.3971	8.88883e-05	-0.0165826	0	0	0	0	-0.000121808	-0.0165602	8.88883e-05	-0.0165826	0	0	0	0	-0.000121808	-0.0165602	
60.5542	8.84427e-05	-0.0165395	0	0	0	0	-0.000121205	-0.0165172	8.84427e-05	-0.0165395	0	0	0	0	-0.000121205	-0.0165172	
60.7113	8.80008e-05	-0.0164966	0	0	0	0	-0.000120606	-0.0164745	8.80008e-05	-0.0164966	0	0	0	0	-0.000120606	-0.0164745	
60.8684	8.75616e-05	-0.0164539	0	0	0	0	-0.000120011	-0.016432	8.75616e-05	-0.0164539	0	0	0	0	-0.000120011	-0.016432	
61.0254	8.71255e-05	-0.0164114	0	0	0	0	-0.00011942	-0.0163896	8.71255e-05	-0.0164114	0	0	0	0	-0.00011942	-0.0163896	
61.1825	8.66932e-05	-0.0163691	0	0	0	0	-0.000118834	-0.0163476	8.66932e-05	-0.0163691	0	0	0	0	-0.000118834	-0.0163476	
61.3396	8.62639e-05	-0.0163271	0	0	0	0	-0.000118252	-0.0163057	8.62639e-05	-0.0163271	0	0	0	0	-0.000118252	-0.0163057	
61.4967	8.58373e-05	-0.0162853	0	0	0	0	-0.000117674	-0.016264	8.58373e-05	-0.0162853	0	0	0	0	-0.000117674	-0.016264	
61.6538	8.54143e-05	-0.0162437	0	0	0	0	-0.000117101	-0.0162226	8.54143e-05	-0.0162437	0	0	0	0	-0.000117101	-0.0162226	
61.8108	8.49944e-05	-0.0162023	0	0	0	0	-0.000116531	-0.0161813	8.49944e-05	-0.0162023	0	0	0	0	-0.000116531	-0.0161813	
61.9679	8.45771e-05	-0.0161611	0	0	0	0	-0.000115966	-0.0161403	8.45771e-05	-0.0161611	0	0	0	0	-0.000115966	-0.0161403	
62.125	8.41629e-05	-0.0161201	0	0	0	0	-0.000115405	-0.0160994	8.41629e-05	-0.0161201	0	0	0	0	-0.000115405	-0.0160994	
62.2821	8.37523e-05	-0.0160794	0	0	0	0	-0.000114847	-0.0160589	8.37523e-05	-0.0160794	0	0	0	0	-0.000114847	-0.0160589	
62.4392	8.33443e-05	-0.0160388	0	0	0	0	-0.000114294	-0.0160184	8.33443e-05	-0.0160388	0	0	0	0	-0.000114294	-0.0160184	
62.5962	8.29389e-05	-0.0159984	0	0	0	0	-0.000113744	-0.0159782	8.29389e-05	-0.0159984	0	0	0	0	-0.000113744	-0.0159782	
62.7533	8.25369e-05	-0.0159583	0	0	0	0	-0.000113198	-0.0159382	8.25369e-05	-0.0159583	0	0	0	0	-0.000113198	-0.0159382	
62.9104	8.21376e-05	-0.0159183	0	0	0	0	-0.000112657	-0.0158984	8.21376e-05	-0.0159183	0	0	0	0	-0.000112657	-0.0158984	
63.0675	8.17412e-05	-0.0158786	0	0	0	0	-0.000112119	-0.0158588	8.17412e-05	-0.0158786	0	0	0	0	-0.000112119	-0.0158588	
63.2246	8.13474e-05	-0.015839	0	0	0	0	-0.000111585	-0.0158194	8.13474e-05	-0.015839	0	0	0	0	-0.000111585	-0.0158194	
63.3816	8.09565e-05	-0.0157996	0	0	0	0	-0.000111055	-0.0157802	8.09565e-05	-0.0157996	0	0	0	0	-0.000111055	-0.0157802	
63.5387	8.05688e-05	-0.0157605	0	0	0	0	-0.000110528	-0.0157411	8.05688e-05	-0.0157605	0	0	0	0	-0.000110528	-0.0157411	
63.6958	8.01835e-05	-0.0157215	0	0	0	0	-0.000110005	-0.0157023	8.01835e-05	-0.0157215	0	0	0	0	-0.000110005	-0.0157023	
63.8529	7.9801e-05	-0.0156827	0	0	0	0	-0.000109485	-0.0156637	7.9801e-05	-0.0156827	0	0	0	0	-0.000109485	-0.0156637	
64.01	7.94211e-05	-0.0156441	0	0	0	0	-0.00010897	-0.0156252	7.94211e-05	-0.0156441	0	0	0	0	-0.00010897	-0.0156252	
64.167	7.9044e-05	-0.0156058	0	0	0	0	-0.000108458	-0.015587	7.9044e-05	-0.0156058	0	0	0	0	-0.000108458	-0.015587	
64.3241	7.86694e-05	-0.0155675	0	0	0	0	-0.000107949	-0.0155489	7.86694e-05	-0.0155675	0	0	0	0	-0.000107949	-0.0155489	
64.4812	7.82976e-05	-0.0155295	0	0	0	0	-0.000107444	-0.015511	7.82976e-05	-0.0155295	0	0	0	0	-0.000107444	-0.015511	
64.6383	7.79283e-05	-0.0154917	0	0	0	0	-0.000106942	-0.0154733	7.79283e-05	-0.0154917	0	0	0	0	-0.000106942	-0.0154733	
64.7953	7.75616e-05	-0.015454	0	0	0	0	-0.000106444	-0.0154358	7.75616e-05	-0.015454	0	0	0	0	-0.000106444	-0.0154358	
64.9524	7.71974e-05	-0.0154165	0	0	0	0	-0.00010595	-0.0153984	7.71974e-05	-0.0154165	0	0	0	0	-0.00010595	-0.0153984	
65.1095	7.68358e-05	-0.0153793	0	0	0	0	-0.000105458	-0.0153613	7.68358e-05	-0.0153793	0	0	0	0	-0.000105458	-0.0153613	
65.2666	7.64767e-05	-0.0153422	0	0	0	0	-0.00010497	-0.0153243	7.64767e-05	-0.0153422	0	0	0	0	-0.00010497	-0.0153243	
65.4237	7.61201e-05	-0.0153052	0	0	0	0	-0.000104485	-0.0152875	7.61201e-05	-0.0153052	0	0	0	0	-0.000104485	-0.0152875	
65.5807	7.5766e-05	-0.0152685	0	0	0	0	-0.000104004	-0.0152509	7.5766e-05	-0.0152685	0	0	0	0	-0.000104004	-0.0152509	
65.7378	7.54143e-05	-0.0152319	0	0	0	0	-0.000103526	-0.0152144	7.54143e-05	-0.0152319	0	0	0	0	-0.000103526	-0.0152144	
65.8949	7.5065e-05	-0.0151955	0	0	0	0	-0.000103051	-0.0151781	7.5065e-05	-0.0151955	0	0	0	0	-0.000103051	-0.0151781	
66.052	7.4718e-05	-0.0151593	0	0	0	0	-0.00010258	-0.015142	7.4718e-05	-0.0151593	0	0	0	0	-0.00010258	-0.015142	
66.2091	7.43735e-05	-0.0151232	0	0	0	0	-0.000102111	-0.0151061	7.43735e-05	-0.0151232	0	0	0	0	-0.000102111	-0.0151061	
66.3661	7.40314e-05	-0.0150873	0	0	0	0	-0.000101646	-0.0150703	7.40314e-05	-0.0150873	0	0	0	0	-0.000101646	-0.0150703	
66.5232	7.36916e-05	-0.0150516	0	0	0	0	-0.000101184	-0.0150348	7.36916e-05	-0.0150516	0	0	0	0	-0.000101184	-0.0150348	
66.6803	7.33541e-05	-0.0150161	0	0	0	0	-0.000100725	-0.0149993	7.33541e-05	-0.0150161	0	0	0	0	-0.000100725	-0.0149993	
66.8374	7.30188e-05	-0.0149807	0	0	0	0	-0.000100269	-0.014964	7.30188e-05	-0.0149807	0	0	0	0	-0.000100269	-0.014964	
66.9945	7.26858e-05	-0.0149455	0	0	0	0	-9.98159e-05	-0.014929	7.26858e-05	-0.0149455	0	0	0	0	-9.98159e-05	-0.014929	
67.1515	7.23551e-05	-0.0149104	0	0	0	0	-9.9366e-05	-0.014894	7.23551e-05	-0.0149104	0	0	0	0	-9.9366e-05	-0.014894	
67.3086	7.20267e-05	-0.0148756	0	0	0	0	-9.89192e-05	-0.0148592	7.20267e-05	-0.0148756	0	0	0	0	-9.89192e-05	-0.0148592	
67.4657	7.17004e-05	-0.0148408	0	0	0	0	-9.84751e-05	-0.0148247	7.17004e-05	-0.0148408	0	0	0	0	-9.84751e-05	-0.0148247	
67.6228	7.13763e-05	-0.0148063	0	0	0	0	-9.80341e-05	-0.0147902	7.13763e-05	-0.0148063	0	0	0	0	-9.80341e-05	-0.0147902	
67.7799	7.10544e-05	-0.0147719	0	0	0	0	-9.75963e-05	-0.0147559	7.10544e-05	-0.0147719	0	0	0	0	-9.75963e-05	-0.0147559	
67.9369	7.07347e-05	-0.0147377	0	0	0	0	-9.71611e-05	-0.0147218	7.07347e-05	-0.0147377	0	0	0	0	-9.71611e-05	-0.0147218	
68.094	7.0417e-05	-0.0147036	0	0	0	0	-9.67284e-05	-0.0146878	7.0417e-05	-0.0147036	0	0	0	0	-9.67284e-05	-0.0146878	
68.2511	7.01015e-05	-0.0146696	0	0	0	0	-9.6299e-05	-0.014654	7.01015e-05	-0.0146696	0	0	0	0	-9.6299e-05	-0.014654	
68.4082	6.97881e-05	-0.0146359	0	0	0	0	-9.58726e-05	-0.0146203	6.97881e-05	-0.0146359	0	0	0	0	-9.58726e-05	-0.0146203	
68.5653	6.94768e-05	-0.0146023	0	0	0	0	-9.54483e-05	-0.0145869	6.94768e-05	-0.0146023	0	0	0	0	-9.54483e-05	-0.0145869	
68.7223	6.91675e-05	-0.0145688	0	0	0	0	-9.50276e-05	-0.0145535	6.91675e-05	-0.0145688	0	0	0	0	-9.50276e-05	-0.0145535	
68.8794	6.88602e-05	-0.0145355	0	0	0	0	-9.4609e-05	-0.0145203	6.88602e-05	-0.0145355	0	0	0	0	-9.4609e-05	-0.0145203	
69.0365	6.8555e-05	-0.0145023	0	0	0	0	-9.41935e-05	-0.0144873	6.8555e-05	-0.0145023	0	0	0	0	-9.41935e-05	-0.0144873	
69.1936	6.82518e-05	-0.0144694	0	0	0	0	-9.37806e-05	-0.0144544	6.82518e-05	-0.0144694	0	0	0	0	-9.37806e-05	-0.0144544	
69.3507	6.79506e-05	-0.0144365	0	0	0	0	-9.33702e-05	-0.0144216	6.79506e-05	-0.0144365	0	0	0	0	-9.33702e-05	-0.0144216	
69.5077	6.76514e-05	-0.0144038	0	0	0	0	-9.29624e-05	-0.014389	6.76514e-05	-0.0144038	0	0	0	0	-9.29624e-05	-0.014389	
69.6648	6.73541e-05	-0.0143712	0	0	0	0	-9.25577e-05	-0.0143566	6.73541e-05	-0.0143712	0	0	0	0	-9.25577e-05	-0.0143566	
69.8219	6.70587e-05	-0.0143389	0	0	0	0	-9.21551e-05	-0.0143242	6.70587e-05	-0.0143389	0	0	0	0	-9.21551e-05	-0.0143242	
69.979	6.67653e-05	-0.0143066	0	0	0	0	-9.17555e-05	-0.0142921	6.67653e-05	-0.0143066	0	0	0	0	-9.17555e-05	-0.0142921	
70.1361	6.64738e-05	-0.0142745	0	0	0	0	-9.13585e-05	-0.0142601	6.64738e-05	-0.0142745	0	0	0	0	-9.13585e-05	-0.0142601	
70.2931	6.61842e-05	-0.0142425	0	0	0	0	-9.09635e-05	-0.0142282	6.61842e-05	-0.0142425	0	0	0	0	-9.09635e-05	-0.0142282	
70.4502	6.58964e-05	-0.0142107	0	0	0	0	-9.05716e-05	-0.0141964	6.58964e-05	-0.0142107	0	0	0	0	-9.05716e-05	-0.0141964	
70.6073	6.56105e-05	-0.014179	0	0	0	0	-9.01817e-05	-0.0141648	6.56105e-05	-0.014179	0	0	0	0	-9.01817e-05	-0.0141648	
70.7644	6.53264e-05	-0.0141475	0	0	0	0	-8.97948e-05	-0.0141334	6.53264e-05	-0.0141475	0	0	0	0	-8.97948e-05	-0.0141334	
70.9215	6.50442e-05	-0.0141161	0	0	0	0	-8.941e-05	-0.0141021	6.50442e-05	-0.0141161	0	0	0	0	-8.941e-05	-0.0141021	
71.0785	6.47638e-05	-0.0140848	0	0	0	0	-8.90277e-05	-0.0140709	6.47638e-05	-0.0140848	0	0	0	0	-8.90277e-05	-0.0140709	
71.2356	6.44851e-05	-0.0140537	0	0	0	0	-8.86479e-05	-0.0140399	6.44851e-05	-0.0140537	0	0	0	0	-8.86479e-05	-0.0140399	
71.3927	6.42083e-05	-0.0140227	0	0	0	0	-8.82702e-05	-0.014009	6.42083e-05	-0.0140227	0	0	0	0	-8.82702e-05	-0.014009	
71.5498	6.39332e-05	-0.0139919	0	0	0	0	-8.78954e-05	-0.0139782	6.39332e-05	-0.0139919	0	0	0	0	-8.78954e-05	-0.0139782	
71.7069	6.36599e-05	-0.0139611	0	0	0	0	-8.75227e-05	-0.0139476	6.36599e-05	-0.0139611	0	0	0	0	-8.75227e-05	-0.0139476	
71.8639	6.33883e-05	-0.0139305	0	0	0	0	-8.7152e-05	-0.0139171	6.33883e-05	-0.0139305	0	0	0	0	-8.7152e-05	-0.0139171	
72.021	6.31183e-05	-0.0139001	0	0	0	0	-8.67843e-05	-0.0138867	6.31183e-05	-0.0139001	0	0	0	0	-8.67843e-05	-0.0138867	
72.1781	6.28502e-05	-0.0138698	0	0	0	0	-8.64185e-05	-0.0138565	6.28502e-05	-0.0138698	0	0	0	0	-8.64185e-05	-0.0138565	
72.3352	6.25837e-05	-0.0138396	0	0	0	0	-8.60548e-05	-0.0138264	6.25837e-05	-0.0138396	0	0	0	0	-8.60548e-05	-0.0138264	
72.4923	6.23188e-05	-0.0138095	0	0	0	0	-8.56936e-05	-0.0137964	6.23188e-05	-0.0138095	0	0	0	0	-8.56936e-05	-0.0137964	
72.6493	6.20557e-05	-0.0137796	0	0	0	0	-8.53348e-05	-0.0137666	6.20557e-05	-0.0137796	0	0	0	0	-8.53348e-05	-0.0137666	
72.8064	6.17942e-05	-0.0137498	0	0	0	0	-8.4978e-05	-0.0137369	6.17942e-05	-0.0137498	0	0	0	0	-8.4978e-05	-0.0137369	
72.9635	6.15344e-05	-0.0137202	0	0	0	0	-8.46233e-05	-0.0137073	6.15344e-05	-0.0137202	0	0	0	0	-8.46233e-05	-0.0137073	
73.1206	6.12761e-05	-0.0136906	0	0	0	0	-8.42709e-05	-0.0136779	6.12761e-05	-0.0136906	0	0	0	0	-8.42709e-05	-0.0136779	
73.2776	6.10195e-05	-0.0136612	0	0	0	0	-8.39206e-05	-0.0136485	6.10195e-05	-0.0136612	0	0	0	0	-8.39206e-05	-0.0136485	
73.4347	6.07645e-05	-0.0136319	0	0	0	0	-8.35727e-05	-0.0136193	6.07645e-05	-0.0136319	0	0	0	0	-8.35727e-05	-0.0136193	
73.5918	6.0511e-05	-0.0136028	0	0	0	0	-8.32268e-05	-0.0135903	6.0511e-05	-0.0136028	0	0	0	0	-8.32268e-05	-0.0135903	
73.7489	6.02591e-05	-0.0135738	0	0	0	0	-8.28834e-05	-0.0135613	6.02591e-05	-0.0135738	0	0	0	0	-8.28834e-05	-0.0135613	
73.906	6.00088e-05	-0.0135449	0	0	0	0	-8.25414e-05	-0.0135325	6.00088e-05	-0.0135449	0	0	0	0	-8.25414e-05	-0.0135325	
74.063	5.976e-05	-0.0135161	0	0	0	0	-8.22018e-05	-0.0135038	5.976e-05	-0.0135161	0	0	0	0	-8.22018e-05	-0.0135038	
74.2201	5.95127e-05	-0.0134874	0	0	0	0	-8.18642e-05	-0.0134752	5.95127e-05	-0.0134874	0	0	0	0	-8.18642e-05	-0.0134752	
74.3772	5.9267e-05	-0.0134588	0	0	0	0	-8.15291e-05	-0.0134467	5.9267e-05	-0.0134588	0	0	0	0	-8.15291e-05	-0.0134467	
74.5343	5.90228e-05	-0.0134304	0	0	0	0	-8.11954e-05	-0.0134184	5.90228e-05	-0.0134304	0	0	0	0	-8.11954e-05	-0.0134184	
74.6914	5.87801e-05	-0.0134021	0	0	0	0	-8.08641e-05	-0.0133901	5.87801e-05	-0.0134021	0	0	0	0	-8.08641e-05	-0.0133901	
74.8484	5.85389e-05	-0.013374	0	0	0	0	-8.05348e-05	-0.013362	5.85389e-05	-0.013374	0	0	0	0	-8.05348e-05	-0.013362	
75.0055	5.82991e-05	-0.0133459	0	0	0	0	-8.02074e-05	-0.0133341	5.82991e-05	-0.0133459	0	0	0	0	-8.02074e-05	-0.0133341	
75.1626	5.80607e-05	-0.0133179	0	0	0	0	-7.98819e-05	-0.0133062	5.80607e-05	-0.0133179	0	0	0	0	-7.98819e-05	-0.0133062	
75.3197	5.78239e-05	-0.0132901	0	0	0	0	-7.95584e-05	-0.0132784	5.78239e-05	-0.0132901	0	0	0	0	-7.95584e-05	-0.0132784	
75.4768	5.75885e-05	-0.0132624	0	0	0	0	-7.92368e-05	-0.0132508	5.75885e-05	-0.0132624	0	0	0	0	-7.92368e-05	-0.0132508	
75.6338	5.73545e-05	-0.0132348	0	0	0	0	-7.89171e-05	-0.0132233	5.73545e-05	-0.0132348	0	0	0	0	-7.89171e-05	-0.0132233	
75.7909	5.71219e-05	-0.0132073	0	0	0	0	-7.85993e-05	-0.0131959	5.71219e-05	-0.0132073	0	0	0	0	-7.85993e-05	-0.0131959	
75.948	5.68906e-05	-0.0131799	0	0	0	0	-7.82834e-05	-0.0131686	5.68906e-05	-0.0131799	0	0	0	0	-7.82834e-05	-0.0131686	
76.1051	5.66608e-05	-0.0131527	0	0	0	0	-7.79695e-05	-0.0131414	5.66608e-05	-0.0131527	0	0	0	0	-7.79695e-05	-0.0131414	
76.2622	5.64325e-05	-0.0131255	0	0	0	0	-7.76574e-05	-0.0131143	5.64325e-05	-0.0131255	0	0	0	0	-7.76574e-05	-0.0131143	
76.4192	5.62054e-05	-0.0130985	0	0	0	0	-7.73472e-05	-0.0130873	5.62054e-05	-0.0130985	0	0	0	0	-7.73472e-05	-0.0130873	
76.5763	5.59797e-05	-0.0130716	0	0	0	0	-7.7039e-05	-0.0130605	5.59797e-05	-0.0130716	0	0	0	0	-7.7039e-05	-0.0130605	
76.7334	5.57553e-05	-0.0130448	0	0	0	0	-7.67327e-05	-0.0130337	5.57553e-05	-0.0130448	0	0	0	0	-7.67327e-05	-0.0130337	
76.8905	5.55323e-05	-0.0130181	0	0	0	0	-7.64277e-05	-0.0130071	5.55323e-05	-0.0130181	0	0	0	0	-7.64277e-05	-0.0130071	
77.0476	5.53106e-05	-0.0129915	0	0	0	0	-7.61246e-05	-0.0129806	5.53106e-05	-0.0129915	0	0	0	0	-7.61246e-05	-0.0129806	
77.2046	5.50903e-05	-0.012965	0	0	0	0	-7.58234e-05	-0.0129541	5.50903e-05	-0.012965	0	0	0	0	-7.58234e-05	-0.0129541	
77.3617	5.48712e-05	-0.0129386	0	0	0	0	-7.55241e-05	-0.0129279	5.48712e-05	-0.0129386	0	0	0	0	-7.55241e-05	-0.0129279	
77.5188	5.46534e-05	-0.0129124	0	0	0	0	-7.52267e-05	-0.0129017	5.46534e-05	-0.0129124	0	0	0	0	-7.52267e-05	-0.0129017	
77.6759	5.44369e-05	-0.0128862	0	0	0	0	-7.49307e-05	-0.0128756	5.44369e-05	-0.0128862	0	0	0	0	-7.49307e-05	-0.0128756	
77.833	5.42217e-05	-0.0128602	0	0	0	0	-7.46365e-05	-0.0128496	5.42217e-05	-0.0128602	0	0	0	0	-7.46365e-05	-0.0128496	
77.99	5.40078e-05	-0.0128342	0	0	0	0	-7.43437e-05	-0.0128236	5.40078e-05	-0.0128342	0	0	0	0	-7.43437e-05	-0.0128236	
78.1471	5.37951e-05	-0.0128084	0	0	0	0	-7.40533e-05	-0.0127979	5.37951e-05	-0.0128084	0	0	0	0	-7.40533e-05	-0.0127979	
78.3042	5.35837e-05	-0.0127826	0	0	0	0	-7.37642e-05	-0.0127722	5.35837e-05	-0.0127826	0	0	0	0	-7.37642e-05	-0.0127722	
78.4613	5.33734e-05	-0.012757	0	0	0	0	-7.34766e-05	-0.0127467	5.33734e-05	-0.012757	0	0	0	0	-7.34766e-05	-0.0127467	
