0.0785398	-0.0065557	-1.57251	0	0	0	0	0.0138216	-0.902505	-0.0065557	-1.57251	0	0	0	0	0.0138216	-0.902505	
0.235619	-0.0104137	-1.13146	0	0	0	0	0.0095995	-0.759682	-0.0104137	-1.13146	0	0	0	0	0.0095995	-0.759682	
0.392699	9.1455e-05	-0.870135	0	0	0	0	0.0060681	-0.65262	9.1455e-05	-0.870135	0	0	0	0	0.0060681	-0.65262	
0.549779	-0.000568681	-0.708932	0	0	0	0	0.00126282	-0.571874	-0.000568681	-0.708932	0	0	0	0	0.00126282	-0.571874	
0.706858	-0.00695614	-0.607092	0	0	0	0	0.000708048	-0.512231	-0.00695614	-0.607092	0	0	0	0	0.000708048	-0.512231	
0.863938	-0.00556406	-0.539295	0	0	0	0	-0.000570382	-0.464456	-0.00556406	-0.539295	0	0	0	0	-0.000570382	-0.464456	
1.02102	0.00239494	-0.473196	0	0	0	0	-0.000515356	-0.42529	0.00239494	-0.473196	0	0	0	0	-0.000515356	-0.42529	
1.1781	-0.000578965	-0.437665	0	0	0	0	0.000862729	-0.394956	-0.000578965	-0.437665	0	0	0	0	0.000862729	-0.394956	
1.33518	0.000371967	-0.404698	0	0	0	0	0.000879644	-0.369292	0.000371967	-0.404698	0	0	0	0	0.000879644	-0.369292	
1.49226	-0.00477178	-0.371686	0	0	0	0	0.00233621	-0.347519	-0.00477178	-0.371686	0	0	0	0	0.00233621	-0.347519	
1.64934	0.00635614	-0.352056	0	0	0	0	0.00223494	-0.33013	0.00635614	-0.352056	0	0	0	0	0.00223494	-0.33013	
1.80642	0.000371075	-0.331293	0	0	0	0	0.000772015	-0.315566	0.000371075	-0.331293	0	0	0	0	0.000772015	-0.315566	
1.9635	-0.00225609	-0.310343	0	0	0	0	0.00273189	-0.303613	-0.00225609	-0.310343	0	0	0	0	0.00273189	-0.303613	
2.12058	-0.000952595	-0.302161	0	0	0	0	0.00228884	-0.289863	-0.000952595	-0.302161	0	0	0	0	0.00228884	-0.289863	
2.27765	0.00267395	-0.292075	0	0	0	0	0.00273401	-0.277703	0.00267395	-0.292075	0	0	0	0	0.00273401	-0.277703	
2.43473	0.00225921	-0.279563	0	0	0	0	0.00289383	-0.2673	0.00225921	-0.279563	0	0	0	0	0.00289383	-0.2673	
2.59181	-0.000232604	-0.267865	0	0	0	0	0.00249097	-0.258196	-0.000232604	-0.267865	0	0	0	0	0.00249097	-0.258196	
2.74889	-0.00214061	-0.258176	0	0	0	0	0.00193417	-0.250007	-0.00214061	-0.258176	0	0	0	0	0.00193417	-0.250007	
2.90597	-0.00281376	-0.250066	0	0	0	0	0.0015348	-0.242416	-0.00281376	-0.250066	0	0	0	0	0.0015348	-0.242416	
3.06305	-0.00270739	-0.242759	0	0	0	0	0.001373	-0.235188	-0.00270739	-0.242759	0	0	0	0	0.001373	-0.235188	
3.22013	-0.00238187	-0.235718	0	0	0	0	0.00140397	-0.228197	-0.00238187	-0.235718	0	0	0	0	0.00140397	-0.228197	
3.37721	-0.00214639	-0.228716	0	0	0	0	0.00155233	-0.2214	-0.00214639	-0.228716	0	0	0	0	0.00155233	-0.2214	
3.53429	-0.00207571	-0.221738	0	0	0	0	0.00175385	-0.214809	-0.00207571	-0.221738	0	0	0	0	0.00175385	-0.214809	
3.69137	-0.00212219	-0.21486	0	0	0	0	0.00196496	-0.208454	-0.00212219	-0.21486	0	0	0	0	0.00196496	-0.208454	
3.84845	-0.00220545	-0.208179	0	0	0	0	0.0021598	-0.202367	-0.00220545	-0.208179	0	0	0	0	0.0021598	-0.202367	
4.00553	-0.00225861	-0.201776	0	0	0	0	0.00232482	-0.196573	-0.00225861	-0.201776	0	0	0	0	0.00232482	-0.196573	
4.16261	-0.00224269	-0.1957	0	0	0	0	0.00245421	-0.191078	-0.00224269	-0.1957	0	0	0	0	0.00245421	-0.191078	
4.31969	-0.00214473	-0.189975	0	0	0	0	0.00254676	-0.185883	-0.00214473	-0.189975	0	0	0	0	0.00254676	-0.185883	
4.47677	-0.00197005	-0.184603	0	0	0	0	0.00260394	-0.180976	-0.00197005	-0.184603	0	0	0	0	0.00260394	-0.180976	
4.63385	-0.00173422	-0.17957	0	0	0	0	0.00262868	-0.176343	-0.00173422	-0.17957	0	0	0	0	0.00262868	-0.176343	
4.79093	-0.00145681	-0.174857	0	0	0	0	0.00262465	-0.171964	-0.00145681	-0.174857	0	0	0	0	0.00262465	-0.171964	
4.94801	-0.0011572	-0.170434	0	0	0	0	0.0025958	-0.167822	-0.0011572	-0.170434	0	0	0	0	0.0025958	-0.167822	
5.10509	-0.000852377	-0.166278	0	0	0	0	0.00254608	-0.163894	-0.000852377	-0.166278	0	0	0	0	0.00254608	-0.163894	
5.26217	-0.000555893	-0.162363	0	0	0	0	0.00247927	-0.160164	-0.000555893	-0.162363	0	0	0	0	0.00247927	-0.160164	
5.41925	-0.000277728	-0.158661	0	0	0	0	0.00239886	-0.156615	-0.000277728	-0.158661	0	0	0	0	0.00239886	-0.156615	
5.57633	-2.4588e-05	-0.155152	0	0	0	0	0.00230796	-0.15323	-2.4588e-05	-0.155152	0	0	0	0	0.00230796	-0.15323	
5.73341	0.000199582	-0.151817	0	0	0	0	0.00220939	-0.149997	0.000199582	-0.151817	0	0	0	0	0.00220939	-0.149997	
5.89049	0.000393031	-0.148638	0	0	0	0	0.00210552	-0.146902	0.000393031	-0.148638	0	0	0	0	0.00210552	-0.146902	
6.04757	0.000555659	-0.145601	0	0	0	0	0.00199841	-0.143934	0.000555659	-0.145601	0	0	0	0	0.00199841	-0.143934	
6.20465	0.000688544	-0.142692	0	0	0	0	0.00188978	-0.141085	0.000688544	-0.142692	0	0	0	0	0.00188978	-0.141085	
6.36173	0.00079355	-0.139902	0	0	0	0	0.00178107	-0.138345	0.00079355	-0.139902	0	0	0	0	0.00178107	-0.138345	
6.5188	0.000873024	-0.137219	0	0	0	0	0.0016734	-0.135707	0.000873024	-0.137219	0	0	0	0	0.0016734	-0.135707	
6.67588	0.00092955	-0.134636	0	0	0	0	0.00156771	-0.133165	0.00092955	-0.134636	0	0	0	0	0.00156771	-0.133165	
6.83296	0.000965808	-0.132147	0	0	0	0	0.00146473	-0.130711	0.000965808	-0.132147	0	0	0	0	0.00146473	-0.130711	
6.99004	0.000984406	-0.129744	0	0	0	0	0.00136498	-0.128342	0.000984406	-0.129744	0	0	0	0	0.00136498	-0.128342	
7.14712	0.000987862	-0.127421	0	0	0	0	0.00126888	-0.126053	0.000987862	-0.127421	0	0	0	0	0.00126888	-0.126053	
7.3042	0.000978494	-0.125177	0	0	0	0	0.0011767	-0.123839	0.000978494	-0.125177	0	0	0	0	0.0011767	-0.123839	
7.46128	0.000958429	-0.123004	0	0	0	0	0.00108861	-0.121697	0.000958429	-0.123004	0	0	0	0	0.00108861	-0.121697	
7.61836	0.000929586	-0.120899	0	0	0	0	0.00100473	-0.119621	0.000929586	-0.120899	0	0	0	0	0.00100473	-0.119621	
7.77544	0.000893665	-0.118861	0	0	0	0	0.000925069	-0.117612	0.000893665	-0.118861	0	0	0	0	0.000925069	-0.117612	
7.93252	0.000852154	-0.116884	0	0	0	0	0.000849613	-0.115663	0.000852154	-0.116884	0	0	0	0	0.000849613	-0.115663	
8.0896	0.000806367	-0.114965	0	0	0	0	0.000778294	-0.113772	0.000806367	-0.114965	0	0	0	0	0.000778294	-0.113772	
8.24668	0.000757427	-0.113103	0	0	0	0	0.000711016	-0.111938	0.000757427	-0.113103	0	0	0	0	0.000711016	-0.111938	
8.40376	0.00070629	-0.111295	0	0	0	0	0.000647658	-0.110158	0.00070629	-0.111295	0	0	0	0	0.000647658	-0.110158	
8.56084	0.000653785	-0.109539	0	0	0	0	0.000588082	-0.108429	0.000653785	-0.109539	0	0	0	0	0.000588082	-0.108429	
8.71792	0.000600589	-0.107833	0	0	0	0	0.000532137	-0.10675	0.000600589	-0.107833	0	0	0	0	0.000532137	-0.10675	
8.875	0.000547285	-0.106175	0	0	0	0	0.000479667	-0.105118	0.000547285	-0.106175	0	0	0	0	0.000479667	-0.105118	
9.03208	0.000494342	-0.104562	0	0	0	0	0.000430507	-0.103532	0.000494342	-0.104562	0	0	0	0	0.000430507	-0.103532	
9.18916	0.000442148	-0.102993	0	0	0	0	0.000384495	-0.101989	0.000442148	-0.102993	0	0	0	0	0.000384495	-0.101989	
9.34624	0.000391016	-0.101467	0	0	0	0	0.000341467	-0.100488	0.000391016	-0.101467	0	0	0	0	0.000341467	-0.100488	
9.50332	0.000341192	-0.0999813	0	0	0	0	0.000301262	-0.0990282	0.000341192	-0.0999813	0	0	0	0	0.000301262	-0.0990282	
9.6604	0.000292871	-0.0985354	0	0	0	0	0.000263723	-0.0976069	0.000292871	-0.0985354	0	0	0	0	0.000263723	-0.0976069	
9.81748	0.000246194	-0.0971275	0	0	0	0	0.000228699	-0.0962231	0.000246194	-0.0971275	0	0	0	0	0.000228699	-0.0962231	
9.97456	0.00020127	-0.0957562	0	0	0	0	0.000196041	-0.0948755	0.00020127	-0.0957562	0	0	0	0	0.000196041	-0.0948755	
10.1316	0.00015817	-0.0944201	0	0	0	0	0.000165608	-0.0935626	0.00015817	-0.0944201	0	0	0	0	0.000165608	-0.0935626	
10.2887	0.000116938	-0.0931181	0	0	0	0	0.000137268	-0.0922834	0.000116938	-0.0931181	0	0	0	0	0.000137268	-0.0922834	
10.4458	7.75945e-05	-0.0918491	0	0	0	0	0.00011089	-0.0910365	7.75945e-05	-0.0918491	0	0	0	0	0.00011089	-0.0910365	
10.6029	4.01425e-05	-0.0906118	0	0	0	0	8.63522e-05	-0.0898209	4.01425e-05	-0.0906118	0	0	0	0	8.63522e-05	-0.0898209	
10.76	4.5665e-06	-0.0894052	0	0	0	0	6.35403e-05	-0.0886355	4.5665e-06	-0.0894052	0	0	0	0	6.35403e-05	-0.0886355	
10.917	-2.9158e-05	-0.0882283	0	0	0	0	4.23439e-05	-0.0874792	-2.9158e-05	-0.0882283	0	0	0	0	4.23439e-05	-0.0874792	
11.0741	-6.10695e-05	-0.0870799	0	0	0	0	2.26603e-05	-0.086351	-6.10695e-05	-0.0870799	0	0	0	0	2.26603e-05	-0.086351	
11.2312	-9.1211e-05	-0.0859593	0	0	0	0	4.39215e-06	-0.08525	-9.1211e-05	-0.0859593	0	0	0	0	4.39215e-06	-0.08525	
11.3883	-0.000119635	-0.0848655	0	0	0	0	-1.2552e-05	-0.0841752	-0.000119635	-0.0848655	0	0	0	0	-1.2552e-05	-0.0841752	
11.5454	-0.000146394	-0.0837976	0	0	0	0	-2.82581e-05	-0.0831258	-0.000146394	-0.0837976	0	0	0	0	-2.82581e-05	-0.0831258	
11.7024	-0.000171549	-0.0827547	0	0	0	0	-4.2807e-05	-0.082101	-0.000171549	-0.0827547	0	0	0	0	-4.2807e-05	-0.082101	
11.8595	-0.000195159	-0.0817361	0	0	0	0	-5.62744e-05	-0.0810999	-0.000195159	-0.0817361	0	0	0	0	-5.62744e-05	-0.0810999	
12.0166	-0.000217287	-0.080741	0	0	0	0	-6.87314e-05	-0.0801218	-0.000217287	-0.080741	0	0	0	0	-6.87314e-05	-0.0801218	
12.1737	-0.000237994	-0.0797685	0	0	0	0	-8.02443e-05	-0.0791659	-0.000237994	-0.0797685	0	0	0	0	-8.02443e-05	-0.0791659	
12.3308	-0.000257344	-0.0788182	0	0	0	0	-9.08756e-05	-0.0782315	-0.000257344	-0.0788182	0	0	0	0	-9.08756e-05	-0.0782315	
12.4878	-0.000275399	-0.077889	0	0	0	0	-0.000100684	-0.077318	-0.000275399	-0.077889	0	0	0	0	-0.000100684	-0.077318	
12.6449	-0.000292218	-0.0769806	0	0	0	0	-0.000109723	-0.0764247	-0.000292218	-0.0769806	0	0	0	0	-0.000109723	-0.0764247	
12.802	-0.000307862	-0.0760921	0	0	0	0	-0.000118044	-0.0755509	-0.000307862	-0.0760921	0	0	0	0	-0.000118044	-0.0755509	
12.9591	-0.000322389	-0.075223	0	0	0	0	-0.000125696	-0.0746961	-0.000322389	-0.075223	0	0	0	0	-0.000125696	-0.0746961	
13.1161	-0.000335855	-0.0743728	0	0	0	0	-0.000132721	-0.0738596	-0.000335855	-0.0743728	0	0	0	0	-0.000132721	-0.0738596	
13.2732	-0.000348316	-0.0735406	0	0	0	0	-0.000139164	-0.073041	-0.000348316	-0.0735406	0	0	0	0	-0.000139164	-0.073041	
13.4303	-0.000359823	-0.0727262	0	0	0	0	-0.000145061	-0.0722397	-0.000359823	-0.0727262	0	0	0	0	-0.000145061	-0.0722397	
13.5874	-0.000370428	-0.071929	0	0	0	0	-0.000150449	-0.071455	-0.000370428	-0.071929	0	0	0	0	-0.000150449	-0.071455	
13.7445	-0.000380178	-0.0711483	0	0	0	0	-0.000155364	-0.0706866	-0.000380178	-0.0711483	0	0	0	0	-0.000155364	-0.0706866	
13.9015	-0.000389123	-0.0703839	0	0	0	0	-0.000159835	-0.069934	-0.000389123	-0.0703839	0	0	0	0	-0.000159835	-0.069934	
14.0586	-0.000397304	-0.0696351	0	0	0	0	-0.000163894	-0.0691968	-0.000397304	-0.0696351	0	0	0	0	-0.000163894	-0.0691968	
14.2157	-0.000404766	-0.0689016	0	0	0	0	-0.000167567	-0.0684744	-0.000404766	-0.0689016	0	0	0	0	-0.000167567	-0.0684744	
14.3728	-0.000411548	-0.0681828	0	0	0	0	-0.000170881	-0.0677665	-0.000411548	-0.0681828	0	0	0	0	-0.000170881	-0.0677665	
14.5299	-0.000417691	-0.0674783	0	0	0	0	-0.00017386	-0.0670725	-0.000417691	-0.0674783	0	0	0	0	-0.00017386	-0.0670725	
14.6869	-0.000423229	-0.0667878	0	0	0	0	-0.000176526	-0.0663922	-0.000423229	-0.0667878	0	0	0	0	-0.000176526	-0.0663922	
14.844	-0.000428201	-0.0661108	0	0	0	0	-0.0001789	-0.0657252	-0.000428201	-0.0661108	0	0	0	0	-0.0001789	-0.0657252	
15.0011	-0.000432635	-0.0654471	0	0	0	0	-0.000181002	-0.065071	-0.000432635	-0.0654471	0	0	0	0	-0.000181002	-0.065071	
15.1582	-0.000436568	-0.0647961	0	0	0	0	-0.000182851	-0.0644293	-0.000436568	-0.0647961	0	0	0	0	-0.000182851	-0.0644293	
15.3153	-0.000440026	-0.0641576	0	0	0	0	-0.000184465	-0.0637999	-0.000440026	-0.0641576	0	0	0	0	-0.000184465	-0.0637999	
15.4723	-0.00044304	-0.0635312	0	0	0	0	-0.000185858	-0.0631822	-0.00044304	-0.0635312	0	0	0	0	-0.000185858	-0.0631822	
15.6294	-0.000445635	-0.0629166	0	0	0	0	-0.000187046	-0.0625761	-0.000445635	-0.0629166	0	0	0	0	-0.000187046	-0.0625761	
15.7865	-0.000447838	-0.0623135	0	0	0	0	-0.000188043	-0.0619812	-0.000447838	-0.0623135	0	0	0	0	-0.000188043	-0.0619812	
15.9436	-0.000449671	-0.0617215	0	0	0	0	-0.000188862	-0.0613973	-0.000449671	-0.0617215	0	0	0	0	-0.000188862	-0.0613973	
16.1007	-0.000451159	-0.0611404	0	0	0	0	-0.000189516	-0.0608238	-0.000451159	-0.0611404	0	0	0	0	-0.000189516	-0.0608238	
16.2577	-0.000452323	-0.0605698	0	0	0	0	-0.000190016	-0.0602609	-0.000452323	-0.0605698	0	0	0	0	-0.000190016	-0.0602609	
16.4148	-0.000453184	-0.0600095	0	0	0	0	-0.000190373	-0.059708	-0.000453184	-0.0600095	0	0	0	0	-0.000190373	-0.059708	
16.5719	-0.000453759	-0.0594593	0	0	0	0	-0.000190596	-0.0591648	-0.000453759	-0.0594593	0	0	0	0	-0.000190596	-0.0591648	
16.729	-0.000454069	-0.0589189	0	0	0	0	-0.000190696	-0.0586313	-0.000454069	-0.0589189	0	0	0	0	-0.000190696	-0.0586313	
16.8861	-0.000454128	-0.058388	0	0	0	0	-0.000190681	-0.0581071	-0.000454128	-0.058388	0	0	0	0	-0.000190681	-0.0581071	
17.0431	-0.000453954	-0.0578663	0	0	0	0	-0.000190559	-0.0575919	-0.000453954	-0.0578663	0	0	0	0	-0.000190559	-0.0575919	
17.2002	-0.000453564	-0.0573537	0	0	0	0	-0.000190339	-0.0570856	-0.000453564	-0.0573537	0	0	0	0	-0.000190339	-0.0570856	
17.3573	-0.00045297	-0.0568499	0	0	0	0	-0.000190026	-0.0565879	-0.00045297	-0.0568499	0	0	0	0	-0.000190026	-0.0565879	
17.5144	-0.000452186	-0.0563548	0	0	0	0	-0.000189628	-0.0560988	-0.000452186	-0.0563548	0	0	0	0	-0.000189628	-0.0560988	
17.6715	-0.000451225	-0.0558679	0	0	0	0	-0.000189153	-0.0556177	-0.000451225	-0.0558679	0	0	0	0	-0.000189153	-0.0556177	
17.8285	-0.000450099	-0.0553893	0	0	0	0	-0.000188603	-0.0551447	-0.000450099	-0.0553893	0	0	0	0	-0.000188603	-0.0551447	
17.9856	-0.000448821	-0.0549186	0	0	0	0	-0.000187986	-0.0546796	-0.000448821	-0.0549186	0	0	0	0	-0.000187986	-0.0546796	
18.1427	-0.000447399	-0.0544557	0	0	0	0	-0.000187308	-0.054222	-0.000447399	-0.0544557	0	0	0	0	-0.000187308	-0.054222	
18.2998	-0.000445846	-0.0540005	0	0	0	0	-0.000186572	-0.0537719	-0.000445846	-0.0540005	0	0	0	0	-0.000186572	-0.0537719	
18.4569	-0.000444169	-0.0535527	0	0	0	0	-0.000185783	-0.0533291	-0.000444169	-0.0535527	0	0	0	0	-0.000185783	-0.0533291	
18.6139	-0.000442379	-0.0531121	0	0	0	0	-0.000184946	-0.0528933	-0.000442379	-0.0531121	0	0	0	0	-0.000184946	-0.0528933	
18.771	-0.000440483	-0.0526786	0	0	0	0	-0.000184064	-0.0524645	-0.000440483	-0.0526786	0	0	0	0	-0.000184064	-0.0524645	
18.9281	-0.00043849	-0.0522519	0	0	0	0	-0.000183141	-0.0520425	-0.00043849	-0.0522519	0	0	0	0	-0.000183141	-0.0520425	
19.0852	-0.000436407	-0.051832	0	0	0	0	-0.000182181	-0.0516271	-0.000436407	-0.051832	0	0	0	0	-0.000182181	-0.0516271	
19.2423	-0.000434241	-0.0514187	0	0	0	0	-0.000181186	-0.0512182	-0.000434241	-0.0514187	0	0	0	0	-0.000181186	-0.0512182	
19.3993	-0.000431999	-0.0510118	0	0	0	0	-0.000180161	-0.0508156	-0.000431999	-0.0510118	0	0	0	0	-0.000180161	-0.0508156	
19.5564	-0.000429688	-0.0506113	0	0	0	0	-0.000179107	-0.0504191	-0.000429688	-0.0506113	0	0	0	0	-0.000179107	-0.0504191	
19.7135	-0.000427312	-0.0502169	0	0	0	0	-0.000178028	-0.0500287	-0.000427312	-0.0502169	0	0	0	0	-0.000178028	-0.0500287	
19.8706	-0.000424878	-0.0498284	0	0	0	0	-0.000176926	-0.0496443	-0.000424878	-0.0498284	0	0	0	0	-0.000176926	-0.0496443	
20.0277	-0.000422391	-0.0494459	0	0	0	0	-0.000175802	-0.0492656	-0.000422391	-0.0494459	0	0	0	0	-0.000175802	-0.0492656	
20.1847	-0.000419856	-0.0490691	0	0	0	0	-0.00017466	-0.0488925	-0.000419856	-0.0490691	0	0	0	0	-0.00017466	-0.0488925	
20.3418	-0.000417277	-0.048698	0	0	0	0	-0.000173503	-0.0485249	-0.000417277	-0.048698	0	0	0	0	-0.000173503	-0.0485249	
20.4989	-0.00041466	-0.0483323	0	0	0	0	-0.000172329	-0.0481628	-0.00041466	-0.0483323	0	0	0	0	-0.000172329	-0.0481628	
20.656	-0.000412007	-0.0479721	0	0	0	0	-0.000171143	-0.047806	-0.000412007	-0.0479721	0	0	0	0	-0.000171143	-0.047806	
20.8131	-0.000409322	-0.047617	0	0	0	0	-0.000169946	-0.0474543	-0.000409322	-0.047617	0	0	0	0	-0.000169946	-0.0474543	
20.9701	-0.000406611	-0.0472671	0	0	0	0	-0.000168739	-0.0471077	-0.000406611	-0.0472671	0	0	0	0	-0.000168739	-0.0471077	
21.1272	-0.000403874	-0.0469223	0	0	0	0	-0.000167524	-0.0467661	-0.000403874	-0.0469223	0	0	0	0	-0.000167524	-0.0467661	
21.2843	-0.000401117	-0.0465824	0	0	0	0	-0.000166302	-0.0464292	-0.000401117	-0.0465824	0	0	0	0	-0.000166302	-0.0464292	
21.4414	-0.000398342	-0.0462473	0	0	0	0	-0.000165074	-0.0460972	-0.000398342	-0.0462473	0	0	0	0	-0.000165074	-0.0460972	
21.5984	-0.000395552	-0.045917	0	0	0	0	-0.000163842	-0.0457698	-0.000395552	-0.045917	0	0	0	0	-0.000163842	-0.0457698	
21.7555	-0.000392748	-0.0455913	0	0	0	0	-0.000162607	-0.0454469	-0.000392748	-0.0455913	0	0	0	0	-0.000162607	-0.0454469	
21.9126	-0.000389935	-0.0452701	0	0	0	0	-0.00016137	-0.0451286	-0.000389935	-0.0452701	0	0	0	0	-0.00016137	-0.0451286	
22.0697	-0.000387113	-0.0449534	0	0	0	0	-0.00016013	-0.0448146	-0.000387113	-0.0449534	0	0	0	0	-0.00016013	-0.0448146	
22.2268	-0.000384287	-0.0446411	0	0	0	0	-0.000158891	-0.0445049	-0.000384287	-0.0446411	0	0	0	0	-0.000158891	-0.0445049	
22.3838	-0.000381456	-0.0443329	0	0	0	0	-0.000157652	-0.0441993	-0.000381456	-0.0443329	0	0	0	0	-0.000157652	-0.0441993	
22.5409	-0.000378623	-0.044029	0	0	0	0	-0.000156414	-0.0438979	-0.000378623	-0.044029	0	0	0	0	-0.000156414	-0.0438979	
22.698	-0.000375791	-0.0437292	0	0	0	0	-0.000155179	-0.0436006	-0.000375791	-0.0437292	0	0	0	0	-0.000155179	-0.0436006	
22.8551	-0.00037296	-0.0434333	0	0	0	0	-0.000153945	-0.0433072	-0.00037296	-0.0434333	0	0	0	0	-0.000153945	-0.0433072	
23.0122	-0.000370132	-0.0431415	0	0	0	0	-0.000152714	-0.0430177	-0.000370132	-0.0431415	0	0	0	0	-0.000152714	-0.0430177	
23.1692	-0.000367309	-0.0428535	0	0	0	0	-0.000151488	-0.0427319	-0.000367309	-0.0428535	0	0	0	0	-0.000151488	-0.0427319	
23.3263	-0.000364493	-0.0425692	0	0	0	0	-0.000150267	-0.0424499	-0.000364493	-0.0425692	0	0	0	0	-0.000150267	-0.0424499	
23.4834	-0.000361683	-0.0422887	0	0	0	0	-0.000149048	-0.0421716	-0.000361683	-0.0422887	0	0	0	0	-0.000149048	-0.0421716	
23.6405	-0.000358881	-0.0420118	0	0	0	0	-0.000147836	-0.0418968	-0.000358881	-0.0420118	0	0	0	0	-0.000147836	-0.0418968	
23.7976	-0.000356089	-0.0417385	0	0	0	0	-0.00014663	-0.0416256	-0.000356089	-0.0417385	0	0	0	0	-0.00014663	-0.0416256	
23.9546	-0.000353308	-0.0414687	0	0	0	0	-0.000145429	-0.0413579	-0.000353308	-0.0414687	0	0	0	0	-0.000145429	-0.0413579	
24.1117	-0.000350538	-0.0412023	0	0	0	0	-0.000144235	-0.0410935	-0.000350538	-0.0412023	0	0	0	0	-0.000144235	-0.0410935	
24.2688	-0.000347781	-0.0409393	0	0	0	0	-0.000143047	-0.0408324	-0.000347781	-0.0409393	0	0	0	0	-0.000143047	-0.0408324	
24.4259	-0.000345036	-0.0406796	0	0	0	0	-0.000141866	-0.0405746	-0.000345036	-0.0406796	0	0	0	0	-0.000141866	-0.0405746	
24.583	-0.000342305	-0.0404232	0	0	0	0	-0.000140694	-0.04032	-0.000342305	-0.0404232	0	0	0	0	-0.000140694	-0.04032	
24.74	-0.00033959	-0.0401699	0	0	0	0	-0.000139528	-0.0400685	-0.00033959	-0.0401699	0	0	0	0	-0.000139528	-0.0400685	
24.8971	-0.000336889	-0.0399198	0	0	0	0	-0.00013837	-0.0398201	-0.000336889	-0.0399198	0	0	0	0	-0.00013837	-0.0398201	
25.0542	-0.000334204	-0.0396727	0	0	0	0	-0.00013722	-0.0395748	-0.000334204	-0.0396727	0	0	0	0	-0.00013722	-0.0395748	
25.2113	-0.000331535	-0.0394286	0	0	0	0	-0.000136078	-0.0393324	-0.000331535	-0.0394286	0	0	0	0	-0.000136078	-0.0393324	
25.3684	-0.000328884	-0.0391876	0	0	0	0	-0.000134945	-0.039093	-0.000328884	-0.0391876	0	0	0	0	-0.000134945	-0.039093	
25.5254	-0.000326249	-0.0389494	0	0	0	0	-0.000133819	-0.0388565	-0.000326249	-0.0389494	0	0	0	0	-0.000133819	-0.0388565	
25.6825	-0.000323632	-0.038714	0	0	0	0	-0.000132703	-0.0386227	-0.000323632	-0.038714	0	0	0	0	-0.000132703	-0.0386227	
25.8396	-0.000321034	-0.0384816	0	0	0	0	-0.000131595	-0.0383917	-0.000321034	-0.0384816	0	0	0	0	-0.000131595	-0.0383917	
25.9967	-0.000318453	-0.0382518	0	0	0	0	-0.000130496	-0.0381635	-0.000318453	-0.0382518	0	0	0	0	-0.000130496	-0.0381635	
26.1538	-0.000315892	-0.0380247	0	0	0	0	-0.000129406	-0.0379378	-0.000315892	-0.0380247	0	0	0	0	-0.000129406	-0.0379378	
26.3108	-0.000313349	-0.0378003	0	0	0	0	-0.000128325	-0.0377149	-0.000313349	-0.0378003	0	0	0	0	-0.000128325	-0.0377149	
26.4679	-0.000310825	-0.0375786	0	0	0	0	-0.000127254	-0.0374946	-0.000310825	-0.0375786	0	0	0	0	-0.000127254	-0.0374946	
26.625	-0.000308322	-0.0373593	0	0	0	0	-0.000126192	-0.0372767	-0.000308322	-0.0373593	0	0	0	0	-0.000126192	-0.0372767	
26.7821	-0.000305838	-0.0371426	0	0	0	0	-0.000125138	-0.0370614	-0.000305838	-0.0371426	0	0	0	0	-0.000125138	-0.0370614	
26.9392	-0.000303373	-0.0369284	0	0	0	0	-0.000124094	-0.0368485	-0.000303373	-0.0369284	0	0	0	0	-0.000124094	-0.0368485	
27.0962	-0.000300927	-0.0367167	0	0	0	0	-0.000123059	-0.0366381	-0.000300927	-0.0367167	0	0	0	0	-0.000123059	-0.0366381	
27.2533	-0.000298503	-0.0365073	0	0	0	0	-0.000122033	-0.03643	-0.000298503	-0.0365073	0	0	0	0	-0.000122033	-0.03643	
27.4104	-0.000296099	-0.0363003	0	0	0	0	-0.000121017	-0.0362242	-0.000296099	-0.0363003	0	0	0	0	-0.000121017	-0.0362242	
27.5675	-0.000293714	-0.0360956	0	0	0	0	-0.000120009	-0.0360208	-0.000293714	-0.0360956	0	0	0	0	-0.000120009	-0.0360208	
27.7246	-0.000291351	-0.0358933	0	0	0	0	-0.000119012	-0.0358195	-0.000291351	-0.0358933	0	0	0	0	-0.000119012	-0.0358195	
27.8816	-0.000289007	-0.0356931	0	0	0	0	-0.000118023	-0.0356206	-0.000289007	-0.0356931	0	0	0	0	-0.000118023	-0.0356206	
28.0387	-0.000286683	-0.0354951	0	0	0	0	-0.000117044	-0.0354238	-0.000286683	-0.0354951	0	0	0	0	-0.000117044	-0.0354238	
28.1958	-0.000284381	-0.0352993	0	0	0	0	-0.000116074	-0.035229	-0.000284381	-0.0352993	0	0	0	0	-0.000116074	-0.035229	
28.3529	-0.000282099	-0.0351057	0	0	0	0	-0.000115112	-0.0350365	-0.000282099	-0.0351057	0	0	0	0	-0.000115112	-0.0350365	
28.51	-0.000279837	-0.0349141	0	0	0	0	-0.000114162	-0.0348461	-0.000279837	-0.0349141	0	0	0	0	-0.000114162	-0.0348461	
28.667	-0.000277595	-0.0347246	0	0	0	0	-0.000113219	-0.0346576	-0.000277595	-0.0347246	0	0	0	0	-0.000113219	-0.0346576	
28.8241	-0.000275373	-0.0345372	0	0	0	0	-0.000112286	-0.0344712	-0.000275373	-0.0345372	0	0	0	0	-0.000112286	-0.0344712	
28.9812	-0.000273172	-0.0343517	0	0	0	0	-0.000111362	-0.0342867	-0.000273172	-0.0343517	0	0	0	0	-0.000111362	-0.0342867	
29.1383	-0.000270991	-0.0341683	0	0	0	0	-0.000110447	-0.0341043	-0.000270991	-0.0341683	0	0	0	0	-0.000110447	-0.0341043	
29.2954	-0.00026883	-0.0339868	0	0	0	0	-0.00010954	-0.0339237	-0.00026883	-0.0339868	0	0	0	0	-0.00010954	-0.0339237	
29.4524	-0.00026669	-0.0338072	0	0	0	0	-0.000108643	-0.033745	-0.00026669	-0.0338072	0	0	0	0	-0.000108643	-0.033745	
29.6095	-0.000264569	-0.0336294	0	0	0	0	-0.000107755	-0.0335682	-0.000264569	-0.0336294	0	0	0	0	-0.000107755	-0.0335682	
29.7666	-0.000262468	-0.0334534	0	0	0	0	-0.000106875	-0.0333932	-0.000262468	-0.0334534	0	0	0	0	-0.000106875	-0.0333932	
29.9237	-0.000260386	-0.0332793	0	0	0	0	-0.000106004	-0.0332201	-0.000260386	-0.0332793	0	0	0	0	-0.000106004	-0.0332201	
30.0807	-0.000258326	-0.0331071	0	0	0	0	-0.000105143	-0.0330486	-0.000258326	-0.0331071	0	0	0	0	-0.000105143	-0.0330486	
30.2378	-0.000256284	-0.0329365	0	0	0	0	-0.000104289	-0.032879	-0.000256284	-0.0329365	0	0	0	0	-0.000104289	-0.032879	
30.3949	-0.000254261	-0.0327678	0	0	0	0	-0.000103445	-0.032711	-0.000254261	-0.0327678	0	0	0	0	-0.000103445	-0.032711	
30.552	-0.000252259	-0.0326007	0	0	0	0	-0.000102609	-0.0325448	-0.000252259	-0.0326007	0	0	0	0	-0.000102609	-0.0325448	
30.7091	-0.000250275	-0.0324354	0	0	0	0	-0.00010178	-0.0323802	-0.000250275	-0.0324354	0	0	0	0	-0.00010178	-0.0323802	
30.8661	-0.00024831	-0.0322716	0	0	0	0	-0.000100962	-0.0322173	-0.00024831	-0.0322716	0	0	0	0	-0.000100962	-0.0322173	
31.0232	-0.000246365	-0.0321095	0	0	0	0	-0.00010015	-0.032056	-0.000246365	-0.0321095	0	0	0	0	-0.00010015	-0.032056	
31.1803	-0.000244438	-0.0319491	0	0	0	0	-9.93475e-05	-0.0318963	-0.000244438	-0.0319491	0	0	0	0	-9.93475e-05	-0.0318963	
31.3374	-0.00024253	-0.0317902	0	0	0	0	-9.85532e-05	-0.0317381	-0.00024253	-0.0317902	0	0	0	0	-9.85532e-05	-0.0317381	
31.4945	-0.000240641	-0.0316329	0	0	0	0	-9.77665e-05	-0.0315816	-0.000240641	-0.0316329	0	0	0	0	-9.77665e-05	-0.0315816	
31.6515	-0.00023877	-0.0314771	0	0	0	0	-9.69879e-05	-0.0314266	-0.00023877	-0.0314771	0	0	0	0	-9.69879e-05	-0.0314266	
31.8086	-0.000236917	-0.0313228	0	0	0	0	-9.62173e-05	-0.0312731	-0.000236917	-0.0313228	0	0	0	0	-9.62173e-05	-0.0312731	
31.9657	-0.000235083	-0.0311701	0	0	0	0	-9.54551e-05	-0.031121	-0.000235083	-0.0311701	0	0	0	0	-9.54551e-05	-0.031121	
32.1228	-0.000233266	-0.0310188	0	0	0	0	-9.46999e-05	-0.0309704	-0.000233266	-0.0310188	0	0	0	0	-9.46999e-05	-0.0309704	
32.2799	-0.000231467	-0.030869	0	0	0	0	-9.39531e-05	-0.0308212	-0.000231467	-0.030869	0	0	0	0	-9.39531e-05	-0.0308212	
32.4369	-0.000229685	-0.0307206	0	0	0	0	-9.32136e-05	-0.0306735	-0.000229685	-0.0307206	0	0	0	0	-9.32136e-05	-0.0306735	
32.594	-0.000227922	-0.0305736	0	0	0	0	-9.24818e-05	-0.0305271	-0.000227922	-0.0305736	0	0	0	0	-9.24818e-05	-0.0305271	
32.7511	-0.000226176	-0.030428	0	0	0	0	-9.17575e-05	-0.0303822	-0.000226176	-0.030428	0	0	0	0	-9.17575e-05	-0.0303822	
32.9082	-0.000224447	-0.0302838	0	0	0	0	-9.10405e-05	-0.0302386	-0.000224447	-0.0302838	0	0	0	0	-9.10405e-05	-0.0302386	
33.0653	-0.000222735	-0.030141	0	0	0	0	-9.0331e-05	-0.0300964	-0.000222735	-0.030141	0	0	0	0	-9.0331e-05	-0.0300964	
33.2223	-0.00022104	-0.0299995	0	0	0	0	-8.96288e-05	-0.0299555	-0.00022104	-0.0299995	0	0	0	0	-8.96288e-05	-0.0299555	
33.3794	-0.000219362	-0.0298592	0	0	0	0	-8.89338e-05	-0.0298158	-0.000219362	-0.0298592	0	0	0	0	-8.89338e-05	-0.0298158	
33.5365	-0.000217699	-0.0297203	0	0	0	0	-8.82458e-05	-0.0296776	-0.000217699	-0.0297203	0	0	0	0	-8.82458e-05	-0.0296776	
33.6936	-0.000216054	-0.0295827	0	0	0	0	-8.7565e-05	-0.0295405	-0.000216054	-0.0295827	0	0	0	0	-8.7565e-05	-0.0295405	
33.8507	-0.000214426	-0.0294464	0	0	0	0	-8.68911e-05	-0.0294047	-0.000214426	-0.0294464	0	0	0	0	-8.68911e-05	-0.0294047	
34.0077	-0.000212812	-0.0293112	0	0	0	0	-8.62241e-05	-0.0292702	-0.000212812	-0.0293112	0	0	0	0	-8.62241e-05	-0.0292702	
34.1648	-0.000211215	-0.0291774	0	0	0	0	-8.5564e-05	-0.0291368	-0.000211215	-0.0291774	0	0	0	0	-8.5564e-05	-0.0291368	
34.3219	-0.000209634	-0.0290448	0	0	0	0	-8.49106e-05	-0.0290047	-0.000209634	-0.0290448	0	0	0	0	-8.49106e-05	-0.0290047	
34.479	-0.000208068	-0.0289133	0	0	0	0	-8.42638e-05	-0.0288738	-0.000208068	-0.0289133	0	0	0	0	-8.42638e-05	-0.0288738	
34.6361	-0.000206518	-0.028783	0	0	0	0	-8.36237e-05	-0.028744	-0.000206518	-0.028783	0	0	0	0	-8.36237e-05	-0.028744	
34.7931	-0.000204983	-0.0286539	0	0	0	0	-8.29902e-05	-0.0286153	-0.000204983	-0.0286539	0	0	0	0	-8.29902e-05	-0.0286153	
34.9502	-0.000203463	-0.0285258	0	0	0	0	-8.23631e-05	-0.0284879	-0.000203463	-0.0285258	0	0	0	0	-8.23631e-05	-0.0284879	
35.1073	-0.000201959	-0.028399	0	0	0	0	-8.17424e-05	-0.0283615	-0.000201959	-0.028399	0	0	0	0	-8.17424e-05	-0.0283615	
35.2644	-0.000200468	-0.0282732	0	0	0	0	-8.1128e-05	-0.0282363	-0.000200468	-0.0282732	0	0	0	0	-8.1128e-05	-0.0282363	
35.4215	-0.000198993	-0.0281487	0	0	0	0	-8.05198e-05	-0.0281121	-0.000198993	-0.0281487	0	0	0	0	-8.05198e-05	-0.0281121	
35.5785	-0.000197532	-0.0280251	0	0	0	0	-7.99179e-05	-0.0279891	-0.000197532	-0.0280251	0	0	0	0	-7.99179e-05	-0.0279891	
35.7356	-0.000196087	-0.0279027	0	0	0	0	-7.93221e-05	-0.027867	-0.000196087	-0.0279027	0	0	0	0	-7.93221e-05	-0.027867	
35.8927	-0.000194655	-0.0277813	0	0	0	0	-7.87323e-05	-0.0277461	-0.000194655	-0.0277813	0	0	0	0	-7.87323e-05	-0.0277461	
36.0498	-0.000193237	-0.0276609	0	0	0	0	-7.81485e-05	-0.0276262	-0.000193237	-0.0276609	0	0	0	0	-7.81485e-05	-0.0276262	
36.2069	-0.000191832	-0.0275416	0	0	0	0	-7.75706e-05	-0.0275073	-0.000191832	-0.0275416	0	0	0	0	-7.75706e-05	-0.0275073	
36.3639	-0.000190442	-0.0274233	0	0	0	0	-7.69985e-05	-0.0273894	-0.000190442	-0.0274233	0	0	0	0	-7.69985e-05	-0.0273894	
36.521	-0.000189065	-0.0273061	0	0	0	0	-7.64322e-05	-0.0272726	-0.000189065	-0.0273061	0	0	0	0	-7.64322e-05	-0.0272726	
36.6781	-0.000187702	-0.0271898	0	0	0	0	-7.58716e-05	-0.0271568	-0.000187702	-0.0271898	0	0	0	0	-7.58716e-05	-0.0271568	
36.8352	-0.000186352	-0.0270745	0	0	0	0	-7.53166e-05	-0.0270418	-0.000186352	-0.0270745	0	0	0	0	-7.53166e-05	-0.0270418	
36.9923	-0.000185015	-0.0269602	0	0	0	0	-7.47672e-05	-0.0269279	-0.000185015	-0.0269602	0	0	0	0	-7.47672e-05	-0.0269279	
37.1493	-0.000183691	-0.0268467	0	0	0	0	-7.42234e-05	-0.026815	-0.000183691	-0.0268467	0	0	0	0	-7.42234e-05	-0.026815	
37.3064	-0.000182381	-0.0267344	0	0	0	0	-7.36849e-05	-0.026703	-0.000182381	-0.0267344	0	0	0	0	-7.36849e-05	-0.026703	
37.4635	-0.000181083	-0.0266228	0	0	0	0	-7.31518e-05	-0.0265918	-0.000181083	-0.0266228	0	0	0	0	-7.31518e-05	-0.0265918	
37.6206	-0.000179797	-0.0265123	0	0	0	0	-7.26241e-05	-0.0264817	-0.000179797	-0.0265123	0	0	0	0	-7.26241e-05	-0.0264817	
37.7777	-0.000178525	-0.0264026	0	0	0	0	-7.21017e-05	-0.0263724	-0.000178525	-0.0264026	0	0	0	0	-7.21017e-05	-0.0263724	
37.9347	-0.000177263	-0.0262939	0	0	0	0	-7.15845e-05	-0.026264	-0.000177263	-0.0262939	0	0	0	0	-7.15845e-05	-0.026264	
38.0918	-0.000176016	-0.026186	0	0	0	0	-7.10723e-05	-0.0261564	-0.000176016	-0.026186	0	0	0	0	-7.10723e-05	-0.0261564	
38.2489	-0.000174779	-0.026079	0	0	0	0	-7.05653e-05	-0.0260498	-0.000174779	-0.026079	0	0	0	0	-7.05653e-05	-0.0260498	
38.406	-0.000173554	-0.025973	0	0	0	0	-7.00632e-05	-0.025944	-0.000173554	-0.025973	0	0	0	0	-7.00632e-05	-0.025944	
38.563	-0.000172342	-0.0258677	0	0	0	0	-6.95662e-05	-0.0258391	-0.000172342	-0.0258677	0	0	0	0	-6.95662e-05	-0.0258391	
38.7201	-0.00017114	-0.0257633	0	0	0	0	-6.9074e-05	-0.025735	-0.00017114	-0.0257633	0	0	0	0	-6.9074e-05	-0.025735	
38.8772	-0.000169952	-0.0256597	0	0	0	0	-6.85867e-05	-0.0256318	-0.000169952	-0.0256597	0	0	0	0	-6.85867e-05	-0.0256318	
39.0343	-0.000168773	-0.025557	0	0	0	0	-6.81042e-05	-0.0255294	-0.000168773	-0.025557	0	0	0	0	-6.81042e-05	-0.0255294	
39.1914	-0.000167607	-0.025455	0	0	0	0	-6.76264e-05	-0.0254278	-0.000167607	-0.025455	0	0	0	0	-6.76264e-05	-0.0254278	
39.3484	-0.000166451	-0.0253539	0	0	0	0	-6.71533e-05	-0.025327	-0.000166451	-0.0253539	0	0	0	0	-6.71533e-05	-0.025327	
39.5055	-0.000165307	-0.0252536	0	0	0	0	-6.66847e-05	-0.025227	-0.000165307	-0.0252536	0	0	0	0	-6.66847e-05	-0.025227	
39.6626	-0.000164173	-0.025154	0	0	0	0	-6.62208e-05	-0.0251277	-0.000164173	-0.025154	0	0	0	0	-6.62208e-05	-0.0251277	
39.8197	-0.00016305	-0.0250553	0	0	0	0	-6.57615e-05	-0.0250293	-0.00016305	-0.0250553	0	0	0	0	-6.57615e-05	-0.0250293	
39.9768	-0.000161938	-0.0249573	0	0	0	0	-6.53065e-05	-0.0249316	-0.000161938	-0.0249573	0	0	0	0	-6.53065e-05	-0.0249316	
40.1338	-0.000160836	-0.0248601	0	0	0	0	-6.4856e-05	-0.0248346	-0.000160836	-0.0248601	0	0	0	0	-6.4856e-05	-0.0248346	
40.2909	-0.000159745	-0.0247636	0	0	0	0	-6.44098e-05	-0.0247385	-0.000159745	-0.0247636	0	0	0	0	-6.44098e-05	-0.0247385	
40.448	-0.000158664	-0.0246679	0	0	0	0	-6.3968e-05	-0.024643	-0.000158664	-0.0246679	0	0	0	0	-6.3968e-05	-0.024643	
40.6051	-0.000157594	-0.0245729	0	0	0	0	-6.35303e-05	-0.0245483	-0.000157594	-0.0245729	0	0	0	0	-6.35303e-05	-0.0245483	
40.7622	-0.000156533	-0.0244786	0	0	0	0	-6.3097e-05	-0.0244543	-0.000156533	-0.0244786	0	0	0	0	-6.3097e-05	-0.0244543	
40.9192	-0.000155482	-0.0243851	0	0	0	0	-6.26677e-05	-0.0243611	-0.000155482	-0.0243851	0	0	0	0	-6.26677e-05	-0.0243611	
41.0763	-0.000154442	-0.0242923	0	0	0	0	-6.22426e-05	-0.0242685	-0.000154442	-0.0242923	0	0	0	0	-6.22426e-05	-0.0242685	
41.2334	-0.000153411	-0.0242001	0	0	0	0	-6.18216e-05	-0.0241766	-0.000153411	-0.0242001	0	0	0	0	-6.18216e-05	-0.0241766	
41.3905	-0.000152389	-0.0241087	0	0	0	0	-6.14046e-05	-0.0240855	-0.000152389	-0.0241087	0	0	0	0	-6.14046e-05	-0.0240855	
41.5476	-0.000151377	-0.0240179	0	0	0	0	-6.09915e-05	-0.023995	-0.000151377	-0.0240179	0	0	0	0	-6.09915e-05	-0.023995	
41.7046	-0.000150375	-0.0239279	0	0	0	0	-6.05823e-05	-0.0239051	-0.000150375	-0.0239279	0	0	0	0	-6.05823e-05	-0.0239051	
41.8617	-0.000149382	-0.0238384	0	0	0	0	-6.0177e-05	-0.023816	-0.000149382	-0.0238384	0	0	0	0	-6.0177e-05	-0.023816	
42.0188	-0.000148398	-0.0237497	0	0	0	0	-5.97757e-05	-0.0237275	-0.000148398	-0.0237497	0	0	0	0	-5.97757e-05	-0.0237275	
42.1759	-0.000147423	-0.0236616	0	0	0	0	-5.9378e-05	-0.0236396	-0.000147423	-0.0236616	0	0	0	0	-5.9378e-05	-0.0236396	
42.333	-0.000146457	-0.0235742	0	0	0	0	-5.89841e-05	-0.0235525	-0.000146457	-0.0235742	0	0	0	0	-5.89841e-05	-0.0235525	
42.49	-0.0001455	-0.0234874	0	0	0	0	-5.85939e-05	-0.0234659	-0.0001455	-0.0234874	0	0	0	0	-5.85939e-05	-0.0234659	
42.6471	-0.000144553	-0.0234012	0	0	0	0	-5.82074e-05	-0.02338	-0.000144553	-0.0234012	0	0	0	0	-5.82074e-05	-0.02338	
42.8042	-0.000143613	-0.0233157	0	0	0	0	-5.78244e-05	-0.0232947	-0.000143613	-0.0233157	0	0	0	0	-5.78244e-05	-0.0232947	
42.9613	-0.000142682	-0.0232308	0	0	0	0	-5.74452e-05	-0.02321	-0.000142682	-0.0232308	0	0	0	0	-5.74452e-05	-0.02321	
43.1184	-0.000141759	-0.0231465	0	0	0	0	-5.70693e-05	-0.0231259	-0.000141759	-0.0231465	0	0	0	0	-5.70693e-05	-0.0231259	
43.2754	-0.000140846	-0.0230628	0	0	0	0	-5.6697e-05	-0.0230424	-0.000140846	-0.0230628	0	0	0	0	-5.6697e-05	-0.0230424	
43.4325	-0.00013994	-0.0229798	0	0	0	0	-5.63282e-05	-0.0229596	-0.00013994	-0.0229798	0	0	0	0	-5.63282e-05	-0.0229596	
43.5896	-0.000139043	-0.0228973	0	0	0	0	-5.59628e-05	-0.0228773	-0.000139043	-0.0228973	0	0	0	0	-5.59628e-05	-0.0228773	
43.7467	-0.000138154	-0.0228154	0	0	0	0	-5.56007e-05	-0.0227956	-0.000138154	-0.0228154	0	0	0	0	-5.56007e-05	-0.0227956	
43.9038	-0.000137273	-0.022734	0	0	0	0	-5.52419e-05	-0.0227145	-0.000137273	-0.022734	0	0	0	0	-5.52419e-05	-0.0227145	
44.0608	-0.0001364	-0.0226533	0	0	0	0	-5.48865e-05	-0.0226339	-0.0001364	-0.0226533	0	0	0	0	-5.48865e-05	-0.0226339	
44.2179	-0.000135534	-0.0225732	0	0	0	0	-5.45344e-05	-0.022554	-0.000135534	-0.0225732	0	0	0	0	-5.45344e-05	-0.022554	
44.375	-0.000134677	-0.0224936	0	0	0	0	-5.41854e-05	-0.0224746	-0.000134677	-0.0224936	0	0	0	0	-5.41854e-05	-0.0224746	
44.5321	-0.000133827	-0.0224145	0	0	0	0	-5.38397e-05	-0.0223957	-0.000133827	-0.0224145	0	0	0	0	-5.38397e-05	-0.0223957	
44.6892	-0.000132985	-0.022336	0	0	0	0	-5.3497e-05	-0.0223174	-0.000132985	-0.022336	0	0	0	0	-5.3497e-05	-0.0223174	
44.8462	-0.00013215	-0.0222581	0	0	0	0	-5.31575e-05	-0.0222397	-0.00013215	-0.0222581	0	0	0	0	-5.31575e-05	-0.0222397	
45.0033	-0.000131323	-0.0221807	0	0	0	0	-5.2821e-05	-0.0221625	-0.000131323	-0.0221807	0	0	0	0	-5.2821e-05	-0.0221625	
45.1604	-0.000130503	-0.0221038	0	0	0	0	-5.24877e-05	-0.0220858	-0.000130503	-0.0221038	0	0	0	0	-5.24877e-05	-0.0220858	
45.3175	-0.00012969	-0.0220275	0	0	0	0	-5.21573e-05	-0.0220096	-0.00012969	-0.0220275	0	0	0	0	-5.21573e-05	-0.0220096	
45.4746	-0.000128885	-0.0219516	0	0	0	0	-5.183e-05	-0.021934	-0.000128885	-0.0219516	0	0	0	0	-5.183e-05	-0.021934	
45.6316	-0.000128087	-0.0218763	0	0	0	0	-5.15056e-05	-0.0218589	-0.000128087	-0.0218763	0	0	0	0	-5.15056e-05	-0.0218589	
45.7887	-0.000127296	-0.0218016	0	0	0	0	-5.1184e-05	-0.0217843	-0.000127296	-0.0218016	0	0	0	0	-5.1184e-05	-0.0217843	
45.9458	-0.000126512	-0.0217273	0	0	0	0	-5.08653e-05	-0.0217102	-0.000126512	-0.0217273	0	0	0	0	-5.08653e-05	-0.0217102	
46.1029	-0.000125734	-0.0216535	0	0	0	0	-5.05495e-05	-0.0216366	-0.000125734	-0.0216535	0	0	0	0	-5.05495e-05	-0.0216366	
46.26	-0.000124963	-0.0215803	0	0	0	0	-5.02365e-05	-0.0215635	-0.000124963	-0.0215803	0	0	0	0	-5.02365e-05	-0.0215635	
46.417	-0.0001242	-0.0215075	0	0	0	0	-4.99262e-05	-0.0214908	-0.0001242	-0.0215075	0	0	0	0	-4.99262e-05	-0.0214908	
46.5741	-0.000123443	-0.0214352	0	0	0	0	-4.96188e-05	-0.0214188	-0.000123443	-0.0214352	0	0	0	0	-4.96188e-05	-0.0214188	
46.7312	-0.000122692	-0.0213634	0	0	0	0	-4.9314e-05	-0.0213471	-0.000122692	-0.0213634	0	0	0	0	-4.9314e-05	-0.0213471	
46.8883	-0.000121948	-0.021292	0	0	0	0	-4.9012e-05	-0.0212759	-0.000121948	-0.021292	0	0	0	0	-4.9012e-05	-0.0212759	
47.0453	-0.00012121	-0.0212213	0	0	0	0	-4.87126e-05	-0.0212052	-0.00012121	-0.0212213	0	0	0	0	-4.87126e-05	-0.0212052	
47.2024	-0.000120479	-0.0211508	0	0	0	0	-4.84158e-05	-0.021135	-0.000120479	-0.0211508	0	0	0	0	-4.84158e-05	-0.021135	
47.3595	-0.000119755	-0.0210809	0	0	0	0	-4.81216e-05	-0.0210653	-0.000119755	-0.0210809	0	0	0	0	-4.81216e-05	-0.0210653	
47.5166	-0.000119036	-0.0210115	0	0	0	0	-4.783e-05	-0.0209959	-0.000119036	-0.0210115	0	0	0	0	-4.783e-05	-0.0209959	
47.6737	-0.000118323	-0.0209424	0	0	0	0	-4.7541e-05	-0.0209271	-0.000118323	-0.0209424	0	0	0	0	-4.7541e-05	-0.0209271	
47.8307	-0.000117617	-0.0208738	0	0	0	0	-4.72544e-05	-0.0208587	-0.000117617	-0.0208738	0	0	0	0	-4.72544e-05	-0.0208587	
47.9878	-0.000116917	-0.0208058	0	0	0	0	-4.69704e-05	-0.0207907	-0.000116917	-0.0208058	0	0	0	0	-4.69704e-05	-0.0207907	
48.1449	-0.000116223	-0.0207381	0	0	0	0	-4.66888e-05	-0.0207232	-0.000116223	-0.0207381	0	0	0	0	-4.66888e-05	-0.0207232	
48.302	-0.000115534	-0.0206708	0	0	0	0	-4.64096e-05	-0.0206561	-0.000115534	-0.0206708	0	0	0	0	-4.64096e-05	-0.0206561	
48.4591	-0.000114851	-0.0206041	0	0	0	0	-4.61329e-05	-0.0205895	-0.000114851	-0.0206041	0	0	0	0	-4.61329e-05	-0.0205895	
48.6161	-0.000114175	-0.0205378	0	0	0	0	-4.58585e-05	-0.0205232	-0.000114175	-0.0205378	0	0	0	0	-4.58585e-05	-0.0205232	
48.7732	-0.000113504	-0.0204717	0	0	0	0	-4.55864e-05	-0.0204575	-0.000113504	-0.0204717	0	0	0	0	-4.55864e-05	-0.0204575	
48.9303	-0.000112838	-0.0204063	0	0	0	0	-4.53167e-05	-0.020392	-0.000112838	-0.0204063	0	0	0	0	-4.53167e-05	-0.020392	
49.0874	-0.000112179	-0.0203412	0	0	0	0	-4.50494e-05	-0.020327	-0.000112179	-0.0203412	0	0	0	0	-4.50494e-05	-0.020327	
49.2445	-0.000111525	-0.0202765	0	0	0	0	-4.47843e-05	-0.0202625	-0.000111525	-0.0202765	0	0	0	0	-4.47843e-05	-0.0202625	
49.4015	-0.000110875	-0.0202122	0	0	0	0	-4.45214e-05	-0.0201983	-0.000110875	-0.0202122	0	0	0	0	-4.45214e-05	-0.0201983	
49.5586	-0.000110232	-0.0201483	0	0	0	0	-4.42608e-05	-0.0201347	-0.000110232	-0.0201483	0	0	0	0	-4.42608e-05	-0.0201347	
49.7157	-0.000109594	-0.0200849	0	0	0	0	-4.40024e-05	-0.0200713	-0.000109594	-0.0200849	0	0	0	0	-4.40024e-05	-0.0200713	
49.8728	-0.000108962	-0.0200218	0	0	0	0	-4.37461e-05	-0.0200084	-0.000108962	-0.0200218	0	0	0	0	-4.37461e-05	-0.0200084	
50.0299	-0.000108334	-0.0199591	0	0	0	0	-4.3492e-05	-0.0199458	-0.000108334	-0.0199591	0	0	0	0	-4.3492e-05	-0.0199458	
50.1869	-0.000107712	-0.0198969	0	0	0	0	-4.32401e-05	-0.0198836	-0.000107712	-0.0198969	0	0	0	0	-4.32401e-05	-0.0198836	
50.344	-0.000107095	-0.019835	0	0	0	0	-4.29902e-05	-0.0198219	-0.000107095	-0.019835	0	0	0	0	-4.29902e-05	-0.0198219	
50.5011	-0.000106483	-0.0197734	0	0	0	0	-4.27425e-05	-0.0197604	-0.000106483	-0.0197734	0	0	0	0	-4.27425e-05	-0.0197604	
50.6582	-0.000105877	-0.0197123	0	0	0	0	-4.24968e-05	-0.0196994	-0.000105877	-0.0197123	0	0	0	0	-4.24968e-05	-0.0196994	
50.8153	-0.000105275	-0.0196516	0	0	0	0	-4.22532e-05	-0.0196388	-0.000105275	-0.0196516	0	0	0	0	-4.22532e-05	-0.0196388	
50.9723	-0.000104678	-0.0195911	0	0	0	0	-4.20116e-05	-0.0195786	-0.000104678	-0.0195911	0	0	0	0	-4.20116e-05	-0.0195786	
51.1294	-0.000104086	-0.0195311	0	0	0	0	-4.1772e-05	-0.0195186	-0.000104086	-0.0195311	0	0	0	0	-4.1772e-05	-0.0195186	
51.2865	-0.000103499	-0.0194715	0	0	0	0	-4.15343e-05	-0.0194591	-0.000103499	-0.0194715	0	0	0	0	-4.15343e-05	-0.0194591	
51.4436	-0.000102916	-0.0194122	0	0	0	0	-4.12987e-05	-0.0193999	-0.000102916	-0.0194122	0	0	0	0	-4.12987e-05	-0.0193999	
51.6007	-0.000102338	-0.0193532	0	0	0	0	-4.1065e-05	-0.019341	-0.000102338	-0.0193532	0	0	0	0	-4.1065e-05	-0.019341	
51.7577	-0.000101766	-0.0192946	0	0	0	0	-4.08332e-05	-0.0192826	-0.000101766	-0.0192946	0	0	0	0	-4.08332e-05	-0.0192826	
51.9148	-0.000101197	-0.0192365	0	0	0	0	-4.06033e-05	-0.0192245	-0.000101197	-0.0192365	0	0	0	0	-4.06033e-05	-0.0192245	
52.0719	-0.000100633	-0.0191786	0	0	0	0	-4.03752e-05	-0.0191667	-0.000100633	-0.0191786	0	0	0	0	-4.03752e-05	-0.0191667	
52.229	-0.000100074	-0.0191211	0	0	0	0	-4.01491e-05	-0.0191094	-0.000100074	-0.0191211	0	0	0	0	-4.01491e-05	-0.0191094	
52.3861	-9.95196e-05	-0.0190639	0	0	0	0	-3.99248e-05	-0.0190522	-9.95196e-05	-0.0190639	0	0	0	0	-3.99248e-05	-0.0190522	
52.5431	-9.8969e-05	-0.019007	0	0	0	0	-3.97022e-05	-0.0189955	-9.8969e-05	-0.019007	0	0	0	0	-3.97022e-05	-0.0189955	
52.7002	-9.84234e-05	-0.0189506	0	0	0	0	-3.94816e-05	-0.0189392	-9.84234e-05	-0.0189506	0	0	0	0	-3.94816e-05	-0.0189392	
52.8573	-9.78818e-05	-0.0188944	0	0	0	0	-3.92627e-05	-0.018883	-9.78818e-05	-0.0188944	0	0	0	0	-3.92627e-05	-0.018883	
53.0144	-9.73446e-05	-0.0188385	0	0	0	0	-3.90455e-05	-0.0188273	-9.73446e-05	-0.0188385	0	0	0	0	-3.90455e-05	-0.0188273	
53.1715	-9.68114e-05	-0.018783	0	0	0	0	-3.883e-05	-0.0187718	-9.68114e-05	-0.018783	0	0	0	0	-3.883e-05	-0.0187718	
53.3285	-9.62831e-05	-0.0187279	0	0	0	0	-3.86164e-05	-0.0187168	-9.62831e-05	-0.0187279	0	0	0	0	-3.86164e-05	-0.0187168	
53.4856	-9.57586e-05	-0.018673	0	0	0	0	-3.84044e-05	-0.018662	-9.57586e-05	-0.018673	0	0	0	0	-3.84044e-05	-0.018662	
53.6427	-9.5238e-05	-0.0186185	0	0	0	0	-3.81941e-05	-0.0186076	-9.5238e-05	-0.0186185	0	0	0	0	-3.81941e-05	-0.0186076	
53.7998	-9.47218e-05	-0.0185643	0	0	0	0	-3.79855e-05	-0.0185535	-9.47218e-05	-0.0185643	0	0	0	0	-3.79855e-05	-0.0185535	
53.9569	-9.42093e-05	-0.0185103	0	0	0	0	-3.77786e-05	-0.0184996	-9.42093e-05	-0.0185103	0	0	0	0	-3.77786e-05	-0.0184996	
54.1139	-9.37012e-05	-0.0184567	0	0	0	0	-3.75732e-05	-0.0184462	-9.37012e-05	-0.0184567	0	0	0	0	-3.75732e-05	-0.0184462	
54.271	-9.31974e-05	-0.0184034	0	0	0	0	-3.73695e-05	-0.0183929	-9.31974e-05	-0.0184034	0	0	0	0	-3.73695e-05	-0.0183929	
54.4281	-9.26968e-05	-0.0183504	0	0	0	0	-3.71675e-05	-0.0183401	-9.26968e-05	-0.0183504	0	0	0	0	-3.71675e-05	-0.0183401	
54.5852	-9.22005e-05	-0.0182978	0	0	0	0	-3.6967e-05	-0.0182875	-9.22005e-05	-0.0182978	0	0	0	0	-3.6967e-05	-0.0182875	
54.7423	-9.17078e-05	-0.0182454	0	0	0	0	-3.67681e-05	-0.0182351	-9.17078e-05	-0.0182454	0	0	0	0	-3.67681e-05	-0.0182351	
54.8993	-9.12194e-05	-0.0181933	0	0	0	0	-3.65708e-05	-0.0181832	-9.12194e-05	-0.0181933	0	0	0	0	-3.65708e-05	-0.0181832	
55.0564	-9.07343e-05	-0.0181415	0	0	0	0	-3.6375e-05	-0.0181315	-9.07343e-05	-0.0181415	0	0	0	0	-3.6375e-05	-0.0181315	
55.2135	-9.02532e-05	-0.0180901	0	0	0	0	-3.61807e-05	-0.0180801	-9.02532e-05	-0.0180901	0	0	0	0	-3.61807e-05	-0.0180801	
55.3706	-8.97759e-05	-0.0180389	0	0	0	0	-3.59879e-05	-0.018029	-8.97759e-05	-0.0180389	0	0	0	0	-3.59879e-05	-0.018029	
55.5277	-8.93022e-05	-0.017988	0	0	0	0	-3.57966e-05	-0.0179781	-8.93022e-05	-0.017988	0	0	0	0	-3.57966e-05	-0.0179781	
55.6847	-8.88316e-05	-0.0179373	0	0	0	0	-3.56069e-05	-0.0179276	-8.88316e-05	-0.0179373	0	0	0	0	-3.56069e-05	-0.0179276	
55.8418	-8.83654e-05	-0.017887	0	0	0	0	-3.54186e-05	-0.0178774	-8.83654e-05	-0.017887	0	0	0	0	-3.54186e-05	-0.0178774	
55.9989	-8.79023e-05	-0.0178369	0	0	0	0	-3.52317e-05	-0.0178274	-8.79023e-05	-0.0178369	0	0	0	0	-3.52317e-05	-0.0178274	
56.156	-8.74429e-05	-0.0177872	0	0	0	0	-3.50464e-05	-0.0177776	-8.74429e-05	-0.0177872	0	0	0	0	-3.50464e-05	-0.0177776	
56.313	-8.69869e-05	-0.0177377	0	0	0	0	-3.48623e-05	-0.0177283	-8.69869e-05	-0.0177377	0	0	0	0	-3.48623e-05	-0.0177283	
56.4701	-8.65345e-05	-0.0176884	0	0	0	0	-3.46797e-05	-0.0176791	-8.65345e-05	-0.0176884	0	0	0	0	-3.46797e-05	-0.0176791	
56.6272	-8.60854e-05	-0.0176395	0	0	0	0	-3.44986e-05	-0.0176302	-8.60854e-05	-0.0176395	0	0	0	0	-3.44986e-05	-0.0176302	
56.7843	-8.56397e-05	-0.0175908	0	0	0	0	-3.43188e-05	-0.0175816	-8.56397e-05	-0.0175908	0	0	0	0	-3.43188e-05	-0.0175816	
56.9414	-8.51975e-05	-0.0175423	0	0	0	0	-3.41403e-05	-0.0175333	-8.51975e-05	-0.0175423	0	0	0	0	-3.41403e-05	-0.0175333	
57.0984	-8.47585e-05	-0.0174942	0	0	0	0	-3.39633e-05	-0.0174852	-8.47585e-05	-0.0174942	0	0	0	0	-3.39633e-05	-0.0174852	
57.2555	-8.43228e-05	-0.0174463	0	0	0	0	-3.37875e-05	-0.0174374	-8.43228e-05	-0.0174463	0	0	0	0	-3.37875e-05	-0.0174374	
57.4126	-8.38904e-05	-0.0173987	0	0	0	0	-3.36131e-05	-0.0173898	-8.38904e-05	-0.0173987	0	0	0	0	-3.36131e-05	-0.0173898	
57.5697	-8.34612e-05	-0.0173514	0	0	0	0	-3.344e-05	-0.0173425	-8.34612e-05	-0.0173514	0	0	0	0	-3.344e-05	-0.0173425	
57.7268	-8.30352e-05	-0.0173043	0	0	0	0	-3.32682e-05	-0.0172955	-8.30352e-05	-0.0173043	0	0	0	0	-3.32682e-05	-0.0172955	
57.8838	-8.26123e-05	-0.0172574	0	0	0	0	-3.30977e-05	-0.0172487	-8.26123e-05	-0.0172574	0	0	0	0	-3.30977e-05	-0.0172487	
58.0409	-8.21927e-05	-0.0172108	0	0	0	0	-3.29285e-05	-0.0172021	-8.21927e-05	-0.0172108	0	0	0	0	-3.29285e-05	-0.0172021	
58.198	-8.17761e-05	-0.0171644	0	0	0	0	-3.27606e-05	-0.0171559	-8.17761e-05	-0.0171644	0	0	0	0	-3.27606e-05	-0.0171559	
58.3551	-8.13627e-05	-0.0171183	0	0	0	0	-3.25938e-05	-0.0171099	-8.13627e-05	-0.0171183	0	0	0	0	-3.25938e-05	-0.0171099	
58.5122	-8.09522e-05	-0.0170724	0	0	0	0	-3.24283e-05	-0.0170641	-8.09522e-05	-0.0170724	0	0	0	0	-3.24283e-05	-0.0170641	
58.6692	-8.05448e-05	-0.0170268	0	0	0	0	-3.22641e-05	-0.0170186	-8.05448e-05	-0.0170268	0	0	0	0	-3.22641e-05	-0.0170186	
58.8263	-8.01404e-05	-0.0169815	0	0	0	0	-3.21012e-05	-0.0169732	-8.01404e-05	-0.0169815	0	0	0	0	-3.21012e-05	-0.0169732	
58.9834	-7.97389e-05	-0.0169363	0	0	0	0	-3.19393e-05	-0.0169281	-7.97389e-05	-0.0169363	0	0	0	0	-3.19393e-05	-0.0169281	
59.1405	-7.93405e-05	-0.0168915	0	0	0	0	-3.17788e-05	-0.0168833	-7.93405e-05	-0.0168915	0	0	0	0	-3.17788e-05	-0.0168833	
59.2976	-7.89449e-05	-0.0168468	0	0	0	0	-3.16193e-05	-0.0168387	-7.89449e-05	-0.0168468	0	0	0	0	-3.16193e-05	-0.0168387	
59.4546	-7.85521e-05	-0.0168024	0	0	0	0	-3.1461e-05	-0.0167943	-7.85521e-05	-0.0168024	0	0	0	0	-3.1461e-05	-0.0167943	
59.6117	-7.81623e-05	-0.0167582	0	0	0	0	-3.1304e-05	-0.0167503	-7.81623e-05	-0.0167582	0	0	0	0	-3.1304e-05	-0.0167503	
59.7688	-7.77752e-05	-0.0167142	0	0	0	0	-3.1148e-05	-0.0167064	-7.77752e-05	-0.0167142	0	0	0	0	-3.1148e-05	-0.0167064	
59.9259	-7.7391e-05	-0.0166705	0	0	0	0	-3.09931e-05	-0.0166627	-7.7391e-05	-0.0166705	0	0	0	0	-3.09931e-05	-0.0166627	
60.083	-7.70096e-05	-0.016627	0	0	0	0	-3.08395e-05	-0.0166193	-7.70096e-05	-0.016627	0	0	0	0	-3.08395e-05	-0.0166193	
60.24	-7.66308e-05	-0.0165838	0	0	0	0	-3.0687e-05	-0.0165761	-7.66308e-05	-0.0165838	0	0	0	0	-3.0687e-05	-0.0165761	
60.3971	-7.62548e-05	-0.0165407	0	0	0	0	-3.05354e-05	-0.0165331	-7.62548e-05	-0.0165407	0	0	0	0	-3.05354e-05	-0.0165331	
60.5542	-7.58815e-05	-0.0164979	0	0	0	0	-3.03851e-05	-0.0164904	-7.58815e-05	-0.0164979	0	0	0	0	-3.03851e-05	-0.0164904	
60.7113	-7.55109e-05	-0.0164553	0	0	0	0	-3.02358e-05	-0.0164478	-7.55109e-05	-0.0164553	0	0	0	0	-3.02358e-05	-0.0164478	
60.8684	-7.51429e-05	-0.016413	0	0	0	0	-3.00876e-05	-0.0164055	-7.51429e-05	-0.016413	0	0	0	0	-3.00876e-05	-0.0164055	
61.0254	-7.47776e-05	-0.0163708	0	0	0	0	-2.99405e-05	-0.0163633	-7.47776e-05	-0.0163708	0	0	0	0	-2.99405e-05	-0.0163633	
61.1825	-7.44148e-05	-0.0163288	0	0	0	0	-2.97944e-05	-0.0163215	-7.44148e-05	-0.0163288	0	0	0	0	-2.97944e-05	-0.0163215	
61.3396	-7.40546e-05	-0.0162871	0	0	0	0	-2.96494e-05	-0.0162797	-7.40546e-05	-0.0162871	0	0	0	0	-2.96494e-05	-0.0162797	
61.4967	-7.3697e-05	-0.0162455	0	0	0	0	-2.95054e-05	-0.0162383	-7.3697e-05	-0.0162455	0	0	0	0	-2.95054e-05	-0.0162383	
61.6538	-7.3342e-05	-0.0162042	0	0	0	0	-2.93624e-05	-0.0161971	-7.3342e-05	-0.0162042	0	0	0	0	-2.93624e-05	-0.0161971	
61.8108	-7.29893e-05	-0.0161632	0	0	0	0	-2.92204e-05	-0.016156	-7.29893e-05	-0.0161632	0	0	0	0	-2.92204e-05	-0.016156	
61.9679	-7.26392e-05	-0.0161222	0	0	0	0	-2.90795e-05	-0.0161152	-7.26392e-05	-0.0161222	0	0	0	0	-2.90795e-05	-0.0161152	
62.125	-7.22916e-05	-0.0160816	0	0	0	0	-2.89395e-05	-0.0160745	-7.22916e-05	-0.0160816	0	0	0	0	-2.89395e-05	-0.0160745	
62.2821	-7.19464e-05	-0.0160411	0	0	0	0	-2.88005e-05	-0.0160341	-7.19464e-05	-0.0160411	0	0	0	0	-2.88005e-05	-0.0160341	
62.4392	-7.16036e-05	-0.0160008	0	0	0	0	-2.86626e-05	-0.0159939	-7.16036e-05	-0.0160008	0	0	0	0	-2.86626e-05	-0.0159939	
62.5962	-7.12632e-05	-0.0159607	0	0	0	0	-2.85256e-05	-0.0159538	-7.12632e-05	-0.0159607	0	0	0	0	-2.85256e-05	-0.0159538	
62.7533	-7.09251e-05	-0.0159208	0	0	0	0	-2.83895e-05	-0.015914	-7.09251e-05	-0.0159208	0	0	0	0	-2.83895e-05	-0.015914	
62.9104	-7.05895e-05	-0.0158812	0	0	0	0	-2.82544e-05	-0.0158744	-7.05895e-05	-0.0158812	0	0	0	0	-2.82544e-05	-0.0158744	
63.0675	-7.02561e-05	-0.0158416	0	0	0	0	-2.81203e-05	-0.015835	-7.02561e-05	-0.0158416	0	0	0	0	-2.81203e-05	-0.015835	
63.2246	-6.9925e-05	-0.0158024	0	0	0	0	-2.7987e-05	-0.0157957	-6.9925e-05	-0.0158024	0	0	0	0	-2.7987e-05	-0.0157957	
63.3816	-6.95963e-05	-0.0157632	0	0	0	0	-2.78548e-05	-0.0157567	-6.95963e-05	-0.0157632	0	0	0	0	-2.78548e-05	-0.0157567	
63.5387	-6.92698e-05	-0.0157244	0	0	0	0	-2.77234e-05	-0.0157178	-6.92698e-05	-0.0157244	0	0	0	0	-2.77234e-05	-0.0157178	
63.6958	-6.89456e-05	-0.0156857	0	0	0	0	-2.7593e-05	-0.0156791	-6.89456e-05	-0.0156857	0	0	0	0	-2.7593e-05	-0.0156791	
63.8529	-6.86235e-05	-0.0156472	0	0	0	0	-2.74634e-05	-0.0156407	-6.86235e-05	-0.0156472	0	0	0	0	-2.74634e-05	-0.0156407	
64.01	-6.83037e-05	-0.0156088	0	0	0	0	-2.73347e-05	-0.0156024	-6.83037e-05	-0.0156088	0	0	0	0	-2.73347e-05	-0.0156024	
64.167	-6.79861e-05	-0.0155707	0	0	0	0	-2.7207e-05	-0.0155643	-6.79861e-05	-0.0155707	0	0	0	0	-2.7207e-05	-0.0155643	
64.3241	-6.76707e-05	-0.0155327	0	0	0	0	-2.70801e-05	-0.0155264	-6.76707e-05	-0.0155327	0	0	0	0	-2.70801e-05	-0.0155264	
64.4812	-6.73574e-05	-0.015495	0	0	0	0	-2.6954e-05	-0.0154887	-6.73574e-05	-0.015495	0	0	0	0	-2.6954e-05	-0.0154887	
64.6383	-6.70462e-05	-0.0154573	0	0	0	0	-2.68289e-05	-0.0154512	-6.70462e-05	-0.0154573	0	0	0	0	-2.68289e-05	-0.0154512	
64.7953	-6.67371e-05	-0.0154199	0	0	0	0	-2.67045e-05	-0.0154138	-6.67371e-05	-0.0154199	0	0	0	0	-2.67045e-05	-0.0154138	
64.9524	-6.64301e-05	-0.0153828	0	0	0	0	-2.65811e-05	-0.0153766	-6.64301e-05	-0.0153828	0	0	0	0	-2.65811e-05	-0.0153766	
65.1095	-6.61252e-05	-0.0153457	0	0	0	0	-2.64585e-05	-0.0153396	-6.61252e-05	-0.0153457	0	0	0	0	-2.64585e-05	-0.0153396	
65.2666	-6.58224e-05	-0.0153088	0	0	0	0	-2.63367e-05	-0.0153028	-6.58224e-05	-0.0153088	0	0	0	0	-2.63367e-05	-0.0153028	
65.4237	-6.55216e-05	-0.0152721	0	0	0	0	-2.62158e-05	-0.0152661	-6.55216e-05	-0.0152721	0	0	0	0	-2.62158e-05	-0.0152661	
65.5807	-6.52228e-05	-0.0152356	0	0	0	0	-2.60956e-05	-0.0152297	-6.52228e-05	-0.0152356	0	0	0	0	-2.60956e-05	-0.0152297	
65.7378	-6.4926e-05	-0.0151993	0	0	0	0	-2.59763e-05	-0.0151933	-6.4926e-05	-0.0151993	0	0	0	0	-2.59763e-05	-0.0151933	
65.8949	-6.46312e-05	-0.0151631	0	0	0	0	-2.58577e-05	-0.0151572	-6.46312e-05	-0.0151631	0	0	0	0	-2.58577e-05	-0.0151572	
66.052	-6.43384e-05	-0.0151271	0	0	0	0	-2.574e-05	-0.0151212	-6.43384e-05	-0.0151271	0	0	0	0	-2.574e-05	-0.0151212	
66.2091	-6.40474e-05	-0.0150913	0	0	0	0	-2.5623e-05	-0.0150855	-6.40474e-05	-0.0150913	0	0	0	0	-2.5623e-05	-0.0150855	
66.3661	-6.37585e-05	-0.0150557	0	0	0	0	-2.55069e-05	-0.0150499	-6.37585e-05	-0.0150557	0	0	0	0	-2.55069e-05	-0.0150499	
66.5232	-6.34715e-05	-0.0150201	0	0	0	0	-2.53915e-05	-0.0150144	-6.34715e-05	-0.0150201	0	0	0	0	-2.53915e-05	-0.0150144	
66.6803	-6.31863e-05	-0.0149848	0	0	0	0	-2.52769e-05	-0.0149791	-6.31863e-05	-0.0149848	0	0	0	0	-2.52769e-05	-0.0149791	
66.8374	-6.2903e-05	-0.0149497	0	0	0	0	-2.5163e-05	-0.014944	-6.2903e-05	-0.0149497	0	0	0	0	-2.5163e-05	-0.014944	
66.9945	-6.26217e-05	-0.0149147	0	0	0	0	-2.50499e-05	-0.0149091	-6.26217e-05	-0.0149147	0	0	0	0	-2.50499e-05	-0.0149091	
67.1515	-6.23422e-05	-0.0148798	0	0	0	0	-2.49375e-05	-0.0148742	-6.23422e-05	-0.0148798	0	0	0	0	-2.49375e-05	-0.0148742	
67.3086	-6.20644e-05	-0.0148451	0	0	0	0	-2.48259e-05	-0.0148396	-6.20644e-05	-0.0148451	0	0	0	0	-2.48259e-05	-0.0148396	
67.4657	-6.17885e-05	-0.0148106	0	0	0	0	-2.47151e-05	-0.0148051	-6.17885e-05	-0.0148106	0	0	0	0	-2.47151e-05	-0.0148051	
67.6228	-6.15144e-05	-0.0147763	0	0	0	0	-2.46049e-05	-0.0147708	-6.15144e-05	-0.0147763	0	0	0	0	-2.46049e-05	-0.0147708	
67.7799	-6.12421e-05	-0.0147421	0	0	0	0	-2.44955e-05	-0.0147367	-6.12421e-05	-0.0147421	0	0	0	0	-2.44955e-05	-0.0147367	
67.9369	-6.09716e-05	-0.0147081	0	0	0	0	-2.43868e-05	-0.0147027	-6.09716e-05	-0.0147081	0	0	0	0	-2.43868e-05	-0.0147027	
68.094	-6.07029e-05	-0.0146742	0	0	0	0	-2.42788e-05	-0.0146689	-6.07029e-05	-0.0146742	0	0	0	0	-2.42788e-05	-0.0146689	
68.2511	-6.04359e-05	-0.0146404	0	0	0	0	-2.41715e-05	-0.0146351	-6.04359e-05	-0.0146404	0	0	0	0	-2.41715e-05	-0.0146351	
68.4082	-6.01705e-05	-0.0146069	0	0	0	0	-2.40649e-05	-0.0146016	-6.01705e-05	-0.0146069	0	0	0	0	-2.40649e-05	-0.0146016	
68.5653	-5.9907e-05	-0.0145735	0	0	0	0	-2.3959e-05	-0.0145682	-5.9907e-05	-0.0145735	0	0	0	0	-2.3959e-05	-0.0145682	
68.7223	-5.96451e-05	-0.0145402	0	0	0	0	-2.38538e-05	-0.0145351	-5.96451e-05	-0.0145402	0	0	0	0	-2.38538e-05	-0.0145351	
68.8794	-5.93849e-05	-0.0145071	0	0	0	0	-2.37493e-05	-0.0145019	-5.93849e-05	-0.0145071	0	0	0	0	-2.37493e-05	-0.0145019	
69.0365	-5.91264e-05	-0.0144742	0	0	0	0	-2.36454e-05	-0.014469	-5.91264e-05	-0.0144742	0	0	0	0	-2.36454e-05	-0.014469	
69.1936	-5.88695e-05	-0.0144414	0	0	0	0	-2.35422e-05	-0.0144363	-5.88695e-05	-0.0144414	0	0	0	0	-2.35422e-05	-0.0144363	
69.3507	-5.86143e-05	-0.0144087	0	0	0	0	-2.34397e-05	-0.0144037	-5.86143e-05	-0.0144087	0	0	0	0	-2.34397e-05	-0.0144037	
69.5077	-5.83607e-05	-0.0143762	0	0	0	0	-2.33379e-05	-0.0143711	-5.83607e-05	-0.0143762	0	0	0	0	-2.33379e-05	-0.0143711	
69.6648	-5.81087e-05	-0.0143438	0	0	0	0	-2.32366e-05	-0.0143388	-5.81087e-05	-0.0143438	0	0	0	0	-2.32366e-05	-0.0143388	
69.8219	-5.78583e-05	-0.0143115	0	0	0	0	-2.31361e-05	-0.0143066	-5.78583e-05	-0.0143115	0	0	0	0	-2.31361e-05	-0.0143066	
69.979	-5.76095e-05	-0.0142796	0	0	0	0	-2.30361e-05	-0.0142746	-5.76095e-05	-0.0142796	0	0	0	0	-2.30361e-05	-0.0142746	
70.1361	-5.73623e-05	-0.0142475	0	0	0	0	-2.29369e-05	-0.0142426	-5.73623e-05	-0.0142475	0	0	0	0	-2.29369e-05	-0.0142426	
70.2931	-5.71166e-05	-0.0142158	0	0	0	0	-2.28382e-05	-0.0142109	-5.71166e-05	-0.0142158	0	0	0	0	-2.28382e-05	-0.0142109	
70.4502	-5.68725e-05	-0.0141841	0	0	0	0	-2.27402e-05	-0.0141793	-5.68725e-05	-0.0141841	0	0	0	0	-2.27402e-05	-0.0141793	
70.6073	-5.663e-05	-0.0141526	0	0	0	0	-2.26428e-05	-0.0141478	-5.663e-05	-0.0141526	0	0	0	0	-2.26428e-05	-0.0141478	
70.7644	-5.6389e-05	-0.0141213	0	0	0	0	-2.2546e-05	-0.0141164	-5.6389e-05	-0.0141213	0	0	0	0	-2.2546e-05	-0.0141164	
70.9215	-5.61494e-05	-0.01409	0	0	0	0	-2.24498e-05	-0.0140853	-5.61494e-05	-0.01409	0	0	0	0	-2.24498e-05	-0.0140853	
71.0785	-5.59115e-05	-0.0140589	0	0	0	0	-2.23543e-05	-0.0140542	-5.59115e-05	-0.0140589	0	0	0	0	-2.23543e-05	-0.0140542	
71.2356	-5.56749e-05	-0.014028	0	0	0	0	-2.22593e-05	-0.0140233	-5.56749e-05	-0.014028	0	0	0	0	-2.22593e-05	-0.0140233	
71.3927	-5.54398e-05	-0.0139971	0	0	0	0	-2.21649e-05	-0.0139925	-5.54398e-05	-0.0139971	0	0	0	0	-2.21649e-05	-0.0139925	
71.5498	-5.52062e-05	-0.0139665	0	0	0	0	-2.20711e-05	-0.0139618	-5.52062e-05	-0.0139665	0	0	0	0	-2.20711e-05	-0.0139618	
71.7069	-5.4974e-05	-0.0139359	0	0	0	0	-2.1978e-05	-0.0139314	-5.4974e-05	-0.0139359	0	0	0	0	-2.1978e-05	-0.0139314	
71.8639	-5.47433e-05	-0.0139055	0	0	0	0	-2.18853e-05	-0.013901	-5.47433e-05	-0.0139055	0	0	0	0	-2.18853e-05	-0.013901	
72.021	-5.45141e-05	-0.0138752	0	0	0	0	-2.17933e-05	-0.0138707	-5.45141e-05	-0.0138752	0	0	0	0	-2.17933e-05	-0.0138707	
72.1781	-5.42862e-05	-0.0138451	0	0	0	0	-2.17018e-05	-0.0138406	-5.42862e-05	-0.0138451	0	0	0	0	-2.17018e-05	-0.0138406	
72.3352	-5.40597e-05	-0.013815	0	0	0	0	-2.16109e-05	-0.0138106	-5.40597e-05	-0.013815	0	0	0	0	-2.16109e-05	-0.0138106	
72.4923	-5.38346e-05	-0.0137851	0	0	0	0	-2.15206e-05	-0.0137807	-5.38346e-05	-0.0137851	0	0	0	0	-2.15206e-05	-0.0137807	
72.6493	-5.3611e-05	-0.0137554	0	0	0	0	-2.14308e-05	-0.013751	-5.3611e-05	-0.0137554	0	0	0	0	-2.14308e-05	-0.013751	
72.8064	-5.33887e-05	-0.0137258	0	0	0	0	-2.13416e-05	-0.0137214	-5.33887e-05	-0.0137258	0	0	0	0	-2.13416e-05	-0.0137214	
72.9635	-5.31677e-05	-0.0136962	0	0	0	0	-2.12528e-05	-0.0136919	-5.31677e-05	-0.0136962	0	0	0	0	-2.12528e-05	-0.0136919	
73.1206	-5.29481e-05	-0.0136669	0	0	0	0	-2.11648e-05	-0.0136625	-5.29481e-05	-0.0136669	0	0	0	0	-2.11648e-05	-0.0136625	
73.2776	-5.27298e-05	-0.0136376	0	0	0	0	-2.10771e-05	-0.0136333	-5.27298e-05	-0.0136376	0	0	0	0	-2.10771e-05	-0.0136333	
73.4347	-5.25129e-05	-0.0136085	0	0	0	0	-2.09901e-05	-0.0136042	-5.25129e-05	-0.0136085	0	0	0	0	-2.09901e-05	-0.0136042	
73.5918	-5.22973e-05	-0.0135794	0	0	0	0	-2.09036e-05	-0.0135752	-5.22973e-05	-0.0135794	0	0	0	0	-2.09036e-05	-0.0135752	
73.7489	-5.20829e-05	-0.0135506	0	0	0	0	-2.08175e-05	-0.0135464	-5.20829e-05	-0.0135506	0	0	0	0	-2.08175e-05	-0.0135464	
73.906	-5.18699e-05	-0.0135218	0	0	0	0	-2.07321e-05	-0.0135176	-5.18699e-05	-0.0135218	0	0	0	0	-2.07321e-05	-0.0135176	
74.063	-5.16581e-05	-0.0134931	0	0	0	0	-2.06471e-05	-0.013489	-5.16581e-05	-0.0134931	0	0	0	0	-2.06471e-05	-0.013489	
74.2201	-5.14478e-05	-0.0134646	0	0	0	0	-2.05627e-05	-0.0134605	-5.14478e-05	-0.0134646	0	0	0	0	-2.05627e-05	-0.0134605	
74.3772	-5.12385e-05	-0.0134363	0	0	0	0	-2.04788e-05	-0.0134321	-5.12385e-05	-0.0134363	0	0	0	0	-2.04788e-05	-0.0134321	
74.5343	-5.10306e-05	-0.013408	0	0	0	0	-2.03953e-05	-0.0134039	-5.10306e-05	-0.013408	0	0	0	0	-2.03953e-05	-0.0134039	
74.6914	-5.08239e-05	-0.0133799	0	0	0	0	-2.03124e-05	-0.0133757	-5.08239e-05	-0.0133799	0	0	0	0	-2.03124e-05	-0.0133757	
74.8484	-5.06184e-05	-0.0133517	0	0	0	0	-2.02299e-05	-0.0133477	-5.06184e-05	-0.0133517	0	0	0	0	-2.02299e-05	-0.0133477	
75.0055	-5.04142e-05	-0.0133238	0	0	0	0	-2.0148e-05	-0.0133199	-5.04142e-05	-0.0133238	0	0	0	0	-2.0148e-05	-0.0133199	
75.1626	-5.02113e-05	-0.0132961	0	0	0	0	-2.00666e-05	-0.013292	-5.02113e-05	-0.0132961	0	0	0	0	-2.00666e-05	-0.013292	
75.3197	-5.00094e-05	-0.0132683	0	0	0	0	-1.99856e-05	-0.0132644	-5.00094e-05	-0.0132683	0	0	0	0	-1.99856e-05	-0.0132644	
75.4768	-4.98088e-05	-0.0132407	0	0	0	0	-1.99052e-05	-0.0132368	-4.98088e-05	-0.0132407	0	0	0	0	-1.99052e-05	-0.0132368	
75.6338	-4.96094e-05	-0.0132133	0	0	0	0	-1.98251e-05	-0.0132094	-4.96094e-05	-0.0132133	0	0	0	0	-1.98251e-05	-0.0132094	
75.7909	-4.94112e-05	-0.0131859	0	0	0	0	-1.97456e-05	-0.0131821	-4.94112e-05	-0.0131859	0	0	0	0	-1.97456e-05	-0.0131821	
75.948	-4.9214e-05	-0.0131587	0	0	0	0	-1.96666e-05	-0.0131548	-4.9214e-05	-0.0131587	0	0	0	0	-1.96666e-05	-0.0131548	
76.1051	-4.90182e-05	-0.0131316	0	0	0	0	-1.9588e-05	-0.0131278	-4.90182e-05	-0.0131316	0	0	0	0	-1.9588e-05	-0.0131278	
76.2622	-4.88234e-05	-0.0131046	0	0	0	0	-1.951e-05	-0.0131007	-4.88234e-05	-0.0131046	0	0	0	0	-1.951e-05	-0.0131007	
76.4192	-4.86298e-05	-0.0130776	0	0	0	0	-1.94323e-05	-0.0130739	-4.86298e-05	-0.0130776	0	0	0	0	-1.94323e-05	-0.0130739	
76.5763	-4.84373e-05	-0.0130508	0	0	0	0	-1.93551e-05	-0.0130471	-4.84373e-05	-0.0130508	0	0	0	0	-1.93551e-05	-0.0130471	
76.7334	-4.8246e-05	-0.0130242	0	0	0	0	-1.92783e-05	-0.0130204	-4.8246e-05	-0.0130242	0	0	0	0	-1.92783e-05	-0.0130204	
76.8905	-4.80557e-05	-0.0129976	0	0	0	0	-1.92021e-05	-0.0129939	-4.80557e-05	-0.0129976	0	0	0	0	-1.92021e-05	-0.0129939	
77.0476	-4.78666e-05	-0.0129712	0	0	0	0	-1.91262e-05	-0.0129675	-4.78666e-05	-0.0129712	0	0	0	0	-1.91262e-05	-0.0129675	
77.2046	-4.76786e-05	-0.0129447	0	0	0	0	-1.90509e-05	-0.0129411	-4.76786e-05	-0.0129447	0	0	0	0	-1.90509e-05	-0.0129411	
77.3617	-4.74917e-05	-0.0129186	0	0	0	0	-1.89758e-05	-0.0129149	-4.74917e-05	-0.0129186	0	0	0	0	-1.89758e-05	-0.0129149	
77.5188	-4.73058e-05	-0.0128924	0	0	0	0	-1.89013e-05	-0.0128888	-4.73058e-05	-0.0128924	0	0	0	0	-1.89013e-05	-0.0128888	
77.6759	-4.7121e-05	-0.0128664	0	0	0	0	-1.88272e-05	-0.0128627	-4.7121e-05	-0.0128664	0	0	0	0	-1.88272e-05	-0.0128627	
77.833	-4.69373e-05	-0.0128404	0	0	0	0	-1.87536e-05	-0.0128369	-4.69373e-05	-0.0128404	0	0	0	0	-1.87536e-05	-0.0128369	
77.99	-4.67547e-05	-0.0128146	0	0	0	0	-1.86804e-05	-0.0128111	-4.67547e-05	-0.0128146	0	0	0	0	-1.86804e-05	-0.0128111	
78.1471	-4.6573e-05	-0.0127889	0	0	0	0	-1.86076e-05	-0.0127853	-4.6573e-05	-0.0127889	0	0	0	0	-1.86076e-05	-0.0127853	
78.3042	-4.63925e-05	-0.0127632	0	0	0	0	-1.85352e-05	-0.0127597	-4.63925e-05	-0.0127632	0	0	0	0	-1.85352e-05	-0.0127597	
78.4613	-4.62129e-05	-0.0127377	0	0	0	0	-1.84632e-05	-0.0127342	-4.62129e-05	-0.0127377	0	0	0	0	-1.84632e-05	-0.0127342	
