-10	-0.100251	-1.7057e-13	-0.101019	6.16859e-12	-0.100251	-1.7057e-13	-0.101019	6.16859e-12	
-9.98	-0.100453	-1.72317e-13	-0.101226	6.47421e-12	-0.100453	-1.72317e-13	-0.101226	6.47421e-12	
-9.96	-0.100656	-1.74065e-13	-0.101433	6.78764e-12	-0.100656	-1.74065e-13	-0.101433	6.78764e-12	
-9.94	-0.100859	-1.75834e-13	-0.101642	7.10901e-12	-0.100859	-1.75834e-13	-0.101642	7.10901e-12	
-9.92	-0.101064	-1.7762e-13	-0.101851	7.43848e-12	-0.101064	-1.7762e-13	-0.101851	7.43848e-12	
-9.9	-0.101269	-1.79401e-13	-0.102061	7.77622e-12	-0.101269	-1.79401e-13	-0.102061	7.77622e-12	
-9.88	-0.101475	-1.81208e-13	-0.102272	8.1224e-12	-0.101475	-1.81208e-13	-0.102272	8.1224e-12	
-9.86	-0.101682	-1.83017e-13	-0.102484	8.47716e-12	-0.101682	-1.83017e-13	-0.102484	8.47716e-12	
-9.84	-0.101889	-1.84847e-13	-0.102697	8.84071e-12	-0.101889	-1.84847e-13	-0.102697	8.84071e-12	
-9.82	-0.102098	-1.8668e-13	-0.10291	9.21318e-12	-0.102098	-1.8668e-13	-0.10291	9.21318e-12	
-9.8	-0.102307	-1.8853e-13	-0.103125	9.59475e-12	-0.102307	-1.8853e-13	-0.103125	9.59475e-12	
-9.78	-0.102518	-1.90387e-13	-0.10334	9.98561e-12	-0.102518	-1.90387e-13	-0.10334	9.98561e-12	
-9.76	-0.102729	-1.92254e-13	-0.103557	1.03859e-11	-0.102729	-1.92254e-13	-0.103557	1.03859e-11	
-9.74	-0.102941	-1.94131e-13	-0.103774	1.07959e-11	-0.102941	-1.94131e-13	-0.103774	1.07959e-11	
-9.72	-0.103154	-1.96015e-13	-0.103992	1.12157e-11	-0.103154	-1.96015e-13	-0.103992	1.12157e-11	
-9.7	-0.103368	-1.97915e-13	-0.104211	1.16454e-11	-0.103368	-1.97915e-13	-0.104211	1.16454e-11	
-9.68	-0.103583	-1.99828e-13	-0.104431	1.20854e-11	-0.103583	-1.99828e-13	-0.104431	1.20854e-11	
-9.66	-0.103798	-2.01746e-13	-0.104652	1.25357e-11	-0.103798	-2.01746e-13	-0.104652	1.25357e-11	
-9.64	-0.104015	-2.03674e-13	-0.104874	1.29966e-11	-0.104015	-2.03674e-13	-0.104874	1.29966e-11	
-9.62	-0.104232	-2.05608e-13	-0.105097	1.34683e-11	-0.104232	-2.05608e-13	-0.105097	1.34683e-11	
-9.6	-0.10445	-2.07558e-13	-0.105321	1.39509e-11	-0.10445	-2.07558e-13	-0.105321	1.39509e-11	
-9.58	-0.10467	-2.0951e-13	-0.105546	1.44447e-11	-0.10467	-2.0951e-13	-0.105546	1.44447e-11	
-9.56	-0.10489	-2.11474e-13	-0.105771	1.49497e-11	-0.10489	-2.11474e-13	-0.105771	1.49497e-11	
-9.54	-0.105111	-2.1344e-13	-0.105998	1.54664e-11	-0.105111	-2.1344e-13	-0.105998	1.54664e-11	
-9.52	-0.105333	-2.15425e-13	-0.106226	1.59947e-11	-0.105333	-2.15425e-13	-0.106226	1.59947e-11	
-9.5	-0.105556	-2.17412e-13	-0.106455	1.6535e-11	-0.105556	-2.17412e-13	-0.106455	1.6535e-11	
-9.48	-0.10578	-2.19406e-13	-0.106684	1.70875e-11	-0.10578	-2.19406e-13	-0.106684	1.70875e-11	
-9.46	-0.106005	-2.21406e-13	-0.106915	1.76523e-11	-0.106005	-2.21406e-13	-0.106915	1.76523e-11	
-9.44	-0.106231	-2.23414e-13	-0.107147	1.82297e-11	-0.106231	-2.23414e-13	-0.107147	1.82297e-11	
-9.42	-0.106458	-2.25439e-13	-0.10738	1.88198e-11	-0.106458	-2.25439e-13	-0.10738	1.88198e-11	
-9.4	-0.106685	-2.27464e-13	-0.107614	1.94229e-11	-0.106685	-2.27464e-13	-0.107614	1.94229e-11	
-9.38	-0.106914	-2.29487e-13	-0.107848	2.00392e-11	-0.106914	-2.29487e-13	-0.107848	2.00392e-11	
-9.36	-0.107144	-2.31517e-13	-0.108084	2.06688e-11	-0.107144	-2.31517e-13	-0.108084	2.06688e-11	
-9.34	-0.107375	-2.33559e-13	-0.108321	2.13121e-11	-0.107375	-2.33559e-13	-0.108321	2.13121e-11	
-9.32	-0.107606	-2.35607e-13	-0.108559	2.19692e-11	-0.107606	-2.35607e-13	-0.108559	2.19692e-11	
-9.3	-0.107839	-2.3765e-13	-0.108798	2.26403e-11	-0.107839	-2.3765e-13	-0.108798	2.26403e-11	
-9.28	-0.108073	-2.39696e-13	-0.109038	2.33257e-11	-0.108073	-2.39696e-13	-0.109038	2.33257e-11	
-9.26	-0.108308	-2.41753e-13	-0.10928	2.40255e-11	-0.108308	-2.41753e-13	-0.10928	2.40255e-11	
-9.24	-0.108543	-2.43818e-13	-0.109522	2.474e-11	-0.108543	-2.43818e-13	-0.109522	2.474e-11	
-9.22	-0.10878	-2.45865e-13	-0.109765	2.54694e-11	-0.10878	-2.45865e-13	-0.109765	2.54694e-11	
-9.2	-0.109018	-2.47926e-13	-0.11001	2.62139e-11	-0.109018	-2.47926e-13	-0.11001	2.62139e-11	
-9.18	-0.109257	-2.49987e-13	-0.110255	2.69736e-11	-0.109257	-2.49987e-13	-0.110255	2.69736e-11	
-9.16	-0.109497	-2.5205e-13	-0.110502	2.77489e-11	-0.109497	-2.5205e-13	-0.110502	2.77489e-11	
-9.14	-0.109738	-2.54115e-13	-0.11075	2.85399e-11	-0.109738	-2.54115e-13	-0.11075	2.85399e-11	
-9.12	-0.10998	-2.56171e-13	-0.110999	2.93468e-11	-0.10998	-2.56171e-13	-0.110999	2.93468e-11	
-9.1	-0.110223	-2.58229e-13	-0.111249	3.01699e-11	-0.110223	-2.58229e-13	-0.111249	3.01699e-11	
-9.08	-0.110468	-2.60289e-13	-0.1115	3.10092e-11	-0.110468	-2.60289e-13	-0.1115	3.10092e-11	
-9.06	-0.110713	-2.62346e-13	-0.111752	3.18652e-11	-0.110713	-2.62346e-13	-0.111752	3.18652e-11	
-9.04	-0.11096	-2.64398e-13	-0.112006	3.27378e-11	-0.11096	-2.64398e-13	-0.112006	3.27378e-11	
-9.02	-0.111207	-2.66441e-13	-0.11226	3.36274e-11	-0.111207	-2.66441e-13	-0.11226	3.36274e-11	
-9	-0.111456	-2.68479e-13	-0.112516	3.45341e-11	-0.111456	-2.68479e-13	-0.112516	3.45341e-11	
-8.98	-0.111706	-2.70511e-13	-0.112773	3.54581e-11	-0.111706	-2.70511e-13	-0.112773	3.54581e-11	
-8.96	-0.111956	-2.72544e-13	-0.113031	3.63996e-11	-0.111956	-2.72544e-13	-0.113031	3.63996e-11	
-8.94	-0.112208	-2.74566e-13	-0.113291	3.73587e-11	-0.112208	-2.74566e-13	-0.113291	3.73587e-11	
-8.92	-0.112462	-2.76572e-13	-0.113552	3.83357e-11	-0.112462	-2.76572e-13	-0.113552	3.83357e-11	
-8.9	-0.112716	-2.78575e-13	-0.113813	3.93306e-11	-0.112716	-2.78575e-13	-0.113813	3.93306e-11	
-8.88	-0.112971	-2.80566e-13	-0.114076	4.03438e-11	-0.112971	-2.80566e-13	-0.114076	4.03438e-11	
-8.86	-0.113228	-2.82551e-13	-0.114341	4.13752e-11	-0.113228	-2.82551e-13	-0.114341	4.13752e-11	
-8.84	-0.113486	-2.84504e-13	-0.114606	4.24251e-11	-0.113486	-2.84504e-13	-0.114606	4.24251e-11	
-8.82	-0.113745	-2.8647e-13	-0.114873	4.34936e-11	-0.113745	-2.8647e-13	-0.114873	4.34936e-11	
-8.8	-0.114005	-2.884e-13	-0.115141	4.45808e-11	-0.114005	-2.884e-13	-0.115141	4.45808e-11	
-8.78	-0.114267	-2.90316e-13	-0.115411	4.56868e-11	-0.114267	-2.90316e-13	-0.115411	4.56868e-11	
-8.76	-0.114529	-2.92225e-13	-0.115681	4.68118e-11	-0.114529	-2.92225e-13	-0.115681	4.68118e-11	
-8.74	-0.114793	-2.94113e-13	-0.115953	4.79559e-11	-0.114793	-2.94113e-13	-0.115953	4.79559e-11	
-8.72	-0.115058	-2.9598e-13	-0.116226	4.9119e-11	-0.115058	-2.9598e-13	-0.116226	4.9119e-11	
-8.7	-0.115324	-2.9782e-13	-0.116501	5.03014e-11	-0.115324	-2.9782e-13	-0.116501	5.03014e-11	
-8.68	-0.115592	-2.99639e-13	-0.116777	5.1503e-11	-0.115592	-2.99639e-13	-0.116777	5.1503e-11	
-8.66	-0.11586	-3.01442e-13	-0.117054	5.27239e-11	-0.11586	-3.01442e-13	-0.117054	5.27239e-11	
-8.64	-0.11613	-3.03213e-13	-0.117332	5.39641e-11	-0.11613	-3.03213e-13	-0.117332	5.39641e-11	
-8.62	-0.116402	-3.04959e-13	-0.117612	5.52237e-11	-0.116402	-3.04959e-13	-0.117612	5.52237e-11	
-8.6	-0.116674	-3.06663e-13	-0.117893	5.65026e-11	-0.116674	-3.06663e-13	-0.117893	5.65026e-11	
-8.58	-0.116948	-3.0836e-13	-0.118176	5.78008e-11	-0.116948	-3.0836e-13	-0.118176	5.78008e-11	
-8.56	-0.117223	-3.10006e-13	-0.11846	5.91183e-11	-0.117223	-3.10006e-13	-0.11846	5.91183e-11	
-8.54	-0.1175	-3.11623e-13	-0.118745	6.0455e-11	-0.1175	-3.11623e-13	-0.118745	6.0455e-11	
-8.52	-0.117777	-3.13204e-13	-0.119032	6.18108e-11	-0.117777	-3.13204e-13	-0.119032	6.18108e-11	
-8.5	-0.118056	-3.14761e-13	-0.11932	6.31856e-11	-0.118056	-3.14761e-13	-0.11932	6.31856e-11	
-8.48	-0.118337	-3.16262e-13	-0.11961	6.45792e-11	-0.118337	-3.16262e-13	-0.11961	6.45792e-11	
-8.46	-0.118619	-3.17728e-13	-0.119901	6.59915e-11	-0.118619	-3.17728e-13	-0.119901	6.59915e-11	
-8.44	-0.118902	-3.19146e-13	-0.120193	6.74224e-11	-0.118902	-3.19146e-13	-0.120193	6.74224e-11	
-8.42	-0.119186	-3.20523e-13	-0.120487	6.88715e-11	-0.119186	-3.20523e-13	-0.120487	6.88715e-11	
-8.4	-0.119472	-3.21847e-13	-0.120782	7.03386e-11	-0.119472	-3.21847e-13	-0.120782	7.03386e-11	
-8.38	-0.119759	-3.23127e-13	-0.121079	7.18235e-11	-0.119759	-3.23127e-13	-0.121079	7.18235e-11	
-8.36	-0.120048	-3.2434e-13	-0.121378	7.33258e-11	-0.120048	-3.2434e-13	-0.121378	7.33258e-11	
-8.34	-0.120338	-3.25515e-13	-0.121677	7.48451e-11	-0.120338	-3.25515e-13	-0.121677	7.48451e-11	
-8.32	-0.120629	-3.26621e-13	-0.121979	7.63811e-11	-0.120629	-3.26621e-13	-0.121979	7.63811e-11	
-8.3	-0.120922	-3.27676e-13	-0.122281	7.79333e-11	-0.120922	-3.27676e-13	-0.122281	7.79333e-11	
-8.28	-0.121216	-3.28662e-13	-0.122586	7.95012e-11	-0.121216	-3.28662e-13	-0.122586	7.95012e-11	
-8.26	-0.121512	-3.29587e-13	-0.122892	8.10843e-11	-0.121512	-3.29587e-13	-0.122892	8.10843e-11	
-8.24	-0.121809	-3.30439e-13	-0.123199	8.26819e-11	-0.121809	-3.30439e-13	-0.123199	8.26819e-11	
-8.22	-0.122107	-3.31217e-13	-0.123508	8.42936e-11	-0.122107	-3.31217e-13	-0.123508	8.42936e-11	
-8.2	-0.122407	-3.31923e-13	-0.123819	8.59185e-11	-0.122407	-3.31923e-13	-0.123819	8.59185e-11	
-8.18	-0.122709	-3.32545e-13	-0.124131	8.7556e-11	-0.122709	-3.32545e-13	-0.124131	8.7556e-11	
-8.16	-0.123012	-3.33104e-13	-0.124445	8.92052e-11	-0.123012	-3.33104e-13	-0.124445	8.92052e-11	
-8.14	-0.123317	-3.33559e-13	-0.12476	9.08652e-11	-0.123317	-3.33559e-13	-0.12476	9.08652e-11	
-8.12	-0.123623	-3.33933e-13	-0.125077	9.25352e-11	-0.123623	-3.33933e-13	-0.125077	9.25352e-11	
-8.1	-0.12393	-3.3422e-13	-0.125396	9.42141e-11	-0.12393	-3.3422e-13	-0.125396	9.42141e-11	
-8.08	-0.124239	-3.34402e-13	-0.125716	9.59009e-11	-0.124239	-3.34402e-13	-0.125716	9.59009e-11	
-8.06	-0.12455	-3.34496e-13	-0.126038	9.75943e-11	-0.12455	-3.34496e-13	-0.126038	9.75943e-11	
-8.04	-0.124862	-3.3448e-13	-0.126362	9.92932e-11	-0.124862	-3.3448e-13	-0.126362	9.92932e-11	
-8.02	-0.125176	-3.34365e-13	-0.126687	1.00996e-10	-0.125176	-3.34365e-13	-0.126687	1.00996e-10	
-8	-0.125491	-3.34127e-13	-0.127014	1.02702e-10	-0.125491	-3.34127e-13	-0.127014	1.02702e-10	
-7.98	-0.125809	-3.33779e-13	-0.127343	1.04409e-10	-0.125809	-3.33779e-13	-0.127343	1.04409e-10	
-7.96	-0.126127	-3.33313e-13	-0.127674	1.06115e-10	-0.126127	-3.33313e-13	-0.127674	1.06115e-10	
-7.94	-0.126447	-3.32726e-13	-0.128006	1.0782e-10	-0.126447	-3.32726e-13	-0.128006	1.0782e-10	
-7.92	-0.126769	-3.32004e-13	-0.12834	1.09521e-10	-0.126769	-3.32004e-13	-0.12834	1.09521e-10	
-7.9	-0.127093	-3.31147e-13	-0.128676	1.11215e-10	-0.127093	-3.31147e-13	-0.128676	1.11215e-10	
-7.88	-0.127418	-3.30154e-13	-0.129013	1.12902e-10	-0.127418	-3.30154e-13	-0.129013	1.12902e-10	
-7.86	-0.127745	-3.29014e-13	-0.129353	1.14579e-10	-0.127745	-3.29014e-13	-0.129353	1.14579e-10	
-7.84	-0.128073	-3.27731e-13	-0.129694	1.16243e-10	-0.128073	-3.27731e-13	-0.129694	1.16243e-10	
-7.82	-0.128404	-3.26294e-13	-0.130037	1.17893e-10	-0.128404	-3.26294e-13	-0.130037	1.17893e-10	
-7.8	-0.128736	-3.24686e-13	-0.130382	1.19525e-10	-0.128736	-3.24686e-13	-0.130382	1.19525e-10	
-7.78	-0.129069	-3.22921e-13	-0.130729	1.21138e-10	-0.129069	-3.22921e-13	-0.130729	1.21138e-10	
-7.76	-0.129405	-3.20976e-13	-0.131078	1.22727e-10	-0.129405	-3.20976e-13	-0.131078	1.22727e-10	
-7.74	-0.129742	-3.18852e-13	-0.131428	1.2429e-10	-0.129742	-3.18852e-13	-0.131428	1.2429e-10	
-7.72	-0.130081	-3.16546e-13	-0.131781	1.25824e-10	-0.130081	-3.16546e-13	-0.131781	1.25824e-10	
-7.7	-0.130422	-3.14048e-13	-0.132135	1.27325e-10	-0.130422	-3.14048e-13	-0.132135	1.27325e-10	
-7.68	-0.130764	-3.11361e-13	-0.132491	1.2879e-10	-0.130764	-3.11361e-13	-0.132491	1.2879e-10	
-7.66	-0.131109	-3.08462e-13	-0.13285	1.30215e-10	-0.131109	-3.08462e-13	-0.13285	1.30215e-10	
-7.64	-0.131455	-3.05356e-13	-0.13321	1.31596e-10	-0.131455	-3.05356e-13	-0.13321	1.31596e-10	
-7.62	-0.131803	-3.0202e-13	-0.133572	1.32928e-10	-0.131803	-3.0202e-13	-0.133572	1.32928e-10	
-7.6	-0.132153	-2.98462e-13	-0.133937	1.34208e-10	-0.132153	-2.98462e-13	-0.133937	1.34208e-10	
-7.58	-0.132504	-2.94668e-13	-0.134303	1.35431e-10	-0.132504	-2.94668e-13	-0.134303	1.35431e-10	
-7.56	-0.132858	-2.90629e-13	-0.134671	1.36591e-10	-0.132858	-2.90629e-13	-0.134671	1.36591e-10	
-7.54	-0.133214	-2.86344e-13	-0.135042	1.37684e-10	-0.133214	-2.86344e-13	-0.135042	1.37684e-10	
-7.52	-0.133571	-2.81793e-13	-0.135414	1.38703e-10	-0.133571	-2.81793e-13	-0.135414	1.38703e-10	
-7.5	-0.13393	-2.76987e-13	-0.135789	1.39645e-10	-0.13393	-2.76987e-13	-0.135789	1.39645e-10	
-7.48	-0.134292	-2.71881e-13	-0.136166	1.40501e-10	-0.134292	-2.71881e-13	-0.136166	1.40501e-10	
-7.46	-0.134655	-2.66498e-13	-0.136545	1.41267e-10	-0.134655	-2.66498e-13	-0.136545	1.41267e-10	
-7.44	-0.13502	-2.60821e-13	-0.136926	1.41935e-10	-0.13502	-2.60821e-13	-0.136926	1.41935e-10	
-7.42	-0.135388	-2.54834e-13	-0.137309	1.42498e-10	-0.135388	-2.54834e-13	-0.137309	1.42498e-10	
-7.4	-0.135757	-2.48537e-13	-0.137694	1.4295e-10	-0.135757	-2.48537e-13	-0.137694	1.4295e-10	
-7.38	-0.136128	-2.41895e-13	-0.138082	1.43281e-10	-0.136128	-2.41895e-13	-0.138082	1.43281e-10	
-7.36	-0.136502	-2.34945e-13	-0.138472	1.43486e-10	-0.136502	-2.34945e-13	-0.138472	1.43486e-10	
-7.34	-0.136877	-2.27618e-13	-0.138864	1.43554e-10	-0.136877	-2.27618e-13	-0.138864	1.43554e-10	
-7.32	-0.137255	-2.19936e-13	-0.139258	1.43477e-10	-0.137255	-2.19936e-13	-0.139258	1.43477e-10	
-7.3	-0.137634	-2.11885e-13	-0.139655	1.43246e-10	-0.137634	-2.11885e-13	-0.139655	1.43246e-10	
-7.28	-0.138016	-2.03447e-13	-0.140054	1.42851e-10	-0.138016	-2.03447e-13	-0.140054	1.42851e-10	
-7.26	-0.1384	-1.94623e-13	-0.140455	1.42281e-10	-0.1384	-1.94623e-13	-0.140455	1.42281e-10	
-7.24	-0.138786	-1.85379e-13	-0.140859	1.41527e-10	-0.138786	-1.85379e-13	-0.140859	1.41527e-10	
-7.22	-0.139174	-1.75713e-13	-0.141265	1.40576e-10	-0.139174	-1.75713e-13	-0.141265	1.40576e-10	
-7.2	-0.139564	-1.65614e-13	-0.141674	1.39418e-10	-0.139564	-1.65614e-13	-0.141674	1.39418e-10	
-7.18	-0.139957	-1.55061e-13	-0.142084	1.3804e-10	-0.139957	-1.55061e-13	-0.142084	1.3804e-10	
-7.16	-0.140352	-1.44045e-13	-0.142498	1.36428e-10	-0.140352	-1.44045e-13	-0.142498	1.36428e-10	
-7.14	-0.140749	-1.32534e-13	-0.142913	1.3457e-10	-0.140749	-1.32534e-13	-0.142913	1.3457e-10	
-7.12	-0.141148	-1.20563e-13	-0.143332	1.32452e-10	-0.141148	-1.20563e-13	-0.143332	1.32452e-10	
-7.1	-0.14155	-1.08055e-13	-0.143752	1.30059e-10	-0.14155	-1.08055e-13	-0.143752	1.30059e-10	
-7.08	-0.141954	-9.50265e-14	-0.144176	1.27375e-10	-0.141954	-9.50265e-14	-0.144176	1.27375e-10	
-7.06	-0.14236	-8.14424e-14	-0.144601	1.24384e-10	-0.14236	-8.14424e-14	-0.144601	1.24384e-10	
-7.04	-0.142768	-6.73246e-14	-0.14503	1.2107e-10	-0.142768	-6.73246e-14	-0.14503	1.2107e-10	
-7.02	-0.143179	-5.26111e-14	-0.145461	1.17416e-10	-0.143179	-5.26111e-14	-0.145461	1.17416e-10	
-7	-0.143593	-3.7309e-14	-0.145895	1.13402e-10	-0.143593	-3.7309e-14	-0.145895	1.13402e-10	
-6.98	-0.144008	-2.13956e-14	-0.146331	1.09009e-10	-0.144008	-2.13956e-14	-0.146331	1.09009e-10	
-6.96	-0.144426	-4.85066e-15	-0.14677	1.04218e-10	-0.144426	-4.85066e-15	-0.14677	1.04218e-10	
-6.94	-0.144847	1.23456e-14	-0.147211	9.90084e-11	-0.144847	1.23456e-14	-0.147211	9.90084e-11	
-6.92	-0.14527	3.02206e-14	-0.147656	9.33576e-11	-0.14527	3.02206e-14	-0.147656	9.33576e-11	
-6.9	-0.145696	4.87963e-14	-0.148103	8.72431e-11	-0.145696	4.87963e-14	-0.148103	8.72431e-11	
-6.88	-0.146124	6.80768e-14	-0.148553	8.06414e-11	-0.146124	6.80768e-14	-0.148553	8.06414e-11	
-6.86	-0.146554	8.80818e-14	-0.149006	7.35278e-11	-0.146554	8.80818e-14	-0.149006	7.35278e-11	
-6.84	-0.146987	1.08867e-13	-0.149461	6.58764e-11	-0.146987	1.08867e-13	-0.149461	6.58764e-11	
-6.82	-0.147423	1.30425e-13	-0.14992	5.76606e-11	-0.147423	1.30425e-13	-0.14992	5.76606e-11	
-6.8	-0.147862	1.52787e-13	-0.150381	4.88523e-11	-0.147862	1.52787e-13	-0.150381	4.88523e-11	
-6.78	-0.148303	1.75967e-13	-0.150845	3.94226e-11	-0.148303	1.75967e-13	-0.150845	3.94226e-11	
-6.76	-0.148746	2.0002e-13	-0.151312	2.9341e-11	-0.148746	2.0002e-13	-0.151312	2.9341e-11	
-6.74	-0.149193	2.24927e-13	-0.151782	1.85761e-11	-0.149193	2.24927e-13	-0.151782	1.85761e-11	
-6.72	-0.149642	2.50739e-13	-0.152255	7.09496e-12	-0.149642	2.50739e-13	-0.152255	7.09496e-12	
-6.7	-0.150093	2.77493e-13	-0.152732	-5.13653e-12	-0.150093	2.77493e-13	-0.152732	-5.13653e-12	
-6.68	-0.150548	3.05216e-13	-0.153211	-1.81539e-11	-0.150548	3.05216e-13	-0.153211	-1.81539e-11	
-6.66	-0.151005	3.33908e-13	-0.153693	-3.19942e-11	-0.151005	3.33908e-13	-0.153693	-3.19942e-11	
-6.64	-0.151465	3.63629e-13	-0.154178	-4.66956e-11	-0.151465	3.63629e-13	-0.154178	-4.66956e-11	
-6.62	-0.151928	3.94386e-13	-0.154667	-6.22983e-11	-0.151928	3.94386e-13	-0.154667	-6.22983e-11	
-6.6	-0.152394	4.26221e-13	-0.155159	-7.88436e-11	-0.152394	4.26221e-13	-0.155159	-7.88436e-11	
-6.58	-0.152862	4.59178e-13	-0.155654	-9.63746e-11	-0.152862	4.59178e-13	-0.155654	-9.63746e-11	
-6.56	-0.153334	4.93261e-13	-0.156152	-1.14936e-10	-0.153334	4.93261e-13	-0.156152	-1.14936e-10	
-6.54	-0.153808	5.28512e-13	-0.156653	-1.34574e-10	-0.153808	5.28512e-13	-0.156653	-1.34574e-10	
-6.52	-0.154286	5.64974e-13	-0.157158	-1.55338e-10	-0.154286	5.64974e-13	-0.157158	-1.55338e-10	
-6.5	-0.154766	6.02696e-13	-0.157666	-1.77276e-10	-0.154766	6.02696e-13	-0.157666	-1.77276e-10	
-6.48	-0.15525	6.41657e-13	-0.158178	-2.00441e-10	-0.15525	6.41657e-13	-0.158178	-2.00441e-10	
-6.46	-0.155736	6.81954e-13	-0.158693	-2.24886e-10	-0.155736	6.81954e-13	-0.158693	-2.24886e-10	
-6.44	-0.156226	7.23598e-13	-0.159211	-2.50666e-10	-0.156226	7.23598e-13	-0.159211	-2.50666e-10	
-6.42	-0.156718	7.66643e-13	-0.159733	-2.7784e-10	-0.156718	7.66643e-13	-0.159733	-2.7784e-10	
-6.4	-0.157214	8.11078e-13	-0.160259	-3.06467e-10	-0.157214	8.11078e-13	-0.160259	-3.06467e-10	
-6.38	-0.157713	8.57003e-13	-0.160787	-3.36608e-10	-0.157713	8.57003e-13	-0.160787	-3.36608e-10	
-6.36	-0.158215	9.04448e-13	-0.16132	-3.68326e-10	-0.158215	9.04448e-13	-0.16132	-3.68326e-10	
-6.34	-0.158721	9.53422e-13	-0.161856	-4.01688e-10	-0.158721	9.53422e-13	-0.161856	-4.01688e-10	
-6.32	-0.159229	1.00399e-12	-0.162396	-4.36761e-10	-0.159229	1.00399e-12	-0.162396	-4.36761e-10	
-6.3	-0.159741	1.0562e-12	-0.16294	-4.73615e-10	-0.159741	1.0562e-12	-0.16294	-4.73615e-10	
-6.28	-0.160257	1.1101e-12	-0.163487	-5.12322e-10	-0.160257	1.1101e-12	-0.163487	-5.12322e-10	
-6.26	-0.160775	1.1657e-12	-0.164038	-5.52957e-10	-0.160775	1.1657e-12	-0.164038	-5.52957e-10	
-6.24	-0.161297	1.22309e-12	-0.164593	-5.95595e-10	-0.161297	1.22309e-12	-0.164593	-5.95595e-10	
-6.22	-0.161823	1.28228e-12	-0.165152	-6.40316e-10	-0.161823	1.28228e-12	-0.165152	-6.40316e-10	
-6.2	-0.162352	1.34336e-12	-0.165715	-6.87201e-10	-0.162352	1.34336e-12	-0.165715	-6.87201e-10	
-6.18	-0.162884	1.40634e-12	-0.166281	-7.36331e-10	-0.162884	1.40634e-12	-0.166281	-7.36331e-10	
-6.16	-0.16342	1.4713e-12	-0.166852	-7.87794e-10	-0.16342	1.4713e-12	-0.166852	-7.87794e-10	
-6.14	-0.16396	1.53827e-12	-0.167427	-8.41675e-10	-0.16396	1.53827e-12	-0.167427	-8.41675e-10	
-6.12	-0.164503	1.60732e-12	-0.168006	-8.98065e-10	-0.164503	1.60732e-12	-0.168006	-8.98065e-10	
-6.1	-0.165049	1.6785e-12	-0.168589	-9.57055e-10	-0.165049	1.6785e-12	-0.168589	-9.57055e-10	
-6.08	-0.1656	1.75183e-12	-0.169176	-1.01874e-09	-0.1656	1.75183e-12	-0.169176	-1.01874e-09	
-6.06	-0.166154	1.82743e-12	-0.169767	-1.08321e-09	-0.166154	1.82743e-12	-0.169767	-1.08321e-09	
-6.04	-0.166712	1.90533e-12	-0.170363	-1.15057e-09	-0.166712	1.90533e-12	-0.170363	-1.15057e-09	
-6.02	-0.167273	1.98556e-12	-0.170963	-1.22091e-09	-0.167273	1.98556e-12	-0.170963	-1.22091e-09	
-6	-0.167839	2.06819e-12	-0.171567	-1.29433e-09	-0.167839	2.06819e-12	-0.171567	-1.29433e-09	
-5.98	-0.168408	2.15334e-12	-0.172176	-1.37094e-09	-0.168408	2.15334e-12	-0.172176	-1.37094e-09	
-5.96	-0.168981	2.24096e-12	-0.172789	-1.45084e-09	-0.168981	2.24096e-12	-0.172789	-1.45084e-09	
-5.94	-0.169559	2.33118e-12	-0.173407	-1.53413e-09	-0.169559	2.33118e-12	-0.173407	-1.53413e-09	
-5.92	-0.17014	2.42406e-12	-0.174029	-1.62092e-09	-0.17014	2.42406e-12	-0.174029	-1.62092e-09	
-5.9	-0.170725	2.51966e-12	-0.174656	-1.7113e-09	-0.170725	2.51966e-12	-0.174656	-1.7113e-09	
-5.88	-0.171314	2.61803e-12	-0.175288	-1.80539e-09	-0.171314	2.61803e-12	-0.175288	-1.80539e-09	
-5.86	-0.171908	2.71924e-12	-0.175924	-1.90329e-09	-0.171908	2.71924e-12	-0.175924	-1.90329e-09	
-5.84	-0.172505	2.82337e-12	-0.176565	-2.0051e-09	-0.172505	2.82337e-12	-0.176565	-2.0051e-09	
-5.82	-0.173107	2.93047e-12	-0.177211	-2.11092e-09	-0.173107	2.93047e-12	-0.177211	-2.11092e-09	
-5.8	-0.173713	3.0406e-12	-0.177862	-2.22085e-09	-0.173713	3.0406e-12	-0.177862	-2.22085e-09	
-5.78	-0.174323	3.15385e-12	-0.178518	-2.335e-09	-0.174323	3.15385e-12	-0.178518	-2.335e-09	
-5.76	-0.174938	3.27025e-12	-0.179179	-2.45344e-09	-0.174938	3.27025e-12	-0.179179	-2.45344e-09	
-5.74	-0.175557	3.38992e-12	-0.179845	-2.57628e-09	-0.175557	3.38992e-12	-0.179845	-2.57628e-09	
-5.72	-0.17618	3.51289e-12	-0.180516	-2.7036e-09	-0.17618	3.51289e-12	-0.180516	-2.7036e-09	
-5.7	-0.176808	3.63924e-12	-0.181192	-2.83548e-09	-0.176808	3.63924e-12	-0.181192	-2.83548e-09	
-5.68	-0.17744	3.76901e-12	-0.181874	-2.972e-09	-0.17744	3.76901e-12	-0.181874	-2.972e-09	
-5.66	-0.178077	3.90231e-12	-0.18256	-3.11321e-09	-0.178077	3.90231e-12	-0.18256	-3.11321e-09	
-5.64	-0.178719	4.03918e-12	-0.183253	-3.25917e-09	-0.178719	4.03918e-12	-0.183253	-3.25917e-09	
-5.62	-0.179365	4.17969e-12	-0.18395	-3.40993e-09	-0.179365	4.17969e-12	-0.18395	-3.40993e-09	
-5.6	-0.180016	4.32394e-12	-0.184653	-3.56553e-09	-0.180016	4.32394e-12	-0.184653	-3.56553e-09	
-5.58	-0.180672	4.47194e-12	-0.185362	-3.72598e-09	-0.180672	4.47194e-12	-0.185362	-3.72598e-09	
-5.56	-0.181333	4.62379e-12	-0.186077	-3.89129e-09	-0.181333	4.62379e-12	-0.186077	-3.89129e-09	
-5.54	-0.181998	4.77955e-12	-0.186797	-4.06144e-09	-0.181998	4.77955e-12	-0.186797	-4.06144e-09	
-5.52	-0.182669	4.93926e-12	-0.187523	-4.2364e-09	-0.182669	4.93926e-12	-0.187523	-4.2364e-09	
-5.5	-0.183344	5.10303e-12	-0.188255	-4.41612e-09	-0.183344	5.10303e-12	-0.188255	-4.41612e-09	
-5.48	-0.184025	5.27086e-12	-0.188992	-4.60051e-09	-0.184025	5.27086e-12	-0.188992	-4.60051e-09	
-5.46	-0.18471	5.44285e-12	-0.189736	-4.78947e-09	-0.18471	5.44285e-12	-0.189736	-4.78947e-09	
-5.44	-0.185401	5.61905e-12	-0.190486	-4.98286e-09	-0.185401	5.61905e-12	-0.190486	-4.98286e-09	
-5.42	-0.186097	5.79946e-12	-0.191242	-5.18049e-09	-0.186097	5.79946e-12	-0.191242	-5.18049e-09	
-5.4	-0.186799	5.9842e-12	-0.192005	-5.38217e-09	-0.186799	5.9842e-12	-0.192005	-5.38217e-09	
-5.38	-0.187505	6.17327e-12	-0.192773	-5.58762e-09	-0.187505	6.17327e-12	-0.192773	-5.58762e-09	
-5.36	-0.188217	6.36672e-12	-0.193548	-5.79655e-09	-0.188217	6.36672e-12	-0.193548	-5.79655e-09	
-5.34	-0.188935	6.56458e-12	-0.19433	-6.00859e-09	-0.188935	6.56458e-12	-0.19433	-6.00859e-09	
-5.32	-0.189658	6.76692e-12	-0.195118	-6.22334e-09	-0.189658	6.76692e-12	-0.195118	-6.22334e-09	
-5.3	-0.190387	6.9737e-12	-0.195913	-6.4403e-09	-0.190387	6.9737e-12	-0.195913	-6.4403e-09	
-5.28	-0.191121	7.18498e-12	-0.196715	-6.65893e-09	-0.191121	7.18498e-12	-0.196715	-6.65893e-09	
-5.26	-0.191861	7.40077e-12	-0.197523	-6.8786e-09	-0.191861	7.40077e-12	-0.197523	-6.8786e-09	
-5.24	-0.192607	7.62108e-12	-0.198339	-7.09857e-09	-0.192607	7.62108e-12	-0.198339	-7.09857e-09	
-5.22	-0.193359	7.84588e-12	-0.199161	-7.31805e-09	-0.193359	7.84588e-12	-0.199161	-7.31805e-09	
-5.2	-0.194117	8.07521e-12	-0.199991	-7.53609e-09	-0.194117	8.07521e-12	-0.199991	-7.53609e-09	
-5.18	-0.194881	8.309e-12	-0.200828	-7.75168e-09	-0.194881	8.309e-12	-0.200828	-7.75168e-09	
-5.16	-0.195651	8.54723e-12	-0.201672	-7.96364e-09	-0.195651	8.54723e-12	-0.201672	-7.96364e-09	
-5.14	-0.196427	8.78988e-12	-0.202523	-8.17067e-09	-0.196427	8.78988e-12	-0.202523	-8.17067e-09	
-5.12	-0.197209	9.03685e-12	-0.203383	-8.37129e-09	-0.197209	9.03685e-12	-0.203383	-8.37129e-09	
-5.1	-0.197998	9.28813e-12	-0.204249	-8.5639e-09	-0.197998	9.28813e-12	-0.204249	-8.5639e-09	
-5.08	-0.198793	9.54359e-12	-0.205124	-8.74666e-09	-0.198793	9.54359e-12	-0.205124	-8.74666e-09	
-5.06	-0.199594	9.80318e-12	-0.206006	-8.91756e-09	-0.199594	9.80318e-12	-0.206006	-8.91756e-09	
-5.04	-0.200402	1.00667e-11	-0.206897	-9.07435e-09	-0.200402	1.00667e-11	-0.206897	-9.07435e-09	
-5.02	-0.201217	1.03341e-11	-0.207795	-9.21455e-09	-0.201217	1.03341e-11	-0.207795	-9.21455e-09	
-5	-0.202038	1.06053e-11	-0.208702	-9.33539e-09	-0.202038	1.06053e-11	-0.208702	-9.33539e-09	
-4.98	-0.202867	1.08799e-11	-0.209617	-9.43382e-09	-0.202867	1.08799e-11	-0.209617	-9.43382e-09	
-4.96	-0.203702	1.11579e-11	-0.21054	-9.50648e-09	-0.203702	1.11579e-11	-0.21054	-9.50648e-09	
-4.94	-0.204544	1.14389e-11	-0.211472	-9.54963e-09	-0.204544	1.14389e-11	-0.211472	-9.54963e-09	
-4.92	-0.205393	1.17228e-11	-0.212412	-9.55915e-09	-0.205393	1.17228e-11	-0.212412	-9.55915e-09	
-4.9	-0.206249	1.20093e-11	-0.213362	-9.53051e-09	-0.206249	1.20093e-11	-0.213362	-9.53051e-09	
-4.88	-0.207113	1.22981e-11	-0.21432	-9.45871e-09	-0.207113	1.22981e-11	-0.21432	-9.45871e-09	
-4.86	-0.207984	1.25888e-11	-0.215288	-9.33824e-09	-0.207984	1.25888e-11	-0.215288	-9.33824e-09	
-4.84	-0.208862	1.2881e-11	-0.216264	-9.16303e-09	-0.208862	1.2881e-11	-0.216264	-9.16303e-09	
-4.82	-0.209748	1.31743e-11	-0.21725	-8.92642e-09	-0.209748	1.31743e-11	-0.21725	-8.92642e-09	
-4.8	-0.210641	1.34683e-11	-0.218246	-8.62106e-09	-0.210641	1.34683e-11	-0.218246	-8.62106e-09	
-4.78	-0.211543	1.37624e-11	-0.219251	-8.23889e-09	-0.211543	1.37624e-11	-0.219251	-8.23889e-09	
-4.76	-0.212452	1.40562e-11	-0.220265	-7.77105e-09	-0.212452	1.40562e-11	-0.220265	-7.77105e-09	
-4.74	-0.213369	1.43489e-11	-0.22129	-7.20779e-09	-0.213369	1.43489e-11	-0.22129	-7.20779e-09	
-4.72	-0.214294	1.464e-11	-0.222325	-6.53843e-09	-0.214294	1.464e-11	-0.222325	-6.53843e-09	
-4.7	-0.215227	1.49286e-11	-0.22337	-5.75124e-09	-0.215227	1.49286e-11	-0.22337	-5.75124e-09	
-4.68	-0.216168	1.52142e-11	-0.224425	-4.83331e-09	-0.216168	1.52142e-11	-0.224425	-4.83331e-09	
-4.66	-0.217118	1.54957e-11	-0.225491	-3.7705e-09	-0.217118	1.54957e-11	-0.225491	-3.7705e-09	
-4.64	-0.218076	1.57722e-11	-0.226568	-2.5473e-09	-0.218076	1.57722e-11	-0.226568	-2.5473e-09	
-4.62	-0.219043	1.60428e-11	-0.227656	-1.14666e-09	-0.219043	1.60428e-11	-0.227656	-1.14666e-09	
-4.6	-0.220019	1.63064e-11	-0.228754	4.50098e-10	-0.220019	1.63064e-11	-0.228754	4.50098e-10	
-4.58	-0.221003	1.65618e-11	-0.229864	2.2635e-09	-0.221003	1.65618e-11	-0.229864	2.2635e-09	
-4.56	-0.221997	1.68077e-11	-0.230986	4.31605e-09	-0.221997	1.68077e-11	-0.230986	4.31605e-09	
-4.54	-0.222999	1.70428e-11	-0.232119	6.63247e-09	-0.222999	1.70428e-11	-0.232119	6.63247e-09	
-4.52	-0.224011	1.72655e-11	-0.233264	9.23987e-09	-0.224011	1.72655e-11	-0.233264	9.23987e-09	
-4.5	-0.225032	1.74744e-11	-0.23442	1.2168e-08	-0.225032	1.74744e-11	-0.23442	1.2168e-08	
-4.48	-0.226062	1.76675e-11	-0.235589	1.54497e-08	-0.226062	1.76675e-11	-0.235589	1.54497e-08	
-4.46	-0.227103	1.78433e-11	-0.236771	1.91207e-08	-0.227103	1.78433e-11	-0.236771	1.91207e-08	
-4.44	-0.228152	1.79995e-11	-0.237965	2.32207e-08	-0.228152	1.79995e-11	-0.237965	2.32207e-08	
-4.42	-0.229212	1.81341e-11	-0.239172	2.7793e-08	-0.229212	1.81341e-11	-0.239172	2.7793e-08	
-4.4	-0.230282	1.82448e-11	-0.240392	3.28854e-08	-0.230282	1.82448e-11	-0.240392	3.28854e-08	
-4.38	-0.231362	1.83291e-11	-0.241625	3.85506e-08	-0.231362	1.83291e-11	-0.241625	3.85506e-08	
-4.36	-0.232452	1.83843e-11	-0.242872	4.48464e-08	-0.232452	1.83843e-11	-0.242872	4.48464e-08	
-4.34	-0.233553	1.84076e-11	-0.244132	5.18368e-08	-0.233553	1.84076e-11	-0.244132	5.18368e-08	
-4.32	-0.234664	1.8396e-11	-0.245407	5.95924e-08	-0.234664	1.8396e-11	-0.245407	5.95924e-08	
-4.3	-0.235786	1.8346e-11	-0.246696	6.81909e-08	-0.235786	1.8346e-11	-0.246696	6.81909e-08	
-4.28	-0.236919	1.82544e-11	-0.247999	7.77187e-08	-0.236919	1.82544e-11	-0.247999	7.77187e-08	
-4.26	-0.238063	1.81172e-11	-0.249317	8.82712e-08	-0.238063	1.81172e-11	-0.249317	8.82712e-08	
-4.24	-0.239219	1.79305e-11	-0.25065	9.99543e-08	-0.239219	1.79305e-11	-0.25065	9.99543e-08	
-4.22	-0.240386	1.76899e-11	-0.251998	1.12886e-07	-0.240386	1.76899e-11	-0.251998	1.12886e-07	
-4.2	-0.241564	1.73908e-11	-0.253362	1.27196e-07	-0.241564	1.73908e-11	-0.253362	1.27196e-07	
-4.18	-0.242754	1.70283e-11	-0.254742	1.43033e-07	-0.242754	1.70283e-11	-0.254742	1.43033e-07	
-4.16	-0.243957	1.65972e-11	-0.256138	1.60558e-07	-0.243957	1.65972e-11	-0.256138	1.60558e-07	
-4.14	-0.245171	1.60918e-11	-0.25755	1.79956e-07	-0.245171	1.60918e-11	-0.25755	1.79956e-07	
-4.12	-0.246398	1.55061e-11	-0.25898	2.01433e-07	-0.246398	1.55061e-11	-0.25898	2.01433e-07	
-4.1	-0.247637	1.48337e-11	-0.260426	2.25223e-07	-0.247637	1.48337e-11	-0.260426	2.25223e-07	
-4.08	-0.248889	1.40678e-11	-0.26189	2.51589e-07	-0.248889	1.40678e-11	-0.26189	2.51589e-07	
-4.06	-0.250154	1.3201e-11	-0.263371	2.80832e-07	-0.250154	1.3201e-11	-0.263371	2.80832e-07	
-4.04	-0.251432	1.22257e-11	-0.264871	3.13298e-07	-0.251432	1.22257e-11	-0.264871	3.13298e-07	
-4.02	-0.252723	1.11335e-11	-0.266389	3.49381e-07	-0.252723	1.11335e-11	-0.266389	3.49381e-07	
-4	-0.254028	9.91564e-12	-0.267926	3.8954e-07	-0.254028	9.91564e-12	-0.267926	3.8954e-07	
-3.98	-0.255347	8.5627e-12	-0.269482	4.3431e-07	-0.255347	8.5627e-12	-0.269482	4.3431e-07	
-3.96	-0.256679	7.06479e-12	-0.271058	4.84317e-07	-0.256679	7.06479e-12	-0.271058	4.84317e-07	
-3.94	-0.258026	5.41127e-12	-0.272654	5.40303e-07	-0.258026	5.41127e-12	-0.272654	5.40303e-07	
-3.92	-0.259387	3.59077e-12	-0.274271	6.03154e-07	-0.259387	3.59077e-12	-0.274271	6.03154e-07	
-3.9	-0.260763	1.59146e-12	-0.275908	6.73938e-07	-0.260763	1.59146e-12	-0.275908	6.73938e-07	
-3.88	-0.262154	-5.99459e-13	-0.277566	7.53955e-07	-0.262154	-5.99459e-13	-0.277566	7.53955e-07	
-3.86	-0.263561	-2.9954e-12	-0.279247	8.4481e-07	-0.263561	-2.9954e-12	-0.279247	8.4481e-07	
-3.84	-0.264982	-5.61076e-12	-0.280949	9.485e-07	-0.264982	-5.61076e-12	-0.280949	9.485e-07	
-3.82	-0.266419	-8.46058e-12	-0.282675	1.06755e-06	-0.266419	-8.46058e-12	-0.282675	1.06755e-06	
-3.8	-0.267873	-1.1561e-11	-0.284423	1.20517e-06	-0.267873	-1.1561e-11	-0.284423	1.20517e-06	
-3.78	-0.269342	-1.49289e-11	-0.286195	1.36555e-06	-0.269342	-1.49289e-11	-0.286195	1.36555e-06	
-3.76	-0.270828	-1.85824e-11	-0.287992	1.55413e-06	-0.270828	-1.85824e-11	-0.287992	1.55413e-06	
-3.74	-0.272331	-2.25403e-11	-0.289813	1.77814e-06	-0.272331	-2.25403e-11	-0.289813	1.77814e-06	
-3.72	-0.273851	-2.68227e-11	-0.291659	2.04717e-06	-0.273851	-2.68227e-11	-0.291659	2.04717e-06	
-3.7	-0.275388	-3.14507e-11	-0.293532	2.37395e-06	-0.275388	-3.14507e-11	-0.293532	2.37395e-06	
-3.68	-0.276943	-3.64466e-11	-0.295431	2.77516e-06	-0.276943	-3.64466e-11	-0.295431	2.77516e-06	
-3.66	-0.278516	-4.18339e-11	-0.297357	3.27172e-06	-0.278516	-4.18339e-11	-0.297357	3.27172e-06	
-3.64	-0.280107	-4.76372e-11	-0.29931	3.8872e-06	-0.280107	-4.76372e-11	-0.29931	3.8872e-06	
-3.62	-0.281717	-5.38824e-11	-0.301293	4.64092e-06	-0.281717	-5.38824e-11	-0.301293	4.64092e-06	
-3.6	-0.283346	-6.05967e-11	-0.303304	5.52961e-06	-0.283346	-6.05967e-11	-0.303304	5.52961e-06	
-3.58	-0.284994	-6.78086e-11	-0.305344	6.49175e-06	-0.284994	-6.78086e-11	-0.305344	6.49175e-06	
-3.56	-0.286662	-7.55477e-11	-0.307415	7.36897e-06	-0.286662	-7.55477e-11	-0.307415	7.36897e-06	
-3.54	-0.28835	-8.38453e-11	-0.309516	7.92783e-06	-0.28835	-8.38453e-11	-0.309516	7.92783e-06	
-3.52	-0.290059	-9.27338e-11	-0.31165	8.00255e-06	-0.290059	-9.27338e-11	-0.31165	8.00255e-06	
-3.5	-0.291788	-1.02247e-10	-0.313817	7.64301e-06	-0.291788	-1.02247e-10	-0.313817	7.64301e-06	
-3.48	-0.293538	-1.1242e-10	-0.316018	7.06593e-06	-0.293538	-1.1242e-10	-0.316018	7.06593e-06	
-3.46	-0.29531	-1.23288e-10	-0.318254	6.48218e-06	-0.29531	-1.23288e-10	-0.318254	6.48218e-06	
-3.44	-0.297104	-1.3489e-10	-0.320525	6.00718e-06	-0.297104	-1.3489e-10	-0.320525	6.00718e-06	
-3.42	-0.298921	-1.47264e-10	-0.322833	5.67512e-06	-0.298921	-1.47264e-10	-0.322833	5.67512e-06	
-3.4	-0.30076	-1.60449e-10	-0.325179	5.47953e-06	-0.30076	-1.60449e-10	-0.325179	5.47953e-06	
-3.38	-0.302623	-1.74486e-10	-0.327563	5.4007e-06	-0.302623	-1.74486e-10	-0.327563	5.4007e-06	
-3.36	-0.304509	-1.89416e-10	-0.329987	5.41811e-06	-0.304509	-1.89416e-10	-0.329987	5.41811e-06	
-3.34	-0.30642	-2.05281e-10	-0.332451	5.51445e-06	-0.30642	-2.05281e-10	-0.332451	5.51445e-06	
-3.32	-0.308355	-2.22122e-10	-0.334958	5.67629e-06	-0.308355	-2.22122e-10	-0.334958	5.67629e-06	
-3.3	-0.310316	-2.39981e-10	-0.337507	5.89344e-06	-0.310316	-2.39981e-10	-0.337507	5.89344e-06	
-3.28	-0.312302	-2.58899e-10	-0.3401	6.15824e-06	-0.312302	-2.58899e-10	-0.3401	6.15824e-06	
-3.26	-0.314315	-2.78918e-10	-0.342739	6.4648e-06	-0.314315	-2.78918e-10	-0.342739	6.4648e-06	
-3.24	-0.316354	-3.00075e-10	-0.345425	6.80845e-06	-0.316354	-3.00075e-10	-0.345425	6.80845e-06	
-3.22	-0.318421	-3.22407e-10	-0.348159	7.18522e-06	-0.318421	-3.22407e-10	-0.348159	7.18522e-06	
-3.2	-0.320515	-3.45949e-10	-0.350943	7.59153e-06	-0.320515	-3.45949e-10	-0.350943	7.59153e-06	
-3.18	-0.322638	-3.70732e-10	-0.353778	8.02386e-06	-0.322638	-3.70732e-10	-0.353778	8.02386e-06	
-3.16	-0.324791	-3.9678e-10	-0.356666	8.47852e-06	-0.324791	-3.9678e-10	-0.356666	8.47852e-06	
-3.14	-0.326972	-4.24114e-10	-0.359608	8.95135e-06	-0.326972	-4.24114e-10	-0.359608	8.95135e-06	
-3.12	-0.329185	-4.52747e-10	-0.362607	9.43756e-06	-0.329185	-4.52747e-10	-0.362607	9.43756e-06	
-3.1	-0.331428	-4.82683e-10	-0.365665	9.93146e-06	-0.331428	-4.82683e-10	-0.365665	9.93146e-06	
-3.08	-0.333702	-5.13916e-10	-0.368782	1.04262e-05	-0.333702	-5.13916e-10	-0.368782	1.04262e-05	
-3.06	-0.33601	-5.46427e-10	-0.371962	1.09135e-05	-0.33601	-5.46427e-10	-0.371962	1.09135e-05	
-3.04	-0.33835	-5.80183e-10	-0.375207	1.13835e-05	-0.33835	-5.80183e-10	-0.375207	1.13835e-05	
-3.02	-0.340724	-6.15132e-10	-0.378518	1.18242e-05	-0.340724	-6.15132e-10	-0.378518	1.18242e-05	
-3	-0.343132	-6.51202e-10	-0.381898	1.22212e-05	-0.343132	-6.51202e-10	-0.381898	1.22212e-05	
-2.98	-0.345576	-6.88298e-10	-0.38535	1.25573e-05	-0.345576	-6.88298e-10	-0.38535	1.25573e-05	
-2.96	-0.348056	-7.26294e-10	-0.388876	1.2812e-05	-0.348056	-7.26294e-10	-0.388876	1.2812e-05	
-2.94	-0.350573	-7.65033e-10	-0.392479	1.29612e-05	-0.350573	-7.65033e-10	-0.392479	1.29612e-05	
-2.92	-0.353128	-8.04319e-10	-0.396162	1.29763e-05	-0.353128	-8.04319e-10	-0.396162	1.29763e-05	
-2.9	-0.355722	-8.43912e-10	-0.399928	1.28237e-05	-0.355722	-8.43912e-10	-0.399928	1.28237e-05	
-2.88	-0.358355	-8.83522e-10	-0.403781	1.24642e-05	-0.358355	-8.83522e-10	-0.403781	1.24642e-05	
-2.86	-0.361029	-9.22796e-10	-0.407723	1.18524e-05	-0.361029	-9.22796e-10	-0.407723	1.18524e-05	
-2.84	-0.363745	-9.61319e-10	-0.41176	1.09356e-05	-0.363745	-9.61319e-10	-0.41176	1.09356e-05	
-2.82	-0.366503	-9.98593e-10	-0.415894	9.65323e-06	-0.366503	-9.98593e-10	-0.415894	9.65323e-06	
-2.8	-0.369304	-1.03403e-09	-0.42013	7.93631e-06	-0.369304	-1.03403e-09	-0.42013	7.93631e-06	
-2.78	-0.372151	-1.06696e-09	-0.424472	5.70644e-06	-0.372151	-1.06696e-09	-0.424472	5.70644e-06	
-2.76	-0.375043	-1.09655e-09	-0.428925	2.87546e-06	-0.375043	-1.09655e-09	-0.428925	2.87546e-06	
-2.74	-0.377982	-1.12189e-09	-0.433494	-6.54857e-07	-0.377982	-1.12189e-09	-0.433494	-6.54857e-07	
-2.72	-0.38097	-1.14188e-09	-0.438185	-4.99274e-06	-0.38097	-1.14188e-09	-0.438185	-4.99274e-06	
-2.7	-0.384007	-1.15527e-09	-0.443003	-1.02557e-05	-0.384007	-1.15527e-09	-0.443003	-1.02557e-05	
-2.68	-0.387094	-1.16059e-09	-0.447955	-1.65692e-05	-0.387094	-1.16059e-09	-0.447955	-1.65692e-05	
-2.66	-0.390234	-1.15619e-09	-0.453047	-2.40636e-05	-0.390234	-1.15619e-09	-0.453047	-2.40636e-05	
-2.64	-0.393427	-1.14012e-09	-0.458286	-3.28702e-05	-0.393427	-1.14012e-09	-0.458286	-3.28702e-05	
-2.62	-0.396674	-1.11018e-09	-0.463681	-4.31146e-05	-0.396674	-1.11018e-09	-0.463681	-4.31146e-05	
-2.6	-0.399978	-1.06385e-09	-0.469239	-5.49066e-05	-0.399978	-1.06385e-09	-0.469239	-5.49066e-05	
-2.58	-0.40334	-9.98231e-10	-0.474969	-6.83265e-05	-0.40334	-9.98231e-10	-0.474969	-6.83265e-05	
-2.56	-0.406762	-9.10045e-10	-0.480881	-8.34055e-05	-0.406762	-9.10045e-10	-0.480881	-8.34055e-05	
-2.54	-0.410244	-7.95544e-10	-0.486986	-0.000100098	-0.410244	-7.95544e-10	-0.486986	-0.000100098	
-2.52	-0.41379	-6.50477e-10	-0.493296	-0.000118246	-0.41379	-6.50477e-10	-0.493296	-0.000118246	
-2.5	-0.4174	-4.70027e-10	-0.499822	-0.000137527	-0.4174	-4.70027e-10	-0.499822	-0.000137527	
-2.48	-0.421076	-2.48745e-10	-0.506579	-0.000157387	-0.421076	-2.48745e-10	-0.506579	-0.000157387	
-2.46	-0.424821	1.95194e-11	-0.513581	-0.000176954	-0.424821	1.95194e-11	-0.513581	-0.000176954	
-2.44	-0.428636	3.41695e-10	-0.520847	-0.00019492	-0.428636	3.41695e-10	-0.520847	-0.00019492	
-2.42	-0.432524	7.25567e-10	-0.528395	-0.000209391	-0.432524	7.25567e-10	-0.528395	-0.000209391	
-2.4	-0.436487	1.17986e-09	-0.536247	-0.000217696	-0.436487	1.17986e-09	-0.536247	-0.000217696	
-2.38	-0.440527	1.71435e-09	-0.544428	-0.000216145	-0.440527	1.71435e-09	-0.544428	-0.000216145	
-2.36	-0.444646	2.33989e-09	-0.552966	-0.000199741	-0.444646	2.33989e-09	-0.552966	-0.000199741	
-2.34	-0.448846	3.0686e-09	-0.561895	-0.000161828	-0.448846	3.0686e-09	-0.561895	-0.000161828	
-2.32	-0.453132	3.91385e-09	-0.571256	-9.37207e-05	-0.453132	3.91385e-09	-0.571256	-9.37207e-05	
-2.3	-0.457504	4.8904e-09	-0.581098	1.56789e-05	-0.457504	4.8904e-09	-0.581098	1.56789e-05	
-2.28	-0.461967	6.01447e-09	-0.591483	0.000180145	-0.461967	6.01447e-09	-0.591483	0.000180145	
-2.26	-0.466522	7.30374e-09	-0.602487	0.000416094	-0.466522	7.30374e-09	-0.602487	0.000416094	
-2.24	-0.471174	8.77738e-09	-0.614211	0.000741867	-0.471174	8.77738e-09	-0.614211	0.000741867	
-2.22	-0.475925	1.0456e-08	-0.626785	0.00117557	-0.475925	1.0456e-08	-0.626785	0.00117557	
-2.2	-0.480778	1.23617e-08	-0.640383	0.00173013	-0.480778	1.23617e-08	-0.640383	0.00173013	
-2.18	-0.485738	1.45176e-08	-0.655237	0.00240309	-0.485738	1.45176e-08	-0.655237	0.00240309	
-2.16	-0.490808	1.69476e-08	-0.671662	0.00315656	-0.490808	1.69476e-08	-0.671662	0.00315656	
-2.14	-0.495992	1.96764e-08	-0.690079	0.00387983	-0.495992	1.96764e-08	-0.690079	0.00387983	
-2.12	-0.501294	2.27281e-08	-0.711041	0.00432183	-0.501294	2.27281e-08	-0.711041	0.00432183	
-2.1	-0.506718	2.61257e-08	-0.735237	0.0039757	-0.506718	2.61257e-08	-0.735237	0.0039757	
-2.08	-0.512269	2.98898e-08	-0.763438	0.00189804	-0.512269	2.98898e-08	-0.763438	0.00189804	
-2.06	-0.517952	3.40367e-08	-0.796291	-0.00352776	-0.517952	3.40367e-08	-0.796291	-0.00352776	
-2.04	-0.523772	3.85765e-08	-0.833824	-0.014776	-0.523772	3.85765e-08	-0.833824	-0.014776	
-2.02	-0.529734	4.35094e-08	-0.874609	-0.0349877	-0.529734	4.35094e-08	-0.874609	-0.0349877	
-2	-0.535845	4.88222e-08	-0.914911	-0.0668877	-0.535845	4.88222e-08	-0.914911	-0.0668877	
-1.98	-0.542109	5.4483e-08	-0.948923	-0.110734	-0.542109	5.4483e-08	-0.948923	-0.110734	
-1.96	-0.548533	6.04344e-08	-0.971125	-0.162776	-0.548533	6.04344e-08	-0.971125	-0.162776	
-1.94	-0.555124	6.65847e-08	-0.979463	-0.216444	-0.555124	6.65847e-08	-0.979463	-0.216444	
-1.92	-0.561889	7.27971e-08	-0.976185	-0.26581	-0.561889	7.27971e-08	-0.976185	-0.26581	
-1.9	-0.568836	7.88752e-08	-0.965704	-0.307992	-0.568836	7.88752e-08	-0.965704	-0.307992	
-1.88	-0.575973	8.45452e-08	-0.952054	-0.342958	-0.575973	8.45452e-08	-0.952054	-0.342958	
-1.86	-0.583307	8.94328e-08	-0.937806	-0.372087	-0.583307	8.94328e-08	-0.937806	-0.372087	
-1.84	-0.590849	9.30349e-08	-0.924191	-0.397004	-0.590849	9.30349e-08	-0.924191	-0.397004	
-1.82	-0.598608	9.4683e-08	-0.911594	-0.419058	-0.598608	9.4683e-08	-0.911594	-0.419058	
-1.8	-0.606594	9.34984e-08	-0.89998	-0.439201	-0.606594	9.34984e-08	-0.89998	-0.439201	
-1.78	-0.614819	8.8336e-08	-0.889152	-0.458051	-0.614819	8.8336e-08	-0.889152	-0.458051	
-1.76	-0.623294	7.77151e-08	-0.878882	-0.475985	-0.623294	7.77151e-08	-0.878882	-0.475985	
-1.74	-0.632032	5.97343e-08	-0.868966	-0.493217	-0.632032	5.97343e-08	-0.868966	-0.493217	
-1.72	-0.641048	3.19681e-08	-0.859247	-0.509864	-0.641048	3.19681e-08	-0.859247	-0.509864	
-1.7	-0.650355	-8.65731e-09	-0.84961	-0.525985	-0.650355	-8.65731e-09	-0.84961	-0.525985	
-1.68	-0.659969	-6.60119e-08	-0.83998	-0.541606	-0.659969	-6.60119e-08	-0.83998	-0.541606	
-1.66	-0.669909	-1.44933e-07	-0.830313	-0.556739	-0.669909	-1.44933e-07	-0.830313	-0.556739	
-1.64	-0.680192	-2.51421e-07	-0.820587	-0.571391	-0.680192	-2.51421e-07	-0.820587	-0.571391	
-1.62	-0.690839	-3.92847e-07	-0.810793	-0.585568	-0.690839	-3.92847e-07	-0.810793	-0.585568	
-1.6	-0.701872	-5.78173e-07	-0.800935	-0.599279	-0.701872	-5.78173e-07	-0.800935	-0.599279	
-1.58	-0.713316	-8.18139e-07	-0.791021	-0.612535	-0.713316	-8.18139e-07	-0.791021	-0.612535	
-1.56	-0.725196	-1.12539e-06	-0.78106	-0.625352	-0.725196	-1.12539e-06	-0.78106	-0.625352	
-1.54	-0.737542	-1.51443e-06	-0.771064	-0.637746	-0.737542	-1.51443e-06	-0.771064	-0.637746	
-1.52	-0.750385	-2.00133e-06	-0.761043	-0.649736	-0.750385	-2.00133e-06	-0.761043	-0.649736	
-1.5	-0.763761	-2.60289e-06	-0.751006	-0.661341	-0.763761	-2.60289e-06	-0.751006	-0.661341	
-1.48	-0.777709	-3.3349e-06	-0.740961	-0.672582	-0.777709	-3.3349e-06	-0.740961	-0.672582	
-1.46	-0.792272	-4.20906e-06	-0.730913	-0.683476	-0.792272	-4.20906e-06	-0.730913	-0.683476	
-1.44	-0.807498	-5.22737e-06	-0.720865	-0.694042	-0.807498	-5.22737e-06	-0.720865	-0.694042	
-1.42	-0.823442	-6.3729e-06	-0.710821	-0.704297	-0.823442	-6.3729e-06	-0.710821	-0.704297	
-1.4	-0.840166	-7.59435e-06	-0.700782	-0.714257	-0.840166	-7.59435e-06	-0.700782	-0.714257	
-1.38	-0.857738	-8.78111e-06	-0.690749	-0.723936	-0.857738	-8.78111e-06	-0.690749	-0.723936	
-1.36	-0.876238	-9.72338e-06	-0.680721	-0.733347	-0.876238	-9.72338e-06	-0.680721	-0.733347	
-1.34	-0.895756	-1.00489e-05	-0.670699	-0.742503	-0.895756	-1.00489e-05	-0.670699	-0.742503	
-1.32	-0.916399	-9.12428e-06	-0.66068	-0.751413	-0.916399	-9.12428e-06	-0.66068	-0.751413	
-1.3	-0.938288	-5.90163e-06	-0.650666	-0.760087	-0.938288	-5.90163e-06	-0.650666	-0.760087	
-1.28	-0.961567	1.31421e-06	-0.640654	-0.768534	-0.961567	1.31421e-06	-0.640654	-0.768534	
-1.26	-0.98641	1.52132e-05	-0.630645	-0.776761	-0.98641	1.52132e-05	-0.630645	-0.776761	
-1.24	-1.01302	3.99793e-05	-0.620637	-0.784777	-1.01302	3.99793e-05	-0.620637	-0.784777	
-1.22	-1.04166	8.19624e-05	-0.610629	-0.792586	-1.04166	8.19624e-05	-0.610629	-0.792586	
-1.2	-1.07265	0.000150458	-0.600622	-0.800196	-1.07265	0.000150458	-0.600622	-0.800196	
-1.18	-1.1064	0.000258252	-0.590615	-0.80761	-1.1064	0.000258252	-0.590615	-0.80761	
-1.16	-1.14344	0.000420764	-0.580607	-0.814836	-1.14344	0.000420764	-0.580607	-0.814836	
-1.14	-1.18453	0.000650269	-0.5706	-0.821877	-1.18453	0.000650269	-0.5706	-0.821877	
-1.12	-1.23073	0.000935065	-0.560591	-0.828737	-1.23073	0.000935065	-0.560591	-0.828737	
-1.1	-1.28362	0.00117439	-0.550582	-0.835422	-1.28362	0.00117439	-0.550582	-0.835422	
-1.08	-1.3457	0.00098412	-0.540573	-0.841935	-1.3457	0.00098412	-0.540573	-0.841935	
-1.06	-1.421	-0.000879293	-0.530563	-0.84828	-1.421	-0.000879293	-0.530563	-0.84828	
-1.04	-1.51614	-0.00822498	-0.520553	-0.854461	-1.51614	-0.00822498	-0.520553	-0.854461	
-1.02	-1.64065	-0.0322792	-0.510542	-0.86048	-1.64065	-0.0322792	-0.510542	-0.86048	
-1	-1.79996	-0.102611	-0.500531	-0.866342	-1.79996	-0.102611	-0.500531	-0.866342	
-0.98	-1.95987	-0.269729	-0.49052	-0.87205	-1.95987	-0.269729	-0.49052	-0.87205	
-0.96	-2.01377	-0.523517	-0.480509	-0.877606	-2.01377	-0.523517	-0.480509	-0.877606	
-0.94	-1.93576	-0.727612	-0.470498	-0.883013	-1.93576	-0.727612	-0.470498	-0.883013	
-0.92	-1.83823	-0.83234	-0.460487	-0.888274	-1.83823	-0.83234	-0.460487	-0.888274	
-0.9	-1.77447	-0.893065	-0.450476	-0.893393	-1.77447	-0.893065	-0.450476	-0.893393	
-0.88	-1.73607	-0.947796	-0.440465	-0.89837	-1.73607	-0.947796	-0.440465	-0.89837	
-0.86	-1.70733	-1.00698	-0.430454	-0.903209	-1.70733	-1.00698	-0.430454	-0.903209	
-0.84	-1.67871	-1.07004	-0.420443	-0.907912	-1.67871	-1.07004	-0.420443	-0.907912	
-0.82	-1.64619	-1.13358	-0.410432	-0.912481	-1.64619	-1.13358	-0.410432	-0.912481	
-0.8	-1.60919	-1.1945	-0.400421	-0.916917	-1.60919	-1.1945	-0.400421	-0.916917	
-0.78	-1.56882	-1.25093	-0.390411	-0.921224	-1.56882	-1.25093	-0.390411	-0.921224	
-0.76	-1.52664	-1.30228	-0.3804	-0.925402	-1.52664	-1.30228	-0.3804	-0.925402	
-0.74	-1.48403	-1.34886	-0.37039	-0.929454	-1.48403	-1.34886	-0.37039	-0.929454	
-0.72	-1.44183	-1.39143	-0.360379	-0.933381	-1.44183	-1.39143	-0.360379	-0.933381	
-0.7	-1.40043	-1.43086	-0.350368	-0.937184	-1.40043	-1.43086	-0.350368	-0.937184	
-0.68	-1.35982	-1.46789	-0.340358	-0.940866	-1.35982	-1.46789	-0.340358	-0.940866	
-0.66	-1.31983	-1.50303	-0.330347	-0.944427	-1.31983	-1.50303	-0.330347	-0.944427	
-0.64	-1.2802	-1.53661	-0.320337	-0.947869	-1.2802	-1.53661	-0.320337	-0.947869	
-0.62	-1.24071	-1.56879	-0.310326	-0.951193	-1.24071	-1.56879	-0.310326	-0.951193	
-0.6	-1.20119	-1.59961	-0.300316	-0.954401	-1.20119	-1.59961	-0.300316	-0.954401	
-0.58	-1.16152	-1.62906	-0.290305	-0.957493	-1.16152	-1.62906	-0.290305	-0.957493	
-0.56	-1.12169	-1.65713	-0.280295	-0.960471	-1.12169	-1.65713	-0.280295	-0.960471	
-0.54	-1.08171	-1.68379	-0.270284	-0.963336	-1.08171	-1.68379	-0.270284	-0.963336	
-0.52	-1.04161	-1.70906	-0.260274	-0.966089	-1.04161	-1.70906	-0.260274	-0.966089	
-0.5	-1.00144	-1.73296	-0.250263	-0.96873	-1.00144	-1.73296	-0.250263	-0.96873	
-0.48	-0.96126	-1.75554	-0.240253	-0.971261	-0.96126	-1.75554	-0.240253	-0.971261	
-0.46	-0.921091	-1.77688	-0.230242	-0.973683	-0.921091	-1.77688	-0.230242	-0.973683	
-0.44	-0.880955	-1.79702	-0.220231	-0.975996	-0.880955	-1.79702	-0.220231	-0.975996	
-0.42	-0.840861	-1.81604	-0.210221	-0.978201	-0.840861	-1.81604	-0.210221	-0.978201	
-0.4	-0.800804	-1.83398	-0.20021	-0.980298	-0.800804	-1.83398	-0.20021	-0.980298	
-0.38	-0.760775	-1.8509	-0.1902	-0.98229	-0.760775	-1.8509	-0.1902	-0.98229	
-0.36	-0.720761	-1.86683	-0.180189	-0.984175	-0.720761	-1.86683	-0.180189	-0.984175	
-0.34	-0.680752	-1.88178	-0.170179	-0.985955	-0.680752	-1.88178	-0.170179	-0.985955	
-0.32	-0.640737	-1.8958	-0.160168	-0.987631	-0.640737	-1.8958	-0.160168	-0.987631	
-0.3	-0.600712	-1.90888	-0.150158	-0.989202	-0.600712	-1.90888	-0.150158	-0.989202	
-0.28	-0.560675	-1.92104	-0.140147	-0.99067	-0.560675	-1.92104	-0.140147	-0.99067	
-0.26	-0.520628	-1.93229	-0.130137	-0.992035	-0.520628	-1.93229	-0.130137	-0.992035	
-0.24	-0.480574	-1.94265	-0.120126	-0.993297	-0.480574	-1.94265	-0.120126	-0.993297	
-0.22	-0.440517	-1.95213	-0.110116	-0.994456	-0.440517	-1.95213	-0.110116	-0.994456	
-0.2	-0.40046	-1.96073	-0.100105	-0.995513	-0.40046	-1.96073	-0.100105	-0.995513	
-0.18	-0.360406	-1.96848	-0.0900946	-0.996469	-0.360406	-1.96848	-0.0900946	-0.996469	
-0.16	-0.320356	-1.97539	-0.0800841	-0.997324	-0.320356	-1.97539	-0.0800841	-0.997324	
-0.14	-0.28031	-1.98146	-0.0700736	-0.998077	-0.28031	-1.98146	-0.0700736	-0.998077	
-0.12	-0.240268	-1.98671	-0.0600631	-0.998729	-0.240268	-1.98671	-0.0600631	-0.998729	
-0.1	-0.200226	-1.99114	-0.0500526	-0.999281	-0.200226	-1.99114	-0.0500526	-0.999281	
-0.08	-0.160184	-1.99476	-0.0400421	-0.999732	-0.160184	-1.99476	-0.0400421	-0.999732	
-0.06	-0.120141	-1.99758	-0.0300315	-1.00008	-0.120141	-1.99758	-0.0300315	-1.00008	
-0.04	-0.0800957	-1.99959	-0.020021	-1.00033	-0.0800957	-1.99959	-0.020021	-1.00033	
-0.02	-0.0400483	-2.00079	-0.0100105	-1.00048	-0.0400483	-2.00079	-0.0100105	-1.00048	
0	1.63887e-07	-2.00119	-8.46988e-09	-1.00053	1.63887e-07	-2.00119	-8.46988e-09	-1.00053	
0.02	0.0400485	-2.00079	0.0100105	-1.00048	0.0400485	-2.00079	0.0100105	-1.00048	
0.04	0.0800956	-1.99959	0.020021	-1.00033	0.0800956	-1.99959	0.020021	-1.00033	
0.06	0.120141	-1.99758	0.0300315	-1.00008	0.120141	-1.99758	0.0300315	-1.00008	
0.08	0.160184	-1.99476	0.040042	-0.999732	0.160184	-1.99476	0.040042	-0.999732	
0.1	0.200225	-1.99114	0.0500525	-0.999281	0.200225	-1.99114	0.0500525	-0.999281	
0.12	0.240267	-1.98671	0.0600631	-0.998729	0.240267	-1.98671	0.0600631	-0.998729	
0.14	0.28031	-1.98146	0.0700736	-0.998077	0.28031	-1.98146	0.0700736	-0.998077	
0.16	0.320356	-1.97539	0.0800841	-0.997324	0.320356	-1.97539	0.0800841	-0.997324	
0.18	0.360407	-1.96849	0.0900946	-0.996469	0.360407	-1.96849	0.0900946	-0.996469	
0.2	0.400461	-1.96074	0.100105	-0.995513	0.400461	-1.96074	0.100105	-0.995513	
0.22	0.440519	-1.95213	0.110116	-0.994456	0.440519	-1.95213	0.110116	-0.994456	
0.24	0.480576	-1.94265	0.120126	-0.993297	0.480576	-1.94265	0.120126	-0.993297	
0.26	0.52063	-1.93229	0.130137	-0.992035	0.52063	-1.93229	0.130137	-0.992035	
0.28	0.560676	-1.92104	0.140147	-0.99067	0.560676	-1.92104	0.140147	-0.99067	
0.3	0.600711	-1.90887	0.150158	-0.989202	0.600711	-1.90887	0.150158	-0.989202	
0.32	0.640733	-1.89579	0.160168	-0.987631	0.640733	-1.89579	0.160168	-0.987631	
0.34	0.680745	-1.88178	0.170179	-0.985955	0.680745	-1.88178	0.170179	-0.985955	
0.36	0.720753	-1.86682	0.180189	-0.984175	0.720753	-1.86682	0.180189	-0.984175	
0.38	0.760765	-1.8509	0.1902	-0.98229	0.760765	-1.8509	0.1902	-0.98229	
0.4	0.800795	-1.83399	0.20021	-0.980298	0.800795	-1.83399	0.20021	-0.980298	
0.42	0.840855	-1.81605	0.210221	-0.978201	0.840855	-1.81605	0.210221	-0.978201	
0.44	0.880955	-1.79704	0.220231	-0.975996	0.880955	-1.79704	0.220231	-0.975996	
0.46	0.921099	-1.77689	0.230242	-0.973683	0.921099	-1.77689	0.230242	-0.973683	
0.48	0.961279	-1.75556	0.240252	-0.971261	0.961279	-1.75556	0.240252	-0.971261	
0.5	1.00147	-1.73297	0.250263	-0.96873	1.00147	-1.73297	0.250263	-0.96873	
0.52	1.04164	-1.70905	0.260274	-0.966089	1.04164	-1.70905	0.260274	-0.966089	
0.54	1.08175	-1.68377	0.270284	-0.963336	1.08175	-1.68377	0.270284	-0.963336	
0.56	1.12172	-1.65709	0.280295	-0.960472	1.12172	-1.65709	0.280295	-0.960472	
0.58	1.16154	-1.629	0.290305	-0.957493	1.16154	-1.629	0.290305	-0.957493	
0.6	1.20117	-1.59954	0.300316	-0.954401	1.20117	-1.59954	0.300316	-0.954401	
0.62	1.24066	-1.56872	0.310326	-0.951193	1.24066	-1.56872	0.310326	-0.951193	
0.64	1.28011	-1.53657	0.320337	-0.947869	1.28011	-1.53657	0.320337	-0.947869	
0.66	1.3197	-1.50303	0.330348	-0.944427	1.3197	-1.50303	0.330348	-0.944427	
0.68	1.35968	-1.46795	0.340358	-0.940866	1.35968	-1.46795	0.340358	-0.940866	
0.7	1.40031	-1.43101	0.350369	-0.937184	1.40031	-1.43101	0.350369	-0.937184	
0.72	1.44179	-1.39166	0.360379	-0.93338	1.44179	-1.39166	0.360379	-0.93338	
0.74	1.48411	-1.34913	0.37039	-0.929454	1.48411	-1.34913	0.37039	-0.929454	
0.76	1.52688	-1.30252	0.3804	-0.925402	1.52688	-1.30252	0.3804	-0.925402	
0.78	1.56921	-1.25105	0.390411	-0.921223	1.56921	-1.25105	0.390411	-0.921223	
0.8	1.60968	-1.19438	0.400421	-0.916917	1.60968	-1.19438	0.400421	-0.916917	
0.82	1.64662	-1.13314	0.410432	-0.91248	1.64662	-1.13314	0.410432	-0.91248	
0.84	1.67886	-1.0693	0.420442	-0.907911	1.67886	-1.0693	0.420442	-0.907911	
0.86	1.70698	-1.00614	0.430453	-0.903209	1.70698	-1.00614	0.430453	-0.903209	
0.88	1.73509	-0.94721	0.440464	-0.89837	1.73509	-0.94721	0.440464	-0.89837	
0.9	1.77304	-0.89329	0.450474	-0.893393	1.77304	-0.89329	0.450474	-0.893393	
0.92	1.83715	-0.833837	0.460485	-0.888275	1.83715	-0.833837	0.460485	-0.888275	
0.94	1.93647	-0.729748	0.470496	-0.883014	1.93647	-0.729748	0.470496	-0.883014	
0.96	2.01607	-0.523838	0.480507	-0.877607	2.01607	-0.523838	0.480507	-0.877607	
0.98	1.96082	-0.268221	0.490519	-0.872052	1.96082	-0.268221	0.490519	-0.872052	
1	1.79952	-0.101629	0.50053	-0.866345	1.79952	-0.101629	0.50053	-0.866345	
1.02	1.6401	-0.0320585	0.510542	-0.860484	1.6401	-0.0320585	0.510542	-0.860484	
1.04	1.51582	-0.00829926	0.520553	-0.854465	1.51582	-0.00829926	0.520553	-0.854465	
1.06	1.42086	-0.00100557	0.530565	-0.848285	1.42086	-0.00100557	0.530565	-0.848285	
1.08	1.34565	0.000879667	0.540576	-0.84194	1.34565	0.000879667	0.540576	-0.84194	
1.1	1.28362	0.00110295	0.550588	-0.835426	1.28362	0.00110295	0.550588	-0.835426	
1.12	1.23074	0.000890645	0.560598	-0.828741	1.23074	0.000890645	0.560598	-0.828741	
1.14	1.18455	0.00062457	0.570609	-0.821878	1.18455	0.00062457	0.570609	-0.821878	
1.16	1.14346	0.000407036	0.580618	-0.814835	1.14346	0.000407036	0.580618	-0.814835	
1.18	1.10641	0.000251785	0.590627	-0.807607	1.10641	0.000251785	0.590627	-0.807607	
1.2	1.07266	0.000148186	0.600635	-0.800188	1.07266	0.000148186	0.600635	-0.800188	
1.22	1.04167	8.19777e-05	0.610641	-0.792574	1.04167	8.19777e-05	0.610641	-0.792574	
1.24	1.01303	4.11328e-05	0.620647	-0.784759	1.01303	4.11328e-05	0.620647	-0.784759	
1.26	0.986414	1.68368e-05	0.630651	-0.776739	0.986414	1.68368e-05	0.630651	-0.776739	
1.28	0.96157	3.03612e-06	0.640655	-0.768506	0.96157	3.03612e-06	0.640655	-0.768506	
1.3	0.938289	-4.27479e-06	0.650659	-0.760055	0.938289	-4.27479e-06	0.650659	-0.760055	
1.32	0.9164	-7.68127e-06	0.660664	-0.751378	0.9164	-7.68127e-06	0.660664	-0.751378	
1.34	0.895757	-8.81917e-06	0.67067	-0.742468	0.895757	-8.81917e-06	0.67067	-0.742468	
1.36	0.876238	-8.70432e-06	0.680678	-0.733317	0.876238	-8.70432e-06	0.680678	-0.733317	
1.38	0.857738	-7.95446e-06	0.690691	-0.723913	0.857738	-7.95446e-06	0.690691	-0.723913	
1.4	0.840166	-6.93535e-06	0.70071	-0.714248	0.840166	-6.93535e-06	0.70071	-0.714248	
1.42	0.823442	-5.85553e-06	0.710737	-0.704308	0.823442	-5.85553e-06	0.710737	-0.704308	
1.44	0.807498	-4.82702e-06	0.720772	-0.69408	0.807498	-4.82702e-06	0.720772	-0.69408	
1.46	0.792272	-3.90377e-06	0.730818	-0.683547	0.792272	-3.90377e-06	0.730818	-0.683547	
1.48	0.777709	-3.10579e-06	0.740875	-0.672691	0.777709	-3.10579e-06	0.740875	-0.672691	
1.5	0.763761	-2.4341e-06	0.750941	-0.661493	0.763761	-2.4341e-06	0.750941	-0.661493	
1.52	0.750385	-1.87981e-06	0.761016	-0.649928	0.750385	-1.87981e-06	0.761016	-0.649928	
1.54	0.737542	-1.42955e-06	0.771093	-0.637974	0.737542	-1.42955e-06	0.771093	-0.637974	
1.56	0.725196	-1.06861e-06	0.781165	-0.625602	0.725196	-1.06861e-06	0.781165	-0.625602	
1.58	0.713316	-7.82686e-07	0.791221	-0.612787	0.713316	-7.82686e-07	0.791221	-0.612787	
1.6	0.701872	-5.58676e-07	0.801245	-0.599501	0.701872	-5.58676e-07	0.801245	-0.599501	
1.62	0.690839	-3.85104e-07	0.81122	-0.585719	0.690839	-3.85104e-07	0.81122	-0.585719	
1.64	0.680192	-2.52165e-07	0.821125	-0.571419	0.680192	-2.52165e-07	0.821125	-0.571419	
1.66	0.669909	-1.51645e-07	0.830936	-0.556586	0.669909	-1.51645e-07	0.830936	-0.556586	
1.68	0.659969	-7.67639e-08	0.840637	-0.541213	0.659969	-7.67639e-08	0.840637	-0.541213	
1.7	0.650355	-2.19891e-08	0.850218	-0.525301	0.650355	-2.19891e-08	0.850218	-0.525301	
1.72	0.641048	1.71502e-08	0.859689	-0.50886	0.641048	1.71502e-08	0.859689	-0.50886	
1.74	0.632032	4.42384e-08	0.869089	-0.491904	0.632032	4.42384e-08	0.869089	-0.491904	
1.76	0.623294	6.21278e-08	0.878509	-0.47444	0.623294	6.21278e-08	0.878509	-0.47444	
1.78	0.614819	7.30736e-08	0.8881	-0.456444	0.614819	7.30736e-08	0.8881	-0.456444	
1.8	0.606594	7.88468e-08	0.898105	-0.437819	0.606594	7.88468e-08	0.898105	-0.437819	
1.82	0.598608	8.08291e-08	0.908857	-0.418325	0.598608	8.08291e-08	0.908857	-0.418325	
1.84	0.590849	8.00915e-08	0.920768	-0.397461	0.590849	8.00915e-08	0.920768	-0.397461	
1.86	0.583307	7.74575e-08	0.934225	-0.374298	0.583307	7.74575e-08	0.934225	-0.374298	
1.88	0.575973	7.35554e-08	0.949318	-0.347272	0.575973	7.35554e-08	0.949318	-0.347272	
1.9	0.568836	6.88595e-08	0.965247	-0.314102	0.568836	6.88595e-08	0.965247	-0.314102	
1.92	0.561889	6.37239e-08	0.979361	-0.27224	0.561889	6.37239e-08	0.979361	-0.27224	
1.94	0.555124	5.8409e-08	0.986385	-0.22056	0.555124	5.8409e-08	0.986385	-0.22056	
1.96	0.548533	5.31027e-08	0.979614	-0.162173	0.548533	5.31027e-08	0.979614	-0.162173	
1.98	0.542109	4.79373e-08	0.95537	-0.105427	0.542109	4.79373e-08	0.95537	-0.105427	
2	0.535845	4.30022e-08	0.917017	-0.0595792	0.535845	4.30022e-08	0.917017	-0.0595792	
2.02	0.529734	3.83551e-08	0.872794	-0.0287304	0.529734	3.83551e-08	0.872794	-0.0287304	
2.04	0.523772	3.40293e-08	0.83	-0.0110312	0.523772	3.40293e-08	0.83	-0.0110312	
2.06	0.517952	3.00404e-08	0.792205	-0.00220835	0.517952	3.00404e-08	0.792205	-0.00220835	
2.08	0.512269	2.6391e-08	0.760047	0.0015446	0.512269	2.6391e-08	0.760047	0.0015446	
2.1	0.506718	2.30746e-08	0.73284	0.00272712	0.506718	2.30746e-08	0.73284	0.00272712	
2.12	0.501294	2.00784e-08	0.709579	0.00274521	0.501294	2.00784e-08	0.709579	0.00274521	
2.14	0.495992	1.73855e-08	0.689358	0.00231749	0.495992	1.73855e-08	0.689358	0.00231749	
2.16	0.490808	1.49764e-08	0.671468	0.00178297	0.490808	1.49764e-08	0.671468	0.00178297	
2.18	0.485738	1.28303e-08	0.655386	0.00128589	0.485738	1.28303e-08	0.655386	0.00128589	
2.2	0.480778	1.09261e-08	0.640732	0.00087612	0.480778	1.09261e-08	0.640732	0.00087612	
2.22	0.475925	9.24274e-09	0.627234	0.00056069	0.475925	9.24274e-09	0.627234	0.00056069	
2.24	0.471174	7.76002e-09	0.61469	0.000329268	0.471174	7.76002e-09	0.61469	0.000329268	
2.26	0.466522	6.45859e-09	0.602954	0.000166204	0.466522	6.45859e-09	0.602954	0.000166204	
2.28	0.461967	5.32027e-09	0.591911	5.58555e-05	0.461967	5.32027e-09	0.591911	5.58555e-05	
2.3	0.457504	4.32813e-09	0.581474	-1.53415e-05	0.457504	4.32813e-09	0.581474	-1.53415e-05	
2.32	0.453132	3.46655e-09	0.571575	-5.83394e-05	0.453132	3.46655e-09	0.571575	-5.83394e-05	
2.34	0.448846	2.72117e-09	0.562158	-8.16006e-05	0.448846	2.72117e-09	0.562158	-8.16006e-05	
2.36	0.444646	2.07893e-09	0.553176	-9.14646e-05	0.444646	2.07893e-09	0.553176	-9.14646e-05	
2.38	0.440527	1.52796e-09	0.544591	-9.25663e-05	0.440527	1.52796e-09	0.544591	-9.25663e-05	
2.4	0.436487	1.05752e-09	0.536369	-8.82212e-05	0.436487	1.05752e-09	0.536369	-8.82212e-05	
2.42	0.432524	6.57982e-10	0.528482	-8.07502e-05	0.432524	6.57982e-10	0.528482	-8.07502e-05	
2.44	0.428636	3.20674e-10	0.520904	-7.17394e-05	0.428636	3.20674e-10	0.520904	-7.17394e-05	
2.46	0.424821	3.78549e-11	0.513614	-6.22415e-05	0.424821	3.78549e-11	0.513614	-6.22415e-05	
2.48	0.421076	-1.97382e-10	0.506592	-5.29282e-05	0.421076	-1.97382e-10	0.506592	-5.29282e-05	
2.5	0.4174	-3.91181e-10	0.499821	-4.4204e-05	0.4174	-3.91181e-10	0.499821	-4.4204e-05	
2.52	0.41379	-5.48997e-10	0.493283	-3.62888e-05	0.41379	-5.48997e-10	0.493283	-3.62888e-05	
2.54	0.410244	-6.7566e-10	0.486965	-2.92786e-05	0.410244	-6.7566e-10	0.486965	-2.92786e-05	
2.56	0.406762	-7.75437e-10	0.480854	-2.31885e-05	0.406762	-7.75437e-10	0.480854	-2.31885e-05	
2.58	0.40334	-8.52093e-10	0.474938	-1.79831e-05	0.40334	-8.52093e-10	0.474938	-1.79831e-05	
2.6	0.399978	-9.08941e-10	0.469205	-1.35972e-05	0.399978	-9.08941e-10	0.469205	-1.35972e-05	
2.62	0.396674	-9.4889e-10	0.463646	-9.95096e-06	0.396674	-9.4889e-10	0.463646	-9.95096e-06	
2.64	0.393427	-9.74491e-10	0.458251	-6.95857e-06	0.393427	-9.74491e-10	0.458251	-6.95857e-06	
2.66	0.390234	-9.87976e-10	0.453013	-4.53499e-06	0.390234	-9.87976e-10	0.453013	-4.53499e-06	
2.68	0.387094	-9.91293e-10	0.447922	-2.59952e-06	0.387094	-9.91293e-10	0.447922	-2.59952e-06	
2.7	0.384007	-9.86138e-10	0.442972	-1.07795e-06	0.384007	-9.86138e-10	0.442972	-1.07795e-06	
2.72	0.38097	-9.73987e-10	0.438155	9.64444e-08	0.38097	-9.73987e-10	0.438155	9.64444e-08	
2.74	0.377982	-9.56118e-10	0.433467	9.82587e-07	0.377982	-9.56118e-10	0.433467	9.82587e-07	
2.76	0.375043	-9.33638e-10	0.428899	1.63179e-06	0.375043	-9.33638e-10	0.428899	1.63179e-06	
2.78	0.372151	-9.07499e-10	0.424449	2.08823e-06	0.372151	-9.07499e-10	0.424449	2.08823e-06	
2.8	0.369304	-8.78522e-10	0.420109	2.38952e-06	0.369304	-8.78522e-10	0.420109	2.38952e-06	
2.82	0.366503	-8.4741e-10	0.415875	2.56743e-06	0.366503	-8.4741e-10	0.415875	2.56743e-06	
2.84	0.363745	-8.14761e-10	0.411743	2.64854e-06	0.363745	-8.14761e-10	0.411743	2.64854e-06	
2.86	0.361029	-7.81085e-10	0.407709	2.65494e-06	0.361029	-7.81085e-10	0.407709	2.65494e-06	
2.88	0.358355	-7.46814e-10	0.403768	2.6048e-06	0.358355	-7.46814e-10	0.403768	2.6048e-06	
2.9	0.355722	-7.1231e-10	0.399917	2.513e-06	0.355722	-7.1231e-10	0.399917	2.513e-06	
2.92	0.353128	-6.77875e-10	0.396152	2.39157e-06	0.353128	-6.77875e-10	0.396152	2.39157e-06	
2.94	0.350573	-6.4376e-10	0.392471	2.25018e-06	0.350573	-6.4376e-10	0.392471	2.25018e-06	
2.96	0.348056	-6.10172e-10	0.388869	2.09651e-06	0.348056	-6.10172e-10	0.388869	2.09651e-06	
2.98	0.345576	-5.77277e-10	0.385344	1.9366e-06	0.345576	-5.77277e-10	0.385344	1.9366e-06	
3	0.343132	-5.4521e-10	0.381894	1.77511e-06	0.343132	-5.4521e-10	0.381894	1.77511e-06	
3.02	0.340724	-5.14075e-10	0.378515	1.61559e-06	0.340724	-5.14075e-10	0.378515	1.61559e-06	
3.04	0.33835	-4.83953e-10	0.375205	1.46069e-06	0.33835	-4.83953e-10	0.375205	1.46069e-06	
3.06	0.33601	-4.54902e-10	0.371961	1.3123e-06	0.33601	-4.54902e-10	0.371961	1.3123e-06	
3.08	0.333702	-4.26964e-10	0.368782	1.17173e-06	0.333702	-4.26964e-10	0.368782	1.17173e-06	
3.1	0.331428	-4.00166e-10	0.365665	1.03983e-06	0.331428	-4.00166e-10	0.365665	1.03983e-06	
3.12	0.329185	-3.74519e-10	0.362608	9.17073e-07	0.329185	-3.74519e-10	0.362608	9.17073e-07	
3.14	0.326972	-3.50027e-10	0.35961	8.03631e-07	0.326972	-3.50027e-10	0.35961	8.03631e-07	
3.16	0.324791	-3.26683e-10	0.356668	6.99473e-07	0.324791	-3.26683e-10	0.356668	6.99473e-07	
3.18	0.322638	-3.04472e-10	0.35378	6.04395e-07	0.322638	-3.04472e-10	0.35378	6.04395e-07	
3.2	0.320515	-2.83376e-10	0.350945	5.18074e-07	0.320515	-2.83376e-10	0.350945	5.18074e-07	
3.22	0.318421	-2.63368e-10	0.348162	4.40103e-07	0.318421	-2.63368e-10	0.348162	4.40103e-07	
3.24	0.316354	-2.4442e-10	0.345428	3.70015e-07	0.316354	-2.4442e-10	0.345428	3.70015e-07	
3.26	0.314315	-2.26501e-10	0.342743	3.07312e-07	0.314315	-2.26501e-10	0.342743	3.07312e-07	
3.28	0.312302	-2.09576e-10	0.340104	2.51477e-07	0.312302	-2.09576e-10	0.340104	2.51477e-07	
3.3	0.310316	-1.9361e-10	0.337511	2.01992e-07	0.310316	-1.9361e-10	0.337511	2.01992e-07	
3.32	0.308355	-1.78566e-10	0.334962	1.58344e-07	0.308355	-1.78566e-10	0.334962	1.58344e-07	
3.34	0.30642	-1.64406e-10	0.332456	1.20037e-07	0.30642	-1.64406e-10	0.332456	1.20037e-07	
3.36	0.304509	-1.51093e-10	0.329992	8.65917e-08	0.304509	-1.51093e-10	0.329992	8.65917e-08	
3.38	0.302623	-1.3859e-10	0.327568	5.7556e-08	0.302623	-1.3859e-10	0.327568	5.7556e-08	
3.4	0.30076	-1.26859e-10	0.325184	3.25021e-08	0.30076	-1.26859e-10	0.325184	3.25021e-08	
3.42	0.298921	-1.15863e-10	0.322839	1.10305e-08	0.298921	-1.15863e-10	0.322839	1.10305e-08	
3.44	0.297104	-1.05566e-10	0.320531	-7.23045e-09	0.297104	-1.05566e-10	0.320531	-7.23045e-09	
3.46	0.29531	-9.5933e-11	0.318259	-2.26242e-08	0.29531	-9.5933e-11	0.318259	-2.26242e-08	
3.48	0.293538	-8.69302e-11	0.316023	-3.5467e-08	0.293538	-8.69302e-11	0.316023	-3.5467e-08	
3.5	0.291788	-7.85241e-11	0.313821	-4.60485e-08	0.291788	-7.85241e-11	0.313821	-4.60485e-08	
3.52	0.290059	-7.06827e-11	0.311653	-5.46328e-08	0.290059	-7.06827e-11	0.311653	-5.46328e-08	
3.54	0.28835	-6.3375e-11	0.309518	-6.14604e-08	0.28835	-6.3375e-11	0.309518	-6.14604e-08	
3.56	0.286662	-5.65715e-11	0.307416	-6.6749e-08	0.286662	-5.65715e-11	0.307416	-6.6749e-08	
3.58	0.284994	-5.02435e-11	0.305344	-7.06953e-08	0.284994	-5.02435e-11	0.305344	-7.06953e-08	
3.6	0.283346	-4.43637e-11	0.303303	-7.34762e-08	0.283346	-4.43637e-11	0.303303	-7.34762e-08	
3.62	0.281717	-3.89063e-11	0.301292	-7.52507e-08	0.281717	-3.89063e-11	0.301292	-7.52507e-08	
3.64	0.280107	-3.38463e-11	0.29931	-7.6161e-08	0.280107	-3.38463e-11	0.29931	-7.6161e-08	
3.66	0.278516	-2.91599e-11	0.297356	-7.63341e-08	0.278516	-2.91599e-11	0.297356	-7.63341e-08	
3.68	0.276943	-2.48246e-11	0.29543	-7.5883e-08	0.276943	-2.48246e-11	0.29543	-7.5883e-08	
3.7	0.275388	-2.08189e-11	0.293531	-7.49077e-08	0.275388	-2.08189e-11	0.293531	-7.49077e-08	
3.72	0.273851	-1.71224e-11	0.291659	-7.34971e-08	0.273851	-1.71224e-11	0.291659	-7.34971e-08	
3.74	0.272331	-1.37159e-11	0.289812	-7.17292e-08	0.272331	-1.37159e-11	0.289812	-7.17292e-08	
3.76	0.270828	-1.05812e-11	0.287991	-6.96727e-08	0.270828	-1.05812e-11	0.287991	-6.96727e-08	
3.78	0.269342	-7.70075e-12	0.286195	-6.73878e-08	0.269342	-7.70075e-12	0.286195	-6.73878e-08	
3.8	0.267873	-5.05829e-12	0.284423	-6.4927e-08	0.267873	-5.05829e-12	0.284423	-6.4927e-08	
3.82	0.266419	-2.63839e-12	0.282674	-6.2336e-08	0.266419	-2.63839e-12	0.282674	-6.2336e-08	
3.84	0.264982	-4.26446e-13	0.280949	-5.96542e-08	0.264982	-4.26446e-13	0.280949	-5.96542e-08	
3.86	0.263561	1.59144e-12	0.279247	-5.69156e-08	0.263561	1.59144e-12	0.279247	-5.69156e-08	
3.88	0.262154	3.42814e-12	0.277566	-5.41493e-08	0.262154	3.42814e-12	0.277566	-5.41493e-08	
3.9	0.260763	5.09589e-12	0.275908	-5.13802e-08	0.260763	5.09589e-12	0.275908	-5.13802e-08	
3.92	0.259387	6.60624e-12	0.274271	-4.86291e-08	0.259387	6.60624e-12	0.274271	-4.86291e-08	
3.94	0.258026	7.96998e-12	0.272654	-4.59137e-08	0.258026	7.96998e-12	0.272654	-4.59137e-08	
3.96	0.256679	9.19737e-12	0.271058	-4.32484e-08	0.256679	9.19737e-12	0.271058	-4.32484e-08	
3.98	0.255347	1.0298e-11	0.269483	-4.06453e-08	0.255347	1.0298e-11	0.269483	-4.06453e-08	
4	0.254028	1.12808e-11	0.267926	-3.81138e-08	0.254028	1.12808e-11	0.267926	-3.81138e-08	
4.02	0.252723	1.21541e-11	0.266389	-3.56617e-08	0.252723	1.21541e-11	0.266389	-3.56617e-08	
4.04	0.251432	1.29261e-11	0.264871	-3.32948e-08	0.251432	1.29261e-11	0.264871	-3.32948e-08	
4.06	0.250154	1.36041e-11	0.263371	-3.10173e-08	0.250154	1.36041e-11	0.263371	-3.10173e-08	
4.08	0.248889	1.4195e-11	0.26189	-2.88324e-08	0.248889	1.4195e-11	0.26189	-2.88324e-08	
4.1	0.247637	1.47055e-11	0.260426	-2.67419e-08	0.247637	1.47055e-11	0.260426	-2.67419e-08	
4.12	0.246398	1.51415e-11	0.25898	-2.47468e-08	0.246398	1.51415e-11	0.25898	-2.47468e-08	
4.14	0.245171	1.55088e-11	0.25755	-2.28471e-08	0.245171	1.55088e-11	0.25755	-2.28471e-08	
4.16	0.243957	1.58128e-11	0.256138	-2.10422e-08	0.243957	1.58128e-11	0.256138	-2.10422e-08	
4.18	0.242754	1.60584e-11	0.254742	-1.93309e-08	0.242754	1.60584e-11	0.254742	-1.93309e-08	
4.2	0.241564	1.62504e-11	0.253362	-1.77117e-08	0.241564	1.62504e-11	0.253362	-1.77117e-08	
4.22	0.240386	1.63931e-11	0.251998	-1.61824e-08	0.240386	1.63931e-11	0.251998	-1.61824e-08	
4.24	0.239219	1.64907e-11	0.25065	-1.47407e-08	0.239219	1.64907e-11	0.25065	-1.47407e-08	
4.26	0.238063	1.65468e-11	0.249317	-1.33839e-08	0.238063	1.65468e-11	0.249317	-1.33839e-08	
4.28	0.236919	1.6565e-11	0.247999	-1.21092e-08	0.236919	1.6565e-11	0.247999	-1.21092e-08	
4.3	0.235786	1.65487e-11	0.246696	-1.09137e-08	0.235786	1.65487e-11	0.246696	-1.09137e-08	
4.32	0.234664	1.6501e-11	0.245407	-9.7943e-09	0.234664	1.6501e-11	0.245407	-9.7943e-09	
4.34	0.233553	1.64246e-11	0.244132	-8.74784e-09	0.233553	1.64246e-11	0.244132	-8.74784e-09	
4.36	0.232452	1.63223e-11	0.242872	-7.77118e-09	0.232452	1.63223e-11	0.242872	-7.77118e-09	
4.38	0.231362	1.61966e-11	0.241625	-6.86114e-09	0.231362	1.61966e-11	0.241625	-6.86114e-09	
4.4	0.230282	1.60497e-11	0.240392	-6.01457e-09	0.230282	1.60497e-11	0.240392	-6.01457e-09	
4.42	0.229212	1.58839e-11	0.239172	-5.22835e-09	0.229212	1.58839e-11	0.239172	-5.22835e-09	
4.44	0.228152	1.57011e-11	0.237965	-4.49942e-09	0.228152	1.57011e-11	0.237965	-4.49942e-09	
4.46	0.227103	1.55031e-11	0.236771	-3.82478e-09	0.227103	1.55031e-11	0.236771	-3.82478e-09	
4.48	0.226062	1.52917e-11	0.23559	-3.2015e-09	0.226062	1.52917e-11	0.23559	-3.2015e-09	
4.5	0.225032	1.50685e-11	0.234421	-2.62674e-09	0.225032	1.50685e-11	0.234421	-2.62674e-09	
4.52	0.224011	1.48349e-11	0.233264	-2.09775e-09	0.224011	1.48349e-11	0.233264	-2.09775e-09	
4.54	0.222999	1.45923e-11	0.232119	-1.61189e-09	0.222999	1.45923e-11	0.232119	-1.61189e-09	
4.56	0.221997	1.43419e-11	0.230986	-1.16658e-09	0.221997	1.43419e-11	0.230986	-1.16658e-09	
4.58	0.221003	1.4085e-11	0.229864	-7.59381e-10	0.221003	1.4085e-11	0.229864	-7.59381e-10	
4.6	0.220019	1.38225e-11	0.228755	-3.87936e-10	0.220019	1.38225e-11	0.228755	-3.87936e-10	
4.62	0.219043	1.35554e-11	0.227656	-4.99957e-11	0.219043	1.35554e-11	0.227656	-4.99957e-11	
4.64	0.218076	1.32848e-11	0.226568	2.56588e-10	0.218076	1.32848e-11	0.226568	2.56588e-10	
4.66	0.217118	1.30113e-11	0.225491	5.33863e-10	0.217118	1.30113e-11	0.225491	5.33863e-10	
4.68	0.216168	1.27358e-11	0.224425	7.83776e-10	0.216168	1.27358e-11	0.224425	7.83776e-10	
4.7	0.215227	1.2459e-11	0.22337	1.00818e-09	0.215227	1.2459e-11	0.22337	1.00818e-09	
4.72	0.214294	1.21814e-11	0.222325	1.20882e-09	0.214294	1.21814e-11	0.222325	1.20882e-09	
4.74	0.213369	1.19038e-11	0.22129	1.38737e-09	0.213369	1.19038e-11	0.22129	1.38737e-09	
4.76	0.212452	1.16265e-11	0.220265	1.54539e-09	0.212452	1.16265e-11	0.220265	1.54539e-09	
4.78	0.211543	1.13502e-11	0.219251	1.68438e-09	0.211543	1.13502e-11	0.219251	1.68438e-09	
4.8	0.210641	1.10752e-11	0.218246	1.80573e-09	0.210641	1.10752e-11	0.218246	1.80573e-09	
4.82	0.209748	1.0802e-11	0.21725	1.91076e-09	0.209748	1.0802e-11	0.21725	1.91076e-09	
4.84	0.208862	1.05309e-11	0.216264	2.00073e-09	0.208862	1.05309e-11	0.216264	2.00073e-09	
4.86	0.207984	1.02623e-11	0.215288	2.07679e-09	0.207984	1.02623e-11	0.215288	2.07679e-09	
4.88	0.207113	9.99632e-12	0.21432	2.14005e-09	0.207113	9.99632e-12	0.21432	2.14005e-09	
4.9	0.206249	9.73336e-12	0.213362	2.19155e-09	0.206249	9.73336e-12	0.213362	2.19155e-09	
4.92	0.205393	9.47365e-12	0.212412	2.23224e-09	0.205393	9.47365e-12	0.212412	2.23224e-09	
4.94	0.204544	9.21737e-12	0.211472	2.26304e-09	0.204544	9.21737e-12	0.211472	2.26304e-09	
4.96	0.203702	8.96471e-12	0.21054	2.28479e-09	0.203702	8.96471e-12	0.21054	2.28479e-09	
4.98	0.202867	8.71584e-12	0.209617	2.29829e-09	0.202867	8.71584e-12	0.209617	2.29829e-09	
5	0.202038	8.47083e-12	0.208702	2.30428e-09	0.202038	8.47083e-12	0.208702	2.30428e-09	
5.02	0.201217	8.22991e-12	0.207795	2.30344e-09	0.201217	8.22991e-12	0.207795	2.30344e-09	
5.04	0.200402	7.99308e-12	0.206897	2.29643e-09	0.200402	7.99308e-12	0.206897	2.29643e-09	
5.06	0.199594	7.7605e-12	0.206006	2.28384e-09	0.199594	7.7605e-12	0.206006	2.28384e-09	
5.08	0.198793	7.53215e-12	0.205124	2.26623e-09	0.198793	7.53215e-12	0.205124	2.26623e-09	
5.1	0.197998	7.30819e-12	0.204249	2.24412e-09	0.197998	7.30819e-12	0.204249	2.24412e-09	
5.12	0.197209	7.0886e-12	0.203383	2.21799e-09	0.197209	7.0886e-12	0.203383	2.21799e-09	
5.14	0.196427	6.87341e-12	0.202523	2.18829e-09	0.196427	6.87341e-12	0.202523	2.18829e-09	
5.16	0.195651	6.66266e-12	0.201672	2.15543e-09	0.195651	6.66266e-12	0.201672	2.15543e-09	
5.18	0.194881	6.45635e-12	0.200828	2.11979e-09	0.194881	6.45635e-12	0.200828	2.11979e-09	
5.2	0.194117	6.2545e-12	0.199991	2.08174e-09	0.194117	6.2545e-12	0.199991	2.08174e-09	
5.22	0.193359	6.05705e-12	0.199161	2.04158e-09	0.193359	6.05705e-12	0.199161	2.04158e-09	
5.24	0.192607	5.86405e-12	0.198339	1.99964e-09	0.192607	5.86405e-12	0.198339	1.99964e-09	
5.26	0.191861	5.67544e-12	0.197523	1.95617e-09	0.191861	5.67544e-12	0.197523	1.95617e-09	
5.28	0.191121	5.49121e-12	0.196715	1.91145e-09	0.191121	5.49121e-12	0.196715	1.91145e-09	
5.3	0.190387	5.31131e-12	0.195913	1.86569e-09	0.190387	5.31131e-12	0.195913	1.86569e-09	
5.32	0.189658	5.13572e-12	0.195118	1.81913e-09	0.189658	5.13572e-12	0.195118	1.81913e-09	
5.34	0.188935	4.96437e-12	0.19433	1.77194e-09	0.188935	4.96437e-12	0.19433	1.77194e-09	
5.36	0.188217	4.79723e-12	0.193548	1.72432e-09	0.188217	4.79723e-12	0.193548	1.72432e-09	
5.38	0.187505	4.63426e-12	0.192773	1.67643e-09	0.187505	4.63426e-12	0.192773	1.67643e-09	
5.4	0.186799	4.47539e-12	0.192005	1.6284e-09	0.186799	4.47539e-12	0.192005	1.6284e-09	
5.42	0.186097	4.32058e-12	0.191242	1.58039e-09	0.186097	4.32058e-12	0.191242	1.58039e-09	
5.44	0.185401	4.16976e-12	0.190486	1.53251e-09	0.185401	4.16976e-12	0.190486	1.53251e-09	
5.46	0.18471	4.02282e-12	0.189736	1.48487e-09	0.18471	4.02282e-12	0.189736	1.48487e-09	
5.48	0.184025	3.8798e-12	0.188992	1.43757e-09	0.184025	3.8798e-12	0.188992	1.43757e-09	
5.5	0.183344	3.74055e-12	0.188255	1.3907e-09	0.183344	3.74055e-12	0.188255	1.3907e-09	
5.52	0.182669	3.60507e-12	0.187523	1.34433e-09	0.182669	3.60507e-12	0.187523	1.34433e-09	
5.54	0.181998	3.47323e-12	0.186797	1.29855e-09	0.181998	3.47323e-12	0.186797	1.29855e-09	
5.56	0.181333	3.345e-12	0.186077	1.25341e-09	0.181333	3.345e-12	0.186077	1.25341e-09	
5.58	0.180672	3.2203e-12	0.185362	1.20896e-09	0.180672	3.2203e-12	0.185362	1.20896e-09	
5.6	0.180016	3.09906e-12	0.184653	1.16526e-09	0.180016	3.09906e-12	0.184653	1.16526e-09	
5.62	0.179365	2.98122e-12	0.18395	1.12234e-09	0.179365	2.98122e-12	0.18395	1.12234e-09	
5.64	0.178719	2.86669e-12	0.183253	1.08025e-09	0.178719	2.86669e-12	0.183253	1.08025e-09	
5.66	0.178077	2.75543e-12	0.18256	1.039e-09	0.178077	2.75543e-12	0.18256	1.039e-09	
5.68	0.17744	2.64737e-12	0.181874	9.98639e-10	0.17744	2.64737e-12	0.181874	9.98639e-10	
5.7	0.176808	2.54239e-12	0.181192	9.59171e-10	0.176808	2.54239e-12	0.181192	9.59171e-10	
5.72	0.17618	2.44047e-12	0.180516	9.20618e-10	0.17618	2.44047e-12	0.180516	9.20618e-10	
5.74	0.175557	2.34154e-12	0.179845	8.82993e-10	0.175557	2.34154e-12	0.179845	8.82993e-10	
5.76	0.174938	2.24554e-12	0.179179	8.46304e-10	0.174938	2.24554e-12	0.179179	8.46304e-10	
5.78	0.174323	2.15238e-12	0.178518	8.10558e-10	0.174323	2.15238e-12	0.178518	8.10558e-10	
5.8	0.173713	2.06196e-12	0.177862	7.75757e-10	0.173713	2.06196e-12	0.177862	7.75757e-10	
5.82	0.173107	1.97429e-12	0.177211	7.41903e-10	0.173107	1.97429e-12	0.177211	7.41903e-10	
5.84	0.172505	1.88924e-12	0.176565	7.08994e-10	0.172505	1.88924e-12	0.176565	7.08994e-10	
5.86	0.171908	1.8068e-12	0.175924	6.77024e-10	0.171908	1.8068e-12	0.175924	6.77024e-10	
5.88	0.171314	1.72689e-12	0.175288	6.4599e-10	0.171314	1.72689e-12	0.175288	6.4599e-10	
5.9	0.170725	1.64941e-12	0.174656	6.15882e-10	0.170725	1.64941e-12	0.174656	6.15882e-10	
5.92	0.17014	1.57433e-12	0.174029	5.86692e-10	0.17014	1.57433e-12	0.174029	5.86692e-10	
5.94	0.169559	1.50159e-12	0.173407	5.5841e-10	0.169559	1.50159e-12	0.173407	5.5841e-10	
5.96	0.168981	1.43114e-12	0.172789	5.31022e-10	0.168981	1.43114e-12	0.172789	5.31022e-10	
5.98	0.168408	1.3629e-12	0.172176	5.04517e-10	0.168408	1.3629e-12	0.172176	5.04517e-10	
6	0.167839	1.29682e-12	0.171567	4.78881e-10	0.167839	1.29682e-12	0.171567	4.78881e-10	
6.02	0.167273	1.23281e-12	0.170963	4.54098e-10	0.167273	1.23281e-12	0.170963	4.54098e-10	
6.04	0.166712	1.1709e-12	0.170363	4.30154e-10	0.166712	1.1709e-12	0.170363	4.30154e-10	
6.06	0.166154	1.11095e-12	0.169767	4.07033e-10	0.166154	1.11095e-12	0.169767	4.07033e-10	
6.08	0.1656	1.05296e-12	0.169176	3.84718e-10	0.1656	1.05296e-12	0.169176	3.84718e-10	
6.1	0.165049	9.9687e-13	0.168589	3.63192e-10	0.165049	9.9687e-13	0.168589	3.63192e-10	
6.12	0.164503	9.42602e-13	0.168006	3.42438e-10	0.164503	9.42602e-13	0.168006	3.42438e-10	
6.14	0.16396	8.90126e-13	0.167427	3.22438e-10	0.16396	8.90126e-13	0.167427	3.22438e-10	
6.16	0.16342	8.39382e-13	0.166852	3.03175e-10	0.16342	8.39382e-13	0.166852	3.03175e-10	
6.18	0.162884	7.90352e-13	0.166281	2.84631e-10	0.162884	7.90352e-13	0.166281	2.84631e-10	
6.2	0.162352	7.42932e-13	0.165715	2.66788e-10	0.162352	7.42932e-13	0.165715	2.66788e-10	
6.22	0.161823	6.97114e-13	0.165152	2.49628e-10	0.161823	6.97114e-13	0.165152	2.49628e-10	
6.24	0.161297	6.5288e-13	0.164593	2.33133e-10	0.161297	6.5288e-13	0.164593	2.33133e-10	
6.26	0.160775	6.1015e-13	0.164038	2.17285e-10	0.160775	6.1015e-13	0.164038	2.17285e-10	
6.28	0.160257	5.68873e-13	0.163487	2.02067e-10	0.160257	5.68873e-13	0.163487	2.02067e-10	
6.3	0.159741	5.29023e-13	0.16294	1.8746e-10	0.159741	5.29023e-13	0.16294	1.8746e-10	
6.32	0.159229	4.90565e-13	0.162396	1.73447e-10	0.159229	4.90565e-13	0.162396	1.73447e-10	
6.34	0.158721	4.53451e-13	0.161856	1.60012e-10	0.158721	4.53451e-13	0.161856	1.60012e-10	
6.36	0.158215	4.17632e-13	0.16132	1.47136e-10	0.158215	4.17632e-13	0.16132	1.47136e-10	
6.38	0.157713	3.83095e-13	0.160787	1.34803e-10	0.157713	3.83095e-13	0.160787	1.34803e-10	
6.4	0.157214	3.49769e-13	0.160259	1.22996e-10	0.157214	3.49769e-13	0.160259	1.22996e-10	
6.42	0.156718	3.17649e-13	0.159733	1.11699e-10	0.156718	3.17649e-13	0.159733	1.11699e-10	
6.44	0.156226	2.86697e-13	0.159211	1.00896e-10	0.156226	2.86697e-13	0.159211	1.00896e-10	
6.46	0.155736	2.56872e-13	0.158693	9.0571e-11	0.155736	2.56872e-13	0.158693	9.0571e-11	
6.48	0.15525	2.28135e-13	0.158178	8.07084e-11	0.15525	2.28135e-13	0.158178	8.07084e-11	
6.5	0.154766	2.0046e-13	0.157666	7.1293e-11	0.154766	2.0046e-13	0.157666	7.1293e-11	
6.52	0.154286	1.738e-13	0.157158	6.231e-11	0.154286	1.738e-13	0.157158	6.231e-11	
6.54	0.153808	1.48142e-13	0.156653	5.37448e-11	0.153808	1.48142e-13	0.156653	5.37448e-11	
6.56	0.153334	1.23474e-13	0.156152	4.55832e-11	0.153334	1.23474e-13	0.156152	4.55832e-11	
6.58	0.152862	9.97264e-14	0.155654	3.78113e-11	0.152862	9.97264e-14	0.155654	3.78113e-11	
6.6	0.152394	7.68932e-14	0.155159	3.04155e-11	0.152394	7.68932e-14	0.155159	3.04155e-11	
6.62	0.151928	5.49368e-14	0.154667	2.33827e-11	0.151928	5.49368e-14	0.154667	2.33827e-11	
6.64	0.151465	3.38589e-14	0.154178	1.66998e-11	0.151465	3.38589e-14	0.154178	1.66998e-11	
6.66	0.151005	1.35626e-14	0.153693	1.03543e-11	0.151005	1.35626e-14	0.153693	1.03543e-11	
6.68	0.150548	-5.88585e-15	0.153211	4.33391e-12	0.150548	-5.88585e-15	0.153211	4.33391e-12	
6.7	0.150093	-2.45818e-14	0.152732	-1.3732e-12	0.150093	-2.45818e-14	0.152732	-1.3732e-12	
6.72	0.149642	-4.25081e-14	0.152255	-6.77866e-12	0.149642	-4.25081e-14	0.152255	-6.77866e-12	
6.74	0.149193	-5.97012e-14	0.151782	-1.18938e-11	0.149193	-5.97012e-14	0.151782	-1.18938e-11	
6.76	0.148746	-7.6213e-14	0.151312	-1.67294e-11	0.148746	-7.6213e-14	0.151312	-1.67294e-11	
6.78	0.148303	-9.20017e-14	0.150845	-2.12963e-11	0.148303	-9.20017e-14	0.150845	-2.12963e-11	
6.8	0.147862	-1.07166e-13	0.150381	-2.56048e-11	0.147862	-1.07166e-13	0.150381	-2.56048e-11	
6.82	0.147423	-1.21641e-13	0.14992	-2.96648e-11	0.147423	-1.21641e-13	0.14992	-2.96648e-11	
6.84	0.146987	-1.35526e-13	0.149461	-3.3486e-11	0.146987	-1.35526e-13	0.149461	-3.3486e-11	
6.86	0.146554	-1.4879e-13	0.149006	-3.7078e-11	0.146554	-1.4879e-13	0.149006	-3.7078e-11	
6.88	0.146124	-1.61494e-13	0.148553	-4.04498e-11	0.146124	-1.61494e-13	0.148553	-4.04498e-11	
6.9	0.145696	-1.736e-13	0.148103	-4.36102e-11	0.145696	-1.736e-13	0.148103	-4.36102e-11	
6.92	0.14527	-1.85181e-13	0.147656	-4.6568e-11	0.14527	-1.85181e-13	0.147656	-4.6568e-11	
6.94	0.144847	-1.96236e-13	0.147211	-4.93312e-11	0.144847	-1.96236e-13	0.147211	-4.93312e-11	
6.96	0.144426	-2.0675e-13	0.14677	-5.1908e-11	0.144426	-2.0675e-13	0.14677	-5.1908e-11	
6.98	0.144008	-2.16797e-13	0.146331	-5.43061e-11	0.144008	-2.16797e-13	0.146331	-5.43061e-11	
7	0.143593	-2.26359e-13	0.145895	-5.65331e-11	0.143593	-2.26359e-13	0.145895	-5.65331e-11	
7.02	0.143179	-2.35453e-13	0.145461	-5.85961e-11	0.143179	-2.35453e-13	0.145461	-5.85961e-11	
7.04	0.142768	-2.44093e-13	0.14503	-6.05023e-11	0.142768	-2.44093e-13	0.14503	-6.05023e-11	
7.06	0.14236	-2.52321e-13	0.144601	-6.22583e-11	0.14236	-2.52321e-13	0.144601	-6.22583e-11	
7.08	0.141954	-2.60102e-13	0.144176	-6.38707e-11	0.141954	-2.60102e-13	0.144176	-6.38707e-11	
7.1	0.14155	-2.67508e-13	0.143752	-6.53459e-11	0.14155	-2.67508e-13	0.143752	-6.53459e-11	
7.12	0.141148	-2.74506e-13	0.143332	-6.66899e-11	0.141148	-2.74506e-13	0.143332	-6.66899e-11	
7.14	0.140749	-2.81118e-13	0.142913	-6.79086e-11	0.140749	-2.81118e-13	0.142913	-6.79086e-11	
7.16	0.140352	-2.87374e-13	0.142498	-6.90078e-11	0.140352	-2.87374e-13	0.142498	-6.90078e-11	
7.18	0.139957	-2.93276e-13	0.142084	-6.99928e-11	0.139957	-2.93276e-13	0.142084	-6.99928e-11	
7.2	0.139564	-2.98822e-13	0.141674	-7.0869e-11	0.139564	-2.98822e-13	0.141674	-7.0869e-11	
7.22	0.139174	-3.04078e-13	0.141265	-7.16414e-11	0.139174	-3.04078e-13	0.141265	-7.16414e-11	
7.24	0.138786	-3.08978e-13	0.140859	-7.23149e-11	0.138786	-3.08978e-13	0.140859	-7.23149e-11	
7.26	0.1384	-3.13586e-13	0.140455	-7.28943e-11	0.1384	-3.13586e-13	0.140455	-7.28943e-11	
7.28	0.138016	-3.17885e-13	0.140054	-7.33841e-11	0.138016	-3.17885e-13	0.140054	-7.33841e-11	
7.3	0.137634	-3.21909e-13	0.139655	-7.37887e-11	0.137634	-3.21909e-13	0.139655	-7.37887e-11	
7.32	0.137255	-3.25659e-13	0.139258	-7.41122e-11	0.137255	-3.25659e-13	0.139258	-7.41122e-11	
7.34	0.136877	-3.29131e-13	0.138864	-7.43588e-11	0.136877	-3.29131e-13	0.138864	-7.43588e-11	
7.36	0.136502	-3.32363e-13	0.138472	-7.45324e-11	0.136502	-3.32363e-13	0.138472	-7.45324e-11	
7.38	0.136128	-3.35334e-13	0.138082	-7.46367e-11	0.136128	-3.35334e-13	0.138082	-7.46367e-11	
7.4	0.135757	-3.38071e-13	0.137694	-7.46753e-11	0.135757	-3.38071e-13	0.137694	-7.46753e-11	
7.42	0.135388	-3.40576e-13	0.137309	-7.46516e-11	0.135388	-3.40576e-13	0.137309	-7.46516e-11	
7.44	0.13502	-3.42853e-13	0.136926	-7.4569e-11	0.13502	-3.42853e-13	0.136926	-7.4569e-11	
7.46	0.134655	-3.44924e-13	0.136545	-7.44307e-11	0.134655	-3.44924e-13	0.136545	-7.44307e-11	
7.48	0.134292	-3.46779e-13	0.136166	-7.42398e-11	0.134292	-3.46779e-13	0.136166	-7.42398e-11	
7.5	0.13393	-3.48447e-13	0.135789	-7.39992e-11	0.13393	-3.48447e-13	0.135789	-7.39992e-11	
7.52	0.133571	-3.49922e-13	0.135414	-7.37117e-11	0.133571	-3.49922e-13	0.135414	-7.37117e-11	
7.54	0.133214	-3.51211e-13	0.135042	-7.33801e-11	0.133214	-3.51211e-13	0.135042	-7.33801e-11	
7.56	0.132858	-3.52314e-13	0.134671	-7.30071e-11	0.132858	-3.52314e-13	0.134671	-7.30071e-11	
7.58	0.132504	-3.53258e-13	0.134303	-7.25949e-11	0.132504	-3.53258e-13	0.134303	-7.25949e-11	
7.6	0.132153	-3.54041e-13	0.133937	-7.21461e-11	0.132153	-3.54041e-13	0.133937	-7.21461e-11	
7.62	0.131803	-3.54661e-13	0.133572	-7.1663e-11	0.131803	-3.54661e-13	0.133572	-7.1663e-11	
7.64	0.131455	-3.5513e-13	0.13321	-7.11477e-11	0.131455	-3.5513e-13	0.13321	-7.11477e-11	
7.66	0.131109	-3.55442e-13	0.13285	-7.06024e-11	0.131109	-3.55442e-13	0.13285	-7.06024e-11	
7.68	0.130764	-3.55633e-13	0.132491	-7.00292e-11	0.130764	-3.55633e-13	0.132491	-7.00292e-11	
7.7	0.130422	-3.55672e-13	0.132135	-6.94297e-11	0.130422	-3.55672e-13	0.132135	-6.94297e-11	
7.72	0.130081	-3.55598e-13	0.131781	-6.88061e-11	0.130081	-3.55598e-13	0.131781	-6.88061e-11	
7.74	0.129742	-3.55386e-13	0.131428	-6.816e-11	0.129742	-3.55386e-13	0.131428	-6.816e-11	
7.76	0.129405	-3.55072e-13	0.131078	-6.74931e-11	0.129405	-3.55072e-13	0.131078	-6.74931e-11	
7.78	0.129069	-3.54628e-13	0.130729	-6.68071e-11	0.129069	-3.54628e-13	0.130729	-6.68071e-11	
7.8	0.128736	-3.54072e-13	0.130382	-6.61034e-11	0.128736	-3.54072e-13	0.130382	-6.61034e-11	
7.82	0.128404	-3.53428e-13	0.130037	-6.53836e-11	0.128404	-3.53428e-13	0.130037	-6.53836e-11	
7.84	0.128073	-3.5266e-13	0.129694	-6.4649e-11	0.128073	-3.5266e-13	0.129694	-6.4649e-11	
7.86	0.127745	-3.51821e-13	0.129353	-6.39011e-11	0.127745	-3.51821e-13	0.129353	-6.39011e-11	
7.88	0.127418	-3.50871e-13	0.129013	-6.3141e-11	0.127418	-3.50871e-13	0.129013	-6.3141e-11	
7.9	0.127093	-3.49836e-13	0.128676	-6.23701e-11	0.127093	-3.49836e-13	0.128676	-6.23701e-11	
7.92	0.126769	-3.48734e-13	0.12834	-6.15894e-11	0.126769	-3.48734e-13	0.12834	-6.15894e-11	
7.94	0.126447	-3.47534e-13	0.128006	-6.08001e-11	0.126447	-3.47534e-13	0.128006	-6.08001e-11	
7.96	0.126127	-3.46262e-13	0.127674	-6.00033e-11	0.126127	-3.46262e-13	0.127674	-6.00033e-11	
7.98	0.125809	-3.44927e-13	0.127343	-5.91998e-11	0.125809	-3.44927e-13	0.127343	-5.91998e-11	
8	0.125491	-3.43503e-13	0.127014	-5.83908e-11	0.125491	-3.43503e-13	0.127014	-5.83908e-11	
8.02	0.125176	-3.42032e-13	0.126687	-5.75772e-11	0.125176	-3.42032e-13	0.126687	-5.75772e-11	
8.04	0.124862	-3.40486e-13	0.126362	-5.67597e-11	0.124862	-3.40486e-13	0.126362	-5.67597e-11	
8.06	0.12455	-3.38885e-13	0.126038	-5.59392e-11	0.12455	-3.38885e-13	0.126038	-5.59392e-11	
8.08	0.124239	-3.37218e-13	0.125716	-5.51165e-11	0.124239	-3.37218e-13	0.125716	-5.51165e-11	
8.1	0.12393	-3.35499e-13	0.125396	-5.42923e-11	0.12393	-3.35499e-13	0.125396	-5.42923e-11	
8.12	0.123623	-3.33733e-13	0.125077	-5.34673e-11	0.123623	-3.33733e-13	0.125077	-5.34673e-11	
8.14	0.123317	-3.31913e-13	0.12476	-5.26422e-11	0.123317	-3.31913e-13	0.12476	-5.26422e-11	
8.16	0.123012	-3.30051e-13	0.124445	-5.18176e-11	0.123012	-3.30051e-13	0.124445	-5.18176e-11	
8.18	0.122709	-3.28133e-13	0.124131	-5.09942e-11	0.122709	-3.28133e-13	0.124131	-5.09942e-11	
8.2	0.122407	-3.26193e-13	0.123819	-5.01724e-11	0.122407	-3.26193e-13	0.123819	-5.01724e-11	
8.22	0.122107	-3.24199e-13	0.123508	-4.93528e-11	0.122107	-3.24199e-13	0.123508	-4.93528e-11	
8.24	0.121809	-3.22171e-13	0.123199	-4.85359e-11	0.121809	-3.22171e-13	0.123199	-4.85359e-11	
8.26	0.121512	-3.20112e-13	0.122892	-4.77222e-11	0.121512	-3.20112e-13	0.122892	-4.77222e-11	
8.28	0.121216	-3.18014e-13	0.122586	-4.69121e-11	0.121216	-3.18014e-13	0.122586	-4.69121e-11	
8.3	0.120922	-3.15893e-13	0.122281	-4.61061e-11	0.120922	-3.15893e-13	0.122281	-4.61061e-11	
8.32	0.120629	-3.13732e-13	0.121979	-4.53044e-11	0.120629	-3.13732e-13	0.121979	-4.53044e-11	
8.34	0.120338	-3.11553e-13	0.121677	-4.45076e-11	0.120338	-3.11553e-13	0.121677	-4.45076e-11	
8.36	0.120048	-3.09348e-13	0.121378	-4.37159e-11	0.120048	-3.09348e-13	0.121378	-4.37159e-11	
8.38	0.119759	-3.0712e-13	0.121079	-4.29297e-11	0.119759	-3.0712e-13	0.121079	-4.29297e-11	
8.4	0.119472	-3.04869e-13	0.120782	-4.21492e-11	0.119472	-3.04869e-13	0.120782	-4.21492e-11	
8.42	0.119186	-3.02589e-13	0.120487	-4.13748e-11	0.119186	-3.02589e-13	0.120487	-4.13748e-11	
8.44	0.118902	-3.00312e-13	0.120193	-4.06066e-11	0.118902	-3.00312e-13	0.120193	-4.06066e-11	
8.46	0.118619	-2.98003e-13	0.119901	-3.98451e-11	0.118619	-2.98003e-13	0.119901	-3.98451e-11	
8.48	0.118337	-2.95673e-13	0.11961	-3.90903e-11	0.118337	-2.95673e-13	0.11961	-3.90903e-11	
8.5	0.118056	-2.93336e-13	0.11932	-3.83425e-11	0.118056	-2.93336e-13	0.11932	-3.83425e-11	
8.52	0.117777	-2.90992e-13	0.119032	-3.76018e-11	0.117777	-2.90992e-13	0.119032	-3.76018e-11	
8.54	0.1175	-2.88627e-13	0.118745	-3.68686e-11	0.1175	-2.88627e-13	0.118745	-3.68686e-11	
8.56	0.117223	-2.86266e-13	0.11846	-3.61428e-11	0.117223	-2.86266e-13	0.11846	-3.61428e-11	
8.58	0.116948	-2.83876e-13	0.118176	-3.54247e-11	0.116948	-2.83876e-13	0.118176	-3.54247e-11	
8.6	0.116674	-2.81481e-13	0.117893	-3.47143e-11	0.116674	-2.81481e-13	0.117893	-3.47143e-11	
8.62	0.116402	-2.79091e-13	0.117612	-3.40119e-11	0.116402	-2.79091e-13	0.117612	-3.40119e-11	
8.64	0.11613	-2.76691e-13	0.117332	-3.33175e-11	0.11613	-2.76691e-13	0.117332	-3.33175e-11	
8.66	0.11586	-2.74285e-13	0.117054	-3.26313e-11	0.11586	-2.74285e-13	0.117054	-3.26313e-11	
8.68	0.115592	-2.71881e-13	0.116777	-3.19531e-11	0.115592	-2.71881e-13	0.116777	-3.19531e-11	
8.7	0.115324	-2.69465e-13	0.116501	-3.12834e-11	0.115324	-2.69465e-13	0.116501	-3.12834e-11	
8.72	0.115058	-2.67059e-13	0.116226	-3.06219e-11	0.115058	-2.67059e-13	0.116226	-3.06219e-11	
8.74	0.114793	-2.64646e-13	0.115953	-2.99689e-11	0.114793	-2.64646e-13	0.115953	-2.99689e-11	
8.76	0.114529	-2.62238e-13	0.115681	-2.93243e-11	0.114529	-2.62238e-13	0.115681	-2.93243e-11	
8.78	0.114267	-2.59824e-13	0.115411	-2.86882e-11	0.114267	-2.59824e-13	0.115411	-2.86882e-11	
8.8	0.114005	-2.57408e-13	0.115141	-2.80606e-11	0.114005	-2.57408e-13	0.115141	-2.80606e-11	
8.82	0.113745	-2.55007e-13	0.114873	-2.74415e-11	0.113745	-2.55007e-13	0.114873	-2.74415e-11	
8.84	0.113486	-2.5259e-13	0.114606	-2.6831e-11	0.113486	-2.5259e-13	0.114606	-2.6831e-11	
8.86	0.113228	-2.50192e-13	0.114341	-2.62291e-11	0.113228	-2.50192e-13	0.114341	-2.62291e-11	
8.88	0.112971	-2.47795e-13	0.114076	-2.56357e-11	0.112971	-2.47795e-13	0.114076	-2.56357e-11	
8.9	0.112716	-2.45404e-13	0.113813	-2.50508e-11	0.112716	-2.45404e-13	0.113813	-2.50508e-11	
8.92	0.112462	-2.43017e-13	0.113552	-2.44746e-11	0.112462	-2.43017e-13	0.113552	-2.44746e-11	
8.94	0.112208	-2.40632e-13	0.113291	-2.39068e-11	0.112208	-2.40632e-13	0.113291	-2.39068e-11	
8.96	0.111956	-2.38264e-13	0.113031	-2.33476e-11	0.111956	-2.38264e-13	0.113031	-2.33476e-11	
8.98	0.111706	-2.35895e-13	0.112773	-2.27968e-11	0.111706	-2.35895e-13	0.112773	-2.27968e-11	
9	0.111456	-2.3354e-13	0.112516	-2.22544e-11	0.111456	-2.3354e-13	0.112516	-2.22544e-11	
9.02	0.111207	-2.3119e-13	0.11226	-2.17205e-11	0.111207	-2.3119e-13	0.11226	-2.17205e-11	
9.04	0.11096	-2.28855e-13	0.112006	-2.1195e-11	0.11096	-2.28855e-13	0.112006	-2.1195e-11	
9.06	0.110713	-2.26515e-13	0.111752	-2.06778e-11	0.110713	-2.26515e-13	0.111752	-2.06778e-11	
9.08	0.110468	-2.24197e-13	0.1115	-2.01688e-11	0.110468	-2.24197e-13	0.1115	-2.01688e-11	
9.1	0.110223	-2.21889e-13	0.111249	-1.96681e-11	0.110223	-2.21889e-13	0.111249	-1.96681e-11	
9.12	0.10998	-2.1958e-13	0.110999	-1.91756e-11	0.10998	-2.1958e-13	0.110999	-1.91756e-11	
9.14	0.109738	-2.17297e-13	0.11075	-1.86911e-11	0.109738	-2.17297e-13	0.11075	-1.86911e-11	
9.16	0.109497	-2.15018e-13	0.110502	-1.82148e-11	0.109497	-2.15018e-13	0.110502	-1.82148e-11	
9.18	0.109257	-2.12749e-13	0.110255	-1.77464e-11	0.109257	-2.12749e-13	0.110255	-1.77464e-11	
9.2	0.109018	-2.10493e-13	0.11001	-1.72859e-11	0.109018	-2.10493e-13	0.11001	-1.72859e-11	
9.22	0.10878	-2.08251e-13	0.109765	-1.68333e-11	0.10878	-2.08251e-13	0.109765	-1.68333e-11	
9.24	0.108543	-2.06018e-13	0.109522	-1.63885e-11	0.108543	-2.06018e-13	0.109522	-1.63885e-11	
9.26	0.108308	-2.03799e-13	0.10928	-1.59514e-11	0.108308	-2.03799e-13	0.10928	-1.59514e-11	
9.28	0.108073	-2.01592e-13	0.109038	-1.5522e-11	0.108073	-2.01592e-13	0.109038	-1.5522e-11	
9.3	0.107839	-1.99396e-13	0.108798	-1.51001e-11	0.107839	-1.99396e-13	0.108798	-1.51001e-11	
9.32	0.107606	-1.97221e-13	0.108559	-1.46857e-11	0.107606	-1.97221e-13	0.108559	-1.46857e-11	
9.34	0.107375	-1.95056e-13	0.108321	-1.42788e-11	0.107375	-1.95056e-13	0.108321	-1.42788e-11	
9.36	0.107144	-1.92905e-13	0.108084	-1.38792e-11	0.107144	-1.92905e-13	0.108084	-1.38792e-11	
9.38	0.106914	-1.90772e-13	0.107848	-1.34868e-11	0.106914	-1.90772e-13	0.107848	-1.34868e-11	
9.4	0.106685	-1.88648e-13	0.107614	-1.31016e-11	0.106685	-1.88648e-13	0.107614	-1.31016e-11	
9.42	0.106458	-1.8654e-13	0.10738	-1.27235e-11	0.106458	-1.8654e-13	0.10738	-1.27235e-11	
9.44	0.106231	-1.84441e-13	0.107147	-1.23524e-11	0.106231	-1.84441e-13	0.107147	-1.23524e-11	
9.46	0.106005	-1.82359e-13	0.106915	-1.19883e-11	0.106005	-1.82359e-13	0.106915	-1.19883e-11	
9.48	0.10578	-1.80291e-13	0.106684	-1.16309e-11	0.10578	-1.80291e-13	0.106684	-1.16309e-11	
9.5	0.105556	-1.78249e-13	0.106455	-1.12803e-11	0.105556	-1.78249e-13	0.106455	-1.12803e-11	
9.52	0.105333	-1.76206e-13	0.106226	-1.09365e-11	0.105333	-1.76206e-13	0.106226	-1.09365e-11	
9.54	0.105111	-1.7419e-13	0.105998	-1.05992e-11	0.105111	-1.7419e-13	0.105998	-1.05992e-11	
9.56	0.10489	-1.7218e-13	0.105771	-1.02684e-11	0.10489	-1.7218e-13	0.105771	-1.02684e-11	
9.58	0.10467	-1.70198e-13	0.105546	-9.94403e-12	0.10467	-1.70198e-13	0.105546	-9.94403e-12	
9.6	0.10445	-1.68217e-13	0.105321	-9.62597e-12	0.10445	-1.68217e-13	0.105321	-9.62597e-12	
9.62	0.104232	-1.66264e-13	0.105097	-9.31421e-12	0.104232	-1.66264e-13	0.105097	-9.31421e-12	
9.64	0.104015	-1.6432e-13	0.104874	-9.00857e-12	0.104015	-1.6432e-13	0.104874	-9.00857e-12	
9.66	0.103798	-1.6239e-13	0.104652	-8.70903e-12	0.103798	-1.6239e-13	0.104652	-8.70903e-12	
9.68	0.103583	-1.6047e-13	0.104431	-8.41548e-12	0.103583	-1.6047e-13	0.104431	-8.41548e-12	
9.7	0.103368	-1.58584e-13	0.104211	-8.12782e-12	0.103368	-1.58584e-13	0.104211	-8.12782e-12	
9.72	0.103154	-1.56693e-13	0.103992	-7.84599e-12	0.103154	-1.56693e-13	0.103992	-7.84599e-12	
9.74	0.102941	-1.54827e-13	0.103774	-7.56991e-12	0.102941	-1.54827e-13	0.103774	-7.56991e-12	
9.76	0.102729	-1.52978e-13	0.103557	-7.29947e-12	0.102729	-1.52978e-13	0.103557	-7.29947e-12	
9.78	0.102518	-1.5114e-13	0.10334	-7.03461e-12	0.102518	-1.5114e-13	0.10334	-7.03461e-12	
9.8	0.102307	-1.49324e-13	0.103125	-6.77525e-12	0.102307	-1.49324e-13	0.103125	-6.77525e-12	
9.82	0.102098	-1.4751e-13	0.10291	-6.52127e-12	0.102098	-1.4751e-13	0.10291	-6.52127e-12	
9.84	0.101889	-1.45728e-13	0.102697	-6.27259e-12	0.101889	-1.45728e-13	0.102697	-6.27259e-12	
9.86	0.101682	-1.43957e-13	0.102484	-6.0292e-12	0.101682	-1.43957e-13	0.102484	-6.0292e-12	
9.88	0.101475	-1.42201e-13	0.102272	-5.79093e-12	0.101475	-1.42201e-13	0.102272	-5.79093e-12	
9.9	0.101269	-1.40455e-13	0.102061	-5.55778e-12	0.101269	-1.40455e-13	0.102061	-5.55778e-12	
9.92	0.101064	-1.38728e-13	0.101851	-5.32958e-12	0.101064	-1.38728e-13	0.101851	-5.32958e-12	
9.94	0.100859	-1.37018e-13	0.101642	-5.10632e-12	0.100859	-1.37018e-13	0.101642	-5.10632e-12	
9.96	0.100656	-1.35322e-13	0.101433	-4.8879e-12	0.100656	-1.35322e-13	0.101433	-4.8879e-12	
9.98	0.100453	-1.33643e-13	0.101226	-4.67422e-12	0.100453	-1.33643e-13	0.101226	-4.67422e-12	
