0.0785398	0.00424861	-1.58325	0	0	0	0	0.00830824	-0.90482	0.00424861	-1.58325	0	0	0	0	0.00830824	-0.90482	
0.235619	-0.00212725	-1.12983	0	0	0	0	0.00732218	-0.759868	-0.00212725	-1.12983	0	0	0	0	0.00732218	-0.759868	
0.392699	0.00322493	-0.867804	0	0	0	0	0.00499058	-0.6525	0.00322493	-0.867804	0	0	0	0	0.00499058	-0.6525	
0.549779	0.00271369	-0.708446	0	0	0	0	0.00204533	-0.571424	0.00271369	-0.708446	0	0	0	0	0.00204533	-0.571424	
0.706858	-0.00439137	-0.60628	0	0	0	0	0.00125933	-0.511797	-0.00439137	-0.60628	0	0	0	0	0.00125933	-0.511797	
0.863938	-0.00307801	-0.538018	0	0	0	0	0.000197611	-0.46448	-0.00307801	-0.538018	0	0	0	0	0.000197611	-0.46448	
1.02102	0.00376769	-0.472983	0	0	0	0	0.000205228	-0.425455	0.00376769	-0.472983	0	0	0	0	0.000205228	-0.425455	
1.1781	0.000747075	-0.437463	0	0	0	0	0.00139596	-0.395039	0.000747075	-0.437463	0	0	0	0	0.00139596	-0.395039	
1.33518	0.00122711	-0.404657	0	0	0	0	0.00128718	-0.369476	0.00122711	-0.404657	0	0	0	0	0.00128718	-0.369476	
1.49226	-0.00382299	-0.372057	0	0	0	0	0.00277125	-0.348021	-0.00382299	-0.372057	0	0	0	0	0.00277125	-0.348021	
1.64934	0.00698125	-0.352223	0	0	0	0	0.002793	-0.330421	0.00698125	-0.352223	0	0	0	0	0.002793	-0.330421	
1.80642	0.00114983	-0.331364	0	0	0	0	0.00143205	-0.315565	0.00114983	-0.331364	0	0	0	0	0.00143205	-0.315565	
1.9635	-0.00161297	-0.310654	0	0	0	0	0.00294511	-0.303613	-0.00161297	-0.310654	0	0	0	0	0.00294511	-0.303613	
2.12058	-0.000275157	-0.302183	0	0	0	0	0.00259637	-0.289751	-0.000275157	-0.302183	0	0	0	0	0.00259637	-0.289751	
2.27765	0.00326894	-0.29192	0	0	0	0	0.00293749	-0.277682	0.00326894	-0.29192	0	0	0	0	0.00293749	-0.277682	
2.43473	0.00278225	-0.279426	0	0	0	0	0.00306057	-0.267358	0.00278225	-0.279426	0	0	0	0	0.00306057	-0.267358	
2.59181	0.000267063	-0.267794	0	0	0	0	0.0027119	-0.258258	0.000267063	-0.267794	0	0	0	0	0.0027119	-0.258258	
2.74889	-0.00164436	-0.258142	0	0	0	0	0.00221696	-0.250043	-0.00164436	-0.258142	0	0	0	0	0.00221696	-0.250043	
2.90597	-0.00232267	-0.25004	0	0	0	0	0.00184524	-0.24243	-0.00232267	-0.25004	0	0	0	0	0.00184524	-0.24243	
3.06305	-0.00223107	-0.242724	0	0	0	0	0.00167759	-0.2352	-0.00223107	-0.242724	0	0	0	0	0.00167759	-0.2352	
3.22013	-0.00192955	-0.235672	0	0	0	0	0.00168419	-0.228217	-0.00192955	-0.235672	0	0	0	0	0.00168419	-0.228217	
3.37721	-0.00172364	-0.228666	0	0	0	0	0.00180276	-0.221434	-0.00172364	-0.228666	0	0	0	0	0.00180276	-0.221434	
3.53429	-0.0016844	-0.221689	0	0	0	0	0.00197637	-0.214854	-0.0016844	-0.221689	0	0	0	0	0.00197637	-0.214854	
3.69137	-0.00176156	-0.214817	0	0	0	0	0.00216413	-0.208507	-0.00176156	-0.214817	0	0	0	0	0.00216413	-0.208507	
3.84845	-0.00187329	-0.208145	0	0	0	0	0.00234036	-0.202423	-0.00187329	-0.208145	0	0	0	0	0.00234036	-0.202423	
4.00553	-0.00195207	-0.20175	0	0	0	0	0.00249073	-0.196628	-0.00195207	-0.20175	0	0	0	0	0.00249073	-0.196628	
4.16261	-0.00195881	-0.195682	0	0	0	0	0.00260845	-0.191129	-0.00195881	-0.195682	0	0	0	0	0.00260845	-0.191129	
4.31969	-0.00188069	-0.189965	0	0	0	0	0.00269153	-0.185928	-0.00188069	-0.189965	0	0	0	0	0.00269153	-0.185928	
4.47677	-0.00172334	-0.184598	0	0	0	0	0.00274082	-0.181015	-0.00172334	-0.184598	0	0	0	0	0.00274082	-0.181015	
4.63385	-0.00150264	-0.179569	0	0	0	0	0.00275887	-0.176376	-0.00150264	-0.179569	0	0	0	0	0.00275887	-0.176376	
4.79093	-0.00123849	-0.174859	0	0	0	0	0.00274908	-0.171992	-0.00123849	-0.174859	0	0	0	0	0.00274908	-0.171992	
4.94801	-0.000950584	-0.170439	0	0	0	0	0.00271522	-0.167844	-0.000950584	-0.170439	0	0	0	0	0.00271522	-0.167844	
5.10509	-0.000656153	-0.166284	0	0	0	0	0.0026611	-0.163912	-0.000656153	-0.166284	0	0	0	0	0.0026611	-0.163912	
5.26217	-0.000368975	-0.162368	0	0	0	0	0.00259042	-0.160178	-0.000368975	-0.162368	0	0	0	0	0.00259042	-0.160178	
5.41925	-9.92172e-05	-0.158666	0	0	0	0	0.00250657	-0.156626	-9.92172e-05	-0.158666	0	0	0	0	0.00250657	-0.156626	
5.57633	0.000146268	-0.155158	0	0	0	0	0.00241262	-0.153238	0.000146268	-0.155158	0	0	0	0	0.00241262	-0.153238	
5.73341	0.000363414	-0.151822	0	0	0	0	0.00231129	-0.150003	0.000363414	-0.151822	0	0	0	0	0.00231129	-0.150003	
5.89049	0.000550373	-0.148643	0	0	0	0	0.00220493	-0.146906	0.000550373	-0.148643	0	0	0	0	0.00220493	-0.146906	
6.04757	0.000706967	-0.145604	0	0	0	0	0.00209555	-0.143937	0.000706967	-0.145604	0	0	0	0	0.00209555	-0.143937	
6.20465	0.000834212	-0.142695	0	0	0	0	0.00198482	-0.141086	0.000834212	-0.142695	0	0	0	0	0.00198482	-0.141086	
6.36173	0.000933921	-0.139904	0	0	0	0	0.00187413	-0.138345	0.000933921	-0.139904	0	0	0	0	0.00187413	-0.138345	
6.5188	0.0010084	-0.137221	0	0	0	0	0.00176462	-0.135707	0.0010084	-0.137221	0	0	0	0	0.00176462	-0.135707	
6.67588	0.0010602	-0.134638	0	0	0	0	0.00165716	-0.133164	0.0010602	-0.134638	0	0	0	0	0.00165716	-0.133164	
6.83296	0.00109198	-0.132148	0	0	0	0	0.00155246	-0.130711	0.00109198	-0.132148	0	0	0	0	0.00155246	-0.130711	
6.99004	0.00110631	-0.129744	0	0	0	0	0.00145106	-0.128342	0.00110631	-0.129744	0	0	0	0	0.00145106	-0.128342	
7.14712	0.00110571	-0.127422	0	0	0	0	0.00135335	-0.126053	0.00110571	-0.127422	0	0	0	0	0.00135335	-0.126053	
7.3042	0.00109247	-0.125177	0	0	0	0	0.00125958	-0.123839	0.00109247	-0.125177	0	0	0	0	0.00125958	-0.123839	
7.46128	0.0010687	-0.123004	0	0	0	0	0.00116994	-0.121696	0.0010687	-0.123004	0	0	0	0	0.00116994	-0.121696	
7.61836	0.00103632	-0.120899	0	0	0	0	0.00108451	-0.119621	0.00103632	-0.120899	0	0	0	0	0.00108451	-0.119621	
7.77544	0.000997005	-0.11886	0	0	0	0	0.00100333	-0.117611	0.000997005	-0.11886	0	0	0	0	0.00100333	-0.117611	
7.93252	0.000952247	-0.116883	0	0	0	0	0.000926366	-0.115662	0.000952247	-0.116883	0	0	0	0	0.000926366	-0.115662	
8.0896	0.000903344	-0.114964	0	0	0	0	0.00085355	-0.113772	0.000903344	-0.114964	0	0	0	0	0.00085355	-0.113772	
8.24668	0.000851417	-0.113102	0	0	0	0	0.00078479	-0.111938	0.000851417	-0.113102	0	0	0	0	0.00078479	-0.111938	
8.40376	0.000797413	-0.111295	0	0	0	0	0.000719963	-0.110158	0.000797413	-0.111295	0	0	0	0	0.000719963	-0.110158	
8.56084	0.000742155	-0.109539	0	0	0	0	0.000658934	-0.108429	0.000742155	-0.109539	0	0	0	0	0.000658934	-0.108429	
8.71792	0.000686313	-0.107832	0	0	0	0	0.000601553	-0.10675	0.000686313	-0.107832	0	0	0	0	0.000601553	-0.10675	
8.875	0.000630469	-0.106174	0	0	0	0	0.000547661	-0.105118	0.000630469	-0.106174	0	0	0	0	0.000547661	-0.105118	
9.03208	0.000575083	-0.104561	0	0	0	0	0.000497099	-0.103532	0.000575083	-0.104561	0	0	0	0	0.000497099	-0.103532	
9.18916	0.000520541	-0.102992	0	0	0	0	0.000449703	-0.101989	0.000520541	-0.102992	0	0	0	0	0.000449703	-0.101989	
9.34624	0.000467151	-0.101466	0	0	0	0	0.00040531	-0.100488	0.000467151	-0.101466	0	0	0	0	0.00040531	-0.100488	
9.50332	0.000415154	-0.0999806	0	0	0	0	0.000363763	-0.0990282	0.000415154	-0.0999806	0	0	0	0	0.000363763	-0.0990282	
9.6604	0.000364742	-0.0985348	0	0	0	0	0.000324903	-0.097607	0.000364742	-0.0985348	0	0	0	0	0.000324903	-0.097607	
9.81748	0.000316055	-0.0971269	0	0	0	0	0.000288581	-0.0962233	0.000316055	-0.0971269	0	0	0	0	0.000288581	-0.0962233	
9.97456	0.000269194	-0.0957555	0	0	0	0	0.000254648	-0.0948757	0.000269194	-0.0957555	0	0	0	0	0.000254648	-0.0948757	
10.1316	0.000224229	-0.0944195	0	0	0	0	0.000222966	-0.0935629	0.000224229	-0.0944195	0	0	0	0	0.000222966	-0.0935629	
10.2887	0.000181201	-0.0931176	0	0	0	0	0.000193399	-0.0922837	0.000181201	-0.0931176	0	0	0	0	0.000193399	-0.0922837	
10.4458	0.000140127	-0.0918486	0	0	0	0	0.00016582	-0.0910369	0.000140127	-0.0918486	0	0	0	0	0.00016582	-0.0910369	
10.6029	0.000101008	-0.0906114	0	0	0	0	0.000140107	-0.0898212	0.000101008	-0.0906114	0	0	0	0	0.000140107	-0.0898212	
10.76	6.38252e-05	-0.0894048	0	0	0	0	0.000116144	-0.0886359	6.38252e-05	-0.0894048	0	0	0	0	0.000116144	-0.0886359	
10.917	2.85516e-05	-0.0882279	0	0	0	0	9.38225e-05	-0.0874795	2.85516e-05	-0.0882279	0	0	0	0	9.38225e-05	-0.0874795	
11.0741	-4.85363e-06	-0.0870796	0	0	0	0	7.3039e-05	-0.0863513	-4.85363e-06	-0.0870796	0	0	0	0	7.3039e-05	-0.0863513	
11.2312	-3.6436e-05	-0.085959	0	0	0	0	5.36964e-05	-0.0852504	-3.6436e-05	-0.085959	0	0	0	0	5.36964e-05	-0.0852504	
11.3883	-6.62495e-05	-0.0848653	0	0	0	0	3.57029e-05	-0.0841756	-6.62495e-05	-0.0848653	0	0	0	0	3.57029e-05	-0.0841756	
11.5454	-9.43507e-05	-0.0837974	0	0	0	0	1.89722e-05	-0.0831262	-9.43507e-05	-0.0837974	0	0	0	0	1.89722e-05	-0.0831262	
11.7024	-0.0001208	-0.0827546	0	0	0	0	3.42345e-06	-0.0821014	-0.0001208	-0.0827546	0	0	0	0	3.42345e-06	-0.0821014	
11.8595	-0.000145661	-0.081736	0	0	0	0	-1.10194e-05	-0.0811003	-0.000145661	-0.081736	0	0	0	0	-1.10194e-05	-0.0811003	
12.0166	-0.000168996	-0.0807409	0	0	0	0	-2.44278e-05	-0.0801222	-0.000168996	-0.0807409	0	0	0	0	-2.44278e-05	-0.0801222	
12.1737	-0.000190869	-0.0797685	0	0	0	0	-3.68685e-05	-0.0791663	-0.000190869	-0.0797685	0	0	0	0	-3.68685e-05	-0.0791663	
12.3308	-0.000211346	-0.0788181	0	0	0	0	-4.84044e-05	-0.078232	-0.000211346	-0.0788181	0	0	0	0	-4.84044e-05	-0.078232	
12.4878	-0.00023049	-0.077889	0	0	0	0	-5.90944e-05	-0.0773184	-0.00023049	-0.077889	0	0	0	0	-5.90944e-05	-0.0773184	
12.6449	-0.000248362	-0.0769805	0	0	0	0	-6.89926e-05	-0.0764251	-0.000248362	-0.0769805	0	0	0	0	-6.89926e-05	-0.0764251	
12.802	-0.000265025	-0.0760921	0	0	0	0	-7.81515e-05	-0.0755513	-0.000265025	-0.0760921	0	0	0	0	-7.81515e-05	-0.0755513	
12.9591	-0.000280536	-0.075223	0	0	0	0	-8.66194e-05	-0.0746965	-0.000280536	-0.075223	0	0	0	0	-8.66194e-05	-0.0746965	
13.1161	-0.000294956	-0.0743728	0	0	0	0	-9.444e-05	-0.0738601	-0.000294956	-0.0743728	0	0	0	0	-9.444e-05	-0.0738601	
13.2732	-0.000308339	-0.0735407	0	0	0	0	-0.000101657	-0.0730414	-0.000308339	-0.0735407	0	0	0	0	-0.000101657	-0.0730414	
13.4303	-0.000320739	-0.0727263	0	0	0	0	-0.000108309	-0.0722401	-0.000320739	-0.0727263	0	0	0	0	-0.000108309	-0.0722401	
13.5874	-0.000332208	-0.0719291	0	0	0	0	-0.000114432	-0.0714554	-0.000332208	-0.0719291	0	0	0	0	-0.000114432	-0.0714554	
13.7445	-0.000342797	-0.0711485	0	0	0	0	-0.000120063	-0.0706871	-0.000342797	-0.0711485	0	0	0	0	-0.000120063	-0.0706871	
13.9015	-0.000352552	-0.070384	0	0	0	0	-0.000125232	-0.0699345	-0.000352552	-0.070384	0	0	0	0	-0.000125232	-0.0699345	
14.0586	-0.00036152	-0.0696352	0	0	0	0	-0.00012997	-0.0691972	-0.00036152	-0.0696352	0	0	0	0	-0.00012997	-0.0691972	
14.2157	-0.000369743	-0.0689017	0	0	0	0	-0.000134306	-0.0684748	-0.000369743	-0.0689017	0	0	0	0	-0.000134306	-0.0684748	
14.3728	-0.000377264	-0.0681829	0	0	0	0	-0.000138265	-0.0677668	-0.000377264	-0.0681829	0	0	0	0	-0.000138265	-0.0677668	
14.5299	-0.000384124	-0.0674785	0	0	0	0	-0.000141872	-0.0670729	-0.000384124	-0.0674785	0	0	0	0	-0.000141872	-0.0670729	
14.6869	-0.000390357	-0.0667879	0	0	0	0	-0.00014515	-0.0663926	-0.000390357	-0.0667879	0	0	0	0	-0.00014515	-0.0663926	
14.844	-0.000396002	-0.066111	0	0	0	0	-0.00014812	-0.0657255	-0.000396002	-0.066111	0	0	0	0	-0.00014812	-0.0657255	
15.0011	-0.000401092	-0.0654473	0	0	0	0	-0.000150804	-0.0650713	-0.000401092	-0.0654473	0	0	0	0	-0.000150804	-0.0650713	
15.1582	-0.000405659	-0.0647963	0	0	0	0	-0.00015322	-0.0644297	-0.000405659	-0.0647963	0	0	0	0	-0.00015322	-0.0644297	
15.3153	-0.000409734	-0.0641578	0	0	0	0	-0.000155385	-0.0638002	-0.000409734	-0.0641578	0	0	0	0	-0.000155385	-0.0638002	
15.4723	-0.000413347	-0.0635314	0	0	0	0	-0.000157317	-0.0631825	-0.000413347	-0.0635314	0	0	0	0	-0.000157317	-0.0631825	
15.6294	-0.000416523	-0.0629168	0	0	0	0	-0.000159029	-0.0625765	-0.000416523	-0.0629168	0	0	0	0	-0.000159029	-0.0625765	
15.7865	-0.000419292	-0.0623137	0	0	0	0	-0.000160537	-0.0619815	-0.000419292	-0.0623137	0	0	0	0	-0.000160537	-0.0619815	
15.9436	-0.000421675	-0.0617217	0	0	0	0	-0.000161855	-0.0613976	-0.000421675	-0.0617217	0	0	0	0	-0.000161855	-0.0613976	
16.1007	-0.000423697	-0.0611406	0	0	0	0	-0.000162996	-0.0608242	-0.000423697	-0.0611406	0	0	0	0	-0.000162996	-0.0608242	
16.2577	-0.000425381	-0.06057	0	0	0	0	-0.000163969	-0.0602612	-0.000425381	-0.06057	0	0	0	0	-0.000163969	-0.0602612	
16.4148	-0.000426746	-0.0600098	0	0	0	0	-0.000164788	-0.0597083	-0.000426746	-0.0600098	0	0	0	0	-0.000164788	-0.0597083	
16.5719	-0.000427813	-0.0594596	0	0	0	0	-0.000165463	-0.0591651	-0.000427813	-0.0594596	0	0	0	0	-0.000165463	-0.0591651	
16.729	-0.0004286	-0.0589191	0	0	0	0	-0.000166003	-0.0586316	-0.0004286	-0.0589191	0	0	0	0	-0.000166003	-0.0586316	
16.8861	-0.000429125	-0.0583882	0	0	0	0	-0.000166417	-0.0581073	-0.000429125	-0.0583882	0	0	0	0	-0.000166417	-0.0581073	
17.0431	-0.000429404	-0.0578665	0	0	0	0	-0.000166714	-0.0575922	-0.000429404	-0.0578665	0	0	0	0	-0.000166714	-0.0575922	
17.2002	-0.000429454	-0.0573539	0	0	0	0	-0.000166901	-0.0570859	-0.000429454	-0.0573539	0	0	0	0	-0.000166901	-0.0570859	
17.3573	-0.00042929	-0.0568502	0	0	0	0	-0.000166988	-0.0565882	-0.00042929	-0.0568502	0	0	0	0	-0.000166988	-0.0565882	
17.5144	-0.000428924	-0.056355	0	0	0	0	-0.000166979	-0.056099	-0.000428924	-0.056355	0	0	0	0	-0.000166979	-0.056099	
17.6715	-0.000428371	-0.0558682	0	0	0	0	-0.000166883	-0.055618	-0.000428371	-0.0558682	0	0	0	0	-0.000166883	-0.055618	
17.8285	-0.000427642	-0.0553895	0	0	0	0	-0.000166705	-0.055145	-0.000427642	-0.0553895	0	0	0	0	-0.000166705	-0.055145	
17.9856	-0.00042675	-0.0549189	0	0	0	0	-0.00016645	-0.0546798	-0.00042675	-0.0549189	0	0	0	0	-0.00016645	-0.0546798	
18.1427	-0.000425706	-0.054456	0	0	0	0	-0.000166126	-0.0542222	-0.000425706	-0.054456	0	0	0	0	-0.000166126	-0.0542222	
18.2998	-0.000424519	-0.0540007	0	0	0	0	-0.000165735	-0.0537721	-0.000424519	-0.0540007	0	0	0	0	-0.000165735	-0.0537721	
18.4569	-0.000423202	-0.0535529	0	0	0	0	-0.000165284	-0.0533293	-0.000423202	-0.0535529	0	0	0	0	-0.000165284	-0.0533293	
18.6139	-0.00042176	-0.0531123	0	0	0	0	-0.000164776	-0.0528935	-0.00042176	-0.0531123	0	0	0	0	-0.000164776	-0.0528935	
18.771	-0.000420206	-0.0526788	0	0	0	0	-0.000164216	-0.0524648	-0.000420206	-0.0526788	0	0	0	0	-0.000164216	-0.0524648	
18.9281	-0.000418546	-0.0522521	0	0	0	0	-0.000163608	-0.0520428	-0.000418546	-0.0522521	0	0	0	0	-0.000163608	-0.0520428	
19.0852	-0.000416788	-0.0518322	0	0	0	0	-0.000162956	-0.0516274	-0.000416788	-0.0518322	0	0	0	0	-0.000162956	-0.0516274	
19.2423	-0.000414939	-0.0514189	0	0	0	0	-0.000162262	-0.0512185	-0.000414939	-0.0514189	0	0	0	0	-0.000162262	-0.0512185	
19.3993	-0.000413006	-0.0510121	0	0	0	0	-0.00016153	-0.0508158	-0.000413006	-0.0510121	0	0	0	0	-0.00016153	-0.0508158	
19.5564	-0.000410997	-0.0506115	0	0	0	0	-0.000160764	-0.0504194	-0.000410997	-0.0506115	0	0	0	0	-0.000160764	-0.0504194	
19.7135	-0.000408916	-0.0502171	0	0	0	0	-0.000159966	-0.0500289	-0.000408916	-0.0502171	0	0	0	0	-0.000159966	-0.0500289	
19.8706	-0.000406771	-0.0498287	0	0	0	0	-0.000159139	-0.0496445	-0.000406771	-0.0498287	0	0	0	0	-0.000159139	-0.0496445	
20.0277	-0.000404565	-0.0494461	0	0	0	0	-0.000158284	-0.0492658	-0.000404565	-0.0494461	0	0	0	0	-0.000158284	-0.0492658	
20.1847	-0.000402305	-0.0490694	0	0	0	0	-0.000157405	-0.0488927	-0.000402305	-0.0490694	0	0	0	0	-0.000157405	-0.0488927	
20.3418	-0.000399996	-0.0486982	0	0	0	0	-0.000156505	-0.0485251	-0.000399996	-0.0486982	0	0	0	0	-0.000156505	-0.0485251	
20.4989	-0.000397641	-0.0483325	0	0	0	0	-0.000155583	-0.048163	-0.000397641	-0.0483325	0	0	0	0	-0.000155583	-0.048163	
20.656	-0.000395245	-0.0479723	0	0	0	0	-0.000154643	-0.0478062	-0.000395245	-0.0479723	0	0	0	0	-0.000154643	-0.0478062	
20.8131	-0.000392811	-0.0476172	0	0	0	0	-0.000153687	-0.0474545	-0.000392811	-0.0476172	0	0	0	0	-0.000153687	-0.0474545	
20.9701	-0.000390345	-0.0472673	0	0	0	0	-0.000152716	-0.0471079	-0.000390345	-0.0472673	0	0	0	0	-0.000152716	-0.0471079	
21.1272	-0.00038785	-0.0469225	0	0	0	0	-0.000151733	-0.0467662	-0.00038785	-0.0469225	0	0	0	0	-0.000151733	-0.0467662	
21.2843	-0.000385327	-0.0465826	0	0	0	0	-0.000150737	-0.0464294	-0.000385327	-0.0465826	0	0	0	0	-0.000150737	-0.0464294	
21.4414	-0.000382782	-0.0462475	0	0	0	0	-0.00014973	-0.0460973	-0.000382782	-0.0462475	0	0	0	0	-0.00014973	-0.0460973	
21.5984	-0.000380217	-0.0459172	0	0	0	0	-0.000148716	-0.04577	-0.000380217	-0.0459172	0	0	0	0	-0.000148716	-0.04577	
21.7555	-0.000377633	-0.0455915	0	0	0	0	-0.000147693	-0.0454471	-0.000377633	-0.0455915	0	0	0	0	-0.000147693	-0.0454471	
21.9126	-0.000375036	-0.0452704	0	0	0	0	-0.000146664	-0.0451287	-0.000375036	-0.0452704	0	0	0	0	-0.000146664	-0.0451287	
22.0697	-0.000372425	-0.0449536	0	0	0	0	-0.000145628	-0.0448147	-0.000372425	-0.0449536	0	0	0	0	-0.000145628	-0.0448147	
22.2268	-0.000369805	-0.0446413	0	0	0	0	-0.000144589	-0.044505	-0.000369805	-0.0446413	0	0	0	0	-0.000144589	-0.044505	
22.3838	-0.000367176	-0.0443331	0	0	0	0	-0.000143546	-0.0441995	-0.000367176	-0.0443331	0	0	0	0	-0.000143546	-0.0441995	
22.5409	-0.000364542	-0.0440292	0	0	0	0	-0.0001425	-0.0438981	-0.000364542	-0.0440292	0	0	0	0	-0.0001425	-0.0438981	
22.698	-0.000361903	-0.0437294	0	0	0	0	-0.000141452	-0.0436007	-0.000361903	-0.0437294	0	0	0	0	-0.000141452	-0.0436007	
22.8551	-0.000359262	-0.0434335	0	0	0	0	-0.000140403	-0.0433073	-0.000359262	-0.0434335	0	0	0	0	-0.000140403	-0.0433073	
23.0122	-0.000356621	-0.0431417	0	0	0	0	-0.000139353	-0.0430178	-0.000356621	-0.0431417	0	0	0	0	-0.000139353	-0.0430178	
23.1692	-0.000353981	-0.0428536	0	0	0	0	-0.000138304	-0.0427321	-0.000353981	-0.0428536	0	0	0	0	-0.000138304	-0.0427321	
23.3263	-0.000351342	-0.0425694	0	0	0	0	-0.000137256	-0.04245	-0.000351342	-0.0425694	0	0	0	0	-0.000137256	-0.04245	
23.4834	-0.000348708	-0.0422889	0	0	0	0	-0.000136209	-0.0421717	-0.000348708	-0.0422889	0	0	0	0	-0.000136209	-0.0421717	
23.6405	-0.000346078	-0.042012	0	0	0	0	-0.000135164	-0.041897	-0.000346078	-0.042012	0	0	0	0	-0.000135164	-0.041897	
23.7976	-0.000343455	-0.0417387	0	0	0	0	-0.000134122	-0.0416257	-0.000343455	-0.0417387	0	0	0	0	-0.000134122	-0.0416257	
23.9546	-0.000340838	-0.0414689	0	0	0	0	-0.000133082	-0.041358	-0.000340838	-0.0414689	0	0	0	0	-0.000133082	-0.041358	
24.1117	-0.00033823	-0.0412025	0	0	0	0	-0.000132045	-0.0410936	-0.00033823	-0.0412025	0	0	0	0	-0.000132045	-0.0410936	
24.2688	-0.000335632	-0.0409395	0	0	0	0	-0.000131013	-0.0408325	-0.000335632	-0.0409395	0	0	0	0	-0.000131013	-0.0408325	
24.4259	-0.000333043	-0.0406798	0	0	0	0	-0.000129984	-0.0405747	-0.000333043	-0.0406798	0	0	0	0	-0.000129984	-0.0405747	
24.583	-0.000330465	-0.0404233	0	0	0	0	-0.00012896	-0.0403201	-0.000330465	-0.0404233	0	0	0	0	-0.00012896	-0.0403201	
24.74	-0.000327899	-0.04017	0	0	0	0	-0.000127941	-0.0400686	-0.000327899	-0.04017	0	0	0	0	-0.000127941	-0.0400686	
24.8971	-0.000325346	-0.03992	0	0	0	0	-0.000126927	-0.0398203	-0.000325346	-0.03992	0	0	0	0	-0.000126927	-0.0398203	
25.0542	-0.000322805	-0.0396728	0	0	0	0	-0.000125918	-0.0395749	-0.000322805	-0.0396728	0	0	0	0	-0.000125918	-0.0395749	
25.2113	-0.000320278	-0.0394288	0	0	0	0	-0.000124915	-0.0393326	-0.000320278	-0.0394288	0	0	0	0	-0.000124915	-0.0393326	
25.3684	-0.000317765	-0.0391877	0	0	0	0	-0.000123917	-0.0390931	-0.000317765	-0.0391877	0	0	0	0	-0.000123917	-0.0390931	
25.5254	-0.000315267	-0.0389496	0	0	0	0	-0.000122926	-0.0388565	-0.000315267	-0.0389496	0	0	0	0	-0.000122926	-0.0388565	
25.6825	-0.000312784	-0.0387142	0	0	0	0	-0.000121941	-0.0386228	-0.000312784	-0.0387142	0	0	0	0	-0.000121941	-0.0386228	
25.8396	-0.000310317	-0.0384817	0	0	0	0	-0.000120962	-0.0383918	-0.000310317	-0.0384817	0	0	0	0	-0.000120962	-0.0383918	
25.9967	-0.000307866	-0.0382519	0	0	0	0	-0.00011999	-0.0381636	-0.000307866	-0.0382519	0	0	0	0	-0.00011999	-0.0381636	
26.1538	-0.000305431	-0.0380248	0	0	0	0	-0.000119024	-0.0379379	-0.000305431	-0.0380248	0	0	0	0	-0.000119024	-0.0379379	
26.3108	-0.000303013	-0.0378004	0	0	0	0	-0.000118065	-0.037715	-0.000303013	-0.0378004	0	0	0	0	-0.000118065	-0.037715	
26.4679	-0.000300612	-0.0375787	0	0	0	0	-0.000117114	-0.0374946	-0.000300612	-0.0375787	0	0	0	0	-0.000117114	-0.0374946	
26.625	-0.000298229	-0.0373594	0	0	0	0	-0.00011617	-0.0372768	-0.000298229	-0.0373594	0	0	0	0	-0.00011617	-0.0372768	
26.7821	-0.000295863	-0.0371427	0	0	0	0	-0.000115232	-0.0370615	-0.000295863	-0.0371427	0	0	0	0	-0.000115232	-0.0370615	
26.9392	-0.000293514	-0.0369285	0	0	0	0	-0.000114302	-0.0368486	-0.000293514	-0.0369285	0	0	0	0	-0.000114302	-0.0368486	
27.0962	-0.000291183	-0.0367168	0	0	0	0	-0.000113379	-0.0366382	-0.000291183	-0.0367168	0	0	0	0	-0.000113379	-0.0366382	
27.2533	-0.000288871	-0.0365074	0	0	0	0	-0.000112463	-0.0364301	-0.000288871	-0.0365074	0	0	0	0	-0.000112463	-0.0364301	
27.4104	-0.000286577	-0.0363004	0	0	0	0	-0.000111556	-0.0362243	-0.000286577	-0.0363004	0	0	0	0	-0.000111556	-0.0362243	
27.5675	-0.000284301	-0.0360957	0	0	0	0	-0.000110655	-0.0360208	-0.000284301	-0.0360957	0	0	0	0	-0.000110655	-0.0360208	
27.7246	-0.000282043	-0.0358934	0	0	0	0	-0.000109762	-0.0358196	-0.000282043	-0.0358934	0	0	0	0	-0.000109762	-0.0358196	
27.8816	-0.000279804	-0.0356932	0	0	0	0	-0.000108876	-0.0356206	-0.000279804	-0.0356932	0	0	0	0	-0.000108876	-0.0356206	
28.0387	-0.000277584	-0.0354952	0	0	0	0	-0.000107999	-0.0354238	-0.000277584	-0.0354952	0	0	0	0	-0.000107999	-0.0354238	
28.1958	-0.000275382	-0.0352994	0	0	0	0	-0.000107129	-0.0352291	-0.000275382	-0.0352994	0	0	0	0	-0.000107129	-0.0352291	
28.3529	-0.0002732	-0.0351058	0	0	0	0	-0.000106265	-0.0350366	-0.0002732	-0.0351058	0	0	0	0	-0.000106265	-0.0350366	
28.51	-0.000271035	-0.0349142	0	0	0	0	-0.000105411	-0.0348461	-0.000271035	-0.0349142	0	0	0	0	-0.000105411	-0.0348461	
28.667	-0.00026889	-0.0347247	0	0	0	0	-0.000104563	-0.0346577	-0.00026889	-0.0347247	0	0	0	0	-0.000104563	-0.0346577	
28.8241	-0.000266763	-0.0345373	0	0	0	0	-0.000103723	-0.0344713	-0.000266763	-0.0345373	0	0	0	0	-0.000103723	-0.0344713	
28.9812	-0.000264655	-0.0343518	0	0	0	0	-0.000102891	-0.0342868	-0.000264655	-0.0343518	0	0	0	0	-0.000102891	-0.0342868	
29.1383	-0.000262566	-0.0341684	0	0	0	0	-0.000102066	-0.0341043	-0.000262566	-0.0341684	0	0	0	0	-0.000102066	-0.0341043	
29.2954	-0.000260495	-0.0339869	0	0	0	0	-0.000101249	-0.0339238	-0.000260495	-0.0339869	0	0	0	0	-0.000101249	-0.0339238	
29.4524	-0.000258443	-0.0338073	0	0	0	0	-0.00010044	-0.0337451	-0.000258443	-0.0338073	0	0	0	0	-0.00010044	-0.0337451	
29.6095	-0.00025641	-0.0336295	0	0	0	0	-9.96377e-05	-0.0335683	-0.00025641	-0.0336295	0	0	0	0	-9.96377e-05	-0.0335683	
29.7666	-0.000254395	-0.0334536	0	0	0	0	-9.88429e-05	-0.0333933	-0.000254395	-0.0334536	0	0	0	0	-9.88429e-05	-0.0333933	
29.9237	-0.000252399	-0.0332795	0	0	0	0	-9.80558e-05	-0.0332201	-0.000252399	-0.0332795	0	0	0	0	-9.80558e-05	-0.0332201	
30.0807	-0.000250421	-0.0331072	0	0	0	0	-9.72763e-05	-0.0330487	-0.000250421	-0.0331072	0	0	0	0	-9.72763e-05	-0.0330487	
30.2378	-0.000248461	-0.0329367	0	0	0	0	-9.65041e-05	-0.032879	-0.000248461	-0.0329367	0	0	0	0	-9.65041e-05	-0.032879	
30.3949	-0.00024652	-0.0327679	0	0	0	0	-9.57391e-05	-0.0327111	-0.00024652	-0.0327679	0	0	0	0	-9.57391e-05	-0.0327111	
30.552	-0.000244596	-0.0326008	0	0	0	0	-9.49817e-05	-0.0325449	-0.000244596	-0.0326008	0	0	0	0	-9.49817e-05	-0.0325449	
30.7091	-0.000242691	-0.0324355	0	0	0	0	-9.42309e-05	-0.0323803	-0.000242691	-0.0324355	0	0	0	0	-9.42309e-05	-0.0323803	
30.8661	-0.000240803	-0.0322717	0	0	0	0	-9.34884e-05	-0.0322174	-0.000240803	-0.0322717	0	0	0	0	-9.34884e-05	-0.0322174	
31.0232	-0.000238934	-0.0321096	0	0	0	0	-9.27523e-05	-0.0320561	-0.000238934	-0.0321096	0	0	0	0	-9.27523e-05	-0.0320561	
31.1803	-0.000237082	-0.0319492	0	0	0	0	-9.20233e-05	-0.0318964	-0.000237082	-0.0319492	0	0	0	0	-9.20233e-05	-0.0318964	
31.3374	-0.000235248	-0.0317903	0	0	0	0	-9.13019e-05	-0.0317382	-0.000235248	-0.0317903	0	0	0	0	-9.13019e-05	-0.0317382	
31.4945	-0.000233431	-0.0316329	0	0	0	0	-9.05871e-05	-0.0315817	-0.000233431	-0.0316329	0	0	0	0	-9.05871e-05	-0.0315817	
31.6515	-0.000231631	-0.0314772	0	0	0	0	-8.98792e-05	-0.0314267	-0.000231631	-0.0314772	0	0	0	0	-8.98792e-05	-0.0314267	
31.8086	-0.000229849	-0.0313229	0	0	0	0	-8.91783e-05	-0.0312731	-0.000229849	-0.0313229	0	0	0	0	-8.91783e-05	-0.0312731	
31.9657	-0.000228084	-0.0311702	0	0	0	0	-8.84849e-05	-0.031121	-0.000228084	-0.0311702	0	0	0	0	-8.84849e-05	-0.031121	
32.1228	-0.000226335	-0.0310189	0	0	0	0	-8.77973e-05	-0.0309704	-0.000226335	-0.0310189	0	0	0	0	-8.77973e-05	-0.0309704	
32.2799	-0.000224604	-0.0308691	0	0	0	0	-8.71173e-05	-0.0308212	-0.000224604	-0.0308691	0	0	0	0	-8.71173e-05	-0.0308212	
32.4369	-0.000222889	-0.0307207	0	0	0	0	-8.64435e-05	-0.0306735	-0.000222889	-0.0307207	0	0	0	0	-8.64435e-05	-0.0306735	
32.594	-0.000221192	-0.0305737	0	0	0	0	-8.57766e-05	-0.0305272	-0.000221192	-0.0305737	0	0	0	0	-8.57766e-05	-0.0305272	
32.7511	-0.00021951	-0.0304281	0	0	0	0	-8.51162e-05	-0.0303823	-0.00021951	-0.0304281	0	0	0	0	-8.51162e-05	-0.0303823	
32.9082	-0.000217844	-0.0302839	0	0	0	0	-8.44622e-05	-0.0302387	-0.000217844	-0.0302839	0	0	0	0	-8.44622e-05	-0.0302387	
33.0653	-0.000216195	-0.0301411	0	0	0	0	-8.38149e-05	-0.0300964	-0.000216195	-0.0301411	0	0	0	0	-8.38149e-05	-0.0300964	
33.2223	-0.000214562	-0.0299995	0	0	0	0	-8.31739e-05	-0.0299555	-0.000214562	-0.0299995	0	0	0	0	-8.31739e-05	-0.0299555	
33.3794	-0.000212944	-0.0298593	0	0	0	0	-8.25392e-05	-0.0298159	-0.000212944	-0.0298593	0	0	0	0	-8.25392e-05	-0.0298159	
33.5365	-0.000211342	-0.0297204	0	0	0	0	-8.19109e-05	-0.0296776	-0.000211342	-0.0297204	0	0	0	0	-8.19109e-05	-0.0296776	
33.6936	-0.000209757	-0.0295828	0	0	0	0	-8.12887e-05	-0.0295405	-0.000209757	-0.0295828	0	0	0	0	-8.12887e-05	-0.0295405	
33.8507	-0.000208186	-0.0294465	0	0	0	0	-8.06727e-05	-0.0294047	-0.000208186	-0.0294465	0	0	0	0	-8.06727e-05	-0.0294047	
34.0077	-0.00020663	-0.0293113	0	0	0	0	-8.00629e-05	-0.0292702	-0.00020663	-0.0293113	0	0	0	0	-8.00629e-05	-0.0292702	
34.1648	-0.00020509	-0.0291775	0	0	0	0	-7.94591e-05	-0.0291368	-0.00020509	-0.0291775	0	0	0	0	-7.94591e-05	-0.0291368	
34.3219	-0.000203564	-0.0290448	0	0	0	0	-7.88613e-05	-0.0290047	-0.000203564	-0.0290448	0	0	0	0	-7.88613e-05	-0.0290047	
34.479	-0.000202054	-0.0289133	0	0	0	0	-7.82694e-05	-0.0288738	-0.000202054	-0.0289133	0	0	0	0	-7.82694e-05	-0.0288738	
34.6361	-0.000200559	-0.028783	0	0	0	0	-7.76834e-05	-0.028744	-0.000200559	-0.028783	0	0	0	0	-7.76834e-05	-0.028744	
34.7931	-0.000199078	-0.0286539	0	0	0	0	-7.71032e-05	-0.0286154	-0.000199078	-0.0286539	0	0	0	0	-7.71032e-05	-0.0286154	
34.9502	-0.000197611	-0.0285259	0	0	0	0	-7.65288e-05	-0.0284879	-0.000197611	-0.0285259	0	0	0	0	-7.65288e-05	-0.0284879	
35.1073	-0.000196158	-0.0283991	0	0	0	0	-7.596e-05	-0.0283615	-0.000196158	-0.0283991	0	0	0	0	-7.596e-05	-0.0283615	
35.2644	-0.00019472	-0.0282733	0	0	0	0	-7.53969e-05	-0.0282363	-0.00019472	-0.0282733	0	0	0	0	-7.53969e-05	-0.0282363	
35.4215	-0.000193296	-0.0281488	0	0	0	0	-7.48393e-05	-0.0281121	-0.000193296	-0.0281488	0	0	0	0	-7.48393e-05	-0.0281121	
35.5785	-0.000191885	-0.0280252	0	0	0	0	-7.42873e-05	-0.0279891	-0.000191885	-0.0280252	0	0	0	0	-7.42873e-05	-0.0279891	
35.7356	-0.000190489	-0.0279027	0	0	0	0	-7.37407e-05	-0.0278671	-0.000190489	-0.0279027	0	0	0	0	-7.37407e-05	-0.0278671	
35.8927	-0.000189106	-0.0277814	0	0	0	0	-7.31996e-05	-0.0277461	-0.000189106	-0.0277814	0	0	0	0	-7.31996e-05	-0.0277461	
36.0498	-0.000187736	-0.027661	0	0	0	0	-7.26637e-05	-0.0276262	-0.000187736	-0.027661	0	0	0	0	-7.26637e-05	-0.0276262	
36.2069	-0.000186379	-0.0275417	0	0	0	0	-7.21332e-05	-0.0275074	-0.000186379	-0.0275417	0	0	0	0	-7.21332e-05	-0.0275074	
36.3639	-0.000185037	-0.0274234	0	0	0	0	-7.16079e-05	-0.0273895	-0.000185037	-0.0274234	0	0	0	0	-7.16079e-05	-0.0273895	
36.521	-0.000183706	-0.0273062	0	0	0	0	-7.10878e-05	-0.0272726	-0.000183706	-0.0273062	0	0	0	0	-7.10878e-05	-0.0272726	
36.6781	-0.000182388	-0.0271899	0	0	0	0	-7.05728e-05	-0.0271568	-0.000182388	-0.0271899	0	0	0	0	-7.05728e-05	-0.0271568	
36.8352	-0.000181084	-0.0270746	0	0	0	0	-7.00628e-05	-0.0270419	-0.000181084	-0.0270746	0	0	0	0	-7.00628e-05	-0.0270419	
36.9923	-0.000179792	-0.0269602	0	0	0	0	-6.95578e-05	-0.026928	-0.000179792	-0.0269602	0	0	0	0	-6.95578e-05	-0.026928	
37.1493	-0.000178513	-0.0268468	0	0	0	0	-6.90578e-05	-0.026815	-0.000178513	-0.0268468	0	0	0	0	-6.90578e-05	-0.026815	
37.3064	-0.000177245	-0.0267344	0	0	0	0	-6.85627e-05	-0.026703	-0.000177245	-0.0267344	0	0	0	0	-6.85627e-05	-0.026703	
37.4635	-0.00017599	-0.0266229	0	0	0	0	-6.80724e-05	-0.0265918	-0.00017599	-0.0266229	0	0	0	0	-6.80724e-05	-0.0265918	
37.6206	-0.000174748	-0.0265124	0	0	0	0	-6.7587e-05	-0.0264817	-0.000174748	-0.0265124	0	0	0	0	-6.7587e-05	-0.0264817	
37.7777	-0.000173517	-0.0264027	0	0	0	0	-6.71062e-05	-0.0263724	-0.000173517	-0.0264027	0	0	0	0	-6.71062e-05	-0.0263724	
37.9347	-0.000172297	-0.026294	0	0	0	0	-6.66302e-05	-0.026264	-0.000172297	-0.026294	0	0	0	0	-6.66302e-05	-0.026264	
38.0918	-0.00017109	-0.0261861	0	0	0	0	-6.61588e-05	-0.0261565	-0.00017109	-0.0261861	0	0	0	0	-6.61588e-05	-0.0261565	
38.2489	-0.000169894	-0.0260791	0	0	0	0	-6.56919e-05	-0.0260498	-0.000169894	-0.0260791	0	0	0	0	-6.56919e-05	-0.0260498	
38.406	-0.000168709	-0.025973	0	0	0	0	-6.52296e-05	-0.0259441	-0.000168709	-0.025973	0	0	0	0	-6.52296e-05	-0.0259441	
38.563	-0.000167536	-0.0258678	0	0	0	0	-6.47718e-05	-0.0258392	-0.000167536	-0.0258678	0	0	0	0	-6.47718e-05	-0.0258392	
38.7201	-0.000166374	-0.0257634	0	0	0	0	-6.43184e-05	-0.0257351	-0.000166374	-0.0257634	0	0	0	0	-6.43184e-05	-0.0257351	
38.8772	-0.000165223	-0.0256598	0	0	0	0	-6.38693e-05	-0.0256318	-0.000165223	-0.0256598	0	0	0	0	-6.38693e-05	-0.0256318	
39.0343	-0.000164083	-0.025557	0	0	0	0	-6.34247e-05	-0.0255294	-0.000164083	-0.025557	0	0	0	0	-6.34247e-05	-0.0255294	
39.1914	-0.000162955	-0.0254551	0	0	0	0	-6.29843e-05	-0.0254278	-0.000162955	-0.0254551	0	0	0	0	-6.29843e-05	-0.0254278	
39.3484	-0.000161836	-0.025354	0	0	0	0	-6.25481e-05	-0.025327	-0.000161836	-0.025354	0	0	0	0	-6.25481e-05	-0.025327	
39.5055	-0.000160728	-0.0252537	0	0	0	0	-6.21161e-05	-0.025227	-0.000160728	-0.0252537	0	0	0	0	-6.21161e-05	-0.025227	
39.6626	-0.000159631	-0.0251541	0	0	0	0	-6.16882e-05	-0.0251277	-0.000159631	-0.0251541	0	0	0	0	-6.16882e-05	-0.0251277	
39.8197	-0.000158543	-0.0250554	0	0	0	0	-6.12645e-05	-0.0250293	-0.000158543	-0.0250554	0	0	0	0	-6.12645e-05	-0.0250293	
39.9768	-0.000157467	-0.0249574	0	0	0	0	-6.08447e-05	-0.0249316	-0.000157467	-0.0249574	0	0	0	0	-6.08447e-05	-0.0249316	
40.1338	-0.0001564	-0.0248601	0	0	0	0	-6.0429e-05	-0.0248347	-0.0001564	-0.0248601	0	0	0	0	-6.0429e-05	-0.0248347	
40.2909	-0.000155344	-0.0247637	0	0	0	0	-6.00173e-05	-0.0247385	-0.000155344	-0.0247637	0	0	0	0	-6.00173e-05	-0.0247385	
40.448	-0.000154297	-0.024668	0	0	0	0	-5.96094e-05	-0.024643	-0.000154297	-0.024668	0	0	0	0	-5.96094e-05	-0.024643	
40.6051	-0.00015326	-0.0245729	0	0	0	0	-5.92055e-05	-0.0245483	-0.00015326	-0.0245729	0	0	0	0	-5.92055e-05	-0.0245483	
40.7622	-0.000152233	-0.0244787	0	0	0	0	-5.88053e-05	-0.0244544	-0.000152233	-0.0244787	0	0	0	0	-5.88053e-05	-0.0244544	
40.9192	-0.000151215	-0.0243852	0	0	0	0	-5.84089e-05	-0.0243611	-0.000151215	-0.0243852	0	0	0	0	-5.84089e-05	-0.0243611	
41.0763	-0.000150207	-0.0242923	0	0	0	0	-5.80162e-05	-0.0242685	-0.000150207	-0.0242923	0	0	0	0	-5.80162e-05	-0.0242685	
41.2334	-0.000149209	-0.0242002	0	0	0	0	-5.76274e-05	-0.0241766	-0.000149209	-0.0242002	0	0	0	0	-5.76274e-05	-0.0241766	
41.3905	-0.000148219	-0.0241087	0	0	0	0	-5.7242e-05	-0.0240855	-0.000148219	-0.0241087	0	0	0	0	-5.7242e-05	-0.0240855	
41.5476	-0.000147239	-0.0240179	0	0	0	0	-5.68603e-05	-0.023995	-0.000147239	-0.0240179	0	0	0	0	-5.68603e-05	-0.023995	
41.7046	-0.000146267	-0.0239279	0	0	0	0	-5.64822e-05	-0.0239051	-0.000146267	-0.0239279	0	0	0	0	-5.64822e-05	-0.0239051	
41.8617	-0.000145305	-0.0238384	0	0	0	0	-5.61076e-05	-0.023816	-0.000145305	-0.0238384	0	0	0	0	-5.61076e-05	-0.023816	
42.0188	-0.000144352	-0.0237497	0	0	0	0	-5.57366e-05	-0.0237275	-0.000144352	-0.0237497	0	0	0	0	-5.57366e-05	-0.0237275	
42.1759	-0.000143407	-0.0236616	0	0	0	0	-5.53689e-05	-0.0236396	-0.000143407	-0.0236616	0	0	0	0	-5.53689e-05	-0.0236396	
42.333	-0.000142471	-0.0235742	0	0	0	0	-5.50047e-05	-0.0235525	-0.000142471	-0.0235742	0	0	0	0	-5.50047e-05	-0.0235525	
42.49	-0.000141543	-0.0234874	0	0	0	0	-5.46438e-05	-0.0234659	-0.000141543	-0.0234874	0	0	0	0	-5.46438e-05	-0.0234659	
42.6471	-0.000140625	-0.0234012	0	0	0	0	-5.42864e-05	-0.02338	-0.000140625	-0.0234012	0	0	0	0	-5.42864e-05	-0.02338	
42.8042	-0.000139713	-0.0233158	0	0	0	0	-5.39321e-05	-0.0232947	-0.000139713	-0.0233158	0	0	0	0	-5.39321e-05	-0.0232947	
42.9613	-0.000138811	-0.0232308	0	0	0	0	-5.35812e-05	-0.02321	-0.000138811	-0.0232308	0	0	0	0	-5.35812e-05	-0.02321	
43.1184	-0.000137917	-0.0231465	0	0	0	0	-5.32335e-05	-0.0231259	-0.000137917	-0.0231465	0	0	0	0	-5.32335e-05	-0.0231259	
43.2754	-0.000137032	-0.0230629	0	0	0	0	-5.28889e-05	-0.0230425	-0.000137032	-0.0230629	0	0	0	0	-5.28889e-05	-0.0230425	
43.4325	-0.000136154	-0.0229798	0	0	0	0	-5.25475e-05	-0.0229596	-0.000136154	-0.0229798	0	0	0	0	-5.25475e-05	-0.0229596	
43.5896	-0.000135283	-0.0228973	0	0	0	0	-5.22093e-05	-0.0228773	-0.000135283	-0.0228973	0	0	0	0	-5.22093e-05	-0.0228773	
43.7467	-0.000134421	-0.0228154	0	0	0	0	-5.18741e-05	-0.0227956	-0.000134421	-0.0228154	0	0	0	0	-5.18741e-05	-0.0227956	
43.9038	-0.000133567	-0.0227341	0	0	0	0	-5.1542e-05	-0.0227145	-0.000133567	-0.0227341	0	0	0	0	-5.1542e-05	-0.0227145	
44.0608	-0.00013272	-0.0226533	0	0	0	0	-5.12129e-05	-0.022634	-0.00013272	-0.0226533	0	0	0	0	-5.12129e-05	-0.022634	
44.2179	-0.000131881	-0.0225732	0	0	0	0	-5.08868e-05	-0.022554	-0.000131881	-0.0225732	0	0	0	0	-5.08868e-05	-0.022554	
44.375	-0.000131049	-0.0224936	0	0	0	0	-5.05636e-05	-0.0224746	-0.000131049	-0.0224936	0	0	0	0	-5.05636e-05	-0.0224746	
44.5321	-0.000130225	-0.0224146	0	0	0	0	-5.02433e-05	-0.0223958	-0.000130225	-0.0224146	0	0	0	0	-5.02433e-05	-0.0223958	
44.6892	-0.000129408	-0.022336	0	0	0	0	-4.99259e-05	-0.0223175	-0.000129408	-0.022336	0	0	0	0	-4.99259e-05	-0.0223175	
44.8462	-0.000128598	-0.0222581	0	0	0	0	-4.96113e-05	-0.0222397	-0.000128598	-0.0222581	0	0	0	0	-4.96113e-05	-0.0222397	
45.0033	-0.000127796	-0.0221807	0	0	0	0	-4.92996e-05	-0.0221625	-0.000127796	-0.0221807	0	0	0	0	-4.92996e-05	-0.0221625	
45.1604	-0.000127001	-0.0221038	0	0	0	0	-4.89907e-05	-0.0220858	-0.000127001	-0.0221038	0	0	0	0	-4.89907e-05	-0.0220858	
45.3175	-0.000126213	-0.0220275	0	0	0	0	-4.86845e-05	-0.0220097	-0.000126213	-0.0220275	0	0	0	0	-4.86845e-05	-0.0220097	
45.4746	-0.000125431	-0.0219517	0	0	0	0	-4.83811e-05	-0.021934	-0.000125431	-0.0219517	0	0	0	0	-4.83811e-05	-0.021934	
45.6316	-0.000124657	-0.0218764	0	0	0	0	-4.80803e-05	-0.0218589	-0.000124657	-0.0218764	0	0	0	0	-4.80803e-05	-0.0218589	
45.7887	-0.000123889	-0.0218016	0	0	0	0	-4.77822e-05	-0.0217843	-0.000123889	-0.0218016	0	0	0	0	-4.77822e-05	-0.0217843	
45.9458	-0.000123128	-0.0217273	0	0	0	0	-4.74868e-05	-0.0217102	-0.000123128	-0.0217273	0	0	0	0	-4.74868e-05	-0.0217102	
46.1029	-0.000122374	-0.0216535	0	0	0	0	-4.71939e-05	-0.0216366	-0.000122374	-0.0216535	0	0	0	0	-4.71939e-05	-0.0216366	
46.26	-0.000121626	-0.0215803	0	0	0	0	-4.69037e-05	-0.0215635	-0.000121626	-0.0215803	0	0	0	0	-4.69037e-05	-0.0215635	
46.417	-0.000120885	-0.0215075	0	0	0	0	-4.66159e-05	-0.0214909	-0.000120885	-0.0215075	0	0	0	0	-4.66159e-05	-0.0214909	
46.5741	-0.00012015	-0.0214352	0	0	0	0	-4.63308e-05	-0.0214188	-0.00012015	-0.0214352	0	0	0	0	-4.63308e-05	-0.0214188	
46.7312	-0.000119422	-0.0213634	0	0	0	0	-4.60481e-05	-0.0213471	-0.000119422	-0.0213634	0	0	0	0	-4.60481e-05	-0.0213471	
46.8883	-0.000118699	-0.0212921	0	0	0	0	-4.57679e-05	-0.0212759	-0.000118699	-0.0212921	0	0	0	0	-4.57679e-05	-0.0212759	
47.0453	-0.000117984	-0.0212213	0	0	0	0	-4.54901e-05	-0.0212052	-0.000117984	-0.0212213	0	0	0	0	-4.54901e-05	-0.0212052	
47.2024	-0.000117274	-0.0211508	0	0	0	0	-4.52147e-05	-0.021135	-0.000117274	-0.0211508	0	0	0	0	-4.52147e-05	-0.021135	
47.3595	-0.00011657	-0.0210809	0	0	0	0	-4.49417e-05	-0.0210653	-0.00011657	-0.0210809	0	0	0	0	-4.49417e-05	-0.0210653	
47.5166	-0.000115872	-0.0210115	0	0	0	0	-4.46711e-05	-0.0209959	-0.000115872	-0.0210115	0	0	0	0	-4.46711e-05	-0.0209959	
47.6737	-0.000115181	-0.0209424	0	0	0	0	-4.44028e-05	-0.0209271	-0.000115181	-0.0209424	0	0	0	0	-4.44028e-05	-0.0209271	
47.8307	-0.000114495	-0.0208739	0	0	0	0	-4.41368e-05	-0.0208587	-0.000114495	-0.0208739	0	0	0	0	-4.41368e-05	-0.0208587	
47.9878	-0.000113815	-0.0208058	0	0	0	0	-4.38731e-05	-0.0207907	-0.000113815	-0.0208058	0	0	0	0	-4.38731e-05	-0.0207907	
48.1449	-0.000113142	-0.0207381	0	0	0	0	-4.36117e-05	-0.0207232	-0.000113142	-0.0207381	0	0	0	0	-4.36117e-05	-0.0207232	
48.302	-0.000112473	-0.0206709	0	0	0	0	-4.33525e-05	-0.0206561	-0.000112473	-0.0206709	0	0	0	0	-4.33525e-05	-0.0206561	
48.4591	-0.00011181	-0.0206041	0	0	0	0	-4.30955e-05	-0.0205895	-0.00011181	-0.0206041	0	0	0	0	-4.30955e-05	-0.0205895	
48.6161	-0.000111153	-0.0205378	0	0	0	0	-4.28408e-05	-0.0205232	-0.000111153	-0.0205378	0	0	0	0	-4.28408e-05	-0.0205232	
48.7732	-0.000110502	-0.0204718	0	0	0	0	-4.25881e-05	-0.0204575	-0.000110502	-0.0204718	0	0	0	0	-4.25881e-05	-0.0204575	
48.9303	-0.000109855	-0.0204063	0	0	0	0	-4.23377e-05	-0.0203921	-0.000109855	-0.0204063	0	0	0	0	-4.23377e-05	-0.0203921	
49.0874	-0.000109215	-0.0203412	0	0	0	0	-4.20893e-05	-0.0203271	-0.000109215	-0.0203412	0	0	0	0	-4.20893e-05	-0.0203271	
49.2445	-0.00010858	-0.0202765	0	0	0	0	-4.18431e-05	-0.0202626	-0.00010858	-0.0202765	0	0	0	0	-4.18431e-05	-0.0202626	
49.4015	-0.000107949	-0.0202122	0	0	0	0	-4.15989e-05	-0.0201984	-0.000107949	-0.0202122	0	0	0	0	-4.15989e-05	-0.0201984	
49.5586	-0.000107325	-0.0201484	0	0	0	0	-4.13567e-05	-0.0201347	-0.000107325	-0.0201484	0	0	0	0	-4.13567e-05	-0.0201347	
49.7157	-0.000106705	-0.0200849	0	0	0	0	-4.11167e-05	-0.0200713	-0.000106705	-0.0200849	0	0	0	0	-4.11167e-05	-0.0200713	
49.8728	-0.000106091	-0.0200218	0	0	0	0	-4.08785e-05	-0.0200084	-0.000106091	-0.0200218	0	0	0	0	-4.08785e-05	-0.0200084	
50.0299	-0.000105481	-0.0199591	0	0	0	0	-4.06424e-05	-0.0199458	-0.000105481	-0.0199591	0	0	0	0	-4.06424e-05	-0.0199458	
50.1869	-0.000104877	-0.0198969	0	0	0	0	-4.04083e-05	-0.0198837	-0.000104877	-0.0198969	0	0	0	0	-4.04083e-05	-0.0198837	
50.344	-0.000104278	-0.019835	0	0	0	0	-4.01761e-05	-0.0198219	-0.000104278	-0.019835	0	0	0	0	-4.01761e-05	-0.0198219	
50.5011	-0.000103683	-0.0197734	0	0	0	0	-3.99458e-05	-0.0197605	-0.000103683	-0.0197734	0	0	0	0	-3.99458e-05	-0.0197605	
50.6582	-0.000103094	-0.0197123	0	0	0	0	-3.97175e-05	-0.0196994	-0.000103094	-0.0197123	0	0	0	0	-3.97175e-05	-0.0196994	
50.8153	-0.00010251	-0.0196516	0	0	0	0	-3.9491e-05	-0.0196388	-0.00010251	-0.0196516	0	0	0	0	-3.9491e-05	-0.0196388	
50.9723	-0.00010193	-0.0195911	0	0	0	0	-3.92664e-05	-0.0195786	-0.00010193	-0.0195911	0	0	0	0	-3.92664e-05	-0.0195786	
51.1294	-0.000101355	-0.0195311	0	0	0	0	-3.90436e-05	-0.0195186	-0.000101355	-0.0195311	0	0	0	0	-3.90436e-05	-0.0195186	
51.2865	-0.000100784	-0.0194715	0	0	0	0	-3.88226e-05	-0.0194591	-0.000100784	-0.0194715	0	0	0	0	-3.88226e-05	-0.0194591	
51.4436	-0.000100218	-0.0194122	0	0	0	0	-3.86036e-05	-0.0193999	-0.000100218	-0.0194122	0	0	0	0	-3.86036e-05	-0.0193999	
51.6007	-9.96567e-05	-0.0193532	0	0	0	0	-3.83862e-05	-0.0193411	-9.96567e-05	-0.0193532	0	0	0	0	-3.83862e-05	-0.0193411	
51.7577	-9.91002e-05	-0.0192947	0	0	0	0	-3.81707e-05	-0.0192826	-9.91002e-05	-0.0192947	0	0	0	0	-3.81707e-05	-0.0192826	
51.9148	-9.85481e-05	-0.0192365	0	0	0	0	-3.79568e-05	-0.0192245	-9.85481e-05	-0.0192365	0	0	0	0	-3.79568e-05	-0.0192245	
52.0719	-9.79999e-05	-0.0191786	0	0	0	0	-3.77447e-05	-0.0191668	-9.79999e-05	-0.0191786	0	0	0	0	-3.77447e-05	-0.0191668	
52.229	-9.74567e-05	-0.0191211	0	0	0	0	-3.75344e-05	-0.0191094	-9.74567e-05	-0.0191211	0	0	0	0	-3.75344e-05	-0.0191094	
52.3861	-9.69179e-05	-0.0190639	0	0	0	0	-3.73257e-05	-0.0190523	-9.69179e-05	-0.0190639	0	0	0	0	-3.73257e-05	-0.0190523	
52.5431	-9.63829e-05	-0.0190071	0	0	0	0	-3.71187e-05	-0.0189955	-9.63829e-05	-0.0190071	0	0	0	0	-3.71187e-05	-0.0189955	
52.7002	-9.58527e-05	-0.0189506	0	0	0	0	-3.69134e-05	-0.0189392	-9.58527e-05	-0.0189506	0	0	0	0	-3.69134e-05	-0.0189392	
52.8573	-9.53264e-05	-0.0188944	0	0	0	0	-3.67097e-05	-0.018883	-9.53264e-05	-0.0188944	0	0	0	0	-3.67097e-05	-0.018883	
53.0144	-9.48043e-05	-0.0188386	0	0	0	0	-3.65076e-05	-0.0188273	-9.48043e-05	-0.0188386	0	0	0	0	-3.65076e-05	-0.0188273	
53.1715	-9.42861e-05	-0.0187831	0	0	0	0	-3.63072e-05	-0.0187719	-9.42861e-05	-0.0187831	0	0	0	0	-3.63072e-05	-0.0187719	
53.3285	-9.37726e-05	-0.0187279	0	0	0	0	-3.61083e-05	-0.0187168	-9.37726e-05	-0.0187279	0	0	0	0	-3.61083e-05	-0.0187168	
53.4856	-9.32629e-05	-0.018673	0	0	0	0	-3.59111e-05	-0.0186621	-9.32629e-05	-0.018673	0	0	0	0	-3.59111e-05	-0.0186621	
53.6427	-9.27569e-05	-0.0186185	0	0	0	0	-3.57154e-05	-0.0186076	-9.27569e-05	-0.0186185	0	0	0	0	-3.57154e-05	-0.0186076	
53.7998	-9.22552e-05	-0.0185643	0	0	0	0	-3.55212e-05	-0.0185535	-9.22552e-05	-0.0185643	0	0	0	0	-3.55212e-05	-0.0185535	
53.9569	-9.17571e-05	-0.0185103	0	0	0	0	-3.53287e-05	-0.0184997	-9.17571e-05	-0.0185103	0	0	0	0	-3.53287e-05	-0.0184997	
54.1139	-9.12632e-05	-0.0184567	0	0	0	0	-3.51375e-05	-0.0184462	-9.12632e-05	-0.0184567	0	0	0	0	-3.51375e-05	-0.0184462	
54.271	-9.07735e-05	-0.0184034	0	0	0	0	-3.49479e-05	-0.018393	-9.07735e-05	-0.0184034	0	0	0	0	-3.49479e-05	-0.018393	
54.4281	-9.02869e-05	-0.0183505	0	0	0	0	-3.47598e-05	-0.0183401	-9.02869e-05	-0.0183505	0	0	0	0	-3.47598e-05	-0.0183401	
54.5852	-8.98044e-05	-0.0182978	0	0	0	0	-3.45732e-05	-0.0182875	-8.98044e-05	-0.0182978	0	0	0	0	-3.45732e-05	-0.0182875	
54.7423	-8.93256e-05	-0.0182454	0	0	0	0	-3.4388e-05	-0.0182352	-8.93256e-05	-0.0182454	0	0	0	0	-3.4388e-05	-0.0182352	
54.8993	-8.88508e-05	-0.0181933	0	0	0	0	-3.42042e-05	-0.0181832	-8.88508e-05	-0.0181933	0	0	0	0	-3.42042e-05	-0.0181832	
55.0564	-8.83791e-05	-0.0181416	0	0	0	0	-3.40219e-05	-0.0181315	-8.83791e-05	-0.0181416	0	0	0	0	-3.40219e-05	-0.0181315	
55.2135	-8.79115e-05	-0.0180901	0	0	0	0	-3.3841e-05	-0.0180801	-8.79115e-05	-0.0180901	0	0	0	0	-3.3841e-05	-0.0180801	
55.3706	-8.74474e-05	-0.0180389	0	0	0	0	-3.36615e-05	-0.018029	-8.74474e-05	-0.0180389	0	0	0	0	-3.36615e-05	-0.018029	
55.5277	-8.69869e-05	-0.017988	0	0	0	0	-3.34834e-05	-0.0179782	-8.69869e-05	-0.017988	0	0	0	0	-3.34834e-05	-0.0179782	
55.6847	-8.65294e-05	-0.0179373	0	0	0	0	-3.33066e-05	-0.0179276	-8.65294e-05	-0.0179373	0	0	0	0	-3.33066e-05	-0.0179276	
55.8418	-8.60761e-05	-0.017887	0	0	0	0	-3.31313e-05	-0.0178774	-8.60761e-05	-0.017887	0	0	0	0	-3.31313e-05	-0.0178774	
55.9989	-8.56259e-05	-0.017837	0	0	0	0	-3.29572e-05	-0.0178274	-8.56259e-05	-0.017837	0	0	0	0	-3.29572e-05	-0.0178274	
56.156	-8.51792e-05	-0.0177872	0	0	0	0	-3.27845e-05	-0.0177777	-8.51792e-05	-0.0177872	0	0	0	0	-3.27845e-05	-0.0177777	
56.313	-8.47359e-05	-0.0177377	0	0	0	0	-3.26131e-05	-0.0177283	-8.47359e-05	-0.0177377	0	0	0	0	-3.26131e-05	-0.0177283	
56.4701	-8.42959e-05	-0.0176884	0	0	0	0	-3.2443e-05	-0.0176791	-8.42959e-05	-0.0176884	0	0	0	0	-3.2443e-05	-0.0176791	
56.6272	-8.38592e-05	-0.0176395	0	0	0	0	-3.22742e-05	-0.0176302	-8.38592e-05	-0.0176395	0	0	0	0	-3.22742e-05	-0.0176302	
56.7843	-8.34259e-05	-0.0175908	0	0	0	0	-3.21067e-05	-0.0175816	-8.34259e-05	-0.0175908	0	0	0	0	-3.21067e-05	-0.0175816	
56.9414	-8.29958e-05	-0.0175424	0	0	0	0	-3.19404e-05	-0.0175333	-8.29958e-05	-0.0175424	0	0	0	0	-3.19404e-05	-0.0175333	
57.0984	-8.25689e-05	-0.0174942	0	0	0	0	-3.17755e-05	-0.0174852	-8.25689e-05	-0.0174942	0	0	0	0	-3.17755e-05	-0.0174852	
57.2555	-8.21453e-05	-0.0174463	0	0	0	0	-3.16117e-05	-0.0174374	-8.21453e-05	-0.0174463	0	0	0	0	-3.16117e-05	-0.0174374	
57.4126	-8.17248e-05	-0.0173987	0	0	0	0	-3.14492e-05	-0.0173899	-8.17248e-05	-0.0173987	0	0	0	0	-3.14492e-05	-0.0173899	
57.5697	-8.13074e-05	-0.0173514	0	0	0	0	-3.12879e-05	-0.0173425	-8.13074e-05	-0.0173514	0	0	0	0	-3.12879e-05	-0.0173425	
57.7268	-8.08931e-05	-0.0173043	0	0	0	0	-3.11279e-05	-0.0172955	-8.08931e-05	-0.0173043	0	0	0	0	-3.11279e-05	-0.0172955	
57.8838	-8.04819e-05	-0.0172574	0	0	0	0	-3.09689e-05	-0.0172487	-8.04819e-05	-0.0172574	0	0	0	0	-3.09689e-05	-0.0172487	
58.0409	-8.00738e-05	-0.0172108	0	0	0	0	-3.08112e-05	-0.0172022	-8.00738e-05	-0.0172108	0	0	0	0	-3.08112e-05	-0.0172022	
58.198	-7.96686e-05	-0.0171644	0	0	0	0	-3.06547e-05	-0.0171559	-7.96686e-05	-0.0171644	0	0	0	0	-3.06547e-05	-0.0171559	
58.3551	-7.92665e-05	-0.0171183	0	0	0	0	-3.04993e-05	-0.0171099	-7.92665e-05	-0.0171183	0	0	0	0	-3.04993e-05	-0.0171099	
58.5122	-7.88673e-05	-0.0170725	0	0	0	0	-3.0345e-05	-0.0170641	-7.88673e-05	-0.0170725	0	0	0	0	-3.0345e-05	-0.0170641	
58.6692	-7.84711e-05	-0.0170269	0	0	0	0	-3.0192e-05	-0.0170186	-7.84711e-05	-0.0170269	0	0	0	0	-3.0192e-05	-0.0170186	
58.8263	-7.80778e-05	-0.0169815	0	0	0	0	-3.004e-05	-0.0169732	-7.80778e-05	-0.0169815	0	0	0	0	-3.004e-05	-0.0169732	
58.9834	-7.76873e-05	-0.0169364	0	0	0	0	-2.98892e-05	-0.0169282	-7.76873e-05	-0.0169364	0	0	0	0	-2.98892e-05	-0.0169282	
59.1405	-7.72997e-05	-0.0168915	0	0	0	0	-2.97395e-05	-0.0168834	-7.72997e-05	-0.0168915	0	0	0	0	-2.97395e-05	-0.0168834	
59.2976	-7.69149e-05	-0.0168468	0	0	0	0	-2.95908e-05	-0.0168387	-7.69149e-05	-0.0168468	0	0	0	0	-2.95908e-05	-0.0168387	
59.4546	-7.65329e-05	-0.0168024	0	0	0	0	-2.94433e-05	-0.0167944	-7.65329e-05	-0.0168024	0	0	0	0	-2.94433e-05	-0.0167944	
59.6117	-7.61536e-05	-0.0167582	0	0	0	0	-2.92968e-05	-0.0167503	-7.61536e-05	-0.0167582	0	0	0	0	-2.92968e-05	-0.0167503	
59.7688	-7.57772e-05	-0.0167143	0	0	0	0	-2.91514e-05	-0.0167064	-7.57772e-05	-0.0167143	0	0	0	0	-2.91514e-05	-0.0167064	
59.9259	-7.54034e-05	-0.0166706	0	0	0	0	-2.9007e-05	-0.0166627	-7.54034e-05	-0.0166706	0	0	0	0	-2.9007e-05	-0.0166627	
60.083	-7.50324e-05	-0.0166271	0	0	0	0	-2.88637e-05	-0.0166193	-7.50324e-05	-0.0166271	0	0	0	0	-2.88637e-05	-0.0166193	
60.24	-7.46639e-05	-0.0165838	0	0	0	0	-2.87215e-05	-0.0165761	-7.46639e-05	-0.0165838	0	0	0	0	-2.87215e-05	-0.0165761	
60.3971	-7.42982e-05	-0.0165407	0	0	0	0	-2.85802e-05	-0.0165331	-7.42982e-05	-0.0165407	0	0	0	0	-2.85802e-05	-0.0165331	
60.5542	-7.3935e-05	-0.0164979	0	0	0	0	-2.84399e-05	-0.0164904	-7.3935e-05	-0.0164979	0	0	0	0	-2.84399e-05	-0.0164904	
60.7113	-7.35745e-05	-0.0164553	0	0	0	0	-2.83007e-05	-0.0164478	-7.35745e-05	-0.0164553	0	0	0	0	-2.83007e-05	-0.0164478	
60.8684	-7.32165e-05	-0.016413	0	0	0	0	-2.81625e-05	-0.0164055	-7.32165e-05	-0.016413	0	0	0	0	-2.81625e-05	-0.0164055	
61.0254	-7.2861e-05	-0.0163708	0	0	0	0	-2.80253e-05	-0.0163634	-7.2861e-05	-0.0163708	0	0	0	0	-2.80253e-05	-0.0163634	
61.1825	-7.25081e-05	-0.0163288	0	0	0	0	-2.7889e-05	-0.0163215	-7.25081e-05	-0.0163288	0	0	0	0	-2.7889e-05	-0.0163215	
61.3396	-7.21577e-05	-0.0162871	0	0	0	0	-2.77537e-05	-0.0162798	-7.21577e-05	-0.0162871	0	0	0	0	-2.77537e-05	-0.0162798	
61.4967	-7.18098e-05	-0.0162455	0	0	0	0	-2.76194e-05	-0.0162383	-7.18098e-05	-0.0162455	0	0	0	0	-2.76194e-05	-0.0162383	
61.6538	-7.14643e-05	-0.0162042	0	0	0	0	-2.7486e-05	-0.0161971	-7.14643e-05	-0.0162042	0	0	0	0	-2.7486e-05	-0.0161971	
61.8108	-7.11213e-05	-0.0161632	0	0	0	0	-2.73536e-05	-0.016156	-7.11213e-05	-0.0161632	0	0	0	0	-2.73536e-05	-0.016156	
61.9679	-7.07806e-05	-0.0161223	0	0	0	0	-2.72221e-05	-0.0161152	-7.07806e-05	-0.0161223	0	0	0	0	-2.72221e-05	-0.0161152	
62.125	-7.04423e-05	-0.0160816	0	0	0	0	-2.70915e-05	-0.0160745	-7.04423e-05	-0.0160816	0	0	0	0	-2.70915e-05	-0.0160745	
62.2821	-7.01065e-05	-0.0160411	0	0	0	0	-2.69618e-05	-0.0160341	-7.01065e-05	-0.0160411	0	0	0	0	-2.69618e-05	-0.0160341	
62.4392	-6.9773e-05	-0.0160008	0	0	0	0	-2.68331e-05	-0.0159939	-6.9773e-05	-0.0160008	0	0	0	0	-2.68331e-05	-0.0159939	
62.5962	-6.94417e-05	-0.0159607	0	0	0	0	-2.67053e-05	-0.0159539	-6.94417e-05	-0.0159607	0	0	0	0	-2.67053e-05	-0.0159539	
62.7533	-6.91128e-05	-0.0159208	0	0	0	0	-2.65783e-05	-0.0159141	-6.91128e-05	-0.0159208	0	0	0	0	-2.65783e-05	-0.0159141	
62.9104	-6.87862e-05	-0.0158812	0	0	0	0	-2.64523e-05	-0.0158744	-6.87862e-05	-0.0158812	0	0	0	0	-2.64523e-05	-0.0158744	
63.0675	-6.84618e-05	-0.0158417	0	0	0	0	-2.63271e-05	-0.015835	-6.84618e-05	-0.0158417	0	0	0	0	-2.63271e-05	-0.015835	
63.2246	-6.81396e-05	-0.0158024	0	0	0	0	-2.62028e-05	-0.0157958	-6.81396e-05	-0.0158024	0	0	0	0	-2.62028e-05	-0.0157958	
63.3816	-6.78198e-05	-0.0157633	0	0	0	0	-2.60793e-05	-0.0157567	-6.78198e-05	-0.0157633	0	0	0	0	-2.60793e-05	-0.0157567	
63.5387	-6.7502e-05	-0.0157244	0	0	0	0	-2.59568e-05	-0.0157178	-6.7502e-05	-0.0157244	0	0	0	0	-2.59568e-05	-0.0157178	
63.6958	-6.71865e-05	-0.0156857	0	0	0	0	-2.5835e-05	-0.0156792	-6.71865e-05	-0.0156857	0	0	0	0	-2.5835e-05	-0.0156792	
63.8529	-6.68731e-05	-0.0156472	0	0	0	0	-2.57141e-05	-0.0156407	-6.68731e-05	-0.0156472	0	0	0	0	-2.57141e-05	-0.0156407	
64.01	-6.65619e-05	-0.0156088	0	0	0	0	-2.5594e-05	-0.0156024	-6.65619e-05	-0.0156088	0	0	0	0	-2.5594e-05	-0.0156024	
64.167	-6.62529e-05	-0.0155707	0	0	0	0	-2.54747e-05	-0.0155644	-6.62529e-05	-0.0155707	0	0	0	0	-2.54747e-05	-0.0155644	
64.3241	-6.59459e-05	-0.0155328	0	0	0	0	-2.53563e-05	-0.0155264	-6.59459e-05	-0.0155328	0	0	0	0	-2.53563e-05	-0.0155264	
64.4812	-6.5641e-05	-0.015495	0	0	0	0	-2.52386e-05	-0.0154887	-6.5641e-05	-0.015495	0	0	0	0	-2.52386e-05	-0.0154887	
64.6383	-6.53381e-05	-0.0154574	0	0	0	0	-2.51218e-05	-0.0154512	-6.53381e-05	-0.0154574	0	0	0	0	-2.51218e-05	-0.0154512	
64.7953	-6.50373e-05	-0.01542	0	0	0	0	-2.50057e-05	-0.0154138	-6.50373e-05	-0.01542	0	0	0	0	-2.50057e-05	-0.0154138	
64.9524	-6.47386e-05	-0.0153828	0	0	0	0	-2.48905e-05	-0.0153766	-6.47386e-05	-0.0153828	0	0	0	0	-2.48905e-05	-0.0153766	
65.1095	-6.44418e-05	-0.0153457	0	0	0	0	-2.47761e-05	-0.0153396	-6.44418e-05	-0.0153457	0	0	0	0	-2.47761e-05	-0.0153396	
65.2666	-6.41471e-05	-0.0153088	0	0	0	0	-2.46623e-05	-0.0153028	-6.41471e-05	-0.0153088	0	0	0	0	-2.46623e-05	-0.0153028	
65.4237	-6.38543e-05	-0.0152721	0	0	0	0	-2.45494e-05	-0.0152661	-6.38543e-05	-0.0152721	0	0	0	0	-2.45494e-05	-0.0152661	
65.5807	-6.35635e-05	-0.0152356	0	0	0	0	-2.44372e-05	-0.0152297	-6.35635e-05	-0.0152356	0	0	0	0	-2.44372e-05	-0.0152297	
65.7378	-6.32746e-05	-0.0151993	0	0	0	0	-2.43259e-05	-0.0151934	-6.32746e-05	-0.0151993	0	0	0	0	-2.43259e-05	-0.0151934	
65.8949	-6.29877e-05	-0.0151631	0	0	0	0	-2.42151e-05	-0.0151572	-6.29877e-05	-0.0151631	0	0	0	0	-2.42151e-05	-0.0151572	
66.052	-6.27027e-05	-0.0151271	0	0	0	0	-2.41052e-05	-0.0151213	-6.27027e-05	-0.0151271	0	0	0	0	-2.41052e-05	-0.0151213	
66.2091	-6.24195e-05	-0.0150913	0	0	0	0	-2.3996e-05	-0.0150855	-6.24195e-05	-0.0150913	0	0	0	0	-2.3996e-05	-0.0150855	
66.3661	-6.21383e-05	-0.0150557	0	0	0	0	-2.38876e-05	-0.0150499	-6.21383e-05	-0.0150557	0	0	0	0	-2.38876e-05	-0.0150499	
66.5232	-6.18589e-05	-0.0150202	0	0	0	0	-2.37798e-05	-0.0150144	-6.18589e-05	-0.0150202	0	0	0	0	-2.37798e-05	-0.0150144	
66.6803	-6.15813e-05	-0.0149848	0	0	0	0	-2.36728e-05	-0.0149791	-6.15813e-05	-0.0149848	0	0	0	0	-2.36728e-05	-0.0149791	
66.8374	-6.13056e-05	-0.0149497	0	0	0	0	-2.35664e-05	-0.014944	-6.13056e-05	-0.0149497	0	0	0	0	-2.35664e-05	-0.014944	
66.9945	-6.10317e-05	-0.0149147	0	0	0	0	-2.34608e-05	-0.0149091	-6.10317e-05	-0.0149147	0	0	0	0	-2.34608e-05	-0.0149091	
67.1515	-6.07596e-05	-0.0148798	0	0	0	0	-2.33559e-05	-0.0148742	-6.07596e-05	-0.0148798	0	0	0	0	-2.33559e-05	-0.0148742	
67.3086	-6.04893e-05	-0.0148451	0	0	0	0	-2.32517e-05	-0.0148396	-6.04893e-05	-0.0148451	0	0	0	0	-2.32517e-05	-0.0148396	
67.4657	-6.02208e-05	-0.0148106	0	0	0	0	-2.31481e-05	-0.0148052	-6.02208e-05	-0.0148106	0	0	0	0	-2.31481e-05	-0.0148052	
67.6228	-5.99539e-05	-0.0147763	0	0	0	0	-2.30452e-05	-0.0147708	-5.99539e-05	-0.0147763	0	0	0	0	-2.30452e-05	-0.0147708	
67.7799	-5.96888e-05	-0.0147421	0	0	0	0	-2.2943e-05	-0.0147367	-5.96888e-05	-0.0147421	0	0	0	0	-2.2943e-05	-0.0147367	
67.9369	-5.94255e-05	-0.0147081	0	0	0	0	-2.28415e-05	-0.0147027	-5.94255e-05	-0.0147081	0	0	0	0	-2.28415e-05	-0.0147027	
68.094	-5.91639e-05	-0.0146742	0	0	0	0	-2.27406e-05	-0.0146689	-5.91639e-05	-0.0146742	0	0	0	0	-2.27406e-05	-0.0146689	
68.2511	-5.8904e-05	-0.0146405	0	0	0	0	-2.26404e-05	-0.0146352	-5.8904e-05	-0.0146405	0	0	0	0	-2.26404e-05	-0.0146352	
68.4082	-5.86457e-05	-0.0146069	0	0	0	0	-2.25408e-05	-0.0146016	-5.86457e-05	-0.0146069	0	0	0	0	-2.25408e-05	-0.0146016	
68.5653	-5.83891e-05	-0.0145735	0	0	0	0	-2.24419e-05	-0.0145683	-5.83891e-05	-0.0145735	0	0	0	0	-2.24419e-05	-0.0145683	
68.7223	-5.81342e-05	-0.0145402	0	0	0	0	-2.23436e-05	-0.0145351	-5.81342e-05	-0.0145402	0	0	0	0	-2.23436e-05	-0.0145351	
68.8794	-5.78809e-05	-0.0145071	0	0	0	0	-2.2246e-05	-0.014502	-5.78809e-05	-0.0145071	0	0	0	0	-2.2246e-05	-0.014502	
69.0365	-5.76292e-05	-0.0144742	0	0	0	0	-2.21489e-05	-0.014469	-5.76292e-05	-0.0144742	0	0	0	0	-2.21489e-05	-0.014469	
69.1936	-5.73791e-05	-0.0144414	0	0	0	0	-2.20526e-05	-0.0144363	-5.73791e-05	-0.0144414	0	0	0	0	-2.20526e-05	-0.0144363	
69.3507	-5.71306e-05	-0.0144087	0	0	0	0	-2.19568e-05	-0.0144037	-5.71306e-05	-0.0144087	0	0	0	0	-2.19568e-05	-0.0144037	
69.5077	-5.68837e-05	-0.0143762	0	0	0	0	-2.18616e-05	-0.0143712	-5.68837e-05	-0.0143762	0	0	0	0	-2.18616e-05	-0.0143712	
69.6648	-5.66384e-05	-0.0143438	0	0	0	0	-2.17671e-05	-0.0143388	-5.66384e-05	-0.0143438	0	0	0	0	-2.17671e-05	-0.0143388	
69.8219	-5.63946e-05	-0.0143116	0	0	0	0	-2.16731e-05	-0.0143066	-5.63946e-05	-0.0143116	0	0	0	0	-2.16731e-05	-0.0143066	
69.979	-5.61524e-05	-0.0142796	0	0	0	0	-2.15797e-05	-0.0142746	-5.61524e-05	-0.0142796	0	0	0	0	-2.15797e-05	-0.0142746	
70.1361	-5.59118e-05	-0.0142476	0	0	0	0	-2.1487e-05	-0.0142427	-5.59118e-05	-0.0142476	0	0	0	0	-2.1487e-05	-0.0142427	
70.2931	-5.56725e-05	-0.0142158	0	0	0	0	-2.13948e-05	-0.0142109	-5.56725e-05	-0.0142158	0	0	0	0	-2.13948e-05	-0.0142109	
70.4502	-5.54349e-05	-0.0141842	0	0	0	0	-2.13032e-05	-0.0141793	-5.54349e-05	-0.0141842	0	0	0	0	-2.13032e-05	-0.0141793	
70.6073	-5.51987e-05	-0.0141526	0	0	0	0	-2.12122e-05	-0.0141478	-5.51987e-05	-0.0141526	0	0	0	0	-2.12122e-05	-0.0141478	
70.7644	-5.4964e-05	-0.0141213	0	0	0	0	-2.11217e-05	-0.0141165	-5.4964e-05	-0.0141213	0	0	0	0	-2.11217e-05	-0.0141165	
70.9215	-5.47308e-05	-0.01409	0	0	0	0	-2.10318e-05	-0.0140853	-5.47308e-05	-0.01409	0	0	0	0	-2.10318e-05	-0.0140853	
71.0785	-5.44991e-05	-0.0140589	0	0	0	0	-2.09426e-05	-0.0140542	-5.44991e-05	-0.0140589	0	0	0	0	-2.09426e-05	-0.0140542	
71.2356	-5.42687e-05	-0.014028	0	0	0	0	-2.08538e-05	-0.0140233	-5.42687e-05	-0.014028	0	0	0	0	-2.08538e-05	-0.0140233	
71.3927	-5.40399e-05	-0.0139972	0	0	0	0	-2.07656e-05	-0.0139925	-5.40399e-05	-0.0139972	0	0	0	0	-2.07656e-05	-0.0139925	
71.5498	-5.38124e-05	-0.0139665	0	0	0	0	-2.06779e-05	-0.0139619	-5.38124e-05	-0.0139665	0	0	0	0	-2.06779e-05	-0.0139619	
71.7069	-5.35864e-05	-0.013936	0	0	0	0	-2.05909e-05	-0.0139314	-5.35864e-05	-0.013936	0	0	0	0	-2.05909e-05	-0.0139314	
71.8639	-5.33617e-05	-0.0139055	0	0	0	0	-2.05043e-05	-0.013901	-5.33617e-05	-0.0139055	0	0	0	0	-2.05043e-05	-0.013901	
72.021	-5.31384e-05	-0.0138753	0	0	0	0	-2.04183e-05	-0.0138707	-5.31384e-05	-0.0138753	0	0	0	0	-2.04183e-05	-0.0138707	
72.1781	-5.29166e-05	-0.0138451	0	0	0	0	-2.03328e-05	-0.0138406	-5.29166e-05	-0.0138451	0	0	0	0	-2.03328e-05	-0.0138406	
72.3352	-5.2696e-05	-0.0138151	0	0	0	0	-2.02478e-05	-0.0138106	-5.2696e-05	-0.0138151	0	0	0	0	-2.02478e-05	-0.0138106	
72.4923	-5.24769e-05	-0.0137852	0	0	0	0	-2.01634e-05	-0.0137807	-5.24769e-05	-0.0137852	0	0	0	0	-2.01634e-05	-0.0137807	
72.6493	-5.22591e-05	-0.0137554	0	0	0	0	-2.00795e-05	-0.013751	-5.22591e-05	-0.0137554	0	0	0	0	-2.00795e-05	-0.013751	
72.8064	-5.20426e-05	-0.0137258	0	0	0	0	-1.99961e-05	-0.0137214	-5.20426e-05	-0.0137258	0	0	0	0	-1.99961e-05	-0.0137214	
72.9635	-5.18274e-05	-0.0136962	0	0	0	0	-1.99132e-05	-0.0136919	-5.18274e-05	-0.0136962	0	0	0	0	-1.99132e-05	-0.0136919	
73.1206	-5.16136e-05	-0.0136669	0	0	0	0	-1.98308e-05	-0.0136626	-5.16136e-05	-0.0136669	0	0	0	0	-1.98308e-05	-0.0136626	
73.2776	-5.1401e-05	-0.0136376	0	0	0	0	-1.97489e-05	-0.0136333	-5.1401e-05	-0.0136376	0	0	0	0	-1.97489e-05	-0.0136333	
73.4347	-5.11898e-05	-0.0136085	0	0	0	0	-1.96676e-05	-0.0136042	-5.11898e-05	-0.0136085	0	0	0	0	-1.96676e-05	-0.0136042	
73.5918	-5.09798e-05	-0.0135795	0	0	0	0	-1.95867e-05	-0.0135752	-5.09798e-05	-0.0135795	0	0	0	0	-1.95867e-05	-0.0135752	
73.7489	-5.07711e-05	-0.0135506	0	0	0	0	-1.95063e-05	-0.0135464	-5.07711e-05	-0.0135506	0	0	0	0	-1.95063e-05	-0.0135464	
73.906	-5.05636e-05	-0.0135218	0	0	0	0	-1.94264e-05	-0.0135177	-5.05636e-05	-0.0135218	0	0	0	0	-1.94264e-05	-0.0135177	
74.063	-5.03574e-05	-0.0134932	0	0	0	0	-1.9347e-05	-0.013489	-5.03574e-05	-0.0134932	0	0	0	0	-1.9347e-05	-0.013489	
74.2201	-5.01525e-05	-0.0134647	0	0	0	0	-1.9268e-05	-0.0134605	-5.01525e-05	-0.0134647	0	0	0	0	-1.9268e-05	-0.0134605	
74.3772	-4.99488e-05	-0.0134363	0	0	0	0	-1.91895e-05	-0.0134321	-4.99488e-05	-0.0134363	0	0	0	0	-1.91895e-05	-0.0134321	
74.5343	-4.97463e-05	-0.013408	0	0	0	0	-1.91115e-05	-0.0134039	-4.97463e-05	-0.013408	0	0	0	0	-1.91115e-05	-0.0134039	
74.6914	-4.9545e-05	-0.0133799	0	0	0	0	-1.9034e-05	-0.0133758	-4.9545e-05	-0.0133799	0	0	0	0	-1.9034e-05	-0.0133758	
74.8484	-4.93449e-05	-0.0133518	0	0	0	0	-1.89569e-05	-0.0133478	-4.93449e-05	-0.0133518	0	0	0	0	-1.89569e-05	-0.0133478	
75.0055	-4.9146e-05	-0.0133239	0	0	0	0	-1.88803e-05	-0.0133199	-4.9146e-05	-0.0133239	0	0	0	0	-1.88803e-05	-0.0133199	
75.1626	-4.89483e-05	-0.0132961	0	0	0	0	-1.88042e-05	-0.0132921	-4.89483e-05	-0.0132961	0	0	0	0	-1.88042e-05	-0.0132921	
75.3197	-4.87517e-05	-0.0132684	0	0	0	0	-1.87285e-05	-0.0132644	-4.87517e-05	-0.0132684	0	0	0	0	-1.87285e-05	-0.0132644	
75.4768	-4.85564e-05	-0.0132408	0	0	0	0	-1.86532e-05	-0.0132368	-4.85564e-05	-0.0132408	0	0	0	0	-1.86532e-05	-0.0132368	
75.6338	-4.83622e-05	-0.0132133	0	0	0	0	-1.85784e-05	-0.0132094	-4.83622e-05	-0.0132133	0	0	0	0	-1.85784e-05	-0.0132094	
75.7909	-4.81691e-05	-0.0131859	0	0	0	0	-1.85041e-05	-0.0131821	-4.81691e-05	-0.0131859	0	0	0	0	-1.85041e-05	-0.0131821	
75.948	-4.79771e-05	-0.0131587	0	0	0	0	-1.84302e-05	-0.0131549	-4.79771e-05	-0.0131587	0	0	0	0	-1.84302e-05	-0.0131549	
76.1051	-4.77864e-05	-0.0131316	0	0	0	0	-1.83567e-05	-0.0131278	-4.77864e-05	-0.0131316	0	0	0	0	-1.83567e-05	-0.0131278	
76.2622	-4.75966e-05	-0.0131046	0	0	0	0	-1.82837e-05	-0.0131008	-4.75966e-05	-0.0131046	0	0	0	0	-1.82837e-05	-0.0131008	
76.4192	-4.74081e-05	-0.0130777	0	0	0	0	-1.82111e-05	-0.0130739	-4.74081e-05	-0.0130777	0	0	0	0	-1.82111e-05	-0.0130739	
76.5763	-4.72206e-05	-0.0130509	0	0	0	0	-1.81389e-05	-0.0130471	-4.72206e-05	-0.0130509	0	0	0	0	-1.81389e-05	-0.0130471	
76.7334	-4.70343e-05	-0.0130242	0	0	0	0	-1.80671e-05	-0.0130205	-4.70343e-05	-0.0130242	0	0	0	0	-1.80671e-05	-0.0130205	
76.8905	-4.6849e-05	-0.0129976	0	0	0	0	-1.79957e-05	-0.0129939	-4.6849e-05	-0.0129976	0	0	0	0	-1.79957e-05	-0.0129939	
77.0476	-4.66647e-05	-0.0129712	0	0	0	0	-1.79248e-05	-0.0129675	-4.66647e-05	-0.0129712	0	0	0	0	-1.79248e-05	-0.0129675	
77.2046	-4.64816e-05	-0.0129448	0	0	0	0	-1.78543e-05	-0.0129411	-4.64816e-05	-0.0129448	0	0	0	0	-1.78543e-05	-0.0129411	
77.3617	-4.62995e-05	-0.0129186	0	0	0	0	-1.77842e-05	-0.0129149	-4.62995e-05	-0.0129186	0	0	0	0	-1.77842e-05	-0.0129149	
77.5188	-4.61185e-05	-0.0128924	0	0	0	0	-1.77145e-05	-0.0128888	-4.61185e-05	-0.0128924	0	0	0	0	-1.77145e-05	-0.0128888	
77.6759	-4.59385e-05	-0.0128664	0	0	0	0	-1.76452e-05	-0.0128628	-4.59385e-05	-0.0128664	0	0	0	0	-1.76452e-05	-0.0128628	
77.833	-4.57596e-05	-0.0128404	0	0	0	0	-1.75763e-05	-0.0128369	-4.57596e-05	-0.0128404	0	0	0	0	-1.75763e-05	-0.0128369	
77.99	-4.55817e-05	-0.0128146	0	0	0	0	-1.75078e-05	-0.0128111	-4.55817e-05	-0.0128146	0	0	0	0	-1.75078e-05	-0.0128111	
78.1471	-4.54048e-05	-0.0127889	0	0	0	0	-1.74397e-05	-0.0127853	-4.54048e-05	-0.0127889	0	0	0	0	-1.74397e-05	-0.0127853	
78.3042	-4.52289e-05	-0.0127632	0	0	0	0	-1.7372e-05	-0.0127597	-4.52289e-05	-0.0127632	0	0	0	0	-1.7372e-05	-0.0127597	
78.4613	-4.5054e-05	-0.0127377	0	0	0	0	-1.73047e-05	-0.0127342	-4.5054e-05	-0.0127377	0	0	0	0	-1.73047e-05	-0.0127342	
